"subjID"	"a1"	"beta1"	"a2"	"beta2"	"pi"	"w"	"lambda"
110	0.560540602590915	2.85308459891266	0.0743069320146075	1.89191068873802	1.52977719866836	0.481737694236154	0.978047920042016
111	0.659259184157116	3.69267031698456	0.191072217195251	4.62794418564357	1.43768336790204	0.44838311024359	0.977528995815071
114	0.911973002544556	5.47056710392894	0.0660920234357887	4.25074415840478	0.126262743461244	0.281300234768445	0.978471658665767
116	0.321212244533939	3.0805735584401	0.440710097391983	1.33624581533739	1.48706455429392	0.494439245800229	0.977745012281158
117	0.572414553606552	2.63157410371621	0.762484430023833	1.47266646376712	0.420876230503233	0.451680922723856	0.978402326970893
119	0.603015532470467	3.77444914917282	0.181618988598906	2.66981410985295	0.757836127340101	0.411219115481867	0.977580580229434
120	0.889814355657593	5.73733623795509	0.0759377574421417	3.22146353390346	0.117863268166933	0.263291521281317	0.978463063838442
121	0.230665661746827	2.54775745149319	0.431929254189912	1.8306809695262	0.171779787732502	0.424253378589091	0.978159775198969
122	0.121445139143984	3.42038881052329	0.116995139600434	1.92689011121465	0.228888632769482	0.489469650824517	0.977829454129234
124	0.179281976636425	3.20828181157914	0.162021052840838	2.37525254910258	2.16442884288524	0.462103517491861	0.978057518087429
126	0.53693039647963	3.98857305996438	0.354266098547105	2.42721174264305	2.2662269296406	0.425167107779066	0.978187652021362
127	0.0714259747910358	7.45757844107489	0.167781893174497	4.33357590720302	0.838999185124446	0.297933509996694	0.977673782786801
128	0.41061658309209	6.03211873488403	0.0937512294901736	3.09772400316492	2.30514906137902	0.332557969834347	0.978183816642481
129	0.134319531885753	2.64830282392939	0.294793634391377	2.41115029329481	0.502253234299286	0.472611303905933	0.978013403387047
130	0.550690591107409	3.69368717568676	0.507280405473067	7.8020963788994	2.77372055687306	0.384517380645388	0.978089811959713
134	0.629078017690678	5.285948307146	0.343233969507288	1.73036289798939	0.803795928445387	0.542597956768916	0.978221505244026
135	0.151541259972803	3.70750269347271	0.0651730263028454	2.46741149873157	0.114722027851179	0.470060127786417	0.977879843822998
138	0.499464325526007	5.12890592838406	0.0576655716544555	2.50028790368937	1.11214508623579	0.328233738678397	0.978563570277508
139	0.663186239018204	3.54739715554469	0.415446275102398	1.96197607311208	0.674050077765234	0.428676980563467	0.978330694174301
140	0.21946126856809	5.46018238450576	0.116550170094269	5.74122793877133	0.119775135976101	0.485019319922546	0.977368221376198
142	0.130280189781451	3.20035441458407	0.669386365938163	1.65668021107334	3.09315288134799	0.494078527197235	0.978316054344356
143	0.420090805313772	6.72801006480193	0.735449226439406	3.21992133926939	1.07766488904994	0.690079692377282	0.97782817594588
144	0.945978862329388	5.59654346638195	0.293886009862112	4.00240704650743	0.374825385417872	0.272339507787001	0.979518470522672
146	0.491230093880606	3.8755287899241	0.322200018978763	2.90586756361043	1.24048211302549	0.466440603048771	0.977570419843224
148	0.292714129599541	2.45956210951935	0.246682866183616	1.89704164947406	1.04067405587947	0.42356484817572	0.978014447829928
150	0.349658822461187	4.14082069555949	0.556781654714352	3.33457305954466	2.56926622837158	0.502642598912902	0.977386394068947
151	0.363125947490994	4.68455693543026	0.192514953037824	3.94959590225755	1.64554900302629	0.316921923652094	0.977879568420073
152	0.043392764054455	7.80453889257371	0.105809253654069	4.08676730544983	0.83943985212636	0.293283938122816	0.977514273231204
153	0.137894171607571	4.97897435840787	0.662577202708814	4.55027469934908	1.98166110505647	0.273982530084892	0.977687393604652
154	0.671678660585263	4.33014445596833	0.500092070833465	2.30163414494807	0.557116602214004	0.421362055302721	0.978648662117193
156	0.348627124037774	6.58043691376054	0.118618409132776	5.60941895009659	1.93600311789256	0.316928057741848	0.977980243651886
159	0.290507965959953	3.88988818637033	0.432020112290172	1.6709460766927	0.583062608021257	0.478815766878466	0.977751168308539
160	0.119150332334915	2.94227553055113	0.156064982352027	3.19711170023231	0.923800829716412	0.462333215363781	0.977732349426469
161	0.162856344229432	3.31236797883212	0.0534452473591596	2.18132955521696	0.59523575678831	0.446083377057934	0.977984350031615
165	0.489550545969783	2.75412770660487	0.476341107599015	1.57365391500914	1.05388369770304	0.424848863638013	0.978274850153747
166	0.103999713181502	9.16818332362503	0.063885919275767	3.36257210984877	0.36027060438312	0.560379290727451	0.977496677620782
167	0.115326796406572	4.24245516290875	0.130836078232441	1.91581295895513	0.224741675224433	0.46930831511231	0.977736251765427
169	0.187638926941579	2.48624354233836	0.496438883650286	2.78761351166551	0.467132349437664	0.400610669597189	0.978106683558333
170	0.17068949385435	3.03544119775506	0.0631726628668496	2.03077971822718	0.0959438697537781	0.485817766972012	0.977589116171233
178	0.509021431622456	2.94177420857965	0.120475932848626	2.12005646548595	0.186812669449979	0.452590818408129	0.977947653057674
180	0.0511248122305632	3.499453506727	0.748812369569954	4.17591762584477	0.248532311132801	0.477022201330803	0.977889914977129
182	0.198699614927552	3.26644086840883	0.0732142278752462	1.99465501919232	1.18492423264844	0.434699440310703	0.977707046946958
183	0.190216804699418	3.56829836211644	0.177765814991433	4.21811635324567	0.472668342627706	0.439560704008809	0.977323246482745
184	0.124295857526662	3.52730527563317	0.326575774432888	1.80784754736881	0.391372017158755	0.355547901973447	0.978074024955592
187	0.248499293276272	3.4458504935871	0.0944384555126539	1.90973866970637	0.762197944505721	0.394029140750597	0.977780261617132
188	0.260158444357959	2.51645558950691	0.48253951570189	2.31973408084383	0.98762936768919	0.429578409662085	0.978081212350122
194	0.181341171244212	3.14118901318173	0.0697302587481061	2.60649825396138	0.417312231052785	0.403283008999485	0.977493126033517
195	0.363051652160108	3.30658975306012	0.164718094607579	2.29902946141902	0.496425522058392	0.423604520502029	0.977982750697818
199	0.222561454726057	2.57350203490962	0.340674403394902	3.43285276896229	1.0087510896496	0.448419762938165	0.977751748590933
203	0.746873886614682	7.32473771550438	0.266921406248882	2.74537040835247	1.12383152136451	0.297347991791671	0.978237452858156
206	0.135316558964351	2.86839068400593	0.154050917157942	2.7186054731774	0.620928821825419	0.478580699015941	0.978269300517295
207	0.304332228931164	2.80834831549128	0.137845628040301	1.79238655123279	1.25038756067476	0.465199690283751	0.97778356615597
208	0.332997569284998	3.46621014319765	0.207495405381941	5.70730950229275	0.36537414869187	0.357253833297053	0.978013389432751
210	0.445083740647766	4.08521580221656	0.193466207804366	2.60977540630125	0.427741687412919	0.453190650061183	0.977841879848885
211	0.0484570806016175	9.33759281090843	0.0253015609219395	2.30003447454861	0.451069131108202	0.259561935948897	0.978255163531493
212	0.302833675635283	5.47773009332082	0.752936847525076	1.98604642492372	0.42747944638016	0.210732671069036	0.977266191086232
213	0.130422383873081	4.04147799017242	0.193438803308784	2.81152301890671	0.628683271854939	0.344723996455468	0.978144351422716
217	0.165351533186353	2.83224950969372	0.580291093298787	2.01176685134279	0.187899677961266	0.336763053929509	0.977920718268373
220	0.165990668413794	3.14266685874013	0.0529389369007512	2.11988694417242	0.860872909778665	0.483864962195157	0.977794633553095
229	0.198666912205901	2.77995931571648	0.115433360593488	2.28743468057479	0.63849866704252	0.465963650040687	0.977621899410849
230	0.285708663748416	2.62549647952597	0.151627234676147	3.75154816837365	1.64304133615492	0.471754016201478	0.977968923946933
234	0.377826808526167	3.47918237628795	0.270518339475189	1.72499043133923	1.19632768958793	0.360024426281873	0.977653734207785
235	0.0673658716482811	5.37978124907903	0.380451406945421	1.66299326720558	1.59867669519487	0.274976934329387	0.977851142840681
238	0.27764237394571	2.64004664124411	0.494515496314216	1.64572897949509	1.23496122637653	0.394821796373992	0.977984568183951
240	0.846710739429936	3.74894686089209	0.279159250218731	2.26757260538247	0.633260433963989	0.35986359798906	0.978733508749797
241	0.126810049808275	3.11514610455589	0.168164094399307	2.34701231981127	0.171927564116891	0.424198914326926	0.977656402795216
248	0.284415979728847	3.94802165262225	0.259510170453454	4.6433000224242	0.515352414733552	0.433457913381656	0.977791872655689
250	0.238259529022915	5.58278866441199	0.729914860577299	1.47820300150392	2.02424570074861	0.618617104641574	0.977880639766822
260	0.192220664885347	2.6417285985962	0.142302880228463	2.16189099216369	0.306461733542175	0.475676469023923	0.977658068758476
263	0.296941588474854	2.91928646549986	0.140049136024049	2.03123440832185	0.498036980493028	0.52199110905769	0.977913549950078
264	0.121964981225543	3.86314709758869	0.100985294089966	1.92594390325677	0.443044447778871	0.48998083722185	0.977909141730001
270	0.323279707109041	2.68011811866866	0.173583740933646	1.81577116028032	0.568383890656819	0.440960495303224	0.977858233440866
271	0.0776781537019992	3.10604973606621	0.175717662791532	2.4430394999592	1.28856921052357	0.426640002301211	0.977825942250525
273	0.708150884189022	2.72818934011104	0.702758443780348	2.68367162316392	0.853052139429166	0.385622597407499	0.978437270760743
274	0.119023713726498	3.19516320532373	0.370866976272025	1.98816073330901	2.20902701609989	0.410744354095165	0.977952869047131
275	0.672816976981722	5.77223281322629	0.326725216147803	2.79938667970308	0.610834597272139	0.307435761382465	0.978220594283843
281	0.440515111444002	3.13194671882019	0.649981900612539	1.67848739309541	1.41697865321657	0.32037707379838	0.977824666613719
290	0.113675037095772	2.84560982790792	0.420149096355624	1.63541874051247	1.55206813890422	0.340163105310269	0.977894095951912
291	0.754589817834715	3.95984531083996	0.150627235743969	1.94663485184763	0.281042499812943	0.355065482828818	0.978574467116947
292	0.648135614864423	5.00297767417143	0.550576625485548	3.59061669522774	1.24175369681633	0.325285732336348	0.978705137872029
293	0.149797587887049	3.54442892761361	0.657767246705847	2.04497224014609	1.67589460926163	0.405584204839788	0.978232190709553
294	0.249220602226306	3.28365939844892	0.718196339738358	3.83431193901465	3.14507509429529	0.491869902844933	0.978414659878803
296	0.267953427746138	2.79007819662436	0.214229014727679	1.83691271897757	0.536666043512064	0.50040227835477	0.977745075853607
298	0.335636498137592	7.17677246360718	0.103183645719257	3.69793215320995	2.23469055082997	0.348363298605899	0.977889735798085
299	0.499072741939013	2.65776733660839	0.456118244967647	4.07993556985432	2.00165239124889	0.406721514874392	0.978422138680094
300	0.0343611047110559	6.10376326234083	0.106000760683407	2.15988818857989	1.03892561308842	0.317963670526871	0.977418108172823
301	0.105020001288296	2.61347801539784	0.612610233551142	1.89822352811468	1.58931362619172	0.390415852769279	0.977792763503691
302	0.118653796664045	2.15113975090043	0.773923115805556	3.23975373368202	0.469722817025562	0.268995476293254	0.977815032377706
303	0.756769936425956	5.04986691714396	0.477553684560073	4.60774880639983	1.8633134938236	0.340489292108536	0.977571071357947
308	0.823389684813551	3.4789774707135	0.390858821731333	1.93291150236319	0.287551545545777	0.329983489755477	0.977695400027045
311	0.740331312262132	3.71624977386585	0.603994279289047	3.02751637549616	0.666576826113702	0.342210688443076	0.978421914239795
312	0.174641645077023	4.54291000812256	0.798169451720808	2.41260565450397	0.922605070341826	0.642967788073129	0.97759028158054
313	0.133285683238871	4.40337096384955	0.754227519147513	2.33490293008483	0.916633106456018	0.437093324593004	0.97821237050306
314	0.187723614244153	5.63976515347246	0.876773486813782	2.53131815958595	1.04683110567178	0.700390334026396	0.977664031128933
315	0.751407291505909	2.83069834094757	0.10473565177401	2.06557441637202	1.47013081966189	0.425284790916411	0.978149760113536
316	0.888417203579595	3.65132297005088	0.251813912013852	2.63432210119203	0.124321024417363	0.349116945079685	0.978321836052849
319	0.394200113637456	4.30191871319837	0.137381479080897	2.9616588914054	1.25476168653116	0.329410661855659	0.978226179383334
321	0.0932795277542781	3.01415487543164	0.129232107026171	2.04136293433148	0.669459225419942	0.463760841572648	0.977913190462042
331	0.85382750164175	3.63214163805085	0.103462567796674	2.19372920047033	0.385501571880016	0.438579201612772	0.977735873314896
333	0.4921616718718	8.02928525121068	0.959525653869311	4.8728861371358	0.750500437363559	0.752037291644345	0.977947839125888
335	0.179993732273186	2.45650173951636	0.577993805412102	2.35972153889514	0.782854196917056	0.447143456895698	0.977567132524765
337	0.598201393621834	4.85944095354774	0.0774735575391895	5.60397122019786	1.90670042273903	0.363758450904992	0.97830058516046
338	0.23944153142928	3.12662411492997	0.669684233044078	2.48461794627777	2.4513537327178	0.399182302289233	0.977910653453646
339	0.125067627811023	4.02220838796087	0.183335647224742	3.15773536355416	1.24394088219687	0.428369268886508	0.978041281215118
344	0.223454111983468	2.93693342768347	0.125876578309334	1.9380415894901	0.108834041990801	0.494088747049796	0.977625539019127
345	0.1684674968006	3.11125775247725	0.607093406643302	2.33728966062824	1.12080544090257	0.459890165746337	0.97806501204003
348	0.716345747618963	4.46716794200807	0.212125104496601	1.83169652044911	1.13504475169662	0.375998006447675	0.978274782076834
349	0.742398131184085	4.15351345194972	0.250112636733492	2.32883536070232	0.754055169895481	0.337732824527016	0.978482349982436
350	0.903451995798658	3.40998939130506	0.14272837506844	2.73600323334601	0.270691529542986	0.375352116863192	0.978463112416782
353	0.112979261373473	3.33066992762396	0.0605346611066524	2.04172976270197	0.199294770123057	0.417759353256024	0.977884835900863
356	0.355763874145249	2.62748538205997	0.489665745234604	2.2744787699529	1.56540894918064	0.376369171982488	0.977602506198543
357	0.150448840129951	4.14580872930427	0.321555294933008	3.90039340533853	0.341280717286645	0.3648927357943	0.977736158542671
358	0.256703044636859	5.5340806074241	0.838017372350983	2.4410632522203	1.06701135451047	0.70700370250986	0.978318060166548
359	0.274379792908757	3.29319703416676	0.577895663220799	2.15792261435468	0.773783782006418	0.453868093448678	0.977936592466346
360	0.49027132747243	4.84109108391456	0.468348614988479	2.06778366826436	2.07675633768247	0.504787162806833	0.978397462971298
364	0.225499578085218	2.66653829469232	0.206910747869089	2.98309061731343	1.57798440112335	0.457167400458268	0.977970307638527
