"subjID"	"a1"	"beta1"	"a2"	"beta2"	"pi"	"w"	"lambda"
110	0.513730965107887	2.23995600313481	0.115454088109335	1.82426540503751	1.02310803591161	0.523743197843315	0.986653962210864
111	0.749567315528639	5.25216422774127	0.163281428861088	3.61420536263778	1.34996029578319	0.512329328659327	0.985940175644175
114	0.938082225226374	5.71612023462017	0.0367781213510778	6.87051608223914	0.0553275599991083	0.282104933422603	0.987047693794021
116	0.105370395264123	4.89241469396558	0.618836105052889	1.76227112013049	1.40641194856556	0.474785151256758	0.986338765198445
117	0.883873066571186	4.81107125736418	0.6456068691972	2.09633997175212	0.296169492810426	0.439900899308978	0.987006816345625
119	0.887436844497936	4.11474236141147	0.174718346398683	2.32574362885601	0.858966697816701	0.408902502577234	0.986372205192755
120	0.922345832481115	6.15537291080442	0.021278343743144	5.60572819654602	0.0534652293397504	0.296596226000371	0.986628210303396
121	0.19018865246203	2.45807220204612	0.465603272331324	1.69441228647802	0.141905243559973	0.466799335299614	0.98657377000291
122	0.0115672744407103	18.5895907738056	0.0272231531820616	2.02931667851514	0.197569532465051	0.381870600725138	0.986503533452223
124	0.0749278028454607	3.9667805576689	0.0667220922928345	3.99281367459459	2.02879304908744	0.398967205582598	0.986178583122997
126	0.562452259972598	3.97790279255123	0.620305930558777	2.3808733259807	2.33211451647452	0.562586381644933	0.986657976938197
127	0.11840354143318	5.09666300407411	0.0568301914999404	4.02144350545556	1.01438556773085	0.450896841270415	0.986029488553803
128	0.41889530642339	3.79211807404849	0.492043132401993	1.75913502267606	3.00276343486635	0.471198044187124	0.986472761248607
129	0.162907442260178	3.04239375664187	0.0630917121827088	4.00883581033067	0.79629537633513	0.530305123359856	0.986338548637222
130	0.744996685385055	3.54260084000916	0.430801992091847	7.36403821922072	2.82896894160104	0.33434211165118	0.986807593257894
134	0.476929702805457	3.20420326508907	0.737112715483946	1.40497685107956	1.09484500314077	0.544835567781336	0.986579409569895
135	0.149199690346959	3.37827239970596	0.0550349942628609	2.91916092539059	0.129885331160198	0.542714209180644	0.986642600243401
138	0.596560850214684	5.8523613606777	0.0283161830182001	5.02357750033444	1.79726077461499	0.411597199294868	0.986644425320049
139	0.371566556681533	5.26475348311628	0.742485309866958	2.30610819372924	0.961129418916138	0.691513176899961	0.986541613760635
140	0.210065924037698	4.34934463283443	0.082866165195005	3.9329037426541	0.0317490252549678	0.546248370161964	0.986464599051594
142	0.143880907843204	2.84307453902967	0.816342044806596	1.77251801272657	3.53418224193482	0.501947603270713	0.986581365138488
143	0.392082427500997	7.95871225818476	0.599928531083476	2.75991699423392	1.2287300697322	0.659925765201925	0.986555352967962
144	0.96304421041254	5.91440722274817	0.0255853134816741	17.1442026793693	0.0762476656876896	0.332922730622649	0.986889754854793
146	0.67682386635023	4.26502781031645	0.211098401060005	3.1720181260766	0.954357059598699	0.515422694502823	0.986242027594098
148	0.230719676745624	2.6567261279566	0.247438464896488	2.10293033884861	1.23013374700579	0.468140896904973	0.98658355249845
150	0.0766805207963054	5.83545294053771	0.0534233337009746	9.38882705906793	3.14924015141157	0.427334087691435	0.986569458427252
151	0.551477812346755	5.0814158242031	0.0732943817715003	4.18958249601007	1.36064884385036	0.386259049654825	0.986718990977365
152	0.0463292827895588	9.72943990107941	0.080077050180828	4.18233654018263	1.12233062747449	0.419892299349729	0.986460560380997
153	0.070967505754762	5.20027258077235	0.683758063218273	4.50144782332333	1.32434600361391	0.269607226123603	0.986390456500991
154	0.952288637442097	3.94640926882879	0.208041868133746	2.48910956444057	0.527453024660164	0.322162143256034	0.987175761039028
156	0.37906883041512	8.67631359131755	0.213532869716079	6.89268532389046	1.65385218062976	0.347754266344575	0.986621951951392
159	0.492021214968626	3.25490516367644	0.31464924525875	1.52885570014662	0.683827769312204	0.370857087204928	0.986502794923936
160	0.0798481721316288	2.82551586800267	0.0464776352246526	4.14052167558884	0.852233837725347	0.511727756365769	0.986264326782439
161	0.538934246063665	1.84582458356228	0.118498522537522	2.06775675343781	0.655494474072497	0.482292161871383	0.986456785733951
165	0.960833109065997	4.12001022126561	0.114332637072023	1.92367487225742	0.670176400723511	0.352884479254522	0.986806268105085
166	0.0602800941074459	14.2524964158	0.0389474543542645	3.22236504716677	0.150697966707792	0.668549422962088	0.986348709036853
167	0.0636373803243367	5.36934455197429	0.0343250327053334	2.3747744761137	0.188107621975862	0.422053119704727	0.9862075049289
169	0.268091134734239	2.11434891860188	0.286544514854281	3.25317481550959	0.3218711047603	0.444031867740838	0.986594184932183
170	0.0759045756758441	2.83304199720971	0.0532676428566083	2.6169446707761	0.0506185032179545	0.498830383245151	0.986615731364485
178	0.850119406293298	3.15238113916942	0.0753169198366256	2.43844861238997	0.115988078119077	0.450521189657249	0.98666141847529
180	0.0527841694396986	3.25453007723301	0.624555363015012	2.99090753567754	0.620816641930348	0.366999370396813	0.98652072435607
182	0.216285324934436	3.64441154062532	0.0135890824379013	2.70239661256477	1.10580715906032	0.49099440796637	0.986142106409834
183	0.197374585733984	3.90304943980513	0.115139647104106	3.74875409983309	0.542073194829196	0.484331783645007	0.98609358700673
184	0.134807673191989	2.53461306383402	0.185871394217323	1.93698030711194	0.671566669614055	0.431589434196661	0.986416985591354
187	0.429134464017163	2.71070961268101	0.0770244617726049	2.05853624324036	0.593064112041511	0.451464043576865	0.986236911751539
188	0.450241127271165	2.0599714059545	0.0508709544684429	5.32417942537572	1.246831700139	0.50917693238634	0.9865906392637
194	0.148533645781472	2.19747268221259	0.0115683728499855	10.7176364248527	0.628785039138375	0.506106163527037	0.986695340198946
195	0.733931278696045	3.06136752372592	0.0281935649490448	4.27778214735026	0.158668121181745	0.477280306719147	0.98647455229542
199	0.376474541475359	2.05479999508887	0.204938503393196	5.21127955457211	1.14764092583601	0.460474259275781	0.986340678152892
203	0.694036014436457	3.75853314415194	0.321137241297307	1.8873240403145	1.20702818074318	0.378520076544655	0.986802870564149
206	0.522802317914929	2.54956912687376	0.143818364688057	2.99031243293815	0.981551164564944	0.435833551653752	0.98628867265885
207	0.345353653906741	2.86012497320057	0.0985566909836674	2.04835939023063	0.524966851834368	0.485926378838623	0.986386526514815
208	0.131569438689283	4.95993029533272	0.332435324952163	5.26566299502257	0.72194459270902	0.347647187390535	0.9867728459058
210	0.366830747273488	8.05944188572346	0.180061016270148	3.52174263199523	0.49966504229537	0.457964612008145	0.986372151032064
211	0.0137375963623646	13.1538005311852	0.00627046528448698	17.8019784926264	0.658451365367703	0.334177718123259	0.986683458973956
212	0.151418191281198	7.83972407636422	0.0400172249425466	5.23084812581472	0.700709473936462	0.662039676723099	0.98579141852305
213	0.0252299496815759	6.66225684527415	0.125360453222441	2.41744843901452	0.353466977496533	0.418545259992492	0.986549489628949
217	0.300446740336272	2.16146252144254	0.646172225997368	1.69318011673547	0.60632515217697	0.327641318080163	0.986524685848792
220	0.0411131043499267	16.6543424173518	0.0509635811072999	3.1325581111394	1.07817802904214	0.434362608594258	0.986191846033553
229	0.106018347223939	2.78474338299612	0.0330494496790057	2.40842771837743	0.588680681039118	0.510329206674977	0.986255341321578
230	0.400283417701169	2.03630645270666	0.165407184060318	5.29698814354484	2.05365467266184	0.480543269591058	0.98642768686315
234	0.159721696403254	4.67930010533532	0.144614024959617	1.97264209227777	1.01931620902277	0.391592745123426	0.986178084828782
235	0.0162660577128058	9.27436198964253	0.0118171869130584	2.78887224035316	0.814549064845947	0.345311386534562	0.986746490676977
238	0.118735473264632	8.72081075504284	0.216725169826794	1.91648265897307	1.13687268791494	0.388484618279902	0.986457054576109
240	0.72489992137343	2.80160872821947	0.402844920843293	2.37941560257846	0.695132659746965	0.446263122318531	0.986939330181045
241	0.0743825899108839	2.52939715673421	0.165258586683751	2.63158494706253	0.069007635727831	0.451398797792973	0.986273670512891
248	0.0609039991642182	7.46524704284616	0.590464148243857	4.6454465784542	0.599739000560918	0.394338097399419	0.986241130972134
250	0.335178532916394	3.34239516273119	0.134856802252697	3.38064982644094	2.59149307128833	0.520084712896721	0.986150681161987
260	0.0896053812398285	2.77595179994219	0.0673860832023109	1.88081274133328	0.13437420588209	0.516565467055871	0.98642770382595
263	0.198573871843827	2.47895802396776	0.0861747419958514	2.10989372482337	0.991453454881615	0.539495330137582	0.986367428053265
264	0.14451542923079	3.35148431297461	0.0111864923534881	3.21304766052047	0.415774917372961	0.51672745557039	0.986470378652388
270	0.552923861815222	1.98910839155172	0.570103869035536	2.28971479439498	0.444691651469574	0.341048959944463	0.986454750180293
271	0.114631438184589	3.01065830888756	0.0581806728624551	4.07846850893764	1.42174513501006	0.484524727576843	0.986431780699819
273	0.816608506582193	3.15033353499406	0.548326228192732	3.38304902935981	1.07238216865771	0.272527588556401	0.986991879903969
274	0.245565294938394	3.08558206253041	0.352188966411497	4.38235382636421	3.02873950476887	0.468371989478213	0.986452654184591
275	0.691706545153201	6.1907971754181	0.387003559523867	3.72030225697938	0.306876679219389	0.274214166873855	0.987192699298912
281	0.389449871354026	2.5565297039715	0.734123981703078	1.7183789122329	1.53958899454295	0.404938701467229	0.986263937206125
290	0.390021625295349	2.72713491070666	0.167053931277668	2.2654979216981	1.34310965517962	0.446981707592424	0.986375885830162
291	0.822791361217996	3.72988691405908	0.472340651564901	1.58425480353738	0.97270576793952	0.369234986934986	0.986886709596026
292	0.470675686659973	8.25496423512936	0.632330302553291	3.95768547212237	1.3947392920184	0.58694522432613	0.986746145157629
293	0.293521885794413	2.61087117130111	0.671144488802421	2.35025783121997	2.15664761042514	0.471924799627518	0.986476535854024
294	0.19899915582117	5.73410253813714	0.595958971261988	4.92685726251111	3.59043065183661	0.51899950370139	0.986755500034154
296	0.307975429362414	2.03147096327967	0.451529023557708	1.34403796085031	0.475309332648776	0.476104581240332	0.986318491960181
298	0.234698216858738	19.8988313589898	0.32698437923293	4.26159776354548	1.2074636537362	0.64600460459108	0.986293503049195
299	0.666135162159474	2.35098838441905	0.485709497069446	3.70881012084538	2.24156659845742	0.394289775453408	0.98682046838094
300	0.0180704036708366	13.9241024221157	0.195749097108878	1.37584042656611	0.934821627754556	0.314248812642443	0.986597159586525
301	0.153653281963809	3.10316939149993	0.437685975695449	2.24413160564898	1.48148720649756	0.344624825067965	0.986580250203789
302	0.131410692565165	1.611897551705	0.571495909859118	3.33969525601448	0.753089639959741	0.415812316141523	0.986377741633294
303	0.362254422341082	5.83998404443864	0.437651759713621	6.07275743039054	2.16633438709244	0.649474197173714	0.986493829832656
308	0.904969542543747	2.80132615384929	0.444128451604582	2.73342916305325	0.548288081381708	0.324289884080289	0.986958337376019
311	0.820109979515405	4.50991736946097	0.550872458903881	3.96063729990062	0.963474503510047	0.496683836509838	0.986598464055025
312	0.814990470704613	4.25161594976083	0.590657552372279	3.14002578677884	1.45556442297639	0.494146831917575	0.98677971620679
313	0.0386627379276813	8.10548954094476	0.775334083950337	2.79080679171597	0.869445841770341	0.485978369935502	0.986263812830819
314	0.192368519188342	4.853110386681	0.917046143138207	2.26761563572634	1.04760241083715	0.695128232546282	0.98627220127637
315	0.935086919564432	3.10996073479639	0.0350414750800414	2.55907238039763	0.351612949807147	0.463050044658092	0.986520784043648
316	0.919708556415122	3.65926003602952	0.034245174900948	4.82939078649051	0.107343825583879	0.375739656024613	0.986536964946581
319	0.75573063660166	3.79880600248696	0.0488517621618284	3.54642334059703	1.34596092255389	0.503413605097399	0.986410144497091
321	0.19816116686647	3.43279614562559	0.0166769029235936	7.16168735425289	0.632716161009876	0.503174171038396	0.986234250867552
331	0.903929342433607	5.13377149335965	0.260845601872829	1.40151324466821	0.381431149243881	0.352482907005357	0.986413049014208
333	0.439822689506109	10.9903468483908	0.799182165761668	3.24191945882414	1.18140788110104	0.713413656756577	0.986315267837126
335	0.285880026743644	1.95959242574154	0.632401758417455	2.40064005187162	1.09121294071792	0.456473532973251	0.986583698557152
337	0.558743122565965	6.22848671104205	0.311493971380187	3.4704998511403	2.37408399138374	0.454554451791544	0.986748974622903
338	0.204174772558566	2.67052645774174	0.179678284649377	2.01107737856851	2.11337375213382	0.394264772334447	0.986224713971593
339	0.121299059893863	3.87016909199203	0.254519359972043	2.58828490521345	1.44745499991412	0.491787443765286	0.986187326167852
344	0.268940858934436	2.4118006765948	0.198318454895682	1.61487218371202	0.0968344486446239	0.518922255639235	0.98648499943517
345	0.0578950323368272	3.76993078117562	0.59033190363718	2.58108037348395	0.995664272479501	0.461189390800234	0.986487080418304
348	0.366693091420469	7.35865927463508	0.0435477004382532	3.51680638277784	1.6443369838603	0.511194185939031	0.986616335464785
349	0.841177363560577	3.10755131403159	0.291329221350844	2.67087315869465	1.35817298936658	0.347908126706367	0.986953803635629
350	0.974323801096951	4.41431896380987	0.109634232909075	2.34381771027276	0.0821881364689994	0.336810096617977	0.98716820264596
353	0.0654830908770421	2.92916233100333	0.0362792778644473	2.7028118389389	0.158281440349486	0.489191250648275	0.986158140108668
356	0.559063028667332	2.61525203211224	0.534482182381561	2.71017085401157	1.68832163065591	0.394075117581069	0.986568070800631
357	0.259660699792762	4.56414796795605	0.173853626935271	4.40503342040716	0.735770224320604	0.48555682447646	0.986201634630385
358	0.412051601507071	7.52588555544118	0.7865566209801	2.63221270785869	1.38682602479143	0.744437725111437	0.986425375876779
359	0.190748993926453	3.33068286400042	0.660929258695226	1.20956569961104	0.563414174211104	0.456517561340933	0.986491919984505
360	0.44290546898824	4.12442359849482	0.674204738979247	1.93829533039598	2.04958649869441	0.514570464377362	0.986775508840168
364	0.268018237715781	2.57990957788186	0.465019737472622	2.84009120045464	2.13670165478989	0.495217679190194	0.986390340315841
