Mon Mar  5 15:04:49 2018	
110	0	1	step_1_no_load	1	2	1	984	
110	0	1	step_2_no_load	3	4	0.594299910136	0.457620150462	3	784	1	
110	0	2	step_1_no_load	1	2	1	811	
110	0	2	step_2_no_load	3	4	0.610961032466	0.474613197709	3	594	1	
110	0	3	step_1_no_load	1	2	1	425	
110	0	3	step_2_no_load	3	4	0.589215227351	0.476767372206	4	413	1	
110	0	4	step_1_no_load	1	2	1	829	
110	0	4	step_2_no_load	3	4	0.564086293706	0.478607661228	3	716	0	
110	0	5	step_1_no_load	1	2	1	428	
110	0	5	step_2_no_load	3	4	0.576104915614	0.495568760483	3	316	1	
110	0	6	step_1_no_load	1	2	1	371	
110	0	6	step_2_no_load	5	6	0.490454120702	0.585722686883	6	1037	1	
110	0	7	step_1_no_load	1	2	1	774	
110	0	7	step_2_no_load	5	6	0.506408070053	0.568656746487	6	1020	0	
110	0	8	step_1_no_load	1	2	1	592	
110	0	8	step_2_no_load	3	4	0.624210374623	0.489816616396	3	980	1	
110	0	9	step_1_no_load	1	2	1	305	
110	0	9	step_2_no_load	3	4	0.641106877158	0.496546708465	3	476	1	
110	0	10	step_1_no_load	1	2	1	383	
110	0	10	step_2_no_load	3	4	0.636063269715	0.482364178155	4	462	1	
110	0	11	step_1_no_load	1	2	1	308	
110	0	11	step_2_no_load	3	4	0.609191465743	0.477013315682	4	530	0	
110	0	12	step_1_no_load	1	2	2	293	
110	0	12	step_2_no_load	5	6	0.597131918027	0.682786328054	5	466	0	
110	0	13	step_1_no_load	1	2	2	336	
110	0	13	step_2_no_load	3	4	0.558313135925	0.52012981853	3	309	0	
110	0	14	step_1_no_load	1	2	2	300	
110	0	14	step_2_no_load	5	6	0.611256675753	0.629137942344	5	595	0	
110	0	15	step_1_no_load	1	2	2	345	
110	0	15	step_2_no_load	3	4	0.570419113221	0.505377237737	4	106	0	
110	0	16	step_1_no_load	1	2	2	622	
110	0	16	step_2_no_load	5	6	0.626326396372	0.628091198119	5	482	1	
110	0	17	step_1_no_load	1	2	2	710	
110	0	17	step_2_no_load	5	6	0.643116883134	0.633350170016	5	572	0	
110	0	18	step_1_no_load	1	2	2	668	
110	0	18	step_2_no_load	5	6	0.626895526976	0.626834332012	6	380	1	
110	0	19	step_1_no_load	1	2	2	360	
110	0	19	step_2_no_load	5	6	0.644773170243	0.619895761657	5	439	1	
110	0	20	step_1_no_load	1	2	2	514	
110	0	20	step_2_no_load	3	4	0.491720931314	0.478025448397	3	237	1	
110	0	21	step_1_no_load	1	2	2	337	
110	0	21	step_2_no_load	3	4	0.470207377245	0.49769376036	3	613	1	
110	0	22	step_1_no_load	1	2	1	279	
110	0	22	step_2_no_load	3	4	0.468700882609	0.506100011497	3	777	1	
110	0	23	step_1_no_load	1	2	1	331	
110	0	23	step_2_no_load	5	6	0.604065470975	0.640163623731	6	471	1	
110	0	24	step_1_no_load	1	2	1	363	
110	0	24	step_2_no_load	3	4	0.503316199018	0.505388876622	4	668	0	
110	0	25	step_1_no_load	1	2	1	469	
110	0	25	step_2_no_load	3	4	0.503605105412	0.503316372362	3	962	0	
110	0	26	step_1_no_load	1	2	1	876	
110	0	26	step_2_no_load	3	4	0.532884212818	0.511744353778	3	434	0	
110	0	27	step_1_no_load	1	2	1	1205	
110	0	27	step_2_no_load	3	4	0.54756089792	0.507272671939	3	650	1	
110	0	28	step_1_no_load	1	2	1	523	
110	0	28	step_2_no_load	3	4	0.553259388875	0.520177259699	3	595	1	
110	0	29	step_1_no_load	1	2	1	358	
110	0	29	step_2_no_load	3	4	0.561957580386	0.521159009103	4	581	0	
110	0	30	step_1_no_load	1	2	1	501	
110	0	30	step_2_no_load	3	4	0.574272497114	0.4919199548	4	493	1	
110	0	31	step_1_no_load	1	2	1	1241	
110	0	31	step_2_no_load	3	4	0.541819886458	0.483156722265	4	1309	0	
110	0	32	step_1_no_load	1	2	1	387	
110	0	32	step_2_no_load	5	6	0.605616211083	0.634585171267	6	864	1	
110	0	33	step_1_no_load	1	2	1	496	
110	0	33	step_2_no_load	3	4	0.542309898544	0.487664344039	4	92	1	
110	0	34	step_1_no_load	1	2	2	306	
110	0	34	step_2_no_load	5	6	0.670290552209	0.575802910074	5	1248	1	
110	0	35	step_1_no_load	1	2	1	614	
110	0	35	step_2_no_load	3	4	0.594167768198	0.491437207585	4	409	0	
110	0	36	step_1_no_load	1	2	1	357	
110	0	36	step_2_no_load	5	6	0.661229326326	0.527635087561	5	465	1	
110	0	37	step_1_no_load	1	2	2	401	
110	0	37	step_2_no_load	5	6	0.660658056664	0.513822304161	5	395	1	
110	0	38	step_1_no_load	1	2	1	434	
110	0	38	step_2_no_load	3	4	0.595113730206	0.553931241266	4	534	1	
110	0	39	step_1_no_load	1	2	1	406	
110	0	39	step_2_no_load	3	4	0.610601635554	0.578640235206	4	83	0	
110	0	40	step_1_no_load	1	2	2	322	
110	0	40	step_2_no_load	3	4	0.607992802154	0.5691386571	4	380	0	
110	0	41	step_1_no_load	1	2	2	11	
110	0	41	step_2_no_load	5	6	0.633285941184	0.524862294848	6	486	1	
110	0	42	step_1_no_load	1	2	2	341	
110	0	42	step_2_no_load	5	6	0.606696263624	0.533857158543	6	134	1	
110	0	43	step_1_no_load	1	2	2	436	
110	0	43	step_2_no_load	3	4	0.612705031264	0.548128010644	-1	-1	-1	
110	0	44	step_1_no_load	1	2	1	896	
110	0	44	step_2_no_load	3	4	0.611481438855	0.537842745081	4	170	1	
110	0	45	step_1_no_load	1	2	1	395	
110	0	45	step_2_no_load	5	6	0.620699591043	0.579346234508	5	534	1	
110	0	46	step_1_no_load	1	2	1	17	
110	0	46	step_2_no_load	3	4	0.600964500555	0.532238720495	3	229	0	
110	0	47	step_1_no_load	1	2	2	6	
110	0	47	step_2_no_load	3	4	0.598724660986	0.493112702321	4	28	0	
110	0	48	step_1_no_load	1	2	2	514	
110	0	48	step_2_no_load	5	6	0.657624935632	0.534690828011	5	198	1	
110	0	49	step_1_no_load	1	2	2	6	
110	0	49	step_2_no_load	3	4	0.610193185592	0.489287375157	3	429	0	
110	0	50	step_1_no_load	1	2	2	78	
110	0	50	step_2_no_load	5	6	0.593458480934	0.481616544184	6	248	0	
110	0	51	step_1_no_load	1	2	1	425	
110	0	51	step_2_no_load	5	6	0.613357430892	0.508197321577	6	104	0	
110	0	52	step_1_no_load	1	2	1	16	
110	0	52	step_2_no_load	3	4	0.539065404057	0.429622901875	3	390	1	
110	0	53	step_1_no_load	1	2	1	0	
110	0	53	step_2_no_load	5	6	0.630956764252	0.475342927439	6	534	0	
110	0	54	step_1_no_load	1	2	2	158	
110	0	54	step_2_no_load	5	6	0.652515308527	0.493362545513	6	74	0	
110	0	55	step_1_no_load	1	2	1	265	
110	0	55	step_2_no_load	3	4	0.574045915747	0.487025527704	-1	-1	-1	
110	0	56	step_1_no_load	1	2	2	6	
110	0	56	step_2_no_load	3	4	0.601856598146	0.459773408493	4	1069	0	
110	0	57	step_1_no_load	1	2	1	374	
110	0	57	step_2_no_load	5	6	0.586335094239	0.516475618243	5	537	0	
110	0	58	step_1_no_load	1	2	1	14	
110	0	58	step_2_no_load	3	4	0.664682809182	0.478335218822	3	510	1	
110	0	59	step_1_no_load	1	2	1	18	
110	0	59	step_2_no_load	3	4	0.632500293208	0.480274332693	3	95	1	
110	0	60	step_1_no_load	1	2	1	11	
110	0	60	step_2_no_load	5	6	0.599559577859	0.479287247283	5	478	0	
110	0	61	step_1_no_load	1	2	1	5	
110	0	61	step_2_no_load	3	4	0.669587072502	0.464268875813	4	621	0	
110	0	62	step_1_no_load	1	2	2	141	
110	0	62	step_2_no_load	3	4	0.691137204746	0.50724109756	4	395	1	
110	0	63	step_1_no_load	1	2	2	11	
110	0	63	step_2_no_load	5	6	0.642623127313	0.519445130796	5	673	1	
110	0	64	step_1_no_load	1	2	2	422	
110	0	64	step_2_no_load	5	6	0.626149195169	0.533849886794	5	347	1	
110	0	65	step_1_no_load	1	2	2	392	
110	0	65	step_2_no_load	5	6	0.619953360065	0.517687993213	5	860	1	
110	0	66	step_1_no_load	1	2	2	11	
110	0	66	step_2_no_load	3	4	0.606938648072	0.573761869714	4	150	1	
110	0	67	step_1_no_load	1	2	2	6	
110	0	67	step_2_no_load	3	4	0.597650193897	0.542076810516	4	553	1	
110	0	68	step_1_no_load	1	2	2	1329	
110	0	68	step_2_no_load	5	6	0.719455209845	0.523301545299	5	774	0	
110	0	69	step_1_no_load	1	2	2	490	
110	0	69	step_2_no_load	3	4	0.622221685203	0.499137600991	4	378	0	
110	0	70	step_1_no_load	1	2	2	5	
110	0	70	step_2_no_load	5	6	0.697741832068	0.548075770764	6	546	1	
110	0	71	step_1_no_load	1	2	2	296	
110	0	71	step_2_no_load	5	6	0.706816191949	0.546215110045	6	525	0	
110	0	72	step_1_no_load	1	2	2	257	
110	0	72	step_2_no_load	5	6	0.705884789502	0.556486305476	6	334	0	
110	0	73	step_1_no_load	1	2	2	23	
110	0	73	step_2_no_load	3	4	0.657126403029	0.435957313805	4	63	0	
110	0	74	step_1_no_load	1	2	2	79	
110	0	74	step_2_no_load	5	6	0.693624670847	0.491044983779	6	561	0	
110	0	75	step_1_no_load	1	2	2	128	
110	0	75	step_2_no_load	5	6	0.697629587097	0.483983914712	6	353	1	
110	0	76	step_1_no_load	1	2	2	19	
110	0	76	step_2_no_load	5	6	0.690117652944	0.518881389358	6	17	0	
110	0	77	step_1_no_load	1	2	2	1	
110	0	77	step_2_no_load	5	6	0.679737625371	0.538119616568	5	565	1	
110	0	78	step_1_no_load	1	2	2	964	
110	0	78	step_2_no_load	3	4	0.536711448352	0.435911167612	3	596	0	
110	0	79	step_1_no_load	1	2	2	659	
110	0	79	step_2_no_load	5	6	0.647841624544	0.540085062695	5	1304	0	
110	0	80	step_1_no_load	1	2	2	529	
110	0	80	step_2_no_load	5	6	0.703969305517	0.49921021142	5	942	1	
110	0	81	step_1_no_load	1	2	2	772	
110	0	81	step_2_no_load	3	4	0.529745690463	0.419265522488	4	1157	1	
110	0	82	step_1_no_load	1	2	2	560	
110	0	82	step_2_no_load	5	6	0.688340116885	0.482727017837	5	1050	1	
110	0	83	step_1_no_load	1	2	2	323	
110	0	83	step_2_no_load	5	6	0.726885136842	0.483255412498	5	1341	0	
110	0	84	step_1_no_load	1	2	2	119	
110	0	84	step_2_no_load	5	6	0.731466635793	0.505586222209	5	585	1	
110	0	85	step_1_no_load	1	2	2	83	
110	0	85	step_2_no_load	5	6	0.712989604416	0.485785534744	6	656	0	
110	0	86	step_1_no_load	1	2	2	767	
110	0	86	step_2_no_load	3	4	0.691782850001	0.345323068124	4	806	1	
110	0	87	step_1_no_load	1	2	2	791	
110	0	87	step_2_no_load	3	4	0.719375344246	0.40000499778	3	804	1	
110	0	88	step_1_no_load	1	2	2	587	
110	0	88	step_2_no_load	5	6	0.696773608304	0.509563243675	5	709	1	
110	0	89	step_1_no_load	1	2	2	373	
110	0	89	step_2_no_load	5	6	0.660112261017	0.490019385174	5	1166	1	
110	0	90	step_1_no_load	1	2	2	409	
110	0	90	step_2_no_load	3	4	0.712247848046	0.411459496853	4	1351	0	
110	0	91	step_1_no_load	1	2	2	412	
110	0	91	step_2_no_load	3	4	0.685023809334	0.43534164751	4	1150	1	
110	0	92	step_1_no_load	1	2	2	56	
110	0	92	step_2_no_load	5	6	0.679381608313	0.484260039873	5	962	0	
110	0	93	step_1_no_load	1	2	2	550	
110	0	93	step_2_no_load	3	4	0.70415710998	0.439878153082	3	528	1	
110	0	94	step_1_no_load	1	2	2	418	
110	0	94	step_2_no_load	3	4	0.719464414227	0.429211756872	4	452	0	
110	0	95	step_1_no_load	1	2	2	570	
110	0	95	step_2_no_load	5	6	0.640209855442	0.42505578884	5	1061	1	
110	0	96	step_1_no_load	1	2	2	6	
110	0	96	step_2_no_load	5	6	0.663095813561	0.437558890646	6	456	0	
110	0	97	step_1_no_load	1	2	2	236	
110	0	97	step_2_no_load	5	6	0.651202057411	0.455601814112	5	844	1	
110	0	98	step_1_no_load	1	2	1	403	
110	0	98	step_2_no_load	3	4	0.70287861952	0.409778171713	4	749	1	
110	0	99	step_1_no_load	1	2	1	11	
110	0	99	step_2_no_load	5	6	0.645191748454	0.375249961522	6	745	0	
110	0	100	step_1_no_load	1	2	1	401	
110	0	100	step_2_no_load	3	4	0.666227451505	0.4333505304	3	411	0	
110	0	101	step_1_no_load	1	2	1	6	
110	0	101	step_2_no_load	5	6	0.655903528958	0.366879421891	5	227	1	
110	0	102	step_1_no_load	1	2	1	0	
110	0	102	step_2_no_load	3	4	0.666304534392	0.494584754513	4	189	0	
110	0	103	step_1_no_load	1	2	1	17	
110	0	103	step_2_no_load	3	4	0.663997796029	0.481975449893	3	135	0	
110	0	104	step_1_no_load	1	2	2	11	
110	0	104	step_2_no_load	3	4	0.703870701136	0.521047445908	4	1293	0	
110	0	105	step_1_no_load	1	2	2	335	
110	0	105	step_2_no_load	5	6	0.722851301692	0.352639603242	5	415	1	
110	0	106	step_1_no_load	1	2	1	12	
110	0	106	step_2_no_load	3	4	0.712883638252	0.508908032404	4	112	1	
110	0	107	step_1_no_load	1	2	2	50	
110	0	107	step_2_no_load	3	4	0.692607431435	0.565220528809	4	198	0	
110	0	108	step_1_no_load	1	2	2	411	
110	0	108	step_2_no_load	5	6	0.681491063126	0.388185708856	5	857	1	
110	0	109	step_1_no_load	1	2	2	380	
110	0	109	step_2_no_load	3	4	0.71632547018	0.479977531501	3	546	1	
110	0	110	step_1_no_load	1	2	1	171	
110	0	110	step_2_no_load	3	4	0.729599891941	0.432626681236	3	603	1	
110	0	111	step_1_no_load	1	2	1	18	
110	0	111	step_2_no_load	5	6	0.634599547742	0.407158158569	6	0	1	
110	0	112	step_1_no_load	1	2	1	7	
110	0	112	step_2_no_load	5	6	0.635252945963	0.413393106784	5	54	1	
110	0	113	step_1_no_load	1	2	2	410	
110	0	113	step_2_no_load	5	6	0.634627459817	0.387112818105	6	305	0	
110	0	114	step_1_no_load	1	2	1	459	
110	0	114	step_2_no_load	3	4	0.718213323791	0.380324086676	3	203	0	
110	0	115	step_1_no_load	1	2	2	22	
110	0	115	step_2_no_load	5	6	0.645721217949	0.357661171116	6	107	0	
110	0	116	step_1_no_load	1	2	2	1	
110	0	116	step_2_no_load	3	4	0.706736514943	0.378149844807	-1	-1	-1	
110	0	117	step_1_no_load	1	2	2	443	
110	0	117	step_2_no_load	5	6	0.671842537277	0.363056877927	5	794	0	
110	0	118	step_1_no_load	1	2	2	31	
110	0	118	step_2_no_load	5	6	0.690484235012	0.362977115924	6	656	0	
110	0	119	step_1_no_load	1	2	2	451	
110	0	119	step_2_no_load	5	6	0.661177321751	0.358243439099	-1	-1	-1	
110	0	120	step_1_no_load	1	2	1	472	
110	0	120	step_2_no_load	3	4	0.70587238626	0.370150243662	4	807	1	
110	0	121	step_1_no_load	1	2	2	108	
110	0	121	step_2_no_load	5	6	0.671052306195	0.310775244958	5	617	1	
110	0	122	step_1_no_load	1	2	1	0	
110	0	122	step_2_no_load	5	6	0.672193618854	0.266650857402	6	779	0	
110	0	123	step_1_no_load	1	2	1	810	
110	0	123	step_2_no_load	5	6	0.664849878232	0.269780614928	-1	-1	-1	
110	0	124	step_1_no_load	1	2	1	1320	
110	0	124	step_2_no_load	3	4	0.603013298253	0.309430836661	4	313	1	
110	0	125	step_1_no_load	1	2	1	450	
110	0	125	step_2_no_load	3	4	0.559596800931	0.303110862715	3	561	1	
110	0	126	step_1_no_load	1	2	1	784	
110	0	126	step_2_no_load	3	4	0.537863824328	0.300846667696	4	804	0	
110	0	127	step_1_no_load	1	2	2	0	
110	0	127	step_2_no_load	3	4	0.560824094575	0.274944938508	-1	-1	-1	
110	0	128	step_1_no_load	1	2	2	435	
110	0	128	step_2_no_load	5	6	0.620672334996	0.260252451606	6	552	0	
110	0	129	step_1_no_load	1	2	2	436	
110	0	129	step_2_no_load	5	6	0.632682846317	0.268213321963	5	474	1	
110	0	130	step_1_no_load	1	2	2	988	
110	0	130	step_2_no_load	5	6	0.630285316669	0.267460866951	5	513	1	
110	0	131	step_1_no_load	1	2	2	333	
110	0	131	step_2_no_load	3	4	0.678044920845	0.311475039155	3	441	1	
110	0	132	step_1_no_load	1	2	2	340	
110	0	132	step_2_no_load	5	6	0.660013924697	0.27986961048	6	472	0	
110	0	133	step_1_no_load	1	2	2	602	
110	0	133	step_2_no_load	5	6	0.691649444281	0.315608831386	5	917	0	
110	0	134	step_1_no_load	1	2	2	78	
110	0	134	step_2_no_load	5	6	0.685529359147	0.287393715313	5	461	1	
110	0	135	step_1_no_load	1	2	1	709	
110	0	135	step_2_no_load	3	4	0.593710006149	0.287118934166	3	1093	0	
110	0	136	step_1_no_load	1	2	2	375	
110	0	136	step_2_no_load	5	6	0.674914008636	0.307766925452	6	444	0	
110	0	137	step_1_no_load	1	2	1	599	
110	0	137	step_2_no_load	3	4	0.605896884497	0.325016613024	4	1387	0	
110	0	138	step_1_no_load	1	2	2	603	
110	0	138	step_2_no_load	5	6	0.688182193337	0.366701525561	6	1	0	
110	0	139	step_1_no_load	1	2	1	36	
110	0	139	step_2_no_load	5	6	0.696355985729	0.325611400511	5	99	0	
110	0	140	step_1_no_load	1	2	1	18	
110	0	140	step_2_no_load	3	4	0.671213945178	0.328174526491	3	708	1	
110	0	141	step_1_no_load	1	2	1	19	
110	0	141	step_2_no_load	5	6	0.616803346728	0.390227133375	5	432	0	
110	0	142	step_1_no_load	1	2	1	17	
110	0	142	step_2_no_load	3	4	0.690276058009	0.304203281606	3	171	0	
110	0	143	step_1_no_load	1	2	2	1	
110	0	143	step_2_no_load	3	4	0.661365099615	0.313516825296	4	1072	1	
110	0	144	step_1_no_load	1	2	2	239	
110	0	144	step_2_no_load	3	4	0.626443722248	0.275932517017	4	749	1	
110	0	145	step_1_no_load	1	2	1	792	
110	0	145	step_2_no_load	3	4	0.6669125229	0.266265924094	4	545	0	
110	0	146	step_1_no_load	1	2	1	442	
110	0	146	step_2_no_load	3	4	0.681611991725	0.257861956214	3	234	1	
110	0	147	step_1_no_load	1	2	1	433	
110	0	147	step_2_no_load	3	4	0.647798886916	0.265578160642	-1	-1	-1	
110	0	148	step_1_no_load	1	2	1	608	
110	0	148	step_2_no_load	3	4	0.619272702026	0.305288021243	3	933	0	
110	0	149	step_1_no_load	1	2	1	397	
110	0	149	step_2_no_load	5	6	0.623203869836	0.300290206122	5	799	0	
110	0	150	step_1_no_load	1	2	2	833	
110	0	150	step_2_no_load	5	6	0.605912419156	0.306860041627	5	809	1	
110	0	151	step_1_no_load	1	2	2	502	
110	0	151	step_2_no_load	5	6	0.614159737668	0.310557101463	6	454	0	
110	0	152	step_1_no_load	1	2	1	463	
110	0	152	step_2_no_load	3	4	0.595108765344	0.307702500543	4	861	0	
110	0	153	step_1_no_load	1	2	1	501	
110	0	153	step_2_no_load	3	4	0.613336203392	0.309356532263	3	880	1	
110	0	154	step_1_no_load	1	2	1	707	
110	0	154	step_2_no_load	5	6	0.671672162443	0.348349389262	5	727	0	
110	0	155	step_1_no_load	1	2	1	402	
110	0	155	step_2_no_load	3	4	0.632486591889	0.296093457977	3	553	1	
110	0	156	step_1_no_load	1	2	1	73	
110	0	156	step_2_no_load	3	4	0.631048201903	0.32564867104	3	413	0	
110	0	157	step_1_no_load	1	2	1	91	
110	0	157	step_2_no_load	3	4	0.585191807512	0.350909357271	3	85	0	
110	0	158	step_1_no_load	1	2	1	7	
110	0	158	step_2_no_load	3	4	0.532722108502	0.408728803896	3	390	1	
110	0	159	step_1_no_load	1	2	1	24	
110	0	159	step_2_no_load	5	6	0.697903160072	0.321150411254	6	764	1	
110	0	160	step_1_no_load	1	2	1	143	
110	0	160	step_2_no_load	3	4	0.521229931064	0.415052912783	3	670	1	
110	0	161	step_1_no_load	1	2	1	7	
110	0	161	step_2_no_load	5	6	0.719896286569	0.438878285506	6	1173	0	
110	0	162	step_1_no_load	1	2	-1	-1	
110	0	163	step_1_no_load	1	2	1	393	
110	0	163	step_2_no_load	3	4	0.5863391277	0.395221309311	3	345	0	
110	0	164	step_1_no_load	1	2	1	358	
110	0	164	step_2_no_load	3	4	0.585961845322	0.432761720497	3	479	0	
110	0	165	step_1_no_load	1	2	1	10	
110	0	165	step_2_no_load	3	4	0.538026607649	0.463777557969	3	459	0	
110	0	166	step_1_no_load	1	2	2	345	
110	0	166	step_2_no_load	5	6	0.686594248975	0.356317216644	6	690	1	
110	0	167	step_1_no_load	1	2	1	674	
110	0	167	step_2_no_load	3	4	0.585131062446	0.38753671275	3	700	1	
110	0	168	step_1_no_load	1	2	1	0	
110	0	168	step_2_no_load	5	6	0.67192508984	0.335777599654	5	8	0	
110	0	169	step_1_no_load	1	2	1	495	
110	0	169	step_2_no_load	3	4	0.586049140041	0.42098542374	3	137	1	
110	0	170	step_1_no_load	1	2	1	533	
110	0	170	step_2_no_load	3	4	0.57151385403	0.411067820436	3	360	1	
110	0	171	step_1_no_load	1	2	2	845	
110	0	171	step_2_no_load	5	6	0.727248140829	0.425122034074	5	599	1	
110	0	172	step_1_no_load	1	2	2	441	
110	0	172	step_2_no_load	3	4	0.519090471457	0.363617002148	4	190	0	
110	0	173	step_1_no_load	1	2	2	6	
110	0	173	step_2_no_load	5	6	0.667027212577	0.462866379815	5	1431	1	
110	0	174	step_1_no_load	1	2	1	66	
110	0	174	step_2_no_load	3	4	0.472729524832	0.387867297446	4	536	0	
110	0	175	step_1_no_load	1	2	1	287	
110	0	175	step_2_no_load	5	6	0.693968268443	0.484825491933	5	1318	1	
110	0	176	step_1_no_load	1	2	2	493	
110	0	176	step_2_no_load	5	6	0.679250000396	0.500856457218	5	444	0	
110	0	177	step_1_no_load	1	2	2	1142	
110	0	177	step_2_no_load	5	6	0.714070205704	0.4798184927	6	889	1	
110	0	178	step_1_no_load	1	2	-1	-1	
110	0	179	step_1_no_load	1	2	1	640	
110	0	179	step_2_no_load	5	6	0.709345707515	0.493565996034	5	96	0	
110	0	180	step_1_no_load	1	2	2	408	
110	0	180	step_2_no_load	5	6	0.719795072986	0.489345734128	6	79	1	
110	0	181	step_1_no_load	1	2	1	864	
110	0	181	step_2_no_load	3	4	0.508735114046	0.342402764747	3	483	1	
110	0	182	step_1_no_load	1	2	1	592	
110	0	182	step_2_no_load	3	4	0.506773281362	0.340533666308	3	116	1	
110	0	183	step_1_no_load	1	2	-1	-1	
110	0	184	step_1_no_load	1	2	1	221	
110	0	184	step_2_no_load	5	6	0.657291439324	0.480863422096	5	661	0	
110	0	185	step_1_no_load	1	2	-1	-1	
110	0	186	step_1_no_load	1	2	2	1050	
110	0	186	step_2_no_load	5	6	0.656308636836	0.484672582719	5	1199	1	
110	0	187	step_1_no_load	1	2	1	1	
110	0	187	step_2_no_load	3	4	0.443962917772	0.328890769988	4	96	1	
110	0	188	step_1_no_load	1	2	2	10	
110	0	188	step_2_no_load	5	6	0.696362660087	0.548350535247	6	1030	1	
110	0	189	step_1_no_load	1	2	2	398	
110	0	189	step_2_no_load	5	6	0.688353284054	0.534753756004	6	112	1	
110	0	190	step_1_no_load	1	2	2	750	
110	0	190	step_2_no_load	5	6	0.667655825994	0.505820429042	6	792	0	
110	0	191	step_1_no_load	1	2	2	456	
110	0	191	step_2_no_load	5	6	0.664271461991	0.512103523931	5	829	0	
110	0	192	step_1_no_load	1	2	2	523	
110	0	192	step_2_no_load	5	6	0.705517419189	0.493851022417	6	458	0	
110	0	193	step_1_no_load	1	2	2	31	
110	0	193	step_2_no_load	5	6	0.679792491164	0.504944704439	5	117	1	
110	0	194	step_1_no_load	1	2	2	402	
110	0	194	step_2_no_load	5	6	0.655261361454	0.505359594715	6	342	1	
110	0	195	step_1_no_load	1	2	2	344	
110	0	195	step_2_no_load	3	4	0.466795336969	0.348571348505	3	812	1	
110	0	196	step_1_no_load	1	2	1	754	
110	0	196	step_2_no_load	5	6	0.695101215304	0.496717662777	-1	-1	-1	
110	0	197	step_1_no_load	1	2	1	552	
110	0	197	step_2_no_load	3	4	0.422511153127	0.316987700969	4	1191	1	
110	0	198	step_1_no_load	1	2	1	809	
110	0	198	step_2_no_load	3	4	0.397292432346	0.303352625941	3	843	0	
110	0	199	step_1_no_load	1	2	2	557	
110	0	199	step_2_no_load	5	6	0.73697129762	0.529438031858	6	331	1	
110	0	200	step_1_no_load	1	2	2	371	
110	0	200	step_2_no_load	5	6	0.728996708473	0.507902534353	6	351	0	

Mon Mar  5 15:24:04 2018
