Mon Mar 12 15:19:35 2018	
114	0	1	step_1_no_load	1	2	-1	-1	
114	0	2	step_1_no_load	1	2	1	151	
114	0	2	step_2_no_load	5	6	0.533203491871	0.610961032466	5	563	1	
114	0	3	step_1_no_load	1	2	1	296	
114	0	3	step_2_no_load	5	6	0.516002945397	0.589215227351	5	161	0	
114	0	4	step_1_no_load	1	2	1	322	
114	0	4	step_2_no_load	3	4	0.597491569846	0.478607661228	3	260	0	
114	0	5	step_1_no_load	1	2	2	312	
114	0	5	step_2_no_load	5	6	0.543908521457	0.576104915614	6	289	1	
114	0	6	step_1_no_load	1	2	2	496	
114	0	6	step_2_no_load	5	6	0.490454120702	0.603642866427	6	389	1	
114	0	7	step_1_no_load	1	2	1	424	
114	0	7	step_2_no_load	5	6	0.506408070053	0.622642364361	5	214	0	
114	0	8	step_1_no_load	1	2	2	268	
114	0	8	step_2_no_load	5	6	0.499203529332	0.624210374623	6	233	1	
114	0	9	step_1_no_load	1	2	2	282	
114	0	9	step_2_no_load	5	6	0.54429228266	0.641106877158	6	296	0	
114	0	10	step_1_no_load	1	2	1	282	
114	0	10	step_2_no_load	3	4	0.652626043146	0.482364178155	3	242	1	
114	0	11	step_1_no_load	1	2	1	241	
114	0	11	step_2_no_load	5	6	0.59022801242	0.609191465743	5	314	0	
114	0	12	step_1_no_load	1	2	2	179	
114	0	12	step_2_no_load	5	6	0.597131918027	0.552770607849	6	239	0	
114	0	13	step_1_no_load	1	2	1	70	
114	0	13	step_2_no_load	3	4	0.653587098421	0.52012981853	3	269	0	
114	0	14	step_1_no_load	1	2	1	0	
114	0	14	step_2_no_load	5	6	0.611256675753	0.545555696267	5	734	0	
114	0	15	step_1_no_load	1	2	1	333	
114	0	15	step_2_no_load	5	6	0.633564630036	0.570419113221	5	224	0	
114	0	16	step_1_no_load	1	2	2	285	
114	0	16	step_2_no_load	5	6	0.626326396372	0.553308964466	6	249	1	
114	0	17	step_1_no_load	1	2	2	248	
114	0	17	step_2_no_load	5	6	0.643116883134	0.562895132605	6	283	1	
114	0	18	step_1_no_load	1	2	2	260	
114	0	18	step_2_no_load	3	4	0.626834332012	0.517514133912	4	248	1	
114	0	19	step_1_no_load	1	2	2	257	
114	0	19	step_2_no_load	3	4	0.619895761657	0.498240186199	4	282	0	
114	0	20	step_1_no_load	1	2	1	0	
114	0	20	step_2_no_load	3	4	0.636521555122	0.478025448397	3	627	1	
114	0	21	step_1_no_load	1	2	1	281	
114	0	21	step_2_no_load	3	4	0.630305464549	0.49769376036	3	244	1	
114	0	22	step_1_no_load	1	2	1	275	
114	0	22	step_2_no_load	5	6	0.618527126547	0.468700882609	5	415	0	
114	0	23	step_1_no_load	1	2	2	272	
114	0	23	step_2_no_load	5	6	0.604065470975	0.513759772011	6	261	0	
114	0	24	step_1_no_load	1	2	1	299	
114	0	24	step_2_no_load	3	4	0.582115115688	0.505388876622	3	259	0	
114	0	25	step_1_no_load	1	2	1	242	
114	0	25	step_2_no_load	3	4	0.565698722896	0.503316372362	3	299	0	
114	0	26	step_1_no_load	1	2	1	217	
114	0	26	step_2_no_load	5	6	0.640635035276	0.532884212818	5	254	1	
114	0	27	step_1_no_load	1	2	1	255	
114	0	27	step_2_no_load	3	4	0.57860777711	0.507272671939	3	282	1	
114	0	28	step_1_no_load	1	2	1	218	
114	0	28	step_2_no_load	3	4	0.588356036098	0.520177259699	3	278	1	
114	0	29	step_1_no_load	1	2	1	70	
114	0	29	step_2_no_load	3	4	0.606613029227	0.521159009103	3	272	0	
114	0	30	step_1_no_load	1	2	2	241	
114	0	30	step_2_no_load	5	6	0.610227092493	0.574272497114	6	380	0	
114	0	31	step_1_no_load	1	2	1	239	
114	0	31	step_2_no_load	3	4	0.636602545794	0.483156722265	3	369	1	
114	0	32	step_1_no_load	1	2	1	316	
114	0	32	step_2_no_load	3	4	0.634585171267	0.520318771114	3	310	1	
114	0	33	step_1_no_load	1	2	1	258	
114	0	33	step_2_no_load	3	4	0.611700032906	0.487664344039	3	470	0	
114	0	34	step_1_no_load	1	2	1	290	
114	0	34	step_2_no_load	5	6	0.670290552209	0.538523758058	6	501	0	
114	0	35	step_1_no_load	1	2	1	111	
114	0	35	step_2_no_load	5	6	0.649776015006	0.594167768198	5	225	0	
114	0	36	step_1_no_load	1	2	1	151	
114	0	36	step_2_no_load	5	6	0.661229326326	0.611274573488	5	243	0	
114	0	37	step_1_no_load	1	2	2	238	
114	0	37	step_2_no_load	5	6	0.660658056664	0.598446394142	6	255	1	
114	0	38	step_1_no_load	1	2	2	272	
114	0	38	step_2_no_load	3	4	0.539078491643	0.553931241266	4	362	1	
114	0	39	step_1_no_load	1	2	2	343	
114	0	39	step_2_no_load	5	6	0.634483337633	0.610601635554	6	374	1	
114	0	40	step_1_no_load	1	2	2	62	
114	0	40	step_2_no_load	5	6	0.636994900683	0.607992802154	6	150	1	
114	0	41	step_1_no_load	1	2	2	230	
114	0	41	step_2_no_load	5	6	0.633285941184	0.588857868869	6	308	0	
114	0	42	step_1_no_load	1	2	2	227	
114	0	42	step_2_no_load	3	4	0.533857158543	0.553461946234	4	235	0	
114	0	43	step_1_no_load	1	2	1	269	
114	0	43	step_2_no_load	3	4	0.553703096215	0.548128010644	3	221	1	
114	0	44	step_1_no_load	1	2	1	253	
114	0	44	step_2_no_load	3	4	0.541854396676	0.537842745081	3	304	1	
114	0	45	step_1_no_load	1	2	1	281	
114	0	45	step_2_no_load	5	6	0.620699591043	0.632991467829	5	340	1	
114	0	46	step_1_no_load	1	2	1	206	
114	0	46	step_2_no_load	3	4	0.55511883717	0.532238720495	3	231	0	
114	0	47	step_1_no_load	1	2	2	261	
114	0	47	step_2_no_load	5	6	0.634373567175	0.598724660986	6	192	0	
114	0	48	step_1_no_load	1	2	1	252	
114	0	48	step_2_no_load	3	4	0.534690828011	0.488280685105	3	213	1	
114	0	49	step_1_no_load	1	2	1	293	
114	0	49	step_2_no_load	3	4	0.512405963374	0.489287375157	3	310	0	
114	0	50	step_1_no_load	1	2	2	290	
114	0	50	step_2_no_load	3	4	0.481616544184	0.47381367271	4	182	1	
114	0	51	step_1_no_load	1	2	2	299	
114	0	51	step_2_no_load	5	6	0.613357430892	0.564866799699	6	324	0	
114	0	52	step_1_no_load	1	2	1	71	
114	0	52	step_2_no_load	3	4	0.513589895419	0.429622901875	3	333	1	
114	0	53	step_1_no_load	1	2	1	293	
114	0	53	step_2_no_load	3	4	0.475342927439	0.451905460347	3	357	1	
114	0	54	step_1_no_load	1	2	1	263	
114	0	54	step_2_no_load	5	6	0.652515308527	0.570223904064	5	273	1	
114	0	55	step_1_no_load	1	2	1	253	
114	0	55	step_2_no_load	3	4	0.526704292526	0.487025527704	3	9	0	
114	0	56	step_1_no_load	1	2	2	0	
114	0	56	step_2_no_load	5	6	0.60038825769	0.601856598146	6	470	0	
114	0	57	step_1_no_load	1	2	1	246	
114	0	57	step_2_no_load	3	4	0.516475618243	0.466449077359	3	238	1	
114	0	58	step_1_no_load	1	2	1	296	
114	0	58	step_2_no_load	3	4	0.528376440027	0.478335218822	3	389	0	
114	0	59	step_1_no_load	1	2	2	265	
114	0	59	step_2_no_load	5	6	0.608951267756	0.632500293208	6	287	1	
114	0	60	step_1_no_load	1	2	2	267	
114	0	60	step_2_no_load	5	6	0.599559577859	0.623687406259	6	303	0	
114	0	61	step_1_no_load	1	2	1	264	
114	0	61	step_2_no_load	5	6	0.602879526975	0.669587072502	5	183	0	
114	0	62	step_1_no_load	1	2	1	251	
114	0	62	step_2_no_load	5	6	0.622820395113	0.691137204746	5	270	1	
114	0	63	step_1_no_load	1	2	1	275	
114	0	63	step_2_no_load	5	6	0.642623127313	0.664284493458	5	304	0	
114	0	64	step_1_no_load	1	2	2	255	
114	0	64	step_2_no_load	5	6	0.626149195169	0.642369708469	6	240	1	
114	0	65	step_1_no_load	1	2	2	255	
114	0	65	step_2_no_load	5	6	0.619953360065	0.612660225018	6	285	0	
114	0	66	step_1_no_load	1	2	1	274	
114	0	66	step_2_no_load	3	4	0.555324764318	0.573761869714	3	337	1	
114	0	67	step_1_no_load	1	2	1	328	
114	0	67	step_2_no_load	3	4	0.538279387614	0.542076810516	3	497	1	
114	0	68	step_1_no_load	1	2	1	600	
114	0	68	step_2_no_load	5	6	0.719455209845	0.622963076372	5	433	1	
114	0	69	step_1_no_load	1	2	1	287	
114	0	69	step_2_no_load	3	4	0.560462111264	0.499137600991	3	481	1	
114	0	70	step_1_no_load	1	2	1	250	
114	0	70	step_2_no_load	3	4	0.548075770764	0.498834901463	3	269	0	
114	0	71	step_1_no_load	1	2	-1	-1	
114	0	72	step_1_no_load	1	2	1	960	
114	0	72	step_2_no_load	3	4	0.556486305476	0.47409116389	3	421	0	
114	0	73	step_1_no_load	1	2	1	251	
114	0	73	step_2_no_load	3	4	0.50185699984	0.435957313805	3	223	0	
114	0	74	step_1_no_load	1	2	-1	-1	
114	0	75	step_1_no_load	1	2	2	1256	
114	0	75	step_2_no_load	3	4	0.483983914712	0.44832280175	4	131	0	
114	0	76	step_1_no_load	1	2	2	336	
114	0	76	step_2_no_load	5	6	0.690117652944	0.62770291155	6	337	1	
114	0	77	step_1_no_load	1	2	2	325	
114	0	77	step_2_no_load	5	6	0.679737625371	0.564257587118	6	251	1	
114	0	78	step_1_no_load	1	2	2	279	
114	0	78	step_2_no_load	3	4	0.538654072849	0.435911167612	4	409	1	
114	0	79	step_1_no_load	1	2	2	299	
114	0	79	step_2_no_load	5	6	0.647841624544	0.513695512795	6	335	0	
114	0	80	step_1_no_load	1	2	1	242	
114	0	80	step_2_no_load	5	6	0.703969305517	0.518583383166	5	265	1	
114	0	81	step_1_no_load	1	2	1	292	
114	0	81	step_2_no_load	3	4	0.494116554432	0.419265522488	3	422	0	
114	0	82	step_1_no_load	1	2	2	257	
114	0	82	step_2_no_load	5	6	0.688340116885	0.564729328387	6	256	0	
114	0	83	step_1_no_load	1	2	1	264	
114	0	83	step_2_no_load	3	4	0.483255412498	0.382772464038	3	181	0	
114	0	84	step_1_no_load	1	2	1	279	
114	0	84	step_2_no_load	3	4	0.505586222209	0.385087938645	3	187	1	
114	0	85	step_1_no_load	1	2	1	298	
114	0	85	step_2_no_load	5	6	0.712989604416	0.692384972752	5	257	1	
114	0	86	step_1_no_load	1	2	1	357	
114	0	86	step_2_no_load	5	6	0.721207648497	0.691782850001	5	242	1	
114	0	87	step_1_no_load	1	2	1	229	
114	0	87	step_2_no_load	3	4	0.493867001103	0.40000499778	3	348	0	
114	0	88	step_1_no_load	1	2	2	306	
114	0	88	step_2_no_load	5	6	0.696773608304	0.717410082358	6	268	1	
114	0	89	step_1_no_load	1	2	2	320	
114	0	89	step_2_no_load	5	6	0.660112261017	0.690772436485	6	309	1	
114	0	90	step_1_no_load	1	2	2	258	
114	0	90	step_2_no_load	5	6	0.688736868033	0.712247848046	6	232	0	
114	0	91	step_1_no_load	1	2	1	281	
114	0	91	step_2_no_load	3	4	0.479087223222	0.43534164751	3	255	0	
114	0	92	step_1_no_load	1	2	2	293	
114	0	92	step_2_no_load	5	6	0.679381608313	0.692406274724	6	209	1	
114	0	93	step_1_no_load	1	2	2	348	
114	0	93	step_2_no_load	5	6	0.662863370634	0.70415710998	6	272	1	
114	0	94	step_1_no_load	1	2	2	270	
114	0	94	step_2_no_load	5	6	0.668295023896	0.719464414227	6	268	0	
114	0	95	step_1_no_load	1	2	1	249	
114	0	95	step_2_no_load	5	6	0.640209855442	0.715495469274	5	212	0	
114	0	96	step_1_no_load	1	2	2	329	
114	0	96	step_2_no_load	3	4	0.437558890646	0.383038640121	4	237	1	
114	0	97	step_1_no_load	1	2	2	289	
114	0	97	step_2_no_load	5	6	0.651202057411	0.681272614291	6	257	1	
114	0	98	step_1_no_load	1	2	2	289	
114	0	98	step_2_no_load	5	6	0.646040060297	0.70287861952	6	390	0	
114	0	99	step_1_no_load	1	2	1	254	
114	0	99	step_2_no_load	3	4	0.375249961522	0.397561363605	3	280	0	
114	0	100	step_1_no_load	1	2	2	269	
114	0	100	step_2_no_load	3	4	0.363162156005	0.4333505304	4	306	0	
114	0	101	step_1_no_load	1	2	2	270	
114	0	101	step_2_no_load	5	6	0.655903528958	0.623812401974	6	281	0	
114	0	102	step_1_no_load	1	2	1	306	
114	0	102	step_2_no_load	5	6	0.663124617603	0.666304534392	5	217	1	
114	0	103	step_1_no_load	1	2	1	310	
114	0	103	step_2_no_load	5	6	0.69058998368	0.663997796029	5	274	1	
114	0	104	step_1_no_load	1	2	1	329	
114	0	104	step_2_no_load	5	6	0.743372642809	0.703870701136	5	257	0	
114	0	105	step_1_no_load	1	2	2	276	
114	0	105	step_2_no_load	5	6	0.722851301692	0.689135357059	6	241	1	
114	0	106	step_1_no_load	1	2	2	314	
114	0	106	step_2_no_load	3	4	0.374131494222	0.508908032404	4	218	1	
114	0	107	step_1_no_load	1	2	2	294	
114	0	107	step_2_no_load	5	6	0.677514185929	0.692607431435	6	189	1	
114	0	108	step_1_no_load	1	2	2	312	
114	0	108	step_2_no_load	5	6	0.681491063126	0.695928523711	6	238	1	
114	0	109	step_1_no_load	1	2	2	233	
114	0	109	step_2_no_load	3	4	0.372328831887	0.479977531501	4	250	0	
114	0	110	step_1_no_load	1	2	1	278	
114	0	110	step_2_no_load	3	4	0.395544455384	0.432626681236	3	233	0	
114	0	111	step_1_no_load	1	2	2	215	
114	0	111	step_2_no_load	5	6	0.634599547742	0.724852671171	6	166	1	
114	0	112	step_1_no_load	1	2	2	267	
114	0	112	step_2_no_load	5	6	0.635252945963	0.725701866094	6	214	1	
114	0	113	step_1_no_load	1	2	2	279	
114	0	113	step_2_no_load	5	6	0.634627459817	0.719324307956	6	400	1	
114	0	114	step_1_no_load	1	2	2	257	
114	0	114	step_2_no_load	5	6	0.657654904272	0.718213323791	6	456	0	
114	0	115	step_1_no_load	1	2	1	540	
114	0	115	step_2_no_load	3	4	0.357661171116	0.390027643099	3	206	1	
114	0	116	step_1_no_load	1	2	1	251	
114	0	116	step_2_no_load	3	4	0.369438791876	0.378149844807	3	227	0	
114	0	117	step_1_no_load	1	2	2	236	
114	0	117	step_2_no_load	3	4	0.363056877927	0.374621793791	4	646	0	
114	0	118	step_1_no_load	1	2	1	266	
114	0	118	step_2_no_load	5	6	0.690484235012	0.740051715856	5	179	1	
114	0	119	step_1_no_load	1	2	1	278	
114	0	119	step_2_no_load	3	4	0.358243439099	0.357515098446	3	243	1	
114	0	120	step_1_no_load	1	2	1	235	
114	0	120	step_2_no_load	5	6	0.666433355915	0.70587238626	5	235	1	
114	0	121	step_1_no_load	1	2	1	281	
114	0	121	step_2_no_load	5	6	0.671052306195	0.658856304095	5	233	1	
114	0	122	step_1_no_load	1	2	1	360	
114	0	122	step_2_no_load	5	6	0.672193618854	0.6136886145	5	315	1	
114	0	123	step_1_no_load	1	2	1	281	
114	0	123	step_2_no_load	5	6	0.664849878232	0.583607229978	5	208	1	
114	0	124	step_1_no_load	1	2	1	230	
114	0	124	step_2_no_load	3	4	0.26095206597	0.309430836661	3	474	1	
114	0	125	step_1_no_load	1	2	1	348	
114	0	125	step_2_no_load	3	4	0.290374841566	0.303110862715	3	236	0	
114	0	126	step_1_no_load	1	2	2	262	
114	0	126	step_2_no_load	5	6	0.600985760967	0.537863824328	6	227	1	
114	0	127	step_1_no_load	1	2	2	251	
114	0	127	step_2_no_load	3	4	0.273483952592	0.274944938508	4	305	0	
114	0	128	step_1_no_load	1	2	1	211	
114	0	128	step_2_no_load	3	4	0.260252451606	0.250790232267	3	647	0	
114	0	129	step_1_no_load	1	2	2	300	
114	0	129	step_2_no_load	3	4	0.268213321963	0.271709703542	4	207	0	
114	0	130	step_1_no_load	1	2	2	294	
114	0	130	step_2_no_load	5	6	0.630285316669	0.682031489739	6	201	0	
114	0	131	step_1_no_load	1	2	1	300	
114	0	131	step_2_no_load	3	4	0.281500842289	0.311475039155	3	39	1	
114	0	132	step_1_no_load	1	2	1	340	
114	0	132	step_2_no_load	3	4	0.27986961048	0.315328810424	3	644	0	
114	0	133	step_1_no_load	1	2	1	261	
114	0	133	step_2_no_load	3	4	0.315608831386	0.312642735495	3	246	1	
114	0	134	step_1_no_load	1	2	1	316	
114	0	134	step_2_no_load	5	6	0.685529359147	0.621945110858	5	286	0	
114	0	135	step_1_no_load	1	2	1	1389	
114	0	135	step_2_no_load	3	4	0.300079459047	0.287118934166	3	664	0	
114	0	136	step_1_no_load	1	2	1	291	
114	0	136	step_2_no_load	3	4	0.307766925452	0.284521085726	3	274	0	
114	0	137	step_1_no_load	1	2	2	559	
114	0	137	step_2_no_load	3	4	0.346433498467	0.325016613024	4	233	0	
114	0	138	step_1_no_load	1	2	1	342	
114	0	138	step_2_no_load	3	4	0.366701525561	0.307694123906	3	258	1	
114	0	139	step_1_no_load	1	2	1	351	
114	0	139	step_2_no_load	5	6	0.696355985729	0.636630981281	5	431	1	
114	0	140	step_1_no_load	1	2	1	273	
114	0	140	step_2_no_load	3	4	0.348740542008	0.328174526491	3	303	0	
114	0	141	step_1_no_load	1	2	1	300	
114	0	141	step_2_no_load	3	4	0.390227133375	0.311809871418	3	51	0	
114	0	142	step_1_no_load	1	2	2	446	
114	0	142	step_2_no_load	5	6	0.627356259123	0.690276058009	6	207	0	
114	0	143	step_1_no_load	1	2	1	257	
114	0	143	step_2_no_load	5	6	0.610219102298	0.661365099615	5	328	1	
114	0	144	step_1_no_load	1	2	1	277	
114	0	144	step_2_no_load	3	4	0.389234194056	0.275932517017	3	239	1	
114	0	145	step_1_no_load	1	2	1	282	
114	0	145	step_2_no_load	3	4	0.355256413269	0.266265924094	3	299	1	
114	0	146	step_1_no_load	1	2	1	312	
114	0	146	step_2_no_load	3	4	0.320877500969	0.257861956214	3	273	0	
114	0	147	step_1_no_load	1	2	2	315	
114	0	147	step_2_no_load	5	6	0.594861186319	0.647798886916	6	293	1	
114	0	148	step_1_no_load	1	2	2	390	
114	0	148	step_2_no_load	5	6	0.648050021239	0.619272702026	6	414	1	
114	0	149	step_1_no_load	1	2	2	534	
114	0	149	step_2_no_load	5	6	0.623203869836	0.601870110183	6	323	1	
114	0	150	step_1_no_load	1	2	2	273	
114	0	150	step_2_no_load	5	6	0.605912419156	0.575985663078	6	317	0	
114	0	151	step_1_no_load	1	2	1	299	
114	0	151	step_2_no_load	3	4	0.310557101463	0.348172164421	3	245	0	
114	0	152	step_1_no_load	1	2	2	240	
114	0	152	step_2_no_load	5	6	0.644204174791	0.595108765344	6	187	1	
114	0	153	step_1_no_load	1	2	2	363	
114	0	153	step_2_no_load	5	6	0.681559292085	0.613336203392	6	385	0	
114	0	154	step_1_no_load	1	2	1	290	
114	0	154	step_2_no_load	3	4	0.348349389262	0.316375537537	3	170	0	
114	0	155	step_1_no_load	1	2	2	99	
114	0	155	step_2_no_load	3	4	0.372188990474	0.296093457977	4	196	0	
114	0	156	step_1_no_load	1	2	1	257	
114	0	156	step_2_no_load	5	6	0.734436160799	0.631048201903	5	92	1	
114	0	157	step_1_no_load	1	2	1	297	
114	0	157	step_2_no_load	3	4	0.324728201487	0.350909357271	3	257	1	
114	0	158	step_1_no_load	1	2	1	371	
114	0	158	step_2_no_load	5	6	0.694270715354	0.532722108502	5	260	0	
114	0	159	step_1_no_load	1	2	1	238	
114	0	159	step_2_no_load	5	6	0.697903160072	0.541222065796	5	4	0	
114	0	160	step_1_no_load	1	2	1	224	
114	0	160	step_2_no_load	3	4	0.355992626298	0.415052912783	3	262	0	
114	0	161	step_1_no_load	1	2	2	305	
114	0	161	step_2_no_load	5	6	0.719896286569	0.516036498158	6	205	1	
114	0	162	step_1_no_load	1	2	2	276	
114	0	162	step_2_no_load	5	6	0.695144769903	0.566496468084	6	235	1	
114	0	163	step_1_no_load	1	2	1	273	
114	0	163	step_2_no_load	3	4	0.430920885959	0.395221309311	3	164	1	
114	0	164	step_1_no_load	1	2	1	332	
114	0	164	step_2_no_load	3	4	0.430844125626	0.432761720497	3	294	1	
114	0	165	step_1_no_load	1	2	2	503	
114	0	165	step_2_no_load	5	6	0.717506143195	0.538026607649	6	247	1	
114	0	166	step_1_no_load	1	2	1	280	
114	0	166	step_2_no_load	3	4	0.356317216644	0.422282731054	3	219	0	
114	0	167	step_1_no_load	1	2	2	44	
114	0	167	step_2_no_load	5	6	0.706271792549	0.585131062446	6	648	0	
114	0	168	step_1_no_load	1	2	1	412	
114	0	168	step_2_no_load	3	4	0.335777599654	0.400817642375	3	236	0	
114	0	169	step_1_no_load	1	2	1	274	
114	0	169	step_2_no_load	3	4	0.365156560071	0.42098542374	3	154	0	
114	0	170	step_1_no_load	1	2	2	181	
114	0	170	step_2_no_load	3	4	0.364989630435	0.411067820436	4	510	0	
114	0	171	step_1_no_load	1	2	2	253	
114	0	171	step_2_no_load	5	6	0.727248140829	0.553314431843	6	226	1	
114	0	172	step_1_no_load	1	2	2	284	
114	0	172	step_2_no_load	5	6	0.668669556875	0.519090471457	6	268	1	
114	0	173	step_1_no_load	1	2	2	355	
114	0	173	step_2_no_load	5	6	0.667027212577	0.484428109849	6	209	1	
114	0	174	step_1_no_load	1	2	2	247	
114	0	174	step_2_no_load	5	6	0.729877433725	0.472729524832	6	271	0	
114	0	175	step_1_no_load	1	2	1	267	
114	0	175	step_2_no_load	5	6	0.693968268443	0.52644949356	5	10	1	
114	0	176	step_1_no_load	1	2	1	299	
114	0	176	step_2_no_load	5	6	0.679250000396	0.474046874473	5	151	0	
114	0	177	step_1_no_load	1	2	2	272	
114	0	177	step_2_no_load	5	6	0.714070205704	0.501268576771	6	246	0	
114	0	178	step_1_no_load	1	2	1	241	
114	0	178	step_2_no_load	3	4	0.49020858644	0.36473828006	3	239	0	
114	0	179	step_1_no_load	1	2	1	271	
114	0	179	step_2_no_load	5	6	0.709345707515	0.457298770028	5	90	1	
114	0	180	step_1_no_load	1	2	1	280	
114	0	180	step_2_no_load	3	4	0.489345734128	0.341214611607	3	273	1	
114	0	181	step_1_no_load	1	2	1	276	
114	0	181	step_2_no_load	3	4	0.480141179559	0.342402764747	3	232	1	
114	0	182	step_1_no_load	1	2	1	314	
114	0	182	step_2_no_load	3	4	0.49907747228	0.340533666308	3	309	0	
114	0	183	step_1_no_load	1	2	1	312	
114	0	183	step_2_no_load	5	6	0.720388040749	0.502991759047	5	271	1	
114	0	184	step_1_no_load	1	2	1	284	
114	0	184	step_2_no_load	3	4	0.480863422096	0.362743255194	3	266	1	
114	0	185	step_1_no_load	1	2	1	274	
114	0	185	step_2_no_load	3	4	0.482228039858	0.362611152222	3	234	0	
114	0	186	step_1_no_load	1	2	1	234	
114	0	186	step_2_no_load	3	4	0.484672582719	0.332733011923	3	231	0	
114	0	187	step_1_no_load	1	2	2	268	
114	0	187	step_2_no_load	5	6	0.678211978625	0.443962917772	6	127	1	
114	0	188	step_1_no_load	1	2	2	272	
114	0	188	step_2_no_load	5	6	0.696362660087	0.471319680586	6	199	0	
114	0	189	step_1_no_load	1	2	1	230	
114	0	189	step_2_no_load	3	4	0.534753756004	0.285168135955	3	108	1	
114	0	190	step_1_no_load	1	2	1	276	
114	0	190	step_2_no_load	5	6	0.667655825994	0.433568856946	5	125	1	
114	0	191	step_1_no_load	1	2	1	272	
114	0	191	step_2_no_load	5	6	0.664271461991	0.435748387321	5	270	1	
114	0	192	step_1_no_load	1	2	1	285	
114	0	192	step_2_no_load	3	4	0.493851022417	0.299297135717	3	208	0	
114	0	193	step_1_no_load	1	2	2	128	
114	0	193	step_2_no_load	5	6	0.679792491164	0.440813209638	6	20	0	
114	0	194	step_1_no_load	1	2	1	300	
114	0	194	step_2_no_load	3	4	0.505359594715	0.342437174514	3	156	1	
114	0	195	step_1_no_load	1	2	1	290	
114	0	195	step_2_no_load	3	4	0.494102184238	0.348571348505	3	272	0	
114	0	196	step_1_no_load	1	2	2	278	
114	0	196	step_2_no_load	5	6	0.695101215304	0.421761207498	6	251	1	
114	0	197	step_1_no_load	1	2	2	265	
114	0	197	step_2_no_load	5	6	0.686552522522	0.422511153127	6	264	0	
114	0	198	step_1_no_load	1	2	1	262	
114	0	198	step_2_no_load	3	4	0.485065498391	0.303352625941	3	228	0	
114	0	199	step_1_no_load	1	2	2	527	
114	0	199	step_2_no_load	5	6	0.73697129762	0.39793773834	6	329	0	
114	0	200	step_1_no_load	1	2	1	257	
114	0	200	step_2_no_load	3	4	0.507902534353	0.299128796668	3	308	0	

Mon Mar 12 15:37:13 2018
