Tue Mar 13 16:50:45 2018	
116	0	1	step_1_no_load	1	2	1	1075	
116	0	1	step_2_no_load	3	4	0.594299910136	0.598297890399	4	860	1	
116	0	2	step_1_no_load	1	2	1	780	
116	0	2	step_2_no_load	3	4	0.610961032466	0.580156942153	4	1091	1	
116	0	3	step_1_no_load	1	2	1	592	
116	0	3	step_2_no_load	3	4	0.589215227351	0.584197065669	4	1287	0	
116	0	4	step_1_no_load	1	2	1	608	
116	0	4	step_2_no_load	5	6	0.494597764192	0.478607661228	6	1459	0	
116	0	5	step_1_no_load	1	2	1	776	
116	0	5	step_2_no_load	3	4	0.576104915614	0.623810210114	3	1434	0	
116	0	6	step_1_no_load	1	2	2	1354	
116	0	6	step_2_no_load	3	4	0.603642866427	0.585722686883	3	1415	1	
116	0	7	step_1_no_load	1	2	1	782	
116	0	7	step_2_no_load	3	4	0.622642364361	0.568656746487	4	941	1	
116	0	8	step_1_no_load	1	2	1	624	
116	0	8	step_2_no_load	3	4	0.624210374623	0.59128639594	4	1229	0	
116	0	9	step_1_no_load	1	2	1	633	
116	0	9	step_2_no_load	5	6	0.54429228266	0.496546708465	5	1218	1	
116	0	10	step_1_no_load	1	2	1	760	
116	0	10	step_2_no_load	3	4	0.636063269715	0.652626043146	3	1190	0	
116	0	11	step_1_no_load	1	2	1	485	
116	0	11	step_2_no_load	3	4	0.609191465743	0.69163818036	4	270	1	
116	0	12	step_1_no_load	1	2	1	704	
116	0	12	step_2_no_load	3	4	0.552770607849	0.682786328054	4	477	1	
116	0	13	step_1_no_load	1	2	1	486	
116	0	13	step_2_no_load	3	4	0.558313135925	0.653587098421	4	821	1	
116	0	14	step_1_no_load	1	2	1	578	
116	0	14	step_2_no_load	3	4	0.545555696267	0.629137942344	4	883	1	
116	0	15	step_1_no_load	1	2	1	345	
116	0	15	step_2_no_load	5	6	0.633564630036	0.505377237737	5	865	1	
116	0	16	step_1_no_load	1	2	1	629	
116	0	16	step_2_no_load	3	4	0.553308964466	0.628091198119	4	1376	1	
116	0	17	step_1_no_load	1	2	1	470	
116	0	17	step_2_no_load	5	6	0.643116883134	0.535958400205	5	1122	1	
116	0	18	step_1_no_load	1	2	1	592	
116	0	18	step_2_no_load	3	4	0.553554620302	0.626834332012	3	1172	1	
116	0	19	step_1_no_load	1	2	1	631	
116	0	19	step_2_no_load	3	4	0.536502319591	0.619895761657	3	838	1	
116	0	20	step_1_no_load	1	2	1	395	
116	0	20	step_2_no_load	3	4	0.491720931314	0.636521555122	3	616	1	
116	0	21	step_1_no_load	1	2	1	658	
116	0	21	step_2_no_load	5	6	0.611328949295	0.49769376036	5	771	1	
116	0	22	step_1_no_load	1	2	1	450	
116	0	22	step_2_no_load	5	6	0.618527126547	0.506100011497	5	886	1	
116	0	23	step_1_no_load	1	2	1	440	
116	0	23	step_2_no_load	5	6	0.604065470975	0.520606588181	5	652	1	
116	0	24	step_1_no_load	1	2	1	442	
116	0	24	step_2_no_load	5	6	0.5800912085	0.505388876622	5	818	1	
116	0	25	step_1_no_load	1	2	1	352	
116	0	25	step_2_no_load	3	4	0.503605105412	0.565698722896	3	754	0	
116	0	26	step_1_no_load	1	2	1	1	
116	0	26	step_2_no_load	5	6	0.640635035276	0.511744353778	5	772	0	
116	0	27	step_1_no_load	1	2	1	406	
116	0	27	step_2_no_load	3	4	0.54756089792	0.57860777711	-1	-1	-1	
116	0	28	step_1_no_load	1	2	1	487	
116	0	28	step_2_no_load	3	4	0.553259388875	0.588356036098	4	378	1	
116	0	29	step_1_no_load	1	2	1	416	
116	0	29	step_2_no_load	3	4	0.561957580386	0.606613029227	4	685	1	
116	0	30	step_1_no_load	1	2	1	409	
116	0	30	step_2_no_load	3	4	0.574272497114	0.608245979832	4	743	1	
116	0	31	step_1_no_load	1	2	2	547	
116	0	31	step_2_no_load	3	4	0.541819886458	0.636602545794	3	1415	1	
116	0	32	step_1_no_load	1	2	2	761	
116	0	32	step_2_no_load	5	6	0.605616211083	0.520318771114	6	1231	0	
116	0	33	step_1_no_load	1	2	2	847	
116	0	33	step_2_no_load	5	6	0.618000238621	0.487664344039	5	753	1	
116	0	34	step_1_no_load	1	2	2	691	
116	0	34	step_2_no_load	5	6	0.670290552209	0.454565258478	5	511	0	
116	0	35	step_1_no_load	1	2	2	658	
116	0	35	step_2_no_load	5	6	0.649776015006	0.491437207585	5	733	1	
116	0	36	step_1_no_load	1	2	2	461	
116	0	36	step_2_no_load	5	6	0.661229326326	0.513210053121	6	603	1	
116	0	37	step_1_no_load	1	2	2	743	
116	0	37	step_2_no_load	5	6	0.660658056664	0.543074626387	6	856	0	
116	0	38	step_1_no_load	1	2	1	387	
116	0	38	step_2_no_load	3	4	0.595113730206	0.539078491643	3	385	1	
116	0	39	step_1_no_load	1	2	1	360	
116	0	39	step_2_no_load	5	6	0.634483337633	0.578640235206	6	232	0	
116	0	40	step_1_no_load	1	2	1	701	
116	0	40	step_2_no_load	3	4	0.607992802154	0.580760785074	3	375	1	
116	0	41	step_1_no_load	1	2	1	307	
116	0	41	step_2_no_load	3	4	0.588857868869	0.524862294848	3	235	0	
116	0	42	step_1_no_load	1	2	2	6	
116	0	42	step_2_no_load	5	6	0.606696263624	0.553461946234	5	934	0	
116	0	43	step_1_no_load	1	2	1	424	
116	0	43	step_2_no_load	3	4	0.612705031264	0.553703096215	3	943	1	
116	0	44	step_1_no_load	1	2	1	557	
116	0	44	step_2_no_load	3	4	0.611481438855	0.541854396676	3	910	0	
116	0	45	step_1_no_load	1	2	1	485	
116	0	45	step_2_no_load	3	4	0.632991467829	0.579346234508	4	356	1	
116	0	46	step_1_no_load	1	2	1	441	
116	0	46	step_2_no_load	5	6	0.654261318712	0.532238720495	5	957	1	
116	0	47	step_1_no_load	1	2	1	637	
116	0	47	step_2_no_load	3	4	0.598724660986	0.546259467838	3	590	0	
116	0	48	step_1_no_load	1	2	1	448	
116	0	48	step_2_no_load	5	6	0.657624935632	0.488280685105	6	274	1	
116	0	49	step_1_no_load	1	2	1	206	
116	0	49	step_2_no_load	5	6	0.614679490594	0.489287375157	6	330	0	
116	0	50	step_1_no_load	1	2	1	261	
116	0	50	step_2_no_load	3	4	0.606862017918	0.481616544184	3	429	1	
116	0	51	step_1_no_load	1	2	1	353	
116	0	51	step_2_no_load	3	4	0.564866799699	0.508197321577	3	429	1	
116	0	52	step_1_no_load	1	2	1	378	
116	0	52	step_2_no_load	3	4	0.539065404057	0.513589895419	3	29	1	
116	0	53	step_1_no_load	1	2	1	511	
116	0	53	step_2_no_load	5	6	0.630956764252	0.451905460347	5	847	1	
116	0	54	step_1_no_load	1	2	2	624	
116	0	54	step_2_no_load	5	6	0.652515308527	0.491512498697	5	747	1	
116	0	55	step_1_no_load	1	2	2	673	
116	0	55	step_2_no_load	3	4	0.574045915747	0.526704292526	4	1438	1	
116	0	56	step_1_no_load	1	2	2	777	
116	0	56	step_2_no_load	5	6	0.60038825769	0.459773408493	6	529	0	
116	0	57	step_1_no_load	1	2	2	318	
116	0	57	step_2_no_load	5	6	0.586335094239	0.466449077359	5	374	0	
116	0	58	step_1_no_load	1	2	2	325	
116	0	58	step_2_no_load	5	6	0.610896130115	0.478335218822	6	385	1	
116	0	59	step_1_no_load	1	2	2	362	
116	0	59	step_2_no_load	5	6	0.608951267756	0.480274332693	6	377	0	
116	0	60	step_1_no_load	1	2	1	290	
116	0	60	step_2_no_load	5	6	0.599559577859	0.491916707098	5	311	1	
116	0	61	step_1_no_load	1	2	1	599	
116	0	61	step_2_no_load	3	4	0.669587072502	0.527144452559	3	323	1	
116	0	62	step_1_no_load	1	2	1	1045	
116	0	62	step_2_no_load	3	4	0.691137204746	0.533031417444	3	1059	0	
116	0	63	step_1_no_load	1	2	1	329	
116	0	63	step_2_no_load	3	4	0.664284493458	0.519445130796	3	735	1	
116	0	64	step_1_no_load	1	2	-1	-1	
116	0	65	step_1_no_load	1	2	2	789	
116	0	65	step_2_no_load	5	6	0.619953360065	0.569109504048	6	522	0	
116	0	66	step_1_no_load	1	2	2	237	
116	0	66	step_2_no_load	5	6	0.630357351236	0.573761869714	6	341	1	
116	0	67	step_1_no_load	1	2	2	313	
116	0	67	step_2_no_load	3	4	0.597650193897	0.538279387614	3	438	0	
116	0	68	step_1_no_load	1	2	1	1264	
116	0	68	step_2_no_load	5	6	0.719455209845	0.509127161919	5	616	1	
116	0	69	step_1_no_load	1	2	1	608	
116	0	69	step_2_no_load	3	4	0.622221685203	0.560462111264	3	360	1	
116	0	70	step_1_no_load	1	2	1	432	
116	0	70	step_2_no_load	3	4	0.637556284465	0.548075770764	4	886	1	
116	0	71	step_1_no_load	1	2	1	631	
116	0	71	step_2_no_load	3	4	0.639174917797	0.546215110045	4	835	1	
116	0	72	step_1_no_load	1	2	1	349	
116	0	72	step_2_no_load	3	4	0.626024641967	0.556486305476	4	271	1	
116	0	73	step_1_no_load	1	2	1	289	
116	0	73	step_2_no_load	5	6	0.727961155836	0.435957313805	6	329	0	
116	0	74	step_1_no_load	1	2	1	418	
116	0	74	step_2_no_load	3	4	0.614462146454	0.491044983779	4	412	1	
116	0	75	step_1_no_load	1	2	1	1280	
116	0	75	step_2_no_load	3	4	0.615552849174	0.483983914712	4	832	0	
116	0	76	step_1_no_load	1	2	1	948	
116	0	76	step_2_no_load	3	4	0.62770291155	0.518881389358	3	876	0	
116	0	77	step_1_no_load	1	2	2	415	
116	0	77	step_2_no_load	5	6	0.679737625371	0.446809557226	5	521	1	
116	0	78	step_1_no_load	1	2	2	651	
116	0	78	step_2_no_load	3	4	0.536711448352	0.538654072849	4	1107	1	
116	0	79	step_1_no_load	1	2	2	742	
116	0	79	step_2_no_load	5	6	0.647841624544	0.389124152368	5	638	1	
116	0	80	step_1_no_load	1	2	2	407	
116	0	80	step_2_no_load	5	6	0.703969305517	0.396016175285	6	31	1	
116	0	81	step_1_no_load	1	2	2	661	
116	0	81	step_2_no_load	3	4	0.529745690463	0.494116554432	3	674	0	
116	0	82	step_1_no_load	1	2	2	387	
116	0	82	step_2_no_load	3	4	0.564729328387	0.482727017837	4	485	1	
116	0	83	step_1_no_load	1	2	2	367	
116	0	83	step_2_no_load	5	6	0.726885136842	0.382772464038	6	797	0	
116	0	84	step_1_no_load	1	2	1	464	
116	0	84	step_2_no_load	3	4	0.65843840156	0.505586222209	3	354	1	
116	0	85	step_1_no_load	1	2	1	318	
116	0	85	step_2_no_load	3	4	0.692384972752	0.485785534744	3	254	1	
116	0	86	step_1_no_load	1	2	2	391	
116	0	86	step_2_no_load	5	6	0.721207648497	0.345323068124	6	497	1	
116	0	87	step_1_no_load	1	2	1	380	
116	0	87	step_2_no_load	3	4	0.719375344246	0.493867001103	4	473	0	
116	0	88	step_1_no_load	1	2	1	381	
116	0	88	step_2_no_load	3	4	0.717410082358	0.509563243675	3	291	1	
116	0	89	step_1_no_load	1	2	1	379	
116	0	89	step_2_no_load	3	4	0.690772436485	0.490019385174	3	423	1	
116	0	90	step_1_no_load	1	2	1	363	
116	0	90	step_2_no_load	3	4	0.712247848046	0.530126112124	3	377	1	
116	0	91	step_1_no_load	1	2	1	251	
116	0	91	step_2_no_load	3	4	0.685023809334	0.479087223222	3	278	1	
116	0	92	step_1_no_load	1	2	1	979	
116	0	92	step_2_no_load	3	4	0.692406274724	0.484260039873	3	624	0	
116	0	93	step_1_no_load	1	2	1	595	
116	0	93	step_2_no_load	3	4	0.70415710998	0.473273727684	3	614	1	
116	0	94	step_1_no_load	1	2	1	526	
116	0	94	step_2_no_load	3	4	0.719464414227	0.468637558205	3	563	0	
116	0	95	step_1_no_load	1	2	1	313	
116	0	95	step_2_no_load	5	6	0.640209855442	0.427150666411	5	236	1	
116	0	96	step_1_no_load	1	2	2	662	
116	0	96	step_2_no_load	5	6	0.663095813561	0.383038640121	6	439	1	
116	0	97	step_1_no_load	1	2	2	733	
116	0	97	step_2_no_load	3	4	0.681272614291	0.455601814112	4	372	0	
116	0	98	step_1_no_load	1	2	2	668	
116	0	98	step_2_no_load	5	6	0.646040060297	0.409778171713	6	307	1	
116	0	99	step_1_no_load	1	2	1	452	
116	0	99	step_2_no_load	5	6	0.645191748454	0.397561363605	5	380	1	
116	0	100	step_1_no_load	1	2	1	277	
116	0	100	step_2_no_load	3	4	0.666227451505	0.363162156005	3	261	0	
116	0	101	step_1_no_load	1	2	1	634	
116	0	101	step_2_no_load	3	4	0.623812401974	0.366879421891	3	390	1	
116	0	102	step_1_no_load	1	2	1	360	
116	0	102	step_2_no_load	5	6	0.663124617603	0.494584754513	5	213	0	
116	0	103	step_1_no_load	1	2	2	694	
116	0	103	step_2_no_load	5	6	0.69058998368	0.481975449893	6	288	0	
116	0	104	step_1_no_load	1	2	1	426	
116	0	104	step_2_no_load	5	6	0.743372642809	0.521047445908	5	257	1	
116	0	105	step_1_no_load	1	2	1	381	
116	0	105	step_2_no_load	3	4	0.689135357059	0.352639603242	3	139	0	
116	0	106	step_1_no_load	1	2	2	430	
116	0	106	step_2_no_load	3	4	0.712883638252	0.374131494222	4	503	0	
116	0	107	step_1_no_load	1	2	1	565	
116	0	107	step_2_no_load	5	6	0.677514185929	0.565220528809	5	458	1	
116	0	108	step_1_no_load	1	2	1	582	
116	0	108	step_2_no_load	3	4	0.695928523711	0.388185708856	3	481	1	
116	0	109	step_1_no_load	1	2	1	493	
116	0	109	step_2_no_load	3	4	0.71632547018	0.372328831887	3	403	1	
116	0	110	step_1_no_load	1	2	1	311	
116	0	110	step_2_no_load	3	4	0.729599891941	0.395544455384	3	281	1	
116	0	111	step_1_no_load	1	2	1	305	
116	0	111	step_2_no_load	3	4	0.724852671171	0.407158158569	3	272	0	
116	0	112	step_1_no_load	1	2	2	573	
116	0	112	step_2_no_load	5	6	0.635252945963	0.392887565883	6	861	0	
116	0	113	step_1_no_load	1	2	2	360	
116	0	113	step_2_no_load	5	6	0.634627459817	0.370697120277	5	363	1	
116	0	114	step_1_no_load	1	2	2	535	
116	0	114	step_2_no_load	3	4	0.718213323791	0.384736699284	3	788	0	
116	0	115	step_1_no_load	1	2	2	546	
116	0	115	step_2_no_load	5	6	0.645721217949	0.390027643099	5	878	0	
116	0	116	step_1_no_load	1	2	2	455	
116	0	116	step_2_no_load	5	6	0.680124293449	0.378149844807	5	535	1	
116	0	117	step_1_no_load	1	2	2	386	
116	0	117	step_2_no_load	5	6	0.671842537277	0.374621793791	5	500	1	
116	0	118	step_1_no_load	1	2	2	973	
116	0	118	step_2_no_load	3	4	0.740051715856	0.362977115924	3	593	1	
116	0	119	step_1_no_load	1	2	-1	-1	
116	0	120	step_1_no_load	1	2	2	403	
116	0	120	step_2_no_load	5	6	0.666433355915	0.370150243662	5	80	1	
116	0	121	step_1_no_load	1	2	2	900	
116	0	121	step_2_no_load	5	6	0.671052306195	0.352721767208	5	469	1	
116	0	122	step_1_no_load	1	2	2	377	
116	0	122	step_2_no_load	5	6	0.672193618854	0.329624572119	-1	-1	-1	
116	0	123	step_1_no_load	1	2	2	350	
116	0	123	step_2_no_load	5	6	0.664849878232	0.337526896345	5	357	1	
116	0	124	step_1_no_load	1	2	1	410	
116	0	124	step_2_no_load	3	4	0.603013298253	0.26095206597	4	407	0	
116	0	125	step_1_no_load	1	2	1	303	
116	0	125	step_2_no_load	3	4	0.559596800931	0.290374841566	4	263	0	
116	0	126	step_1_no_load	1	2	1	340	
116	0	126	step_2_no_load	3	4	0.537863824328	0.267206368684	3	614	1	
116	0	127	step_1_no_load	1	2	1	297	
116	0	127	step_2_no_load	3	4	0.560824094575	0.273483952592	3	388	0	
116	0	128	step_1_no_load	1	2	1	423	
116	0	128	step_2_no_load	3	4	0.636905534066	0.260252451606	3	524	1	
116	0	129	step_1_no_load	1	2	1	313	
116	0	129	step_2_no_load	3	4	0.685297910719	0.268213321963	3	327	0	
116	0	130	step_1_no_load	1	2	1	408	
116	0	130	step_2_no_load	3	4	0.682031489739	0.267460866951	3	402	1	
116	0	131	step_1_no_load	1	2	1	465	
116	0	131	step_2_no_load	5	6	0.638450601212	0.311475039155	5	368	1	
116	0	132	step_1_no_load	1	2	1	407	
116	0	132	step_2_no_load	5	6	0.660013924697	0.315328810424	5	268	0	
116	0	133	step_1_no_load	1	2	2	343	
116	0	133	step_2_no_load	3	4	0.617383991623	0.315608831386	4	255	0	
116	0	134	step_1_no_load	1	2	1	303	
116	0	134	step_2_no_load	3	4	0.621945110858	0.287393715313	3	296	0	
116	0	135	step_1_no_load	1	2	1	744	
116	0	135	step_2_no_load	3	4	0.593710006149	0.300079459047	3	714	1	
116	0	136	step_1_no_load	1	2	1	368	
116	0	136	step_2_no_load	3	4	0.597814413435	0.307766925452	3	358	1	
116	0	137	step_1_no_load	1	2	1	287	
116	0	137	step_2_no_load	5	6	0.668540846495	0.325016613024	5	279	1	
116	0	138	step_1_no_load	1	2	1	349	
116	0	138	step_2_no_load	5	6	0.688182193337	0.307694123906	5	284	0	
116	0	139	step_1_no_load	1	2	1	308	
116	0	139	step_2_no_load	3	4	0.636630981281	0.325611400511	3	444	0	
116	0	140	step_1_no_load	1	2	1	624	
116	0	140	step_2_no_load	3	4	0.671213945178	0.348740542008	3	802	1	
116	0	141	step_1_no_load	1	2	1	488	
116	0	141	step_2_no_load	3	4	0.711987889705	0.390227133375	3	406	1	
116	0	142	step_1_no_load	1	2	1	415	
116	0	142	step_2_no_load	5	6	0.627356259123	0.304203281606	5	428	1	
116	0	143	step_1_no_load	1	2	1	570	
116	0	143	step_2_no_load	3	4	0.661365099615	0.410970957547	3	838	1	
116	0	144	step_1_no_load	1	2	1	346	
116	0	144	step_2_no_load	3	4	0.626443722248	0.389234194056	3	690	1	
116	0	145	step_1_no_load	1	2	1	489	
116	0	145	step_2_no_load	5	6	0.606515632748	0.266265924094	-1	-1	-1	
116	0	146	step_1_no_load	1	2	1	585	
116	0	146	step_2_no_load	3	4	0.681611991725	0.320877500969	3	1317	1	
116	0	147	step_1_no_load	1	2	1	728	
116	0	147	step_2_no_load	3	4	0.647798886916	0.352879785946	3	782	1	
116	0	148	step_1_no_load	1	2	1	347	
116	0	148	step_2_no_load	5	6	0.648050021239	0.305288021243	5	841	1	
116	0	149	step_1_no_load	1	2	1	715	
116	0	149	step_2_no_load	5	6	0.623203869836	0.269951834184	5	1045	1	
116	0	150	step_1_no_load	1	2	1	488	
116	0	150	step_2_no_load	5	6	0.605912419156	0.305587692243	5	1493	1	
116	0	151	step_1_no_load	1	2	1	589	
116	0	151	step_2_no_load	5	6	0.614159737668	0.348172164421	5	340	0	
116	0	152	step_1_no_load	1	2	1	1372	
116	0	152	step_2_no_load	3	4	0.595108765344	0.323194010514	3	828	1	
116	0	153	step_1_no_load	1	2	1	375	
116	0	153	step_2_no_load	3	4	0.613336203392	0.343622632154	3	538	1	
116	0	154	step_1_no_load	1	2	1	441	
116	0	154	step_2_no_load	3	4	0.638934099562	0.348349389262	3	695	0	
116	0	155	step_1_no_load	1	2	2	1	
116	0	155	step_2_no_load	3	4	0.632486591889	0.372188990474	4	931	1	
116	0	156	step_1_no_load	1	2	1	598	
116	0	156	step_2_no_load	3	4	0.631048201903	0.368378667812	4	484	1	
116	0	157	step_1_no_load	1	2	1	570	
116	0	157	step_2_no_load	5	6	0.720725456325	0.350909357271	6	362	0	
116	0	158	step_1_no_load	1	2	1	203	
116	0	158	step_2_no_load	5	6	0.694270715354	0.408728803896	5	578	0	
116	0	159	step_1_no_load	1	2	2	335	
116	0	159	step_2_no_load	3	4	0.541222065796	0.321150411254	4	407	0	
116	0	160	step_1_no_load	1	2	1	300	
116	0	160	step_2_no_load	5	6	0.710728171711	0.415052912783	5	265	0	
116	0	161	step_1_no_load	1	2	1	384	
116	0	161	step_2_no_load	3	4	0.516036498158	0.438878285506	3	78	0	
116	0	162	step_1_no_load	1	2	1	307	
116	0	162	step_2_no_load	3	4	0.566496468084	0.455329532209	3	326	0	
116	0	163	step_1_no_load	1	2	1	283	
116	0	163	step_2_no_load	3	4	0.5863391277	0.430920885959	4	256	1	
116	0	164	step_1_no_load	1	2	1	690	
116	0	164	step_2_no_load	3	4	0.585961845322	0.430844125626	4	428	0	
116	0	165	step_1_no_load	1	2	1	413	
116	0	165	step_2_no_load	3	4	0.538026607649	0.347974240867	3	235	1	
116	0	166	step_1_no_load	1	2	1	486	
116	0	166	step_2_no_load	5	6	0.686594248975	0.422282731054	5	283	1	
116	0	167	step_1_no_load	1	2	1	333	
116	0	167	step_2_no_load	3	4	0.585131062446	0.331115714939	3	272	1	
116	0	168	step_1_no_load	1	2	1	376	
116	0	168	step_2_no_load	3	4	0.613361520676	0.335777599654	3	270	1	
116	0	169	step_1_no_load	1	2	1	402	
116	0	169	step_2_no_load	3	4	0.586049140041	0.365156560071	3	229	1	
116	0	170	step_1_no_load	1	2	1	279	
116	0	170	step_2_no_load	3	4	0.57151385403	0.364989630435	3	268	0	
116	0	171	step_1_no_load	1	2	1	296	
116	0	171	step_2_no_load	3	4	0.553314431843	0.425122034074	3	247	1	
116	0	172	step_1_no_load	1	2	1	328	
116	0	172	step_2_no_load	3	4	0.519090471457	0.490120307546	-1	-1	-1	
116	0	173	step_1_no_load	1	2	1	671	
116	0	173	step_2_no_load	3	4	0.484428109849	0.462866379815	3	274	0	
116	0	174	step_1_no_load	1	2	1	560	
116	0	174	step_2_no_load	3	4	0.472729524832	0.46236234172	3	251	1	
116	0	175	step_1_no_load	1	2	1	367	
116	0	175	step_2_no_load	3	4	0.52644949356	0.484825491933	3	222	1	
116	0	176	step_1_no_load	1	2	1	244	
116	0	176	step_2_no_load	3	4	0.474046874473	0.500856457218	3	214	0	
116	0	177	step_1_no_load	1	2	1	239	
116	0	177	step_2_no_load	3	4	0.501268576771	0.4798184927	3	353	1	
116	0	178	step_1_no_load	1	2	1	118	
116	0	178	step_2_no_load	5	6	0.705993797498	0.36473828006	5	248	0	
116	0	179	step_1_no_load	1	2	1	449	
116	0	179	step_2_no_load	3	4	0.457298770028	0.493565996034	3	506	0	
116	0	180	step_1_no_load	1	2	1	71	
116	0	180	step_2_no_load	5	6	0.719795072986	0.341214611607	5	252	1	
116	0	181	step_1_no_load	1	2	1	463	
116	0	181	step_2_no_load	5	6	0.746910336326	0.342402764747	5	448	1	
116	0	182	step_1_no_load	1	2	1	483	
116	0	182	step_2_no_load	5	6	0.72717560423	0.340533666308	5	245	1	
116	0	183	step_1_no_load	1	2	2	350	
116	0	183	step_2_no_load	3	4	0.502991759047	0.492742497507	4	311	1	
116	0	184	step_1_no_load	1	2	2	500	
116	0	184	step_2_no_load	5	6	0.657291439324	0.362743255194	6	343	0	
116	0	185	step_1_no_load	1	2	2	400	
116	0	185	step_2_no_load	5	6	0.665622647081	0.362611152222	6	212	0	
116	0	186	step_1_no_load	1	2	1	41	
116	0	186	step_2_no_load	3	4	0.46870859828	0.484672582719	3	719	0	
116	0	187	step_1_no_load	1	2	1	386	
116	0	187	step_2_no_load	3	4	0.443962917772	0.498596507669	3	214	0	
116	0	188	step_1_no_load	1	2	2	52	
116	0	188	step_2_no_load	5	6	0.696362660087	0.291508050861	6	246	1	
116	0	189	step_1_no_load	1	2	2	418	
116	0	189	step_2_no_load	5	6	0.688353284054	0.285168135955	6	293	0	
116	0	190	step_1_no_load	1	2	1	288	
116	0	190	step_2_no_load	3	4	0.433568856946	0.505820429042	3	181	1	
116	0	191	step_1_no_load	1	2	1	417	
116	0	191	step_2_no_load	5	6	0.664271461991	0.318839908867	5	216	1	
116	0	192	step_1_no_load	1	2	1	319	
116	0	192	step_2_no_load	5	6	0.705517419189	0.299297135717	-1	-1	-1	
116	0	193	step_1_no_load	1	2	1	247	
116	0	193	step_2_no_load	3	4	0.440813209638	0.504944704439	3	220	0	
116	0	194	step_1_no_load	1	2	1	299	
116	0	194	step_2_no_load	3	4	0.433250459893	0.505359594715	3	165	1	
116	0	195	step_1_no_load	1	2	1	272	
116	0	195	step_2_no_load	3	4	0.466795336969	0.494102184238	3	1019	0	
116	0	196	step_1_no_load	1	2	1	315	
116	0	196	step_2_no_load	3	4	0.421761207498	0.496717662777	3	322	1	
116	0	197	step_1_no_load	1	2	1	181	
116	0	197	step_2_no_load	3	4	0.422511153127	0.47786945426	3	460	0	
116	0	198	step_1_no_load	1	2	1	643	
116	0	198	step_2_no_load	5	6	0.68660989813	0.303352625941	5	351	1	
116	0	199	step_1_no_load	1	2	1	376	
116	0	199	step_2_no_load	3	4	0.39793773834	0.529438031858	4	352	1	
116	0	200	step_1_no_load	1	2	1	603	
116	0	200	step_2_no_load	3	4	0.372436949782	0.507902534353	3	364	0	

Tue Mar 13 17:09:09 2018
