Mon Mar 19 14:55:31 2018	
117	0	1	step_1_no_load	1	2	2	1013	
117	0	1	step_2_no_load	3	4	0.594299910136	0.511789129507	4	1141	0	
117	0	2	step_1_no_load	1	2	2	582	
117	0	2	step_2_no_load	5	6	0.474613197709	0.580156942153	5	1394	0	
117	0	3	step_1_no_load	1	2	1	515	
117	0	3	step_2_no_load	3	4	0.589215227351	0.516002945397	3	780	0	
117	0	4	step_1_no_load	1	2	1	688	
117	0	4	step_2_no_load	3	4	0.564086293706	0.494597764192	4	781	0	
117	0	5	step_1_no_load	1	2	2	549	
117	0	5	step_2_no_load	5	6	0.495568760483	0.623810210114	5	577	1	
117	0	6	step_1_no_load	1	2	2	589	
117	0	6	step_2_no_load	5	6	0.506877622204	0.585722686883	5	398	0	
117	0	7	step_1_no_load	1	2	2	1050	
117	0	7	step_2_no_load	5	6	0.500071913476	0.568656746487	6	543	1	
117	0	8	step_1_no_load	1	2	1	373	
117	0	8	step_2_no_load	5	6	0.489816616396	0.59128639594	6	573	1	
117	0	9	step_1_no_load	1	2	1	377	
117	0	9	step_2_no_load	3	4	0.641106877158	0.54429228266	-1	-1	-1	
117	0	10	step_1_no_load	1	2	2	590	
117	0	10	step_2_no_load	3	4	0.636063269715	0.576063520885	4	706	1	
117	0	11	step_1_no_load	1	2	2	297	
117	0	11	step_2_no_load	5	6	0.477013315682	0.69163818036	5	744	1	
117	0	12	step_1_no_load	1	2	1	451	
117	0	12	step_2_no_load	5	6	0.48457206759	0.682786328054	5	849	0	
117	0	13	step_1_no_load	1	2	2	634	
117	0	13	step_2_no_load	5	6	0.52012981853	0.653587098421	6	1202	1	
117	0	14	step_1_no_load	1	2	2	539	
117	0	14	step_2_no_load	5	6	0.491234392147	0.629137942344	6	812	1	
117	0	15	step_1_no_load	1	2	2	595	
117	0	15	step_2_no_load	3	4	0.570419113221	0.633564630036	3	1358	1	
117	0	16	step_1_no_load	1	2	1	485	
117	0	16	step_2_no_load	3	4	0.553308964466	0.626326396372	3	702	1	
117	0	17	step_1_no_load	1	2	1	440	
117	0	17	step_2_no_load	3	4	0.562895132605	0.643116883134	3	618	0	
117	0	18	step_1_no_load	1	2	2	491	
117	0	18	step_2_no_load	3	4	0.553554620302	0.626895526976	4	736	0	
117	0	19	step_1_no_load	1	2	1	317	
117	0	19	step_2_no_load	3	4	0.536502319591	0.644773170243	4	746	1	
117	0	20	step_1_no_load	1	2	1	350	
117	0	20	step_2_no_load	3	4	0.491720931314	0.60665343963	4	413	1	
117	0	21	step_1_no_load	1	2	1	342	
117	0	21	step_2_no_load	3	4	0.470207377245	0.611328949295	4	635	0	
117	0	22	step_1_no_load	1	2	2	596	
117	0	22	step_2_no_load	5	6	0.506100011497	0.621949894727	5	794	0	
117	0	23	step_1_no_load	1	2	1	362	
117	0	23	step_2_no_load	3	4	0.513759772011	0.604065470975	4	597	1	
117	0	24	step_1_no_load	1	2	1	591	
117	0	24	step_2_no_load	3	4	0.503316199018	0.5800912085	4	456	1	
117	0	25	step_1_no_load	1	2	1	445	
117	0	25	step_2_no_load	3	4	0.503605105412	0.629917901014	4	605	1	
117	0	26	step_1_no_load	1	2	1	373	
117	0	26	step_2_no_load	3	4	0.532884212818	0.640635035276	4	589	0	
117	0	27	step_1_no_load	1	2	2	311	
117	0	27	step_2_no_load	5	6	0.507272671939	0.57860777711	5	1261	1	
117	0	28	step_1_no_load	1	2	2	358	
117	0	28	step_2_no_load	5	6	0.520177259699	0.588356036098	5	400	1	
117	0	29	step_1_no_load	1	2	2	377	
117	0	29	step_2_no_load	5	6	0.521159009103	0.606613029227	5	780	0	
117	0	30	step_1_no_load	1	2	1	560	
117	0	30	step_2_no_load	3	4	0.574272497114	0.610227092493	4	740	1	
117	0	31	step_1_no_load	1	2	1	277	
117	0	31	step_2_no_load	3	4	0.541819886458	0.606122691795	4	538	1	
117	0	32	step_1_no_load	1	2	1	282	
117	0	32	step_2_no_load	3	4	0.522993086096	0.605616211083	4	1131	0	
117	0	33	step_1_no_load	1	2	2	275	
117	0	33	step_2_no_load	5	6	0.487664344039	0.611700032906	5	358	0	
117	0	34	step_1_no_load	1	2	2	224	
117	0	34	step_2_no_load	5	6	0.454565258478	0.575802910074	6	395	0	
117	0	35	step_1_no_load	1	2	1	283	
117	0	35	step_2_no_load	3	4	0.594167768198	0.649776015006	3	888	1	
117	0	36	step_1_no_load	1	2	1	504	
117	0	36	step_2_no_load	5	6	0.513210053121	0.527635087561	5	405	0	
117	0	37	step_1_no_load	1	2	1	352	
117	0	37	step_2_no_load	3	4	0.598446394142	0.660658056664	4	635	1	
117	0	38	step_1_no_load	1	2	1	427	
117	0	38	step_2_no_load	3	4	0.595113730206	0.651263699161	4	373	0	
117	0	39	step_1_no_load	1	2	2	916	
117	0	39	step_2_no_load	5	6	0.578640235206	0.557005857101	5	1060	1	
117	0	40	step_1_no_load	1	2	2	525	
117	0	40	step_2_no_load	5	6	0.5691386571	0.580760785074	5	383	1	
117	0	41	step_1_no_load	1	2	2	452	
117	0	41	step_2_no_load	5	6	0.583829055298	0.524862294848	5	445	0	
117	0	42	step_1_no_load	1	2	2	419	
117	0	42	step_2_no_load	5	6	0.553461946234	0.533857158543	6	476	1	
117	0	43	step_1_no_load	1	2	1	632	
117	0	43	step_2_no_load	5	6	0.548128010644	0.553703096215	6	698	0	
117	0	44	step_1_no_load	1	2	2	350	
117	0	44	step_2_no_load	3	4	0.611481438855	0.589653131867	4	352	0	
117	0	45	step_1_no_load	1	2	1	374	
117	0	45	step_2_no_load	3	4	0.632991467829	0.620699591043	3	531	0	
117	0	46	step_1_no_load	1	2	2	320	
117	0	46	step_2_no_load	3	4	0.600964500555	0.654261318712	3	388	0	
117	0	47	step_1_no_load	1	2	2	417	
117	0	47	step_2_no_load	5	6	0.493112702321	0.546259467838	6	476	1	
117	0	48	step_1_no_load	1	2	2	301	
117	0	48	step_2_no_load	5	6	0.488280685105	0.534690828011	6	351	0	
117	0	49	step_1_no_load	1	2	2	498	
117	0	49	step_2_no_load	3	4	0.610193185592	0.614679490594	3	785	1	
117	0	50	step_1_no_load	1	2	1	365	
117	0	50	step_2_no_load	3	4	0.606862017918	0.593458480934	3	349	1	
117	0	51	step_1_no_load	1	2	1	384	
117	0	51	step_2_no_load	3	4	0.564866799699	0.613357430892	3	399	1	
117	0	52	step_1_no_load	1	2	1	455	
117	0	52	step_2_no_load	5	6	0.429622901875	0.513589895419	6	555	0	
117	0	53	step_1_no_load	1	2	1	429	
117	0	53	step_2_no_load	3	4	0.551457882502	0.630956764252	3	934	1	
117	0	54	step_1_no_load	1	2	1	1260	
117	0	54	step_2_no_load	3	4	0.570223904064	0.652515308527	3	728	1	
117	0	55	step_1_no_load	1	2	1	350	
117	0	55	step_2_no_load	5	6	0.487025527704	0.526704292526	6	700	1	
117	0	56	step_1_no_load	1	2	2	419	
117	0	56	step_2_no_load	5	6	0.459773408493	0.538512915562	6	423	0	
117	0	57	step_1_no_load	1	2	2	455	
117	0	57	step_2_no_load	5	6	0.466449077359	0.516475618243	5	406	1	
117	0	58	step_1_no_load	1	2	2	512	
117	0	58	step_2_no_load	3	4	0.664682809182	0.610896130115	3	773	1	
117	0	59	step_1_no_load	1	2	1	510	
117	0	59	step_2_no_load	5	6	0.480274332693	0.537400760025	6	1091	0	
117	0	60	step_1_no_load	1	2	1	802	
117	0	60	step_2_no_load	5	6	0.491916707098	0.479287247283	5	490	0	
117	0	61	step_1_no_load	1	2	2	343	
117	0	61	step_2_no_load	3	4	0.669587072502	0.602879526975	3	570	1	
117	0	62	step_1_no_load	1	2	2	418	
117	0	62	step_2_no_load	3	4	0.691137204746	0.622820395113	3	455	1	
117	0	63	step_1_no_load	1	2	2	411	
117	0	63	step_2_no_load	5	6	0.53192660365	0.519445130796	6	725	0	
117	0	64	step_1_no_load	1	2	1	456	
117	0	64	step_2_no_load	3	4	0.642369708469	0.626149195169	3	364	0	
117	0	65	step_1_no_load	1	2	2	349	
117	0	65	step_2_no_load	5	6	0.569109504048	0.517687993213	6	374	0	
117	0	66	step_1_no_load	1	2	1	326	
117	0	66	step_2_no_load	3	4	0.606938648072	0.630357351236	4	448	1	
117	0	67	step_1_no_load	1	2	1	402	
117	0	67	step_2_no_load	3	4	0.597650193897	0.674463681351	4	541	1	
117	0	68	step_1_no_load	1	2	1	692	
117	0	68	step_2_no_load	5	6	0.509127161919	0.523301545299	6	541	0	
117	0	69	step_1_no_load	1	2	1	330	
117	0	69	step_2_no_load	3	4	0.622221685203	0.718756538957	3	430	0	
117	0	70	step_1_no_load	1	2	2	270	
117	0	70	step_2_no_load	3	4	0.637556284465	0.697741832068	4	296	1	
117	0	71	step_1_no_load	1	2	1	339	
117	0	71	step_2_no_load	3	4	0.639174917797	0.706816191949	4	384	1	
117	0	72	step_1_no_load	1	2	1	398	
117	0	72	step_2_no_load	3	4	0.626024641967	0.705884789502	4	482	1	
117	0	73	step_1_no_load	1	2	1	365	
117	0	73	step_2_no_load	5	6	0.435957313805	0.50185699984	6	332	1	
117	0	74	step_1_no_load	1	2	2	364	
117	0	74	step_2_no_load	5	6	0.453420386428	0.491044983779	6	549	0	
117	0	75	step_1_no_load	1	2	2	418	
117	0	75	step_2_no_load	3	4	0.615552849174	0.697629587097	3	734	1	
117	0	76	step_1_no_load	1	2	2	490	
117	0	76	step_2_no_load	5	6	0.488583631821	0.518881389358	5	968	1	
117	0	77	step_1_no_load	1	2	1	455	
117	0	77	step_2_no_load	5	6	0.446809557226	0.538119616568	5	605	0	
117	0	78	step_1_no_load	1	2	1	351	
117	0	78	step_2_no_load	5	6	0.435911167612	0.538654072849	5	597	1	
117	0	79	step_1_no_load	1	2	2	333	
117	0	79	step_2_no_load	5	6	0.389124152368	0.540085062695	5	391	0	
117	0	80	step_1_no_load	1	2	2	528	
117	0	80	step_2_no_load	3	4	0.518583383166	0.703969305517	3	598	1	
117	0	81	step_1_no_load	1	2	2	398	
117	0	81	step_2_no_load	5	6	0.419265522488	0.494116554432	6	1241	1	
117	0	82	step_1_no_load	1	2	2	304	
117	0	82	step_2_no_load	5	6	0.395813831323	0.482727017837	6	929	0	
117	0	83	step_1_no_load	1	2	2	304	
117	0	83	step_2_no_load	5	6	0.382772464038	0.483255412498	5	1098	0	
117	0	84	step_1_no_load	1	2	1	314	
117	0	84	step_2_no_load	3	4	0.65843840156	0.731466635793	3	305	1	
117	0	85	step_1_no_load	1	2	1	631	
117	0	85	step_2_no_load	5	6	0.384458259121	0.485785534744	6	363	1	
117	0	86	step_1_no_load	1	2	1	382	
117	0	86	step_2_no_load	3	4	0.691782850001	0.721207648497	3	579	0	
117	0	87	step_1_no_load	1	2	2	398	
117	0	87	step_2_no_load	5	6	0.40000499778	0.493867001103	5	518	0	
117	0	88	step_1_no_load	1	2	2	321	
117	0	88	step_2_no_load	5	6	0.377947492322	0.509563243675	5	502	1	
117	0	89	step_1_no_load	1	2	1	352	
117	0	89	step_2_no_load	3	4	0.690772436485	0.660112261017	4	460	1	
117	0	90	step_1_no_load	1	2	1	318	
117	0	90	step_2_no_load	5	6	0.411459496853	0.530126112124	5	531	0	
117	0	91	step_1_no_load	1	2	1	363	
117	0	91	step_2_no_load	3	4	0.685023809334	0.657820521772	4	677	1	
117	0	92	step_1_no_load	1	2	1	506	
117	0	92	step_2_no_load	5	6	0.444368850664	0.484260039873	5	809	0	
117	0	93	step_1_no_load	1	2	2	349	
117	0	93	step_2_no_load	5	6	0.439878153082	0.473273727684	6	411	0	
117	0	94	step_1_no_load	1	2	2	327	
117	0	94	step_2_no_load	5	6	0.429211756872	0.468637558205	5	391	1	
117	0	95	step_1_no_load	1	2	2	336	
117	0	95	step_2_no_load	3	4	0.715495469274	0.640209855442	3	751	1	
117	0	96	step_1_no_load	1	2	2	258	
117	0	96	step_2_no_load	5	6	0.383038640121	0.437558890646	5	500	0	
117	0	97	step_1_no_load	1	2	2	342	
117	0	97	step_2_no_load	3	4	0.681272614291	0.651202057411	4	256	1	
117	0	98	step_1_no_load	1	2	2	360	
117	0	98	step_2_no_load	5	6	0.409778171713	0.431479829356	5	574	1	
117	0	99	step_1_no_load	1	2	2	355	
117	0	99	step_2_no_load	5	6	0.397561363605	0.375249961522	5	654	1	
117	0	100	step_1_no_load	1	2	2	297	
117	0	100	step_2_no_load	5	6	0.4333505304	0.363162156005	5	413	1	
117	0	101	step_1_no_load	1	2	2	381	
117	0	101	step_2_no_load	3	4	0.623812401974	0.655903528958	4	778	1	
117	0	102	step_1_no_load	1	2	2	354	
117	0	102	step_2_no_load	3	4	0.666304534392	0.663124617603	4	780	0	
117	0	103	step_1_no_load	1	2	2	462	
117	0	103	step_2_no_load	5	6	0.481975449893	0.322834495838	5	384	0	
117	0	104	step_1_no_load	1	2	2	390	
117	0	104	step_2_no_load	5	6	0.521047445908	0.303696146503	6	649	1	
117	0	105	step_1_no_load	1	2	2	321	
117	0	105	step_2_no_load	5	6	0.514318365187	0.352639603242	6	792	0	
117	0	106	step_1_no_load	1	2	2	501	
117	0	106	step_2_no_load	5	6	0.508908032404	0.374131494222	5	439	1	
117	0	107	step_1_no_load	1	2	2	273	
117	0	107	step_2_no_load	5	6	0.565220528809	0.388257337796	5	405	0	
117	0	108	step_1_no_load	1	2	2	358	
117	0	108	step_2_no_load	5	6	0.526955028982	0.388185708856	6	461	1	
117	0	109	step_1_no_load	1	2	2	287	
117	0	109	step_2_no_load	3	4	0.71632547018	0.68658494263	3	846	1	
117	0	110	step_1_no_load	1	2	2	243	
117	0	110	step_2_no_load	3	4	0.729599891941	0.65455226558	3	336	1	
117	0	111	step_1_no_load	1	2	2	271	
117	0	111	step_2_no_load	5	6	0.384948378665	0.407158158569	6	719	0	
117	0	112	step_1_no_load	1	2	2	402	
117	0	112	step_2_no_load	3	4	0.725701866094	0.635252945963	3	335	1	
117	0	113	step_1_no_load	1	2	2	548	
117	0	113	step_2_no_load	5	6	0.370697120277	0.387112818105	5	745	1	
117	0	114	step_1_no_load	1	2	2	422	
117	0	114	step_2_no_load	5	6	0.380324086676	0.384736699284	5	342	0	
117	0	115	step_1_no_load	1	2	2	377	
117	0	115	step_2_no_load	5	6	0.390027643099	0.357661171116	6	327	1	
117	0	116	step_1_no_load	1	2	2	338	
117	0	116	step_2_no_load	5	6	0.378149844807	0.369438791876	6	685	0	
117	0	117	step_1_no_load	1	2	2	351	
117	0	117	step_2_no_load	5	6	0.374621793791	0.363056877927	5	345	0	
117	0	118	step_1_no_load	1	2	1	237	
117	0	118	step_2_no_load	3	4	0.740051715856	0.690484235012	3	393	1	
117	0	119	step_1_no_load	1	2	1	286	
117	0	119	step_2_no_load	5	6	0.357515098446	0.358243439099	5	350	1	
117	0	120	step_1_no_load	1	2	1	431	
117	0	120	step_2_no_load	3	4	0.70587238626	0.666433355915	3	601	1	
117	0	121	step_1_no_load	1	2	1	236	
117	0	121	step_2_no_load	3	4	0.658856304095	0.671052306195	3	268	1	
117	0	122	step_1_no_load	1	2	1	290	
117	0	122	step_2_no_load	5	6	0.329624572119	0.266650857402	6	514	0	
117	0	123	step_1_no_load	1	2	1	258	
117	0	123	step_2_no_load	3	4	0.583607229978	0.664849878232	3	288	1	
117	0	124	step_1_no_load	1	2	1	309	
117	0	124	step_2_no_load	3	4	0.603013298253	0.624161788269	3	316	1	
117	0	125	step_1_no_load	1	2	1	326	
117	0	125	step_2_no_load	3	4	0.559596800931	0.633566302563	3	285	1	
117	0	126	step_1_no_load	1	2	1	244	
117	0	126	step_2_no_load	5	6	0.300846667696	0.267206368684	6	633	0	
117	0	127	step_1_no_load	1	2	1	275	
117	0	127	step_2_no_load	3	4	0.560824094575	0.646945556251	3	389	1	
117	0	128	step_1_no_load	1	2	1	291	
117	0	128	step_2_no_load	3	4	0.636905534066	0.620672334996	3	497	1	
117	0	129	step_1_no_load	1	2	1	280	
117	0	129	step_2_no_load	3	4	0.685297910719	0.632682846317	3	368	0	
117	0	130	step_1_no_load	1	2	1	377	
117	0	130	step_2_no_load	3	4	0.682031489739	0.630285316669	4	600	0	
117	0	131	step_1_no_load	1	2	1	361	
117	0	131	step_2_no_load	3	4	0.678044920845	0.638450601212	3	615	1	
117	0	132	step_1_no_load	1	2	1	343	
117	0	132	step_2_no_load	5	6	0.315328810424	0.27986961048	5	354	0	
117	0	133	step_1_no_load	1	2	1	414	
117	0	133	step_2_no_load	3	4	0.617383991623	0.691649444281	3	366	0	
117	0	134	step_1_no_load	1	2	2	263	
117	0	134	step_2_no_load	5	6	0.302839427162	0.287393715313	5	417	0	
117	0	135	step_1_no_load	1	2	1	381	
117	0	135	step_2_no_load	3	4	0.593710006149	0.700779221781	4	399	1	
117	0	136	step_1_no_load	1	2	1	273	
117	0	136	step_2_no_load	5	6	0.284521085726	0.307766925452	5	879	0	
117	0	137	step_1_no_load	1	2	1	451	
117	0	137	step_2_no_load	3	4	0.605896884497	0.668540846495	4	378	1	
117	0	138	step_1_no_load	1	2	1	394	
117	0	138	step_2_no_load	3	4	0.63240964674	0.688182193337	4	431	1	
117	0	139	step_1_no_load	1	2	1	372	
117	0	139	step_2_no_load	3	4	0.636630981281	0.696355985729	4	332	1	
117	0	140	step_1_no_load	1	2	1	518	
117	0	140	step_2_no_load	3	4	0.671213945178	0.637682840728	4	449	1	
117	0	141	step_1_no_load	1	2	1	644	
117	0	141	step_2_no_load	3	4	0.711987889705	0.616803346728	4	311	1	
117	0	142	step_1_no_load	1	2	1	496	
117	0	142	step_2_no_load	5	6	0.304203281606	0.397052682821	5	795	0	
117	0	143	step_1_no_load	1	2	1	328	
117	0	143	step_2_no_load	3	4	0.661365099615	0.610219102298	4	472	0	
117	0	144	step_1_no_load	1	2	2	513	
117	0	144	step_2_no_load	5	6	0.275932517017	0.389234194056	5	286	0	
117	0	145	step_1_no_load	1	2	1	818	
117	0	145	step_2_no_load	5	6	0.266265924094	0.355256413269	5	320	1	
117	0	146	step_1_no_load	1	2	2	313	
117	0	146	step_2_no_load	3	4	0.681611991725	0.593778463268	3	628	1	
117	0	147	step_1_no_load	1	2	2	322	
117	0	147	step_2_no_load	5	6	0.265578160642	0.352879785946	5	761	0	
117	0	148	step_1_no_load	1	2	1	439	
117	0	148	step_2_no_load	3	4	0.619272702026	0.648050021239	4	575	1	
117	0	149	step_1_no_load	1	2	1	314	
117	0	149	step_2_no_load	3	4	0.601870110183	0.623203869836	4	377	0	
117	0	150	step_1_no_load	1	2	1	328	
117	0	150	step_2_no_load	5	6	0.305587692243	0.306860041627	5	522	0	
117	0	151	step_1_no_load	1	2	1	353	
117	0	151	step_2_no_load	5	6	0.348172164421	0.310557101463	6	439	0	
117	0	152	step_1_no_load	1	2	1	369	
117	0	152	step_2_no_load	3	4	0.595108765344	0.644204174791	3	412	0	
117	0	153	step_1_no_load	1	2	2	449	
117	0	153	step_2_no_load	3	4	0.613336203392	0.681559292085	3	510	1	
117	0	154	step_1_no_load	1	2	1	616	
117	0	154	step_2_no_load	5	6	0.316375537537	0.348349389262	6	680	0	
117	0	155	step_1_no_load	1	2	2	377	
117	0	155	step_2_no_load	5	6	0.296093457977	0.372188990474	5	396	0	
117	0	156	step_1_no_load	1	2	1	355	
117	0	156	step_2_no_load	3	4	0.631048201903	0.734436160799	3	520	1	
117	0	157	step_1_no_load	1	2	1	296	
117	0	157	step_2_no_load	3	4	0.585191807512	0.720725456325	3	433	0	
117	0	158	step_1_no_load	1	2	1	324	
117	0	158	step_2_no_load	5	6	0.408728803896	0.334595868098	6	392	0	
117	0	159	step_1_no_load	1	2	1	356	
117	0	159	step_2_no_load	5	6	0.413026375257	0.321150411254	5	384	1	
117	0	160	step_1_no_load	1	2	1	371	
117	0	160	step_2_no_load	5	6	0.415052912783	0.355992626298	5	441	0	
117	0	161	step_1_no_load	1	2	2	431	
117	0	161	step_2_no_load	5	6	0.407025633682	0.438878285506	5	744	0	
117	0	162	step_1_no_load	1	2	2	411	
117	0	162	step_2_no_load	5	6	0.3926701003	0.455329532209	6	381	0	
117	0	163	step_1_no_load	1	2	1	267	
117	0	163	step_2_no_load	3	4	0.5863391277	0.697095951435	4	355	1	
117	0	164	step_1_no_load	1	2	1	401	
117	0	164	step_2_no_load	3	4	0.585961845322	0.692137394606	4	474	1	
117	0	165	step_1_no_load	1	2	1	356	
117	0	165	step_2_no_load	3	4	0.538026607649	0.717506143195	3	389	1	
117	0	166	step_1_no_load	1	2	1	351	
117	0	166	step_2_no_load	3	4	0.549095060025	0.686594248975	3	368	1	
117	0	167	step_1_no_load	1	2	1	510	
117	0	167	step_2_no_load	3	4	0.585131062446	0.706271792549	3	320	0	
117	0	168	step_1_no_load	1	2	1	310	
117	0	168	step_2_no_load	3	4	0.613361520676	0.67192508984	4	751	0	
117	0	169	step_1_no_load	1	2	1	356	
117	0	169	step_2_no_load	5	6	0.42098542374	0.365156560071	5	751	0	
117	0	170	step_1_no_load	1	2	1	520	
117	0	170	step_2_no_load	3	4	0.57151385403	0.67334314737	3	292	1	
117	0	171	step_1_no_load	1	2	1	308	
117	0	171	step_2_no_load	3	4	0.553314431843	0.727248140829	3	244	1	
117	0	172	step_1_no_load	1	2	1	327	
117	0	172	step_2_no_load	3	4	0.519090471457	0.668669556875	3	355	0	
117	0	173	step_1_no_load	1	2	1	392	
117	0	173	step_2_no_load	5	6	0.385349297983	0.462866379815	6	383	1	
117	0	174	step_1_no_load	1	2	2	278	
117	0	174	step_2_no_load	3	4	0.472729524832	0.729877433725	4	423	0	
117	0	175	step_1_no_load	1	2	1	339	
117	0	175	step_2_no_load	3	4	0.52644949356	0.693968268443	4	531	0	
117	0	176	step_1_no_load	1	2	1	401	
117	0	176	step_2_no_load	5	6	0.383231572002	0.500856457218	5	460	0	
117	0	177	step_1_no_load	1	2	2	391	
117	0	177	step_2_no_load	5	6	0.357425668099	0.4798184927	6	334	0	
117	0	178	step_1_no_load	1	2	1	297	
117	0	178	step_2_no_load	5	6	0.36473828006	0.49020858644	6	507	1	
117	0	179	step_1_no_load	1	2	2	335	
117	0	179	step_2_no_load	5	6	0.324685418097	0.493565996034	6	368	0	
117	0	180	step_1_no_load	1	2	1	320	
117	0	180	step_2_no_load	3	4	0.482853857291	0.719795072986	3	585	0	
117	0	181	step_1_no_load	1	2	2	663	
117	0	181	step_2_no_load	5	6	0.342402764747	0.480141179559	5	571	0	
117	0	182	step_1_no_load	1	2	1	309	
117	0	182	step_2_no_load	3	4	0.506773281362	0.72717560423	4	479	1	
117	0	183	step_1_no_load	1	2	1	710	
117	0	183	step_2_no_load	3	4	0.502991759047	0.720388040749	4	426	1	
117	0	184	step_1_no_load	1	2	1	436	
117	0	184	step_2_no_load	3	4	0.460890977786	0.657291439324	4	400	1	
117	0	185	step_1_no_load	1	2	1	891	
117	0	185	step_2_no_load	3	4	0.479703516092	0.665622647081	4	521	0	
117	0	186	step_1_no_load	1	2	1	408	
117	0	186	step_2_no_load	3	4	0.46870859828	0.656308636836	3	480	1	
117	0	187	step_1_no_load	1	2	1	307	
117	0	187	step_2_no_load	5	6	0.328890769988	0.498596507669	6	450	1	
117	0	188	step_1_no_load	1	2	2	407	
117	0	188	step_2_no_load	5	6	0.291508050861	0.548350535247	6	828	1	
117	0	189	step_1_no_load	1	2	2	547	
117	0	189	step_2_no_load	5	6	0.285168135955	0.534753756004	6	334	0	
117	0	190	step_1_no_load	1	2	1	441	
117	0	190	step_2_no_load	5	6	0.304557739386	0.505820429042	5	349	1	
117	0	191	step_1_no_load	1	2	1	398	
117	0	191	step_2_no_load	5	6	0.318839908867	0.512103523931	5	580	0	
117	0	192	step_1_no_load	1	2	2	466	
117	0	192	step_2_no_load	5	6	0.299297135717	0.493851022417	6	443	0	
117	0	193	step_1_no_load	1	2	1	332	
117	0	193	step_2_no_load	3	4	0.440813209638	0.679792491164	4	467	1	
117	0	194	step_1_no_load	1	2	1	335	
117	0	194	step_2_no_load	3	4	0.433250459893	0.655261361454	4	361	1	
117	0	195	step_1_no_load	1	2	1	342	
117	0	195	step_2_no_load	5	6	0.348571348505	0.494102184238	5	329	0	
117	0	196	step_1_no_load	1	2	2	302	
117	0	196	step_2_no_load	5	6	0.365373286058	0.496717662777	6	269	0	
117	0	197	step_1_no_load	1	2	1	350	
117	0	197	step_2_no_load	3	4	0.422511153127	0.686552522522	3	354	0	
117	0	198	step_1_no_load	1	2	1	251	
117	0	198	step_2_no_load	3	4	0.397292432346	0.68660989813	4	323	0	
117	0	199	step_1_no_load	1	2	1	245	
117	0	199	step_2_no_load	3	4	0.39793773834	0.73697129762	3	246	0	
117	0	200	step_1_no_load	1	2	2	289	
117	0	200	step_2_no_load	3	4	0.372436949782	0.728996708473	4	373	0	

Mon Mar 19 15:13:14 2018
