Tue Mar 20 15:10:09 2018	
119	0	1	step_1_no_load	1	2	1	936	
119	0	1	step_2_no_load	3	4	0.594299910136	0.511789129507	4	842	1	
119	0	2	step_1_no_load	1	2	1	431	
119	0	2	step_2_no_load	5	6	0.580156942153	0.474613197709	6	428	1	
119	0	3	step_1_no_load	1	2	1	389	
119	0	3	step_2_no_load	3	4	0.589215227351	0.516002945397	3	843	0	
119	0	4	step_1_no_load	1	2	1	432	
119	0	4	step_2_no_load	3	4	0.564086293706	0.494597764192	-1	-1	-1	
119	0	5	step_1_no_load	1	2	2	672	
119	0	5	step_2_no_load	3	4	0.576104915614	0.543908521457	3	644	1	
119	0	6	step_1_no_load	1	2	2	575	
119	0	6	step_2_no_load	5	6	0.585722686883	0.506877622204	5	756	1	
119	0	7	step_1_no_load	1	2	2	544	
119	0	7	step_2_no_load	5	6	0.568656746487	0.500071913476	5	523	1	
119	0	8	step_1_no_load	1	2	2	568	
119	0	8	step_2_no_load	5	6	0.59128639594	0.489816616396	5	445	0	
119	0	9	step_1_no_load	1	2	1	475	
119	0	9	step_2_no_load	3	4	0.641106877158	0.54429228266	3	955	1	
119	0	10	step_1_no_load	1	2	1	593	
119	0	10	step_2_no_load	3	4	0.636063269715	0.576063520885	3	448	1	
119	0	11	step_1_no_load	1	2	2	794	
119	0	11	step_2_no_load	5	6	0.69163818036	0.477013315682	6	502	1	
119	0	12	step_1_no_load	1	2	2	553	
119	0	12	step_2_no_load	3	4	0.552770607849	0.597131918027	4	462	0	
119	0	13	step_1_no_load	1	2	1	657	
119	0	13	step_2_no_load	3	4	0.558313135925	0.595790490356	3	397	1	
119	0	14	step_1_no_load	1	2	1	538	
119	0	14	step_2_no_load	3	4	0.545555696267	0.611256675753	4	490	1	
119	0	15	step_1_no_load	1	2	2	369	
119	0	15	step_2_no_load	5	6	0.612260006668	0.505377237737	5	635	0	
119	0	16	step_1_no_load	1	2	2	523	
119	0	16	step_2_no_load	3	4	0.553308964466	0.626326396372	4	365	1	
119	0	17	step_1_no_load	1	2	2	475	
119	0	17	step_2_no_load	5	6	0.633350170016	0.535958400205	6	295	1	
119	0	18	step_1_no_load	1	2	2	428	
119	0	18	step_2_no_load	5	6	0.626834332012	0.517514133912	5	726	1	
119	0	19	step_1_no_load	1	2	2	524	
119	0	19	step_2_no_load	5	6	0.619895761657	0.498240186199	5	524	1	
119	0	20	step_1_no_load	1	2	2	630	
119	0	20	step_2_no_load	3	4	0.491720931314	0.60665343963	4	618	1	
119	0	21	step_1_no_load	1	2	1	587	
119	0	21	step_2_no_load	5	6	0.630305464549	0.49769376036	6	693	1	
119	0	22	step_1_no_load	1	2	2	486	
119	0	22	step_2_no_load	3	4	0.468700882609	0.618527126547	4	717	1	
119	0	23	step_1_no_load	1	2	1	376	
119	0	23	step_2_no_load	3	4	0.513759772011	0.604065470975	4	420	0	
119	0	24	step_1_no_load	1	2	1	492	
119	0	24	step_2_no_load	3	4	0.503316199018	0.5800912085	3	426	0	
119	0	25	step_1_no_load	1	2	2	343	
119	0	25	step_2_no_load	5	6	0.565698722896	0.503316372362	5	588	0	
119	0	26	step_1_no_load	1	2	2	361	
119	0	26	step_2_no_load	5	6	0.592410219737	0.511744353778	6	596	0	
119	0	27	step_1_no_load	1	2	2	494	
119	0	27	step_2_no_load	5	6	0.57860777711	0.507272671939	5	549	1	
119	0	28	step_1_no_load	1	2	2	457	
119	0	28	step_2_no_load	5	6	0.588356036098	0.520177259699	5	439	0	
119	0	29	step_1_no_load	1	2	2	306	
119	0	29	step_2_no_load	5	6	0.606613029227	0.521159009103	6	476	0	
119	0	30	step_1_no_load	1	2	2	348	
119	0	30	step_2_no_load	5	6	0.608245979832	0.4919199548	5	470	1	
119	0	31	step_1_no_load	1	2	1	611	
119	0	31	step_2_no_load	3	4	0.541819886458	0.606122691795	4	562	0	
119	0	32	step_1_no_load	1	2	2	475	
119	0	32	step_2_no_load	3	4	0.522993086096	0.605616211083	3	564	0	
119	0	33	step_1_no_load	1	2	1	450	
119	0	33	step_2_no_load	3	4	0.542309898544	0.618000238621	4	852	1	
119	0	34	step_1_no_load	1	2	1	490	
119	0	34	step_2_no_load	3	4	0.538523758058	0.670290552209	4	357	1	
119	0	35	step_1_no_load	1	2	1	481	
119	0	35	step_2_no_load	5	6	0.566827313385	0.491437207585	6	932	0	
119	0	36	step_1_no_load	1	2	2	432	
119	0	36	step_2_no_load	5	6	0.527635087561	0.513210053121	5	524	1	
119	0	37	step_1_no_load	1	2	2	458	
119	0	37	step_2_no_load	5	6	0.513822304161	0.543074626387	5	399	0	
119	0	38	step_1_no_load	1	2	2	295	
119	0	38	step_2_no_load	3	4	0.595113730206	0.651263699161	4	455	1	
119	0	39	step_1_no_load	1	2	2	365	
119	0	39	step_2_no_load	5	6	0.557005857101	0.578640235206	5	708	1	
119	0	40	step_1_no_load	1	2	2	319	
119	0	40	step_2_no_load	3	4	0.607992802154	0.636994900683	4	695	0	
119	0	41	step_1_no_load	1	2	2	527	
119	0	41	step_2_no_load	3	4	0.588857868869	0.633285941184	3	519	1	
119	0	42	step_1_no_load	1	2	1	562	
119	0	42	step_2_no_load	3	4	0.609164606591	0.606696263624	3	1093	1	
119	0	43	step_1_no_load	1	2	1	436	
119	0	43	step_2_no_load	3	4	0.612705031264	0.581931546759	3	405	1	
119	0	44	step_1_no_load	1	2	1	565	
119	0	44	step_2_no_load	5	6	0.541854396676	0.537842745081	5	363	1	
119	0	45	step_1_no_load	1	2	1	503	
119	0	45	step_2_no_load	3	4	0.632991467829	0.620699591043	4	629	1	
119	0	46	step_1_no_load	1	2	1	377	
119	0	46	step_2_no_load	3	4	0.600964500555	0.654261318712	4	373	1	
119	0	47	step_1_no_load	1	2	2	450	
119	0	47	step_2_no_load	5	6	0.546259467838	0.493112702321	5	477	0	
119	0	48	step_1_no_load	1	2	1	429	
119	0	48	step_2_no_load	3	4	0.615767119776	0.657624935632	4	511	0	
119	0	49	step_1_no_load	1	2	1	374	
119	0	49	step_2_no_load	3	4	0.610193185592	0.614679490594	3	488	1	
119	0	50	step_1_no_load	1	2	1	381	
119	0	50	step_2_no_load	5	6	0.481616544184	0.47381367271	5	468	1	
119	0	51	step_1_no_load	1	2	1	397	
119	0	51	step_2_no_load	5	6	0.508197321577	0.469943944943	5	394	0	
119	0	52	step_1_no_load	1	2	2	368	
119	0	52	step_2_no_load	5	6	0.513589895419	0.429622901875	5	388	0	
119	0	53	step_1_no_load	1	2	2	344	
119	0	53	step_2_no_load	5	6	0.475342927439	0.451905460347	6	551	1	
119	0	54	step_1_no_load	1	2	2	373	
119	0	54	step_2_no_load	5	6	0.493362545513	0.491512498697	6	435	0	
119	0	55	step_1_no_load	1	2	1	337	
119	0	55	step_2_no_load	5	6	0.526704292526	0.487025527704	5	588	0	
119	0	56	step_1_no_load	1	2	1	385	
119	0	56	step_2_no_load	5	6	0.538512915562	0.459773408493	6	438	1	
119	0	57	step_1_no_load	1	2	1	363	
119	0	57	step_2_no_load	3	4	0.641849303307	0.586335094239	4	305	1	
119	0	58	step_1_no_load	1	2	1	432	
119	0	58	step_2_no_load	3	4	0.664682809182	0.610896130115	4	602	1	
119	0	59	step_1_no_load	1	2	1	493	
119	0	59	step_2_no_load	5	6	0.537400760025	0.480274332693	5	626	1	
119	0	60	step_1_no_load	1	2	1	612	
119	0	60	step_2_no_load	3	4	0.623687406259	0.599559577859	4	586	1	
119	0	61	step_1_no_load	1	2	1	415	
119	0	61	step_2_no_load	5	6	0.527144452559	0.464268875813	5	538	0	
119	0	62	step_1_no_load	1	2	1	526	
119	0	62	step_2_no_load	5	6	0.533031417444	0.50724109756	5	607	0	
119	0	63	step_1_no_load	1	2	2	446	
119	0	63	step_2_no_load	3	4	0.664284493458	0.642623127313	3	667	0	
119	0	64	step_1_no_load	1	2	2	457	
119	0	64	step_2_no_load	5	6	0.533849886794	0.555062911513	6	537	0	
119	0	65	step_1_no_load	1	2	1	454	
119	0	65	step_2_no_load	5	6	0.517687993213	0.569109504048	5	670	1	
119	0	66	step_1_no_load	1	2	1	655	
119	0	66	step_2_no_load	3	4	0.606938648072	0.630357351236	4	501	0	
119	0	67	step_1_no_load	1	2	1	428	
119	0	67	step_2_no_load	5	6	0.538279387614	0.542076810516	5	575	0	
119	0	68	step_1_no_load	1	2	1	608	
119	0	68	step_2_no_load	3	4	0.622963076372	0.719455209845	3	1008	1	
119	0	69	step_1_no_load	1	2	1	487	
119	0	69	step_2_no_load	5	6	0.560462111264	0.499137600991	6	444	0	
119	0	70	step_1_no_load	1	2	1	384	
119	0	70	step_2_no_load	3	4	0.637556284465	0.697741832068	3	442	1	
119	0	71	step_1_no_load	1	2	2	409	
119	0	71	step_2_no_load	5	6	0.546215110045	0.482863323776	6	532	0	
119	0	72	step_1_no_load	1	2	2	478	
119	0	72	step_2_no_load	5	6	0.556486305476	0.47409116389	5	733	0	
119	0	73	step_1_no_load	1	2	1	361	
119	0	73	step_2_no_load	5	6	0.50185699984	0.435957313805	5	870	1	
119	0	74	step_1_no_load	1	2	1	393	
119	0	74	step_2_no_load	3	4	0.614462146454	0.693624670847	4	548	1	
119	0	75	step_1_no_load	1	2	1	426	
119	0	75	step_2_no_load	3	4	0.615552849174	0.697629587097	4	531	1	
119	0	76	step_1_no_load	1	2	1	409	
119	0	76	step_2_no_load	3	4	0.62770291155	0.690117652944	4	446	1	
119	0	77	step_1_no_load	1	2	1	380	
119	0	77	step_2_no_load	3	4	0.564257587118	0.679737625371	4	481	1	
119	0	78	step_1_no_load	1	2	1	343	
119	0	78	step_2_no_load	5	6	0.538654072849	0.435911167612	5	471	0	
119	0	79	step_1_no_load	1	2	1	630	
119	0	79	step_2_no_load	3	4	0.513695512795	0.647841624544	4	440	0	
119	0	80	step_1_no_load	1	2	1	551	
119	0	80	step_2_no_load	3	4	0.518583383166	0.703969305517	4	864	1	
119	0	81	step_1_no_load	1	2	1	357	
119	0	81	step_2_no_load	5	6	0.494116554432	0.419265522488	6	488	0	
119	0	82	step_1_no_load	1	2	1	335	
119	0	82	step_2_no_load	5	6	0.482727017837	0.395813831323	5	623	1	
119	0	83	step_1_no_load	1	2	1	565	
119	0	83	step_2_no_load	3	4	0.607907985871	0.726885136842	4	722	1	
119	0	84	step_1_no_load	1	2	1	354	
119	0	84	step_2_no_load	5	6	0.505586222209	0.385087938645	5	690	0	
119	0	85	step_1_no_load	1	2	1	366	
119	0	85	step_2_no_load	3	4	0.692384972752	0.712989604416	4	521	1	
119	0	86	step_1_no_load	1	2	1	369	
119	0	86	step_2_no_load	3	4	0.691782850001	0.721207648497	4	534	1	
119	0	87	step_1_no_load	1	2	1	471	
119	0	87	step_2_no_load	5	6	0.493867001103	0.40000499778	6	472	1	
119	0	88	step_1_no_load	1	2	1	396	
119	0	88	step_2_no_load	3	4	0.717410082358	0.696773608304	4	821	1	
119	0	89	step_1_no_load	1	2	1	392	
119	0	89	step_2_no_load	5	6	0.490019385174	0.415882489686	6	643	0	
119	0	90	step_1_no_load	1	2	1	383	
119	0	90	step_2_no_load	5	6	0.530126112124	0.411459496853	5	614	1	
119	0	91	step_1_no_load	1	2	1	351	
119	0	91	step_2_no_load	3	4	0.685023809334	0.657820521772	4	665	0	
119	0	92	step_1_no_load	1	2	1	405	
119	0	92	step_2_no_load	3	4	0.692406274724	0.679381608313	3	604	0	
119	0	93	step_1_no_load	1	2	1	416	
119	0	93	step_2_no_load	3	4	0.70415710998	0.662863370634	4	511	0	
119	0	94	step_1_no_load	1	2	2	372	
119	0	94	step_2_no_load	5	6	0.468637558205	0.429211756872	6	638	1	
119	0	95	step_1_no_load	1	2	2	391	
119	0	95	step_2_no_load	5	6	0.42505578884	0.427150666411	6	493	1	
119	0	96	step_1_no_load	1	2	2	384	
119	0	96	step_2_no_load	5	6	0.437558890646	0.383038640121	6	456	1	
119	0	97	step_1_no_load	1	2	2	573	
119	0	97	step_2_no_load	3	4	0.681272614291	0.651202057411	3	499	0	
119	0	98	step_1_no_load	1	2	2	432	
119	0	98	step_2_no_load	5	6	0.431479829356	0.409778171713	6	327	1	
119	0	99	step_1_no_load	1	2	2	374	
119	0	99	step_2_no_load	5	6	0.375249961522	0.397561363605	6	496	0	
119	0	100	step_1_no_load	1	2	2	480	
119	0	100	step_2_no_load	5	6	0.363162156005	0.4333505304	6	676	0	
119	0	101	step_1_no_load	1	2	2	400	
119	0	101	step_2_no_load	3	4	0.623812401974	0.655903528958	4	384	1	
119	0	102	step_1_no_load	1	2	2	324	
119	0	102	step_2_no_load	5	6	0.326080462175	0.494584754513	6	599	1	
119	0	103	step_1_no_load	1	2	2	492	
119	0	103	step_2_no_load	5	6	0.322834495838	0.481975449893	6	346	1	
119	0	104	step_1_no_load	1	2	2	391	
119	0	104	step_2_no_load	5	6	0.303696146503	0.521047445908	5	326	0	
119	0	105	step_1_no_load	1	2	2	322	
119	0	105	step_2_no_load	3	4	0.689135357059	0.722851301692	4	272	0	
119	0	106	step_1_no_load	1	2	2	450	
119	0	106	step_2_no_load	5	6	0.374131494222	0.508908032404	6	336	1	
119	0	107	step_1_no_load	1	2	2	738	
119	0	107	step_2_no_load	5	6	0.388257337796	0.565220528809	6	362	1	
119	0	108	step_1_no_load	1	2	2	350	
119	0	108	step_2_no_load	5	6	0.388185708856	0.526955028982	6	303	1	
119	0	109	step_1_no_load	1	2	2	418	
119	0	109	step_2_no_load	5	6	0.372328831887	0.479977531501	6	338	1	
119	0	110	step_1_no_load	1	2	2	347	
119	0	110	step_2_no_load	5	6	0.395544455384	0.432626681236	6	473	0	
119	0	111	step_1_no_load	1	2	1	381	
119	0	111	step_2_no_load	3	4	0.724852671171	0.634599547742	4	508	0	
119	0	112	step_1_no_load	1	2	2	333	
119	0	112	step_2_no_load	3	4	0.725701866094	0.635252945963	4	307	1	
119	0	113	step_1_no_load	1	2	2	371	
119	0	113	step_2_no_load	5	6	0.387112818105	0.370697120277	6	354	1	
119	0	114	step_1_no_load	1	2	2	336	
119	0	114	step_2_no_load	3	4	0.718213323791	0.657654904272	4	339	0	
119	0	115	step_1_no_load	1	2	1	424	
119	0	115	step_2_no_load	5	6	0.357661171116	0.390027643099	5	456	1	
119	0	116	step_1_no_load	1	2	1	421	
119	0	116	step_2_no_load	3	4	0.706736514943	0.680124293449	4	502	1	
119	0	117	step_1_no_load	1	2	1	337	
119	0	117	step_2_no_load	5	6	0.363056877927	0.374621793791	5	498	1	
119	0	118	step_1_no_load	1	2	1	451	
119	0	118	step_2_no_load	3	4	0.740051715856	0.690484235012	4	516	1	
119	0	119	step_1_no_load	1	2	1	419	
119	0	119	step_2_no_load	3	4	0.690424535099	0.661177321751	4	462	1	
119	0	120	step_1_no_load	1	2	1	459	
119	0	120	step_2_no_load	3	4	0.70587238626	0.666433355915	4	532	0	
119	0	121	step_1_no_load	1	2	2	367	
119	0	121	step_2_no_load	5	6	0.310775244958	0.352721767208	6	413	1	
119	0	122	step_1_no_load	1	2	2	389	
119	0	122	step_2_no_load	5	6	0.266650857402	0.329624572119	6	399	0	
119	0	123	step_1_no_load	1	2	1	382	
119	0	123	step_2_no_load	3	4	0.583607229978	0.664849878232	3	382	1	
119	0	124	step_1_no_load	1	2	1	631	
119	0	124	step_2_no_load	3	4	0.603013298253	0.624161788269	3	419	1	
119	0	125	step_1_no_load	1	2	1	414	
119	0	125	step_2_no_load	3	4	0.559596800931	0.633566302563	3	513	0	
119	0	126	step_1_no_load	1	2	2	375	
119	0	126	step_2_no_load	5	6	0.267206368684	0.300846667696	6	340	0	
119	0	127	step_1_no_load	1	2	2	355	
119	0	127	step_2_no_load	3	4	0.560824094575	0.646945556251	4	593	1	
119	0	128	step_1_no_load	1	2	2	407	
119	0	128	step_2_no_load	5	6	0.260252451606	0.250790232267	5	695	0	
119	0	129	step_1_no_load	1	2	2	300	
119	0	129	step_2_no_load	3	4	0.685297910719	0.632682846317	4	337	0	
119	0	130	step_1_no_load	1	2	2	362	
119	0	130	step_2_no_load	5	6	0.267460866951	0.274560758494	6	789	1	
119	0	131	step_1_no_load	1	2	2	357	
119	0	131	step_2_no_load	3	4	0.678044920845	0.638450601212	3	560	1	
119	0	132	step_1_no_load	1	2	2	282	
119	0	132	step_2_no_load	5	6	0.27986961048	0.315328810424	6	448	0	
119	0	133	step_1_no_load	1	2	1	423	
119	0	133	step_2_no_load	3	4	0.617383991623	0.691649444281	3	503	0	
119	0	134	step_1_no_load	1	2	1	457	
119	0	134	step_2_no_load	3	4	0.621945110858	0.685529359147	4	952	1	
119	0	135	step_1_no_load	1	2	1	833	
119	0	135	step_2_no_load	3	4	0.593710006149	0.700779221781	4	459	1	
119	0	136	step_1_no_load	1	2	1	344	
119	0	136	step_2_no_load	5	6	0.307766925452	0.284521085726	5	653	0	
119	0	137	step_1_no_load	1	2	1	474	
119	0	137	step_2_no_load	3	4	0.605896884497	0.668540846495	4	628	0	
119	0	138	step_1_no_load	1	2	1	552	
119	0	138	step_2_no_load	3	4	0.63240964674	0.688182193337	3	557	0	
119	0	139	step_1_no_load	1	2	2	656	
119	0	139	step_2_no_load	5	6	0.325611400511	0.323660750961	6	970	0	
119	0	140	step_1_no_load	1	2	2	402	
119	0	140	step_2_no_load	5	6	0.348740542008	0.328174526491	5	514	0	
119	0	141	step_1_no_load	1	2	2	420	
119	0	141	step_2_no_load	5	6	0.390227133375	0.311809871418	6	475	0	
119	0	142	step_1_no_load	1	2	2	322	
119	0	142	step_2_no_load	5	6	0.397052682821	0.304203281606	5	432	0	
119	0	143	step_1_no_load	1	2	2	337	
119	0	143	step_2_no_load	3	4	0.661365099615	0.610219102298	4	482	1	
119	0	144	step_1_no_load	1	2	2	347	
119	0	144	step_2_no_load	5	6	0.389234194056	0.275932517017	5	742	0	
119	0	145	step_1_no_load	1	2	2	569	
119	0	145	step_2_no_load	5	6	0.355256413269	0.266265924094	5	1086	0	
119	0	146	step_1_no_load	1	2	1	478	
119	0	146	step_2_no_load	3	4	0.681611991725	0.593778463268	4	761	1	
119	0	147	step_1_no_load	1	2	1	406	
119	0	147	step_2_no_load	3	4	0.647798886916	0.594861186319	4	475	1	
119	0	148	step_1_no_load	1	2	1	535	
119	0	148	step_2_no_load	3	4	0.619272702026	0.648050021239	4	552	1	
119	0	149	step_1_no_load	1	2	1	416	
119	0	149	step_2_no_load	5	6	0.300290206122	0.269951834184	5	763	0	
119	0	150	step_1_no_load	1	2	1	459	
119	0	150	step_2_no_load	5	6	0.306860041627	0.305587692243	6	854	0	
119	0	151	step_1_no_load	1	2	1	589	
119	0	151	step_2_no_load	3	4	0.59154759351	0.614159737668	3	1361	1	
119	0	152	step_1_no_load	1	2	1	499	
119	0	152	step_2_no_load	5	6	0.323194010514	0.307702500543	5	707	0	
119	0	153	step_1_no_load	1	2	2	499	
119	0	153	step_2_no_load	5	6	0.343622632154	0.309356532263	5	850	0	
119	0	154	step_1_no_load	1	2	2	642	
119	0	154	step_2_no_load	3	4	0.638934099562	0.671672162443	4	1066	1	
119	0	155	step_1_no_load	1	2	2	446	
119	0	155	step_2_no_load	5	6	0.372188990474	0.296093457977	6	751	0	
119	0	156	step_1_no_load	1	2	2	622	
119	0	156	step_2_no_load	5	6	0.368378667812	0.32564867104	5	681	1	
119	0	157	step_1_no_load	1	2	2	463	
119	0	157	step_2_no_load	5	6	0.324728201487	0.350909357271	5	560	0	
119	0	158	step_1_no_load	1	2	1	406	
119	0	158	step_2_no_load	3	4	0.532722108502	0.694270715354	3	460	1	
119	0	159	step_1_no_load	1	2	1	391	
119	0	159	step_2_no_load	5	6	0.321150411254	0.413026375257	6	549	0	
119	0	160	step_1_no_load	1	2	2	410	
119	0	160	step_2_no_load	5	6	0.355992626298	0.415052912783	6	699	0	
119	0	161	step_1_no_load	1	2	1	323	
119	0	161	step_2_no_load	3	4	0.516036498158	0.719896286569	4	919	1	
119	0	162	step_1_no_load	1	2	1	368	
119	0	162	step_2_no_load	3	4	0.566496468084	0.695144769903	3	753	0	
119	0	163	step_1_no_load	1	2	1	437	
119	0	163	step_2_no_load	3	4	0.5863391277	0.697095951435	4	626	1	
119	0	164	step_1_no_load	1	2	1	693	
119	0	164	step_2_no_load	3	4	0.585961845322	0.692137394606	4	426	0	
119	0	165	step_1_no_load	1	2	1	420	
119	0	165	step_2_no_load	5	6	0.347974240867	0.463777557969	5	871	1	
119	0	166	step_1_no_load	1	2	1	379	
119	0	166	step_2_no_load	3	4	0.549095060025	0.686594248975	4	628	1	
119	0	167	step_1_no_load	1	2	1	645	
119	0	167	step_2_no_load	3	4	0.585131062446	0.706271792549	4	575	1	
119	0	168	step_1_no_load	1	2	1	382	
119	0	168	step_2_no_load	5	6	0.335777599654	0.400817642375	5	583	1	
119	0	169	step_1_no_load	1	2	1	416	
119	0	169	step_2_no_load	3	4	0.586049140041	0.704981910944	4	639	1	
119	0	170	step_1_no_load	1	2	1	589	
119	0	170	step_2_no_load	5	6	0.364989630435	0.411067820436	6	1181	1	
119	0	171	step_1_no_load	1	2	1	469	
119	0	171	step_2_no_load	3	4	0.553314431843	0.727248140829	3	695	1	
119	0	172	step_1_no_load	1	2	1	417	
119	0	172	step_2_no_load	3	4	0.519090471457	0.668669556875	4	651	1	
119	0	173	step_1_no_load	1	2	1	502	
119	0	173	step_2_no_load	5	6	0.462866379815	0.385349297983	6	475	1	
119	0	174	step_1_no_load	1	2	1	493	
119	0	174	step_2_no_load	3	4	0.472729524832	0.729877433725	3	676	0	
119	0	175	step_1_no_load	1	2	1	428	
119	0	175	step_2_no_load	5	6	0.484825491933	0.426185553904	6	661	0	
119	0	176	step_1_no_load	1	2	1	501	
119	0	176	step_2_no_load	5	6	0.500856457218	0.383231572002	5	676	1	
119	0	177	step_1_no_load	1	2	1	653	
119	0	177	step_2_no_load	3	4	0.501268576771	0.714070205704	3	515	1	
119	0	178	step_1_no_load	1	2	1	314	
119	0	178	step_2_no_load	3	4	0.493712351915	0.705993797498	3	683	1	
119	0	179	step_1_no_load	1	2	1	422	
119	0	179	step_2_no_load	3	4	0.457298770028	0.709345707515	3	573	1	
119	0	180	step_1_no_load	1	2	1	388	
119	0	180	step_2_no_load	3	4	0.482853857291	0.719795072986	3	451	1	
119	0	181	step_1_no_load	1	2	1	350	
119	0	181	step_2_no_load	3	4	0.508735114046	0.746910336326	3	558	1	
119	0	182	step_1_no_load	1	2	1	362	
119	0	182	step_2_no_load	5	6	0.49907747228	0.340533666308	6	726	1	
119	0	183	step_1_no_load	1	2	1	369	
119	0	183	step_2_no_load	3	4	0.502991759047	0.720388040749	3	483	0	
119	0	184	step_1_no_load	1	2	2	294	
119	0	184	step_2_no_load	5	6	0.480863422096	0.362743255194	5	636	0	
119	0	185	step_1_no_load	1	2	2	383	
119	0	185	step_2_no_load	5	6	0.482228039858	0.362611152222	6	599	1	
119	0	186	step_1_no_load	1	2	2	413	
119	0	186	step_2_no_load	5	6	0.484672582719	0.332733011923	6	641	0	
119	0	187	step_1_no_load	1	2	1	263	
119	0	187	step_2_no_load	3	4	0.443962917772	0.678211978625	3	498	0	
119	0	188	step_1_no_load	1	2	1	341	
119	0	188	step_2_no_load	3	4	0.471319680586	0.696362660087	3	476	0	
119	0	189	step_1_no_load	1	2	1	354	
119	0	189	step_2_no_load	3	4	0.448897869069	0.688353284054	4	686	0	
119	0	190	step_1_no_load	1	2	1	352	
119	0	190	step_2_no_load	3	4	0.433568856946	0.667655825994	3	444	0	
119	0	191	step_1_no_load	1	2	1	347	
119	0	191	step_2_no_load	5	6	0.512103523931	0.318839908867	5	561	1	
119	0	192	step_1_no_load	1	2	1	358	
119	0	192	step_2_no_load	3	4	0.450791310283	0.705517419189	3	761	0	
119	0	193	step_1_no_load	1	2	1	344	
119	0	193	step_2_no_load	3	4	0.440813209638	0.679792491164	4	652	1	
119	0	194	step_1_no_load	1	2	1	365	
119	0	194	step_2_no_load	3	4	0.433250459893	0.655261361454	4	714	1	
119	0	195	step_1_no_load	1	2	1	341	
119	0	195	step_2_no_load	5	6	0.494102184238	0.348571348505	5	901	1	
119	0	196	step_1_no_load	1	2	1	400	
119	0	196	step_2_no_load	3	4	0.421761207498	0.695101215304	4	855	0	
119	0	197	step_1_no_load	1	2	1	362	
119	0	197	step_2_no_load	3	4	0.422511153127	0.686552522522	4	821	0	
119	0	198	step_1_no_load	1	2	1	440	
119	0	198	step_2_no_load	5	6	0.485065498391	0.303352625941	6	689	0	
119	0	199	step_1_no_load	1	2	1	332	
119	0	199	step_2_no_load	5	6	0.529438031858	0.292861528884	5	474	1	
119	0	200	step_1_no_load	1	2	1	426	
119	0	200	step_2_no_load	3	4	0.372436949782	0.728996708473	4	633	1	

Tue Mar 20 15:28:44 2018
