Mon Mar 26 14:27:21 2018	
120	0	1	step_1_no_load	1	2	1	1051	
120	0	1	step_2_no_load	5	6	0.457620150462	0.598297890399	5	1135	0	
120	0	2	step_1_no_load	1	2	2	378	
120	0	2	step_2_no_load	5	6	0.474613197709	0.580156942153	6	171	1	
120	0	3	step_1_no_load	1	2	2	247	
120	0	3	step_2_no_load	3	4	0.589215227351	0.516002945397	4	74	1	
120	0	4	step_1_no_load	1	2	2	14	
120	0	4	step_2_no_load	5	6	0.478607661228	0.597491569846	6	308	0	
120	0	5	step_1_no_load	1	2	1	313	
120	0	5	step_2_no_load	3	4	0.576104915614	0.543908521457	3	146	1	
120	0	6	step_1_no_load	1	2	1	14	
120	0	6	step_2_no_load	3	4	0.603642866427	0.490454120702	3	15	0	
120	0	7	step_1_no_load	1	2	2	18	
120	0	7	step_2_no_load	5	6	0.500071913476	0.568656746487	6	549	0	
120	0	8	step_1_no_load	1	2	2	462	
120	0	8	step_2_no_load	5	6	0.489816616396	0.59128639594	6	123	1	
120	0	9	step_1_no_load	1	2	2	61	
120	0	9	step_2_no_load	5	6	0.496546708465	0.598049061473	6	158	1	
120	0	10	step_1_no_load	1	2	2	523	
120	0	10	step_2_no_load	5	6	0.482364178155	0.652626043146	6	836	1	
120	0	11	step_1_no_load	1	2	2	94	
120	0	11	step_2_no_load	3	4	0.609191465743	0.59022801242	4	27	0	
120	0	12	step_1_no_load	1	2	1	540	
120	0	12	step_2_no_load	3	4	0.552770607849	0.597131918027	3	681	1	
120	0	13	step_1_no_load	1	2	1	278	
120	0	13	step_2_no_load	5	6	0.52012981853	0.653587098421	5	717	0	
120	0	14	step_1_no_load	1	2	2	748	
120	0	14	step_2_no_load	5	6	0.491234392147	0.629137942344	6	20	1	
120	0	15	step_1_no_load	1	2	2	72	
120	0	15	step_2_no_load	5	6	0.505377237737	0.612260006668	6	492	1	
120	0	16	step_1_no_load	1	2	2	46	
120	0	16	step_2_no_load	3	4	0.553308964466	0.626326396372	4	152	1	
120	0	17	step_1_no_load	1	2	2	8	
120	0	17	step_2_no_load	3	4	0.562895132605	0.643116883134	4	13	1	
120	0	18	step_1_no_load	1	2	2	147	
120	0	18	step_2_no_load	5	6	0.517514133912	0.626834332012	6	613	1	
120	0	19	step_1_no_load	1	2	2	160	
120	0	19	step_2_no_load	5	6	0.498240186199	0.619895761657	6	102	0	
120	0	20	step_1_no_load	1	2	1	289	
120	0	20	step_2_no_load	3	4	0.491720931314	0.60665343963	3	197	0	
120	0	21	step_1_no_load	1	2	2	36	
120	0	21	step_2_no_load	5	6	0.49769376036	0.630305464549	6	25	0	
120	0	22	step_1_no_load	1	2	2	123	
120	0	22	step_2_no_load	5	6	0.506100011497	0.621949894727	6	522	1	
120	0	23	step_1_no_load	1	2	-1	-1	
120	0	24	step_1_no_load	1	2	-1	-1	
120	0	25	step_1_no_load	1	2	2	14	
120	0	25	step_2_no_load	3	4	0.503605105412	0.629917901014	4	514	0	
120	0	26	step_1_no_load	1	2	2	97	
120	0	26	step_2_no_load	5	6	0.511744353778	0.592410219737	5	57	1	
120	0	27	step_1_no_load	1	2	1	7	
120	0	27	step_2_no_load	3	4	0.54756089792	0.642144756622	3	0	1	
120	0	28	step_1_no_load	1	2	1	34	
120	0	28	step_2_no_load	5	6	0.520177259699	0.588356036098	5	59	1	
120	0	29	step_1_no_load	1	2	1	15	
120	0	29	step_2_no_load	3	4	0.561957580386	0.618626354124	3	103	0	
120	0	30	step_1_no_load	1	2	2	11	
120	0	30	step_2_no_load	3	4	0.574272497114	0.610227092493	4	601	1	
120	0	31	step_1_no_load	1	2	2	130	
120	0	31	step_2_no_load	3	4	0.541819886458	0.606122691795	4	560	1	
120	0	32	step_1_no_load	1	2	2	467	
120	0	32	step_2_no_load	5	6	0.520318771114	0.634585171267	6	876	0	
120	0	33	step_1_no_load	1	2	1	508	
120	0	33	step_2_no_load	3	4	0.542309898544	0.618000238621	3	667	1	
120	0	34	step_1_no_load	1	2	1	572	
120	0	34	step_2_no_load	3	4	0.538523758058	0.670290552209	3	1464	1	
120	0	35	step_1_no_load	1	2	1	408	
120	0	35	step_2_no_load	3	4	0.594167768198	0.649776015006	3	554	0	
120	0	36	step_1_no_load	1	2	2	385	
120	0	36	step_2_no_load	5	6	0.513210053121	0.527635087561	6	876	1	
120	0	37	step_1_no_load	1	2	2	498	
120	0	37	step_2_no_load	3	4	0.598446394142	0.660658056664	4	776	1	
120	0	38	step_1_no_load	1	2	2	446	
120	0	38	step_2_no_load	5	6	0.553931241266	0.539078491643	6	755	1	
120	0	39	step_1_no_load	1	2	2	482	
120	0	39	step_2_no_load	5	6	0.578640235206	0.557005857101	-1	-1	-1	
120	0	40	step_1_no_load	1	2	2	425	
120	0	40	step_2_no_load	5	6	0.5691386571	0.580760785074	6	562	1	
120	0	41	step_1_no_load	1	2	2	37	
120	0	41	step_2_no_load	5	6	0.583829055298	0.524862294848	6	636	0	
120	0	42	step_1_no_load	1	2	1	316	
120	0	42	step_2_no_load	5	6	0.553461946234	0.533857158543	5	301	1	
120	0	43	step_1_no_load	1	2	1	454	
120	0	43	step_2_no_load	3	4	0.612705031264	0.581931546759	3	595	1	
120	0	44	step_1_no_load	1	2	1	310	
120	0	44	step_2_no_load	3	4	0.611481438855	0.589653131867	3	1312	0	
120	0	45	step_1_no_load	1	2	2	0	
120	0	45	step_2_no_load	3	4	0.632991467829	0.620699591043	4	371	0	
120	0	46	step_1_no_load	1	2	1	0	
120	0	46	step_2_no_load	3	4	0.600964500555	0.654261318712	3	650	1	
120	0	47	step_1_no_load	1	2	1	0	
120	0	47	step_2_no_load	5	6	0.493112702321	0.546259467838	5	131	0	
120	0	48	step_1_no_load	1	2	2	0	
120	0	48	step_2_no_load	3	4	0.615767119776	0.657624935632	4	700	1	
120	0	49	step_1_no_load	1	2	2	321	
120	0	49	step_2_no_load	3	4	0.610193185592	0.614679490594	4	330	0	
120	0	50	step_1_no_load	1	2	1	528	
120	0	50	step_2_no_load	3	4	0.606862017918	0.593458480934	3	863	0	
120	0	51	step_1_no_load	1	2	2	3	
120	0	51	step_2_no_load	3	4	0.564866799699	0.613357430892	4	695	1	
120	0	52	step_1_no_load	1	2	2	337	
120	0	52	step_2_no_load	3	4	0.539065404057	0.613408921915	4	847	1	
120	0	53	step_1_no_load	1	2	2	466	
120	0	53	step_2_no_load	5	6	0.451905460347	0.475342927439	6	460	1	
120	0	54	step_1_no_load	1	2	2	418	
120	0	54	step_2_no_load	5	6	0.491512498697	0.493362545513	6	660	0	
120	0	55	step_1_no_load	1	2	1	545	
120	0	55	step_2_no_load	3	4	0.574045915747	0.639840796975	3	99	1	
120	0	56	step_1_no_load	1	2	1	479	
120	0	56	step_2_no_load	5	6	0.459773408493	0.538512915562	5	279	1	
120	0	57	step_1_no_load	1	2	1	233	
120	0	57	step_2_no_load	3	4	0.641849303307	0.586335094239	3	458	1	
120	0	58	step_1_no_load	1	2	1	297	
120	0	58	step_2_no_load	3	4	0.664682809182	0.610896130115	3	405	1	
120	0	59	step_1_no_load	1	2	1	232	
120	0	59	step_2_no_load	3	4	0.632500293208	0.608951267756	3	561	0	
120	0	60	step_1_no_load	1	2	2	295	
120	0	60	step_2_no_load	5	6	0.491916707098	0.479287247283	6	384	0	
120	0	61	step_1_no_load	1	2	1	330	
120	0	61	step_2_no_load	5	6	0.464268875813	0.527144452559	5	236	1	
120	0	62	step_1_no_load	1	2	1	280	
120	0	62	step_2_no_load	3	4	0.691137204746	0.622820395113	3	603	1	
120	0	63	step_1_no_load	1	2	1	251	
120	0	63	step_2_no_load	3	4	0.664284493458	0.642623127313	3	486	1	
120	0	64	step_1_no_load	1	2	1	193	
120	0	64	step_2_no_load	3	4	0.642369708469	0.626149195169	3	612	1	
120	0	65	step_1_no_load	1	2	1	98	
120	0	65	step_2_no_load	3	4	0.612660225018	0.619953360065	3	952	1	
120	0	66	step_1_no_load	1	2	1	391	
120	0	66	step_2_no_load	5	6	0.573761869714	0.555324764318	5	203	1	
120	0	67	step_1_no_load	1	2	1	390	
120	0	67	step_2_no_load	3	4	0.597650193897	0.674463681351	-1	-1	-1	
120	0	68	step_1_no_load	1	2	1	437	
120	0	68	step_2_no_load	3	4	0.622963076372	0.719455209845	3	1090	1	
120	0	69	step_1_no_load	1	2	1	527	
120	0	69	step_2_no_load	3	4	0.622221685203	0.718756538957	3	458	0	
120	0	70	step_1_no_load	1	2	2	532	
120	0	70	step_2_no_load	5	6	0.498834901463	0.548075770764	6	553	0	
120	0	71	step_1_no_load	1	2	1	179	
120	0	71	step_2_no_load	3	4	0.639174917797	0.706816191949	3	467	1	
120	0	72	step_1_no_load	1	2	1	164	
120	0	72	step_2_no_load	5	6	0.47409116389	0.556486305476	5	1295	1	
120	0	73	step_1_no_load	1	2	1	327	
120	0	73	step_2_no_load	3	4	0.657126403029	0.727961155836	3	651	1	
120	0	74	step_1_no_load	1	2	1	454	
120	0	74	step_2_no_load	3	4	0.614462146454	0.693624670847	3	457	1	
120	0	75	step_1_no_load	1	2	1	327	
120	0	75	step_2_no_load	3	4	0.615552849174	0.697629587097	3	0	0	
120	0	76	step_1_no_load	1	2	2	339	
120	0	76	step_2_no_load	5	6	0.488583631821	0.518881389358	6	434	0	
120	0	77	step_1_no_load	1	2	1	0	
120	0	77	step_2_no_load	3	4	0.564257587118	0.679737625371	3	861	0	
120	0	78	step_1_no_load	1	2	1	534	
120	0	78	step_2_no_load	5	6	0.435911167612	0.538654072849	5	273	0	
120	0	79	step_1_no_load	1	2	2	353	
120	0	79	step_2_no_load	5	6	0.389124152368	0.540085062695	6	470	1	
120	0	80	step_1_no_load	1	2	2	502	
120	0	80	step_2_no_load	5	6	0.396016175285	0.49921021142	6	586	0	
120	0	81	step_1_no_load	1	2	2	390	
120	0	81	step_2_no_load	3	4	0.529745690463	0.702400933084	4	454	0	
120	0	82	step_1_no_load	1	2	1	0	
120	0	82	step_2_no_load	5	6	0.395813831323	0.482727017837	5	75	0	
120	0	83	step_1_no_load	1	2	2	340	
120	0	83	step_2_no_load	5	6	0.382772464038	0.483255412498	6	90	0	
120	0	84	step_1_no_load	1	2	1	287	
120	0	84	step_2_no_load	3	4	0.65843840156	0.731466635793	3	1	1	
120	0	85	step_1_no_load	1	2	1	146	
120	0	85	step_2_no_load	3	4	0.692384972752	0.712989604416	3	8	1	
120	0	86	step_1_no_load	1	2	1	16	
120	0	86	step_2_no_load	3	4	0.691782850001	0.721207648497	3	112	1	
120	0	87	step_1_no_load	1	2	1	7	
120	0	87	step_2_no_load	3	4	0.719375344246	0.690012761069	3	170	0	
120	0	88	step_1_no_load	1	2	1	6	
120	0	88	step_2_no_load	5	6	0.377947492322	0.509563243675	5	56	0	
120	0	89	step_1_no_load	1	2	2	25	
120	0	89	step_2_no_load	5	6	0.415882489686	0.490019385174	6	98	0	
120	0	90	step_1_no_load	1	2	2	18	
120	0	90	step_2_no_load	5	6	0.411459496853	0.530126112124	6	91	1	
120	0	91	step_1_no_load	1	2	2	85	
120	0	91	step_2_no_load	5	6	0.43534164751	0.479087223222	6	49	1	
120	0	92	step_1_no_load	1	2	2	18	
120	0	92	step_2_no_load	3	4	0.692406274724	0.679381608313	4	0	1	
120	0	93	step_1_no_load	1	2	2	45	
120	0	93	step_2_no_load	5	6	0.439878153082	0.473273727684	6	64	1	
120	0	94	step_1_no_load	1	2	2	53	
120	0	94	step_2_no_load	5	6	0.429211756872	0.468637558205	6	144	0	
120	0	95	step_1_no_load	1	2	1	83	
120	0	95	step_2_no_load	3	4	0.715495469274	0.640209855442	3	79	0	
120	0	96	step_1_no_load	1	2	1	347	
120	0	96	step_2_no_load	5	6	0.383038640121	0.437558890646	5	466	0	
120	0	97	step_1_no_load	1	2	2	81	
120	0	97	step_2_no_load	5	6	0.392885664353	0.455601814112	6	66	1	
120	0	98	step_1_no_load	1	2	2	64	
120	0	98	step_2_no_load	5	6	0.409778171713	0.431479829356	6	67	0	
120	0	99	step_1_no_load	1	2	2	4	
120	0	99	step_2_no_load	5	6	0.397561363605	0.375249961522	6	364	0	
120	0	100	step_1_no_load	1	2	1	17	
120	0	100	step_2_no_load	5	6	0.4333505304	0.363162156005	5	52	1	
120	0	101	step_1_no_load	1	2	1	21	
120	0	101	step_2_no_load	5	6	0.497432607584	0.366879421891	5	64	1	
120	0	102	step_1_no_load	1	2	1	81	
120	0	102	step_2_no_load	3	4	0.666304534392	0.663124617603	3	46	1	
120	0	103	step_1_no_load	1	2	1	14	
120	0	103	step_2_no_load	5	6	0.481975449893	0.322834495838	5	127	1	
120	0	104	step_1_no_load	1	2	1	97	
120	0	104	step_2_no_load	3	4	0.703870701136	0.743372642809	3	101	0	
120	0	105	step_1_no_load	1	2	2	43	
120	0	105	step_2_no_load	3	4	0.689135357059	0.722851301692	4	17	1	
120	0	106	step_1_no_load	1	2	2	19	
120	0	106	step_2_no_load	3	4	0.712883638252	0.699623252899	4	323	1	
120	0	107	step_1_no_load	1	2	2	45	
120	0	107	step_2_no_load	5	6	0.565220528809	0.388257337796	6	53	0	
120	0	108	step_1_no_load	1	2	1	9	
120	0	108	step_2_no_load	5	6	0.526955028982	0.388185708856	5	517	1	
120	0	109	step_1_no_load	1	2	1	15	
120	0	109	step_2_no_load	5	6	0.479977531501	0.372328831887	5	134	1	
120	0	110	step_1_no_load	1	2	1	210	
120	0	110	step_2_no_load	3	4	0.729599891941	0.65455226558	3	13	1	
120	0	111	step_1_no_load	1	2	1	61	
120	0	111	step_2_no_load	3	4	0.724852671171	0.634599547742	3	129	1	
120	0	112	step_1_no_load	1	2	1	14	
120	0	112	step_2_no_load	3	4	0.725701866094	0.635252945963	3	30	1	
120	0	113	step_1_no_load	1	2	1	30	
120	0	113	step_2_no_load	3	4	0.719324307956	0.634627459817	3	145	1	
120	0	114	step_1_no_load	1	2	1	49	
120	0	114	step_2_no_load	3	4	0.718213323791	0.657654904272	3	46	1	
120	0	115	step_1_no_load	1	2	1	10	
120	0	115	step_2_no_load	3	4	0.739704344621	0.645721217949	3	162	1	
120	0	116	step_1_no_load	1	2	1	43	
120	0	116	step_2_no_load	3	4	0.706736514943	0.680124293449	3	3	1	
120	0	117	step_1_no_load	1	2	1	14	
120	0	117	step_2_no_load	3	4	0.747012267642	0.671842537277	3	51	1	
120	0	118	step_1_no_load	1	2	1	117	
120	0	118	step_2_no_load	5	6	0.357645851833	0.362977115924	5	85	1	
120	0	119	step_1_no_load	1	2	1	58	
120	0	119	step_2_no_load	3	4	0.690424535099	0.661177321751	3	87	0	
120	0	120	step_1_no_load	1	2	2	19	
120	0	120	step_2_no_load	3	4	0.70587238626	0.666433355915	4	121	0	
120	0	121	step_1_no_load	1	2	1	18	
120	0	121	step_2_no_load	3	4	0.658856304095	0.671052306195	3	32	1	
120	0	122	step_1_no_load	1	2	1	19	
120	0	122	step_2_no_load	5	6	0.329624572119	0.266650857402	5	108	0	
120	0	123	step_1_no_load	1	2	2	15	
120	0	123	step_2_no_load	5	6	0.337526896345	0.269780614928	6	479	1	
120	0	124	step_1_no_load	1	2	2	80	
120	0	124	step_2_no_load	3	4	0.603013298253	0.624161788269	4	0	0	
120	0	125	step_1_no_load	1	2	1	25	
120	0	125	step_2_no_load	3	4	0.559596800931	0.633566302563	3	810	1	
120	0	126	step_1_no_load	1	2	1	18	
120	0	126	step_2_no_load	3	4	0.537863824328	0.600985760967	3	7	0	
120	0	127	step_1_no_load	1	2	2	13	
120	0	127	step_2_no_load	5	6	0.274944938508	0.273483952592	6	579	0	
120	0	128	step_1_no_load	1	2	1	649	
120	0	128	step_2_no_load	5	6	0.250790232267	0.260252451606	5	350	1	
120	0	129	step_1_no_load	1	2	1	324	
120	0	129	step_2_no_load	3	4	0.685297910719	0.632682846317	3	537	1	
120	0	130	step_1_no_load	1	2	1	479	
120	0	130	step_2_no_load	3	4	0.682031489739	0.630285316669	3	18	1	
120	0	131	step_1_no_load	1	2	1	63	
120	0	131	step_2_no_load	3	4	0.678044920845	0.638450601212	3	938	1	
120	0	132	step_1_no_load	1	2	1	288	
120	0	132	step_2_no_load	3	4	0.668578020634	0.660013924697	3	1308	1	
120	0	133	step_1_no_load	1	2	1	353	
120	0	133	step_2_no_load	3	4	0.617383991623	0.691649444281	3	934	0	
120	0	134	step_1_no_load	1	2	2	500	
120	0	134	step_2_no_load	3	4	0.621945110858	0.685529359147	4	506	1	
120	0	135	step_1_no_load	1	2	1	542	
120	0	135	step_2_no_load	3	4	0.593710006149	0.700779221781	3	664	0	
120	0	136	step_1_no_load	1	2	2	515	
120	0	136	step_2_no_load	5	6	0.284521085726	0.307766925452	6	239	1	
120	0	137	step_1_no_load	1	2	2	0	
120	0	137	step_2_no_load	3	4	0.605896884497	0.668540846495	4	612	1	
120	0	138	step_1_no_load	1	2	2	128	
120	0	138	step_2_no_load	5	6	0.307694123906	0.366701525561	6	702	0	
120	0	139	step_1_no_load	1	2	1	284	
120	0	139	step_2_no_load	5	6	0.323660750961	0.325611400511	5	102	0	
120	0	140	step_1_no_load	1	2	1	336	
120	0	140	step_2_no_load	5	6	0.328174526491	0.348740542008	5	895	0	
120	0	141	step_1_no_load	1	2	2	146	
120	0	141	step_2_no_load	5	6	0.311809871418	0.390227133375	6	24	0	
120	0	142	step_1_no_load	1	2	2	119	
120	0	142	step_2_no_load	5	6	0.304203281606	0.397052682821	6	26	1	
120	0	143	step_1_no_load	1	2	2	36	
120	0	143	step_2_no_load	5	6	0.313516825296	0.410970957547	6	652	1	
120	0	144	step_1_no_load	1	2	2	319	
120	0	144	step_2_no_load	5	6	0.275932517017	0.389234194056	-1	-1	-1	
120	0	145	step_1_no_load	1	2	2	15	
120	0	145	step_2_no_load	3	4	0.6669125229	0.606515632748	4	719	1	
120	0	146	step_1_no_load	1	2	2	320	
120	0	146	step_2_no_load	5	6	0.257861956214	0.320877500969	6	703	0	
120	0	147	step_1_no_load	1	2	1	0	
120	0	147	step_2_no_load	3	4	0.647798886916	0.594861186319	3	710	1	
120	0	148	step_1_no_load	1	2	1	386	
120	0	148	step_2_no_load	3	4	0.619272702026	0.648050021239	3	498	0	
120	0	149	step_1_no_load	1	2	2	319	
120	0	149	step_2_no_load	5	6	0.269951834184	0.300290206122	6	158	0	
120	0	150	step_1_no_load	1	2	1	657	
120	0	150	step_2_no_load	3	4	0.575985663078	0.605912419156	3	625	0	
120	0	151	step_1_no_load	1	2	2	365	
120	0	151	step_2_no_load	5	6	0.348172164421	0.310557101463	6	678	0	
120	0	152	step_1_no_load	1	2	2	499	
120	0	152	step_2_no_load	5	6	0.307702500543	0.323194010514	6	606	0	
120	0	153	step_1_no_load	1	2	1	280	
120	0	153	step_2_no_load	3	4	0.613336203392	0.681559292085	3	520	1	
120	0	154	step_1_no_load	1	2	1	670	
120	0	154	step_2_no_load	5	6	0.316375537537	0.348349389262	5	378	0	
120	0	155	step_1_no_load	1	2	1	403	
120	0	155	step_2_no_load	3	4	0.632486591889	0.716100930629	-1	-1	-1	
120	0	156	step_1_no_load	1	2	1	310	
120	0	156	step_2_no_load	3	4	0.631048201903	0.734436160799	3	616	0	
120	0	157	step_1_no_load	1	2	2	19	
120	0	157	step_2_no_load	3	4	0.585191807512	0.720725456325	4	9	1	
120	0	158	step_1_no_load	1	2	2	23	
120	0	158	step_2_no_load	5	6	0.408728803896	0.334595868098	6	39	0	
120	0	159	step_1_no_load	1	2	2	14	
120	0	159	step_2_no_load	5	6	0.413026375257	0.321150411254	6	71	0	
120	0	160	step_1_no_load	1	2	1	15	
120	0	160	step_2_no_load	3	4	0.521229931064	0.710728171711	3	137	0	
120	0	161	step_1_no_load	1	2	2	140	
120	0	161	step_2_no_load	5	6	0.407025633682	0.438878285506	6	96	1	
120	0	162	step_1_no_load	1	2	2	110	
120	0	162	step_2_no_load	3	4	0.566496468084	0.695144769903	4	60	1	
120	0	163	step_1_no_load	1	2	2	456	
120	0	163	step_2_no_load	5	6	0.395221309311	0.430920885959	6	394	0	
120	0	164	step_1_no_load	1	2	2	613	
120	0	164	step_2_no_load	5	6	0.432761720497	0.430844125626	6	317	1	
120	0	165	step_1_no_load	1	2	2	480	
120	0	165	step_2_no_load	5	6	0.463777557969	0.347974240867	6	0	0	
120	0	166	step_1_no_load	1	2	1	858	
120	0	166	step_2_no_load	3	4	0.549095060025	0.686594248975	3	679	0	
120	0	167	step_1_no_load	1	2	2	378	
120	0	167	step_2_no_load	5	6	0.38753671275	0.331115714939	6	588	0	
120	0	168	step_1_no_load	1	2	2	65	
120	0	168	step_2_no_load	3	4	0.613361520676	0.67192508984	4	216	1	
120	0	169	step_1_no_load	1	2	2	1011	
120	0	169	step_2_no_load	5	6	0.42098542374	0.365156560071	6	600	0	
120	0	170	step_1_no_load	1	2	1	4	
120	0	170	step_2_no_load	3	4	0.57151385403	0.67334314737	3	520	1	
120	0	171	step_1_no_load	1	2	1	376	
120	0	171	step_2_no_load	3	4	0.553314431843	0.727248140829	3	560	0	
120	0	172	step_1_no_load	1	2	2	3	
120	0	172	step_2_no_load	5	6	0.363617002148	0.490120307546	6	626	1	
120	0	173	step_1_no_load	1	2	2	458	
120	0	173	step_2_no_load	3	4	0.484428109849	0.667027212577	4	4	1	
120	0	174	step_1_no_load	1	2	2	409	
120	0	174	step_2_no_load	5	6	0.387867297446	0.46236234172	6	552	1	
120	0	175	step_1_no_load	1	2	2	354	
120	0	175	step_2_no_load	3	4	0.52644949356	0.693968268443	4	799	1	
120	0	176	step_1_no_load	1	2	2	439	
120	0	176	step_2_no_load	5	6	0.383231572002	0.500856457218	6	766	0	
120	0	177	step_1_no_load	1	2	1	1250	
120	0	177	step_2_no_load	3	4	0.501268576771	0.714070205704	3	593	0	
120	0	178	step_1_no_load	1	2	2	342	
120	0	178	step_2_no_load	5	6	0.36473828006	0.49020858644	6	284	1	
120	0	179	step_1_no_load	1	2	2	431	
120	0	179	step_2_no_load	3	4	0.457298770028	0.709345707515	4	502	1	
120	0	180	step_1_no_load	1	2	2	275	
120	0	180	step_2_no_load	3	4	0.482853857291	0.719795072986	4	657	1	
120	0	181	step_1_no_load	1	2	2	542	
120	0	181	step_2_no_load	5	6	0.342402764747	0.480141179559	6	0	0	
120	0	182	step_1_no_load	1	2	2	276	
120	0	182	step_2_no_load	5	6	0.340533666308	0.49907747228	6	483	0	
120	0	183	step_1_no_load	1	2	1	286	
120	0	183	step_2_no_load	3	4	0.502991759047	0.720388040749	3	114	0	
120	0	184	step_1_no_load	1	2	1	249	
120	0	184	step_2_no_load	3	4	0.460890977786	0.657291439324	3	189	1	
120	0	185	step_1_no_load	1	2	1	308	
120	0	185	step_2_no_load	5	6	0.362611152222	0.482228039858	5	132	1	
120	0	186	step_1_no_load	1	2	1	16	
120	0	186	step_2_no_load	3	4	0.46870859828	0.656308636836	3	0	0	
120	0	187	step_1_no_load	1	2	2	33	
120	0	187	step_2_no_load	5	6	0.328890769988	0.498596507669	6	158	1	
120	0	188	step_1_no_load	1	2	2	43	
120	0	188	step_2_no_load	5	6	0.291508050861	0.548350535247	6	469	0	
120	0	189	step_1_no_load	1	2	1	11	
120	0	189	step_2_no_load	3	4	0.448897869069	0.688353284054	3	64	1	
120	0	190	step_1_no_load	1	2	1	18	
120	0	190	step_2_no_load	3	4	0.433568856946	0.667655825994	3	150	0	
120	0	191	step_1_no_load	1	2	2	90	
120	0	191	step_2_no_load	5	6	0.318839908867	0.512103523931	6	121	0	
120	0	192	step_1_no_load	1	2	1	15	
120	0	192	step_2_no_load	3	4	0.450791310283	0.705517419189	3	383	1	
120	0	193	step_1_no_load	1	2	1	414	
120	0	193	step_2_no_load	5	6	0.321008037746	0.504944704439	5	413	1	
120	0	194	step_1_no_load	1	2	1	374	
120	0	194	step_2_no_load	5	6	0.342437174514	0.505359594715	5	507	0	
120	0	195	step_1_no_load	1	2	2	412	
120	0	195	step_2_no_load	3	4	0.466795336969	0.646280688878	4	459	1	
120	0	196	step_1_no_load	1	2	2	396	
120	0	196	step_2_no_load	3	4	0.421761207498	0.695101215304	4	298	1	
120	0	197	step_1_no_load	1	2	2	451	
120	0	197	step_2_no_load	5	6	0.316987700969	0.47786945426	6	338	0	
120	0	198	step_1_no_load	1	2	1	385	
120	0	198	step_2_no_load	3	4	0.397292432346	0.68660989813	3	355	0	
120	0	199	step_1_no_load	1	2	2	458	
120	0	199	step_2_no_load	3	4	0.39793773834	0.73697129762	4	416	1	
120	0	200	step_1_no_load	1	2	2	935	
120	0	200	step_2_no_load	5	6	0.299128796668	0.507902534353	6	525	0	

Mon Mar 26 14:44:41 2018
