Tue Mar 27 15:50:30 2018	
121	0	1	step_1_no_load	1	2	1	536	
121	0	1	step_2_no_load	3	4	0.598297890399	0.457620150462	4	748	1	
121	0	2	step_1_no_load	1	2	2	836	
121	0	2	step_2_no_load	5	6	0.610961032466	0.533203491871	6	1074	1	
121	0	3	step_1_no_load	1	2	1	525	
121	0	3	step_2_no_load	3	4	0.584197065669	0.476767372206	4	705	1	
121	0	4	step_1_no_load	1	2	1	720	
121	0	4	step_2_no_load	3	4	0.597491569846	0.478607661228	-1	-1	-1	
121	0	5	step_1_no_load	1	2	2	652	
121	0	5	step_2_no_load	3	4	0.623810210114	0.495568760483	3	493	0	
121	0	6	step_1_no_load	1	2	1	712	
121	0	6	step_2_no_load	3	4	0.585722686883	0.506877622204	4	952	1	
121	0	7	step_1_no_load	1	2	2	715	
121	0	7	step_2_no_load	5	6	0.622642364361	0.506408070053	6	1224	1	
121	0	8	step_1_no_load	1	2	1	516	
121	0	8	step_2_no_load	3	4	0.59128639594	0.489816616396	4	647	0	
121	0	9	step_1_no_load	1	2	2	583	
121	0	9	step_2_no_load	5	6	0.641106877158	0.54429228266	5	326	1	
121	0	10	step_1_no_load	1	2	2	558	
121	0	10	step_2_no_load	5	6	0.636063269715	0.576063520885	5	673	0	
121	0	11	step_1_no_load	1	2	1	597	
121	0	11	step_2_no_load	3	4	0.69163818036	0.477013315682	3	410	1	
121	0	12	step_1_no_load	1	2	2	361	
121	0	12	step_2_no_load	3	4	0.682786328054	0.48457206759	3	354	1	
121	0	13	step_1_no_load	1	2	2	337	
121	0	13	step_2_no_load	3	4	0.653587098421	0.52012981853	3	507	1	
121	0	14	step_1_no_load	1	2	2	531	
121	0	14	step_2_no_load	5	6	0.545555696267	0.611256675753	6	268	1	
121	0	15	step_1_no_load	1	2	1	288	
121	0	15	step_2_no_load	3	4	0.612260006668	0.505377237737	3	259	1	
121	0	16	step_1_no_load	1	2	2	338	
121	0	16	step_2_no_load	3	4	0.628091198119	0.510958036527	3	403	1	
121	0	17	step_1_no_load	1	2	2	587	
121	0	17	step_2_no_load	5	6	0.562895132605	0.643116883134	6	529	0	
121	0	18	step_1_no_load	1	2	1	545	
121	0	18	step_2_no_load	3	4	0.626834332012	0.517514133912	3	510	1	
121	0	19	step_1_no_load	1	2	1	582	
121	0	19	step_2_no_load	3	4	0.619895761657	0.498240186199	3	545	0	
121	0	20	step_1_no_load	1	2	1	271	
121	0	20	step_2_no_load	3	4	0.636521555122	0.478025448397	4	267	1	
121	0	21	step_1_no_load	1	2	2	464	
121	0	21	step_2_no_load	5	6	0.470207377245	0.611328949295	6	1157	1	
121	0	22	step_1_no_load	1	2	1	504	
121	0	22	step_2_no_load	3	4	0.621949894727	0.506100011497	3	1234	1	
121	0	23	step_1_no_load	1	2	2	548	
121	0	23	step_2_no_load	3	4	0.640163623731	0.520606588181	3	756	1	
121	0	24	step_1_no_load	1	2	2	311	
121	0	24	step_2_no_load	5	6	0.503316199018	0.5800912085	6	714	1	
121	0	25	step_1_no_load	1	2	1	597	
121	0	25	step_2_no_load	3	4	0.565698722896	0.503316372362	3	666	0	
121	0	26	step_1_no_load	1	2	2	266	
121	0	26	step_2_no_load	5	6	0.532884212818	0.640635035276	6	377	0	
121	0	27	step_1_no_load	1	2	1	1110	
121	0	27	step_2_no_load	5	6	0.54756089792	0.642144756622	5	924	0	
121	0	28	step_1_no_load	1	2	2	321	
121	0	28	step_2_no_load	3	4	0.588356036098	0.520177259699	3	935	0	
121	0	29	step_1_no_load	1	2	2	126	
121	0	29	step_2_no_load	3	4	0.606613029227	0.521159009103	4	755	1	
121	0	30	step_1_no_load	1	2	1	638	
121	0	30	step_2_no_load	5	6	0.574272497114	0.610227092493	6	913	1	
121	0	31	step_1_no_load	1	2	2	448	
121	0	31	step_2_no_load	5	6	0.541819886458	0.606122691795	6	519	1	
121	0	32	step_1_no_load	1	2	1	402	
121	0	32	step_2_no_load	5	6	0.522993086096	0.605616211083	5	256	1	
121	0	33	step_1_no_load	1	2	2	518	
121	0	33	step_2_no_load	5	6	0.542309898544	0.618000238621	6	613	1	
121	0	34	step_1_no_load	1	2	1	606	
121	0	34	step_2_no_load	5	6	0.538523758058	0.670290552209	5	413	1	
121	0	35	step_1_no_load	1	2	2	344	
121	0	35	step_2_no_load	3	4	0.566827313385	0.491437207585	3	260	0	
121	0	36	step_1_no_load	1	2	2	504	
121	0	36	step_2_no_load	5	6	0.611274573488	0.661229326326	6	289	1	
121	0	37	step_1_no_load	1	2	1	294	
121	0	37	step_2_no_load	5	6	0.598446394142	0.660658056664	5	202	0	
121	0	38	step_1_no_load	1	2	2	281	
121	0	38	step_2_no_load	5	6	0.595113730206	0.651263699161	6	186	1	
121	0	39	step_1_no_load	1	2	1	654	
121	0	39	step_2_no_load	3	4	0.557005857101	0.578640235206	4	899	1	
121	0	40	step_1_no_load	1	2	2	591	
121	0	40	step_2_no_load	5	6	0.607992802154	0.636994900683	6	701	0	
121	0	41	step_1_no_load	1	2	2	497	
121	0	41	step_2_no_load	5	6	0.588857868869	0.633285941184	6	377	1	
121	0	42	step_1_no_load	1	2	2	326	
121	0	42	step_2_no_load	5	6	0.609164606591	0.606696263624	5	275	1	
121	0	43	step_1_no_load	1	2	1	463	
121	0	43	step_2_no_load	3	4	0.553703096215	0.548128010644	4	242	0	
121	0	44	step_1_no_load	1	2	2	239	
121	0	44	step_2_no_load	5	6	0.611481438855	0.589653131867	6	185	1	
121	0	45	step_1_no_load	1	2	2	335	
121	0	45	step_2_no_load	3	4	0.579346234508	0.5288039409	3	526	0	
121	0	46	step_1_no_load	1	2	2	451	
121	0	46	step_2_no_load	5	6	0.600964500555	0.654261318712	6	623	1	
121	0	47	step_1_no_load	1	2	1	630	
121	0	47	step_2_no_load	5	6	0.598724660986	0.634373567175	5	1414	1	
121	0	48	step_1_no_load	1	2	1	570	
121	0	48	step_2_no_load	3	4	0.534690828011	0.488280685105	3	521	1	
121	0	49	step_1_no_load	1	2	1	288	
121	0	49	step_2_no_load	3	4	0.512405963374	0.489287375157	3	18	0	
121	0	50	step_1_no_load	1	2	2	372	
121	0	50	step_2_no_load	5	6	0.606862017918	0.593458480934	6	542	1	
121	0	51	step_1_no_load	1	2	1	306	
121	0	51	step_2_no_load	3	4	0.508197321577	0.469943944943	3	544	0	
121	0	52	step_1_no_load	1	2	1	326	
121	0	52	step_2_no_load	5	6	0.539065404057	0.613408921915	5	188	1	
121	0	53	step_1_no_load	1	2	2	1013	
121	0	53	step_2_no_load	5	6	0.551457882502	0.630956764252	5	549	0	
121	0	54	step_1_no_load	1	2	2	485	
121	0	54	step_2_no_load	5	6	0.570223904064	0.652515308527	5	950	1	
121	0	55	step_1_no_load	1	2	1	444	
121	0	55	step_2_no_load	3	4	0.526704292526	0.487025527704	4	581	0	
121	0	56	step_1_no_load	1	2	1	324	
121	0	56	step_2_no_load	3	4	0.538512915562	0.459773408493	3	617	0	
121	0	57	step_1_no_load	1	2	2	14	
121	0	57	step_2_no_load	3	4	0.516475618243	0.466449077359	4	196	1	
121	0	58	step_1_no_load	1	2	2	276	
121	0	58	step_2_no_load	5	6	0.664682809182	0.610896130115	5	498	1	
121	0	59	step_1_no_load	1	2	2	983	
121	0	59	step_2_no_load	5	6	0.632500293208	0.608951267756	5	620	0	
121	0	60	step_1_no_load	1	2	2	797	
121	0	60	step_2_no_load	5	6	0.623687406259	0.599559577859	6	526	1	
121	0	61	step_1_no_load	1	2	1	497	
121	0	61	step_2_no_load	5	6	0.669587072502	0.602879526975	6	452	1	
121	0	62	step_1_no_load	1	2	2	950	
121	0	62	step_2_no_load	5	6	0.691137204746	0.622820395113	5	835	1	
121	0	63	step_1_no_load	1	2	2	816	
121	0	63	step_2_no_load	5	6	0.664284493458	0.642623127313	5	1159	1	
121	0	64	step_1_no_load	1	2	2	723	
121	0	64	step_2_no_load	5	6	0.642369708469	0.626149195169	5	636	0	
121	0	65	step_1_no_load	1	2	2	530	
121	0	65	step_2_no_load	5	6	0.612660225018	0.619953360065	6	1171	0	
121	0	66	step_1_no_load	1	2	2	470	
121	0	66	step_2_no_load	5	6	0.606938648072	0.630357351236	6	1175	1	
121	0	67	step_1_no_load	1	2	1	584	
121	0	67	step_2_no_load	3	4	0.538279387614	0.542076810516	4	914	0	
121	0	68	step_1_no_load	1	2	1	668	
121	0	68	step_2_no_load	3	4	0.523301545299	0.509127161919	4	482	0	
121	0	69	step_1_no_load	1	2	1	222	
121	0	69	step_2_no_load	3	4	0.560462111264	0.499137600991	4	637	1	
121	0	70	step_1_no_load	1	2	1	319	
121	0	70	step_2_no_load	3	4	0.548075770764	0.498834901463	4	589	1	
121	0	71	step_1_no_load	1	2	2	329	
121	0	71	step_2_no_load	3	4	0.546215110045	0.482863323776	4	211	0	
121	0	72	step_1_no_load	1	2	2	0	
121	0	72	step_2_no_load	5	6	0.626024641967	0.705884789502	5	658	1	
121	0	73	step_1_no_load	1	2	1	240	
121	0	73	step_2_no_load	5	6	0.657126403029	0.727961155836	6	382	1	
121	0	74	step_1_no_load	1	2	1	501	
121	0	74	step_2_no_load	3	4	0.491044983779	0.453420386428	4	599	1	
121	0	75	step_1_no_load	1	2	1	390	
121	0	75	step_2_no_load	5	6	0.615552849174	0.697629587097	5	715	1	
121	0	76	step_1_no_load	1	2	1	503	
121	0	76	step_2_no_load	5	6	0.62770291155	0.690117652944	6	512	0	
121	0	77	step_1_no_load	1	2	1	720	
121	0	77	step_2_no_load	3	4	0.538119616568	0.446809557226	4	394	1	
121	0	78	step_1_no_load	1	2	1	443	
121	0	78	step_2_no_load	5	6	0.536711448352	0.647586191228	5	663	1	
121	0	79	step_1_no_load	1	2	1	436	
121	0	79	step_2_no_load	3	4	0.540085062695	0.389124152368	4	543	1	
121	0	80	step_1_no_load	1	2	1	164	
121	0	80	step_2_no_load	5	6	0.518583383166	0.703969305517	6	157	1	
121	0	81	step_1_no_load	1	2	2	304	
121	0	81	step_2_no_load	5	6	0.529745690463	0.702400933084	5	294	0	
121	0	82	step_1_no_load	1	2	1	295	
121	0	82	step_2_no_load	3	4	0.482727017837	0.395813831323	4	516	1	
121	0	83	step_1_no_load	1	2	2	337	
121	0	83	step_2_no_load	3	4	0.483255412498	0.382772464038	3	1023	1	
121	0	84	step_1_no_load	1	2	1	429	
121	0	84	step_2_no_load	5	6	0.65843840156	0.731466635793	6	690	0	
121	0	85	step_1_no_load	1	2	1	278	
121	0	85	step_2_no_load	5	6	0.692384972752	0.712989604416	6	609	0	
121	0	86	step_1_no_load	1	2	1	328	
121	0	86	step_2_no_load	3	4	0.486462788728	0.345323068124	4	990	0	
121	0	87	step_1_no_load	1	2	2	675	
121	0	87	step_2_no_load	5	6	0.719375344246	0.690012761069	5	917	1	
121	0	88	step_1_no_load	1	2	2	751	
121	0	88	step_2_no_load	5	6	0.717410082358	0.696773608304	5	473	1	
121	0	89	step_1_no_load	1	2	2	684	
121	0	89	step_2_no_load	3	4	0.490019385174	0.415882489686	4	902	1	
121	0	90	step_1_no_load	1	2	2	725	
121	0	90	step_2_no_load	5	6	0.712247848046	0.688736868033	5	722	1	
121	0	91	step_1_no_load	1	2	1	435	
121	0	91	step_2_no_load	3	4	0.479087223222	0.43534164751	4	862	0	
121	0	92	step_1_no_load	1	2	1	139	
121	0	92	step_2_no_load	3	4	0.484260039873	0.444368850664	4	570	0	
121	0	93	step_1_no_load	1	2	2	624	
121	0	93	step_2_no_load	5	6	0.70415710998	0.662863370634	6	1160	0	
121	0	94	step_1_no_load	1	2	2	482	
121	0	94	step_2_no_load	5	6	0.719464414227	0.668295023896	5	573	0	
121	0	95	step_1_no_load	1	2	2	412	
121	0	95	step_2_no_load	3	4	0.42505578884	0.427150666411	3	515	0	
121	0	96	step_1_no_load	1	2	2	322	
121	0	96	step_2_no_load	5	6	0.693739812506	0.663095813561	5	278	0	
121	0	97	step_1_no_load	1	2	2	387	
121	0	97	step_2_no_load	5	6	0.681272614291	0.651202057411	5	244	0	
121	0	98	step_1_no_load	1	2	2	230	
121	0	98	step_2_no_load	5	6	0.70287861952	0.646040060297	6	253	1	
121	0	99	step_1_no_load	1	2	1	279	
121	0	99	step_2_no_load	3	4	0.375249961522	0.397561363605	4	497	1	
121	0	100	step_1_no_load	1	2	1	338	
121	0	100	step_2_no_load	3	4	0.363162156005	0.4333505304	3	271	1	
121	0	101	step_1_no_load	1	2	2	276	
121	0	101	step_2_no_load	3	4	0.366879421891	0.497432607584	3	783	0	
121	0	102	step_1_no_load	1	2	2	253	
121	0	102	step_2_no_load	5	6	0.666304534392	0.663124617603	6	261	1	
121	0	103	step_1_no_load	1	2	1	148	
121	0	103	step_2_no_load	3	4	0.322834495838	0.481975449893	4	504	0	
121	0	104	step_1_no_load	1	2	1	338	
121	0	104	step_2_no_load	3	4	0.303696146503	0.521047445908	4	618	1	
121	0	105	step_1_no_load	1	2	1	282	
121	0	105	step_2_no_load	3	4	0.352639603242	0.514318365187	4	714	1	
121	0	106	step_1_no_load	1	2	2	907	
121	0	106	step_2_no_load	3	4	0.374131494222	0.508908032404	4	564	0	
121	0	107	step_1_no_load	1	2	1	266	
121	0	107	step_2_no_load	3	4	0.388257337796	0.565220528809	3	1220	0	
121	0	108	step_1_no_load	1	2	1	286	
121	0	108	step_2_no_load	3	4	0.388185708856	0.526955028982	4	426	1	
121	0	109	step_1_no_load	1	2	2	162	
121	0	109	step_2_no_load	5	6	0.71632547018	0.68658494263	6	976	1	
121	0	110	step_1_no_load	1	2	2	361	
121	0	110	step_2_no_load	5	6	0.729599891941	0.65455226558	6	665	1	
121	0	111	step_1_no_load	1	2	2	309	
121	0	111	step_2_no_load	5	6	0.724852671171	0.634599547742	5	372	1	
121	0	112	step_1_no_load	1	2	2	108	
121	0	112	step_2_no_load	5	6	0.725701866094	0.635252945963	6	551	1	
121	0	113	step_1_no_load	1	2	1	256	
121	0	113	step_2_no_load	3	4	0.387112818105	0.370697120277	3	645	1	
121	0	114	step_1_no_load	1	2	2	838	
121	0	114	step_2_no_load	5	6	0.718213323791	0.657654904272	5	873	0	
121	0	115	step_1_no_load	1	2	2	362	
121	0	115	step_2_no_load	5	6	0.739704344621	0.645721217949	5	699	1	
121	0	116	step_1_no_load	1	2	2	226	
121	0	116	step_2_no_load	5	6	0.706736514943	0.680124293449	6	273	1	
121	0	117	step_1_no_load	1	2	2	471	
121	0	117	step_2_no_load	3	4	0.363056877927	0.374621793791	3	520	0	
121	0	118	step_1_no_load	1	2	2	393	
121	0	118	step_2_no_load	5	6	0.740051715856	0.690484235012	6	1064	1	
121	0	119	step_1_no_load	1	2	1	632	
121	0	119	step_2_no_load	5	6	0.690424535099	0.661177321751	-1	-1	-1	
121	0	120	step_1_no_load	1	2	1	388	
121	0	120	step_2_no_load	5	6	0.70587238626	0.666433355915	6	266	1	
121	0	121	step_1_no_load	1	2	1	341	
121	0	121	step_2_no_load	3	4	0.310775244958	0.352721767208	4	440	0	
121	0	122	step_1_no_load	1	2	1	250	
121	0	122	step_2_no_load	3	4	0.266650857402	0.329624572119	3	334	1	
121	0	123	step_1_no_load	1	2	2	0	
121	0	123	step_2_no_load	3	4	0.269780614928	0.337526896345	4	685	1	
121	0	124	step_1_no_load	1	2	1	401	
121	0	124	step_2_no_load	5	6	0.603013298253	0.624161788269	6	813	1	
121	0	125	step_1_no_load	1	2	2	729	
121	0	125	step_2_no_load	3	4	0.290374841566	0.303110862715	3	354	0	
121	0	126	step_1_no_load	1	2	2	540	
121	0	126	step_2_no_load	3	4	0.267206368684	0.300846667696	4	1074	0	
121	0	127	step_1_no_load	1	2	1	585	
121	0	127	step_2_no_load	3	4	0.273483952592	0.274944938508	4	871	0	
121	0	128	step_1_no_load	1	2	2	245	
121	0	128	step_2_no_load	5	6	0.636905534066	0.620672334996	6	779	0	
121	0	129	step_1_no_load	1	2	2	1230	
121	0	129	step_2_no_load	3	4	0.268213321963	0.271709703542	3	625	0	
121	0	130	step_1_no_load	1	2	2	195	
121	0	130	step_2_no_load	5	6	0.682031489739	0.630285316669	6	454	1	
121	0	131	step_1_no_load	1	2	1	468	
121	0	131	step_2_no_load	3	4	0.281500842289	0.311475039155	4	777	1	
121	0	132	step_1_no_load	1	2	2	1357	
121	0	132	step_2_no_load	3	4	0.27986961048	0.315328810424	3	780	1	
121	0	133	step_1_no_load	1	2	2	613	
121	0	133	step_2_no_load	5	6	0.617383991623	0.691649444281	5	1168	0	
121	0	134	step_1_no_load	1	2	2	370	
121	0	134	step_2_no_load	5	6	0.621945110858	0.685529359147	6	295	0	
121	0	135	step_1_no_load	1	2	-1	-1	
121	0	136	step_1_no_load	1	2	2	324	
121	0	136	step_2_no_load	5	6	0.597814413435	0.674914008636	5	281	1	
121	0	137	step_1_no_load	1	2	1	222	
121	0	137	step_2_no_load	3	4	0.346433498467	0.325016613024	4	425	0	
121	0	138	step_1_no_load	1	2	1	233	
121	0	138	step_2_no_load	5	6	0.63240964674	0.688182193337	6	514	1	
121	0	139	step_1_no_load	1	2	2	266	
121	0	139	step_2_no_load	5	6	0.636630981281	0.696355985729	6	374	1	
121	0	140	step_1_no_load	1	2	1	902	
121	0	140	step_2_no_load	3	4	0.348740542008	0.328174526491	3	589	1	
121	0	141	step_1_no_load	1	2	2	409	
121	0	141	step_2_no_load	3	4	0.390227133375	0.311809871418	3	690	0	
121	0	142	step_1_no_load	1	2	2	138	
121	0	142	step_2_no_load	5	6	0.690276058009	0.627356259123	6	421	1	
121	0	143	step_1_no_load	1	2	1	82	
121	0	143	step_2_no_load	5	6	0.661365099615	0.610219102298	6	737	0	
121	0	144	step_1_no_load	1	2	1	233	
121	0	144	step_2_no_load	3	4	0.389234194056	0.275932517017	4	641	1	
121	0	145	step_1_no_load	1	2	1	1348	
121	0	145	step_2_no_load	3	4	0.355256413269	0.266265924094	4	786	0	
121	0	146	step_1_no_load	1	2	2	690	
121	0	146	step_2_no_load	5	6	0.681611991725	0.593778463268	5	630	0	
121	0	147	step_1_no_load	1	2	1	146	
121	0	147	step_2_no_load	3	4	0.352879785946	0.265578160642	4	430	1	
121	0	148	step_1_no_load	1	2	1	465	
121	0	148	step_2_no_load	3	4	0.311162711725	0.305288021243	4	324	0	
121	0	149	step_1_no_load	1	2	1	507	
121	0	149	step_2_no_load	3	4	0.300290206122	0.269951834184	3	634	0	
121	0	150	step_1_no_load	1	2	2	0	
121	0	150	step_2_no_load	3	4	0.306860041627	0.305587692243	3	527	0	
121	0	151	step_1_no_load	1	2	1	218	
121	0	151	step_2_no_load	5	6	0.59154759351	0.614159737668	6	73	1	
121	0	152	step_1_no_load	1	2	1	261	
121	0	152	step_2_no_load	3	4	0.323194010514	0.307702500543	4	465	0	
121	0	153	step_1_no_load	1	2	1	434	
121	0	153	step_2_no_load	3	4	0.343622632154	0.309356532263	3	1180	0	
121	0	154	step_1_no_load	1	2	2	305	
121	0	154	step_2_no_load	5	6	0.638934099562	0.671672162443	6	654	1	
121	0	155	step_1_no_load	1	2	2	512	
121	0	155	step_2_no_load	5	6	0.632486591889	0.716100930629	5	663	0	
121	0	156	step_1_no_load	1	2	2	456	
121	0	156	step_2_no_load	5	6	0.631048201903	0.734436160799	5	753	1	
121	0	157	step_1_no_load	1	2	2	430	
121	0	157	step_2_no_load	5	6	0.585191807512	0.720725456325	5	807	0	
121	0	158	step_1_no_load	1	2	2	394	
121	0	158	step_2_no_load	5	6	0.532722108502	0.694270715354	6	732	1	
121	0	159	step_1_no_load	1	2	2	700	
121	0	159	step_2_no_load	5	6	0.541222065796	0.697903160072	6	246	0	
121	0	160	step_1_no_load	1	2	1	776	
121	0	160	step_2_no_load	5	6	0.521229931064	0.710728171711	6	401	1	
121	0	161	step_1_no_load	1	2	2	462	
121	0	161	step_2_no_load	3	4	0.438878285506	0.407025633682	3	552	1	
121	0	162	step_1_no_load	1	2	2	297	
121	0	162	step_2_no_load	5	6	0.566496468084	0.695144769903	5	589	0	
121	0	163	step_1_no_load	1	2	2	293	
121	0	163	step_2_no_load	5	6	0.5863391277	0.697095951435	6	672	1	
121	0	164	step_1_no_load	1	2	1	722	
121	0	164	step_2_no_load	3	4	0.430844125626	0.432761720497	3	1239	1	
121	0	165	step_1_no_load	1	2	1	498	
121	0	165	step_2_no_load	5	6	0.538026607649	0.717506143195	-1	-1	-1	
121	0	166	step_1_no_load	1	2	-1	-1	
121	0	167	step_1_no_load	1	2	1	393	
121	0	167	step_2_no_load	3	4	0.331115714939	0.38753671275	4	556	0	
121	0	168	step_1_no_load	1	2	1	389	
121	0	168	step_2_no_load	3	4	0.335777599654	0.400817642375	3	950	0	
121	0	169	step_1_no_load	1	2	1	290	
121	0	169	step_2_no_load	5	6	0.586049140041	0.704981910944	6	571	1	
121	0	170	step_1_no_load	1	2	2	510	
121	0	170	step_2_no_load	5	6	0.57151385403	0.67334314737	6	422	1	
121	0	171	step_1_no_load	1	2	2	438	
121	0	171	step_2_no_load	3	4	0.425122034074	0.386979310814	3	632	0	
121	0	172	step_1_no_load	1	2	1	361	
121	0	172	step_2_no_load	3	4	0.490120307546	0.363617002148	3	458	0	
121	0	173	step_1_no_load	1	2	2	331	
121	0	173	step_2_no_load	5	6	0.484428109849	0.667027212577	6	457	0	
121	0	174	step_1_no_load	1	2	1	674	
121	0	174	step_2_no_load	5	6	0.472729524832	0.729877433725	5	455	1	
121	0	175	step_1_no_load	1	2	2	524	
121	0	175	step_2_no_load	3	4	0.484825491933	0.426185553904	3	646	0	
121	0	176	step_1_no_load	1	2	2	483	
121	0	176	step_2_no_load	3	4	0.500856457218	0.383231572002	3	509	1	
121	0	177	step_1_no_load	1	2	1	316	
121	0	177	step_2_no_load	3	4	0.4798184927	0.357425668099	3	833	0	
121	0	178	step_1_no_load	1	2	2	466	
121	0	178	step_2_no_load	5	6	0.493712351915	0.705993797498	5	600	0	
121	0	179	step_1_no_load	1	2	2	308	
121	0	179	step_2_no_load	5	6	0.457298770028	0.709345707515	5	768	0	
121	0	180	step_1_no_load	1	2	2	366	
121	0	180	step_2_no_load	5	6	0.482853857291	0.719795072986	5	903	1	
121	0	181	step_1_no_load	1	2	1	279	
121	0	181	step_2_no_load	3	4	0.480141179559	0.342402764747	4	564	0	
121	0	182	step_1_no_load	1	2	1	236	
121	0	182	step_2_no_load	3	4	0.49907747228	0.340533666308	4	664	0	
121	0	183	step_1_no_load	1	2	1	209	
121	0	183	step_2_no_load	3	4	0.492742497507	0.350175837802	4	942	1	
121	0	184	step_1_no_load	1	2	1	550	
121	0	184	step_2_no_load	5	6	0.460890977786	0.657291439324	6	663	0	
121	0	185	step_1_no_load	1	2	1	700	
121	0	185	step_2_no_load	3	4	0.482228039858	0.362611152222	4	963	0	
121	0	186	step_1_no_load	1	2	1	316	
121	0	186	step_2_no_load	3	4	0.484672582719	0.332733011923	3	404	0	
121	0	187	step_1_no_load	1	2	2	256	
121	0	187	step_2_no_load	5	6	0.443962917772	0.678211978625	5	598	0	
121	0	188	step_1_no_load	1	2	2	0	
121	0	188	step_2_no_load	3	4	0.548350535247	0.291508050861	4	307	0	
121	0	189	step_1_no_load	1	2	1	286	
121	0	189	step_2_no_load	3	4	0.534753756004	0.285168135955	4	486	0	
121	0	190	step_1_no_load	1	2	2	288	
121	0	190	step_2_no_load	3	4	0.505820429042	0.304557739386	4	0	1	
121	0	191	step_1_no_load	1	2	1	1048	
121	0	191	step_2_no_load	5	6	0.435748387321	0.664271461991	6	608	0	
121	0	192	step_1_no_load	1	2	1	286	
121	0	192	step_2_no_load	5	6	0.450791310283	0.705517419189	5	619	0	
121	0	193	step_1_no_load	1	2	2	319	
121	0	193	step_2_no_load	5	6	0.440813209638	0.679792491164	6	426	1	
121	0	194	step_1_no_load	1	2	1	81	
121	0	194	step_2_no_load	3	4	0.505359594715	0.342437174514	3	522	0	
121	0	195	step_1_no_load	1	2	2	888	
121	0	195	step_2_no_load	5	6	0.466795336969	0.646280688878	6	383	0	
121	0	196	step_1_no_load	1	2	2	247	
121	0	196	step_2_no_load	5	6	0.421761207498	0.695101215304	5	186	0	
121	0	197	step_1_no_load	1	2	1	68	
121	0	197	step_2_no_load	3	4	0.47786945426	0.316987700969	4	538	0	
121	0	198	step_1_no_load	1	2	2	26	
121	0	198	step_2_no_load	5	6	0.397292432346	0.68660989813	6	28	1	
121	0	199	step_1_no_load	1	2	2	67	
121	0	199	step_2_no_load	3	4	0.529438031858	0.292861528884	4	401	0	
121	0	200	step_1_no_load	1	2	2	213	
121	0	200	step_2_no_load	3	4	0.507902534353	0.299128796668	4	318	0	

Tue Mar 27 16:07:49 2018
