Wed Apr  4 15:18:30 2018	
127	0	1	step_1_no_load	1	2	-1	-1	
127	0	2	step_1_no_load	1	2	2	471	
127	0	2	step_2_no_load	5	6	0.533203491871	0.474613197709	6	1322	0	
127	0	3	step_1_no_load	1	2	2	393	
127	0	3	step_2_no_load	5	6	0.516002945397	0.476767372206	5	1137	0	
127	0	4	step_1_no_load	1	2	1	44	
127	0	4	step_2_no_load	3	4	0.564086293706	0.597491569846	3	828	0	
127	0	5	step_1_no_load	1	2	2	443	
127	0	5	step_2_no_load	5	6	0.543908521457	0.495568760483	6	878	1	
127	0	6	step_1_no_load	1	2	2	700	
127	0	6	step_2_no_load	5	6	0.490454120702	0.506877622204	6	935	0	
127	0	7	step_1_no_load	1	2	2	372	
127	0	7	step_2_no_load	5	6	0.506408070053	0.500071913476	6	824	0	
127	0	8	step_1_no_load	1	2	1	408	
127	0	8	step_2_no_load	3	4	0.624210374623	0.59128639594	3	835	0	
127	0	9	step_1_no_load	1	2	2	417	
127	0	9	step_2_no_load	3	4	0.641106877158	0.598049061473	3	993	0	
127	0	10	step_1_no_load	1	2	2	440	
127	0	10	step_2_no_load	3	4	0.636063269715	0.652626043146	4	1184	0	
127	0	11	step_1_no_load	1	2	2	449	
127	0	11	step_2_no_load	5	6	0.59022801242	0.477013315682	6	817	0	
127	0	12	step_1_no_load	1	2	1	280	
127	0	12	step_2_no_load	5	6	0.597131918027	0.48457206759	5	878	1	
127	0	13	step_1_no_load	1	2	2	762	
127	0	13	step_2_no_load	3	4	0.558313135925	0.653587098421	3	1186	1	
127	0	14	step_1_no_load	1	2	2	530	
127	0	14	step_2_no_load	5	6	0.611256675753	0.491234392147	6	1228	1	
127	0	15	step_1_no_load	1	2	2	608	
127	0	15	step_2_no_load	5	6	0.633564630036	0.505377237737	6	926	1	
127	0	16	step_1_no_load	1	2	2	788	
127	0	16	step_2_no_load	3	4	0.553308964466	0.628091198119	3	1101	0	
127	0	17	step_1_no_load	1	2	2	522	
127	0	17	step_2_no_load	5	6	0.643116883134	0.535958400205	6	1180	1	
127	0	18	step_1_no_load	1	2	2	509	
127	0	18	step_2_no_load	5	6	0.626895526976	0.517514133912	5	1140	0	
127	0	19	step_1_no_load	1	2	1	509	
127	0	19	step_2_no_load	3	4	0.536502319591	0.619895761657	3	1049	1	
127	0	20	step_1_no_load	1	2	2	767	
127	0	20	step_2_no_load	3	4	0.491720931314	0.636521555122	3	990	1	
127	0	21	step_1_no_load	1	2	2	908	
127	0	21	step_2_no_load	5	6	0.611328949295	0.49769376036	5	1208	1	
127	0	22	step_1_no_load	1	2	2	655	
127	0	22	step_2_no_load	5	6	0.618527126547	0.506100011497	6	1327	1	
127	0	23	step_1_no_load	1	2	2	604	
127	0	23	step_2_no_load	3	4	0.513759772011	0.640163623731	3	1267	1	
127	0	24	step_1_no_load	1	2	2	623	
127	0	24	step_2_no_load	5	6	0.5800912085	0.505388876622	5	1452	1	
127	0	25	step_1_no_load	1	2	2	553	
127	0	25	step_2_no_load	5	6	0.629917901014	0.503316372362	6	1138	1	
127	0	26	step_1_no_load	1	2	2	413	
127	0	26	step_2_no_load	5	6	0.640635035276	0.511744353778	6	947	1	
127	0	27	step_1_no_load	1	2	2	552	
127	0	27	step_2_no_load	5	6	0.642144756622	0.507272671939	6	1321	1	
127	0	28	step_1_no_load	1	2	2	705	
127	0	28	step_2_no_load	3	4	0.553259388875	0.588356036098	-1	-1	-1	
127	0	29	step_1_no_load	1	2	2	433	
127	0	29	step_2_no_load	3	4	0.561957580386	0.606613029227	3	801	0	
127	0	30	step_1_no_load	1	2	2	283	
127	0	30	step_2_no_load	5	6	0.610227092493	0.4919199548	6	864	0	
127	0	31	step_1_no_load	1	2	2	386	
127	0	31	step_2_no_load	5	6	0.606122691795	0.483156722265	6	1066	0	
127	0	32	step_1_no_load	1	2	1	435	
127	0	32	step_2_no_load	3	4	0.522993086096	0.634585171267	4	957	1	
127	0	33	step_1_no_load	1	2	2	500	
127	0	33	step_2_no_load	3	4	0.542309898544	0.611700032906	4	1021	1	
127	0	34	step_1_no_load	1	2	2	528	
127	0	34	step_2_no_load	5	6	0.670290552209	0.454565258478	6	969	0	
127	0	35	step_1_no_load	1	2	2	348	
127	0	35	step_2_no_load	5	6	0.649776015006	0.491437207585	5	819	0	
127	0	36	step_1_no_load	1	2	2	259	
127	0	36	step_2_no_load	5	6	0.661229326326	0.513210053121	6	895	1	
127	0	37	step_1_no_load	1	2	2	574	
127	0	37	step_2_no_load	5	6	0.660658056664	0.543074626387	5	1485	1	
127	0	38	step_1_no_load	1	2	2	423	
127	0	38	step_2_no_load	5	6	0.651263699161	0.553931241266	5	1054	0	
127	0	39	step_1_no_load	1	2	2	211	
127	0	39	step_2_no_load	5	6	0.634483337633	0.578640235206	6	1016	1	
127	0	40	step_1_no_load	1	2	2	426	
127	0	40	step_2_no_load	5	6	0.636994900683	0.5691386571	6	965	1	
127	0	41	step_1_no_load	1	2	2	598	
127	0	41	step_2_no_load	5	6	0.633285941184	0.583829055298	6	1025	1	
127	0	42	step_1_no_load	1	2	2	367	
127	0	42	step_2_no_load	3	4	0.609164606591	0.533857158543	3	1291	1	
127	0	43	step_1_no_load	1	2	2	406	
127	0	43	step_2_no_load	5	6	0.581931546759	0.548128010644	6	1013	0	
127	0	44	step_1_no_load	1	2	2	350	
127	0	44	step_2_no_load	5	6	0.589653131867	0.537842745081	5	930	1	
127	0	45	step_1_no_load	1	2	2	306	
127	0	45	step_2_no_load	3	4	0.632991467829	0.579346234508	3	1382	0	
127	0	46	step_1_no_load	1	2	2	252	
127	0	46	step_2_no_load	5	6	0.654261318712	0.532238720495	6	1221	1	
127	0	47	step_1_no_load	1	2	2	628	
127	0	47	step_2_no_load	5	6	0.634373567175	0.493112702321	6	1065	1	
127	0	48	step_1_no_load	1	2	2	493	
127	0	48	step_2_no_load	5	6	0.657624935632	0.488280685105	6	1112	0	
127	0	49	step_1_no_load	1	2	2	203	
127	0	49	step_2_no_load	5	6	0.614679490594	0.489287375157	6	837	0	
127	0	50	step_1_no_load	1	2	2	444	
127	0	50	step_2_no_load	5	6	0.593458480934	0.47381367271	5	829	0	
127	0	51	step_1_no_load	1	2	2	119	
127	0	51	step_2_no_load	3	4	0.564866799699	0.508197321577	4	971	0	
127	0	52	step_1_no_load	1	2	2	272	
127	0	52	step_2_no_load	5	6	0.613408921915	0.429622901875	6	1096	0	
127	0	53	step_1_no_load	1	2	2	240	
127	0	53	step_2_no_load	5	6	0.630956764252	0.451905460347	5	885	1	
127	0	54	step_1_no_load	1	2	2	400	
127	0	54	step_2_no_load	5	6	0.652515308527	0.491512498697	5	923	0	
127	0	55	step_1_no_load	1	2	2	248	
127	0	55	step_2_no_load	5	6	0.639840796975	0.487025527704	6	967	1	
127	0	56	step_1_no_load	1	2	2	522	
127	0	56	step_2_no_load	5	6	0.60038825769	0.459773408493	6	1079	1	
127	0	57	step_1_no_load	1	2	2	343	
127	0	57	step_2_no_load	3	4	0.641849303307	0.516475618243	3	905	0	
127	0	58	step_1_no_load	1	2	2	283	
127	0	58	step_2_no_load	3	4	0.664682809182	0.528376440027	4	1043	1	
127	0	59	step_1_no_load	1	2	2	244	
127	0	59	step_2_no_load	5	6	0.608951267756	0.480274332693	6	874	0	
127	0	60	step_1_no_load	1	2	2	120	
127	0	60	step_2_no_load	5	6	0.599559577859	0.491916707098	6	903	0	
127	0	61	step_1_no_load	1	2	2	128	
127	0	61	step_2_no_load	5	6	0.602879526975	0.464268875813	6	912	0	
127	0	62	step_1_no_load	1	2	2	84	
127	0	62	step_2_no_load	5	6	0.622820395113	0.50724109756	6	969	0	
127	0	63	step_1_no_load	1	2	2	242	
127	0	63	step_2_no_load	5	6	0.642623127313	0.53192660365	5	716	1	
127	0	64	step_1_no_load	1	2	2	300	
127	0	64	step_2_no_load	5	6	0.626149195169	0.555062911513	5	788	0	
127	0	65	step_1_no_load	1	2	2	263	
127	0	65	step_2_no_load	3	4	0.612660225018	0.517687993213	3	1125	0	
127	0	66	step_1_no_load	1	2	2	59	
127	0	66	step_2_no_load	5	6	0.630357351236	0.573761869714	6	1273	1	
127	0	67	step_1_no_load	1	2	2	280	
127	0	67	step_2_no_load	5	6	0.674463681351	0.542076810516	6	874	1	
127	0	68	step_1_no_load	1	2	2	641	
127	0	68	step_2_no_load	5	6	0.719455209845	0.509127161919	6	845	1	
127	0	69	step_1_no_load	1	2	2	770	
127	0	69	step_2_no_load	5	6	0.718756538957	0.499137600991	6	851	1	
127	0	70	step_1_no_load	1	2	2	365	
127	0	70	step_2_no_load	5	6	0.697741832068	0.498834901463	6	765	1	
127	0	71	step_1_no_load	1	2	2	393	
127	0	71	step_2_no_load	5	6	0.706816191949	0.482863323776	6	808	1	
127	0	72	step_1_no_load	1	2	2	504	
127	0	72	step_2_no_load	3	4	0.626024641967	0.556486305476	3	589	0	
127	0	73	step_1_no_load	1	2	2	305	
127	0	73	step_2_no_load	5	6	0.727961155836	0.435957313805	6	747	1	
127	0	74	step_1_no_load	1	2	2	288	
127	0	74	step_2_no_load	5	6	0.693624670847	0.453420386428	6	988	0	
127	0	75	step_1_no_load	1	2	2	37	
127	0	75	step_2_no_load	3	4	0.615552849174	0.483983914712	4	726	0	
127	0	76	step_1_no_load	1	2	2	1	
127	0	76	step_2_no_load	3	4	0.62770291155	0.518881389358	4	802	1	
127	0	77	step_1_no_load	1	2	2	305	
127	0	77	step_2_no_load	5	6	0.679737625371	0.446809557226	6	786	0	
127	0	78	step_1_no_load	1	2	2	254	
127	0	78	step_2_no_load	3	4	0.536711448352	0.538654072849	4	1311	0	
127	0	79	step_1_no_load	1	2	2	272	
127	0	79	step_2_no_load	5	6	0.647841624544	0.389124152368	5	701	1	
127	0	80	step_1_no_load	1	2	2	254	
127	0	80	step_2_no_load	5	6	0.703969305517	0.396016175285	6	798	1	
127	0	81	step_1_no_load	1	2	2	235	
127	0	81	step_2_no_load	5	6	0.702400933084	0.419265522488	6	581	1	
127	0	82	step_1_no_load	1	2	2	490	
127	0	82	step_2_no_load	3	4	0.564729328387	0.482727017837	4	1054	1	
127	0	83	step_1_no_load	1	2	2	321	
127	0	83	step_2_no_load	5	6	0.726885136842	0.382772464038	6	802	1	
127	0	84	step_1_no_load	1	2	2	460	
127	0	84	step_2_no_load	5	6	0.731466635793	0.385087938645	6	772	1	
127	0	85	step_1_no_load	1	2	2	291	
127	0	85	step_2_no_load	5	6	0.712989604416	0.384458259121	6	675	1	
127	0	86	step_1_no_load	1	2	2	408	
127	0	86	step_2_no_load	5	6	0.721207648497	0.345323068124	-1	-1	-1	
127	0	87	step_1_no_load	1	2	2	420	
127	0	87	step_2_no_load	5	6	0.690012761069	0.40000499778	6	714	1	
127	0	88	step_1_no_load	1	2	2	419	
127	0	88	step_2_no_load	3	4	0.717410082358	0.509563243675	4	1019	1	
127	0	89	step_1_no_load	1	2	2	683	
127	0	89	step_2_no_load	5	6	0.660112261017	0.415882489686	6	798	1	
127	0	90	step_1_no_load	1	2	2	459	
127	0	90	step_2_no_load	5	6	0.688736868033	0.411459496853	6	822	0	
127	0	91	step_1_no_load	1	2	2	0	
127	0	91	step_2_no_load	3	4	0.685023809334	0.479087223222	4	699	0	
127	0	92	step_1_no_load	1	2	2	306	
127	0	92	step_2_no_load	3	4	0.692406274724	0.484260039873	4	643	1	
127	0	93	step_1_no_load	1	2	2	436	
127	0	93	step_2_no_load	5	6	0.662863370634	0.439878153082	6	873	1	
127	0	94	step_1_no_load	1	2	2	284	
127	0	94	step_2_no_load	3	4	0.719464414227	0.468637558205	4	798	0	
127	0	95	step_1_no_load	1	2	2	287	
127	0	95	step_2_no_load	5	6	0.640209855442	0.427150666411	6	774	0	
127	0	96	step_1_no_load	1	2	1	220	
127	0	96	step_2_no_load	3	4	0.693739812506	0.437558890646	4	779	0	
127	0	97	step_1_no_load	1	2	1	278	
127	0	97	step_2_no_load	3	4	0.681272614291	0.455601814112	3	808	0	
127	0	98	step_1_no_load	1	2	1	268	
127	0	98	step_2_no_load	5	6	0.646040060297	0.409778171713	6	664	0	
127	0	99	step_1_no_load	1	2	1	283	
127	0	99	step_2_no_load	3	4	0.673709850038	0.375249961522	4	661	0	
127	0	100	step_1_no_load	1	2	1	43	
127	0	100	step_2_no_load	3	4	0.666227451505	0.363162156005	3	599	1	
127	0	101	step_1_no_load	1	2	1	210	
127	0	101	step_2_no_load	5	6	0.655903528958	0.497432607584	5	734	1	
127	0	102	step_1_no_load	1	2	1	403	
127	0	102	step_2_no_load	3	4	0.666304534392	0.326080462175	3	624	1	
127	0	103	step_1_no_load	1	2	1	265	
127	0	103	step_2_no_load	3	4	0.663997796029	0.322834495838	3	860	0	
127	0	104	step_1_no_load	1	2	1	225	
127	0	104	step_2_no_load	3	4	0.703870701136	0.303696146503	3	937	1	
127	0	105	step_1_no_load	1	2	2	322	
127	0	105	step_2_no_load	3	4	0.689135357059	0.352639603242	4	935	0	
127	0	106	step_1_no_load	1	2	2	275	
127	0	106	step_2_no_load	5	6	0.699623252899	0.508908032404	6	934	0	
127	0	107	step_1_no_load	1	2	1	259	
127	0	107	step_2_no_load	3	4	0.692607431435	0.388257337796	3	767	0	
127	0	108	step_1_no_load	1	2	2	270	
127	0	108	step_2_no_load	5	6	0.681491063126	0.526955028982	6	1137	1	
127	0	109	step_1_no_load	1	2	2	320	
127	0	109	step_2_no_load	5	6	0.68658494263	0.479977531501	6	900	1	
127	0	110	step_1_no_load	1	2	2	561	
127	0	110	step_2_no_load	3	4	0.729599891941	0.395544455384	4	806	1	
127	0	111	step_1_no_load	1	2	2	430	
127	0	111	step_2_no_load	5	6	0.634599547742	0.384948378665	6	522	0	
127	0	112	step_1_no_load	1	2	2	251	
127	0	112	step_2_no_load	3	4	0.725701866094	0.413393106784	3	403	1	
127	0	113	step_1_no_load	1	2	1	441	
127	0	113	step_2_no_load	5	6	0.634627459817	0.370697120277	6	609	1	
127	0	114	step_1_no_load	1	2	2	305	
127	0	114	step_2_no_load	5	6	0.657654904272	0.380324086676	5	734	1	
127	0	115	step_1_no_load	1	2	1	140	
127	0	115	step_2_no_load	5	6	0.645721217949	0.390027643099	6	820	0	
127	0	116	step_1_no_load	1	2	1	228	
127	0	116	step_2_no_load	5	6	0.680124293449	0.378149844807	6	908	0	
127	0	117	step_1_no_load	1	2	1	346	
127	0	117	step_2_no_load	3	4	0.747012267642	0.363056877927	3	460	1	
127	0	118	step_1_no_load	1	2	1	241	
127	0	118	step_2_no_load	3	4	0.740051715856	0.362977115924	3	918	1	
127	0	119	step_1_no_load	1	2	1	308	
127	0	119	step_2_no_load	3	4	0.690424535099	0.358243439099	3	810	1	
127	0	120	step_1_no_load	1	2	1	274	
127	0	120	step_2_no_load	5	6	0.666433355915	0.370150243662	6	699	1	
127	0	121	step_1_no_load	1	2	1	245	
127	0	121	step_2_no_load	3	4	0.658856304095	0.310775244958	4	982	1	
127	0	122	step_1_no_load	1	2	1	198	
127	0	122	step_2_no_load	3	4	0.6136886145	0.266650857402	4	818	0	
127	0	123	step_1_no_load	1	2	1	39	
127	0	123	step_2_no_load	3	4	0.583607229978	0.269780614928	4	793	0	
127	0	124	step_1_no_load	1	2	1	157	
127	0	124	step_2_no_load	5	6	0.624161788269	0.309430836661	6	898	0	
127	0	125	step_1_no_load	1	2	1	0	
127	0	125	step_2_no_load	3	4	0.559596800931	0.290374841566	3	428	1	
127	0	126	step_1_no_load	1	2	2	346	
127	0	126	step_2_no_load	5	6	0.600985760967	0.300846667696	6	1017	0	
127	0	127	step_1_no_load	1	2	2	122	
127	0	127	step_2_no_load	3	4	0.560824094575	0.273483952592	4	871	0	
127	0	128	step_1_no_load	1	2	1	250	
127	0	128	step_2_no_load	5	6	0.620672334996	0.250790232267	5	643	1	
127	0	129	step_1_no_load	1	2	2	367	
127	0	129	step_2_no_load	5	6	0.632682846317	0.271709703542	5	665	1	
127	0	130	step_1_no_load	1	2	2	252	
127	0	130	step_2_no_load	5	6	0.630285316669	0.274560758494	5	647	0	
127	0	131	step_1_no_load	1	2	1	210	
127	0	131	step_2_no_load	3	4	0.678044920845	0.281500842289	3	1012	1	
127	0	132	step_1_no_load	1	2	1	359	
127	0	132	step_2_no_load	5	6	0.660013924697	0.315328810424	5	962	1	
127	0	133	step_1_no_load	1	2	1	292	
127	0	133	step_2_no_load	3	4	0.617383991623	0.315608831386	4	778	0	
127	0	134	step_1_no_load	1	2	1	264	
127	0	134	step_2_no_load	5	6	0.685529359147	0.302839427162	5	845	1	
127	0	135	step_1_no_load	1	2	2	427	
127	0	135	step_2_no_load	3	4	0.593710006149	0.300079459047	4	723	1	
127	0	136	step_1_no_load	1	2	2	287	
127	0	136	step_2_no_load	5	6	0.674914008636	0.284521085726	6	858	1	
127	0	137	step_1_no_load	1	2	2	270	
127	0	137	step_2_no_load	3	4	0.605896884497	0.346433498467	3	722	0	
127	0	138	step_1_no_load	1	2	2	250	
127	0	138	step_2_no_load	5	6	0.688182193337	0.307694123906	6	491	0	
127	0	139	step_1_no_load	1	2	1	289	
127	0	139	step_2_no_load	3	4	0.636630981281	0.325611400511	3	443	1	
127	0	140	step_1_no_load	1	2	1	299	
127	0	140	step_2_no_load	3	4	0.671213945178	0.348740542008	3	873	1	
127	0	141	step_1_no_load	1	2	1	356	
127	0	141	step_2_no_load	3	4	0.711987889705	0.390227133375	3	626	0	
127	0	142	step_1_no_load	1	2	1	270	
127	0	142	step_2_no_load	3	4	0.690276058009	0.397052682821	3	798	0	
127	0	143	step_1_no_load	1	2	2	264	
127	0	143	step_2_no_load	5	6	0.610219102298	0.313516825296	6	777	0	
127	0	144	step_1_no_load	1	2	1	208	
127	0	144	step_2_no_load	3	4	0.626443722248	0.389234194056	3	457	0	
127	0	145	step_1_no_load	1	2	2	116	
127	0	145	step_2_no_load	5	6	0.606515632748	0.266265924094	6	803	0	
127	0	146	step_1_no_load	1	2	2	221	
127	0	146	step_2_no_load	5	6	0.593778463268	0.257861956214	6	753	0	
127	0	147	step_1_no_load	1	2	1	82	
127	0	147	step_2_no_load	3	4	0.647798886916	0.352879785946	3	637	1	
127	0	148	step_1_no_load	1	2	1	199	
127	0	148	step_2_no_load	5	6	0.648050021239	0.305288021243	5	790	1	
127	0	149	step_1_no_load	1	2	1	31	
127	0	149	step_2_no_load	3	4	0.601870110183	0.300290206122	3	637	0	
127	0	150	step_1_no_load	1	2	2	208	
127	0	150	step_2_no_load	5	6	0.605912419156	0.305587692243	5	662	1	
127	0	151	step_1_no_load	1	2	2	124	
127	0	151	step_2_no_load	5	6	0.614159737668	0.348172164421	5	744	0	
127	0	152	step_1_no_load	1	2	2	250	
127	0	152	step_2_no_load	5	6	0.644204174791	0.307702500543	6	892	1	
127	0	153	step_1_no_load	1	2	1	371	
127	0	153	step_2_no_load	3	4	0.613336203392	0.343622632154	4	1180	0	
127	0	154	step_1_no_load	1	2	2	296	
127	0	154	step_2_no_load	5	6	0.671672162443	0.316375537537	6	872	0	
127	0	155	step_1_no_load	1	2	2	338	
127	0	155	step_2_no_load	3	4	0.632486591889	0.372188990474	3	743	1	
127	0	156	step_1_no_load	1	2	1	234	
127	0	156	step_2_no_load	5	6	0.734436160799	0.32564867104	6	1007	0	
127	0	157	step_1_no_load	1	2	1	220	
127	0	157	step_2_no_load	5	6	0.720725456325	0.350909357271	5	405	1	
127	0	158	step_1_no_load	1	2	1	312	
127	0	158	step_2_no_load	5	6	0.694270715354	0.408728803896	5	724	1	
127	0	159	step_1_no_load	1	2	1	291	
127	0	159	step_2_no_load	3	4	0.541222065796	0.321150411254	4	690	0	
127	0	160	step_1_no_load	1	2	2	3	
127	0	160	step_2_no_load	3	4	0.521229931064	0.355992626298	4	647	0	
127	0	161	step_1_no_load	1	2	1	230	
127	0	161	step_2_no_load	3	4	0.516036498158	0.438878285506	3	406	0	
127	0	162	step_1_no_load	1	2	2	0	
127	0	162	step_2_no_load	3	4	0.566496468084	0.455329532209	4	287	0	
127	0	163	step_1_no_load	1	2	2	234	
127	0	163	step_2_no_load	3	4	0.5863391277	0.430920885959	3	500	0	
127	0	164	step_1_no_load	1	2	2	215	
127	0	164	step_2_no_load	5	6	0.692137394606	0.432761720497	6	412	0	
127	0	165	step_1_no_load	1	2	1	64	
127	0	165	step_2_no_load	3	4	0.538026607649	0.347974240867	3	183	1	
127	0	166	step_1_no_load	1	2	1	389	
127	0	166	step_2_no_load	3	4	0.549095060025	0.356317216644	3	992	1	
127	0	167	step_1_no_load	1	2	1	277	
127	0	167	step_2_no_load	5	6	0.706271792549	0.38753671275	6	996	1	
127	0	168	step_1_no_load	1	2	1	288	
127	0	168	step_2_no_load	3	4	0.613361520676	0.335777599654	3	984	1	
127	0	169	step_1_no_load	1	2	1	220	
127	0	169	step_2_no_load	3	4	0.586049140041	0.365156560071	3	865	0	
127	0	170	step_1_no_load	1	2	1	15	
127	0	170	step_2_no_load	3	4	0.57151385403	0.364989630435	3	99	0	
127	0	171	step_1_no_load	1	2	1	400	
127	0	171	step_2_no_load	5	6	0.727248140829	0.386979310814	6	1001	0	
127	0	172	step_1_no_load	1	2	1	130	
127	0	172	step_2_no_load	3	4	0.519090471457	0.490120307546	3	350	1	
127	0	173	step_1_no_load	1	2	1	250	
127	0	173	step_2_no_load	3	4	0.484428109849	0.462866379815	3	772	0	
127	0	174	step_1_no_load	1	2	1	0	
127	0	174	step_2_no_load	3	4	0.472729524832	0.46236234172	4	1100	0	
127	0	175	step_1_no_load	1	2	2	238	
127	0	175	step_2_no_load	3	4	0.52644949356	0.484825491933	4	701	0	
127	0	176	step_1_no_load	1	2	1	352	
127	0	176	step_2_no_load	3	4	0.474046874473	0.500856457218	4	965	1	
127	0	177	step_1_no_load	1	2	2	419	
127	0	177	step_2_no_load	5	6	0.714070205704	0.357425668099	6	847	0	
127	0	178	step_1_no_load	1	2	1	146	
127	0	178	step_2_no_load	3	4	0.493712351915	0.49020858644	3	657	0	
127	0	179	step_1_no_load	1	2	2	262	
127	0	179	step_2_no_load	5	6	0.709345707515	0.324685418097	6	616	1	
127	0	180	step_1_no_load	1	2	2	288	
127	0	180	step_2_no_load	5	6	0.719795072986	0.341214611607	6	733	0	
127	0	181	step_1_no_load	1	2	2	6	
127	0	181	step_2_no_load	5	6	0.746910336326	0.342402764747	5	758	1	
127	0	182	step_1_no_load	1	2	2	302	
127	0	182	step_2_no_load	5	6	0.72717560423	0.340533666308	5	1214	1	
127	0	183	step_1_no_load	1	2	2	294	
127	0	183	step_2_no_load	3	4	0.502991759047	0.492742497507	3	770	1	
127	0	184	step_1_no_load	1	2	2	380	
127	0	184	step_2_no_load	5	6	0.657291439324	0.362743255194	5	785	1	
127	0	185	step_1_no_load	1	2	2	314	
127	0	185	step_2_no_load	5	6	0.665622647081	0.362611152222	5	815	0	
127	0	186	step_1_no_load	1	2	2	17	
127	0	186	step_2_no_load	5	6	0.656308636836	0.332733011923	5	691	1	
127	0	187	step_1_no_load	1	2	2	109	
127	0	187	step_2_no_load	5	6	0.678211978625	0.328890769988	5	748	1	
127	0	188	step_1_no_load	1	2	2	322	
127	0	188	step_2_no_load	3	4	0.471319680586	0.548350535247	4	1055	1	
127	0	189	step_1_no_load	1	2	2	272	
127	0	189	step_2_no_load	5	6	0.688353284054	0.285168135955	5	806	1	
127	0	190	step_1_no_load	1	2	2	312	
127	0	190	step_2_no_load	5	6	0.667655825994	0.304557739386	5	766	1	
127	0	191	step_1_no_load	1	2	2	354	
127	0	191	step_2_no_load	5	6	0.664271461991	0.318839908867	5	785	0	
127	0	192	step_1_no_load	1	2	2	131	
127	0	192	step_2_no_load	3	4	0.450791310283	0.493851022417	4	901	1	
127	0	193	step_1_no_load	1	2	1	284	
127	0	193	step_2_no_load	3	4	0.440813209638	0.504944704439	4	933	1	
127	0	194	step_1_no_load	1	2	1	0	
127	0	194	step_2_no_load	5	6	0.655261361454	0.342437174514	5	1070	1	
127	0	195	step_1_no_load	1	2	1	237	
127	0	195	step_2_no_load	3	4	0.466795336969	0.494102184238	4	1149	0	
127	0	196	step_1_no_load	1	2	2	123	
127	0	196	step_2_no_load	3	4	0.421761207498	0.496717662777	4	1141	0	
127	0	197	step_1_no_load	1	2	2	46	
127	0	197	step_2_no_load	3	4	0.422511153127	0.47786945426	3	683	1	
127	0	198	step_1_no_load	1	2	2	171	
127	0	198	step_2_no_load	3	4	0.397292432346	0.485065498391	3	1025	1	
127	0	199	step_1_no_load	1	2	2	217	
127	0	199	step_2_no_load	5	6	0.73697129762	0.292861528884	5	956	0	
127	0	200	step_1_no_load	1	2	2	29	
127	0	200	step_2_no_load	5	6	0.728996708473	0.299128796668	6	1200	1	

Wed Apr  4 15:38:00 2018
