Thu Apr  5 16:41:56 2018	
128	0	1	step_1_no_load	1	2	1	1133	
128	0	1	step_2_no_load	3	4	0.594299910136	0.511789129507	4	701	1	
128	0	2	step_1_no_load	1	2	1	381	
128	0	2	step_2_no_load	3	4	0.610961032466	0.533203491871	4	392	0	
128	0	3	step_1_no_load	1	2	1	476	
128	0	3	step_2_no_load	5	6	0.476767372206	0.584197065669	6	815	1	
128	0	4	step_1_no_load	1	2	1	421	
128	0	4	step_2_no_load	3	4	0.564086293706	0.494597764192	3	640	0	
128	0	5	step_1_no_load	1	2	1	454	
128	0	5	step_2_no_load	5	6	0.495568760483	0.623810210114	5	1059	0	
128	0	6	step_1_no_load	1	2	1	456	
128	0	6	step_2_no_load	3	4	0.603642866427	0.490454120702	3	873	1	
128	0	7	step_1_no_load	1	2	1	426	
128	0	7	step_2_no_load	5	6	0.500071913476	0.568656746487	6	514	1	
128	0	8	step_1_no_load	1	2	1	425	
128	0	8	step_2_no_load	3	4	0.624210374623	0.499203529332	3	746	1	
128	0	9	step_1_no_load	1	2	1	441	
128	0	9	step_2_no_load	3	4	0.641106877158	0.54429228266	3	759	0	
128	0	10	step_1_no_load	1	2	1	277	
128	0	10	step_2_no_load	3	4	0.636063269715	0.576063520885	3	660	1	
128	0	11	step_1_no_load	1	2	1	452	
128	0	11	step_2_no_load	3	4	0.609191465743	0.59022801242	3	692	1	
128	0	12	step_1_no_load	1	2	1	286	
128	0	12	step_2_no_load	3	4	0.552770607849	0.597131918027	3	683	0	
128	0	13	step_1_no_load	1	2	1	304	
128	0	13	step_2_no_load	5	6	0.52012981853	0.653587098421	6	593	1	
128	0	14	step_1_no_load	1	2	1	257	
128	0	14	step_2_no_load	3	4	0.545555696267	0.611256675753	3	522	1	
128	0	15	step_1_no_load	1	2	1	326	
128	0	15	step_2_no_load	5	6	0.505377237737	0.612260006668	6	821	0	
128	0	16	step_1_no_load	1	2	1	299	
128	0	16	step_2_no_load	5	6	0.510958036527	0.628091198119	6	785	1	
128	0	17	step_1_no_load	1	2	1	299	
128	0	17	step_2_no_load	3	4	0.562895132605	0.643116883134	3	642	0	
128	0	18	step_1_no_load	1	2	1	637	
128	0	18	step_2_no_load	5	6	0.517514133912	0.626834332012	6	829	1	
128	0	19	step_1_no_load	1	2	1	326	
128	0	19	step_2_no_load	5	6	0.498240186199	0.619895761657	6	606	1	
128	0	20	step_1_no_load	1	2	1	396	
128	0	20	step_2_no_load	3	4	0.491720931314	0.60665343963	3	821	1	
128	0	21	step_1_no_load	1	2	1	506	
128	0	21	step_2_no_load	3	4	0.470207377245	0.611328949295	4	712	0	
128	0	22	step_1_no_load	1	2	1	280	
128	0	22	step_2_no_load	3	4	0.468700882609	0.618527126547	3	651	0	
128	0	23	step_1_no_load	1	2	1	1379	
128	0	23	step_2_no_load	3	4	0.513759772011	0.604065470975	4	1027	0	
128	0	24	step_1_no_load	1	2	1	395	
128	0	24	step_2_no_load	3	4	0.503316199018	0.5800912085	3	578	1	
128	0	25	step_1_no_load	1	2	1	452	
128	0	25	step_2_no_load	5	6	0.503316372362	0.565698722896	5	499	0	
128	0	26	step_1_no_load	1	2	1	342	
128	0	26	step_2_no_load	5	6	0.511744353778	0.592410219737	6	776	1	
128	0	27	step_1_no_load	1	2	1	288	
128	0	27	step_2_no_load	5	6	0.507272671939	0.57860777711	6	521	0	
128	0	28	step_1_no_load	1	2	1	1366	
128	0	28	step_2_no_load	3	4	0.553259388875	0.647441527317	3	1033	0	
128	0	29	step_1_no_load	1	2	1	366	
128	0	29	step_2_no_load	3	4	0.561957580386	0.618626354124	4	569	0	
128	0	30	step_1_no_load	1	2	1	371	
128	0	30	step_2_no_load	5	6	0.4919199548	0.608245979832	6	632	1	
128	0	31	step_1_no_load	1	2	1	473	
128	0	31	step_2_no_load	3	4	0.541819886458	0.606122691795	3	1005	0	
128	0	32	step_1_no_load	1	2	1	440	
128	0	32	step_2_no_load	5	6	0.520318771114	0.634585171267	6	828	1	
128	0	33	step_1_no_load	1	2	1	320	
128	0	33	step_2_no_load	3	4	0.542309898544	0.618000238621	3	604	1	
128	0	34	step_1_no_load	1	2	1	395	
128	0	34	step_2_no_load	3	4	0.538523758058	0.670290552209	4	1005	1	
128	0	35	step_1_no_load	1	2	1	946	
128	0	35	step_2_no_load	5	6	0.491437207585	0.566827313385	6	1085	1	
128	0	36	step_1_no_load	1	2	1	483	
128	0	36	step_2_no_load	3	4	0.611274573488	0.661229326326	3	1391	1	
128	0	37	step_1_no_load	1	2	1	300	
128	0	37	step_2_no_load	3	4	0.598446394142	0.660658056664	4	883	1	
128	0	38	step_1_no_load	1	2	1	335	
128	0	38	step_2_no_load	3	4	0.595113730206	0.651263699161	3	994	1	
128	0	39	step_1_no_load	1	2	1	376	
128	0	39	step_2_no_load	3	4	0.610601635554	0.634483337633	4	1029	1	
128	0	40	step_1_no_load	1	2	1	394	
128	0	40	step_2_no_load	3	4	0.607992802154	0.636994900683	3	885	1	
128	0	41	step_1_no_load	1	2	1	309	
128	0	41	step_2_no_load	3	4	0.588857868869	0.633285941184	4	877	1	
128	0	42	step_1_no_load	1	2	1	414	
128	0	42	step_2_no_load	3	4	0.609164606591	0.606696263624	3	994	0	
128	0	43	step_1_no_load	1	2	1	390	
128	0	43	step_2_no_load	3	4	0.612705031264	0.581931546759	3	904	1	
128	0	44	step_1_no_load	1	2	1	398	
128	0	44	step_2_no_load	3	4	0.611481438855	0.589653131867	4	1378	1	
128	0	45	step_1_no_load	1	2	1	455	
128	0	45	step_2_no_load	3	4	0.632991467829	0.620699591043	3	827	0	
128	0	46	step_1_no_load	1	2	1	378	
128	0	46	step_2_no_load	3	4	0.600964500555	0.654261318712	3	1059	1	
128	0	47	step_1_no_load	1	2	1	426	
128	0	47	step_2_no_load	3	4	0.598724660986	0.634373567175	-1	-1	-1	
128	0	48	step_1_no_load	1	2	1	393	
128	0	48	step_2_no_load	3	4	0.615767119776	0.657624935632	4	597	1	
128	0	49	step_1_no_load	1	2	1	360	
128	0	49	step_2_no_load	5	6	0.489287375157	0.512405963374	6	772	0	
128	0	50	step_1_no_load	1	2	1	369	
128	0	50	step_2_no_load	3	4	0.606862017918	0.593458480934	3	749	0	
128	0	51	step_1_no_load	1	2	1	369	
128	0	51	step_2_no_load	3	4	0.564866799699	0.613357430892	3	1285	1	
128	0	52	step_1_no_load	1	2	1	407	
128	0	52	step_2_no_load	3	4	0.539065404057	0.613408921915	3	656	1	
128	0	53	step_1_no_load	1	2	1	327	
128	0	53	step_2_no_load	3	4	0.551457882502	0.630956764252	3	544	0	
128	0	54	step_1_no_load	1	2	1	1203	
128	0	54	step_2_no_load	5	6	0.491512498697	0.493362545513	6	793	1	
128	0	55	step_1_no_load	1	2	1	348	
128	0	55	step_2_no_load	3	4	0.574045915747	0.639840796975	3	871	0	
128	0	56	step_1_no_load	1	2	1	440	
128	0	56	step_2_no_load	3	4	0.601856598146	0.60038825769	4	1000	0	
128	0	57	step_1_no_load	1	2	1	611	
128	0	57	step_2_no_load	3	4	0.641849303307	0.586335094239	3	770	0	
128	0	58	step_1_no_load	1	2	2	375	
128	0	58	step_2_no_load	5	6	0.478335218822	0.528376440027	6	811	0	
128	0	59	step_1_no_load	1	2	2	401	
128	0	59	step_2_no_load	5	6	0.480274332693	0.537400760025	5	674	0	
128	0	60	step_1_no_load	1	2	2	445	
128	0	60	step_2_no_load	5	6	0.491916707098	0.479287247283	6	606	0	
128	0	61	step_1_no_load	1	2	2	365	
128	0	61	step_2_no_load	5	6	0.464268875813	0.527144452559	6	555	0	
128	0	62	step_1_no_load	1	2	1	275	
128	0	62	step_2_no_load	3	4	0.691137204746	0.622820395113	3	921	1	
128	0	63	step_1_no_load	1	2	1	480	
128	0	63	step_2_no_load	3	4	0.664284493458	0.642623127313	4	711	0	
128	0	64	step_1_no_load	1	2	1	315	
128	0	64	step_2_no_load	3	4	0.642369708469	0.626149195169	3	517	1	
128	0	65	step_1_no_load	1	2	1	336	
128	0	65	step_2_no_load	3	4	0.612660225018	0.619953360065	3	436	0	
128	0	66	step_1_no_load	1	2	1	283	
128	0	66	step_2_no_load	3	4	0.606938648072	0.630357351236	3	607	1	
128	0	67	step_1_no_load	1	2	1	359	
128	0	67	step_2_no_load	3	4	0.597650193897	0.674463681351	4	571	0	
128	0	68	step_1_no_load	1	2	1	483	
128	0	68	step_2_no_load	5	6	0.509127161919	0.523301545299	6	604	0	
128	0	69	step_1_no_load	1	2	1	258	
128	0	69	step_2_no_load	3	4	0.622221685203	0.718756538957	3	548	0	
128	0	70	step_1_no_load	1	2	1	410	
128	0	70	step_2_no_load	3	4	0.637556284465	0.697741832068	4	543	1	
128	0	71	step_1_no_load	1	2	1	473	
128	0	71	step_2_no_load	3	4	0.639174917797	0.706816191949	3	917	1	
128	0	72	step_1_no_load	1	2	1	389	
128	0	72	step_2_no_load	3	4	0.626024641967	0.705884789502	4	609	1	
128	0	73	step_1_no_load	1	2	1	306	
128	0	73	step_2_no_load	5	6	0.435957313805	0.50185699984	6	703	1	
128	0	74	step_1_no_load	1	2	1	475	
128	0	74	step_2_no_load	5	6	0.453420386428	0.491044983779	5	1195	0	
128	0	75	step_1_no_load	1	2	1	395	
128	0	75	step_2_no_load	5	6	0.44832280175	0.483983914712	6	526	1	
128	0	76	step_1_no_load	1	2	1	378	
128	0	76	step_2_no_load	3	4	0.62770291155	0.690117652944	3	735	0	
128	0	77	step_1_no_load	1	2	1	378	
128	0	77	step_2_no_load	3	4	0.564257587118	0.679737625371	3	481	0	
128	0	78	step_1_no_load	1	2	1	404	
128	0	78	step_2_no_load	5	6	0.435911167612	0.538654072849	6	1495	1	
128	0	79	step_1_no_load	1	2	1	413	
128	0	79	step_2_no_load	5	6	0.389124152368	0.540085062695	5	980	0	
128	0	80	step_1_no_load	1	2	1	342	
128	0	80	step_2_no_load	3	4	0.518583383166	0.703969305517	3	761	1	
128	0	81	step_1_no_load	1	2	1	407	
128	0	81	step_2_no_load	3	4	0.529745690463	0.702400933084	4	867	0	
128	0	82	step_1_no_load	1	2	1	347	
128	0	82	step_2_no_load	3	4	0.564729328387	0.688340116885	3	485	0	
128	0	83	step_1_no_load	1	2	1	278	
128	0	83	step_2_no_load	5	6	0.382772464038	0.483255412498	6	1130	0	
128	0	84	step_1_no_load	1	2	1	0	
128	0	84	step_2_no_load	3	4	0.65843840156	0.731466635793	4	968	0	
128	0	85	step_1_no_load	1	2	1	352	
128	0	85	step_2_no_load	5	6	0.384458259121	0.485785534744	6	1069	0	
128	0	86	step_1_no_load	1	2	1	459	
128	0	86	step_2_no_load	3	4	0.691782850001	0.721207648497	3	538	0	
128	0	87	step_1_no_load	1	2	1	366	
128	0	87	step_2_no_load	3	4	0.719375344246	0.690012761069	4	485	1	
128	0	88	step_1_no_load	1	2	1	527	
128	0	88	step_2_no_load	5	6	0.377947492322	0.509563243675	6	579	1	
128	0	89	step_1_no_load	1	2	1	488	
128	0	89	step_2_no_load	3	4	0.690772436485	0.660112261017	4	961	0	
128	0	90	step_1_no_load	1	2	1	348	
128	0	90	step_2_no_load	3	4	0.712247848046	0.688736868033	3	394	0	
128	0	91	step_1_no_load	1	2	1	470	
128	0	91	step_2_no_load	3	4	0.685023809334	0.657820521772	4	596	1	
128	0	92	step_1_no_load	1	2	1	425	
128	0	92	step_2_no_load	5	6	0.444368850664	0.484260039873	6	453	1	
128	0	93	step_1_no_load	1	2	1	304	
128	0	93	step_2_no_load	5	6	0.439878153082	0.473273727684	-1	-1	-1	
128	0	94	step_1_no_load	1	2	1	308	
128	0	94	step_2_no_load	5	6	0.429211756872	0.468637558205	6	397	0	
128	0	95	step_1_no_load	1	2	1	358	
128	0	95	step_2_no_load	3	4	0.715495469274	0.640209855442	3	813	1	
128	0	96	step_1_no_load	1	2	2	415	
128	0	96	step_2_no_load	5	6	0.383038640121	0.437558890646	6	980	0	
128	0	97	step_1_no_load	1	2	2	361	
128	0	97	step_2_no_load	5	6	0.392885664353	0.455601814112	5	1276	1	
128	0	98	step_1_no_load	1	2	2	405	
128	0	98	step_2_no_load	3	4	0.70287861952	0.646040060297	3	1236	1	
128	0	99	step_1_no_load	1	2	2	310	
128	0	99	step_2_no_load	3	4	0.673709850038	0.645191748454	3	956	1	
128	0	100	step_1_no_load	1	2	2	492	
128	0	100	step_2_no_load	3	4	0.666227451505	0.66579920021	3	566	1	
128	0	101	step_1_no_load	1	2	2	333	
128	0	101	step_2_no_load	3	4	0.623812401974	0.655903528958	3	537	1	
128	0	102	step_1_no_load	1	2	2	419	
128	0	102	step_2_no_load	3	4	0.666304534392	0.663124617603	3	492	1	
128	0	103	step_1_no_load	1	2	2	297	
128	0	103	step_2_no_load	5	6	0.481975449893	0.322834495838	5	534	0	
128	0	104	step_1_no_load	1	2	2	245	
128	0	104	step_2_no_load	5	6	0.521047445908	0.303696146503	6	490	0	
128	0	105	step_1_no_load	1	2	2	323	
128	0	105	step_2_no_load	3	4	0.689135357059	0.722851301692	3	995	0	
128	0	106	step_1_no_load	1	2	2	1088	
128	0	106	step_2_no_load	5	6	0.508908032404	0.374131494222	5	859	1	
128	0	107	step_1_no_load	1	2	2	379	
128	0	107	step_2_no_load	3	4	0.692607431435	0.677514185929	4	1100	0	
128	0	108	step_1_no_load	1	2	2	381	
128	0	108	step_2_no_load	5	6	0.526955028982	0.388185708856	6	550	1	
128	0	109	step_1_no_load	1	2	2	321	
128	0	109	step_2_no_load	5	6	0.479977531501	0.372328831887	5	914	0	
128	0	110	step_1_no_load	1	2	2	310	
128	0	110	step_2_no_load	5	6	0.432626681236	0.395544455384	6	523	1	
128	0	111	step_1_no_load	1	2	2	475	
128	0	111	step_2_no_load	5	6	0.384948378665	0.407158158569	6	997	0	
128	0	112	step_1_no_load	1	2	2	334	
128	0	112	step_2_no_load	5	6	0.392887565883	0.413393106784	5	637	1	
128	0	113	step_1_no_load	1	2	2	277	
128	0	113	step_2_no_load	5	6	0.370697120277	0.387112818105	6	696	1	
128	0	114	step_1_no_load	1	2	2	327	
128	0	114	step_2_no_load	5	6	0.380324086676	0.384736699284	5	611	0	
128	0	115	step_1_no_load	1	2	2	571	
128	0	115	step_2_no_load	5	6	0.390027643099	0.357661171116	6	486	1	
128	0	116	step_1_no_load	1	2	2	347	
128	0	116	step_2_no_load	5	6	0.378149844807	0.369438791876	6	933	1	
128	0	117	step_1_no_load	1	2	2	333	
128	0	117	step_2_no_load	5	6	0.374621793791	0.363056877927	6	438	0	
128	0	118	step_1_no_load	1	2	2	372	
128	0	118	step_2_no_load	5	6	0.357645851833	0.362977115924	5	1353	0	
128	0	119	step_1_no_load	1	2	2	314	
128	0	119	step_2_no_load	3	4	0.690424535099	0.661177321751	3	665	0	
128	0	120	step_1_no_load	1	2	1	888	
128	0	120	step_2_no_load	5	6	0.370150243662	0.333809617664	6	1482	0	
128	0	121	step_1_no_load	1	2	1	334	
128	0	121	step_2_no_load	3	4	0.658856304095	0.671052306195	4	1016	1	
128	0	122	step_1_no_load	1	2	1	324	
128	0	122	step_2_no_load	5	6	0.329624572119	0.266650857402	5	944	0	
128	0	123	step_1_no_load	1	2	1	291	
128	0	123	step_2_no_load	3	4	0.583607229978	0.664849878232	3	1425	0	
128	0	124	step_1_no_load	1	2	1	338	
128	0	124	step_2_no_load	3	4	0.603013298253	0.624161788269	4	585	1	
128	0	125	step_1_no_load	1	2	1	1049	
128	0	125	step_2_no_load	3	4	0.559596800931	0.633566302563	4	454	1	
128	0	126	step_1_no_load	1	2	1	353	
128	0	126	step_2_no_load	3	4	0.537863824328	0.600985760967	4	420	1	
128	0	127	step_1_no_load	1	2	1	624	
128	0	127	step_2_no_load	3	4	0.560824094575	0.646945556251	4	385	0	
128	0	128	step_1_no_load	1	2	1	838	
128	0	128	step_2_no_load	3	4	0.636905534066	0.620672334996	3	542	0	
128	0	129	step_1_no_load	1	2	1	979	
128	0	129	step_2_no_load	3	4	0.685297910719	0.632682846317	3	1278	0	
128	0	130	step_1_no_load	1	2	1	397	
128	0	130	step_2_no_load	3	4	0.682031489739	0.630285316669	4	395	1	
128	0	131	step_1_no_load	1	2	1	470	
128	0	131	step_2_no_load	3	4	0.678044920845	0.638450601212	4	409	1	
128	0	132	step_1_no_load	1	2	1	419	
128	0	132	step_2_no_load	5	6	0.315328810424	0.27986961048	6	605	0	
128	0	133	step_1_no_load	1	2	1	397	
128	0	133	step_2_no_load	3	4	0.617383991623	0.691649444281	4	513	0	
128	0	134	step_1_no_load	1	2	1	317	
128	0	134	step_2_no_load	3	4	0.621945110858	0.685529359147	3	795	1	
128	0	135	step_1_no_load	1	2	1	462	
128	0	135	step_2_no_load	3	4	0.593710006149	0.700779221781	4	444	1	
128	0	136	step_1_no_load	1	2	1	281	
128	0	136	step_2_no_load	3	4	0.597814413435	0.674914008636	4	439	1	
128	0	137	step_1_no_load	1	2	1	286	
128	0	137	step_2_no_load	3	4	0.605896884497	0.668540846495	4	434	1	
128	0	138	step_1_no_load	1	2	1	328	
128	0	138	step_2_no_load	3	4	0.63240964674	0.688182193337	4	448	1	
128	0	139	step_1_no_load	1	2	1	411	
128	0	139	step_2_no_load	5	6	0.323660750961	0.325611400511	6	1471	1	
128	0	140	step_1_no_load	1	2	1	338	
128	0	140	step_2_no_load	3	4	0.671213945178	0.637682840728	3	745	1	
128	0	141	step_1_no_load	1	2	1	550	
128	0	141	step_2_no_load	5	6	0.311809871418	0.390227133375	6	535	0	
128	0	142	step_1_no_load	1	2	1	424	
128	0	142	step_2_no_load	3	4	0.690276058009	0.627356259123	-1	-1	-1	
128	0	143	step_1_no_load	1	2	1	398	
128	0	143	step_2_no_load	3	4	0.661365099615	0.610219102298	3	1038	0	
128	0	144	step_1_no_load	1	2	1	351	
128	0	144	step_2_no_load	3	4	0.626443722248	0.639347300184	3	464	0	
128	0	145	step_1_no_load	1	2	1	311	
128	0	145	step_2_no_load	5	6	0.266265924094	0.355256413269	5	999	0	
128	0	146	step_1_no_load	1	2	1	360	
128	0	146	step_2_no_load	3	4	0.681611991725	0.593778463268	3	586	1	
128	0	147	step_1_no_load	1	2	1	445	
128	0	147	step_2_no_load	3	4	0.647798886916	0.594861186319	3	1111	1	
128	0	148	step_1_no_load	1	2	1	447	
128	0	148	step_2_no_load	5	6	0.305288021243	0.311162711725	6	747	0	
128	0	149	step_1_no_load	1	2	1	309	
128	0	149	step_2_no_load	3	4	0.601870110183	0.623203869836	4	1093	1	
128	0	150	step_1_no_load	1	2	1	382	
128	0	150	step_2_no_load	3	4	0.575985663078	0.605912419156	4	934	1	
128	0	151	step_1_no_load	1	2	1	284	
128	0	151	step_2_no_load	3	4	0.59154759351	0.614159737668	4	545	0	
128	0	152	step_1_no_load	1	2	1	302	
128	0	152	step_2_no_load	3	4	0.595108765344	0.644204174791	3	635	1	
128	0	153	step_1_no_load	1	2	1	347	
128	0	153	step_2_no_load	3	4	0.613336203392	0.681559292085	3	480	1	
128	0	154	step_1_no_load	1	2	1	292	
128	0	154	step_2_no_load	5	6	0.316375537537	0.348349389262	6	1050	0	
128	0	155	step_1_no_load	1	2	1	1013	
128	0	155	step_2_no_load	5	6	0.296093457977	0.372188990474	5	1026	0	
128	0	156	step_1_no_load	1	2	1	293	
128	0	156	step_2_no_load	3	4	0.631048201903	0.734436160799	3	719	0	
128	0	157	step_1_no_load	1	2	1	250	
128	0	157	step_2_no_load	3	4	0.585191807512	0.720725456325	4	610	1	
128	0	158	step_1_no_load	1	2	1	318	
128	0	158	step_2_no_load	3	4	0.532722108502	0.694270715354	4	487	1	
128	0	159	step_1_no_load	1	2	1	420	
128	0	159	step_2_no_load	3	4	0.541222065796	0.697903160072	4	531	1	
128	0	160	step_1_no_load	1	2	1	568	
128	0	160	step_2_no_load	3	4	0.521229931064	0.710728171711	4	655	0	
128	0	161	step_1_no_load	1	2	1	370	
128	0	161	step_2_no_load	5	6	0.407025633682	0.438878285506	6	971	0	
128	0	162	step_1_no_load	1	2	1	255	
128	0	162	step_2_no_load	3	4	0.566496468084	0.695144769903	3	514	0	
128	0	163	step_1_no_load	1	2	1	272	
128	0	163	step_2_no_load	3	4	0.5863391277	0.697095951435	3	621	1	
128	0	164	step_1_no_load	1	2	1	341	
128	0	164	step_2_no_load	3	4	0.585961845322	0.692137394606	3	632	0	
128	0	165	step_1_no_load	1	2	2	418	
128	0	165	step_2_no_load	5	6	0.463777557969	0.347974240867	5	597	0	
128	0	166	step_1_no_load	1	2	2	318	
128	0	166	step_2_no_load	3	4	0.549095060025	0.686594248975	3	1053	1	
128	0	167	step_1_no_load	1	2	2	651	
128	0	167	step_2_no_load	5	6	0.38753671275	0.331115714939	6	871	0	
128	0	168	step_1_no_load	1	2	2	548	
128	0	168	step_2_no_load	5	6	0.400817642375	0.335777599654	5	585	0	
128	0	169	step_1_no_load	1	2	-1	-1	
128	0	170	step_1_no_load	1	2	2	297	
128	0	170	step_2_no_load	5	6	0.411067820436	0.364989630435	6	608	0	
128	0	171	step_1_no_load	1	2	2	436	
128	0	171	step_2_no_load	5	6	0.386979310814	0.425122034074	5	573	0	
128	0	172	step_1_no_load	1	2	2	566	
128	0	172	step_2_no_load	5	6	0.363617002148	0.490120307546	5	384	0	
128	0	173	step_1_no_load	1	2	2	282	
128	0	173	step_2_no_load	3	4	0.484428109849	0.667027212577	3	611	1	
128	0	174	step_1_no_load	1	2	2	272	
128	0	174	step_2_no_load	5	6	0.387867297446	0.46236234172	6	613	1	
128	0	175	step_1_no_load	1	2	2	329	
128	0	175	step_2_no_load	5	6	0.426185553904	0.484825491933	6	609	0	
128	0	176	step_1_no_load	1	2	1	466	
128	0	176	step_2_no_load	3	4	0.474046874473	0.679250000396	3	996	1	
128	0	177	step_1_no_load	1	2	1	399	
128	0	177	step_2_no_load	3	4	0.501268576771	0.714070205704	3	526	1	
128	0	178	step_1_no_load	1	2	1	427	
128	0	178	step_2_no_load	3	4	0.493712351915	0.705993797498	3	536	0	
128	0	179	step_1_no_load	1	2	1	365	
128	0	179	step_2_no_load	5	6	0.324685418097	0.493565996034	6	1070	0	
128	0	180	step_1_no_load	1	2	1	286	
128	0	180	step_2_no_load	3	4	0.482853857291	0.719795072986	3	593	1	
128	0	181	step_1_no_load	1	2	1	362	
128	0	181	step_2_no_load	3	4	0.508735114046	0.746910336326	3	482	0	
128	0	182	step_1_no_load	1	2	1	387	
128	0	182	step_2_no_load	3	4	0.506773281362	0.72717560423	3	494	0	
128	0	183	step_1_no_load	1	2	1	293	
128	0	183	step_2_no_load	5	6	0.350175837802	0.492742497507	5	876	0	
128	0	184	step_1_no_load	1	2	1	1054	
128	0	184	step_2_no_load	5	6	0.362743255194	0.480863422096	6	687	1	
128	0	185	step_1_no_load	1	2	1	456	
128	0	185	step_2_no_load	3	4	0.479703516092	0.665622647081	4	536	1	
128	0	186	step_1_no_load	1	2	1	312	
128	0	186	step_2_no_load	3	4	0.46870859828	0.656308636836	4	672	1	
128	0	187	step_1_no_load	1	2	1	307	
128	0	187	step_2_no_load	5	6	0.328890769988	0.498596507669	6	716	1	
128	0	188	step_1_no_load	1	2	1	288	
128	0	188	step_2_no_load	3	4	0.471319680586	0.696362660087	4	582	0	
128	0	189	step_1_no_load	1	2	1	265	
128	0	189	step_2_no_load	5	6	0.285168135955	0.534753756004	6	618	0	
128	0	190	step_1_no_load	1	2	1	852	
128	0	190	step_2_no_load	5	6	0.304557739386	0.505820429042	5	1082	0	
128	0	191	step_1_no_load	1	2	1	358	
128	0	191	step_2_no_load	3	4	0.435748387321	0.664271461991	3	540	0	
128	0	192	step_1_no_load	1	2	1	352	
128	0	192	step_2_no_load	5	6	0.299297135717	0.493851022417	6	937	0	
128	0	193	step_1_no_load	1	2	1	643	
128	0	193	step_2_no_load	3	4	0.440813209638	0.679792491164	4	927	1	
128	0	194	step_1_no_load	1	2	1	301	
128	0	194	step_2_no_load	5	6	0.342437174514	0.505359594715	5	832	0	
128	0	195	step_1_no_load	1	2	1	360	
128	0	195	step_2_no_load	5	6	0.348571348505	0.494102184238	5	1395	0	
128	0	196	step_1_no_load	1	2	1	238	
128	0	196	step_2_no_load	3	4	0.421761207498	0.695101215304	3	673	0	
128	0	197	step_1_no_load	1	2	1	438	
128	0	197	step_2_no_load	5	6	0.316987700969	0.47786945426	5	1205	0	
128	0	198	step_1_no_load	1	2	1	326	
128	0	198	step_2_no_load	3	4	0.397292432346	0.68660989813	4	416	1	
128	0	199	step_1_no_load	1	2	1	297	
128	0	199	step_2_no_load	5	6	0.292861528884	0.529438031858	-1	-1	-1	
128	0	200	step_1_no_load	1	2	1	358	
128	0	200	step_2_no_load	3	4	0.372436949782	0.728996708473	3	800	0	

Thu Apr  5 17:00:27 2018
