Fri Apr  6 15:22:42 2018	
130	0	1	step_1_no_load	1	2	-1	-1	
130	0	2	step_1_no_load	1	2	1	420	
130	0	2	step_2_no_load	3	4	0.610961032466	0.580156942153	4	703	1	
130	0	3	step_1_no_load	1	2	1	319	
130	0	3	step_2_no_load	3	4	0.589215227351	0.584197065669	4	537	1	
130	0	4	step_1_no_load	1	2	1	294	
130	0	4	step_2_no_load	5	6	0.494597764192	0.478607661228	6	351	0	
130	0	5	step_1_no_load	1	2	1	307	
130	0	5	step_2_no_load	3	4	0.576104915614	0.623810210114	4	1212	0	
130	0	6	step_1_no_load	1	2	1	470	
130	0	6	step_2_no_load	5	6	0.490454120702	0.506877622204	5	259	0	
130	0	7	step_1_no_load	1	2	2	1396	
130	0	7	step_2_no_load	3	4	0.622642364361	0.568656746487	4	135	1	
130	0	8	step_1_no_load	1	2	2	306	
130	0	8	step_2_no_load	3	4	0.624210374623	0.59128639594	4	543	1	
130	0	9	step_1_no_load	1	2	2	230	
130	0	9	step_2_no_load	3	4	0.641106877158	0.598049061473	4	383	1	
130	0	10	step_1_no_load	1	2	2	275	
130	0	10	step_2_no_load	5	6	0.576063520885	0.482364178155	6	387	0	
130	0	11	step_1_no_load	1	2	2	447	
130	0	11	step_2_no_load	3	4	0.609191465743	0.69163818036	4	627	0	
130	0	12	step_1_no_load	1	2	2	402	
130	0	12	step_2_no_load	5	6	0.597131918027	0.48457206759	5	582	1	
130	0	13	step_1_no_load	1	2	2	575	
130	0	13	step_2_no_load	5	6	0.595790490356	0.52012981853	5	1375	1	
130	0	14	step_1_no_load	1	2	2	262	
130	0	14	step_2_no_load	5	6	0.611256675753	0.491234392147	5	784	1	
130	0	15	step_1_no_load	1	2	2	268	
130	0	15	step_2_no_load	5	6	0.633564630036	0.505377237737	5	807	0	
130	0	16	step_1_no_load	1	2	2	129	
130	0	16	step_2_no_load	5	6	0.626326396372	0.510958036527	5	975	0	
130	0	17	step_1_no_load	1	2	2	255	
130	0	17	step_2_no_load	5	6	0.643116883134	0.535958400205	5	1304	1	
130	0	18	step_1_no_load	1	2	2	249	
130	0	18	step_2_no_load	3	4	0.553554620302	0.626834332012	4	830	0	
130	0	19	step_1_no_load	1	2	2	251	
130	0	19	step_2_no_load	3	4	0.536502319591	0.619895761657	3	769	0	
130	0	20	step_1_no_load	1	2	2	256	
130	0	20	step_2_no_load	5	6	0.60665343963	0.478025448397	5	565	1	
130	0	21	step_1_no_load	1	2	2	507	
130	0	21	step_2_no_load	3	4	0.470207377245	0.630305464549	4	618	1	
130	0	22	step_1_no_load	1	2	2	302	
130	0	22	step_2_no_load	5	6	0.618527126547	0.506100011497	5	513	1	
130	0	23	step_1_no_load	1	2	2	248	
130	0	23	step_2_no_load	3	4	0.513759772011	0.640163623731	4	437	1	
130	0	24	step_1_no_load	1	2	2	295	
130	0	24	step_2_no_load	5	6	0.5800912085	0.505388876622	5	447	1	
130	0	25	step_1_no_load	1	2	2	0	
130	0	25	step_2_no_load	3	4	0.503605105412	0.565698722896	4	473	0	
130	0	26	step_1_no_load	1	2	2	272	
130	0	26	step_2_no_load	5	6	0.640635035276	0.511744353778	5	631	1	
130	0	27	step_1_no_load	1	2	2	272	
130	0	27	step_2_no_load	5	6	0.642144756622	0.507272671939	5	767	1	
130	0	28	step_1_no_load	1	2	2	237	
130	0	28	step_2_no_load	3	4	0.553259388875	0.588356036098	4	1164	0	
130	0	29	step_1_no_load	1	2	2	285	
130	0	29	step_2_no_load	5	6	0.618626354124	0.521159009103	5	608	1	
130	0	30	step_1_no_load	1	2	2	267	
130	0	30	step_2_no_load	5	6	0.610227092493	0.4919199548	5	528	0	
130	0	31	step_1_no_load	1	2	2	248	
130	0	31	step_2_no_load	5	6	0.606122691795	0.483156722265	5	655	1	
130	0	32	step_1_no_load	1	2	2	248	
130	0	32	step_2_no_load	5	6	0.605616211083	0.520318771114	5	615	1	
130	0	33	step_1_no_load	1	2	2	221	
130	0	33	step_2_no_load	5	6	0.618000238621	0.487664344039	5	739	1	
130	0	34	step_1_no_load	1	2	2	289	
130	0	34	step_2_no_load	5	6	0.670290552209	0.454565258478	5	581	0	
130	0	35	step_1_no_load	1	2	2	275	
130	0	35	step_2_no_load	5	6	0.649776015006	0.491437207585	5	796	0	
130	0	36	step_1_no_load	1	2	2	209	
130	0	36	step_2_no_load	5	6	0.661229326326	0.513210053121	5	651	1	
130	0	37	step_1_no_load	1	2	2	266	
130	0	37	step_2_no_load	5	6	0.660658056664	0.543074626387	5	522	1	
130	0	38	step_1_no_load	1	2	2	242	
130	0	38	step_2_no_load	5	6	0.651263699161	0.553931241266	5	467	0	
130	0	39	step_1_no_load	1	2	2	242	
130	0	39	step_2_no_load	5	6	0.634483337633	0.578640235206	5	1149	1	
130	0	40	step_1_no_load	1	2	2	256	
130	0	40	step_2_no_load	5	6	0.636994900683	0.5691386571	5	546	0	
130	0	41	step_1_no_load	1	2	1	248	
130	0	41	step_2_no_load	3	4	0.588857868869	0.524862294848	3	1002	1	
130	0	42	step_1_no_load	1	2	1	263	
130	0	42	step_2_no_load	3	4	0.609164606591	0.533857158543	3	1320	1	
130	0	43	step_1_no_load	1	2	1	244	
130	0	43	step_2_no_load	3	4	0.612705031264	0.553703096215	3	642	0	
130	0	44	step_1_no_load	1	2	1	424	
130	0	44	step_2_no_load	5	6	0.589653131867	0.537842745081	5	966	1	
130	0	45	step_1_no_load	1	2	1	251	
130	0	45	step_2_no_load	5	6	0.620699591043	0.5288039409	5	465	1	
130	0	46	step_1_no_load	1	2	1	66	
130	0	46	step_2_no_load	3	4	0.600964500555	0.55511883717	3	959	1	
130	0	47	step_1_no_load	1	2	1	255	
130	0	47	step_2_no_load	3	4	0.598724660986	0.546259467838	3	938	1	
130	0	48	step_1_no_load	1	2	1	230	
130	0	48	step_2_no_load	3	4	0.615767119776	0.534690828011	3	630	1	
130	0	49	step_1_no_load	1	2	1	207	
130	0	49	step_2_no_load	3	4	0.610193185592	0.512405963374	3	269	1	
130	0	50	step_1_no_load	1	2	1	221	
130	0	50	step_2_no_load	3	4	0.606862017918	0.481616544184	3	342	1	
130	0	51	step_1_no_load	1	2	1	193	
130	0	51	step_2_no_load	3	4	0.564866799699	0.508197321577	3	331	0	
130	0	52	step_1_no_load	1	2	1	304	
130	0	52	step_2_no_load	3	4	0.539065404057	0.513589895419	3	845	1	
130	0	53	step_1_no_load	1	2	1	356	
130	0	53	step_2_no_load	3	4	0.551457882502	0.475342927439	3	422	0	
130	0	54	step_1_no_load	1	2	1	278	
130	0	54	step_2_no_load	5	6	0.652515308527	0.491512498697	5	576	0	
130	0	55	step_1_no_load	1	2	1	336	
130	0	55	step_2_no_load	3	4	0.574045915747	0.526704292526	3	528	1	
130	0	56	step_1_no_load	1	2	1	276	
130	0	56	step_2_no_load	3	4	0.601856598146	0.538512915562	3	438	1	
130	0	57	step_1_no_load	1	2	1	35	
130	0	57	step_2_no_load	3	4	0.641849303307	0.516475618243	3	515	0	
130	0	58	step_1_no_load	1	2	1	0	
130	0	58	step_2_no_load	5	6	0.610896130115	0.478335218822	5	620	1	
130	0	59	step_1_no_load	1	2	1	306	
130	0	59	step_2_no_load	3	4	0.632500293208	0.537400760025	3	509	0	
130	0	60	step_1_no_load	1	2	1	433	
130	0	60	step_2_no_load	5	6	0.599559577859	0.491916707098	5	646	1	
130	0	61	step_1_no_load	1	2	1	610	
130	0	61	step_2_no_load	3	4	0.669587072502	0.527144452559	3	588	1	
130	0	62	step_1_no_load	1	2	1	373	
130	0	62	step_2_no_load	3	4	0.691137204746	0.533031417444	3	457	1	
130	0	63	step_1_no_load	1	2	1	595	
130	0	63	step_2_no_load	3	4	0.664284493458	0.519445130796	3	528	1	
130	0	64	step_1_no_load	1	2	1	433	
130	0	64	step_2_no_load	3	4	0.642369708469	0.533849886794	3	340	1	
130	0	65	step_1_no_load	1	2	1	307	
130	0	65	step_2_no_load	3	4	0.612660225018	0.517687993213	3	359	1	
130	0	66	step_1_no_load	1	2	1	349	
130	0	66	step_2_no_load	3	4	0.606938648072	0.555324764318	3	865	1	
130	0	67	step_1_no_load	1	2	1	970	
130	0	67	step_2_no_load	3	4	0.597650193897	0.538279387614	3	401	1	
130	0	68	step_1_no_load	1	2	1	803	
130	0	68	step_2_no_load	3	4	0.622963076372	0.523301545299	3	482	1	
130	0	69	step_1_no_load	1	2	1	345	
130	0	69	step_2_no_load	3	4	0.622221685203	0.560462111264	3	202	0	
130	0	70	step_1_no_load	1	2	1	89	
130	0	70	step_2_no_load	3	4	0.637556284465	0.548075770764	3	256	1	
130	0	71	step_1_no_load	1	2	1	264	
130	0	71	step_2_no_load	5	6	0.706816191949	0.482863323776	5	302	1	
130	0	72	step_1_no_load	1	2	1	6	
130	0	72	step_2_no_load	5	6	0.705884789502	0.47409116389	5	258	1	
130	0	73	step_1_no_load	1	2	1	261	
130	0	73	step_2_no_load	5	6	0.727961155836	0.435957313805	5	356	0	
130	0	74	step_1_no_load	1	2	1	751	
130	0	74	step_2_no_load	3	4	0.614462146454	0.491044983779	-1	-1	-1	
130	0	75	step_1_no_load	1	2	1	1135	
130	0	75	step_2_no_load	3	4	0.615552849174	0.483983914712	3	2	1	
130	0	76	step_1_no_load	1	2	1	513	
130	0	76	step_2_no_load	5	6	0.690117652944	0.488583631821	5	340	0	
130	0	77	step_1_no_load	1	2	1	226	
130	0	77	step_2_no_load	3	4	0.564257587118	0.538119616568	3	233	1	
130	0	78	step_1_no_load	1	2	1	75	
130	0	78	step_2_no_load	3	4	0.536711448352	0.538654072849	3	240	1	
130	0	79	step_1_no_load	1	2	1	240	
130	0	79	step_2_no_load	3	4	0.513695512795	0.540085062695	3	375	1	
130	0	80	step_1_no_load	1	2	1	367	
130	0	80	step_2_no_load	3	4	0.518583383166	0.49921021142	3	247	1	
130	0	81	step_1_no_load	1	2	1	478	
130	0	81	step_2_no_load	3	4	0.529745690463	0.494116554432	3	393	0	
130	0	82	step_1_no_load	1	2	1	281	
130	0	82	step_2_no_load	3	4	0.564729328387	0.482727017837	3	167	0	
130	0	83	step_1_no_load	1	2	1	1364	
130	0	83	step_2_no_load	3	4	0.607907985871	0.483255412498	3	50	1	
130	0	84	step_1_no_load	1	2	1	675	
130	0	84	step_2_no_load	5	6	0.731466635793	0.385087938645	5	572	0	
130	0	85	step_1_no_load	1	2	-1	-1	
130	0	86	step_1_no_load	1	2	1	587	
130	0	86	step_2_no_load	3	4	0.691782850001	0.486462788728	3	400	1	
130	0	87	step_1_no_load	1	2	1	1169	
130	0	87	step_2_no_load	3	4	0.719375344246	0.493867001103	3	367	1	
130	0	88	step_1_no_load	1	2	1	259	
130	0	88	step_2_no_load	5	6	0.696773608304	0.377947492322	5	242	0	
130	0	89	step_1_no_load	1	2	1	5	
130	0	89	step_2_no_load	5	6	0.660112261017	0.415882489686	5	448	0	
130	0	90	step_1_no_load	1	2	1	264	
130	0	90	step_2_no_load	3	4	0.712247848046	0.530126112124	3	366	1	
130	0	91	step_1_no_load	1	2	1	531	
130	0	91	step_2_no_load	5	6	0.657820521772	0.43534164751	5	509	1	
130	0	92	step_1_no_load	1	2	1	270	
130	0	92	step_2_no_load	5	6	0.679381608313	0.444368850664	5	338	1	
130	0	93	step_1_no_load	1	2	1	444	
130	0	93	step_2_no_load	3	4	0.70415710998	0.473273727684	3	274	0	
130	0	94	step_1_no_load	1	2	1	265	
130	0	94	step_2_no_load	3	4	0.719464414227	0.468637558205	3	413	1	
130	0	95	step_1_no_load	1	2	1	268	
130	0	95	step_2_no_load	3	4	0.715495469274	0.42505578884	3	109	1	
130	0	96	step_1_no_load	1	2	1	166	
130	0	96	step_2_no_load	5	6	0.663095813561	0.383038640121	5	288	1	
130	0	97	step_1_no_load	1	2	1	479	
130	0	97	step_2_no_load	3	4	0.681272614291	0.455601814112	3	450	1	
130	0	98	step_1_no_load	1	2	1	322	
130	0	98	step_2_no_load	5	6	0.646040060297	0.409778171713	5	302	1	
130	0	99	step_1_no_load	1	2	1	304	
130	0	99	step_2_no_load	5	6	0.645191748454	0.397561363605	5	578	0	
130	0	100	step_1_no_load	1	2	1	234	
130	0	100	step_2_no_load	3	4	0.666227451505	0.363162156005	3	387	1	
130	0	101	step_1_no_load	1	2	1	29	
130	0	101	step_2_no_load	3	4	0.623812401974	0.366879421891	3	56	1	
130	0	102	step_1_no_load	1	2	1	6	
130	0	102	step_2_no_load	3	4	0.666304534392	0.326080462175	3	347	0	
130	0	103	step_1_no_load	1	2	1	262	
130	0	103	step_2_no_load	3	4	0.663997796029	0.322834495838	3	496	1	
130	0	104	step_1_no_load	1	2	1	645	
130	0	104	step_2_no_load	3	4	0.703870701136	0.303696146503	3	283	1	
130	0	105	step_1_no_load	1	2	1	312	
130	0	105	step_2_no_load	3	4	0.689135357059	0.352639603242	3	290	0	
130	0	106	step_1_no_load	1	2	1	268	
130	0	106	step_2_no_load	3	4	0.712883638252	0.374131494222	3	517	0	
130	0	107	step_1_no_load	1	2	1	7	
130	0	107	step_2_no_load	5	6	0.677514185929	0.565220528809	5	262	1	
130	0	108	step_1_no_load	1	2	1	293	
130	0	108	step_2_no_load	3	4	0.695928523711	0.388185708856	3	290	0	
130	0	109	step_1_no_load	1	2	1	372	
130	0	109	step_2_no_load	3	4	0.71632547018	0.372328831887	3	335	0	
130	0	110	step_1_no_load	1	2	1	294	
130	0	110	step_2_no_load	3	4	0.729599891941	0.395544455384	4	454	1	
130	0	111	step_1_no_load	1	2	1	337	
130	0	111	step_2_no_load	5	6	0.634599547742	0.384948378665	5	954	1	
130	0	112	step_1_no_load	1	2	1	388	
130	0	112	step_2_no_load	3	4	0.725701866094	0.413393106784	4	502	0	
130	0	113	step_1_no_load	1	2	1	285	
130	0	113	step_2_no_load	3	4	0.719324307956	0.387112818105	3	327	1	
130	0	114	step_1_no_load	1	2	1	605	
130	0	114	step_2_no_load	3	4	0.718213323791	0.384736699284	3	695	1	
130	0	115	step_1_no_load	1	2	1	458	
130	0	115	step_2_no_load	3	4	0.739704344621	0.357661171116	3	286	0	
130	0	116	step_1_no_load	1	2	1	332	
130	0	116	step_2_no_load	5	6	0.680124293449	0.378149844807	5	611	1	
130	0	117	step_1_no_load	1	2	1	68	
130	0	117	step_2_no_load	5	6	0.671842537277	0.374621793791	5	70	1	
130	0	118	step_1_no_load	1	2	1	417	
130	0	118	step_2_no_load	3	4	0.740051715856	0.362977115924	3	376	1	
130	0	119	step_1_no_load	1	2	1	297	
130	0	119	step_2_no_load	3	4	0.690424535099	0.358243439099	3	271	1	
130	0	120	step_1_no_load	1	2	1	329	
130	0	120	step_2_no_load	5	6	0.666433355915	0.370150243662	5	238	1	
130	0	121	step_1_no_load	1	2	1	304	
130	0	121	step_2_no_load	3	4	0.658856304095	0.310775244958	3	226	1	
130	0	122	step_1_no_load	1	2	1	344	
130	0	122	step_2_no_load	3	4	0.6136886145	0.266650857402	3	358	1	
130	0	123	step_1_no_load	1	2	1	704	
130	0	123	step_2_no_load	3	4	0.583607229978	0.269780614928	3	639	1	
130	0	124	step_1_no_load	1	2	1	589	
130	0	124	step_2_no_load	3	4	0.603013298253	0.26095206597	3	483	0	
130	0	125	step_1_no_load	1	2	1	616	
130	0	125	step_2_no_load	3	4	0.559596800931	0.290374841566	3	504	1	
130	0	126	step_1_no_load	1	2	1	540	
130	0	126	step_2_no_load	3	4	0.537863824328	0.267206368684	3	428	0	
130	0	127	step_1_no_load	1	2	1	484	
130	0	127	step_2_no_load	3	4	0.560824094575	0.273483952592	3	436	1	
130	0	128	step_1_no_load	1	2	1	294	
130	0	128	step_2_no_load	5	6	0.620672334996	0.250790232267	5	287	1	
130	0	129	step_1_no_load	1	2	1	415	
130	0	129	step_2_no_load	3	4	0.685297910719	0.268213321963	3	226	1	
130	0	130	step_1_no_load	1	2	1	296	
130	0	130	step_2_no_load	3	4	0.682031489739	0.267460866951	3	256	1	
130	0	131	step_1_no_load	1	2	1	244	
130	0	131	step_2_no_load	5	6	0.638450601212	0.311475039155	5	357	1	
130	0	132	step_1_no_load	1	2	1	207	
130	0	132	step_2_no_load	3	4	0.668578020634	0.27986961048	3	319	1	
130	0	133	step_1_no_load	1	2	1	300	
130	0	133	step_2_no_load	5	6	0.691649444281	0.312642735495	5	241	0	
130	0	134	step_1_no_load	1	2	1	229	
130	0	134	step_2_no_load	3	4	0.621945110858	0.287393715313	3	229	0	
130	0	135	step_1_no_load	1	2	1	381	
130	0	135	step_2_no_load	3	4	0.593710006149	0.300079459047	3	222	1	
130	0	136	step_1_no_load	1	2	1	269	
130	0	136	step_2_no_load	5	6	0.674914008636	0.284521085726	5	196	1	
130	0	137	step_1_no_load	1	2	1	248	
130	0	137	step_2_no_load	3	4	0.605896884497	0.346433498467	3	275	0	
130	0	138	step_1_no_load	1	2	1	212	
130	0	138	step_2_no_load	3	4	0.63240964674	0.366701525561	3	192	1	
130	0	139	step_1_no_load	1	2	1	254	
130	0	139	step_2_no_load	5	6	0.696355985729	0.323660750961	5	356	1	
130	0	140	step_1_no_load	1	2	1	231	
130	0	140	step_2_no_load	3	4	0.671213945178	0.348740542008	3	405	1	
130	0	141	step_1_no_load	1	2	1	360	
130	0	141	step_2_no_load	3	4	0.711987889705	0.390227133375	3	363	1	
130	0	142	step_1_no_load	1	2	1	58	
130	0	142	step_2_no_load	5	6	0.627356259123	0.304203281606	5	310	0	
130	0	143	step_1_no_load	1	2	1	617	
130	0	143	step_2_no_load	5	6	0.610219102298	0.313516825296	5	561	0	
130	0	144	step_1_no_load	1	2	1	907	
130	0	144	step_2_no_load	3	4	0.626443722248	0.389234194056	3	646	1	
130	0	145	step_1_no_load	1	2	1	378	
130	0	145	step_2_no_load	3	4	0.6669125229	0.355256413269	3	364	1	
130	0	146	step_1_no_load	1	2	1	950	
130	0	146	step_2_no_load	3	4	0.681611991725	0.320877500969	-1	-1	-1	
130	0	147	step_1_no_load	1	2	1	6	
130	0	147	step_2_no_load	5	6	0.594861186319	0.265578160642	5	271	1	
130	0	148	step_1_no_load	1	2	1	449	
130	0	148	step_2_no_load	5	6	0.648050021239	0.305288021243	5	604	1	
130	0	149	step_1_no_load	1	2	1	329	
130	0	149	step_2_no_load	3	4	0.601870110183	0.300290206122	3	533	0	
130	0	150	step_1_no_load	1	2	1	252	
130	0	150	step_2_no_load	5	6	0.605912419156	0.305587692243	5	269	1	
130	0	151	step_1_no_load	1	2	1	282	
130	0	151	step_2_no_load	3	4	0.59154759351	0.310557101463	4	408	1	
130	0	152	step_1_no_load	1	2	1	0	
130	0	152	step_2_no_load	3	4	0.595108765344	0.323194010514	4	545	0	
130	0	153	step_1_no_load	1	2	1	219	
130	0	153	step_2_no_load	3	4	0.613336203392	0.343622632154	3	261	1	
130	0	154	step_1_no_load	1	2	1	389	
130	0	154	step_2_no_load	3	4	0.638934099562	0.348349389262	3	263	1	
130	0	155	step_1_no_load	1	2	1	295	
130	0	155	step_2_no_load	3	4	0.632486591889	0.372188990474	3	377	0	
130	0	156	step_1_no_load	1	2	1	273	
130	0	156	step_2_no_load	3	4	0.631048201903	0.368378667812	3	375	1	
130	0	157	step_1_no_load	1	2	1	482	
130	0	157	step_2_no_load	3	4	0.585191807512	0.324728201487	3	363	1	
130	0	158	step_1_no_load	1	2	1	558	
130	0	158	step_2_no_load	3	4	0.532722108502	0.334595868098	3	449	1	
130	0	159	step_1_no_load	1	2	1	442	
130	0	159	step_2_no_load	5	6	0.697903160072	0.413026375257	5	542	1	
130	0	160	step_1_no_load	1	2	1	459	
130	0	160	step_2_no_load	5	6	0.710728171711	0.415052912783	5	227	0	
130	0	161	step_1_no_load	1	2	1	253	
130	0	161	step_2_no_load	3	4	0.516036498158	0.438878285506	3	322	1	
130	0	162	step_1_no_load	1	2	1	337	
130	0	162	step_2_no_load	3	4	0.566496468084	0.455329532209	3	385	0	
130	0	163	step_1_no_load	1	2	1	266	
130	0	163	step_2_no_load	3	4	0.5863391277	0.430920885959	4	612	0	
130	0	164	step_1_no_load	1	2	1	229	
130	0	164	step_2_no_load	3	4	0.585961845322	0.430844125626	3	519	1	
130	0	165	step_1_no_load	1	2	1	323	
130	0	165	step_2_no_load	3	4	0.538026607649	0.347974240867	3	854	1	
130	0	166	step_1_no_load	1	2	1	329	
130	0	166	step_2_no_load	3	4	0.549095060025	0.356317216644	3	258	1	
130	0	167	step_1_no_load	1	2	1	319	
130	0	167	step_2_no_load	3	4	0.585131062446	0.331115714939	3	304	0	
130	0	168	step_1_no_load	1	2	1	0	
130	0	168	step_2_no_load	5	6	0.67192508984	0.400817642375	5	636	1	
130	0	169	step_1_no_load	1	2	1	272	
130	0	169	step_2_no_load	3	4	0.586049140041	0.365156560071	3	398	0	
130	0	170	step_1_no_load	1	2	2	235	
130	0	170	step_2_no_load	5	6	0.67334314737	0.411067820436	5	401	1	
130	0	171	step_1_no_load	1	2	2	327	
130	0	171	step_2_no_load	3	4	0.553314431843	0.425122034074	3	720	0	
130	0	172	step_1_no_load	1	2	2	498	
130	0	172	step_2_no_load	3	4	0.519090471457	0.490120307546	4	691	0	
130	0	173	step_1_no_load	1	2	2	174	
130	0	173	step_2_no_load	3	4	0.484428109849	0.462866379815	3	895	1	
130	0	174	step_1_no_load	1	2	2	391	
130	0	174	step_2_no_load	5	6	0.729877433725	0.387867297446	5	487	1	
130	0	175	step_1_no_load	1	2	1	597	
130	0	175	step_2_no_load	3	4	0.52644949356	0.484825491933	3	679	0	
130	0	176	step_1_no_load	1	2	1	437	
130	0	176	step_2_no_load	3	4	0.474046874473	0.500856457218	3	313	0	
130	0	177	step_1_no_load	1	2	2	375	
130	0	177	step_2_no_load	5	6	0.714070205704	0.357425668099	5	589	1	
130	0	178	step_1_no_load	1	2	2	383	
130	0	178	step_2_no_load	5	6	0.705993797498	0.36473828006	5	400	1	
130	0	179	step_1_no_load	1	2	2	229	
130	0	179	step_2_no_load	3	4	0.457298770028	0.493565996034	3	1160	0	
130	0	180	step_1_no_load	1	2	1	68	
130	0	180	step_2_no_load	5	6	0.719795072986	0.341214611607	5	526	1	
130	0	181	step_1_no_load	1	2	1	309	
130	0	181	step_2_no_load	3	4	0.508735114046	0.480141179559	3	429	0	
130	0	182	step_1_no_load	1	2	1	276	
130	0	182	step_2_no_load	5	6	0.72717560423	0.340533666308	5	528	1	
130	0	183	step_1_no_load	1	2	1	151	
130	0	183	step_2_no_load	3	4	0.502991759047	0.492742497507	4	471	1	
130	0	184	step_1_no_load	1	2	1	217	
130	0	184	step_2_no_load	3	4	0.460890977786	0.480863422096	4	522	0	
130	0	185	step_1_no_load	1	2	1	0	
130	0	185	step_2_no_load	3	4	0.479703516092	0.482228039858	3	189	0	
130	0	186	step_1_no_load	1	2	1	290	
130	0	186	step_2_no_load	5	6	0.656308636836	0.332733011923	5	660	1	
130	0	187	step_1_no_load	1	2	1	845	
130	0	187	step_2_no_load	3	4	0.443962917772	0.498596507669	4	601	0	
130	0	188	step_1_no_load	1	2	1	227	
130	0	188	step_2_no_load	3	4	0.471319680586	0.548350535247	3	678	1	
130	0	189	step_1_no_load	1	2	1	242	
130	0	189	step_2_no_load	5	6	0.688353284054	0.285168135955	5	537	1	
130	0	190	step_1_no_load	1	2	1	362	
130	0	190	step_2_no_load	3	4	0.433568856946	0.505820429042	4	944	1	
130	0	191	step_1_no_load	1	2	1	313	
130	0	191	step_2_no_load	3	4	0.435748387321	0.512103523931	4	733	0	
130	0	192	step_1_no_load	1	2	1	295	
130	0	192	step_2_no_load	3	4	0.450791310283	0.493851022417	3	835	0	
130	0	193	step_1_no_load	1	2	1	283	
130	0	193	step_2_no_load	5	6	0.679792491164	0.321008037746	5	521	0	
130	0	194	step_1_no_load	1	2	1	311	
130	0	194	step_2_no_load	3	4	0.433250459893	0.505359594715	3	656	0	
130	0	195	step_1_no_load	1	2	1	253	
130	0	195	step_2_no_load	5	6	0.646280688878	0.348571348505	5	603	1	
130	0	196	step_1_no_load	1	2	1	142	
130	0	196	step_2_no_load	5	6	0.695101215304	0.365373286058	5	576	1	
130	0	197	step_1_no_load	1	2	1	268	
130	0	197	step_2_no_load	3	4	0.422511153127	0.47786945426	4	862	1	
130	0	198	step_1_no_load	1	2	1	328	
130	0	198	step_2_no_load	3	4	0.397292432346	0.485065498391	3	754	0	
130	0	199	step_1_no_load	1	2	1	629	
130	0	199	step_2_no_load	3	4	0.39793773834	0.529438031858	4	748	1	
130	0	200	step_1_no_load	1	2	1	339	
130	0	200	step_2_no_load	5	6	0.728996708473	0.299128796668	5	544	1	

Fri Apr  6 15:44:18 2018
