Mon Apr  9 15:02:41 2018	
131	0	1	step_1_no_load	1	2	1	582	
131	0	1	step_2_no_load	3	4	0.511789129507	0.594299910136	3	529	0	
131	0	2	step_1_no_load	1	2	1	253	
131	0	2	step_2_no_load	3	4	0.533203491871	0.610961032466	4	1428	0	
131	0	3	step_1_no_load	1	2	2	511	
131	0	3	step_2_no_load	5	6	0.584197065669	0.476767372206	6	821	1	
131	0	4	step_1_no_load	1	2	2	569	
131	0	4	step_2_no_load	5	6	0.597491569846	0.478607661228	6	404	0	
131	0	5	step_1_no_load	1	2	2	1	
131	0	5	step_2_no_load	5	6	0.623810210114	0.495568760483	6	415	1	
131	0	6	step_1_no_load	1	2	2	437	
131	0	6	step_2_no_load	5	6	0.585722686883	0.506877622204	6	358	1	
131	0	7	step_1_no_load	1	2	2	495	
131	0	7	step_2_no_load	3	4	0.506408070053	0.622642364361	4	401	0	
131	0	8	step_1_no_load	1	2	2	446	
131	0	8	step_2_no_load	3	4	0.499203529332	0.624210374623	4	750	0	
131	0	9	step_1_no_load	1	2	2	572	
131	0	9	step_2_no_load	5	6	0.598049061473	0.496546708465	5	638	0	
131	0	10	step_1_no_load	1	2	2	339	
131	0	10	step_2_no_load	3	4	0.576063520885	0.636063269715	4	415	0	
131	0	11	step_1_no_load	1	2	1	408	
131	0	11	step_2_no_load	3	4	0.59022801242	0.609191465743	4	692	0	
131	0	12	step_1_no_load	1	2	1	174	
131	0	12	step_2_no_load	3	4	0.597131918027	0.552770607849	3	773	1	
131	0	13	step_1_no_load	1	2	1	375	
131	0	13	step_2_no_load	3	4	0.595790490356	0.558313135925	3	474	1	
131	0	14	step_1_no_load	1	2	1	492	
131	0	14	step_2_no_load	3	4	0.611256675753	0.545555696267	3	435	1	
131	0	15	step_1_no_load	1	2	1	383	
131	0	15	step_2_no_load	3	4	0.633564630036	0.570419113221	3	394	1	
131	0	16	step_1_no_load	1	2	1	389	
131	0	16	step_2_no_load	5	6	0.628091198119	0.510958036527	5	516	1	
131	0	17	step_1_no_load	1	2	1	336	
131	0	17	step_2_no_load	3	4	0.643116883134	0.562895132605	3	383	1	
131	0	18	step_1_no_load	1	2	1	366	
131	0	18	step_2_no_load	5	6	0.626834332012	0.517514133912	5	415	1	
131	0	19	step_1_no_load	1	2	1	337	
131	0	19	step_2_no_load	3	4	0.644773170243	0.536502319591	3	473	1	
131	0	20	step_1_no_load	1	2	1	362	
131	0	20	step_2_no_load	5	6	0.636521555122	0.478025448397	5	397	1	
131	0	21	step_1_no_load	1	2	1	517	
131	0	21	step_2_no_load	5	6	0.630305464549	0.49769376036	5	315	1	
131	0	22	step_1_no_load	1	2	1	385	
131	0	22	step_2_no_load	5	6	0.621949894727	0.506100011497	5	383	1	
131	0	23	step_1_no_load	1	2	1	345	
131	0	23	step_2_no_load	3	4	0.604065470975	0.513759772011	3	277	1	
131	0	24	step_1_no_load	1	2	1	316	
131	0	24	step_2_no_load	3	4	0.5800912085	0.503316199018	3	296	0	
131	0	25	step_1_no_load	1	2	1	283	
131	0	25	step_2_no_load	3	4	0.629917901014	0.503605105412	4	373	0	
131	0	26	step_1_no_load	1	2	1	0	
131	0	26	step_2_no_load	5	6	0.592410219737	0.511744353778	5	450	1	
131	0	27	step_1_no_load	1	2	1	328	
131	0	27	step_2_no_load	3	4	0.642144756622	0.54756089792	3	316	1	
131	0	28	step_1_no_load	1	2	1	321	
131	0	28	step_2_no_load	3	4	0.647441527317	0.553259388875	3	300	1	
131	0	29	step_1_no_load	1	2	1	312	
131	0	29	step_2_no_load	3	4	0.618626354124	0.561957580386	3	305	1	
131	0	30	step_1_no_load	1	2	1	298	
131	0	30	step_2_no_load	5	6	0.608245979832	0.4919199548	5	305	1	
131	0	31	step_1_no_load	1	2	1	306	
131	0	31	step_2_no_load	3	4	0.606122691795	0.541819886458	3	371	1	
131	0	32	step_1_no_load	1	2	1	368	
131	0	32	step_2_no_load	5	6	0.634585171267	0.520318771114	5	358	1	
131	0	33	step_1_no_load	1	2	1	300	
131	0	33	step_2_no_load	5	6	0.611700032906	0.487664344039	5	295	1	
131	0	34	step_1_no_load	1	2	1	336	
131	0	34	step_2_no_load	5	6	0.575802910074	0.454565258478	5	370	0	
131	0	35	step_1_no_load	1	2	1	323	
131	0	35	step_2_no_load	3	4	0.649776015006	0.594167768198	3	340	1	
131	0	36	step_1_no_load	1	2	1	354	
131	0	36	step_2_no_load	5	6	0.527635087561	0.513210053121	5	325	1	
131	0	37	step_1_no_load	1	2	1	327	
131	0	37	step_2_no_load	5	6	0.513822304161	0.543074626387	5	292	0	
131	0	38	step_1_no_load	1	2	1	318	
131	0	38	step_2_no_load	3	4	0.651263699161	0.595113730206	3	318	1	
131	0	39	step_1_no_load	1	2	1	362	
131	0	39	step_2_no_load	3	4	0.634483337633	0.610601635554	3	311	1	
131	0	40	step_1_no_load	1	2	1	349	
131	0	40	step_2_no_load	3	4	0.636994900683	0.607992802154	3	302	1	
131	0	41	step_1_no_load	1	2	1	414	
131	0	41	step_2_no_load	3	4	0.633285941184	0.588857868869	3	497	0	
131	0	42	step_1_no_load	1	2	1	355	
131	0	42	step_2_no_load	5	6	0.533857158543	0.553461946234	5	371	1	
131	0	43	step_1_no_load	1	2	1	409	
131	0	43	step_2_no_load	3	4	0.581931546759	0.612705031264	3	536	0	
131	0	44	step_1_no_load	1	2	1	399	
131	0	44	step_2_no_load	3	4	0.589653131867	0.611481438855	3	345	1	
131	0	45	step_1_no_load	1	2	1	351	
131	0	45	step_2_no_load	5	6	0.579346234508	0.5288039409	5	442	0	
131	0	46	step_1_no_load	1	2	1	322	
131	0	46	step_2_no_load	3	4	0.654261318712	0.600964500555	3	343	1	
131	0	47	step_1_no_load	1	2	1	394	
131	0	47	step_2_no_load	3	4	0.634373567175	0.598724660986	3	447	1	
131	0	48	step_1_no_load	1	2	1	300	
131	0	48	step_2_no_load	5	6	0.534690828011	0.488280685105	5	318	0	
131	0	49	step_1_no_load	1	2	1	340	
131	0	49	step_2_no_load	5	6	0.512405963374	0.489287375157	5	299	0	
131	0	50	step_1_no_load	1	2	1	376	
131	0	50	step_2_no_load	5	6	0.481616544184	0.47381367271	6	411	0	
131	0	51	step_1_no_load	1	2	1	312	
131	0	51	step_2_no_load	5	6	0.508197321577	0.469943944943	5	260	0	
131	0	52	step_1_no_load	1	2	1	340	
131	0	52	step_2_no_load	3	4	0.613408921915	0.539065404057	3	267	0	
131	0	53	step_1_no_load	1	2	1	364	
131	0	53	step_2_no_load	3	4	0.630956764252	0.551457882502	4	478	0	
131	0	54	step_1_no_load	1	2	1	425	
131	0	54	step_2_no_load	3	4	0.652515308527	0.570223904064	4	437	1	
131	0	55	step_1_no_load	1	2	1	377	
131	0	55	step_2_no_load	5	6	0.526704292526	0.487025527704	6	411	0	
131	0	56	step_1_no_load	1	2	1	203	
131	0	56	step_2_no_load	3	4	0.60038825769	0.601856598146	4	299	1	
131	0	57	step_1_no_load	1	2	1	336	
131	0	57	step_2_no_load	5	6	0.516475618243	0.466449077359	6	405	0	
131	0	58	step_1_no_load	1	2	1	861	
131	0	58	step_2_no_load	5	6	0.528376440027	0.478335218822	6	474	1	
131	0	59	step_1_no_load	1	2	1	363	
131	0	59	step_2_no_load	3	4	0.608951267756	0.632500293208	4	268	1	
131	0	60	step_1_no_load	1	2	1	387	
131	0	60	step_2_no_load	5	6	0.479287247283	0.491916707098	6	336	0	
131	0	61	step_1_no_load	1	2	1	297	
131	0	61	step_2_no_load	5	6	0.527144452559	0.464268875813	6	317	0	
131	0	62	step_1_no_load	1	2	1	614	
131	0	62	step_2_no_load	3	4	0.622820395113	0.691137204746	3	434	1	
131	0	63	step_1_no_load	1	2	1	382	
131	0	63	step_2_no_load	3	4	0.642623127313	0.664284493458	3	452	1	
131	0	64	step_1_no_load	1	2	1	344	
131	0	64	step_2_no_load	3	4	0.626149195169	0.642369708469	3	303	1	
131	0	65	step_1_no_load	1	2	1	348	
131	0	65	step_2_no_load	3	4	0.619953360065	0.612660225018	3	299	1	
131	0	66	step_1_no_load	1	2	1	267	
131	0	66	step_2_no_load	5	6	0.555324764318	0.573761869714	5	407	1	
131	0	67	step_1_no_load	1	2	1	343	
131	0	67	step_2_no_load	3	4	0.674463681351	0.597650193897	3	450	1	
131	0	68	step_1_no_load	1	2	1	575	
131	0	68	step_2_no_load	3	4	0.719455209845	0.622963076372	3	380	1	
131	0	69	step_1_no_load	1	2	1	338	
131	0	69	step_2_no_load	5	6	0.560462111264	0.499137600991	5	393	1	
131	0	70	step_1_no_load	1	2	1	349	
131	0	70	step_2_no_load	3	4	0.697741832068	0.637556284465	3	395	1	
131	0	71	step_1_no_load	1	2	1	398	
131	0	71	step_2_no_load	3	4	0.706816191949	0.639174917797	3	688	1	
131	0	72	step_1_no_load	1	2	1	365	
131	0	72	step_2_no_load	3	4	0.705884789502	0.626024641967	3	437	1	
131	0	73	step_1_no_load	1	2	1	339	
131	0	73	step_2_no_load	3	4	0.727961155836	0.657126403029	3	381	1	
131	0	74	step_1_no_load	1	2	1	524	
131	0	74	step_2_no_load	3	4	0.693624670847	0.614462146454	3	473	0	
131	0	75	step_1_no_load	1	2	1	370	
131	0	75	step_2_no_load	3	4	0.697629587097	0.615552849174	3	350	0	
131	0	76	step_1_no_load	1	2	1	415	
131	0	76	step_2_no_load	3	4	0.690117652944	0.62770291155	4	409	1	
131	0	77	step_1_no_load	1	2	1	387	
131	0	77	step_2_no_load	3	4	0.679737625371	0.564257587118	4	372	1	
131	0	78	step_1_no_load	1	2	1	291	
131	0	78	step_2_no_load	5	6	0.538654072849	0.435911167612	6	467	0	
131	0	79	step_1_no_load	1	2	1	295	
131	0	79	step_2_no_load	3	4	0.647841624544	0.513695512795	4	311	1	
131	0	80	step_1_no_load	1	2	1	314	
131	0	80	step_2_no_load	3	4	0.703969305517	0.518583383166	4	571	1	
131	0	81	step_1_no_load	1	2	1	376	
131	0	81	step_2_no_load	5	6	0.494116554432	0.419265522488	6	322	0	
131	0	82	step_1_no_load	1	2	1	270	
131	0	82	step_2_no_load	5	6	0.482727017837	0.395813831323	-1	-1	-1	
131	0	83	step_1_no_load	1	2	1	439	
131	0	83	step_2_no_load	5	6	0.483255412498	0.382772464038	6	252	0	
131	0	84	step_1_no_load	1	2	1	365	
131	0	84	step_2_no_load	5	6	0.505586222209	0.385087938645	5	300	1	
131	0	85	step_1_no_load	1	2	1	298	
131	0	85	step_2_no_load	3	4	0.712989604416	0.692384972752	3	338	1	
131	0	86	step_1_no_load	1	2	1	288	
131	0	86	step_2_no_load	3	4	0.721207648497	0.691782850001	3	356	0	
131	0	87	step_1_no_load	1	2	1	265	
131	0	87	step_2_no_load	3	4	0.690012761069	0.719375344246	3	393	1	
131	0	88	step_1_no_load	1	2	1	324	
131	0	88	step_2_no_load	5	6	0.509563243675	0.377947492322	5	402	0	
131	0	89	step_1_no_load	1	2	1	277	
131	0	89	step_2_no_load	3	4	0.660112261017	0.690772436485	3	316	1	
131	0	90	step_1_no_load	1	2	1	352	
131	0	90	step_2_no_load	3	4	0.688736868033	0.712247848046	3	347	0	
131	0	91	step_1_no_load	1	2	1	304	
131	0	91	step_2_no_load	3	4	0.657820521772	0.685023809334	3	351	1	
131	0	92	step_1_no_load	1	2	1	390	
131	0	92	step_2_no_load	3	4	0.679381608313	0.692406274724	3	352	0	
131	0	93	step_1_no_load	1	2	1	262	
131	0	93	step_2_no_load	3	4	0.662863370634	0.70415710998	3	283	0	
131	0	94	step_1_no_load	1	2	1	302	
131	0	94	step_2_no_load	3	4	0.668295023896	0.719464414227	4	336	1	
131	0	95	step_1_no_load	1	2	1	374	
131	0	95	step_2_no_load	3	4	0.640209855442	0.715495469274	4	339	0	
131	0	96	step_1_no_load	1	2	1	310	
131	0	96	step_2_no_load	3	4	0.663095813561	0.693739812506	4	281	1	
131	0	97	step_1_no_load	1	2	1	303	
131	0	97	step_2_no_load	3	4	0.651202057411	0.681272614291	4	334	1	
131	0	98	step_1_no_load	1	2	1	257	
131	0	98	step_2_no_load	3	4	0.646040060297	0.70287861952	4	287	0	
131	0	99	step_1_no_load	1	2	1	283	
131	0	99	step_2_no_load	3	4	0.645191748454	0.673709850038	4	372	1	
131	0	100	step_1_no_load	1	2	1	294	
131	0	100	step_2_no_load	5	6	0.363162156005	0.4333505304	6	366	0	
131	0	101	step_1_no_load	1	2	1	269	
131	0	101	step_2_no_load	5	6	0.366879421891	0.497432607584	6	324	0	
131	0	102	step_1_no_load	1	2	1	337	
131	0	102	step_2_no_load	3	4	0.663124617603	0.666304534392	4	367	1	
131	0	103	step_1_no_load	1	2	1	262	
131	0	103	step_2_no_load	3	4	0.69058998368	0.663997796029	4	340	0	
131	0	104	step_1_no_load	1	2	1	249	
131	0	104	step_2_no_load	3	4	0.743372642809	0.703870701136	4	294	1	
131	0	105	step_1_no_load	1	2	1	301	
131	0	105	step_2_no_load	3	4	0.722851301692	0.689135357059	4	456	0	
131	0	106	step_1_no_load	1	2	1	121	
131	0	106	step_2_no_load	3	4	0.699623252899	0.712883638252	4	302	1	
131	0	107	step_1_no_load	1	2	1	322	
131	0	107	step_2_no_load	3	4	0.677514185929	0.692607431435	4	306	0	
131	0	108	step_1_no_load	1	2	1	265	
131	0	108	step_2_no_load	3	4	0.681491063126	0.695928523711	4	394	1	
131	0	109	step_1_no_load	1	2	1	341	
131	0	109	step_2_no_load	3	4	0.68658494263	0.71632547018	4	389	1	
131	0	110	step_1_no_load	1	2	1	346	
131	0	110	step_2_no_load	5	6	0.395544455384	0.432626681236	6	364	0	
131	0	111	step_1_no_load	1	2	1	323	
131	0	111	step_2_no_load	3	4	0.634599547742	0.724852671171	4	307	0	
131	0	112	step_1_no_load	1	2	1	297	
131	0	112	step_2_no_load	5	6	0.413393106784	0.392887565883	6	285	0	
131	0	113	step_1_no_load	1	2	1	282	
131	0	113	step_2_no_load	5	6	0.387112818105	0.370697120277	5	252	1	
131	0	114	step_1_no_load	1	2	1	357	
131	0	114	step_2_no_load	5	6	0.384736699284	0.380324086676	5	299	0	
131	0	115	step_1_no_load	1	2	1	263	
131	0	115	step_2_no_load	3	4	0.645721217949	0.739704344621	3	261	1	
131	0	116	step_1_no_load	1	2	1	289	
131	0	116	step_2_no_load	5	6	0.369438791876	0.378149844807	5	306	1	
131	0	117	step_1_no_load	1	2	1	288	
131	0	117	step_2_no_load	3	4	0.671842537277	0.747012267642	3	284	1	
131	0	118	step_1_no_load	1	2	1	363	
131	0	118	step_2_no_load	5	6	0.362977115924	0.357645851833	5	601	0	
131	0	119	step_1_no_load	1	2	1	326	
131	0	119	step_2_no_load	3	4	0.661177321751	0.690424535099	3	350	1	
131	0	120	step_1_no_load	1	2	1	277	
131	0	120	step_2_no_load	5	6	0.333809617664	0.370150243662	5	440	0	
131	0	121	step_1_no_load	1	2	1	354	
131	0	121	step_2_no_load	3	4	0.671052306195	0.658856304095	3	413	1	
131	0	122	step_1_no_load	1	2	1	514	
131	0	122	step_2_no_load	3	4	0.672193618854	0.6136886145	3	532	1	
131	0	123	step_1_no_load	1	2	1	329	
131	0	123	step_2_no_load	3	4	0.664849878232	0.583607229978	3	366	1	
131	0	124	step_1_no_load	1	2	1	380	
131	0	124	step_2_no_load	3	4	0.624161788269	0.603013298253	3	445	0	
131	0	125	step_1_no_load	1	2	1	284	
131	0	125	step_2_no_load	3	4	0.633566302563	0.559596800931	3	310	1	
131	0	126	step_1_no_load	1	2	1	263	
131	0	126	step_2_no_load	3	4	0.600985760967	0.537863824328	3	269	0	
131	0	127	step_1_no_load	1	2	1	375	
131	0	127	step_2_no_load	3	4	0.646945556251	0.560824094575	3	260	0	
131	0	128	step_1_no_load	1	2	1	347	
131	0	128	step_2_no_load	5	6	0.260252451606	0.250790232267	6	355	0	
131	0	129	step_1_no_load	1	2	1	331	
131	0	129	step_2_no_load	5	6	0.268213321963	0.271709703542	6	425	0	
131	0	130	step_1_no_load	1	2	1	320	
131	0	130	step_2_no_load	5	6	0.267460866951	0.274560758494	6	373	0	
131	0	131	step_1_no_load	1	2	1	281	
131	0	131	step_2_no_load	3	4	0.638450601212	0.678044920845	3	303	0	
131	0	132	step_1_no_load	1	2	1	24	
131	0	132	step_2_no_load	3	4	0.660013924697	0.668578020634	3	236	1	
131	0	133	step_1_no_load	1	2	1	19	
131	0	133	step_2_no_load	3	4	0.691649444281	0.617383991623	3	262	1	
131	0	134	step_1_no_load	1	2	1	255	
131	0	134	step_2_no_load	5	6	0.287393715313	0.302839427162	5	236	0	
131	0	135	step_1_no_load	1	2	1	849	
131	0	135	step_2_no_load	3	4	0.700779221781	0.593710006149	-1	-1	-1	
131	0	136	step_1_no_load	1	2	1	531	
131	0	136	step_2_no_load	3	4	0.674914008636	0.597814413435	3	347	1	
131	0	137	step_1_no_load	1	2	1	390	
131	0	137	step_2_no_load	3	4	0.668540846495	0.605896884497	3	358	0	
131	0	138	step_1_no_load	1	2	1	285	
131	0	138	step_2_no_load	3	4	0.688182193337	0.63240964674	3	552	0	
131	0	139	step_1_no_load	1	2	1	399	
131	0	139	step_2_no_load	5	6	0.325611400511	0.323660750961	5	546	0	
131	0	140	step_1_no_load	1	2	1	339	
131	0	140	step_2_no_load	3	4	0.637682840728	0.671213945178	4	353	1	
131	0	141	step_1_no_load	1	2	1	338	
131	0	141	step_2_no_load	3	4	0.616803346728	0.711987889705	4	347	1	
131	0	142	step_1_no_load	1	2	1	302	
131	0	142	step_2_no_load	3	4	0.627356259123	0.690276058009	4	361	1	
131	0	143	step_1_no_load	1	2	1	393	
131	0	143	step_2_no_load	3	4	0.610219102298	0.661365099615	4	285	0	
131	0	144	step_1_no_load	1	2	1	372	
131	0	144	step_2_no_load	3	4	0.639347300184	0.626443722248	4	388	0	
131	0	145	step_1_no_load	1	2	1	342	
131	0	145	step_2_no_load	3	4	0.606515632748	0.6669125229	4	407	0	
131	0	146	step_1_no_load	1	2	1	384	
131	0	146	step_2_no_load	3	4	0.593778463268	0.681611991725	4	304	0	
131	0	147	step_1_no_load	1	2	1	335	
131	0	147	step_2_no_load	3	4	0.594861186319	0.647798886916	3	323	1	
131	0	148	step_1_no_load	1	2	1	306	
131	0	148	step_2_no_load	5	6	0.311162711725	0.305288021243	5	291	0	
131	0	149	step_1_no_load	1	2	1	332	
131	0	149	step_2_no_load	5	6	0.300290206122	0.269951834184	5	330	0	
131	0	150	step_1_no_load	1	2	1	280	
131	0	150	step_2_no_load	3	4	0.605912419156	0.575985663078	3	276	1	
131	0	151	step_1_no_load	1	2	1	604	
131	0	151	step_2_no_load	3	4	0.614159737668	0.59154759351	3	456	1	
131	0	152	step_1_no_load	1	2	1	316	
131	0	152	step_2_no_load	3	4	0.644204174791	0.595108765344	3	350	1	
131	0	153	step_1_no_load	1	2	1	276	
131	0	153	step_2_no_load	3	4	0.681559292085	0.613336203392	3	322	0	
131	0	154	step_1_no_load	1	2	1	258	
131	0	154	step_2_no_load	3	4	0.671672162443	0.638934099562	3	317	1	
131	0	155	step_1_no_load	1	2	1	290	
131	0	155	step_2_no_load	3	4	0.716100930629	0.632486591889	3	347	0	
131	0	156	step_1_no_load	1	2	1	177	
131	0	156	step_2_no_load	5	6	0.368378667812	0.32564867104	5	276	0	
131	0	157	step_1_no_load	1	2	1	263	
131	0	157	step_2_no_load	3	4	0.720725456325	0.585191807512	4	416	0	
131	0	158	step_1_no_load	1	2	1	292	
131	0	158	step_2_no_load	5	6	0.334595868098	0.408728803896	6	954	1	
131	0	159	step_1_no_load	1	2	1	374	
131	0	159	step_2_no_load	3	4	0.697903160072	0.541222065796	4	349	0	
131	0	160	step_1_no_load	1	2	1	327	
131	0	160	step_2_no_load	3	4	0.710728171711	0.521229931064	3	427	1	
131	0	161	step_1_no_load	1	2	1	299	
131	0	161	step_2_no_load	5	6	0.438878285506	0.407025633682	6	827	1	
131	0	162	step_1_no_load	1	2	1	290	
131	0	162	step_2_no_load	3	4	0.695144769903	0.566496468084	3	615	0	
131	0	163	step_1_no_load	1	2	1	282	
131	0	163	step_2_no_load	3	4	0.697095951435	0.5863391277	3	487	1	
131	0	164	step_1_no_load	1	2	1	288	
131	0	164	step_2_no_load	3	4	0.692137394606	0.585961845322	3	569	1	
131	0	165	step_1_no_load	1	2	1	290	
131	0	165	step_2_no_load	3	4	0.717506143195	0.538026607649	3	494	0	
131	0	166	step_1_no_load	1	2	1	263	
131	0	166	step_2_no_load	3	4	0.686594248975	0.549095060025	3	457	1	
131	0	167	step_1_no_load	1	2	1	673	
131	0	167	step_2_no_load	3	4	0.706271792549	0.585131062446	3	523	1	
131	0	168	step_1_no_load	1	2	1	353	
131	0	168	step_2_no_load	3	4	0.67192508984	0.613361520676	3	403	1	
131	0	169	step_1_no_load	1	2	1	476	
131	0	169	step_2_no_load	3	4	0.704981910944	0.586049140041	3	371	1	
131	0	170	step_1_no_load	1	2	1	271	
131	0	170	step_2_no_load	5	6	0.364989630435	0.411067820436	5	426	1	
131	0	171	step_1_no_load	1	2	1	390	
131	0	171	step_2_no_load	3	4	0.727248140829	0.553314431843	3	509	1	
131	0	172	step_1_no_load	1	2	1	299	
131	0	172	step_2_no_load	3	4	0.668669556875	0.519090471457	3	437	0	
131	0	173	step_1_no_load	1	2	1	288	
131	0	173	step_2_no_load	5	6	0.462866379815	0.385349297983	5	455	0	
131	0	174	step_1_no_load	1	2	1	473	
131	0	174	step_2_no_load	3	4	0.729877433725	0.472729524832	3	596	1	
131	0	175	step_1_no_load	1	2	1	318	
131	0	175	step_2_no_load	3	4	0.693968268443	0.52644949356	3	670	1	
131	0	176	step_1_no_load	1	2	1	304	
131	0	176	step_2_no_load	3	4	0.679250000396	0.474046874473	3	575	1	
131	0	177	step_1_no_load	1	2	1	295	
131	0	177	step_2_no_load	5	6	0.4798184927	0.357425668099	6	733	0	
131	0	178	step_1_no_load	1	2	1	577	
131	0	178	step_2_no_load	3	4	0.705993797498	0.493712351915	3	709	1	
131	0	179	step_1_no_load	1	2	1	451	
131	0	179	step_2_no_load	3	4	0.709345707515	0.457298770028	3	527	1	
131	0	180	step_1_no_load	1	2	1	588	
131	0	180	step_2_no_load	3	4	0.719795072986	0.482853857291	3	543	1	
131	0	181	step_1_no_load	1	2	1	347	
131	0	181	step_2_no_load	3	4	0.746910336326	0.508735114046	3	448	1	
131	0	182	step_1_no_load	1	2	1	509	
131	0	182	step_2_no_load	5	6	0.49907747228	0.340533666308	6	781	0	
131	0	183	step_1_no_load	1	2	1	308	
131	0	183	step_2_no_load	3	4	0.720388040749	0.502991759047	3	596	0	
131	0	184	step_1_no_load	1	2	1	313	
131	0	184	step_2_no_load	3	4	0.657291439324	0.460890977786	3	448	1	
131	0	185	step_1_no_load	1	2	1	285	
131	0	185	step_2_no_load	3	4	0.665622647081	0.479703516092	3	544	0	
131	0	186	step_1_no_load	1	2	1	407	
131	0	186	step_2_no_load	3	4	0.656308636836	0.46870859828	3	1053	0	
131	0	187	step_1_no_load	1	2	1	469	
131	0	187	step_2_no_load	3	4	0.678211978625	0.443962917772	4	550	1	
131	0	188	step_1_no_load	1	2	1	301	
131	0	188	step_2_no_load	3	4	0.696362660087	0.471319680586	4	439	1	
131	0	189	step_1_no_load	1	2	1	463	
131	0	189	step_2_no_load	5	6	0.534753756004	0.285168135955	6	1124	1	
131	0	190	step_1_no_load	1	2	1	393	
131	0	190	step_2_no_load	5	6	0.505820429042	0.304557739386	6	948	0	
131	0	191	step_1_no_load	1	2	1	399	
131	0	191	step_2_no_load	3	4	0.664271461991	0.435748387321	4	510	0	
131	0	192	step_1_no_load	1	2	1	333	
131	0	192	step_2_no_load	5	6	0.493851022417	0.299297135717	6	863	0	
131	0	193	step_1_no_load	1	2	1	745	
131	0	193	step_2_no_load	3	4	0.679792491164	0.440813209638	4	1181	1	
131	0	194	step_1_no_load	1	2	1	510	
131	0	194	step_2_no_load	3	4	0.655261361454	0.433250459893	4	513	0	
131	0	195	step_1_no_load	1	2	1	519	
131	0	195	step_2_no_load	3	4	0.646280688878	0.466795336969	4	492	0	
131	0	196	step_1_no_load	1	2	1	407	
131	0	196	step_2_no_load	3	4	0.695101215304	0.421761207498	4	406	1	
131	0	197	step_1_no_load	1	2	1	335	
131	0	197	step_2_no_load	3	4	0.686552522522	0.422511153127	4	688	1	
131	0	198	step_1_no_load	1	2	1	414	
131	0	198	step_2_no_load	3	4	0.68660989813	0.397292432346	4	467	0	
131	0	199	step_1_no_load	1	2	1	500	
131	0	199	step_2_no_load	3	4	0.73697129762	0.39793773834	3	603	1	
131	0	200	step_1_no_load	1	2	1	273	
131	0	200	step_2_no_load	3	4	0.728996708473	0.372436949782	3	603	1	

Mon Apr  9 15:20:12 2018
