Tue Apr 10 15:03:08 2018	
132	0	1	step_1_no_load	1	2	1	1412	
132	0	1	step_2_no_load	3	4	0.594299910136	0.457620150462	3	968	0	
132	0	2	step_1_no_load	1	2	2	1429	
132	0	2	step_2_no_load	3	4	0.610961032466	0.474613197709	4	665	1	
132	0	3	step_1_no_load	1	2	2	764	
132	0	3	step_2_no_load	3	4	0.589215227351	0.476767372206	4	0	1	
132	0	4	step_1_no_load	1	2	2	717	
132	0	4	step_2_no_load	3	4	0.564086293706	0.478607661228	4	490	0	
132	0	5	step_1_no_load	1	2	2	580	
132	0	5	step_2_no_load	5	6	0.623810210114	0.543908521457	5	581	0	
132	0	6	step_1_no_load	1	2	2	597	
132	0	6	step_2_no_load	3	4	0.603642866427	0.506877622204	3	512	0	
132	0	7	step_1_no_load	1	2	1	872	
132	0	7	step_2_no_load	3	4	0.622642364361	0.500071913476	3	90	1	
132	0	8	step_1_no_load	1	2	1	454	
132	0	8	step_2_no_load	3	4	0.624210374623	0.489816616396	3	657	1	
132	0	9	step_1_no_load	1	2	1	700	
132	0	9	step_2_no_load	3	4	0.641106877158	0.496546708465	3	693	1	
132	0	10	step_1_no_load	1	2	1	714	
132	0	10	step_2_no_load	3	4	0.636063269715	0.482364178155	3	33	1	
132	0	11	step_1_no_load	1	2	1	894	
132	0	11	step_2_no_load	3	4	0.609191465743	0.477013315682	3	197	1	
132	0	12	step_1_no_load	1	2	1	771	
132	0	12	step_2_no_load	5	6	0.682786328054	0.597131918027	5	0	0	
132	0	13	step_1_no_load	1	2	1	574	
132	0	13	step_2_no_load	5	6	0.653587098421	0.595790490356	6	565	0	
132	0	14	step_1_no_load	1	2	2	452	
132	0	14	step_2_no_load	3	4	0.545555696267	0.491234392147	4	530	0	
132	0	15	step_1_no_load	1	2	-1	-1	
132	0	16	step_1_no_load	1	2	1	377	
132	0	16	step_2_no_load	3	4	0.553308964466	0.510958036527	3	220	0	
132	0	17	step_1_no_load	1	2	-1	-1	
132	0	18	step_1_no_load	1	2	1	469	
132	0	18	step_2_no_load	3	4	0.553554620302	0.517514133912	4	498	0	
132	0	19	step_1_no_load	1	2	2	1268	
132	0	19	step_2_no_load	5	6	0.619895761657	0.644773170243	6	772	0	
132	0	20	step_1_no_load	1	2	2	858	
132	0	20	step_2_no_load	5	6	0.636521555122	0.60665343963	6	0	0	
132	0	21	step_1_no_load	1	2	-1	-1	
132	0	22	step_1_no_load	1	2	1	562	
132	0	22	step_2_no_load	5	6	0.621949894727	0.618527126547	5	483	0	
132	0	23	step_1_no_load	1	2	1	351	
132	0	23	step_2_no_load	3	4	0.513759772011	0.520606588181	4	506	1	
132	0	24	step_1_no_load	1	2	1	487	
132	0	24	step_2_no_load	3	4	0.503316199018	0.505388876622	4	440	0	
132	0	25	step_1_no_load	1	2	1	590	
132	0	25	step_2_no_load	5	6	0.565698722896	0.629917901014	5	32	1	
132	0	26	step_1_no_load	1	2	1	509	
132	0	26	step_2_no_load	5	6	0.592410219737	0.640635035276	5	528	1	
132	0	27	step_1_no_load	1	2	1	823	
132	0	27	step_2_no_load	3	4	0.54756089792	0.507272671939	3	552	0	
132	0	28	step_1_no_load	1	2	1	846	
132	0	28	step_2_no_load	3	4	0.553259388875	0.520177259699	3	0	1	
132	0	29	step_1_no_load	1	2	1	456	
132	0	29	step_2_no_load	3	4	0.561957580386	0.521159009103	4	420	0	
132	0	30	step_1_no_load	1	2	1	580	
132	0	30	step_2_no_load	3	4	0.574272497114	0.4919199548	3	563	1	
132	0	31	step_1_no_load	1	2	1	513	
132	0	31	step_2_no_load	3	4	0.541819886458	0.483156722265	3	497	0	
132	0	32	step_1_no_load	1	2	1	441	
132	0	32	step_2_no_load	3	4	0.522993086096	0.520318771114	3	632	1	
132	0	33	step_1_no_load	1	2	1	442	
132	0	33	step_2_no_load	5	6	0.611700032906	0.618000238621	6	866	0	
132	0	34	step_1_no_load	1	2	1	703	
132	0	34	step_2_no_load	3	4	0.538523758058	0.454565258478	3	654	1	
132	0	35	step_1_no_load	1	2	1	536	
132	0	35	step_2_no_load	5	6	0.566827313385	0.649776015006	5	719	0	
132	0	36	step_1_no_load	1	2	1	655	
132	0	36	step_2_no_load	3	4	0.611274573488	0.513210053121	3	668	1	
132	0	37	step_1_no_load	1	2	1	436	
132	0	37	step_2_no_load	5	6	0.513822304161	0.660658056664	6	529	1	
132	0	38	step_1_no_load	1	2	1	474	
132	0	38	step_2_no_load	3	4	0.595113730206	0.553931241266	3	597	0	
132	0	39	step_1_no_load	1	2	1	654	
132	0	39	step_2_no_load	5	6	0.557005857101	0.634483337633	6	525	1	
132	0	40	step_1_no_load	1	2	1	539	
132	0	40	step_2_no_load	3	4	0.607992802154	0.5691386571	3	691	1	
132	0	41	step_1_no_load	1	2	1	526	
132	0	41	step_2_no_load	3	4	0.588857868869	0.583829055298	3	549	1	
132	0	42	step_1_no_load	1	2	1	437	
132	0	42	step_2_no_load	5	6	0.533857158543	0.606696263624	6	529	0	
132	0	43	step_1_no_load	1	2	1	400	
132	0	43	step_2_no_load	3	4	0.612705031264	0.548128010644	3	546	0	
132	0	44	step_1_no_load	1	2	1	541	
132	0	44	step_2_no_load	5	6	0.541854396676	0.589653131867	6	572	0	
132	0	45	step_1_no_load	1	2	1	518	
132	0	45	step_2_no_load	5	6	0.579346234508	0.620699591043	5	505	1	
132	0	46	step_1_no_load	1	2	1	519	
132	0	46	step_2_no_load	5	6	0.55511883717	0.654261318712	5	622	0	
132	0	47	step_1_no_load	1	2	1	357	
132	0	47	step_2_no_load	3	4	0.598724660986	0.493112702321	3	658	0	
132	0	48	step_1_no_load	1	2	1	377	
132	0	48	step_2_no_load	5	6	0.534690828011	0.657624935632	6	546	1	
132	0	49	step_1_no_load	1	2	1	417	
132	0	49	step_2_no_load	3	4	0.610193185592	0.489287375157	3	604	1	
132	0	50	step_1_no_load	1	2	1	630	
132	0	50	step_2_no_load	3	4	0.606862017918	0.47381367271	3	1024	1	
132	0	51	step_1_no_load	1	2	1	532	
132	0	51	step_2_no_load	5	6	0.508197321577	0.613357430892	6	612	0	
132	0	52	step_1_no_load	1	2	1	548	
132	0	52	step_2_no_load	3	4	0.539065404057	0.429622901875	3	816	1	
132	0	53	step_1_no_load	1	2	1	554	
132	0	53	step_2_no_load	3	4	0.551457882502	0.451905460347	3	565	1	
132	0	54	step_1_no_load	1	2	1	493	
132	0	54	step_2_no_load	5	6	0.493362545513	0.652515308527	5	771	0	
132	0	55	step_1_no_load	1	2	1	458	
132	0	55	step_2_no_load	3	4	0.574045915747	0.487025527704	3	635	0	
132	0	56	step_1_no_load	1	2	1	414	
132	0	56	step_2_no_load	3	4	0.601856598146	0.459773408493	4	477	1	
132	0	57	step_1_no_load	1	2	1	435	
132	0	57	step_2_no_load	3	4	0.641849303307	0.466449077359	4	789	1	
132	0	58	step_1_no_load	1	2	1	454	
132	0	58	step_2_no_load	5	6	0.528376440027	0.610896130115	5	724	1	
132	0	59	step_1_no_load	1	2	1	485	
132	0	59	step_2_no_load	3	4	0.632500293208	0.480274332693	4	687	0	
132	0	60	step_1_no_load	1	2	1	503	
132	0	60	step_2_no_load	3	4	0.623687406259	0.491916707098	3	516	0	
132	0	61	step_1_no_load	1	2	1	380	
132	0	61	step_2_no_load	5	6	0.527144452559	0.602879526975	6	542	1	
132	0	62	step_1_no_load	1	2	1	389	
132	0	62	step_2_no_load	3	4	0.691137204746	0.50724109756	3	718	1	
132	0	63	step_1_no_load	1	2	1	637	
132	0	63	step_2_no_load	3	4	0.664284493458	0.53192660365	3	670	0	
132	0	64	step_1_no_load	1	2	1	502	
132	0	64	step_2_no_load	5	6	0.533849886794	0.626149195169	6	479	0	
132	0	65	step_1_no_load	1	2	1	380	
132	0	65	step_2_no_load	3	4	0.612660225018	0.569109504048	4	813	1	
132	0	66	step_1_no_load	1	2	1	500	
132	0	66	step_2_no_load	3	4	0.606938648072	0.573761869714	4	782	1	
132	0	67	step_1_no_load	1	2	1	510	
132	0	67	step_2_no_load	3	4	0.597650193897	0.542076810516	4	639	0	
132	0	68	step_1_no_load	1	2	1	697	
132	0	68	step_2_no_load	3	4	0.622963076372	0.509127161919	3	638	0	
132	0	69	step_1_no_load	1	2	1	479	
132	0	69	step_2_no_load	3	4	0.622221685203	0.499137600991	4	903	0	
132	0	70	step_1_no_load	1	2	1	494	
132	0	70	step_2_no_load	5	6	0.548075770764	0.697741832068	5	681	1	
132	0	71	step_1_no_load	1	2	1	892	
132	0	71	step_2_no_load	5	6	0.546215110045	0.706816191949	5	69	1	
132	0	72	step_1_no_load	1	2	1	514	
132	0	72	step_2_no_load	3	4	0.626024641967	0.47409116389	3	593	1	
132	0	73	step_1_no_load	1	2	1	685	
132	0	73	step_2_no_load	3	4	0.657126403029	0.435957313805	3	532	0	
132	0	74	step_1_no_load	1	2	1	472	
132	0	74	step_2_no_load	3	4	0.614462146454	0.453420386428	4	511	1	
132	0	75	step_1_no_load	1	2	1	525	
132	0	75	step_2_no_load	5	6	0.483983914712	0.697629587097	6	659	1	
132	0	76	step_1_no_load	1	2	1	407	
132	0	76	step_2_no_load	5	6	0.518881389358	0.690117652944	6	453	1	
132	0	77	step_1_no_load	1	2	1	458	
132	0	77	step_2_no_load	3	4	0.564257587118	0.446809557226	3	537	0	
132	0	78	step_1_no_load	1	2	1	411	
132	0	78	step_2_no_load	5	6	0.538654072849	0.647586191228	5	594	0	
132	0	79	step_1_no_load	1	2	1	433	
132	0	79	step_2_no_load	5	6	0.540085062695	0.647841624544	5	509	1	
132	0	80	step_1_no_load	1	2	1	467	
132	0	80	step_2_no_load	3	4	0.518583383166	0.396016175285	4	561	0	
132	0	81	step_1_no_load	1	2	1	421	
132	0	81	step_2_no_load	5	6	0.494116554432	0.702400933084	5	652	0	
132	0	82	step_1_no_load	1	2	1	404	
132	0	82	step_2_no_load	3	4	0.564729328387	0.395813831323	4	492	0	
132	0	83	step_1_no_load	1	2	1	386	
132	0	83	step_2_no_load	3	4	0.607907985871	0.382772464038	3	439	0	
132	0	84	step_1_no_load	1	2	1	411	
132	0	84	step_2_no_load	3	4	0.65843840156	0.385087938645	3	514	1	
132	0	85	step_1_no_load	1	2	1	590	
132	0	85	step_2_no_load	5	6	0.485785534744	0.712989604416	5	730	0	
132	0	86	step_1_no_load	1	2	1	404	
132	0	86	step_2_no_load	3	4	0.691782850001	0.345323068124	3	550	1	
132	0	87	step_1_no_load	1	2	1	579	
132	0	87	step_2_no_load	3	4	0.719375344246	0.40000499778	3	688	0	
132	0	88	step_1_no_load	1	2	1	591	
132	0	88	step_2_no_load	3	4	0.717410082358	0.377947492322	4	602	0	
132	0	89	step_1_no_load	1	2	1	733	
132	0	89	step_2_no_load	5	6	0.490019385174	0.660112261017	5	748	1	
132	0	90	step_1_no_load	1	2	1	644	
132	0	90	step_2_no_load	3	4	0.712247848046	0.411459496853	3	538	1	
132	0	91	step_1_no_load	1	2	1	579	
132	0	91	step_2_no_load	5	6	0.479087223222	0.657820521772	6	895	0	
132	0	92	step_1_no_load	1	2	1	442	
132	0	92	step_2_no_load	3	4	0.692406274724	0.444368850664	4	478	1	
132	0	93	step_1_no_load	1	2	1	435	
132	0	93	step_2_no_load	3	4	0.70415710998	0.439878153082	4	433	0	
132	0	94	step_1_no_load	1	2	1	674	
132	0	94	step_2_no_load	3	4	0.719464414227	0.429211756872	3	634	0	
132	0	95	step_1_no_load	1	2	1	463	
132	0	95	step_2_no_load	3	4	0.715495469274	0.427150666411	4	564	0	
132	0	96	step_1_no_load	1	2	1	547	
132	0	96	step_2_no_load	3	4	0.693739812506	0.383038640121	4	462	1	
132	0	97	step_1_no_load	1	2	1	485	
132	0	97	step_2_no_load	5	6	0.455601814112	0.651202057411	5	774	0	
132	0	98	step_1_no_load	1	2	1	557	
132	0	98	step_2_no_load	3	4	0.70287861952	0.409778171713	4	532	0	
132	0	99	step_1_no_load	1	2	1	447	
132	0	99	step_2_no_load	3	4	0.673709850038	0.397561363605	3	614	1	
132	0	100	step_1_no_load	1	2	1	594	
132	0	100	step_2_no_load	3	4	0.666227451505	0.4333505304	3	556	1	
132	0	101	step_1_no_load	1	2	1	597	
132	0	101	step_2_no_load	5	6	0.366879421891	0.655903528958	5	569	0	
132	0	102	step_1_no_load	1	2	1	522	
132	0	102	step_2_no_load	3	4	0.666304534392	0.494584754513	3	814	1	
132	0	103	step_1_no_load	1	2	1	554	
132	0	103	step_2_no_load	3	4	0.663997796029	0.481975449893	4	1041	0	
132	0	104	step_1_no_load	1	2	1	658	
132	0	104	step_2_no_load	3	4	0.703870701136	0.521047445908	4	902	1	
132	0	105	step_1_no_load	1	2	1	670	
132	0	105	step_2_no_load	3	4	0.689135357059	0.514318365187	4	610	1	
132	0	106	step_1_no_load	1	2	1	485	
132	0	106	step_2_no_load	3	4	0.712883638252	0.508908032404	4	518	1	
132	0	107	step_1_no_load	1	2	1	644	
132	0	107	step_2_no_load	5	6	0.388257337796	0.677514185929	5	1314	1	
132	0	108	step_1_no_load	1	2	1	682	
132	0	108	step_2_no_load	5	6	0.388185708856	0.681491063126	5	549	0	
132	0	109	step_1_no_load	1	2	1	434	
132	0	109	step_2_no_load	5	6	0.372328831887	0.68658494263	6	531	0	
132	0	110	step_1_no_load	1	2	1	557	
132	0	110	step_2_no_load	3	4	0.729599891941	0.432626681236	4	594	1	
132	0	111	step_1_no_load	1	2	1	586	
132	0	111	step_2_no_load	3	4	0.724852671171	0.384948378665	4	546	1	
132	0	112	step_1_no_load	1	2	1	433	
132	0	112	step_2_no_load	3	4	0.725701866094	0.392887565883	4	533	0	
132	0	113	step_1_no_load	1	2	1	576	
132	0	113	step_2_no_load	3	4	0.719324307956	0.370697120277	3	1000	0	
132	0	114	step_1_no_load	1	2	1	471	
132	0	114	step_2_no_load	3	4	0.718213323791	0.380324086676	3	577	1	
132	0	115	step_1_no_load	1	2	1	468	
132	0	115	step_2_no_load	3	4	0.739704344621	0.390027643099	3	654	1	
132	0	116	step_1_no_load	1	2	1	497	
132	0	116	step_2_no_load	3	4	0.706736514943	0.378149844807	3	668	1	
132	0	117	step_1_no_load	1	2	1	570	
132	0	117	step_2_no_load	3	4	0.747012267642	0.374621793791	3	718	1	
132	0	118	step_1_no_load	1	2	1	740	
132	0	118	step_2_no_load	3	4	0.740051715856	0.357645851833	3	832	0	
132	0	119	step_1_no_load	1	2	1	469	
132	0	119	step_2_no_load	5	6	0.358243439099	0.661177321751	5	990	1	
132	0	120	step_1_no_load	1	2	1	552	
132	0	120	step_2_no_load	5	6	0.333809617664	0.666433355915	5	662	1	
132	0	121	step_1_no_load	1	2	1	506	
132	0	121	step_2_no_load	3	4	0.658856304095	0.352721767208	3	971	1	
132	0	122	step_1_no_load	1	2	1	603	
132	0	122	step_2_no_load	3	4	0.6136886145	0.329624572119	3	751	1	
132	0	123	step_1_no_load	1	2	1	617	
132	0	123	step_2_no_load	5	6	0.269780614928	0.664849878232	5	1212	0	
132	0	124	step_1_no_load	1	2	1	412	
132	0	124	step_2_no_load	5	6	0.26095206597	0.624161788269	5	533	1	
132	0	125	step_1_no_load	1	2	1	488	
132	0	125	step_2_no_load	3	4	0.559596800931	0.303110862715	4	1376	0	
132	0	126	step_1_no_load	1	2	1	353	
132	0	126	step_2_no_load	3	4	0.537863824328	0.300846667696	3	523	1	
132	0	127	step_1_no_load	1	2	1	368	
132	0	127	step_2_no_load	5	6	0.273483952592	0.646945556251	5	620	1	
132	0	128	step_1_no_load	1	2	1	479	
132	0	128	step_2_no_load	3	4	0.636905534066	0.250790232267	3	583	1	
132	0	129	step_1_no_load	1	2	1	459	
132	0	129	step_2_no_load	5	6	0.268213321963	0.632682846317	5	581	0	
132	0	130	step_1_no_load	1	2	1	485	
132	0	130	step_2_no_load	3	4	0.682031489739	0.274560758494	3	565	1	
132	0	131	step_1_no_load	1	2	1	475	
132	0	131	step_2_no_load	5	6	0.281500842289	0.638450601212	5	557	0	
132	0	132	step_1_no_load	1	2	1	497	
132	0	132	step_2_no_load	5	6	0.27986961048	0.660013924697	5	512	0	
132	0	133	step_1_no_load	1	2	1	362	
132	0	133	step_2_no_load	3	4	0.617383991623	0.312642735495	3	490	0	
132	0	134	step_1_no_load	1	2	1	437	
132	0	134	step_2_no_load	3	4	0.621945110858	0.302839427162	4	781	0	
132	0	135	step_1_no_load	1	2	1	825	
132	0	135	step_2_no_load	5	6	0.300079459047	0.700779221781	5	737	1	
132	0	136	step_1_no_load	1	2	1	422	
132	0	136	step_2_no_load	5	6	0.307766925452	0.674914008636	5	489	1	
132	0	137	step_1_no_load	1	2	1	557	
132	0	137	step_2_no_load	3	4	0.605896884497	0.325016613024	3	616	0	
132	0	138	step_1_no_load	1	2	1	464	
132	0	138	step_2_no_load	3	4	0.63240964674	0.307694123906	3	509	1	
132	0	139	step_1_no_load	1	2	1	591	
132	0	139	step_2_no_load	3	4	0.636630981281	0.323660750961	3	721	1	
132	0	140	step_1_no_load	1	2	1	564	
132	0	140	step_2_no_load	3	4	0.671213945178	0.328174526491	3	731	1	
132	0	141	step_1_no_load	1	2	1	552	
132	0	141	step_2_no_load	3	4	0.711987889705	0.311809871418	3	696	0	
132	0	142	step_1_no_load	1	2	1	494	
132	0	142	step_2_no_load	3	4	0.690276058009	0.304203281606	3	691	1	
132	0	143	step_1_no_load	1	2	1	758	
132	0	143	step_2_no_load	3	4	0.661365099615	0.313516825296	3	929	1	
132	0	144	step_1_no_load	1	2	1	934	
132	0	144	step_2_no_load	3	4	0.626443722248	0.275932517017	3	231	0	
132	0	145	step_1_no_load	1	2	1	501	
132	0	145	step_2_no_load	3	4	0.6669125229	0.266265924094	3	619	1	
132	0	146	step_1_no_load	1	2	1	638	
132	0	146	step_2_no_load	3	4	0.681611991725	0.257861956214	3	652	1	
132	0	147	step_1_no_load	1	2	1	556	
132	0	147	step_2_no_load	3	4	0.647798886916	0.265578160642	3	640	1	
132	0	148	step_1_no_load	1	2	1	594	
132	0	148	step_2_no_load	3	4	0.619272702026	0.305288021243	3	712	1	
132	0	149	step_1_no_load	1	2	1	563	
132	0	149	step_2_no_load	3	4	0.601870110183	0.269951834184	3	640	1	
132	0	150	step_1_no_load	1	2	1	592	
132	0	150	step_2_no_load	5	6	0.306860041627	0.605912419156	5	843	1	
132	0	151	step_1_no_load	1	2	1	583	
132	0	151	step_2_no_load	3	4	0.59154759351	0.348172164421	4	1036	1	
132	0	152	step_1_no_load	1	2	1	495	
132	0	152	step_2_no_load	3	4	0.595108765344	0.307702500543	4	881	0	
132	0	153	step_1_no_load	1	2	1	453	
132	0	153	step_2_no_load	5	6	0.343622632154	0.681559292085	6	602	0	
132	0	154	step_1_no_load	1	2	1	408	
132	0	154	step_2_no_load	5	6	0.348349389262	0.671672162443	5	643	0	
132	0	155	step_1_no_load	1	2	1	472	
132	0	155	step_2_no_load	5	6	0.372188990474	0.716100930629	6	528	1	
132	0	156	step_1_no_load	1	2	1	442	
132	0	156	step_2_no_load	3	4	0.631048201903	0.32564867104	4	1047	0	
132	0	157	step_1_no_load	1	2	1	363	
132	0	157	step_2_no_load	3	4	0.585191807512	0.350909357271	4	590	0	
132	0	158	step_1_no_load	1	2	1	365	
132	0	158	step_2_no_load	3	4	0.532722108502	0.408728803896	3	842	0	
132	0	159	step_1_no_load	1	2	1	655	
132	0	159	step_2_no_load	3	4	0.541222065796	0.413026375257	3	698	1	
132	0	160	step_1_no_load	1	2	1	533	
132	0	160	step_2_no_load	3	4	0.521229931064	0.415052912783	3	607	0	
132	0	161	step_1_no_load	1	2	1	466	
132	0	161	step_2_no_load	3	4	0.516036498158	0.407025633682	4	576	0	
132	0	162	step_1_no_load	1	2	1	349	
132	0	162	step_2_no_load	3	4	0.566496468084	0.3926701003	4	1067	0	
132	0	163	step_1_no_load	1	2	1	491	
132	0	163	step_2_no_load	3	4	0.5863391277	0.395221309311	3	528	0	
132	0	164	step_1_no_load	1	2	1	1063	
132	0	164	step_2_no_load	3	4	0.585961845322	0.432761720497	3	40	0	
132	0	165	step_1_no_load	1	2	1	511	
132	0	165	step_2_no_load	3	4	0.538026607649	0.463777557969	3	618	0	
132	0	166	step_1_no_load	1	2	1	363	
132	0	166	step_2_no_load	3	4	0.549095060025	0.422282731054	4	989	1	
132	0	167	step_1_no_load	1	2	1	741	
132	0	167	step_2_no_load	3	4	0.585131062446	0.38753671275	4	478	1	
132	0	168	step_1_no_load	1	2	1	392	
132	0	168	step_2_no_load	5	6	0.335777599654	0.67192508984	6	1070	1	
132	0	169	step_1_no_load	1	2	1	607	
132	0	169	step_2_no_load	3	4	0.586049140041	0.42098542374	4	651	0	
132	0	170	step_1_no_load	1	2	1	457	
132	0	170	step_2_no_load	3	4	0.57151385403	0.411067820436	3	632	1	
132	0	171	step_1_no_load	1	2	1	507	
132	0	171	step_2_no_load	3	4	0.553314431843	0.386979310814	3	705	1	
132	0	172	step_1_no_load	1	2	1	509	
132	0	172	step_2_no_load	3	4	0.519090471457	0.363617002148	3	594	0	
132	0	173	step_1_no_load	1	2	1	533	
132	0	173	step_2_no_load	3	4	0.484428109849	0.385349297983	3	802	0	
132	0	174	step_1_no_load	1	2	1	546	
132	0	174	step_2_no_load	3	4	0.472729524832	0.387867297446	3	1051	1	
132	0	175	step_1_no_load	1	2	1	702	
132	0	175	step_2_no_load	3	4	0.52644949356	0.426185553904	3	829	1	
132	0	176	step_1_no_load	1	2	1	598	
132	0	176	step_2_no_load	3	4	0.474046874473	0.383231572002	3	559	1	
132	0	177	step_1_no_load	1	2	1	424	
132	0	177	step_2_no_load	3	4	0.501268576771	0.357425668099	3	505	0	
132	0	178	step_1_no_load	1	2	1	337	
132	0	178	step_2_no_load	3	4	0.493712351915	0.36473828006	3	1028	0	
132	0	179	step_1_no_load	1	2	1	519	
132	0	179	step_2_no_load	5	6	0.493565996034	0.709345707515	6	982	1	
132	0	180	step_1_no_load	1	2	1	646	
132	0	180	step_2_no_load	3	4	0.482853857291	0.341214611607	4	878	1	
132	0	181	step_1_no_load	1	2	1	582	
132	0	181	step_2_no_load	5	6	0.480141179559	0.746910336326	5	1031	0	
132	0	182	step_1_no_load	1	2	1	432	
132	0	182	step_2_no_load	5	6	0.49907747228	0.72717560423	6	995	0	
132	0	183	step_1_no_load	1	2	1	507	
132	0	183	step_2_no_load	3	4	0.502991759047	0.350175837802	4	695	1	
132	0	184	step_1_no_load	1	2	1	557	
132	0	184	step_2_no_load	3	4	0.460890977786	0.362743255194	4	512	0	
132	0	185	step_1_no_load	1	2	1	479	
132	0	185	step_2_no_load	5	6	0.482228039858	0.665622647081	6	867	1	
132	0	186	step_1_no_load	1	2	1	456	
132	0	186	step_2_no_load	3	4	0.46870859828	0.332733011923	4	815	0	
132	0	187	step_1_no_load	1	2	1	383	
132	0	187	step_2_no_load	3	4	0.443962917772	0.328890769988	4	667	0	
132	0	188	step_1_no_load	1	2	1	1035	
132	0	188	step_2_no_load	3	4	0.471319680586	0.291508050861	3	879	1	
132	0	189	step_1_no_load	1	2	1	536	
132	0	189	step_2_no_load	3	4	0.448897869069	0.285168135955	3	562	1	
132	0	190	step_1_no_load	1	2	1	480	
132	0	190	step_2_no_load	3	4	0.433568856946	0.304557739386	3	632	0	
132	0	191	step_1_no_load	1	2	1	496	
132	0	191	step_2_no_load	3	4	0.435748387321	0.318839908867	4	1021	0	
132	0	192	step_1_no_load	1	2	1	456	
132	0	192	step_2_no_load	3	4	0.450791310283	0.299297135717	3	848	0	
132	0	193	step_1_no_load	1	2	1	471	
132	0	193	step_2_no_load	3	4	0.440813209638	0.321008037746	3	594	1	
132	0	194	step_1_no_load	1	2	1	545	
132	0	194	step_2_no_load	3	4	0.433250459893	0.342437174514	3	579	0	
132	0	195	step_1_no_load	1	2	1	1129	
132	0	195	step_2_no_load	5	6	0.494102184238	0.646280688878	5	31	0	
132	0	196	step_1_no_load	1	2	1	477	
132	0	196	step_2_no_load	3	4	0.421761207498	0.365373286058	4	585	0	
132	0	197	step_1_no_load	1	2	1	410	
132	0	197	step_2_no_load	3	4	0.422511153127	0.316987700969	3	602	0	
132	0	198	step_1_no_load	1	2	1	450	
132	0	198	step_2_no_load	3	4	0.397292432346	0.303352625941	3	917	0	
132	0	199	step_1_no_load	1	2	1	396	
132	0	199	step_2_no_load	3	4	0.39793773834	0.292861528884	4	535	0	
132	0	200	step_1_no_load	1	2	1	507	
132	0	200	step_2_no_load	3	4	0.372436949782	0.299128796668	4	451	0	

Tue Apr 10 15:21:50 2018
