Tue Apr 10 17:13:41 2018	
134	0	1	step_1_no_load	1	2	1	886	
134	0	1	step_2_no_load	3	4	0.457620150462	0.594299910136	3	892	0	
134	0	2	step_1_no_load	1	2	1	852	
134	0	2	step_2_no_load	3	4	0.474613197709	0.610961032466	4	1381	1	
134	0	3	step_1_no_load	1	2	1	832	
134	0	3	step_2_no_load	3	4	0.476767372206	0.589215227351	4	716	1	
134	0	4	step_1_no_load	1	2	2	1393	
134	0	4	step_2_no_load	3	4	0.478607661228	0.564086293706	3	1282	0	
134	0	5	step_1_no_load	1	2	1	311	
134	0	5	step_2_no_load	5	6	0.623810210114	0.543908521457	5	949	1	
134	0	6	step_1_no_load	1	2	1	299	
134	0	6	step_2_no_load	3	4	0.506877622204	0.603642866427	3	996	0	
134	0	7	step_1_no_load	1	2	1	826	
134	0	7	step_2_no_load	3	4	0.500071913476	0.622642364361	3	716	0	
134	0	8	step_1_no_load	1	2	1	511	
134	0	8	step_2_no_load	3	4	0.489816616396	0.624210374623	4	473	0	
134	0	9	step_1_no_load	1	2	1	281	
134	0	9	step_2_no_load	5	6	0.598049061473	0.54429228266	5	1028	1	
134	0	10	step_1_no_load	1	2	2	428	
134	0	10	step_2_no_load	5	6	0.652626043146	0.576063520885	5	776	1	
134	0	11	step_1_no_load	1	2	2	393	
134	0	11	step_2_no_load	5	6	0.69163818036	0.59022801242	5	545	1	
134	0	12	step_1_no_load	1	2	2	355	
134	0	12	step_2_no_load	5	6	0.682786328054	0.597131918027	5	489	1	
134	0	13	step_1_no_load	1	2	1	270	
134	0	13	step_2_no_load	3	4	0.52012981853	0.558313135925	4	940	1	
134	0	14	step_1_no_load	1	2	2	1341	
134	0	14	step_2_no_load	5	6	0.629137942344	0.611256675753	5	741	0	
134	0	15	step_1_no_load	1	2	-1	-1	
134	0	16	step_1_no_load	1	2	2	407	
134	0	16	step_2_no_load	5	6	0.628091198119	0.626326396372	5	785	1	
134	0	17	step_1_no_load	1	2	1	1086	
134	0	17	step_2_no_load	5	6	0.633350170016	0.643116883134	5	776	1	
134	0	18	step_1_no_load	1	2	2	567	
134	0	18	step_2_no_load	3	4	0.517514133912	0.553554620302	4	725	0	
134	0	19	step_1_no_load	1	2	1	427	
134	0	19	step_2_no_load	3	4	0.498240186199	0.536502319591	3	805	0	
134	0	20	step_1_no_load	1	2	2	465	
134	0	20	step_2_no_load	3	4	0.478025448397	0.491720931314	4	567	0	
134	0	21	step_1_no_load	1	2	2	3	
134	0	21	step_2_no_load	5	6	0.630305464549	0.611328949295	5	823	0	
134	0	22	step_1_no_load	1	2	2	403	
134	0	22	step_2_no_load	5	6	0.621949894727	0.618527126547	6	395	1	
134	0	23	step_1_no_load	1	2	2	360	
134	0	23	step_2_no_load	5	6	0.640163623731	0.604065470975	6	559	1	
134	0	24	step_1_no_load	1	2	2	283	
134	0	24	step_2_no_load	5	6	0.582115115688	0.5800912085	6	580	0	
134	0	25	step_1_no_load	1	2	2	296	
134	0	25	step_2_no_load	5	6	0.565698722896	0.629917901014	5	618	1	
134	0	26	step_1_no_load	1	2	2	298	
134	0	26	step_2_no_load	5	6	0.592410219737	0.640635035276	5	568	1	
134	0	27	step_1_no_load	1	2	2	408	
134	0	27	step_2_no_load	3	4	0.507272671939	0.54756089792	4	1192	1	
134	0	28	step_1_no_load	1	2	2	311	
134	0	28	step_2_no_load	5	6	0.588356036098	0.647441527317	5	833	0	
134	0	29	step_1_no_load	1	2	1	1	
134	0	29	step_2_no_load	3	4	0.521159009103	0.561957580386	4	730	1	
134	0	30	step_1_no_load	1	2	1	346	
134	0	30	step_2_no_load	3	4	0.4919199548	0.574272497114	4	523	1	
134	0	31	step_1_no_load	1	2	1	480	
134	0	31	step_2_no_load	5	6	0.636602545794	0.606122691795	5	942	0	
134	0	32	step_1_no_load	1	2	1	245	
134	0	32	step_2_no_load	3	4	0.520318771114	0.522993086096	4	724	1	
134	0	33	step_1_no_load	1	2	1	289	
134	0	33	step_2_no_load	3	4	0.487664344039	0.542309898544	4	615	0	
134	0	34	step_1_no_load	1	2	2	284	
134	0	34	step_2_no_load	5	6	0.575802910074	0.670290552209	5	962	0	
134	0	35	step_1_no_load	1	2	2	253	
134	0	35	step_2_no_load	3	4	0.491437207585	0.594167768198	4	1052	1	
134	0	36	step_1_no_load	1	2	2	442	
134	0	36	step_2_no_load	5	6	0.527635087561	0.661229326326	6	799	1	
134	0	37	step_1_no_load	1	2	2	363	
134	0	37	step_2_no_load	5	6	0.513822304161	0.660658056664	6	503	1	
134	0	38	step_1_no_load	1	2	2	337	
134	0	38	step_2_no_load	3	4	0.553931241266	0.595113730206	3	626	0	
134	0	39	step_1_no_load	1	2	2	415	
134	0	39	step_2_no_load	5	6	0.557005857101	0.634483337633	6	546	1	
134	0	40	step_1_no_load	1	2	2	614	
134	0	40	step_2_no_load	3	4	0.5691386571	0.607992802154	3	651	0	
134	0	41	step_1_no_load	1	2	2	260	
134	0	41	step_2_no_load	5	6	0.524862294848	0.633285941184	6	1055	1	
134	0	42	step_1_no_load	1	2	2	298	
134	0	42	step_2_no_load	5	6	0.533857158543	0.606696263624	6	400	1	
134	0	43	step_1_no_load	1	2	2	284	
134	0	43	step_2_no_load	3	4	0.548128010644	0.612705031264	4	822	1	
134	0	44	step_1_no_load	1	2	2	235	
134	0	44	step_2_no_load	5	6	0.541854396676	0.589653131867	6	388	0	
134	0	45	step_1_no_load	1	2	2	218	
134	0	45	step_2_no_load	5	6	0.579346234508	0.620699591043	5	349	0	
134	0	46	step_1_no_load	1	2	1	338	
134	0	46	step_2_no_load	3	4	0.532238720495	0.600964500555	3	569	1	
134	0	47	step_1_no_load	1	2	1	306	
134	0	47	step_2_no_load	3	4	0.493112702321	0.598724660986	3	666	0	
134	0	48	step_1_no_load	1	2	1	209	
134	0	48	step_2_no_load	5	6	0.534690828011	0.657624935632	5	589	1	
134	0	49	step_1_no_load	1	2	1	782	
134	0	49	step_2_no_load	3	4	0.489287375157	0.610193185592	4	562	1	
134	0	50	step_1_no_load	1	2	1	306	
134	0	50	step_2_no_load	3	4	0.47381367271	0.606862017918	4	502	0	
134	0	51	step_1_no_load	1	2	1	252	
134	0	51	step_2_no_load	3	4	0.469943944943	0.564866799699	3	786	0	
134	0	52	step_1_no_load	1	2	2	277	
134	0	52	step_2_no_load	3	4	0.429622901875	0.539065404057	3	736	1	
134	0	53	step_1_no_load	1	2	2	309	
134	0	53	step_2_no_load	3	4	0.451905460347	0.551457882502	3	351	0	
134	0	54	step_1_no_load	1	2	2	1274	
134	0	54	step_2_no_load	5	6	0.493362545513	0.652515308527	6	919	0	
134	0	55	step_1_no_load	1	2	1	573	
134	0	55	step_2_no_load	5	6	0.526704292526	0.639840796975	5	665	0	
134	0	56	step_1_no_load	1	2	1	194	
134	0	56	step_2_no_load	3	4	0.459773408493	0.601856598146	4	912	1	
134	0	57	step_1_no_load	1	2	1	323	
134	0	57	step_2_no_load	3	4	0.466449077359	0.641849303307	4	405	1	
134	0	58	step_1_no_load	1	2	1	347	
134	0	58	step_2_no_load	5	6	0.528376440027	0.610896130115	6	982	1	
134	0	59	step_1_no_load	1	2	1	248	
134	0	59	step_2_no_load	3	4	0.480274332693	0.632500293208	4	460	1	
134	0	60	step_1_no_load	1	2	1	274	
134	0	60	step_2_no_load	3	4	0.491916707098	0.623687406259	4	360	1	
134	0	61	step_1_no_load	1	2	1	252	
134	0	61	step_2_no_load	3	4	0.464268875813	0.669587072502	4	294	1	
134	0	62	step_1_no_load	1	2	1	350	
134	0	62	step_2_no_load	5	6	0.533031417444	0.622820395113	6	270	0	
134	0	63	step_1_no_load	1	2	1	404	
134	0	63	step_2_no_load	5	6	0.519445130796	0.642623127313	5	467	0	
134	0	64	step_1_no_load	1	2	1	119	
134	0	64	step_2_no_load	5	6	0.533849886794	0.626149195169	5	1017	1	
134	0	65	step_1_no_load	1	2	1	270	
134	0	65	step_2_no_load	5	6	0.517687993213	0.619953360065	5	497	0	
134	0	66	step_1_no_load	1	2	1	250	
134	0	66	step_2_no_load	3	4	0.573761869714	0.606938648072	-1	-1	-1	
134	0	67	step_1_no_load	1	2	2	356	
134	0	67	step_2_no_load	5	6	0.538279387614	0.674463681351	5	367	1	
134	0	68	step_1_no_load	1	2	-1	-1	
134	0	69	step_1_no_load	1	2	1	263	
134	0	69	step_2_no_load	5	6	0.560462111264	0.718756538957	6	448	0	
134	0	70	step_1_no_load	1	2	1	229	
134	0	70	step_2_no_load	5	6	0.548075770764	0.697741832068	5	273	1	
134	0	71	step_1_no_load	1	2	1	225	
134	0	71	step_2_no_load	3	4	0.482863323776	0.639174917797	3	349	1	
134	0	72	step_1_no_load	1	2	1	254	
134	0	72	step_2_no_load	3	4	0.47409116389	0.626024641967	3	420	0	
134	0	73	step_1_no_load	1	2	1	0	
134	0	73	step_2_no_load	3	4	0.435957313805	0.657126403029	4	388	1	
134	0	74	step_1_no_load	1	2	1	262	
134	0	74	step_2_no_load	3	4	0.453420386428	0.614462146454	4	384	1	
134	0	75	step_1_no_load	1	2	1	218	
134	0	75	step_2_no_load	3	4	0.44832280175	0.615552849174	4	350	1	
134	0	76	step_1_no_load	1	2	1	328	
134	0	76	step_2_no_load	5	6	0.518881389358	0.690117652944	6	321	1	
134	0	77	step_1_no_load	1	2	1	268	
134	0	77	step_2_no_load	3	4	0.446809557226	0.564257587118	4	387	0	
134	0	78	step_1_no_load	1	2	1	240	
134	0	78	step_2_no_load	5	6	0.538654072849	0.647586191228	6	306	1	
134	0	79	step_1_no_load	1	2	1	283	
134	0	79	step_2_no_load	3	4	0.389124152368	0.513695512795	4	999	0	
134	0	80	step_1_no_load	1	2	2	267	
134	0	80	step_2_no_load	5	6	0.49921021142	0.703969305517	6	610	1	
134	0	81	step_1_no_load	1	2	2	229	
134	0	81	step_2_no_load	3	4	0.419265522488	0.529745690463	4	385	0	
134	0	82	step_1_no_load	1	2	1	349	
134	0	82	step_2_no_load	3	4	0.395813831323	0.564729328387	4	535	0	
134	0	83	step_1_no_load	1	2	2	69	
134	0	83	step_2_no_load	5	6	0.483255412498	0.726885136842	6	1016	1	
134	0	84	step_1_no_load	1	2	2	362	
134	0	84	step_2_no_load	5	6	0.505586222209	0.731466635793	6	563	1	
134	0	85	step_1_no_load	1	2	2	356	
134	0	85	step_2_no_load	5	6	0.485785534744	0.712989604416	6	623	1	
134	0	86	step_1_no_load	1	2	2	360	
134	0	86	step_2_no_load	5	6	0.486462788728	0.721207648497	6	404	0	
134	0	87	step_1_no_load	1	2	1	213	
134	0	87	step_2_no_load	3	4	0.40000499778	0.719375344246	4	418	1	
134	0	88	step_1_no_load	1	2	1	340	
134	0	88	step_2_no_load	3	4	0.377947492322	0.717410082358	4	859	1	
134	0	89	step_1_no_load	1	2	1	266	
134	0	89	step_2_no_load	5	6	0.490019385174	0.660112261017	6	317	0	
134	0	90	step_1_no_load	1	2	1	245	
134	0	90	step_2_no_load	3	4	0.411459496853	0.712247848046	4	366	1	
134	0	91	step_1_no_load	1	2	2	17	
134	0	91	step_2_no_load	5	6	0.479087223222	0.657820521772	5	1044	0	
134	0	92	step_1_no_load	1	2	2	350	
134	0	92	step_2_no_load	5	6	0.484260039873	0.679381608313	6	375	0	
134	0	93	step_1_no_load	1	2	1	199	
134	0	93	step_2_no_load	3	4	0.439878153082	0.70415710998	3	632	0	
134	0	94	step_1_no_load	1	2	1	214	
134	0	94	step_2_no_load	5	6	0.468637558205	0.668295023896	6	207	0	
134	0	95	step_1_no_load	1	2	1	234	
134	0	95	step_2_no_load	3	4	0.427150666411	0.715495469274	3	465	0	
134	0	96	step_1_no_load	1	2	1	662	
134	0	96	step_2_no_load	3	4	0.383038640121	0.693739812506	3	735	1	
134	0	97	step_1_no_load	1	2	1	261	
134	0	97	step_2_no_load	3	4	0.392885664353	0.681272614291	3	361	0	
134	0	98	step_1_no_load	1	2	1	301	
134	0	98	step_2_no_load	3	4	0.409778171713	0.70287861952	4	502	1	
134	0	99	step_1_no_load	1	2	1	207	
134	0	99	step_2_no_load	3	4	0.397561363605	0.673709850038	4	318	1	
134	0	100	step_1_no_load	1	2	1	45	
134	0	100	step_2_no_load	3	4	0.4333505304	0.666227451505	4	249	0	
134	0	101	step_1_no_load	1	2	2	413	
134	0	101	step_2_no_load	5	6	0.366879421891	0.655903528958	5	455	0	
134	0	102	step_1_no_load	1	2	2	224	
134	0	102	step_2_no_load	5	6	0.326080462175	0.663124617603	6	348	1	
134	0	103	step_1_no_load	1	2	2	238	
134	0	103	step_2_no_load	3	4	0.481975449893	0.663997796029	4	342	1	
134	0	104	step_1_no_load	1	2	1	199	
134	0	104	step_2_no_load	5	6	0.303696146503	0.743372642809	6	247	1	
134	0	105	step_1_no_load	1	2	1	261	
134	0	105	step_2_no_load	3	4	0.514318365187	0.689135357059	4	340	1	
134	0	106	step_1_no_load	1	2	1	90	
134	0	106	step_2_no_load	3	4	0.508908032404	0.712883638252	4	355	0	
134	0	107	step_1_no_load	1	2	1	129	
134	0	107	step_2_no_load	5	6	0.388257337796	0.677514185929	5	493	1	
134	0	108	step_1_no_load	1	2	1	226	
134	0	108	step_2_no_load	5	6	0.388185708856	0.681491063126	5	293	0	
134	0	109	step_1_no_load	1	2	1	541	
134	0	109	step_2_no_load	5	6	0.372328831887	0.68658494263	6	335	0	
134	0	110	step_1_no_load	1	2	1	62	
134	0	110	step_2_no_load	3	4	0.432626681236	0.729599891941	4	241	1	
134	0	111	step_1_no_load	1	2	1	267	
134	0	111	step_2_no_load	3	4	0.384948378665	0.724852671171	4	353	1	
134	0	112	step_1_no_load	1	2	1	250	
134	0	112	step_2_no_load	3	4	0.392887565883	0.725701866094	4	323	0	
134	0	113	step_1_no_load	1	2	1	212	
134	0	113	step_2_no_load	5	6	0.387112818105	0.634627459817	5	424	1	
134	0	114	step_1_no_load	1	2	1	262	
134	0	114	step_2_no_load	5	6	0.384736699284	0.657654904272	5	584	1	
134	0	115	step_1_no_load	1	2	1	284	
134	0	115	step_2_no_load	3	4	0.390027643099	0.739704344621	3	321	1	
134	0	116	step_1_no_load	1	2	1	254	
134	0	116	step_2_no_load	5	6	0.369438791876	0.680124293449	5	235	0	
134	0	117	step_1_no_load	1	2	2	5	
134	0	117	step_2_no_load	5	6	0.363056877927	0.671842537277	5	247	0	
134	0	118	step_1_no_load	1	2	1	156	
134	0	118	step_2_no_load	5	6	0.362977115924	0.690484235012	5	350	1	
134	0	119	step_1_no_load	1	2	1	158	
134	0	119	step_2_no_load	3	4	0.357515098446	0.690424535099	3	362	0	
134	0	120	step_1_no_load	1	2	1	208	
134	0	120	step_2_no_load	3	4	0.370150243662	0.70587238626	4	12	1	
134	0	121	step_1_no_load	1	2	1	283	
134	0	121	step_2_no_load	5	6	0.310775244958	0.671052306195	6	287	0	
134	0	122	step_1_no_load	1	2	1	225	
134	0	122	step_2_no_load	5	6	0.266650857402	0.672193618854	5	237	0	
134	0	123	step_1_no_load	1	2	1	244	
134	0	123	step_2_no_load	3	4	0.337526896345	0.583607229978	3	390	0	
134	0	124	step_1_no_load	1	2	1	130	
134	0	124	step_2_no_load	3	4	0.309430836661	0.603013298253	4	404	1	
134	0	125	step_1_no_load	1	2	2	213	
134	0	125	step_2_no_load	5	6	0.290374841566	0.633566302563	6	377	1	
134	0	126	step_1_no_load	1	2	2	235	
134	0	126	step_2_no_load	3	4	0.300846667696	0.537863824328	4	309	1	
134	0	127	step_1_no_load	1	2	1	190	
134	0	127	step_2_no_load	3	4	0.274944938508	0.560824094575	4	392	0	
134	0	128	step_1_no_load	1	2	1	5	
134	0	128	step_2_no_load	3	4	0.250790232267	0.636905534066	3	535	0	
134	0	129	step_1_no_load	1	2	2	243	
134	0	129	step_2_no_load	5	6	0.268213321963	0.632682846317	6	231	0	
134	0	130	step_1_no_load	1	2	2	174	
134	0	130	step_2_no_load	5	6	0.267460866951	0.630285316669	5	295	0	
134	0	131	step_1_no_load	1	2	2	158	
134	0	131	step_2_no_load	5	6	0.281500842289	0.638450601212	6	329	1	
134	0	132	step_1_no_load	1	2	2	131	
134	0	132	step_2_no_load	5	6	0.27986961048	0.660013924697	6	326	0	
134	0	133	step_1_no_load	1	2	2	278	
134	0	133	step_2_no_load	5	6	0.315608831386	0.691649444281	6	198	1	
134	0	134	step_1_no_load	1	2	2	356	
134	0	134	step_2_no_load	5	6	0.287393715313	0.685529359147	6	295	0	
134	0	135	step_1_no_load	1	2	2	1171	
134	0	135	step_2_no_load	5	6	0.300079459047	0.700779221781	6	1070	1	
134	0	136	step_1_no_load	1	2	2	250	
134	0	136	step_2_no_load	5	6	0.307766925452	0.674914008636	6	361	0	
134	0	137	step_1_no_load	1	2	2	243	
134	0	137	step_2_no_load	5	6	0.346433498467	0.668540846495	5	411	0	
134	0	138	step_1_no_load	1	2	2	0	
134	0	138	step_2_no_load	5	6	0.366701525561	0.688182193337	6	1021	0	
134	0	139	step_1_no_load	1	2	2	0	
134	0	139	step_2_no_load	3	4	0.323660750961	0.636630981281	3	359	1	
134	0	140	step_1_no_load	1	2	1	299	
134	0	140	step_2_no_load	5	6	0.348740542008	0.637682840728	6	1123	0	
134	0	141	step_1_no_load	1	2	1	211	
134	0	141	step_2_no_load	3	4	0.311809871418	0.711987889705	3	323	0	
134	0	142	step_1_no_load	1	2	1	552	
134	0	142	step_2_no_load	3	4	0.304203281606	0.690276058009	3	247	0	
134	0	143	step_1_no_load	1	2	2	206	
134	0	143	step_2_no_load	5	6	0.410970957547	0.610219102298	5	90	0	
134	0	144	step_1_no_load	1	2	2	188	
134	0	144	step_2_no_load	3	4	0.275932517017	0.626443722248	4	349	1	
134	0	145	step_1_no_load	1	2	2	248	
134	0	145	step_2_no_load	5	6	0.355256413269	0.606515632748	6	313	1	
134	0	146	step_1_no_load	1	2	2	226	
134	0	146	step_2_no_load	5	6	0.320877500969	0.593778463268	6	228	0	
134	0	147	step_1_no_load	1	2	2	0	
134	0	147	step_2_no_load	5	6	0.352879785946	0.594861186319	6	370	1	
134	0	148	step_1_no_load	1	2	2	221	
134	0	148	step_2_no_load	5	6	0.311162711725	0.648050021239	5	647	0	
134	0	149	step_1_no_load	1	2	2	191	
134	0	149	step_2_no_load	5	6	0.300290206122	0.623203869836	6	270	1	
134	0	150	step_1_no_load	1	2	2	208	
134	0	150	step_2_no_load	3	4	0.305587692243	0.575985663078	4	457	0	
134	0	151	step_1_no_load	1	2	1	228	
134	0	151	step_2_no_load	5	6	0.310557101463	0.614159737668	5	721	1	
134	0	152	step_1_no_load	1	2	1	216	
134	0	152	step_2_no_load	3	4	0.307702500543	0.595108765344	3	344	0	
134	0	153	step_1_no_load	1	2	1	203	
134	0	153	step_2_no_load	5	6	0.343622632154	0.681559292085	5	689	0	
134	0	154	step_1_no_load	1	2	2	150	
134	0	154	step_2_no_load	5	6	0.348349389262	0.671672162443	5	221	0	
134	0	155	step_1_no_load	1	2	2	234	
134	0	155	step_2_no_load	3	4	0.296093457977	0.632486591889	3	461	1	
134	0	156	step_1_no_load	1	2	1	487	
134	0	156	step_2_no_load	5	6	0.368378667812	0.734436160799	6	707	0	
134	0	157	step_1_no_load	1	2	2	236	
134	0	157	step_2_no_load	5	6	0.324728201487	0.720725456325	5	1291	0	
134	0	158	step_1_no_load	1	2	2	265	
134	0	158	step_2_no_load	5	6	0.334595868098	0.694270715354	6	288	0	
134	0	159	step_1_no_load	1	2	1	4	
134	0	159	step_2_no_load	3	4	0.413026375257	0.541222065796	3	484	0	
134	0	160	step_1_no_load	1	2	1	232	
134	0	160	step_2_no_load	3	4	0.415052912783	0.521229931064	3	332	0	
134	0	161	step_1_no_load	1	2	1	44	
134	0	161	step_2_no_load	3	4	0.407025633682	0.516036498158	3	216	0	
134	0	162	step_1_no_load	1	2	1	245	
134	0	162	step_2_no_load	5	6	0.455329532209	0.695144769903	5	224	1	
134	0	163	step_1_no_load	1	2	1	223	
134	0	163	step_2_no_load	5	6	0.430920885959	0.697095951435	5	340	0	
134	0	164	step_1_no_load	1	2	1	296	
134	0	164	step_2_no_load	5	6	0.430844125626	0.692137394606	6	236	0	
134	0	165	step_1_no_load	1	2	1	260	
134	0	165	step_2_no_load	5	6	0.347974240867	0.717506143195	5	322	0	
134	0	166	step_1_no_load	1	2	1	0	
134	0	166	step_2_no_load	3	4	0.422282731054	0.549095060025	3	211	0	
134	0	167	step_1_no_load	1	2	2	353	
134	0	167	step_2_no_load	5	6	0.331115714939	0.706271792549	5	232	1	
134	0	168	step_1_no_load	1	2	2	0	
134	0	168	step_2_no_load	5	6	0.335777599654	0.67192508984	5	236	0	
134	0	169	step_1_no_load	1	2	2	190	
134	0	169	step_2_no_load	5	6	0.365156560071	0.704981910944	6	136	0	
134	0	170	step_1_no_load	1	2	2	135	
134	0	170	step_2_no_load	5	6	0.364989630435	0.67334314737	6	160	1	
134	0	171	step_1_no_load	1	2	2	149	
134	0	171	step_2_no_load	3	4	0.386979310814	0.553314431843	4	286	1	
134	0	172	step_1_no_load	1	2	2	70	
134	0	172	step_2_no_load	5	6	0.490120307546	0.668669556875	5	338	1	
134	0	173	step_1_no_load	1	2	2	228	
134	0	173	step_2_no_load	5	6	0.462866379815	0.667027212577	5	399	0	
134	0	174	step_1_no_load	1	2	2	189	
134	0	174	step_2_no_load	3	4	0.387867297446	0.472729524832	4	200	0	
134	0	175	step_1_no_load	1	2	1	64	
134	0	175	step_2_no_load	3	4	0.426185553904	0.52644949356	4	446	1	
134	0	176	step_1_no_load	1	2	2	74	
134	0	176	step_2_no_load	5	6	0.500856457218	0.679250000396	6	368	1	
134	0	177	step_1_no_load	1	2	1	222	
134	0	177	step_2_no_load	3	4	0.357425668099	0.501268576771	4	460	0	
134	0	178	step_1_no_load	1	2	2	11	
134	0	178	step_2_no_load	3	4	0.36473828006	0.493712351915	3	299	0	
134	0	179	step_1_no_load	1	2	2	88	
134	0	179	step_2_no_load	3	4	0.324685418097	0.457298770028	3	253	0	
134	0	180	step_1_no_load	1	2	2	84	
134	0	180	step_2_no_load	5	6	0.489345734128	0.719795072986	6	388	0	
134	0	181	step_1_no_load	1	2	2	180	
134	0	181	step_2_no_load	5	6	0.480141179559	0.746910336326	5	527	0	
134	0	182	step_1_no_load	1	2	2	1	
134	0	182	step_2_no_load	5	6	0.49907747228	0.72717560423	5	936	1	
134	0	183	step_1_no_load	1	2	1	0	
134	0	183	step_2_no_load	3	4	0.350175837802	0.502991759047	3	343	1	
134	0	184	step_1_no_load	1	2	2	548	
134	0	184	step_2_no_load	5	6	0.480863422096	0.657291439324	5	429	0	
134	0	185	step_1_no_load	1	2	2	277	
134	0	185	step_2_no_load	5	6	0.482228039858	0.665622647081	5	527	1	
134	0	186	step_1_no_load	1	2	2	381	
134	0	186	step_2_no_load	5	6	0.484672582719	0.656308636836	5	571	1	
134	0	187	step_1_no_load	1	2	2	0	
134	0	187	step_2_no_load	3	4	0.328890769988	0.443962917772	3	204	0	
134	0	188	step_1_no_load	1	2	2	273	
134	0	188	step_2_no_load	5	6	0.548350535247	0.696362660087	6	620	1	
134	0	189	step_1_no_load	1	2	2	203	
134	0	189	step_2_no_load	5	6	0.534753756004	0.688353284054	6	1117	1	
134	0	190	step_1_no_load	1	2	2	298	
134	0	190	step_2_no_load	3	4	0.304557739386	0.433568856946	3	453	1	
134	0	191	step_1_no_load	1	2	1	240	
134	0	191	step_2_no_load	3	4	0.318839908867	0.435748387321	4	688	0	
134	0	192	step_1_no_load	1	2	1	160	
134	0	192	step_2_no_load	5	6	0.493851022417	0.705517419189	5	860	1	
134	0	193	step_1_no_load	1	2	1	261	
134	0	193	step_2_no_load	3	4	0.321008037746	0.440813209638	4	569	0	
134	0	194	step_1_no_load	1	2	2	214	
134	0	194	step_2_no_load	5	6	0.505359594715	0.655261361454	5	327	0	
134	0	195	step_1_no_load	1	2	2	0	
134	0	195	step_2_no_load	5	6	0.494102184238	0.646280688878	6	305	0	
134	0	196	step_1_no_load	1	2	2	87	
134	0	196	step_2_no_load	5	6	0.496717662777	0.695101215304	6	364	1	
134	0	197	step_1_no_load	1	2	2	288	
134	0	197	step_2_no_load	3	4	0.316987700969	0.422511153127	4	349	1	
134	0	198	step_1_no_load	1	2	2	243	
134	0	198	step_2_no_load	5	6	0.485065498391	0.68660989813	6	237	0	
134	0	199	step_1_no_load	1	2	1	380	
134	0	199	step_2_no_load	3	4	0.292861528884	0.39793773834	4	220	1	
134	0	200	step_1_no_load	1	2	1	20	
134	0	200	step_2_no_load	3	4	0.299128796668	0.372436949782	4	491	0	

Tue Apr 10 17:31:29 2018
