Thu Apr 12 14:47:41 2018	
135	0	1	step_1_no_load	1	2	1	436	
135	0	1	step_2_no_load	3	4	0.511789129507	0.594299910136	3	399	0	
135	0	2	step_1_no_load	1	2	1	436	
135	0	2	step_2_no_load	3	4	0.533203491871	0.610961032466	4	433	1	
135	0	3	step_1_no_load	1	2	1	360	
135	0	3	step_2_no_load	3	4	0.516002945397	0.589215227351	3	459	0	
135	0	4	step_1_no_load	1	2	2	372	
135	0	4	step_2_no_load	5	6	0.597491569846	0.478607661228	5	428	1	
135	0	5	step_1_no_load	1	2	2	548	
135	0	5	step_2_no_load	5	6	0.623810210114	0.495568760483	6	497	0	
135	0	6	step_1_no_load	1	2	1	575	
135	0	6	step_2_no_load	3	4	0.490454120702	0.603642866427	3	574	0	
135	0	7	step_1_no_load	1	2	1	330	
135	0	7	step_2_no_load	3	4	0.506408070053	0.622642364361	3	422	1	
135	0	8	step_1_no_load	1	2	1	546	
135	0	8	step_2_no_load	3	4	0.499203529332	0.624210374623	3	625	0	
135	0	9	step_1_no_load	1	2	2	468	
135	0	9	step_2_no_load	5	6	0.598049061473	0.496546708465	6	667	1	
135	0	10	step_1_no_load	1	2	1	756	
135	0	10	step_2_no_load	3	4	0.576063520885	0.636063269715	3	746	1	
135	0	11	step_1_no_load	1	2	2	892	
135	0	11	step_2_no_load	5	6	0.69163818036	0.477013315682	6	651	0	
135	0	12	step_1_no_load	1	2	2	828	
135	0	12	step_2_no_load	5	6	0.682786328054	0.48457206759	5	655	0	
135	0	13	step_1_no_load	1	2	1	706	
135	0	13	step_2_no_load	3	4	0.595790490356	0.558313135925	3	626	0	
135	0	14	step_1_no_load	1	2	1	599	
135	0	14	step_2_no_load	3	4	0.611256675753	0.545555696267	4	577	1	
135	0	15	step_1_no_load	1	2	1	669	
135	0	15	step_2_no_load	3	4	0.633564630036	0.570419113221	4	752	1	
135	0	16	step_1_no_load	1	2	1	716	
135	0	16	step_2_no_load	3	4	0.626326396372	0.553308964466	3	477	0	
135	0	17	step_1_no_load	1	2	2	383	
135	0	17	step_2_no_load	5	6	0.633350170016	0.535958400205	5	713	1	
135	0	18	step_1_no_load	1	2	2	728	
135	0	18	step_2_no_load	3	4	0.626895526976	0.553554620302	4	536	1	
135	0	19	step_1_no_load	1	2	1	433	
135	0	19	step_2_no_load	3	4	0.644773170243	0.536502319591	4	659	0	
135	0	20	step_1_no_load	1	2	1	505	
135	0	20	step_2_no_load	3	4	0.60665343963	0.491720931314	3	887	1	
135	0	21	step_1_no_load	1	2	1	1193	
135	0	21	step_2_no_load	3	4	0.611328949295	0.470207377245	3	920	1	
135	0	22	step_1_no_load	1	2	2	878	
135	0	22	step_2_no_load	5	6	0.621949894727	0.506100011497	6	927	0	
135	0	23	step_1_no_load	1	2	1	910	
135	0	23	step_2_no_load	3	4	0.604065470975	0.513759772011	3	638	0	
135	0	24	step_1_no_load	1	2	2	600	
135	0	24	step_2_no_load	3	4	0.5800912085	0.503316199018	3	463	1	
135	0	25	step_1_no_load	1	2	1	646	
135	0	25	step_2_no_load	5	6	0.565698722896	0.503316372362	6	622	0	
135	0	26	step_1_no_load	1	2	2	772	
135	0	26	step_2_no_load	5	6	0.592410219737	0.511744353778	6	839	0	
135	0	27	step_1_no_load	1	2	1	821	
135	0	27	step_2_no_load	3	4	0.642144756622	0.54756089792	3	488	0	
135	0	28	step_1_no_load	1	2	1	1351	
135	0	28	step_2_no_load	3	4	0.647441527317	0.553259388875	4	647	1	
135	0	29	step_1_no_load	1	2	1	436	
135	0	29	step_2_no_load	3	4	0.618626354124	0.561957580386	3	518	1	
135	0	30	step_1_no_load	1	2	2	866	
135	0	30	step_2_no_load	5	6	0.608245979832	0.4919199548	5	416	1	
135	0	31	step_1_no_load	1	2	1	626	
135	0	31	step_2_no_load	5	6	0.636602545794	0.483156722265	5	487	1	
135	0	32	step_1_no_load	1	2	1	681	
135	0	32	step_2_no_load	3	4	0.605616211083	0.522993086096	3	803	0	
135	0	33	step_1_no_load	1	2	1	1407	
135	0	33	step_2_no_load	5	6	0.611700032906	0.487664344039	6	1308	1	
135	0	34	step_1_no_load	1	2	2	1245	
135	0	34	step_2_no_load	5	6	0.575802910074	0.454565258478	5	733	0	
135	0	35	step_1_no_load	1	2	2	1154	
135	0	35	step_2_no_load	5	6	0.566827313385	0.491437207585	6	619	0	
135	0	36	step_1_no_load	1	2	1	818	
135	0	36	step_2_no_load	3	4	0.661229326326	0.611274573488	3	703	1	
135	0	37	step_1_no_load	1	2	1	569	
135	0	37	step_2_no_load	3	4	0.660658056664	0.598446394142	3	748	0	
135	0	38	step_1_no_load	1	2	1	1222	
135	0	38	step_2_no_load	3	4	0.651263699161	0.595113730206	4	571	1	
135	0	39	step_1_no_load	1	2	2	680	
135	0	39	step_2_no_load	5	6	0.557005857101	0.578640235206	6	1035	1	
135	0	40	step_1_no_load	1	2	1	703	
135	0	40	step_2_no_load	3	4	0.636994900683	0.607992802154	3	729	0	
135	0	41	step_1_no_load	1	2	-1	-1	
135	0	42	step_1_no_load	1	2	2	269	
135	0	42	step_2_no_load	5	6	0.533857158543	0.553461946234	5	429	1	
135	0	43	step_1_no_load	1	2	2	611	
135	0	43	step_2_no_load	5	6	0.553703096215	0.548128010644	6	551	0	
135	0	44	step_1_no_load	1	2	1	491	
135	0	44	step_2_no_load	5	6	0.541854396676	0.537842745081	5	1010	0	
135	0	45	step_1_no_load	1	2	1	585	
135	0	45	step_2_no_load	5	6	0.579346234508	0.5288039409	6	641	0	
135	0	46	step_1_no_load	1	2	1	731	
135	0	46	step_2_no_load	3	4	0.654261318712	0.600964500555	3	1200	1	
135	0	47	step_1_no_load	1	2	2	610	
135	0	47	step_2_no_load	5	6	0.546259467838	0.493112702321	6	575	0	
135	0	48	step_1_no_load	1	2	1	533	
135	0	48	step_2_no_load	3	4	0.657624935632	0.615767119776	3	886	1	
135	0	49	step_1_no_load	1	2	1	1051	
135	0	49	step_2_no_load	5	6	0.512405963374	0.489287375157	6	1034	0	
135	0	50	step_1_no_load	1	2	2	887	
135	0	50	step_2_no_load	3	4	0.593458480934	0.606862017918	3	460	1	
135	0	51	step_1_no_load	1	2	1	732	
135	0	51	step_2_no_load	5	6	0.508197321577	0.469943944943	6	1119	0	
135	0	52	step_1_no_load	1	2	1	667	
135	0	52	step_2_no_load	3	4	0.613408921915	0.539065404057	3	643	1	
135	0	53	step_1_no_load	1	2	2	598	
135	0	53	step_2_no_load	5	6	0.475342927439	0.451905460347	5	972	0	
135	0	54	step_1_no_load	1	2	1	384	
135	0	54	step_2_no_load	3	4	0.652515308527	0.570223904064	3	1267	1	
135	0	55	step_1_no_load	1	2	1	417	
135	0	55	step_2_no_load	3	4	0.639840796975	0.574045915747	3	454	1	
135	0	56	step_1_no_load	1	2	1	792	
135	0	56	step_2_no_load	5	6	0.538512915562	0.459773408493	5	1023	0	
135	0	57	step_1_no_load	1	2	2	1144	
135	0	57	step_2_no_load	5	6	0.516475618243	0.466449077359	5	679	0	
135	0	58	step_1_no_load	1	2	2	823	
135	0	58	step_2_no_load	5	6	0.528376440027	0.478335218822	6	594	0	
135	0	59	step_1_no_load	1	2	1	775	
135	0	59	step_2_no_load	5	6	0.537400760025	0.480274332693	5	678	1	
135	0	60	step_1_no_load	1	2	1	857	
135	0	60	step_2_no_load	5	6	0.479287247283	0.491916707098	6	360	0	
135	0	61	step_1_no_load	1	2	2	405	
135	0	61	step_2_no_load	5	6	0.527144452559	0.464268875813	5	277	1	
135	0	62	step_1_no_load	1	2	1	577	
135	0	62	step_2_no_load	3	4	0.622820395113	0.691137204746	3	611	1	
135	0	63	step_1_no_load	1	2	2	676	
135	0	63	step_2_no_load	5	6	0.519445130796	0.53192660365	5	1230	0	
135	0	64	step_1_no_load	1	2	1	395	
135	0	64	step_2_no_load	3	4	0.626149195169	0.642369708469	3	538	0	
135	0	65	step_1_no_load	1	2	1	712	
135	0	65	step_2_no_load	5	6	0.517687993213	0.569109504048	6	764	0	
135	0	66	step_1_no_load	1	2	2	1093	
135	0	66	step_2_no_load	3	4	0.630357351236	0.606938648072	4	591	1	
135	0	67	step_1_no_load	1	2	1	520	
135	0	67	step_2_no_load	3	4	0.674463681351	0.597650193897	3	759	0	
135	0	68	step_1_no_load	1	2	1	517	
135	0	68	step_2_no_load	5	6	0.523301545299	0.509127161919	6	849	0	
135	0	69	step_1_no_load	1	2	1	819	
135	0	69	step_2_no_load	3	4	0.718756538957	0.622221685203	3	575	1	
135	0	70	step_1_no_load	1	2	2	804	
135	0	70	step_2_no_load	3	4	0.697741832068	0.637556284465	3	341	0	
135	0	71	step_1_no_load	1	2	2	556	
135	0	71	step_2_no_load	3	4	0.706816191949	0.639174917797	4	599	1	
135	0	72	step_1_no_load	1	2	1	1057	
135	0	72	step_2_no_load	3	4	0.705884789502	0.626024641967	-1	-1	-1	
135	0	73	step_1_no_load	1	2	1	586	
135	0	73	step_2_no_load	5	6	0.50185699984	0.435957313805	6	471	0	
135	0	74	step_1_no_load	1	2	1	623	
135	0	74	step_2_no_load	3	4	0.693624670847	0.614462146454	3	650	1	
135	0	75	step_1_no_load	1	2	2	1128	
135	0	75	step_2_no_load	5	6	0.483983914712	0.44832280175	5	844	0	
135	0	76	step_1_no_load	1	2	1	658	
135	0	76	step_2_no_load	5	6	0.518881389358	0.488583631821	5	886	0	
135	0	77	step_1_no_load	1	2	1	926	
135	0	77	step_2_no_load	3	4	0.679737625371	0.564257587118	4	1019	0	
135	0	78	step_1_no_load	1	2	1	1246	
135	0	78	step_2_no_load	3	4	0.647586191228	0.536711448352	3	792	1	
135	0	79	step_1_no_load	1	2	2	723	
135	0	79	step_2_no_load	3	4	0.647841624544	0.513695512795	4	907	0	
135	0	80	step_1_no_load	1	2	1	1441	
135	0	80	step_2_no_load	3	4	0.703969305517	0.518583383166	3	710	1	
135	0	81	step_1_no_load	1	2	2	374	
135	0	81	step_2_no_load	5	6	0.494116554432	0.419265522488	6	327	1	
135	0	82	step_1_no_load	1	2	2	1314	
135	0	82	step_2_no_load	5	6	0.482727017837	0.395813831323	5	506	0	
135	0	83	step_1_no_load	1	2	1	545	
135	0	83	step_2_no_load	3	4	0.726885136842	0.607907985871	4	483	1	
135	0	84	step_1_no_load	1	2	1	511	
135	0	84	step_2_no_load	3	4	0.731466635793	0.65843840156	3	803	1	
135	0	85	step_1_no_load	1	2	1	641	
135	0	85	step_2_no_load	3	4	0.712989604416	0.692384972752	3	778	0	
135	0	86	step_1_no_load	1	2	2	840	
135	0	86	step_2_no_load	5	6	0.486462788728	0.345323068124	6	711	0	
135	0	87	step_1_no_load	1	2	1	760	
135	0	87	step_2_no_load	5	6	0.493867001103	0.40000499778	6	988	1	
135	0	88	step_1_no_load	1	2	1	773	
135	0	88	step_2_no_load	3	4	0.696773608304	0.717410082358	4	896	1	
135	0	89	step_1_no_load	1	2	2	614	
135	0	89	step_2_no_load	5	6	0.490019385174	0.415882489686	6	966	0	
135	0	90	step_1_no_load	1	2	1	765	
135	0	90	step_2_no_load	5	6	0.530126112124	0.411459496853	6	769	0	
135	0	91	step_1_no_load	1	2	1	462	
135	0	91	step_2_no_load	3	4	0.657820521772	0.685023809334	3	395	1	
135	0	92	step_1_no_load	1	2	1	670	
135	0	92	step_2_no_load	5	6	0.484260039873	0.444368850664	6	858	1	
135	0	93	step_1_no_load	1	2	2	702	
135	0	93	step_2_no_load	3	4	0.662863370634	0.70415710998	3	707	1	
135	0	94	step_1_no_load	1	2	1	532	
135	0	94	step_2_no_load	3	4	0.668295023896	0.719464414227	3	985	1	
135	0	95	step_1_no_load	1	2	1	506	
135	0	95	step_2_no_load	5	6	0.42505578884	0.427150666411	6	1001	0	
135	0	96	step_1_no_load	1	2	1	675	
135	0	96	step_2_no_load	3	4	0.663095813561	0.693739812506	3	782	1	
135	0	97	step_1_no_load	1	2	2	480	
135	0	97	step_2_no_load	5	6	0.455601814112	0.392885664353	6	1254	1	
135	0	98	step_1_no_load	1	2	1	852	
135	0	98	step_2_no_load	3	4	0.646040060297	0.70287861952	3	658	1	
135	0	99	step_1_no_load	1	2	2	659	
135	0	99	step_2_no_load	3	4	0.645191748454	0.673709850038	4	941	1	
135	0	100	step_1_no_load	1	2	1	501	
135	0	100	step_2_no_load	3	4	0.66579920021	0.666227451505	4	844	1	
135	0	101	step_1_no_load	1	2	2	747	
135	0	101	step_2_no_load	5	6	0.366879421891	0.497432607584	5	540	0	
135	0	102	step_1_no_load	1	2	1	591	
135	0	102	step_2_no_load	5	6	0.326080462175	0.494584754513	5	562	0	
135	0	103	step_1_no_load	1	2	2	606	
135	0	103	step_2_no_load	5	6	0.322834495838	0.481975449893	5	385	1	
135	0	104	step_1_no_load	1	2	2	540	
135	0	104	step_2_no_load	3	4	0.743372642809	0.703870701136	3	827	1	
135	0	105	step_1_no_load	1	2	1	455	
135	0	105	step_2_no_load	3	4	0.722851301692	0.689135357059	3	776	1	
135	0	106	step_1_no_load	1	2	1	708	
135	0	106	step_2_no_load	5	6	0.374131494222	0.508908032404	5	1488	1	
135	0	107	step_1_no_load	1	2	2	462	
135	0	107	step_2_no_load	3	4	0.677514185929	0.692607431435	3	699	0	
135	0	108	step_1_no_load	1	2	2	648	
135	0	108	step_2_no_load	5	6	0.388185708856	0.526955028982	6	897	0	
135	0	109	step_1_no_load	1	2	1	538	
135	0	109	step_2_no_load	3	4	0.68658494263	0.71632547018	3	691	1	
135	0	110	step_1_no_load	1	2	1	547	
135	0	110	step_2_no_load	3	4	0.65455226558	0.729599891941	3	420	1	
135	0	111	step_1_no_load	1	2	1	463	
135	0	111	step_2_no_load	3	4	0.634599547742	0.724852671171	3	641	1	
135	0	112	step_1_no_load	1	2	1	994	
135	0	112	step_2_no_load	5	6	0.413393106784	0.392887565883	5	415	0	
135	0	113	step_1_no_load	1	2	1	336	
135	0	113	step_2_no_load	3	4	0.634627459817	0.719324307956	3	693	0	
135	0	114	step_1_no_load	1	2	2	538	
135	0	114	step_2_no_load	3	4	0.657654904272	0.718213323791	3	519	0	
135	0	115	step_1_no_load	1	2	2	654	
135	0	115	step_2_no_load	5	6	0.357661171116	0.390027643099	5	1220	0	
135	0	116	step_1_no_load	1	2	1	931	
135	0	116	step_2_no_load	3	4	0.680124293449	0.706736514943	3	1078	1	
135	0	117	step_1_no_load	1	2	1	658	
135	0	117	step_2_no_load	3	4	0.671842537277	0.747012267642	3	899	1	
135	0	118	step_1_no_load	1	2	1	462	
135	0	118	step_2_no_load	3	4	0.690484235012	0.740051715856	4	551	0	
135	0	119	step_1_no_load	1	2	1	555	
135	0	119	step_2_no_load	5	6	0.358243439099	0.357515098446	6	1183	0	
135	0	120	step_1_no_load	1	2	2	1272	
135	0	120	step_2_no_load	5	6	0.333809617664	0.370150243662	5	1113	0	
135	0	121	step_1_no_load	1	2	2	729	
135	0	121	step_2_no_load	3	4	0.671052306195	0.658856304095	4	1387	1	
135	0	122	step_1_no_load	1	2	1	842	
135	0	122	step_2_no_load	3	4	0.672193618854	0.6136886145	3	891	1	
135	0	123	step_1_no_load	1	2	2	720	
135	0	123	step_2_no_load	5	6	0.269780614928	0.337526896345	5	791	0	
135	0	124	step_1_no_load	1	2	1	717	
135	0	124	step_2_no_load	5	6	0.26095206597	0.309430836661	5	536	1	
135	0	125	step_1_no_load	1	2	1	806	
135	0	125	step_2_no_load	3	4	0.633566302563	0.559596800931	4	912	1	
135	0	126	step_1_no_load	1	2	2	344	
135	0	126	step_2_no_load	5	6	0.267206368684	0.300846667696	6	837	1	
135	0	127	step_1_no_load	1	2	1	341	
135	0	127	step_2_no_load	5	6	0.273483952592	0.274944938508	6	949	0	
135	0	128	step_1_no_load	1	2	2	305	
135	0	128	step_2_no_load	3	4	0.620672334996	0.636905534066	3	856	1	
135	0	129	step_1_no_load	1	2	1	673	
135	0	129	step_2_no_load	5	6	0.268213321963	0.271709703542	6	750	0	
135	0	130	step_1_no_load	1	2	1	576	
135	0	130	step_2_no_load	3	4	0.630285316669	0.682031489739	3	916	1	
135	0	131	step_1_no_load	1	2	2	577	
135	0	131	step_2_no_load	3	4	0.638450601212	0.678044920845	3	678	1	
135	0	132	step_1_no_load	1	2	1	585	
135	0	132	step_2_no_load	3	4	0.660013924697	0.668578020634	3	589	1	
135	0	133	step_1_no_load	1	2	2	384	
135	0	133	step_2_no_load	3	4	0.691649444281	0.617383991623	3	1051	1	
135	0	134	step_1_no_load	1	2	1	363	
135	0	134	step_2_no_load	5	6	0.287393715313	0.302839427162	6	671	0	
135	0	135	step_1_no_load	1	2	1	844	
135	0	135	step_2_no_load	3	4	0.700779221781	0.593710006149	3	918	1	
135	0	136	step_1_no_load	1	2	2	725	
135	0	136	step_2_no_load	5	6	0.307766925452	0.284521085726	5	669	1	
135	0	137	step_1_no_load	1	2	2	591	
135	0	137	step_2_no_load	5	6	0.346433498467	0.325016613024	6	636	0	
135	0	138	step_1_no_load	1	2	1	263	
135	0	138	step_2_no_load	3	4	0.688182193337	0.63240964674	3	672	1	
135	0	139	step_1_no_load	1	2	1	673	
135	0	139	step_2_no_load	5	6	0.325611400511	0.323660750961	6	1134	0	
135	0	140	step_1_no_load	1	2	1	270	
135	0	140	step_2_no_load	3	4	0.637682840728	0.671213945178	3	485	0	
135	0	141	step_1_no_load	1	2	1	314	
135	0	141	step_2_no_load	3	4	0.616803346728	0.711987889705	3	831	1	
135	0	142	step_1_no_load	1	2	1	299	
135	0	142	step_2_no_load	5	6	0.397052682821	0.304203281606	5	550	0	
135	0	143	step_1_no_load	1	2	1	561	
135	0	143	step_2_no_load	3	4	0.610219102298	0.661365099615	3	840	0	
135	0	144	step_1_no_load	1	2	2	714	
135	0	144	step_2_no_load	5	6	0.389234194056	0.275932517017	5	1281	0	
135	0	145	step_1_no_load	1	2	2	516	
135	0	145	step_2_no_load	5	6	0.355256413269	0.266265924094	6	849	0	
135	0	146	step_1_no_load	1	2	1	703	
135	0	146	step_2_no_load	3	4	0.593778463268	0.681611991725	4	800	1	
135	0	147	step_1_no_load	1	2	1	583	
135	0	147	step_2_no_load	3	4	0.594861186319	0.647798886916	4	685	1	
135	0	148	step_1_no_load	1	2	1	401	
135	0	148	step_2_no_load	3	4	0.648050021239	0.619272702026	3	869	0	
135	0	149	step_1_no_load	1	2	1	515	
135	0	149	step_2_no_load	5	6	0.300290206122	0.269951834184	6	1159	0	
135	0	150	step_1_no_load	1	2	2	808	
135	0	150	step_2_no_load	5	6	0.306860041627	0.305587692243	5	623	1	
135	0	151	step_1_no_load	1	2	1	572	
135	0	151	step_2_no_load	3	4	0.614159737668	0.59154759351	3	976	0	
135	0	152	step_1_no_load	1	2	1	949	
135	0	152	step_2_no_load	3	4	0.644204174791	0.595108765344	4	742	1	
135	0	153	step_1_no_load	1	2	1	253	
135	0	153	step_2_no_load	3	4	0.681559292085	0.613336203392	4	505	0	
135	0	154	step_1_no_load	1	2	1	248	
135	0	154	step_2_no_load	3	4	0.671672162443	0.638934099562	3	454	1	
135	0	155	step_1_no_load	1	2	1	740	
135	0	155	step_2_no_load	3	4	0.716100930629	0.632486591889	4	1028	1	
135	0	156	step_1_no_load	1	2	1	287	
135	0	156	step_2_no_load	3	4	0.734436160799	0.631048201903	4	520	1	
135	0	157	step_1_no_load	1	2	1	250	
135	0	157	step_2_no_load	5	6	0.324728201487	0.350909357271	5	994	1	
135	0	158	step_1_no_load	1	2	1	389	
135	0	158	step_2_no_load	3	4	0.694270715354	0.532722108502	4	826	0	
135	0	159	step_1_no_load	1	2	1	198	
135	0	159	step_2_no_load	5	6	0.321150411254	0.413026375257	6	526	1	
135	0	160	step_1_no_load	1	2	2	710	
135	0	160	step_2_no_load	5	6	0.355992626298	0.415052912783	5	783	0	
135	0	161	step_1_no_load	1	2	-1	-1	
135	0	162	step_1_no_load	1	2	1	0	
135	0	162	step_2_no_load	3	4	0.695144769903	0.566496468084	3	564	1	
135	0	163	step_1_no_load	1	2	1	430	
135	0	163	step_2_no_load	5	6	0.430920885959	0.395221309311	5	803	0	
135	0	164	step_1_no_load	1	2	1	393	
135	0	164	step_2_no_load	3	4	0.692137394606	0.585961845322	3	796	1	
135	0	165	step_1_no_load	1	2	1	257	
135	0	165	step_2_no_load	3	4	0.717506143195	0.538026607649	4	767	1	
135	0	166	step_1_no_load	1	2	2	402	
135	0	166	step_2_no_load	5	6	0.356317216644	0.422282731054	5	872	0	
135	0	167	step_1_no_load	1	2	2	590	
135	0	167	step_2_no_load	5	6	0.331115714939	0.38753671275	6	654	1	
135	0	168	step_1_no_load	1	2	2	275	
135	0	168	step_2_no_load	3	4	0.67192508984	0.613361520676	3	849	0	
135	0	169	step_1_no_load	1	2	2	432	
135	0	169	step_2_no_load	3	4	0.704981910944	0.586049140041	4	863	0	
135	0	170	step_1_no_load	1	2	2	660	
135	0	170	step_2_no_load	5	6	0.364989630435	0.411067820436	5	552	0	
135	0	171	step_1_no_load	1	2	2	481	
135	0	171	step_2_no_load	5	6	0.425122034074	0.386979310814	5	882	0	
135	0	172	step_1_no_load	1	2	2	735	
135	0	172	step_2_no_load	3	4	0.668669556875	0.519090471457	4	1194	1	
135	0	173	step_1_no_load	1	2	2	441	
135	0	173	step_2_no_load	5	6	0.462866379815	0.385349297983	6	863	0	
135	0	174	step_1_no_load	1	2	1	362	
135	0	174	step_2_no_load	3	4	0.729877433725	0.472729524832	3	749	0	
135	0	175	step_1_no_load	1	2	1	268	
135	0	175	step_2_no_load	3	4	0.693968268443	0.52644949356	4	463	1	
135	0	176	step_1_no_load	1	2	1	257	
135	0	176	step_2_no_load	3	4	0.679250000396	0.474046874473	4	441	0	
135	0	177	step_1_no_load	1	2	1	753	
135	0	177	step_2_no_load	3	4	0.714070205704	0.501268576771	3	711	1	
135	0	178	step_1_no_load	1	2	1	664	
135	0	178	step_2_no_load	3	4	0.705993797498	0.493712351915	3	976	1	
135	0	179	step_1_no_load	1	2	1	455	
135	0	179	step_2_no_load	5	6	0.493565996034	0.324685418097	5	506	1	
135	0	180	step_1_no_load	1	2	1	291	
135	0	180	step_2_no_load	3	4	0.719795072986	0.482853857291	4	340	0	
135	0	181	step_1_no_load	1	2	2	556	
135	0	181	step_2_no_load	5	6	0.480141179559	0.342402764747	5	494	0	
135	0	182	step_1_no_load	1	2	1	431	
135	0	182	step_2_no_load	3	4	0.72717560423	0.506773281362	3	736	0	
135	0	183	step_1_no_load	1	2	1	747	
135	0	183	step_2_no_load	5	6	0.492742497507	0.350175837802	6	722	0	
135	0	184	step_1_no_load	1	2	1	717	
135	0	184	step_2_no_load	3	4	0.657291439324	0.460890977786	3	888	1	
135	0	185	step_1_no_load	1	2	1	436	
135	0	185	step_2_no_load	5	6	0.482228039858	0.362611152222	5	838	0	
135	0	186	step_1_no_load	1	2	2	695	
135	0	186	step_2_no_load	5	6	0.484672582719	0.332733011923	5	583	1	
135	0	187	step_1_no_load	1	2	1	702	
135	0	187	step_2_no_load	3	4	0.678211978625	0.443962917772	3	640	0	
135	0	188	step_1_no_load	1	2	1	729	
135	0	188	step_2_no_load	3	4	0.696362660087	0.471319680586	4	1182	0	
135	0	189	step_1_no_load	1	2	2	610	
135	0	189	step_2_no_load	5	6	0.534753756004	0.285168135955	6	811	0	
135	0	190	step_1_no_load	1	2	2	1137	
135	0	190	step_2_no_load	5	6	0.505820429042	0.304557739386	5	784	1	
135	0	191	step_1_no_load	1	2	1	708	
135	0	191	step_2_no_load	5	6	0.512103523931	0.318839908867	5	706	1	
135	0	192	step_1_no_load	1	2	1	375	
135	0	192	step_2_no_load	5	6	0.493851022417	0.299297135717	5	437	0	
135	0	193	step_1_no_load	1	2	1	387	
135	0	193	step_2_no_load	3	4	0.679792491164	0.440813209638	4	469	0	
135	0	194	step_1_no_load	1	2	2	646	
135	0	194	step_2_no_load	5	6	0.505359594715	0.342437174514	5	773	1	
135	0	195	step_1_no_load	1	2	2	493	
135	0	195	step_2_no_load	5	6	0.494102184238	0.348571348505	5	580	1	
135	0	196	step_1_no_load	1	2	2	304	
135	0	196	step_2_no_load	5	6	0.496717662777	0.365373286058	5	698	0	
135	0	197	step_1_no_load	1	2	2	246	
135	0	197	step_2_no_load	3	4	0.686552522522	0.422511153127	4	1015	1	
135	0	198	step_1_no_load	1	2	2	447	
135	0	198	step_2_no_load	5	6	0.485065498391	0.303352625941	6	959	1	
135	0	199	step_1_no_load	1	2	1	318	
135	0	199	step_2_no_load	5	6	0.529438031858	0.292861528884	6	911	1	
135	0	200	step_1_no_load	1	2	1	653	
135	0	200	step_2_no_load	3	4	0.728996708473	0.372436949782	3	427	1	

Thu Apr 12 15:06:25 2018
