Fri Apr 13 14:51:35 2018	
137	0	1	step_1_no_load	1	2	1	717	
137	0	1	step_2_no_load	3	4	0.511789129507	0.457620150462	3	591	0	
137	0	2	step_1_no_load	1	2	1	309	
137	0	2	step_2_no_load	3	4	0.533203491871	0.474613197709	3	377	1	
137	0	3	step_1_no_load	1	2	1	587	
137	0	3	step_2_no_load	5	6	0.589215227351	0.584197065669	5	481	1	
137	0	4	step_1_no_load	1	2	1	523	
137	0	4	step_2_no_load	3	4	0.494597764192	0.478607661228	4	431	1	
137	0	5	step_1_no_load	1	2	1	577	
137	0	5	step_2_no_load	3	4	0.543908521457	0.495568760483	4	529	1	
137	0	6	step_1_no_load	1	2	1	316	
137	0	6	step_2_no_load	5	6	0.603642866427	0.585722686883	5	564	1	
137	0	7	step_1_no_load	1	2	1	441	
137	0	7	step_2_no_load	3	4	0.506408070053	0.500071913476	3	828	0	
137	0	8	step_1_no_load	1	2	1	312	
137	0	8	step_2_no_load	5	6	0.624210374623	0.59128639594	6	407	0	
137	0	9	step_1_no_load	1	2	1	328	
137	0	9	step_2_no_load	5	6	0.641106877158	0.598049061473	6	1138	0	
137	0	10	step_1_no_load	1	2	1	311	
137	0	10	step_2_no_load	5	6	0.636063269715	0.652626043146	6	545	0	
137	0	11	step_1_no_load	1	2	1	318	
137	0	11	step_2_no_load	3	4	0.59022801242	0.477013315682	3	1197	1	
137	0	12	step_1_no_load	1	2	1	323	
137	0	12	step_2_no_load	3	4	0.597131918027	0.48457206759	3	569	1	
137	0	13	step_1_no_load	1	2	1	485	
137	0	13	step_2_no_load	5	6	0.558313135925	0.653587098421	5	523	0	
137	0	14	step_1_no_load	1	2	1	883	
137	0	14	step_2_no_load	3	4	0.611256675753	0.491234392147	4	551	0	
137	0	15	step_1_no_load	1	2	1	360	
137	0	15	step_2_no_load	3	4	0.633564630036	0.505377237737	3	673	1	
137	0	16	step_1_no_load	1	2	1	395	
137	0	16	step_2_no_load	5	6	0.553308964466	0.628091198119	5	502	0	
137	0	17	step_1_no_load	1	2	1	653	
137	0	17	step_2_no_load	5	6	0.562895132605	0.633350170016	6	398	1	
137	0	18	step_1_no_load	1	2	1	812	
137	0	18	step_2_no_load	3	4	0.626895526976	0.517514133912	3	690	0	
137	0	19	step_1_no_load	1	2	1	412	
137	0	19	step_2_no_load	5	6	0.536502319591	0.619895761657	6	499	0	
137	0	20	step_1_no_load	1	2	1	407	
137	0	20	step_2_no_load	3	4	0.60665343963	0.478025448397	4	754	0	
137	0	21	step_1_no_load	1	2	1	335	
137	0	21	step_2_no_load	3	4	0.611328949295	0.49769376036	4	453	1	
137	0	22	step_1_no_load	1	2	1	449	
137	0	22	step_2_no_load	3	4	0.618527126547	0.506100011497	4	620	1	
137	0	23	step_1_no_load	1	2	1	410	
137	0	23	step_2_no_load	5	6	0.513759772011	0.640163623731	5	359	1	
137	0	24	step_1_no_load	1	2	1	384	
137	0	24	step_2_no_load	3	4	0.5800912085	0.505388876622	4	359	0	
137	0	25	step_1_no_load	1	2	1	826	
137	0	25	step_2_no_load	5	6	0.503605105412	0.565698722896	6	810	0	
137	0	26	step_1_no_load	1	2	1	503	
137	0	26	step_2_no_load	3	4	0.640635035276	0.511744353778	3	275	1	
137	0	27	step_1_no_load	1	2	1	4	
137	0	27	step_2_no_load	5	6	0.54756089792	0.57860777711	5	490	1	
137	0	28	step_1_no_load	1	2	1	332	
137	0	28	step_2_no_load	3	4	0.647441527317	0.520177259699	3	1473	0	
137	0	29	step_1_no_load	1	2	1	371	
137	0	29	step_2_no_load	5	6	0.561957580386	0.606613029227	6	352	0	
137	0	30	step_1_no_load	1	2	1	407	
137	0	30	step_2_no_load	3	4	0.610227092493	0.4919199548	3	479	0	
137	0	31	step_1_no_load	1	2	1	246	
137	0	31	step_2_no_load	3	4	0.606122691795	0.483156722265	4	466	1	
137	0	32	step_1_no_load	1	2	1	477	
137	0	32	step_2_no_load	3	4	0.605616211083	0.520318771114	4	750	0	
137	0	33	step_1_no_load	1	2	1	551	
137	0	33	step_2_no_load	3	4	0.618000238621	0.487664344039	3	460	1	
137	0	34	step_1_no_load	1	2	1	305	
137	0	34	step_2_no_load	3	4	0.670290552209	0.454565258478	4	476	1	
137	0	35	step_1_no_load	1	2	1	340	
137	0	35	step_2_no_load	3	4	0.649776015006	0.491437207585	4	463	1	
137	0	36	step_1_no_load	1	2	1	431	
137	0	36	step_2_no_load	3	4	0.661229326326	0.513210053121	4	728	1	
137	0	37	step_1_no_load	1	2	1	367	
137	0	37	step_2_no_load	3	4	0.660658056664	0.543074626387	4	322	1	
137	0	38	step_1_no_load	1	2	1	324	
137	0	38	step_2_no_load	3	4	0.651263699161	0.553931241266	4	340	0	
137	0	39	step_1_no_load	1	2	1	879	
137	0	39	step_2_no_load	5	6	0.610601635554	0.557005857101	5	624	1	
137	0	40	step_1_no_load	1	2	1	362	
137	0	40	step_2_no_load	5	6	0.607992802154	0.580760785074	5	861	1	
137	0	41	step_1_no_load	1	2	1	517	
137	0	41	step_2_no_load	3	4	0.633285941184	0.583829055298	4	594	1	
137	0	42	step_1_no_load	1	2	1	308	
137	0	42	step_2_no_load	3	4	0.606696263624	0.553461946234	4	573	0	
137	0	43	step_1_no_load	1	2	1	376	
137	0	43	step_2_no_load	3	4	0.581931546759	0.548128010644	3	226	0	
137	0	44	step_1_no_load	1	2	1	269	
137	0	44	step_2_no_load	5	6	0.611481438855	0.541854396676	5	327	1	
137	0	45	step_1_no_load	1	2	1	359	
137	0	45	step_2_no_load	5	6	0.632991467829	0.579346234508	5	399	1	
137	0	46	step_1_no_load	1	2	1	393	
137	0	46	step_2_no_load	5	6	0.600964500555	0.55511883717	5	562	1	
137	0	47	step_1_no_load	1	2	1	270	
137	0	47	step_2_no_load	5	6	0.598724660986	0.546259467838	5	393	1	
137	0	48	step_1_no_load	1	2	1	356	
137	0	48	step_2_no_load	5	6	0.615767119776	0.534690828011	6	391	0	
137	0	49	step_1_no_load	1	2	1	582	
137	0	49	step_2_no_load	3	4	0.614679490594	0.489287375157	3	765	0	
137	0	50	step_1_no_load	1	2	1	230	
137	0	50	step_2_no_load	5	6	0.606862017918	0.481616544184	5	546	1	
137	0	51	step_1_no_load	1	2	1	370	
137	0	51	step_2_no_load	5	6	0.564866799699	0.508197321577	5	320	1	
137	0	52	step_1_no_load	1	2	1	482	
137	0	52	step_2_no_load	3	4	0.613408921915	0.429622901875	3	364	1	
137	0	53	step_1_no_load	1	2	1	590	
137	0	53	step_2_no_load	5	6	0.551457882502	0.475342927439	5	903	1	
137	0	54	step_1_no_load	1	2	1	413	
137	0	54	step_2_no_load	3	4	0.652515308527	0.491512498697	3	528	1	
137	0	55	step_1_no_load	1	2	1	301	
137	0	55	step_2_no_load	5	6	0.574045915747	0.526704292526	5	445	1	
137	0	56	step_1_no_load	1	2	1	821	
137	0	56	step_2_no_load	3	4	0.60038825769	0.459773408493	3	581	0	
137	0	57	step_1_no_load	1	2	1	116	
137	0	57	step_2_no_load	3	4	0.586335094239	0.466449077359	3	836	1	
137	0	58	step_1_no_load	1	2	1	423	
137	0	58	step_2_no_load	3	4	0.610896130115	0.478335218822	3	687	1	
137	0	59	step_1_no_load	1	2	1	720	
137	0	59	step_2_no_load	3	4	0.608951267756	0.480274332693	3	420	1	
137	0	60	step_1_no_load	1	2	1	502	
137	0	60	step_2_no_load	3	4	0.599559577859	0.491916707098	3	392	1	
137	0	61	step_1_no_load	1	2	1	0	
137	0	61	step_2_no_load	3	4	0.602879526975	0.464268875813	3	659	1	
137	0	62	step_1_no_load	1	2	1	294	
137	0	62	step_2_no_load	3	4	0.622820395113	0.50724109756	4	322	0	
137	0	63	step_1_no_load	1	2	1	308	
137	0	63	step_2_no_load	5	6	0.664284493458	0.519445130796	5	339	1	
137	0	64	step_1_no_load	1	2	1	331	
137	0	64	step_2_no_load	3	4	0.626149195169	0.555062911513	4	671	1	
137	0	65	step_1_no_load	1	2	1	362	
137	0	65	step_2_no_load	3	4	0.619953360065	0.569109504048	3	440	0	
137	0	66	step_1_no_load	1	2	1	277	
137	0	66	step_2_no_load	3	4	0.630357351236	0.573761869714	3	319	0	
137	0	67	step_1_no_load	1	2	1	319	
137	0	67	step_2_no_load	5	6	0.597650193897	0.538279387614	5	761	0	
137	0	68	step_1_no_load	1	2	2	782	
137	0	68	step_2_no_load	5	6	0.622963076372	0.523301545299	6	679	1	
137	0	69	step_1_no_load	1	2	2	257	
137	0	69	step_2_no_load	5	6	0.622221685203	0.560462111264	6	400	1	
137	0	70	step_1_no_load	1	2	1	266	
137	0	70	step_2_no_load	3	4	0.697741832068	0.498834901463	3	479	1	
137	0	71	step_1_no_load	1	2	1	244	
137	0	71	step_2_no_load	3	4	0.706816191949	0.482863323776	3	976	1	
137	0	72	step_1_no_load	1	2	1	204	
137	0	72	step_2_no_load	3	4	0.705884789502	0.47409116389	3	605	1	
137	0	73	step_1_no_load	1	2	2	281	
137	0	73	step_2_no_load	5	6	0.657126403029	0.50185699984	6	1292	1	
137	0	74	step_1_no_load	1	2	1	231	
137	0	74	step_2_no_load	3	4	0.693624670847	0.453420386428	3	448	0	
137	0	75	step_1_no_load	1	2	2	265	
137	0	75	step_2_no_load	5	6	0.615552849174	0.483983914712	5	672	0	
137	0	76	step_1_no_load	1	2	1	417	
137	0	76	step_2_no_load	3	4	0.690117652944	0.488583631821	3	319	0	
137	0	77	step_1_no_load	1	2	1	11	
137	0	77	step_2_no_load	3	4	0.679737625371	0.446809557226	3	324	0	
137	0	78	step_1_no_load	1	2	1	386	
137	0	78	step_2_no_load	3	4	0.647586191228	0.435911167612	3	394	1	
137	0	79	step_1_no_load	1	2	1	275	
137	0	79	step_2_no_load	3	4	0.647841624544	0.389124152368	3	411	0	
137	0	80	step_1_no_load	1	2	1	441	
137	0	80	step_2_no_load	3	4	0.703969305517	0.396016175285	4	527	0	
137	0	81	step_1_no_load	1	2	1	507	
137	0	81	step_2_no_load	3	4	0.702400933084	0.419265522488	3	298	1	
137	0	82	step_1_no_load	1	2	2	724	
137	0	82	step_2_no_load	5	6	0.564729328387	0.482727017837	6	399	0	
137	0	83	step_1_no_load	1	2	2	311	
137	0	83	step_2_no_load	5	6	0.607907985871	0.483255412498	5	286	1	
137	0	84	step_1_no_load	1	2	2	872	
137	0	84	step_2_no_load	5	6	0.65843840156	0.505586222209	5	970	1	
137	0	85	step_1_no_load	1	2	2	332	
137	0	85	step_2_no_load	3	4	0.712989604416	0.384458259121	3	307	1	
137	0	86	step_1_no_load	1	2	2	283	
137	0	86	step_2_no_load	5	6	0.691782850001	0.486462788728	5	345	1	
137	0	87	step_1_no_load	1	2	2	412	
137	0	87	step_2_no_load	3	4	0.690012761069	0.40000499778	3	387	0	
137	0	88	step_1_no_load	1	2	2	424	
137	0	88	step_2_no_load	5	6	0.717410082358	0.509563243675	-1	-1	-1	
137	0	89	step_1_no_load	1	2	2	272	
137	0	89	step_2_no_load	3	4	0.660112261017	0.415882489686	3	501	0	
137	0	90	step_1_no_load	1	2	2	301	
137	0	90	step_2_no_load	5	6	0.712247848046	0.530126112124	6	443	1	
137	0	91	step_1_no_load	1	2	1	277	
137	0	91	step_2_no_load	3	4	0.657820521772	0.43534164751	4	396	1	
137	0	92	step_1_no_load	1	2	1	421	
137	0	92	step_2_no_load	3	4	0.679381608313	0.444368850664	4	434	1	
137	0	93	step_1_no_load	1	2	1	336	
137	0	93	step_2_no_load	5	6	0.70415710998	0.473273727684	6	241	1	
137	0	94	step_1_no_load	1	2	1	341	
137	0	94	step_2_no_load	3	4	0.668295023896	0.429211756872	4	272	1	
137	0	95	step_1_no_load	1	2	1	409	
137	0	95	step_2_no_load	3	4	0.640209855442	0.427150666411	4	416	0	
137	0	96	step_1_no_load	1	2	1	334	
137	0	96	step_2_no_load	3	4	0.663095813561	0.383038640121	4	747	1	
137	0	97	step_1_no_load	1	2	1	1159	
137	0	97	step_2_no_load	3	4	0.651202057411	0.392885664353	4	972	0	
137	0	98	step_1_no_load	1	2	1	218	
137	0	98	step_2_no_load	3	4	0.646040060297	0.409778171713	4	324	0	
137	0	99	step_1_no_load	1	2	-1	-1	
137	0	100	step_1_no_load	1	2	-1	-1	
137	0	101	step_1_no_load	1	2	-1	-1	
137	0	102	step_1_no_load	1	2	-1	-1	
137	0	103	step_1_no_load	1	2	-1	-1	
137	0	104	step_1_no_load	1	2	1	470	
137	0	104	step_2_no_load	3	4	0.743372642809	0.521047445908	4	226	1	
137	0	105	step_1_no_load	1	2	1	49	
137	0	105	step_2_no_load	5	6	0.689135357059	0.352639603242	6	371	0	
137	0	106	step_1_no_load	1	2	1	315	
137	0	106	step_2_no_load	5	6	0.712883638252	0.374131494222	6	689	0	
137	0	107	step_1_no_load	1	2	1	294	
137	0	107	step_2_no_load	5	6	0.692607431435	0.388257337796	5	367	1	
137	0	108	step_1_no_load	1	2	1	242	
137	0	108	step_2_no_load	5	6	0.695928523711	0.388185708856	5	370	0	
137	0	109	step_1_no_load	1	2	1	239	
137	0	109	step_2_no_load	3	4	0.68658494263	0.479977531501	4	447	0	
137	0	110	step_1_no_load	1	2	1	43	
137	0	110	step_2_no_load	3	4	0.65455226558	0.432626681236	4	764	0	
137	0	111	step_1_no_load	1	2	1	565	
137	0	111	step_2_no_load	5	6	0.724852671171	0.407158158569	5	1105	0	
137	0	112	step_1_no_load	1	2	1	340	
137	0	112	step_2_no_load	3	4	0.635252945963	0.392887565883	4	316	0	
137	0	113	step_1_no_load	1	2	1	278	
137	0	113	step_2_no_load	3	4	0.634627459817	0.370697120277	4	419	1	
137	0	114	step_1_no_load	1	2	1	333	
137	0	114	step_2_no_load	3	4	0.657654904272	0.380324086676	4	436	1	
137	0	115	step_1_no_load	1	2	1	272	
137	0	115	step_2_no_load	3	4	0.645721217949	0.390027643099	4	333	0	
137	0	116	step_1_no_load	1	2	1	254	
137	0	116	step_2_no_load	3	4	0.680124293449	0.378149844807	3	61	0	
137	0	117	step_1_no_load	1	2	1	306	
137	0	117	step_2_no_load	5	6	0.747012267642	0.363056877927	5	279	1	
137	0	118	step_1_no_load	1	2	1	370	
137	0	118	step_2_no_load	5	6	0.740051715856	0.362977115924	5	356	0	
137	0	119	step_1_no_load	1	2	1	328	
137	0	119	step_2_no_load	5	6	0.690424535099	0.358243439099	6	533	0	
137	0	120	step_1_no_load	1	2	1	291	
137	0	120	step_2_no_load	5	6	0.70587238626	0.333809617664	5	410	1	
137	0	121	step_1_no_load	1	2	1	322	
137	0	121	step_2_no_load	3	4	0.671052306195	0.352721767208	4	421	1	
137	0	122	step_1_no_load	1	2	1	347	
137	0	122	step_2_no_load	3	4	0.672193618854	0.329624572119	3	250	0	
137	0	123	step_1_no_load	1	2	1	464	
137	0	123	step_2_no_load	5	6	0.583607229978	0.269780614928	6	314	1	
137	0	124	step_1_no_load	1	2	1	148	
137	0	124	step_2_no_load	3	4	0.624161788269	0.309430836661	4	364	1	
137	0	125	step_1_no_load	1	2	1	299	
137	0	125	step_2_no_load	5	6	0.559596800931	0.290374841566	5	146	1	
137	0	126	step_1_no_load	1	2	1	0	
137	0	126	step_2_no_load	3	4	0.600985760967	0.300846667696	4	5	0	
137	0	127	step_1_no_load	1	2	1	524	
137	0	127	step_2_no_load	3	4	0.646945556251	0.274944938508	4	1073	0	
137	0	128	step_1_no_load	1	2	2	619	
137	0	128	step_2_no_load	5	6	0.636905534066	0.260252451606	6	511	0	
137	0	129	step_1_no_load	1	2	1	271	
137	0	129	step_2_no_load	3	4	0.632682846317	0.271709703542	3	522	0	
137	0	130	step_1_no_load	1	2	1	419	
137	0	130	step_2_no_load	5	6	0.682031489739	0.267460866951	6	517	0	
137	0	131	step_1_no_load	1	2	1	252	
137	0	131	step_2_no_load	5	6	0.678044920845	0.281500842289	5	258	1	
137	0	132	step_1_no_load	1	2	1	308	
137	0	132	step_2_no_load	3	4	0.660013924697	0.315328810424	3	392	1	
137	0	133	step_1_no_load	1	2	1	296	
137	0	133	step_2_no_load	3	4	0.691649444281	0.312642735495	3	118	1	
137	0	134	step_1_no_load	1	2	1	304	
137	0	134	step_2_no_load	3	4	0.685529359147	0.302839427162	3	501	1	
137	0	135	step_1_no_load	1	2	1	508	
137	0	135	step_2_no_load	5	6	0.593710006149	0.300079459047	6	653	1	
137	0	136	step_1_no_load	1	2	1	375	
137	0	136	step_2_no_load	3	4	0.674914008636	0.284521085726	3	487	1	
137	0	137	step_1_no_load	1	2	1	391	
137	0	137	step_2_no_load	3	4	0.668540846495	0.325016613024	3	335	1	
137	0	138	step_1_no_load	1	2	1	295	
137	0	138	step_2_no_load	3	4	0.688182193337	0.307694123906	3	432	0	
137	0	139	step_1_no_load	1	2	1	359	
137	0	139	step_2_no_load	3	4	0.696355985729	0.323660750961	3	241	0	
137	0	140	step_1_no_load	1	2	1	257	
137	0	140	step_2_no_load	5	6	0.671213945178	0.348740542008	6	370	0	
137	0	141	step_1_no_load	1	2	1	67	
137	0	141	step_2_no_load	3	4	0.616803346728	0.311809871418	3	451	1	
137	0	142	step_1_no_load	1	2	1	585	
137	0	142	step_2_no_load	3	4	0.627356259123	0.304203281606	4	589	0	
137	0	143	step_1_no_load	1	2	1	0	
137	0	143	step_2_no_load	5	6	0.661365099615	0.410970957547	6	702	0	
137	0	144	step_1_no_load	1	2	1	1	
137	0	144	step_2_no_load	3	4	0.639347300184	0.275932517017	3	362	0	
137	0	145	step_1_no_load	1	2	1	0	
137	0	145	step_2_no_load	3	4	0.606515632748	0.266265924094	3	341	1	
137	0	146	step_1_no_load	1	2	1	123	
137	0	146	step_2_no_load	3	4	0.593778463268	0.257861956214	3	380	0	
137	0	147	step_1_no_load	1	2	1	505	
137	0	147	step_2_no_load	3	4	0.594861186319	0.265578160642	4	647	1	
137	0	148	step_1_no_load	1	2	1	458	
137	0	148	step_2_no_load	5	6	0.619272702026	0.311162711725	6	432	0	
137	0	149	step_1_no_load	1	2	1	376	
137	0	149	step_2_no_load	5	6	0.601870110183	0.300290206122	5	333	1	
137	0	150	step_1_no_load	1	2	1	265	
137	0	150	step_2_no_load	3	4	0.605912419156	0.305587692243	3	691	1	
137	0	151	step_1_no_load	1	2	1	293	
137	0	151	step_2_no_load	3	4	0.614159737668	0.348172164421	3	267	0	
137	0	152	step_1_no_load	1	2	1	432	
137	0	152	step_2_no_load	3	4	0.644204174791	0.307702500543	3	171	1	
137	0	153	step_1_no_load	1	2	1	366	
137	0	153	step_2_no_load	3	4	0.681559292085	0.309356532263	3	221	1	
137	0	154	step_1_no_load	1	2	1	336	
137	0	154	step_2_no_load	3	4	0.671672162443	0.316375537537	4	177	0	
137	0	155	step_1_no_load	1	2	1	416	
137	0	155	step_2_no_load	3	4	0.716100930629	0.296093457977	3	244	1	
137	0	156	step_1_no_load	1	2	1	290	
137	0	156	step_2_no_load	5	6	0.631048201903	0.368378667812	5	441	1	
137	0	157	step_1_no_load	1	2	1	0	
137	0	157	step_2_no_load	3	4	0.720725456325	0.350909357271	3	624	1	
137	0	158	step_1_no_load	1	2	1	572	
137	0	158	step_2_no_load	3	4	0.694270715354	0.408728803896	3	758	0	
137	0	159	step_1_no_load	1	2	1	750	
137	0	159	step_2_no_load	3	4	0.697903160072	0.413026375257	4	852	0	
137	0	160	step_1_no_load	1	2	1	235	
137	0	160	step_2_no_load	3	4	0.710728171711	0.415052912783	3	530	0	
137	0	161	step_1_no_load	1	2	1	310	
137	0	161	step_2_no_load	3	4	0.719896286569	0.407025633682	3	354	1	
137	0	162	step_1_no_load	1	2	1	214	
137	0	162	step_2_no_load	5	6	0.566496468084	0.455329532209	5	428	0	
137	0	163	step_1_no_load	1	2	1	343	
137	0	163	step_2_no_load	3	4	0.697095951435	0.395221309311	3	478	0	
137	0	164	step_1_no_load	1	2	1	382	
137	0	164	step_2_no_load	3	4	0.692137394606	0.432761720497	3	529	0	
137	0	165	step_1_no_load	1	2	1	552	
137	0	165	step_2_no_load	5	6	0.538026607649	0.347974240867	5	646	0	
137	0	166	step_1_no_load	1	2	1	508	
137	0	166	step_2_no_load	3	4	0.686594248975	0.422282731054	3	930	1	
137	0	167	step_1_no_load	1	2	1	598	
137	0	167	step_2_no_load	3	4	0.706271792549	0.38753671275	-1	-1	-1	
137	0	168	step_1_no_load	1	2	1	406	
137	0	168	step_2_no_load	5	6	0.613361520676	0.335777599654	5	600	1	
137	0	169	step_1_no_load	1	2	1	892	
137	0	169	step_2_no_load	3	4	0.704981910944	0.42098542374	3	845	1	
137	0	170	step_1_no_load	1	2	-1	-1	
137	0	171	step_1_no_load	1	2	1	298	
137	0	171	step_2_no_load	3	4	0.727248140829	0.386979310814	3	402	1	
137	0	172	step_1_no_load	1	2	1	1170	
137	0	172	step_2_no_load	3	4	0.668669556875	0.363617002148	-1	-1	-1	
137	0	173	step_1_no_load	1	2	1	525	
137	0	173	step_2_no_load	3	4	0.667027212577	0.385349297983	3	389	1	
137	0	174	step_1_no_load	1	2	1	435	
137	0	174	step_2_no_load	3	4	0.729877433725	0.387867297446	3	358	1	
137	0	175	step_1_no_load	1	2	1	470	
137	0	175	step_2_no_load	3	4	0.693968268443	0.426185553904	3	582	1	
137	0	176	step_1_no_load	1	2	1	452	
137	0	176	step_2_no_load	5	6	0.474046874473	0.500856457218	5	431	0	
137	0	177	step_1_no_load	1	2	1	648	
137	0	177	step_2_no_load	3	4	0.714070205704	0.357425668099	4	439	0	
137	0	178	step_1_no_load	1	2	1	411	
137	0	178	step_2_no_load	3	4	0.705993797498	0.36473828006	3	422	1	
137	0	179	step_1_no_load	1	2	1	580	
137	0	179	step_2_no_load	5	6	0.457298770028	0.493565996034	5	466	0	
137	0	180	step_1_no_load	1	2	1	574	
137	0	180	step_2_no_load	3	4	0.719795072986	0.341214611607	3	322	1	
137	0	181	step_1_no_load	1	2	1	425	
137	0	181	step_2_no_load	3	4	0.746910336326	0.342402764747	3	483	1	
137	0	182	step_1_no_load	1	2	1	580	
137	0	182	step_2_no_load	5	6	0.506773281362	0.49907747228	5	570	0	
137	0	183	step_1_no_load	1	2	1	534	
137	0	183	step_2_no_load	3	4	0.720388040749	0.350175837802	3	608	0	
137	0	184	step_1_no_load	1	2	1	462	
137	0	184	step_2_no_load	3	4	0.657291439324	0.362743255194	4	666	0	
137	0	185	step_1_no_load	1	2	1	315	
137	0	185	step_2_no_load	5	6	0.479703516092	0.482228039858	5	393	1	
137	0	186	step_1_no_load	1	2	1	720	
137	0	186	step_2_no_load	3	4	0.656308636836	0.332733011923	3	522	0	
137	0	187	step_1_no_load	1	2	1	298	
137	0	187	step_2_no_load	3	4	0.678211978625	0.328890769988	3	452	1	
137	0	188	step_1_no_load	1	2	-1	-1	
137	0	189	step_1_no_load	1	2	2	258	
137	0	189	step_2_no_load	5	6	0.448897869069	0.534753756004	6	520	0	
137	0	190	step_1_no_load	1	2	1	299	
137	0	190	step_2_no_load	3	4	0.667655825994	0.304557739386	3	258	1	
137	0	191	step_1_no_load	1	2	2	297	
137	0	191	step_2_no_load	5	6	0.435748387321	0.512103523931	6	426	1	
137	0	192	step_1_no_load	1	2	1	281	
137	0	192	step_2_no_load	3	4	0.705517419189	0.299297135717	3	479	0	
137	0	193	step_1_no_load	1	2	1	441	
137	0	193	step_2_no_load	3	4	0.679792491164	0.321008037746	3	352	1	
137	0	194	step_1_no_load	1	2	1	451	
137	0	194	step_2_no_load	3	4	0.655261361454	0.342437174514	3	455	0	
137	0	195	step_1_no_load	1	2	1	379	
137	0	195	step_2_no_load	5	6	0.466795336969	0.494102184238	6	214	1	
137	0	196	step_1_no_load	1	2	1	416	
137	0	196	step_2_no_load	3	4	0.695101215304	0.365373286058	3	263	1	
137	0	197	step_1_no_load	1	2	2	105	
137	0	197	step_2_no_load	3	4	0.686552522522	0.316987700969	4	456	1	
137	0	198	step_1_no_load	1	2	1	481	
137	0	198	step_2_no_load	3	4	0.68660989813	0.303352625941	3	581	1	
137	0	199	step_1_no_load	1	2	1	1308	
137	0	199	step_2_no_load	5	6	0.39793773834	0.529438031858	6	755	1	
137	0	200	step_1_no_load	1	2	1	1	
137	0	200	step_2_no_load	3	4	0.728996708473	0.299128796668	3	546	1	

Fri Apr 13 15:09:31 2018
