Fri Apr 13 16:47:41 2018	
138	0	1	step_1_no_load	1	2	-1	-1	
138	0	2	step_1_no_load	1	2	2	541	
138	0	2	step_2_no_load	5	6	0.580156942153	0.474613197709	5	913	1	
138	0	3	step_1_no_load	1	2	2	1433	
138	0	3	step_2_no_load	5	6	0.584197065669	0.476767372206	6	1251	0	
138	0	4	step_1_no_load	1	2	2	513	
138	0	4	step_2_no_load	5	6	0.597491569846	0.478607661228	5	519	0	
138	0	5	step_1_no_load	1	2	1	452	
138	0	5	step_2_no_load	3	4	0.543908521457	0.576104915614	4	435	1	
138	0	6	step_1_no_load	1	2	1	505	
138	0	6	step_2_no_load	3	4	0.490454120702	0.603642866427	3	367	0	
138	0	7	step_1_no_load	1	2	1	447	
138	0	7	step_2_no_load	3	4	0.506408070053	0.622642364361	4	387	1	
138	0	8	step_1_no_load	1	2	1	417	
138	0	8	step_2_no_load	3	4	0.499203529332	0.624210374623	4	391	1	
138	0	9	step_1_no_load	1	2	1	395	
138	0	9	step_2_no_load	3	4	0.54429228266	0.641106877158	4	328	1	
138	0	10	step_1_no_load	1	2	1	399	
138	0	10	step_2_no_load	3	4	0.576063520885	0.636063269715	3	422	1	
138	0	11	step_1_no_load	1	2	1	418	
138	0	11	step_2_no_load	3	4	0.59022801242	0.609191465743	4	444	1	
138	0	12	step_1_no_load	1	2	1	413	
138	0	12	step_2_no_load	3	4	0.597131918027	0.552770607849	4	381	1	
138	0	13	step_1_no_load	1	2	1	542	
138	0	13	step_2_no_load	3	4	0.595790490356	0.558313135925	4	377	1	
138	0	14	step_1_no_load	1	2	1	396	
138	0	14	step_2_no_load	5	6	0.629137942344	0.491234392147	5	637	1	
138	0	15	step_1_no_load	1	2	1	429	
138	0	15	step_2_no_load	3	4	0.633564630036	0.570419113221	-1	-1	-1	
138	0	16	step_1_no_load	1	2	1	448	
138	0	16	step_2_no_load	5	6	0.628091198119	0.510958036527	6	418	0	
138	0	17	step_1_no_load	1	2	1	330	
138	0	17	step_2_no_load	3	4	0.643116883134	0.562895132605	3	714	1	
138	0	18	step_1_no_load	1	2	1	664	
138	0	18	step_2_no_load	3	4	0.626895526976	0.553554620302	3	309	1	
138	0	19	step_1_no_load	1	2	1	418	
138	0	19	step_2_no_load	3	4	0.644773170243	0.536502319591	3	378	0	
138	0	20	step_1_no_load	1	2	1	434	
138	0	20	step_2_no_load	5	6	0.636521555122	0.478025448397	6	318	0	
138	0	21	step_1_no_load	1	2	1	324	
138	0	21	step_2_no_load	5	6	0.630305464549	0.49769376036	5	290	1	
138	0	22	step_1_no_load	1	2	1	294	
138	0	22	step_2_no_load	3	4	0.618527126547	0.468700882609	3	233	0	
138	0	23	step_1_no_load	1	2	2	384	
138	0	23	step_2_no_load	3	4	0.604065470975	0.513759772011	4	346	0	
138	0	24	step_1_no_load	1	2	2	360	
138	0	24	step_2_no_load	3	4	0.5800912085	0.503316199018	3	617	1	
138	0	25	step_1_no_load	1	2	2	453	
138	0	25	step_2_no_load	3	4	0.629917901014	0.503605105412	3	387	1	
138	0	26	step_1_no_load	1	2	2	359	
138	0	26	step_2_no_load	3	4	0.640635035276	0.532884212818	3	369	1	
138	0	27	step_1_no_load	1	2	2	454	
138	0	27	step_2_no_load	5	6	0.57860777711	0.507272671939	5	384	1	
138	0	28	step_1_no_load	1	2	2	313	
138	0	28	step_2_no_load	5	6	0.588356036098	0.520177259699	5	486	1	
138	0	29	step_1_no_load	1	2	2	345	
138	0	29	step_2_no_load	5	6	0.606613029227	0.521159009103	5	948	1	
138	0	30	step_1_no_load	1	2	2	278	
138	0	30	step_2_no_load	5	6	0.608245979832	0.4919199548	5	467	1	
138	0	31	step_1_no_load	1	2	2	253	
138	0	31	step_2_no_load	3	4	0.606122691795	0.541819886458	4	770	0	
138	0	32	step_1_no_load	1	2	2	525	
138	0	32	step_2_no_load	5	6	0.634585171267	0.520318771114	5	481	1	
138	0	33	step_1_no_load	1	2	2	620	
138	0	33	step_2_no_load	3	4	0.618000238621	0.542309898544	3	524	0	
138	0	34	step_1_no_load	1	2	1	284	
138	0	34	step_2_no_load	3	4	0.670290552209	0.538523758058	3	716	1	
138	0	35	step_1_no_load	1	2	1	373	
138	0	35	step_2_no_load	3	4	0.649776015006	0.594167768198	3	553	1	
138	0	36	step_1_no_load	1	2	1	297	
138	0	36	step_2_no_load	3	4	0.661229326326	0.611274573488	3	944	1	
138	0	37	step_1_no_load	1	2	1	325	
138	0	37	step_2_no_load	3	4	0.660658056664	0.598446394142	3	315	0	
138	0	38	step_1_no_load	1	2	1	267	
138	0	38	step_2_no_load	3	4	0.651263699161	0.595113730206	4	418	1	
138	0	39	step_1_no_load	1	2	1	532	
138	0	39	step_2_no_load	5	6	0.557005857101	0.578640235206	6	526	0	
138	0	40	step_1_no_load	1	2	1	136	
138	0	40	step_2_no_load	3	4	0.636994900683	0.607992802154	3	394	0	
138	0	41	step_1_no_load	1	2	2	544	
138	0	41	step_2_no_load	3	4	0.633285941184	0.588857868869	4	731	1	
138	0	42	step_1_no_load	1	2	2	537	
138	0	42	step_2_no_load	5	6	0.533857158543	0.553461946234	6	486	1	
138	0	43	step_1_no_load	1	2	2	367	
138	0	43	step_2_no_load	5	6	0.553703096215	0.548128010644	5	713	0	
138	0	44	step_1_no_load	1	2	1	211	
138	0	44	step_2_no_load	5	6	0.541854396676	0.537842745081	5	869	1	
138	0	45	step_1_no_load	1	2	1	901	
138	0	45	step_2_no_load	3	4	0.620699591043	0.632991467829	3	1316	0	
138	0	46	step_1_no_load	1	2	1	406	
138	0	46	step_2_no_load	3	4	0.654261318712	0.600964500555	3	544	1	
138	0	47	step_1_no_load	1	2	1	1376	
138	0	47	step_2_no_load	5	6	0.546259467838	0.493112702321	5	1148	1	
138	0	48	step_1_no_load	1	2	1	359	
138	0	48	step_2_no_load	5	6	0.534690828011	0.488280685105	5	492	0	
138	0	49	step_1_no_load	1	2	2	338	
138	0	49	step_2_no_load	5	6	0.512405963374	0.489287375157	5	436	0	
138	0	50	step_1_no_load	1	2	2	345	
138	0	50	step_2_no_load	5	6	0.481616544184	0.47381367271	6	416	0	
138	0	51	step_1_no_load	1	2	2	475	
138	0	51	step_2_no_load	5	6	0.508197321577	0.469943944943	5	527	0	
138	0	52	step_1_no_load	1	2	1	466	
138	0	52	step_2_no_load	5	6	0.513589895419	0.429622901875	5	671	1	
138	0	53	step_1_no_load	1	2	1	377	
138	0	53	step_2_no_load	3	4	0.630956764252	0.551457882502	3	1413	1	
138	0	54	step_1_no_load	1	2	1	448	
138	0	54	step_2_no_load	3	4	0.652515308527	0.570223904064	3	815	0	
138	0	55	step_1_no_load	1	2	1	424	
138	0	55	step_2_no_load	5	6	0.526704292526	0.487025527704	5	695	1	
138	0	56	step_1_no_load	1	2	1	353	
138	0	56	step_2_no_load	3	4	0.60038825769	0.601856598146	3	826	0	
138	0	57	step_1_no_load	1	2	1	315	
138	0	57	step_2_no_load	3	4	0.586335094239	0.641849303307	3	555	0	
138	0	58	step_1_no_load	1	2	2	757	
138	0	58	step_2_no_load	5	6	0.528376440027	0.478335218822	5	435	0	
138	0	59	step_1_no_load	1	2	2	865	
138	0	59	step_2_no_load	5	6	0.537400760025	0.480274332693	6	538	1	
138	0	60	step_1_no_load	1	2	2	595	
138	0	60	step_2_no_load	5	6	0.479287247283	0.491916707098	6	407	0	
138	0	61	step_1_no_load	1	2	2	426	
138	0	61	step_2_no_load	5	6	0.527144452559	0.464268875813	5	398	0	
138	0	62	step_1_no_load	1	2	1	282	
138	0	62	step_2_no_load	5	6	0.533031417444	0.50724109756	5	240	1	
138	0	63	step_1_no_load	1	2	1	616	
138	0	63	step_2_no_load	3	4	0.642623127313	0.664284493458	3	500	1	
138	0	64	step_1_no_load	1	2	1	356	
138	0	64	step_2_no_load	3	4	0.626149195169	0.642369708469	3	409	0	
138	0	65	step_1_no_load	1	2	1	459	
138	0	65	step_2_no_load	5	6	0.517687993213	0.569109504048	6	491	1	
138	0	66	step_1_no_load	1	2	2	444	
138	0	66	step_2_no_load	5	6	0.555324764318	0.573761869714	5	494	1	
138	0	67	step_1_no_load	1	2	1	360	
138	0	67	step_2_no_load	3	4	0.674463681351	0.597650193897	3	1270	1	
138	0	68	step_1_no_load	1	2	1	1162	
138	0	68	step_2_no_load	3	4	0.719455209845	0.622963076372	3	399	1	
138	0	69	step_1_no_load	1	2	1	380	
138	0	69	step_2_no_load	5	6	0.560462111264	0.499137600991	5	387	1	
138	0	70	step_1_no_load	1	2	1	367	
138	0	70	step_2_no_load	3	4	0.697741832068	0.637556284465	3	1365	1	
138	0	71	step_1_no_load	1	2	1	424	
138	0	71	step_2_no_load	3	4	0.706816191949	0.639174917797	3	638	1	
138	0	72	step_1_no_load	1	2	1	673	
138	0	72	step_2_no_load	3	4	0.705884789502	0.626024641967	3	1202	1	
138	0	73	step_1_no_load	1	2	1	452	
138	0	73	step_2_no_load	3	4	0.727961155836	0.657126403029	3	590	1	
138	0	74	step_1_no_load	1	2	1	304	
138	0	74	step_2_no_load	5	6	0.491044983779	0.453420386428	5	446	0	
138	0	75	step_1_no_load	1	2	1	383	
138	0	75	step_2_no_load	3	4	0.697629587097	0.615552849174	-1	-1	-1	
138	0	76	step_1_no_load	1	2	1	374	
138	0	76	step_2_no_load	3	4	0.690117652944	0.62770291155	3	471	0	
138	0	77	step_1_no_load	1	2	1	1232	
138	0	77	step_2_no_load	5	6	0.538119616568	0.446809557226	6	841	1	
138	0	78	step_1_no_load	1	2	1	348	
138	0	78	step_2_no_load	3	4	0.647586191228	0.536711448352	3	1364	1	
138	0	79	step_1_no_load	1	2	1	370	
138	0	79	step_2_no_load	3	4	0.647841624544	0.513695512795	4	637	1	
138	0	80	step_1_no_load	1	2	1	560	
138	0	80	step_2_no_load	3	4	0.703969305517	0.518583383166	4	396	1	
138	0	81	step_1_no_load	1	2	1	470	
138	0	81	step_2_no_load	3	4	0.702400933084	0.529745690463	4	382	1	
138	0	82	step_1_no_load	1	2	1	417	
138	0	82	step_2_no_load	5	6	0.482727017837	0.395813831323	5	796	0	
138	0	83	step_1_no_load	1	2	1	362	
138	0	83	step_2_no_load	3	4	0.726885136842	0.607907985871	4	393	0	
138	0	84	step_1_no_load	1	2	1	391	
138	0	84	step_2_no_load	3	4	0.731466635793	0.65843840156	3	375	1	
138	0	85	step_1_no_load	1	2	1	370	
138	0	85	step_2_no_load	3	4	0.712989604416	0.692384972752	4	520	1	
138	0	86	step_1_no_load	1	2	1	414	
138	0	86	step_2_no_load	3	4	0.721207648497	0.691782850001	3	397	1	
138	0	87	step_1_no_load	1	2	1	383	
138	0	87	step_2_no_load	5	6	0.493867001103	0.40000499778	6	222	1	
138	0	88	step_1_no_load	1	2	1	384	
138	0	88	step_2_no_load	3	4	0.696773608304	0.717410082358	3	269	1	
138	0	89	step_1_no_load	1	2	1	378	
138	0	89	step_2_no_load	3	4	0.660112261017	0.690772436485	4	437	0	
138	0	90	step_1_no_load	1	2	1	315	
138	0	90	step_2_no_load	3	4	0.688736868033	0.712247848046	3	362	0	
138	0	91	step_1_no_load	1	2	2	345	
138	0	91	step_2_no_load	5	6	0.479087223222	0.43534164751	5	605	0	
138	0	92	step_1_no_load	1	2	2	470	
138	0	92	step_2_no_load	5	6	0.484260039873	0.444368850664	5	451	0	
138	0	93	step_1_no_load	1	2	2	337	
138	0	93	step_2_no_load	5	6	0.473273727684	0.439878153082	-1	-1	-1	
138	0	94	step_1_no_load	1	2	2	329	
138	0	94	step_2_no_load	5	6	0.468637558205	0.429211756872	6	389	0	
138	0	95	step_1_no_load	1	2	2	643	
138	0	95	step_2_no_load	5	6	0.42505578884	0.427150666411	5	420	0	
138	0	96	step_1_no_load	1	2	2	332	
138	0	96	step_2_no_load	3	4	0.663095813561	0.693739812506	4	318	1	
138	0	97	step_1_no_load	1	2	2	614	
138	0	97	step_2_no_load	3	4	0.651202057411	0.681272614291	4	485	1	
138	0	98	step_1_no_load	1	2	2	367	
138	0	98	step_2_no_load	3	4	0.646040060297	0.70287861952	4	481	0	
138	0	99	step_1_no_load	1	2	2	541	
138	0	99	step_2_no_load	5	6	0.375249961522	0.397561363605	5	425	0	
138	0	100	step_1_no_load	1	2	2	376	
138	0	100	step_2_no_load	5	6	0.363162156005	0.4333505304	6	425	0	
138	0	101	step_1_no_load	1	2	1	423	
138	0	101	step_2_no_load	5	6	0.366879421891	0.497432607584	5	677	0	
138	0	102	step_1_no_load	1	2	1	394	
138	0	102	step_2_no_load	3	4	0.663124617603	0.666304534392	3	441	0	
138	0	103	step_1_no_load	1	2	1	402	
138	0	103	step_2_no_load	5	6	0.322834495838	0.481975449893	6	432	0	
138	0	104	step_1_no_load	1	2	1	410	
138	0	104	step_2_no_load	3	4	0.743372642809	0.703870701136	3	415	0	
138	0	105	step_1_no_load	1	2	1	524	
138	0	105	step_2_no_load	5	6	0.352639603242	0.514318365187	6	384	0	
138	0	106	step_1_no_load	1	2	1	550	
138	0	106	step_2_no_load	5	6	0.374131494222	0.508908032404	5	356	0	
138	0	107	step_1_no_load	1	2	1	296	
138	0	107	step_2_no_load	3	4	0.677514185929	0.692607431435	3	417	1	
138	0	108	step_1_no_load	1	2	1	374	
138	0	108	step_2_no_load	3	4	0.681491063126	0.695928523711	3	423	1	
138	0	109	step_1_no_load	1	2	1	402	
138	0	109	step_2_no_load	3	4	0.68658494263	0.71632547018	3	450	1	
138	0	110	step_1_no_load	1	2	1	322	
138	0	110	step_2_no_load	5	6	0.395544455384	0.432626681236	5	292	1	
138	0	111	step_1_no_load	1	2	1	420	
138	0	111	step_2_no_load	3	4	0.634599547742	0.724852671171	3	792	1	
138	0	112	step_1_no_load	1	2	1	437	
138	0	112	step_2_no_load	3	4	0.635252945963	0.725701866094	4	625	0	
138	0	113	step_1_no_load	1	2	1	463	
138	0	113	step_2_no_load	3	4	0.634627459817	0.719324307956	3	257	0	
138	0	114	step_1_no_load	1	2	1	481	
138	0	114	step_2_no_load	5	6	0.384736699284	0.380324086676	5	537	1	
138	0	115	step_1_no_load	1	2	1	297	
138	0	115	step_2_no_load	5	6	0.357661171116	0.390027643099	5	506	0	
138	0	116	step_1_no_load	1	2	1	343	
138	0	116	step_2_no_load	3	4	0.680124293449	0.706736514943	3	1157	1	
138	0	117	step_1_no_load	1	2	1	452	
138	0	117	step_2_no_load	3	4	0.671842537277	0.747012267642	3	1444	1	
138	0	118	step_1_no_load	1	2	1	443	
138	0	118	step_2_no_load	3	4	0.690484235012	0.740051715856	3	569	1	
138	0	119	step_1_no_load	1	2	1	443	
138	0	119	step_2_no_load	3	4	0.661177321751	0.690424535099	3	691	1	
138	0	120	step_1_no_load	1	2	1	483	
138	0	120	step_2_no_load	3	4	0.666433355915	0.70587238626	3	468	0	
138	0	121	step_1_no_load	1	2	1	1010	
138	0	121	step_2_no_load	3	4	0.671052306195	0.658856304095	3	534	1	
138	0	122	step_1_no_load	1	2	1	464	
138	0	122	step_2_no_load	3	4	0.672193618854	0.6136886145	3	594	1	
138	0	123	step_1_no_load	1	2	1	606	
138	0	123	step_2_no_load	5	6	0.269780614928	0.337526896345	5	365	0	
138	0	124	step_1_no_load	1	2	1	573	
138	0	124	step_2_no_load	3	4	0.624161788269	0.603013298253	3	438	0	
138	0	125	step_1_no_load	1	2	1	356	
138	0	125	step_2_no_load	3	4	0.633566302563	0.559596800931	4	521	1	
138	0	126	step_1_no_load	1	2	1	454	
138	0	126	step_2_no_load	3	4	0.600985760967	0.537863824328	3	344	1	
138	0	127	step_1_no_load	1	2	1	337	
138	0	127	step_2_no_load	5	6	0.273483952592	0.274944938508	6	557	0	
138	0	128	step_1_no_load	1	2	1	392	
138	0	128	step_2_no_load	3	4	0.620672334996	0.636905534066	3	384	1	
138	0	129	step_1_no_load	1	2	1	539	
138	0	129	step_2_no_load	5	6	0.268213321963	0.271709703542	5	420	1	
138	0	130	step_1_no_load	1	2	1	386	
138	0	130	step_2_no_load	5	6	0.267460866951	0.274560758494	5	653	0	
138	0	131	step_1_no_load	1	2	1	401	
138	0	131	step_2_no_load	3	4	0.638450601212	0.678044920845	4	1168	1	
138	0	132	step_1_no_load	1	2	1	541	
138	0	132	step_2_no_load	3	4	0.660013924697	0.668578020634	3	539	0	
138	0	133	step_1_no_load	1	2	1	424	
138	0	133	step_2_no_load	5	6	0.315608831386	0.312642735495	5	428	0	
138	0	134	step_1_no_load	1	2	1	508	
138	0	134	step_2_no_load	3	4	0.685529359147	0.621945110858	4	596	1	
138	0	135	step_1_no_load	1	2	1	832	
138	0	135	step_2_no_load	3	4	0.700779221781	0.593710006149	3	395	1	
138	0	136	step_1_no_load	1	2	1	508	
138	0	136	step_2_no_load	3	4	0.674914008636	0.597814413435	3	701	0	
138	0	137	step_1_no_load	1	2	1	412	
138	0	137	step_2_no_load	3	4	0.668540846495	0.605896884497	3	671	1	
138	0	138	step_1_no_load	1	2	1	491	
138	0	138	step_2_no_load	3	4	0.688182193337	0.63240964674	3	670	1	
138	0	139	step_1_no_load	1	2	1	414	
138	0	139	step_2_no_load	5	6	0.325611400511	0.323660750961	6	1243	0	
138	0	140	step_1_no_load	1	2	1	307	
138	0	140	step_2_no_load	3	4	0.637682840728	0.671213945178	3	505	1	
138	0	141	step_1_no_load	1	2	1	441	
138	0	141	step_2_no_load	3	4	0.616803346728	0.711987889705	3	358	0	
138	0	142	step_1_no_load	1	2	-1	-1	
138	0	143	step_1_no_load	1	2	1	336	
138	0	143	step_2_no_load	3	4	0.610219102298	0.661365099615	3	489	1	
138	0	144	step_1_no_load	1	2	1	452	
138	0	144	step_2_no_load	3	4	0.639347300184	0.626443722248	3	569	1	
138	0	145	step_1_no_load	1	2	1	411	
138	0	145	step_2_no_load	3	4	0.606515632748	0.6669125229	3	365	1	
138	0	146	step_1_no_load	1	2	1	364	
138	0	146	step_2_no_load	5	6	0.320877500969	0.257861956214	5	445	0	
138	0	147	step_1_no_load	1	2	1	344	
138	0	147	step_2_no_load	3	4	0.594861186319	0.647798886916	3	466	1	
138	0	148	step_1_no_load	1	2	1	388	
138	0	148	step_2_no_load	5	6	0.311162711725	0.305288021243	5	791	0	
138	0	149	step_1_no_load	1	2	1	489	
138	0	149	step_2_no_load	5	6	0.300290206122	0.269951834184	5	574	0	
138	0	150	step_1_no_load	1	2	1	1460	
138	0	150	step_2_no_load	3	4	0.605912419156	0.575985663078	4	888	1	
138	0	151	step_1_no_load	1	2	1	659	
138	0	151	step_2_no_load	3	4	0.614159737668	0.59154759351	4	490	1	
138	0	152	step_1_no_load	1	2	-1	-1	
138	0	153	step_1_no_load	1	2	1	408	
138	0	153	step_2_no_load	3	4	0.681559292085	0.613336203392	4	366	1	
138	0	154	step_1_no_load	1	2	1	418	
138	0	154	step_2_no_load	5	6	0.348349389262	0.316375537537	6	366	0	
138	0	155	step_1_no_load	1	2	1	410	
138	0	155	step_2_no_load	5	6	0.372188990474	0.296093457977	5	346	1	
138	0	156	step_1_no_load	1	2	1	633	
138	0	156	step_2_no_load	5	6	0.368378667812	0.32564867104	5	538	0	
138	0	157	step_1_no_load	1	2	1	482	
138	0	157	step_2_no_load	5	6	0.324728201487	0.350909357271	5	366	0	
138	0	158	step_1_no_load	1	2	1	520	
138	0	158	step_2_no_load	3	4	0.694270715354	0.532722108502	4	417	0	
138	0	159	step_1_no_load	1	2	1	490	
138	0	159	step_2_no_load	3	4	0.697903160072	0.541222065796	3	549	0	
138	0	160	step_1_no_load	1	2	1	543	
138	0	160	step_2_no_load	3	4	0.710728171711	0.521229931064	-1	-1	-1	
138	0	161	step_1_no_load	1	2	1	432	
138	0	161	step_2_no_load	3	4	0.719896286569	0.516036498158	3	423	1	
138	0	162	step_1_no_load	1	2	1	674	
138	0	162	step_2_no_load	3	4	0.695144769903	0.566496468084	3	527	0	
138	0	163	step_1_no_load	1	2	1	570	
138	0	163	step_2_no_load	3	4	0.697095951435	0.5863391277	3	524	1	
138	0	164	step_1_no_load	1	2	1	493	
138	0	164	step_2_no_load	3	4	0.692137394606	0.585961845322	3	284	0	
138	0	165	step_1_no_load	1	2	1	708	
138	0	165	step_2_no_load	3	4	0.717506143195	0.538026607649	3	369	1	
138	0	166	step_1_no_load	1	2	1	403	
138	0	166	step_2_no_load	3	4	0.686594248975	0.549095060025	3	541	1	
138	0	167	step_1_no_load	1	2	1	368	
138	0	167	step_2_no_load	3	4	0.706271792549	0.585131062446	4	668	1	
138	0	168	step_1_no_load	1	2	1	471	
138	0	168	step_2_no_load	5	6	0.335777599654	0.400817642375	5	719	1	
138	0	169	step_1_no_load	1	2	1	1288	
138	0	169	step_2_no_load	3	4	0.704981910944	0.586049140041	4	468	0	
138	0	170	step_1_no_load	1	2	1	595	
138	0	170	step_2_no_load	3	4	0.67334314737	0.57151385403	3	426	0	
138	0	171	step_1_no_load	1	2	1	403	
138	0	171	step_2_no_load	3	4	0.727248140829	0.553314431843	3	481	1	
138	0	172	step_1_no_load	1	2	1	559	
138	0	172	step_2_no_load	3	4	0.668669556875	0.519090471457	4	571	0	
138	0	173	step_1_no_load	1	2	1	382	
138	0	173	step_2_no_load	3	4	0.667027212577	0.484428109849	-1	-1	-1	
138	0	174	step_1_no_load	1	2	1	474	
138	0	174	step_2_no_load	5	6	0.46236234172	0.387867297446	5	578	0	
138	0	175	step_1_no_load	1	2	1	959	
138	0	175	step_2_no_load	3	4	0.693968268443	0.52644949356	4	389	0	
138	0	176	step_1_no_load	1	2	1	361	
138	0	176	step_2_no_load	3	4	0.679250000396	0.474046874473	3	389	0	
138	0	177	step_1_no_load	1	2	1	610	
138	0	177	step_2_no_load	5	6	0.4798184927	0.357425668099	5	274	0	
138	0	178	step_1_no_load	1	2	1	158	
138	0	178	step_2_no_load	3	4	0.705993797498	0.493712351915	4	341	0	
138	0	179	step_1_no_load	1	2	1	493	
138	0	179	step_2_no_load	5	6	0.493565996034	0.324685418097	6	997	0	
138	0	180	step_1_no_load	1	2	1	407	
138	0	180	step_2_no_load	3	4	0.719795072986	0.482853857291	3	457	0	
138	0	181	step_1_no_load	1	2	1	625	
138	0	181	step_2_no_load	5	6	0.480141179559	0.342402764747	5	784	1	
138	0	182	step_1_no_load	1	2	1	569	
138	0	182	step_2_no_load	5	6	0.49907747228	0.340533666308	5	512	1	
138	0	183	step_1_no_load	1	2	1	649	
138	0	183	step_2_no_load	5	6	0.492742497507	0.350175837802	5	393	0	
138	0	184	step_1_no_load	1	2	1	539	
138	0	184	step_2_no_load	3	4	0.657291439324	0.460890977786	3	957	0	
138	0	185	step_1_no_load	1	2	2	342	
138	0	185	step_2_no_load	5	6	0.482228039858	0.362611152222	5	760	0	
138	0	186	step_1_no_load	1	2	2	356	
138	0	186	step_2_no_load	5	6	0.484672582719	0.332733011923	6	380	0	
138	0	187	step_1_no_load	1	2	2	465	
138	0	187	step_2_no_load	5	6	0.498596507669	0.328890769988	5	407	0	
138	0	188	step_1_no_load	1	2	2	474	
138	0	188	step_2_no_load	3	4	0.696362660087	0.471319680586	3	333	0	
138	0	189	step_1_no_load	1	2	2	292	
138	0	189	step_2_no_load	3	4	0.688353284054	0.448897869069	4	286	0	
138	0	190	step_1_no_load	1	2	2	722	
138	0	190	step_2_no_load	3	4	0.667655825994	0.433568856946	3	368	1	
138	0	191	step_1_no_load	1	2	2	414	
138	0	191	step_2_no_load	5	6	0.512103523931	0.318839908867	5	424	0	
138	0	192	step_1_no_load	1	2	2	318	
138	0	192	step_2_no_load	3	4	0.705517419189	0.450791310283	3	453	1	
138	0	193	step_1_no_load	1	2	2	283	
138	0	193	step_2_no_load	5	6	0.504944704439	0.321008037746	5	494	1	
138	0	194	step_1_no_load	1	2	2	227	
138	0	194	step_2_no_load	5	6	0.505359594715	0.342437174514	5	732	1	
138	0	195	step_1_no_load	1	2	2	293	
138	0	195	step_2_no_load	3	4	0.646280688878	0.466795336969	4	559	1	
138	0	196	step_1_no_load	1	2	2	312	
138	0	196	step_2_no_load	5	6	0.496717662777	0.365373286058	5	199	0	
138	0	197	step_1_no_load	1	2	2	376	
138	0	197	step_2_no_load	5	6	0.47786945426	0.316987700969	5	477	0	
138	0	198	step_1_no_load	1	2	2	279	
138	0	198	step_2_no_load	5	6	0.485065498391	0.303352625941	5	388	1	
138	0	199	step_1_no_load	1	2	2	456	
138	0	199	step_2_no_load	3	4	0.73697129762	0.39793773834	3	395	1	
138	0	200	step_1_no_load	1	2	2	365	
138	0	200	step_2_no_load	5	6	0.507902534353	0.299128796668	5	502	0	

Fri Apr 13 17:06:24 2018
