Tue Apr 17 16:00:30 2018	
142	0	1	step_1_no_load	1	2	-1	-1	
142	0	2	step_1_no_load	1	2	1	586	
142	0	2	step_2_no_load	3	4	0.533203491871	0.580156942153	3	1044	0	
142	0	3	step_1_no_load	1	2	1	660	
142	0	3	step_2_no_load	5	6	0.476767372206	0.589215227351	5	1127	0	
142	0	4	step_1_no_load	1	2	1	749	
142	0	4	step_2_no_load	3	4	0.494597764192	0.597491569846	4	858	0	
142	0	5	step_1_no_load	1	2	1	725	
142	0	5	step_2_no_load	3	4	0.543908521457	0.623810210114	3	776	1	
142	0	6	step_1_no_load	1	2	1	1154	
142	0	6	step_2_no_load	5	6	0.506877622204	0.603642866427	6	1109	1	
142	0	7	step_1_no_load	1	2	1	1424	
142	0	7	step_2_no_load	3	4	0.506408070053	0.568656746487	3	1254	1	
142	0	8	step_1_no_load	1	2	1	797	
142	0	8	step_2_no_load	3	4	0.499203529332	0.59128639594	4	896	0	
142	0	9	step_1_no_load	1	2	1	688	
142	0	9	step_2_no_load	5	6	0.496546708465	0.641106877158	5	94	1	
142	0	10	step_1_no_load	1	2	1	899	
142	0	10	step_2_no_load	5	6	0.482364178155	0.636063269715	5	913	1	
142	0	11	step_1_no_load	1	2	2	918	
142	0	11	step_2_no_load	5	6	0.477013315682	0.609191465743	6	1300	1	
142	0	12	step_1_no_load	1	2	2	625	
142	0	12	step_2_no_load	3	4	0.597131918027	0.682786328054	3	1141	1	
142	0	13	step_1_no_load	1	2	2	894	
142	0	13	step_2_no_load	5	6	0.52012981853	0.558313135925	5	799	0	
142	0	14	step_1_no_load	1	2	2	563	
142	0	14	step_2_no_load	5	6	0.491234392147	0.545555696267	6	757	1	
142	0	15	step_1_no_load	1	2	2	585	
142	0	15	step_2_no_load	3	4	0.633564630036	0.612260006668	3	831	1	
142	0	16	step_1_no_load	1	2	1	638	
142	0	16	step_2_no_load	3	4	0.626326396372	0.628091198119	3	1034	0	
142	0	17	step_1_no_load	1	2	1	427	
142	0	17	step_2_no_load	3	4	0.643116883134	0.633350170016	4	880	1	
142	0	18	step_1_no_load	1	2	1	513	
142	0	18	step_2_no_load	3	4	0.626895526976	0.626834332012	3	1366	0	
142	0	19	step_1_no_load	1	2	1	361	
142	0	19	step_2_no_load	5	6	0.498240186199	0.536502319591	6	1168	1	
142	0	20	step_1_no_load	1	2	1	620	
142	0	20	step_2_no_load	3	4	0.60665343963	0.636521555122	3	1172	1	
142	0	21	step_1_no_load	1	2	1	740	
142	0	21	step_2_no_load	5	6	0.49769376036	0.470207377245	6	970	0	
142	0	22	step_1_no_load	1	2	1	478	
142	0	22	step_2_no_load	3	4	0.618527126547	0.621949894727	3	1052	0	
142	0	23	step_1_no_load	1	2	1	566	
142	0	23	step_2_no_load	5	6	0.520606588181	0.513759772011	6	1258	1	
142	0	24	step_1_no_load	1	2	1	653	
142	0	24	step_2_no_load	3	4	0.5800912085	0.582115115688	4	881	1	
142	0	25	step_1_no_load	1	2	1	410	
142	0	25	step_2_no_load	3	4	0.629917901014	0.565698722896	4	626	1	
142	0	26	step_1_no_load	1	2	1	501	
142	0	26	step_2_no_load	3	4	0.640635035276	0.592410219737	4	681	1	
142	0	27	step_1_no_load	1	2	1	345	
142	0	27	step_2_no_load	3	4	0.642144756622	0.57860777711	4	894	0	
142	0	28	step_1_no_load	1	2	1	277	
142	0	28	step_2_no_load	3	4	0.647441527317	0.588356036098	4	670	0	
142	0	29	step_1_no_load	1	2	1	370	
142	0	29	step_2_no_load	5	6	0.521159009103	0.561957580386	6	965	0	
142	0	30	step_1_no_load	1	2	1	316	
142	0	30	step_2_no_load	3	4	0.610227092493	0.608245979832	3	1104	1	
142	0	31	step_1_no_load	1	2	1	324	
142	0	31	step_2_no_load	5	6	0.483156722265	0.541819886458	5	678	0	
142	0	32	step_1_no_load	1	2	1	343	
142	0	32	step_2_no_load	5	6	0.520318771114	0.522993086096	5	1262	0	
142	0	33	step_1_no_load	1	2	1	277	
142	0	33	step_2_no_load	3	4	0.618000238621	0.611700032906	3	1195	1	
142	0	34	step_1_no_load	1	2	1	456	
142	0	34	step_2_no_load	3	4	0.670290552209	0.575802910074	3	871	0	
142	0	35	step_1_no_load	1	2	1	321	
142	0	35	step_2_no_load	3	4	0.649776015006	0.566827313385	4	956	0	
142	0	36	step_1_no_load	1	2	1	857	
142	0	36	step_2_no_load	3	4	0.661229326326	0.527635087561	3	752	0	
142	0	37	step_1_no_load	1	2	1	310	
142	0	37	step_2_no_load	5	6	0.543074626387	0.598446394142	5	1090	0	
142	0	38	step_1_no_load	1	2	1	1132	
142	0	38	step_2_no_load	3	4	0.651263699161	0.539078491643	3	1194	1	
142	0	39	step_1_no_load	1	2	1	407	
142	0	39	step_2_no_load	5	6	0.578640235206	0.610601635554	6	1223	0	
142	0	40	step_1_no_load	1	2	1	552	
142	0	40	step_2_no_load	3	4	0.636994900683	0.580760785074	3	1458	0	
142	0	41	step_1_no_load	1	2	1	615	
142	0	41	step_2_no_load	5	6	0.583829055298	0.588857868869	5	1016	0	
142	0	42	step_1_no_load	1	2	1	342	
142	0	42	step_2_no_load	3	4	0.606696263624	0.533857158543	4	1401	1	
142	0	43	step_1_no_load	1	2	1	655	
142	0	43	step_2_no_load	5	6	0.548128010644	0.612705031264	6	941	1	
142	0	44	step_1_no_load	1	2	1	759	
142	0	44	step_2_no_load	3	4	0.589653131867	0.541854396676	4	1003	0	
142	0	45	step_1_no_load	1	2	1	344	
142	0	45	step_2_no_load	3	4	0.620699591043	0.579346234508	3	1011	1	
142	0	46	step_1_no_load	1	2	1	499	
142	0	46	step_2_no_load	3	4	0.654261318712	0.55511883717	3	697	0	
142	0	47	step_1_no_load	1	2	1	617	
142	0	47	step_2_no_load	3	4	0.634373567175	0.546259467838	3	801	0	
142	0	48	step_1_no_load	1	2	1	578	
142	0	48	step_2_no_load	3	4	0.657624935632	0.534690828011	4	551	1	
142	0	49	step_1_no_load	1	2	1	378	
142	0	49	step_2_no_load	3	4	0.614679490594	0.512405963374	4	758	1	
142	0	50	step_1_no_load	1	2	1	701	
142	0	50	step_2_no_load	5	6	0.47381367271	0.606862017918	6	1002	1	
142	0	51	step_1_no_load	1	2	1	781	
142	0	51	step_2_no_load	5	6	0.469943944943	0.564866799699	6	1372	1	
142	0	52	step_1_no_load	1	2	1	664	
142	0	52	step_2_no_load	3	4	0.613408921915	0.513589895419	4	995	1	
142	0	53	step_1_no_load	1	2	1	415	
142	0	53	step_2_no_load	3	4	0.630956764252	0.475342927439	4	714	1	
142	0	54	step_1_no_load	1	2	1	540	
142	0	54	step_2_no_load	3	4	0.652515308527	0.493362545513	4	727	0	
142	0	55	step_1_no_load	1	2	1	295	
142	0	55	step_2_no_load	3	4	0.639840796975	0.526704292526	3	692	1	
142	0	56	step_1_no_load	1	2	1	445	
142	0	56	step_2_no_load	3	4	0.60038825769	0.538512915562	3	678	0	
142	0	57	step_1_no_load	1	2	1	468	
142	0	57	step_2_no_load	3	4	0.586335094239	0.516475618243	4	1185	1	
142	0	58	step_1_no_load	1	2	1	357	
142	0	58	step_2_no_load	3	4	0.610896130115	0.528376440027	4	941	0	
142	0	59	step_1_no_load	1	2	1	752	
142	0	59	step_2_no_load	3	4	0.608951267756	0.537400760025	3	577	1	
142	0	60	step_1_no_load	1	2	1	317	
142	0	60	step_2_no_load	3	4	0.599559577859	0.479287247283	3	738	0	
142	0	61	step_1_no_load	1	2	1	249	
142	0	61	step_2_no_load	3	4	0.602879526975	0.527144452559	3	1435	0	
142	0	62	step_1_no_load	1	2	1	300	
142	0	62	step_2_no_load	3	4	0.622820395113	0.533031417444	3	136	1	
142	0	63	step_1_no_load	1	2	1	799	
142	0	63	step_2_no_load	3	4	0.642623127313	0.519445130796	4	728	0	
142	0	64	step_1_no_load	1	2	1	495	
142	0	64	step_2_no_load	3	4	0.626149195169	0.533849886794	4	725	1	
142	0	65	step_1_no_load	1	2	1	478	
142	0	65	step_2_no_load	3	4	0.619953360065	0.517687993213	3	1016	1	
142	0	66	step_1_no_load	1	2	1	665	
142	0	66	step_2_no_load	3	4	0.630357351236	0.555324764318	3	1357	1	
142	0	67	step_1_no_load	1	2	1	1221	
142	0	67	step_2_no_load	3	4	0.674463681351	0.538279387614	4	1378	1	
142	0	68	step_1_no_load	1	2	1	1244	
142	0	68	step_2_no_load	3	4	0.719455209845	0.523301545299	4	983	1	
142	0	69	step_1_no_load	1	2	1	1	
142	0	69	step_2_no_load	3	4	0.718756538957	0.560462111264	4	461	0	
142	0	70	step_1_no_load	1	2	1	389	
142	0	70	step_2_no_load	3	4	0.697741832068	0.548075770764	4	857	0	
142	0	71	step_1_no_load	1	2	1	292	
142	0	71	step_2_no_load	5	6	0.482863323776	0.639174917797	5	1189	0	
142	0	72	step_1_no_load	1	2	1	343	
142	0	72	step_2_no_load	3	4	0.705884789502	0.556486305476	3	918	0	
142	0	73	step_1_no_load	1	2	1	385	
142	0	73	step_2_no_load	5	6	0.435957313805	0.657126403029	5	1071	1	
142	0	74	step_1_no_load	1	2	1	777	
142	0	74	step_2_no_load	3	4	0.693624670847	0.491044983779	3	938	0	
142	0	75	step_1_no_load	1	2	1	554	
142	0	75	step_2_no_load	3	4	0.697629587097	0.483983914712	4	941	0	
142	0	76	step_1_no_load	1	2	1	285	
142	0	76	step_2_no_load	3	4	0.690117652944	0.518881389358	3	1392	1	
142	0	77	step_1_no_load	1	2	1	612	
142	0	77	step_2_no_load	3	4	0.679737625371	0.538119616568	3	1309	1	
142	0	78	step_1_no_load	1	2	1	1177	
142	0	78	step_2_no_load	3	4	0.647586191228	0.538654072849	3	1141	1	
142	0	79	step_1_no_load	1	2	1	532	
142	0	79	step_2_no_load	3	4	0.647841624544	0.540085062695	3	996	1	
142	0	80	step_1_no_load	1	2	1	874	
142	0	80	step_2_no_load	3	4	0.703969305517	0.49921021142	3	1177	1	
142	0	81	step_1_no_load	1	2	1	848	
142	0	81	step_2_no_load	3	4	0.702400933084	0.494116554432	3	914	1	
142	0	82	step_1_no_load	1	2	1	647	
142	0	82	step_2_no_load	3	4	0.688340116885	0.482727017837	3	176	0	
142	0	83	step_1_no_load	1	2	2	1334	
142	0	83	step_2_no_load	3	4	0.726885136842	0.483255412498	3	936	0	
142	0	84	step_1_no_load	1	2	2	274	
142	0	84	step_2_no_load	3	4	0.731466635793	0.505586222209	4	724	1	
142	0	85	step_1_no_load	1	2	2	288	
142	0	85	step_2_no_load	5	6	0.384458259121	0.692384972752	5	861	0	
142	0	86	step_1_no_load	1	2	2	293	
142	0	86	step_2_no_load	3	4	0.721207648497	0.486462788728	4	1317	0	
142	0	87	step_1_no_load	1	2	2	257	
142	0	87	step_2_no_load	5	6	0.40000499778	0.719375344246	5	1223	1	
142	0	88	step_1_no_load	1	2	2	311	
142	0	88	step_2_no_load	3	4	0.696773608304	0.509563243675	3	1329	1	
142	0	89	step_1_no_load	1	2	2	613	
142	0	89	step_2_no_load	3	4	0.660112261017	0.490019385174	3	869	1	
142	0	90	step_1_no_load	1	2	2	431	
142	0	90	step_2_no_load	5	6	0.411459496853	0.712247848046	5	811	0	
142	0	91	step_1_no_load	1	2	2	725	
142	0	91	step_2_no_load	3	4	0.657820521772	0.479087223222	3	784	1	
142	0	92	step_1_no_load	1	2	2	668	
142	0	92	step_2_no_load	5	6	0.444368850664	0.692406274724	5	422	1	
142	0	93	step_1_no_load	1	2	2	155	
142	0	93	step_2_no_load	5	6	0.439878153082	0.70415710998	5	499	0	
142	0	94	step_1_no_load	1	2	2	271	
142	0	94	step_2_no_load	5	6	0.429211756872	0.719464414227	6	964	1	
142	0	95	step_1_no_load	1	2	2	256	
142	0	95	step_2_no_load	5	6	0.427150666411	0.715495469274	6	606	1	
142	0	96	step_1_no_load	1	2	2	289	
142	0	96	step_2_no_load	5	6	0.383038640121	0.693739812506	6	647	1	
142	0	97	step_1_no_load	1	2	2	456	
142	0	97	step_2_no_load	5	6	0.392885664353	0.681272614291	6	635	1	
142	0	98	step_1_no_load	1	2	2	336	
142	0	98	step_2_no_load	3	4	0.646040060297	0.431479829356	3	664	1	
142	0	99	step_1_no_load	1	2	2	354	
142	0	99	step_2_no_load	5	6	0.397561363605	0.673709850038	5	853	1	
142	0	100	step_1_no_load	1	2	2	308	
142	0	100	step_2_no_load	5	6	0.4333505304	0.666227451505	5	388	1	
142	0	101	step_1_no_load	1	2	2	447	
142	0	101	step_2_no_load	5	6	0.497432607584	0.623812401974	5	419	0	
142	0	102	step_1_no_load	1	2	2	275	
142	0	102	step_2_no_load	5	6	0.494584754513	0.666304534392	6	621	1	
142	0	103	step_1_no_load	1	2	2	605	
142	0	103	step_2_no_load	5	6	0.481975449893	0.663997796029	6	644	1	
142	0	104	step_1_no_load	1	2	2	269	
142	0	104	step_2_no_load	5	6	0.521047445908	0.703870701136	6	622	1	
142	0	105	step_1_no_load	1	2	2	272	
142	0	105	step_2_no_load	3	4	0.722851301692	0.352639603242	3	1206	1	
142	0	106	step_1_no_load	1	2	2	291	
142	0	106	step_2_no_load	3	4	0.699623252899	0.374131494222	3	677	1	
142	0	107	step_1_no_load	1	2	2	346	
142	0	107	step_2_no_load	5	6	0.565220528809	0.692607431435	6	1034	1	
142	0	108	step_1_no_load	1	2	2	362	
142	0	108	step_2_no_load	3	4	0.681491063126	0.388185708856	3	413	1	
142	0	109	step_1_no_load	1	2	2	355	
142	0	109	step_2_no_load	5	6	0.479977531501	0.71632547018	6	435	1	
142	0	110	step_1_no_load	1	2	2	431	
142	0	110	step_2_no_load	5	6	0.432626681236	0.729599891941	6	464	1	
142	0	111	step_1_no_load	1	2	2	303	
142	0	111	step_2_no_load	3	4	0.634599547742	0.407158158569	3	492	1	
142	0	112	step_1_no_load	1	2	2	312	
142	0	112	step_2_no_load	5	6	0.392887565883	0.725701866094	5	554	0	
142	0	113	step_1_no_load	1	2	2	282	
142	0	113	step_2_no_load	5	6	0.370697120277	0.719324307956	6	533	1	
142	0	114	step_1_no_load	1	2	2	300	
142	0	114	step_2_no_load	5	6	0.380324086676	0.718213323791	6	404	0	
142	0	115	step_1_no_load	1	2	2	288	
142	0	115	step_2_no_load	5	6	0.390027643099	0.739704344621	5	391	1	
142	0	116	step_1_no_load	1	2	2	418	
142	0	116	step_2_no_load	5	6	0.378149844807	0.706736514943	5	426	0	
142	0	117	step_1_no_load	1	2	2	296	
142	0	117	step_2_no_load	5	6	0.374621793791	0.747012267642	5	669	1	
142	0	118	step_1_no_load	1	2	2	414	
142	0	118	step_2_no_load	5	6	0.357645851833	0.740051715856	5	537	0	
142	0	119	step_1_no_load	1	2	2	216	
142	0	119	step_2_no_load	5	6	0.357515098446	0.690424535099	6	520	1	
142	0	120	step_1_no_load	1	2	2	648	
142	0	120	step_2_no_load	3	4	0.666433355915	0.333809617664	3	818	1	
142	0	121	step_1_no_load	1	2	2	519	
142	0	121	step_2_no_load	5	6	0.352721767208	0.658856304095	6	729	0	
142	0	122	step_1_no_load	1	2	2	284	
142	0	122	step_2_no_load	5	6	0.329624572119	0.6136886145	6	748	1	
142	0	123	step_1_no_load	1	2	2	349	
142	0	123	step_2_no_load	5	6	0.337526896345	0.583607229978	6	354	0	
142	0	124	step_1_no_load	1	2	-1	-1	
142	0	125	step_1_no_load	1	2	2	7	
142	0	125	step_2_no_load	3	4	0.633566302563	0.290374841566	4	80	0	
142	0	126	step_1_no_load	1	2	2	285	
142	0	126	step_2_no_load	3	4	0.600985760967	0.267206368684	3	530	1	
142	0	127	step_1_no_load	1	2	2	370	
142	0	127	step_2_no_load	5	6	0.274944938508	0.560824094575	6	730	0	
142	0	128	step_1_no_load	1	2	2	18	
142	0	128	step_2_no_load	5	6	0.250790232267	0.636905534066	5	455	0	
142	0	129	step_1_no_load	1	2	2	546	
142	0	129	step_2_no_load	5	6	0.271709703542	0.685297910719	6	904	1	
142	0	130	step_1_no_load	1	2	2	362	
142	0	130	step_2_no_load	5	6	0.274560758494	0.682031489739	6	689	1	
142	0	131	step_1_no_load	1	2	2	228	
142	0	131	step_2_no_load	3	4	0.638450601212	0.281500842289	3	655	0	
142	0	132	step_1_no_load	1	2	2	287	
142	0	132	step_2_no_load	5	6	0.315328810424	0.668578020634	6	558	1	
142	0	133	step_1_no_load	1	2	2	637	
142	0	133	step_2_no_load	5	6	0.312642735495	0.617383991623	6	729	1	
142	0	134	step_1_no_load	1	2	2	421	
142	0	134	step_2_no_load	3	4	0.685529359147	0.287393715313	3	594	1	
142	0	135	step_1_no_load	1	2	1	688	
142	0	135	step_2_no_load	5	6	0.287118934166	0.593710006149	5	12	0	
142	0	136	step_1_no_load	1	2	1	284	
142	0	136	step_2_no_load	5	6	0.284521085726	0.597814413435	6	452	1	
142	0	137	step_1_no_load	1	2	1	676	
142	0	137	step_2_no_load	5	6	0.325016613024	0.605896884497	6	811	1	
142	0	138	step_1_no_load	1	2	1	351	
142	0	138	step_2_no_load	5	6	0.307694123906	0.63240964674	6	597	0	
142	0	139	step_1_no_load	1	2	1	25	
142	0	139	step_2_no_load	3	4	0.696355985729	0.325611400511	3	877	0	
142	0	140	step_1_no_load	1	2	1	378	
142	0	140	step_2_no_load	5	6	0.328174526491	0.671213945178	6	661	1	
142	0	141	step_1_no_load	1	2	1	13	
142	0	141	step_2_no_load	3	4	0.616803346728	0.390227133375	4	978	0	
142	0	142	step_1_no_load	1	2	1	534	
142	0	142	step_2_no_load	3	4	0.627356259123	0.397052682821	4	554	1	
142	0	143	step_1_no_load	1	2	1	398	
142	0	143	step_2_no_load	3	4	0.610219102298	0.410970957547	4	540	0	
142	0	144	step_1_no_load	1	2	1	317	
142	0	144	step_2_no_load	5	6	0.275932517017	0.626443722248	6	624	1	
142	0	145	step_1_no_load	1	2	1	525	
142	0	145	step_2_no_load	3	4	0.606515632748	0.355256413269	4	752	1	
142	0	146	step_1_no_load	1	2	1	469	
142	0	146	step_2_no_load	3	4	0.593778463268	0.320877500969	4	502	0	
142	0	147	step_1_no_load	1	2	1	193	
142	0	147	step_2_no_load	3	4	0.594861186319	0.352879785946	4	617	0	
142	0	148	step_1_no_load	1	2	1	354	
142	0	148	step_2_no_load	5	6	0.305288021243	0.619272702026	5	602	0	
142	0	149	step_1_no_load	1	2	1	732	
142	0	149	step_2_no_load	3	4	0.623203869836	0.300290206122	3	712	1	
142	0	150	step_1_no_load	1	2	1	998	
142	0	150	step_2_no_load	3	4	0.605912419156	0.306860041627	3	783	0	
142	0	151	step_1_no_load	1	2	1	487	
142	0	151	step_2_no_load	3	4	0.614159737668	0.310557101463	4	296	1	
142	0	152	step_1_no_load	1	2	1	420	
142	0	152	step_2_no_load	3	4	0.644204174791	0.323194010514	4	484	0	
142	0	153	step_1_no_load	1	2	2	307	
142	0	153	step_2_no_load	5	6	0.309356532263	0.613336203392	6	447	1	
142	0	154	step_1_no_load	1	2	2	323	
142	0	154	step_2_no_load	5	6	0.316375537537	0.638934099562	6	422	1	
142	0	155	step_1_no_load	1	2	2	281	
142	0	155	step_2_no_load	5	6	0.296093457977	0.632486591889	6	379	0	
142	0	156	step_1_no_load	1	2	2	198	
142	0	156	step_2_no_load	3	4	0.734436160799	0.368378667812	4	273	0	
142	0	157	step_1_no_load	1	2	2	296	
142	0	157	step_2_no_load	5	6	0.350909357271	0.585191807512	6	692	0	
142	0	158	step_1_no_load	1	2	2	205	
142	0	158	step_2_no_load	3	4	0.694270715354	0.334595868098	4	100	1	
142	0	159	step_1_no_load	1	2	2	411	
142	0	159	step_2_no_load	5	6	0.413026375257	0.541222065796	6	686	0	
142	0	160	step_1_no_load	1	2	2	382	
142	0	160	step_2_no_load	5	6	0.415052912783	0.521229931064	5	666	1	
142	0	161	step_1_no_load	1	2	2	718	
142	0	161	step_2_no_load	3	4	0.719896286569	0.438878285506	3	1313	1	
142	0	162	step_1_no_load	1	2	2	472	
142	0	162	step_2_no_load	5	6	0.3926701003	0.566496468084	5	361	1	
142	0	163	step_1_no_load	1	2	2	231	
142	0	163	step_2_no_load	5	6	0.395221309311	0.5863391277	5	373	1	
142	0	164	step_1_no_load	1	2	2	264	
142	0	164	step_2_no_load	5	6	0.432761720497	0.585961845322	5	357	0	
142	0	165	step_1_no_load	1	2	2	294	
142	0	165	step_2_no_load	3	4	0.717506143195	0.347974240867	4	837	0	
142	0	166	step_1_no_load	1	2	2	304	
142	0	166	step_2_no_load	5	6	0.422282731054	0.549095060025	5	586	0	
142	0	167	step_1_no_load	1	2	2	257	
142	0	167	step_2_no_load	5	6	0.38753671275	0.585131062446	6	359	1	
142	0	168	step_1_no_load	1	2	2	595	
142	0	168	step_2_no_load	3	4	0.67192508984	0.335777599654	4	848	0	
142	0	169	step_1_no_load	1	2	2	604	
142	0	169	step_2_no_load	3	4	0.704981910944	0.365156560071	3	410	0	
142	0	170	step_1_no_load	1	2	2	262	
142	0	170	step_2_no_load	3	4	0.67334314737	0.364989630435	4	839	1	
142	0	171	step_1_no_load	1	2	2	377	
142	0	171	step_2_no_load	5	6	0.386979310814	0.553314431843	6	979	0	
142	0	172	step_1_no_load	1	2	2	710	
142	0	172	step_2_no_load	3	4	0.668669556875	0.490120307546	3	1250	1	
142	0	173	step_1_no_load	1	2	2	248	
142	0	173	step_2_no_load	3	4	0.667027212577	0.462866379815	3	664	1	
142	0	174	step_1_no_load	1	2	2	738	
142	0	174	step_2_no_load	5	6	0.387867297446	0.472729524832	6	712	0	
142	0	175	step_1_no_load	1	2	2	283	
142	0	175	step_2_no_load	3	4	0.693968268443	0.484825491933	3	388	1	
142	0	176	step_1_no_load	1	2	2	4	
142	0	176	step_2_no_load	5	6	0.383231572002	0.474046874473	5	946	0	
142	0	177	step_1_no_load	1	2	2	645	
142	0	177	step_2_no_load	5	6	0.357425668099	0.501268576771	6	1025	0	
142	0	178	step_1_no_load	1	2	2	624	
142	0	178	step_2_no_load	3	4	0.705993797498	0.49020858644	4	38	0	
142	0	179	step_1_no_load	1	2	2	288	
142	0	179	step_2_no_load	3	4	0.709345707515	0.493565996034	3	447	0	
142	0	180	step_1_no_load	1	2	2	442	
142	0	180	step_2_no_load	5	6	0.341214611607	0.482853857291	5	1215	1	
142	0	181	step_1_no_load	1	2	2	603	
142	0	181	step_2_no_load	5	6	0.342402764747	0.508735114046	5	729	0	
142	0	182	step_1_no_load	1	2	2	417	
142	0	182	step_2_no_load	5	6	0.340533666308	0.506773281362	6	375	0	
142	0	183	step_1_no_load	1	2	2	789	
142	0	183	step_2_no_load	5	6	0.350175837802	0.502991759047	5	680	0	
142	0	184	step_1_no_load	1	2	2	373	
142	0	184	step_2_no_load	5	6	0.362743255194	0.460890977786	6	572	0	
142	0	185	step_1_no_load	1	2	2	267	
142	0	185	step_2_no_load	5	6	0.362611152222	0.479703516092	5	848	0	
142	0	186	step_1_no_load	1	2	2	362	
142	0	186	step_2_no_load	5	6	0.332733011923	0.46870859828	6	757	1	
142	0	187	step_1_no_load	1	2	2	273	
142	0	187	step_2_no_load	5	6	0.328890769988	0.443962917772	6	810	0	
142	0	188	step_1_no_load	1	2	2	135	
142	0	188	step_2_no_load	3	4	0.696362660087	0.548350535247	3	756	1	
142	0	189	step_1_no_load	1	2	2	353	
142	0	189	step_2_no_load	5	6	0.285168135955	0.448897869069	6	734	1	
142	0	190	step_1_no_load	1	2	2	666	
142	0	190	step_2_no_load	3	4	0.667655825994	0.505820429042	3	496	0	
142	0	191	step_1_no_load	1	2	2	213	
142	0	191	step_2_no_load	5	6	0.318839908867	0.435748387321	6	450	0	
142	0	192	step_1_no_load	1	2	2	1	
142	0	192	step_2_no_load	3	4	0.705517419189	0.493851022417	4	1038	0	
142	0	193	step_1_no_load	1	2	2	401	
142	0	193	step_2_no_load	5	6	0.321008037746	0.440813209638	5	930	0	
142	0	194	step_1_no_load	1	2	2	316	
142	0	194	step_2_no_load	5	6	0.342437174514	0.433250459893	6	918	0	
142	0	195	step_1_no_load	1	2	2	382	
142	0	195	step_2_no_load	5	6	0.348571348505	0.466795336969	5	691	0	
142	0	196	step_1_no_load	1	2	2	0	
142	0	196	step_2_no_load	3	4	0.695101215304	0.496717662777	4	949	0	
142	0	197	step_1_no_load	1	2	2	464	
142	0	197	step_2_no_load	5	6	0.316987700969	0.422511153127	5	619	1	
142	0	198	step_1_no_load	1	2	2	331	
142	0	198	step_2_no_load	5	6	0.303352625941	0.397292432346	5	449	0	
142	0	199	step_1_no_load	1	2	2	255	
142	0	199	step_2_no_load	5	6	0.292861528884	0.39793773834	6	450	1	
142	0	200	step_1_no_load	1	2	2	567	
142	0	200	step_2_no_load	3	4	0.728996708473	0.507902534353	4	889	1	

Tue Apr 17 16:20:17 2018
