Tue Apr 17 17:52:34 2018	
143	0	1	step_1_no_load	1	2	2	604	
143	0	1	step_2_no_load	5	6	0.598297890399	0.457620150462	6	1034	1	
143	0	2	step_1_no_load	1	2	2	401	
143	0	2	step_2_no_load	5	6	0.580156942153	0.474613197709	6	693	0	
143	0	3	step_1_no_load	1	2	2	1	
143	0	3	step_2_no_load	3	4	0.516002945397	0.589215227351	4	494	0	
143	0	4	step_1_no_load	1	2	2	711	
143	0	4	step_2_no_load	5	6	0.597491569846	0.478607661228	6	1050	1	
143	0	5	step_1_no_load	1	2	2	691	
143	0	5	step_2_no_load	3	4	0.543908521457	0.576104915614	3	1311	1	
143	0	6	step_1_no_load	1	2	2	344	
143	0	6	step_2_no_load	5	6	0.585722686883	0.506877622204	6	572	1	
143	0	7	step_1_no_load	1	2	2	380	
143	0	7	step_2_no_load	5	6	0.568656746487	0.500071913476	6	459	1	
143	0	8	step_1_no_load	1	2	2	50	
143	0	8	step_2_no_load	5	6	0.59128639594	0.489816616396	6	497	0	
143	0	9	step_1_no_load	1	2	2	700	
143	0	9	step_2_no_load	5	6	0.598049061473	0.496546708465	5	884	1	
143	0	10	step_1_no_load	1	2	2	1317	
143	0	10	step_2_no_load	5	6	0.652626043146	0.482364178155	5	799	1	
143	0	11	step_1_no_load	1	2	2	321	
143	0	11	step_2_no_load	5	6	0.69163818036	0.477013315682	5	436	1	
143	0	12	step_1_no_load	1	2	2	385	
143	0	12	step_2_no_load	5	6	0.682786328054	0.48457206759	5	460	1	
143	0	13	step_1_no_load	1	2	2	373	
143	0	13	step_2_no_load	5	6	0.653587098421	0.52012981853	5	384	0	
143	0	14	step_1_no_load	1	2	1	498	
143	0	14	step_2_no_load	5	6	0.629137942344	0.491234392147	5	1028	1	
143	0	15	step_1_no_load	1	2	2	911	
143	0	15	step_2_no_load	5	6	0.612260006668	0.505377237737	5	723	0	
143	0	16	step_1_no_load	1	2	1	491	
143	0	16	step_2_no_load	5	6	0.628091198119	0.510958036527	-1	-1	-1	
143	0	17	step_1_no_load	1	2	1	418	
143	0	17	step_2_no_load	5	6	0.633350170016	0.535958400205	6	826	0	
143	0	18	step_1_no_load	1	2	2	806	
143	0	18	step_2_no_load	5	6	0.626834332012	0.517514133912	5	758	1	
143	0	19	step_1_no_load	1	2	2	319	
143	0	19	step_2_no_load	3	4	0.644773170243	0.536502319591	3	936	1	
143	0	20	step_1_no_load	1	2	2	1030	
143	0	20	step_2_no_load	5	6	0.636521555122	0.478025448397	5	558	1	
143	0	21	step_1_no_load	1	2	2	548	
143	0	21	step_2_no_load	3	4	0.611328949295	0.470207377245	3	886	1	
143	0	22	step_1_no_load	1	2	2	431	
143	0	22	step_2_no_load	3	4	0.618527126547	0.468700882609	3	786	1	
143	0	23	step_1_no_load	1	2	2	384	
143	0	23	step_2_no_load	5	6	0.640163623731	0.520606588181	5	916	0	
143	0	24	step_1_no_load	1	2	1	641	
143	0	24	step_2_no_load	3	4	0.5800912085	0.503316199018	3	504	1	
143	0	25	step_1_no_load	1	2	1	374	
143	0	25	step_2_no_load	3	4	0.629917901014	0.503605105412	3	585	1	
143	0	26	step_1_no_load	1	2	1	471	
143	0	26	step_2_no_load	3	4	0.640635035276	0.532884212818	3	499	1	
143	0	27	step_1_no_load	1	2	1	337	
143	0	27	step_2_no_load	3	4	0.642144756622	0.54756089792	3	459	1	
143	0	28	step_1_no_load	1	2	1	286	
143	0	28	step_2_no_load	5	6	0.588356036098	0.520177259699	6	1231	0	
143	0	29	step_1_no_load	1	2	1	521	
143	0	29	step_2_no_load	3	4	0.618626354124	0.561957580386	3	549	0	
143	0	30	step_1_no_load	1	2	1	436	
143	0	30	step_2_no_load	3	4	0.610227092493	0.574272497114	4	455	0	
143	0	31	step_1_no_load	1	2	1	447	
143	0	31	step_2_no_load	3	4	0.606122691795	0.541819886458	3	595	0	
143	0	32	step_1_no_load	1	2	2	359	
143	0	32	step_2_no_load	5	6	0.634585171267	0.520318771114	6	582	1	
143	0	33	step_1_no_load	1	2	2	560	
143	0	33	step_2_no_load	5	6	0.611700032906	0.487664344039	6	584	1	
143	0	34	step_1_no_load	1	2	2	337	
143	0	34	step_2_no_load	5	6	0.575802910074	0.454565258478	6	380	0	
143	0	35	step_1_no_load	1	2	2	265	
143	0	35	step_2_no_load	5	6	0.566827313385	0.491437207585	5	534	0	
143	0	36	step_1_no_load	1	2	2	462	
143	0	36	step_2_no_load	5	6	0.527635087561	0.513210053121	6	501	1	
143	0	37	step_1_no_load	1	2	2	736	
143	0	37	step_2_no_load	5	6	0.513822304161	0.543074626387	6	525	0	
143	0	38	step_1_no_load	1	2	1	383	
143	0	38	step_2_no_load	3	4	0.651263699161	0.595113730206	4	382	1	
143	0	39	step_1_no_load	1	2	2	529	
143	0	39	step_2_no_load	3	4	0.634483337633	0.610601635554	4	976	1	
143	0	40	step_1_no_load	1	2	1	556	
143	0	40	step_2_no_load	5	6	0.580760785074	0.5691386571	6	1364	0	
143	0	41	step_1_no_load	1	2	1	376	
143	0	41	step_2_no_load	3	4	0.633285941184	0.588857868869	4	442	1	
143	0	42	step_1_no_load	1	2	1	833	
143	0	42	step_2_no_load	5	6	0.533857158543	0.553461946234	6	1021	0	
143	0	43	step_1_no_load	1	2	1	489	
143	0	43	step_2_no_load	3	4	0.581931546759	0.612705031264	4	446	1	
143	0	44	step_1_no_load	1	2	1	630	
143	0	44	step_2_no_load	5	6	0.541854396676	0.537842745081	5	870	1	
143	0	45	step_1_no_load	1	2	1	825	
143	0	45	step_2_no_load	3	4	0.620699591043	0.632991467829	3	1195	0	
143	0	46	step_1_no_load	1	2	1	275	
143	0	46	step_2_no_load	3	4	0.654261318712	0.600964500555	4	683	1	
143	0	47	step_1_no_load	1	2	1	732	
143	0	47	step_2_no_load	3	4	0.634373567175	0.598724660986	4	947	0	
143	0	48	step_1_no_load	1	2	1	489	
143	0	48	step_2_no_load	3	4	0.657624935632	0.615767119776	3	656	1	
143	0	49	step_1_no_load	1	2	1	435	
143	0	49	step_2_no_load	5	6	0.512405963374	0.489287375157	5	422	0	
143	0	50	step_1_no_load	1	2	1	264	
143	0	50	step_2_no_load	3	4	0.593458480934	0.606862017918	3	306	1	
143	0	51	step_1_no_load	1	2	1	282	
143	0	51	step_2_no_load	5	6	0.508197321577	0.469943944943	6	823	1	
143	0	52	step_1_no_load	1	2	1	1002	
143	0	52	step_2_no_load	3	4	0.613408921915	0.539065404057	3	629	1	
143	0	53	step_1_no_load	1	2	1	868	
143	0	53	step_2_no_load	3	4	0.630956764252	0.551457882502	3	747	1	
143	0	54	step_1_no_load	1	2	1	718	
143	0	54	step_2_no_load	3	4	0.652515308527	0.570223904064	3	594	0	
143	0	55	step_1_no_load	1	2	2	331	
143	0	55	step_2_no_load	5	6	0.526704292526	0.487025527704	6	590	0	
143	0	56	step_1_no_load	1	2	1	299	
143	0	56	step_2_no_load	3	4	0.60038825769	0.601856598146	3	571	1	
143	0	57	step_1_no_load	1	2	1	416	
143	0	57	step_2_no_load	3	4	0.586335094239	0.641849303307	3	425	1	
143	0	58	step_1_no_load	1	2	1	360	
143	0	58	step_2_no_load	5	6	0.528376440027	0.478335218822	6	1128	1	
143	0	59	step_1_no_load	1	2	1	320	
143	0	59	step_2_no_load	3	4	0.608951267756	0.632500293208	3	641	1	
143	0	60	step_1_no_load	1	2	1	501	
143	0	60	step_2_no_load	3	4	0.599559577859	0.623687406259	3	573	0	
143	0	61	step_1_no_load	1	2	1	326	
143	0	61	step_2_no_load	3	4	0.602879526975	0.669587072502	3	374	0	
143	0	62	step_1_no_load	1	2	2	289	
143	0	62	step_2_no_load	3	4	0.622820395113	0.691137204746	4	409	1	
143	0	63	step_1_no_load	1	2	1	1110	
143	0	63	step_2_no_load	3	4	0.642623127313	0.664284493458	4	732	0	
143	0	64	step_1_no_load	1	2	2	319	
143	0	64	step_2_no_load	3	4	0.626149195169	0.642369708469	3	1064	0	
143	0	65	step_1_no_load	1	2	2	979	
143	0	65	step_2_no_load	5	6	0.517687993213	0.569109504048	6	512	1	
143	0	66	step_1_no_load	1	2	2	415	
143	0	66	step_2_no_load	5	6	0.555324764318	0.573761869714	6	451	1	
143	0	67	step_1_no_load	1	2	2	399	
143	0	67	step_2_no_load	3	4	0.674463681351	0.597650193897	4	1070	0	
143	0	68	step_1_no_load	1	2	2	521	
143	0	68	step_2_no_load	5	6	0.523301545299	0.509127161919	6	448	0	
143	0	69	step_1_no_load	1	2	2	623	
143	0	69	step_2_no_load	3	4	0.718756538957	0.622221685203	4	811	1	
143	0	70	step_1_no_load	1	2	1	680	
143	0	70	step_2_no_load	5	6	0.548075770764	0.498834901463	5	997	0	
143	0	71	step_1_no_load	1	2	1	256	
143	0	71	step_2_no_load	5	6	0.546215110045	0.482863323776	-1	-1	-1	
143	0	72	step_1_no_load	1	2	1	585	
143	0	72	step_2_no_load	5	6	0.556486305476	0.47409116389	5	757	0	
143	0	73	step_1_no_load	1	2	1	282	
143	0	73	step_2_no_load	5	6	0.50185699984	0.435957313805	6	1206	1	
143	0	74	step_1_no_load	1	2	1	602	
143	0	74	step_2_no_load	3	4	0.693624670847	0.614462146454	4	949	1	
143	0	75	step_1_no_load	1	2	1	559	
143	0	75	step_2_no_load	5	6	0.483983914712	0.44832280175	6	704	0	
143	0	76	step_1_no_load	1	2	2	420	
143	0	76	step_2_no_load	5	6	0.518881389358	0.488583631821	6	1034	0	
143	0	77	step_1_no_load	1	2	1	442	
143	0	77	step_2_no_load	5	6	0.538119616568	0.446809557226	6	978	1	
143	0	78	step_1_no_load	1	2	1	792	
143	0	78	step_2_no_load	5	6	0.538654072849	0.435911167612	6	836	0	
143	0	79	step_1_no_load	1	2	1	440	
143	0	79	step_2_no_load	3	4	0.647841624544	0.513695512795	3	1037	0	
143	0	80	step_1_no_load	1	2	1	713	
143	0	80	step_2_no_load	3	4	0.703969305517	0.518583383166	4	540	0	
143	0	81	step_1_no_load	1	2	2	312	
143	0	81	step_2_no_load	5	6	0.494116554432	0.419265522488	6	681	1	
143	0	82	step_1_no_load	1	2	2	491	
143	0	82	step_2_no_load	3	4	0.688340116885	0.564729328387	3	1299	1	
143	0	83	step_1_no_load	1	2	2	435	
143	0	83	step_2_no_load	5	6	0.483255412498	0.382772464038	6	398	1	
143	0	84	step_1_no_load	1	2	2	365	
143	0	84	step_2_no_load	5	6	0.505586222209	0.385087938645	6	600	1	
143	0	85	step_1_no_load	1	2	2	342	
143	0	85	step_2_no_load	5	6	0.485785534744	0.384458259121	6	590	0	
143	0	86	step_1_no_load	1	2	2	281	
143	0	86	step_2_no_load	5	6	0.486462788728	0.345323068124	6	312	0	
143	0	87	step_1_no_load	1	2	2	444	
143	0	87	step_2_no_load	3	4	0.690012761069	0.719375344246	3	1097	1	
143	0	88	step_1_no_load	1	2	2	694	
143	0	88	step_2_no_load	5	6	0.509563243675	0.377947492322	5	623	0	
143	0	89	step_1_no_load	1	2	1	278	
143	0	89	step_2_no_load	3	4	0.660112261017	0.690772436485	3	476	0	
143	0	90	step_1_no_load	1	2	1	319	
143	0	90	step_2_no_load	3	4	0.688736868033	0.712247848046	4	336	1	
143	0	91	step_1_no_load	1	2	1	639	
143	0	91	step_2_no_load	5	6	0.479087223222	0.43534164751	6	1044	0	
143	0	92	step_1_no_load	1	2	1	370	
143	0	92	step_2_no_load	5	6	0.484260039873	0.444368850664	6	404	1	
143	0	93	step_1_no_load	1	2	1	542	
143	0	93	step_2_no_load	3	4	0.662863370634	0.70415710998	4	736	0	
143	0	94	step_1_no_load	1	2	2	451	
143	0	94	step_2_no_load	5	6	0.468637558205	0.429211756872	5	585	1	
143	0	95	step_1_no_load	1	2	1	385	
143	0	95	step_2_no_load	5	6	0.42505578884	0.427150666411	5	809	1	
143	0	96	step_1_no_load	1	2	1	707	
143	0	96	step_2_no_load	5	6	0.437558890646	0.383038640121	5	518	1	
143	0	97	step_1_no_load	1	2	1	378	
143	0	97	step_2_no_load	5	6	0.455601814112	0.392885664353	5	468	0	
143	0	98	step_1_no_load	1	2	1	336	
143	0	98	step_2_no_load	3	4	0.646040060297	0.70287861952	3	851	0	
143	0	99	step_1_no_load	1	2	1	374	
143	0	99	step_2_no_load	5	6	0.375249961522	0.397561363605	5	431	0	
143	0	100	step_1_no_load	1	2	1	388	
143	0	100	step_2_no_load	5	6	0.363162156005	0.4333505304	6	479	1	
143	0	101	step_1_no_load	1	2	1	304	
143	0	101	step_2_no_load	3	4	0.655903528958	0.623812401974	4	972	1	
143	0	102	step_1_no_load	1	2	1	415	
143	0	102	step_2_no_load	3	4	0.663124617603	0.666304534392	4	779	0	
143	0	103	step_1_no_load	1	2	1	712	
143	0	103	step_2_no_load	3	4	0.69058998368	0.663997796029	4	414	0	
143	0	104	step_1_no_load	1	2	1	267	
143	0	104	step_2_no_load	3	4	0.743372642809	0.703870701136	3	924	0	
143	0	105	step_1_no_load	1	2	2	400	
143	0	105	step_2_no_load	5	6	0.352639603242	0.514318365187	6	762	1	
143	0	106	step_1_no_load	1	2	2	454	
143	0	106	step_2_no_load	5	6	0.374131494222	0.508908032404	6	669	0	
143	0	107	step_1_no_load	1	2	2	485	
143	0	107	step_2_no_load	5	6	0.388257337796	0.565220528809	5	424	0	
143	0	108	step_1_no_load	1	2	1	492	
143	0	108	step_2_no_load	5	6	0.388185708856	0.526955028982	5	711	0	
143	0	109	step_1_no_load	1	2	1	375	
143	0	109	step_2_no_load	3	4	0.68658494263	0.71632547018	3	854	1	
143	0	110	step_1_no_load	1	2	2	608	
143	0	110	step_2_no_load	5	6	0.395544455384	0.432626681236	5	784	1	
143	0	111	step_1_no_load	1	2	2	658	
143	0	111	step_2_no_load	5	6	0.407158158569	0.384948378665	5	641	0	
143	0	112	step_1_no_load	1	2	1	450	
143	0	112	step_2_no_load	3	4	0.635252945963	0.725701866094	3	915	1	
143	0	113	step_1_no_load	1	2	1	428	
143	0	113	step_2_no_load	3	4	0.634627459817	0.719324307956	3	505	0	
143	0	114	step_1_no_load	1	2	1	500	
143	0	114	step_2_no_load	5	6	0.384736699284	0.380324086676	6	1180	0	
143	0	115	step_1_no_load	1	2	1	345	
143	0	115	step_2_no_load	5	6	0.357661171116	0.390027643099	5	385	0	
143	0	116	step_1_no_load	1	2	1	419	
143	0	116	step_2_no_load	5	6	0.369438791876	0.378149844807	6	472	1	
143	0	117	step_1_no_load	1	2	1	507	
143	0	117	step_2_no_load	3	4	0.671842537277	0.747012267642	4	866	0	
143	0	118	step_1_no_load	1	2	1	326	
143	0	118	step_2_no_load	3	4	0.690484235012	0.740051715856	3	981	1	
143	0	119	step_1_no_load	1	2	1	435	
143	0	119	step_2_no_load	3	4	0.661177321751	0.690424535099	3	446	1	
143	0	120	step_1_no_load	1	2	1	387	
143	0	120	step_2_no_load	5	6	0.333809617664	0.370150243662	6	754	1	
143	0	121	step_1_no_load	1	2	1	337	
143	0	121	step_2_no_load	3	4	0.671052306195	0.658856304095	3	834	1	
143	0	122	step_1_no_load	1	2	1	485	
143	0	122	step_2_no_load	3	4	0.672193618854	0.6136886145	3	685	0	
143	0	123	step_1_no_load	1	2	2	283	
143	0	123	step_2_no_load	3	4	0.664849878232	0.583607229978	4	947	1	
143	0	124	step_1_no_load	1	2	2	548	
143	0	124	step_2_no_load	3	4	0.624161788269	0.603013298253	4	588	1	
143	0	125	step_1_no_load	1	2	2	329	
143	0	125	step_2_no_load	5	6	0.290374841566	0.303110862715	6	582	1	
143	0	126	step_1_no_load	1	2	2	318	
143	0	126	step_2_no_load	5	6	0.267206368684	0.300846667696	6	420	0	
143	0	127	step_1_no_load	1	2	2	364	
143	0	127	step_2_no_load	5	6	0.273483952592	0.274944938508	5	467	1	
143	0	128	step_1_no_load	1	2	1	422	
143	0	128	step_2_no_load	3	4	0.620672334996	0.636905534066	3	483	1	
143	0	129	step_1_no_load	1	2	1	296	
143	0	129	step_2_no_load	3	4	0.632682846317	0.685297910719	3	401	0	
143	0	130	step_1_no_load	1	2	2	349	
143	0	130	step_2_no_load	5	6	0.267460866951	0.274560758494	6	374	0	
143	0	131	step_1_no_load	1	2	2	658	
143	0	131	step_2_no_load	3	4	0.638450601212	0.678044920845	3	419	1	
143	0	132	step_1_no_load	1	2	1	291	
143	0	132	step_2_no_load	3	4	0.660013924697	0.668578020634	3	603	1	
143	0	133	step_1_no_load	1	2	1	294	
143	0	133	step_2_no_load	3	4	0.691649444281	0.617383991623	3	369	0	
143	0	134	step_1_no_load	1	2	2	284	
143	0	134	step_2_no_load	3	4	0.685529359147	0.621945110858	4	546	0	
143	0	135	step_1_no_load	1	2	1	723	
143	0	135	step_2_no_load	3	4	0.700779221781	0.593710006149	3	492	1	
143	0	136	step_1_no_load	1	2	1	423	
143	0	136	step_2_no_load	5	6	0.307766925452	0.284521085726	6	751	0	
143	0	137	step_1_no_load	1	2	1	348	
143	0	137	step_2_no_load	3	4	0.668540846495	0.605896884497	3	356	0	
143	0	138	step_1_no_load	1	2	1	289	
143	0	138	step_2_no_load	3	4	0.688182193337	0.63240964674	4	575	1	
143	0	139	step_1_no_load	1	2	1	889	
143	0	139	step_2_no_load	5	6	0.325611400511	0.323660750961	6	919	1	
143	0	140	step_1_no_load	1	2	1	468	
143	0	140	step_2_no_load	3	4	0.637682840728	0.671213945178	4	902	1	
143	0	141	step_1_no_load	1	2	1	328	
143	0	141	step_2_no_load	5	6	0.390227133375	0.311809871418	6	650	0	
143	0	142	step_1_no_load	1	2	1	389	
143	0	142	step_2_no_load	3	4	0.627356259123	0.690276058009	4	956	1	
143	0	143	step_1_no_load	1	2	1	632	
143	0	143	step_2_no_load	3	4	0.610219102298	0.661365099615	3	1075	1	
143	0	144	step_1_no_load	1	2	1	338	
143	0	144	step_2_no_load	3	4	0.639347300184	0.626443722248	3	377	0	
143	0	145	step_1_no_load	1	2	1	177	
143	0	145	step_2_no_load	5	6	0.355256413269	0.266265924094	6	667	0	
143	0	146	step_1_no_load	1	2	1	443	
143	0	146	step_2_no_load	5	6	0.320877500969	0.257861956214	5	684	1	
143	0	147	step_1_no_load	1	2	1	708	
143	0	147	step_2_no_load	3	4	0.594861186319	0.647798886916	4	687	0	
143	0	148	step_1_no_load	1	2	1	391	
143	0	148	step_2_no_load	3	4	0.648050021239	0.619272702026	3	406	0	
143	0	149	step_1_no_load	1	2	2	251	
143	0	149	step_2_no_load	5	6	0.300290206122	0.269951834184	6	385	1	
143	0	150	step_1_no_load	1	2	2	451	
143	0	150	step_2_no_load	5	6	0.306860041627	0.305587692243	6	468	0	
143	0	151	step_1_no_load	1	2	2	238	
143	0	151	step_2_no_load	5	6	0.310557101463	0.348172164421	6	417	0	
143	0	152	step_1_no_load	1	2	2	321	
143	0	152	step_2_no_load	5	6	0.323194010514	0.307702500543	5	412	0	
143	0	153	step_1_no_load	1	2	2	301	
143	0	153	step_2_no_load	5	6	0.343622632154	0.309356532263	6	492	0	
143	0	154	step_1_no_load	1	2	2	473	
143	0	154	step_2_no_load	5	6	0.348349389262	0.316375537537	5	556	0	
143	0	155	step_1_no_load	1	2	1	312	
143	0	155	step_2_no_load	3	4	0.716100930629	0.632486591889	3	399	0	
143	0	156	step_1_no_load	1	2	1	274	
143	0	156	step_2_no_load	3	4	0.734436160799	0.631048201903	4	442	0	
143	0	157	step_1_no_load	1	2	1	322	
143	0	157	step_2_no_load	3	4	0.720725456325	0.585191807512	3	319	1	
143	0	158	step_1_no_load	1	2	1	239	
143	0	158	step_2_no_load	3	4	0.694270715354	0.532722108502	3	380	1	
143	0	159	step_1_no_load	1	2	1	308	
143	0	159	step_2_no_load	3	4	0.697903160072	0.541222065796	3	367	0	
143	0	160	step_1_no_load	1	2	1	350	
143	0	160	step_2_no_load	3	4	0.710728171711	0.521229931064	3	411	1	
143	0	161	step_1_no_load	1	2	1	276	
143	0	161	step_2_no_load	3	4	0.719896286569	0.516036498158	3	365	1	
143	0	162	step_1_no_load	1	2	1	389	
143	0	162	step_2_no_load	3	4	0.695144769903	0.566496468084	3	429	1	
143	0	163	step_1_no_load	1	2	1	420	
143	0	163	step_2_no_load	3	4	0.697095951435	0.5863391277	3	404	1	
143	0	164	step_1_no_load	1	2	1	430	
143	0	164	step_2_no_load	3	4	0.692137394606	0.585961845322	3	677	1	
143	0	165	step_1_no_load	1	2	1	388	
143	0	165	step_2_no_load	3	4	0.717506143195	0.538026607649	3	441	1	
143	0	166	step_1_no_load	1	2	1	300	
143	0	166	step_2_no_load	5	6	0.356317216644	0.422282731054	5	357	1	
143	0	167	step_1_no_load	1	2	1	297	
143	0	167	step_2_no_load	5	6	0.331115714939	0.38753671275	5	360	0	
143	0	168	step_1_no_load	1	2	1	256	
143	0	168	step_2_no_load	3	4	0.67192508984	0.613361520676	3	495	1	
143	0	169	step_1_no_load	1	2	1	309	
143	0	169	step_2_no_load	5	6	0.365156560071	0.42098542374	5	474	0	
143	0	170	step_1_no_load	1	2	1	285	
143	0	170	step_2_no_load	3	4	0.67334314737	0.57151385403	3	545	1	
143	0	171	step_1_no_load	1	2	1	280	
143	0	171	step_2_no_load	3	4	0.727248140829	0.553314431843	3	530	1	
143	0	172	step_1_no_load	1	2	1	375	
143	0	172	step_2_no_load	3	4	0.668669556875	0.519090471457	3	783	1	
143	0	173	step_1_no_load	1	2	1	329	
143	0	173	step_2_no_load	3	4	0.667027212577	0.484428109849	3	646	1	
143	0	174	step_1_no_load	1	2	1	306	
143	0	174	step_2_no_load	3	4	0.729877433725	0.472729524832	3	441	1	
143	0	175	step_1_no_load	1	2	1	149	
143	0	175	step_2_no_load	3	4	0.693968268443	0.52644949356	3	410	0	
143	0	176	step_1_no_load	1	2	1	432	
143	0	176	step_2_no_load	3	4	0.679250000396	0.474046874473	3	542	0	
143	0	177	step_1_no_load	1	2	1	297	
143	0	177	step_2_no_load	5	6	0.4798184927	0.357425668099	6	885	0	
143	0	178	step_1_no_load	1	2	1	321	
143	0	178	step_2_no_load	5	6	0.49020858644	0.36473828006	6	816	0	
143	0	179	step_1_no_load	1	2	1	286	
143	0	179	step_2_no_load	3	4	0.709345707515	0.457298770028	4	651	0	
143	0	180	step_1_no_load	1	2	1	379	
143	0	180	step_2_no_load	3	4	0.719795072986	0.482853857291	4	576	0	
143	0	181	step_1_no_load	1	2	2	252	
143	0	181	step_2_no_load	5	6	0.480141179559	0.342402764747	6	369	1	
143	0	182	step_1_no_load	1	2	2	343	
143	0	182	step_2_no_load	5	6	0.49907747228	0.340533666308	6	420	0	
143	0	183	step_1_no_load	1	2	2	268	
143	0	183	step_2_no_load	5	6	0.492742497507	0.350175837802	5	386	1	
143	0	184	step_1_no_load	1	2	1	443	
143	0	184	step_2_no_load	5	6	0.480863422096	0.362743255194	5	625	1	
143	0	185	step_1_no_load	1	2	2	288	
143	0	185	step_2_no_load	5	6	0.482228039858	0.362611152222	5	630	0	
143	0	186	step_1_no_load	1	2	2	275	
143	0	186	step_2_no_load	3	4	0.656308636836	0.46870859828	4	843	1	
143	0	187	step_1_no_load	1	2	2	580	
143	0	187	step_2_no_load	3	4	0.678211978625	0.443962917772	4	821	0	
143	0	188	step_1_no_load	1	2	2	386	
143	0	188	step_2_no_load	5	6	0.548350535247	0.291508050861	5	449	1	
143	0	189	step_1_no_load	1	2	2	602	
143	0	189	step_2_no_load	5	6	0.534753756004	0.285168135955	5	703	1	
143	0	190	step_1_no_load	1	2	2	353	
143	0	190	step_2_no_load	5	6	0.505820429042	0.304557739386	5	406	0	
143	0	191	step_1_no_load	1	2	2	301	
143	0	191	step_2_no_load	5	6	0.512103523931	0.318839908867	5	380	1	
143	0	192	step_1_no_load	1	2	2	490	
143	0	192	step_2_no_load	3	4	0.705517419189	0.450791310283	3	317	1	
143	0	193	step_1_no_load	1	2	2	283	
143	0	193	step_2_no_load	5	6	0.504944704439	0.321008037746	5	376	1	
143	0	194	step_1_no_load	1	2	2	319	
143	0	194	step_2_no_load	5	6	0.505359594715	0.342437174514	5	425	1	
143	0	195	step_1_no_load	1	2	2	321	
143	0	195	step_2_no_load	5	6	0.494102184238	0.348571348505	5	468	1	
143	0	196	step_1_no_load	1	2	2	266	
143	0	196	step_2_no_load	5	6	0.496717662777	0.365373286058	5	354	1	
143	0	197	step_1_no_load	1	2	2	387	
143	0	197	step_2_no_load	5	6	0.47786945426	0.316987700969	5	438	1	
143	0	198	step_1_no_load	1	2	2	74	
143	0	198	step_2_no_load	5	6	0.485065498391	0.303352625941	5	422	0	
143	0	199	step_1_no_load	1	2	2	280	
143	0	199	step_2_no_load	5	6	0.529438031858	0.292861528884	5	462	0	
143	0	200	step_1_no_load	1	2	2	284	
143	0	200	step_2_no_load	3	4	0.728996708473	0.372436949782	4	758	1	

Tue Apr 17 18:10:46 2018
