Tue Apr 24 14:30:13 2018	
144	0	1	step_1_no_load	1	2	1	570	
144	0	1	step_2_no_load	3	4	0.511789129507	0.457620150462	3	636	0	
144	0	2	step_1_no_load	1	2	1	359	
144	0	2	step_2_no_load	3	4	0.533203491871	0.474613197709	4	458	0	
144	0	3	step_1_no_load	1	2	2	412	
144	0	3	step_2_no_load	5	6	0.589215227351	0.584197065669	5	500	1	
144	0	4	step_1_no_load	1	2	2	303	
144	0	4	step_2_no_load	3	4	0.494597764192	0.478607661228	3	360	1	
144	0	5	step_1_no_load	1	2	2	397	
144	0	5	step_2_no_load	5	6	0.576104915614	0.623810210114	5	424	1	
144	0	6	step_1_no_load	1	2	2	319	
144	0	6	step_2_no_load	3	4	0.490454120702	0.506877622204	3	384	1	
144	0	7	step_1_no_load	1	2	2	282	
144	0	7	step_2_no_load	3	4	0.506408070053	0.500071913476	3	557	1	
144	0	8	step_1_no_load	1	2	2	296	
144	0	8	step_2_no_load	3	4	0.499203529332	0.489816616396	3	780	0	
144	0	9	step_1_no_load	1	2	1	395	
144	0	9	step_2_no_load	5	6	0.641106877158	0.598049061473	5	560	0	
144	0	10	step_1_no_load	1	2	1	293	
144	0	10	step_2_no_load	3	4	0.576063520885	0.482364178155	3	860	1	
144	0	11	step_1_no_load	1	2	1	384	
144	0	11	step_2_no_load	3	4	0.59022801242	0.477013315682	3	589	0	
144	0	12	step_1_no_load	1	2	1	692	
144	0	12	step_2_no_load	3	4	0.597131918027	0.48457206759	3	821	0	
144	0	13	step_1_no_load	1	2	1	297	
144	0	13	step_2_no_load	5	6	0.558313135925	0.653587098421	5	1102	0	
144	0	14	step_1_no_load	1	2	1	329	
144	0	14	step_2_no_load	5	6	0.545555696267	0.629137942344	6	682	1	
144	0	15	step_1_no_load	1	2	1	394	
144	0	15	step_2_no_load	3	4	0.633564630036	0.505377237737	4	841	0	
144	0	16	step_1_no_load	1	2	2	434	
144	0	16	step_2_no_load	5	6	0.553308964466	0.628091198119	6	640	0	
144	0	17	step_1_no_load	1	2	2	352	
144	0	17	step_2_no_load	5	6	0.562895132605	0.633350170016	5	496	0	
144	0	18	step_1_no_load	1	2	2	575	
144	0	18	step_2_no_load	5	6	0.553554620302	0.626834332012	5	393	0	
144	0	19	step_1_no_load	1	2	2	319	
144	0	19	step_2_no_load	5	6	0.536502319591	0.619895761657	6	529	0	
144	0	20	step_1_no_load	1	2	1	277	
144	0	20	step_2_no_load	5	6	0.491720931314	0.636521555122	5	400	0	
144	0	21	step_1_no_load	1	2	1	362	
144	0	21	step_2_no_load	3	4	0.611328949295	0.49769376036	4	1099	0	
144	0	22	step_1_no_load	1	2	1	291	
144	0	22	step_2_no_load	3	4	0.618527126547	0.506100011497	3	535	0	
144	0	23	step_1_no_load	1	2	2	457	
144	0	23	step_2_no_load	3	4	0.604065470975	0.520606588181	3	583	0	
144	0	24	step_1_no_load	1	2	2	351	
144	0	24	step_2_no_load	5	6	0.503316199018	0.582115115688	6	452	1	
144	0	25	step_1_no_load	1	2	2	334	
144	0	25	step_2_no_load	5	6	0.503605105412	0.565698722896	6	439	1	
144	0	26	step_1_no_load	1	2	2	382	
144	0	26	step_2_no_load	5	6	0.532884212818	0.592410219737	6	527	0	
144	0	27	step_1_no_load	1	2	1	307	
144	0	27	step_2_no_load	3	4	0.642144756622	0.507272671939	4	431	1	
144	0	28	step_1_no_load	1	2	1	319	
144	0	28	step_2_no_load	3	4	0.647441527317	0.520177259699	4	512	1	
144	0	29	step_1_no_load	1	2	1	305	
144	0	29	step_2_no_load	3	4	0.618626354124	0.521159009103	4	463	1	
144	0	30	step_1_no_load	1	2	1	337	
144	0	30	step_2_no_load	5	6	0.574272497114	0.608245979832	6	683	0	
144	0	31	step_1_no_load	1	2	2	277	
144	0	31	step_2_no_load	3	4	0.606122691795	0.483156722265	4	475	1	
144	0	32	step_1_no_load	1	2	2	378	
144	0	32	step_2_no_load	5	6	0.522993086096	0.634585171267	5	504	1	
144	0	33	step_1_no_load	1	2	2	269	
144	0	33	step_2_no_load	5	6	0.542309898544	0.611700032906	5	406	0	
144	0	34	step_1_no_load	1	2	1	337	
144	0	34	step_2_no_load	3	4	0.670290552209	0.454565258478	4	473	1	
144	0	35	step_1_no_load	1	2	1	1406	
144	0	35	step_2_no_load	3	4	0.649776015006	0.491437207585	3	753	0	
144	0	36	step_1_no_load	1	2	1	297	
144	0	36	step_2_no_load	3	4	0.661229326326	0.513210053121	4	433	0	
144	0	37	step_1_no_load	1	2	2	306	
144	0	37	step_2_no_load	5	6	0.598446394142	0.513822304161	6	734	0	
144	0	38	step_1_no_load	1	2	2	267	
144	0	38	step_2_no_load	3	4	0.651263699161	0.553931241266	4	1331	1	
144	0	39	step_1_no_load	1	2	2	386	
144	0	39	step_2_no_load	5	6	0.610601635554	0.557005857101	6	369	0	
144	0	40	step_1_no_load	1	2	1	441	
144	0	40	step_2_no_load	5	6	0.607992802154	0.580760785074	5	792	0	
144	0	41	step_1_no_load	1	2	2	312	
144	0	41	step_2_no_load	3	4	0.633285941184	0.583829055298	4	974	1	
144	0	42	step_1_no_load	1	2	2	340	
144	0	42	step_2_no_load	3	4	0.606696263624	0.553461946234	4	571	0	
144	0	43	step_1_no_load	1	2	2	435	
144	0	43	step_2_no_load	5	6	0.612705031264	0.553703096215	6	674	1	
144	0	44	step_1_no_load	1	2	2	384	
144	0	44	step_2_no_load	5	6	0.611481438855	0.541854396676	6	535	0	
144	0	45	step_1_no_load	1	2	2	267	
144	0	45	step_2_no_load	5	6	0.632991467829	0.579346234508	6	489	1	
144	0	46	step_1_no_load	1	2	2	392	
144	0	46	step_2_no_load	5	6	0.600964500555	0.55511883717	6	441	0	
144	0	47	step_1_no_load	1	2	2	279	
144	0	47	step_2_no_load	5	6	0.598724660986	0.546259467838	6	382	0	
144	0	48	step_1_no_load	1	2	1	381	
144	0	48	step_2_no_load	5	6	0.615767119776	0.534690828011	5	1304	0	
144	0	49	step_1_no_load	1	2	1	514	
144	0	49	step_2_no_load	3	4	0.614679490594	0.489287375157	3	675	1	
144	0	50	step_1_no_load	1	2	1	272	
144	0	50	step_2_no_load	5	6	0.606862017918	0.481616544184	5	453	1	
144	0	51	step_1_no_load	1	2	1	325	
144	0	51	step_2_no_load	3	4	0.613357430892	0.469943944943	3	656	0	
144	0	52	step_1_no_load	1	2	2	308	
144	0	52	step_2_no_load	3	4	0.613408921915	0.429622901875	3	622	1	
144	0	53	step_1_no_load	1	2	2	321	
144	0	53	step_2_no_load	3	4	0.630956764252	0.451905460347	3	362	0	
144	0	54	step_1_no_load	1	2	1	245	
144	0	54	step_2_no_load	3	4	0.652515308527	0.491512498697	3	405	0	
144	0	55	step_1_no_load	1	2	1	298	
144	0	55	step_2_no_load	5	6	0.574045915747	0.526704292526	5	473	1	
144	0	56	step_1_no_load	1	2	1	334	
144	0	56	step_2_no_load	3	4	0.60038825769	0.459773408493	3	417	1	
144	0	57	step_1_no_load	1	2	1	349	
144	0	57	step_2_no_load	5	6	0.641849303307	0.516475618243	5	356	0	
144	0	58	step_1_no_load	1	2	1	421	
144	0	58	step_2_no_load	5	6	0.664682809182	0.528376440027	6	482	1	
144	0	59	step_1_no_load	1	2	1	295	
144	0	59	step_2_no_load	3	4	0.608951267756	0.480274332693	4	467	1	
144	0	60	step_1_no_load	1	2	1	749	
144	0	60	step_2_no_load	3	4	0.599559577859	0.491916707098	4	511	1	
144	0	61	step_1_no_load	1	2	1	437	
144	0	61	step_2_no_load	3	4	0.602879526975	0.464268875813	4	266	0	
144	0	62	step_1_no_load	1	2	2	367	
144	0	62	step_2_no_load	3	4	0.622820395113	0.50724109756	3	498	0	
144	0	63	step_1_no_load	1	2	2	310	
144	0	63	step_2_no_load	5	6	0.664284493458	0.519445130796	5	579	1	
144	0	64	step_1_no_load	1	2	2	387	
144	0	64	step_2_no_load	3	4	0.626149195169	0.555062911513	3	525	1	
144	0	65	step_1_no_load	1	2	2	316	
144	0	65	step_2_no_load	5	6	0.612660225018	0.517687993213	5	728	1	
144	0	66	step_1_no_load	1	2	2	289	
144	0	66	step_2_no_load	5	6	0.606938648072	0.555324764318	5	538	1	
144	0	67	step_1_no_load	1	2	2	351	
144	0	67	step_2_no_load	3	4	0.674463681351	0.542076810516	3	276	1	
144	0	68	step_1_no_load	1	2	1	777	
144	0	68	step_2_no_load	3	4	0.719455209845	0.509127161919	3	445	0	
144	0	69	step_1_no_load	1	2	2	349	
144	0	69	step_2_no_load	5	6	0.622221685203	0.560462111264	5	352	1	
144	0	70	step_1_no_load	1	2	2	337	
144	0	70	step_2_no_load	3	4	0.697741832068	0.498834901463	3	388	1	
144	0	71	step_1_no_load	1	2	2	301	
144	0	71	step_2_no_load	5	6	0.639174917797	0.546215110045	5	371	1	
144	0	72	step_1_no_load	1	2	2	317	
144	0	72	step_2_no_load	5	6	0.626024641967	0.556486305476	5	388	0	
144	0	73	step_1_no_load	1	2	1	274	
144	0	73	step_2_no_load	5	6	0.657126403029	0.50185699984	5	345	1	
144	0	74	step_1_no_load	1	2	1	309	
144	0	74	step_2_no_load	3	4	0.693624670847	0.453420386428	3	457	1	
144	0	75	step_1_no_load	1	2	1	442	
144	0	75	step_2_no_load	3	4	0.697629587097	0.44832280175	3	373	1	
144	0	76	step_1_no_load	1	2	1	327	
144	0	76	step_2_no_load	5	6	0.62770291155	0.518881389358	5	445	0	
144	0	77	step_1_no_load	1	2	1	532	
144	0	77	step_2_no_load	3	4	0.679737625371	0.446809557226	3	806	1	
144	0	78	step_1_no_load	1	2	1	324	
144	0	78	step_2_no_load	3	4	0.647586191228	0.435911167612	3	448	1	
144	0	79	step_1_no_load	1	2	1	367	
144	0	79	step_2_no_load	3	4	0.647841624544	0.389124152368	3	411	1	
144	0	80	step_1_no_load	1	2	1	282	
144	0	80	step_2_no_load	3	4	0.703969305517	0.396016175285	3	477	1	
144	0	81	step_1_no_load	1	2	1	386	
144	0	81	step_2_no_load	3	4	0.702400933084	0.419265522488	3	363	1	
144	0	82	step_1_no_load	1	2	1	365	
144	0	82	step_2_no_load	3	4	0.688340116885	0.395813831323	3	363	1	
144	0	83	step_1_no_load	1	2	1	524	
144	0	83	step_2_no_load	3	4	0.726885136842	0.382772464038	3	573	1	
144	0	84	step_1_no_load	1	2	1	421	
144	0	84	step_2_no_load	3	4	0.731466635793	0.385087938645	3	539	0	
144	0	85	step_1_no_load	1	2	2	360	
144	0	85	step_2_no_load	3	4	0.712989604416	0.384458259121	3	393	1	
144	0	86	step_1_no_load	1	2	2	319	
144	0	86	step_2_no_load	5	6	0.691782850001	0.486462788728	5	389	1	
144	0	87	step_1_no_load	1	2	2	373	
144	0	87	step_2_no_load	5	6	0.719375344246	0.493867001103	5	378	1	
144	0	88	step_1_no_load	1	2	2	324	
144	0	88	step_2_no_load	3	4	0.696773608304	0.377947492322	3	439	1	
144	0	89	step_1_no_load	1	2	2	287	
144	0	89	step_2_no_load	5	6	0.690772436485	0.490019385174	5	378	0	
144	0	90	step_1_no_load	1	2	1	334	
144	0	90	step_2_no_load	3	4	0.688736868033	0.411459496853	3	261	0	
144	0	91	step_1_no_load	1	2	2	377	
144	0	91	step_2_no_load	5	6	0.685023809334	0.479087223222	5	393	1	
144	0	92	step_1_no_load	1	2	2	326	
144	0	92	step_2_no_load	5	6	0.692406274724	0.484260039873	5	330	1	
144	0	93	step_1_no_load	1	2	2	326	
144	0	93	step_2_no_load	3	4	0.662863370634	0.439878153082	3	348	0	
144	0	94	step_1_no_load	1	2	1	288	
144	0	94	step_2_no_load	3	4	0.668295023896	0.429211756872	3	358	1	
144	0	95	step_1_no_load	1	2	1	441	
144	0	95	step_2_no_load	3	4	0.640209855442	0.427150666411	3	456	1	
144	0	96	step_1_no_load	1	2	1	535	
144	0	96	step_2_no_load	3	4	0.663095813561	0.383038640121	3	403	0	
144	0	97	step_1_no_load	1	2	2	322	
144	0	97	step_2_no_load	3	4	0.651202057411	0.392885664353	3	374	1	
144	0	98	step_1_no_load	1	2	2	431	
144	0	98	step_2_no_load	5	6	0.70287861952	0.431479829356	5	517	0	
144	0	99	step_1_no_load	1	2	1	358	
144	0	99	step_2_no_load	5	6	0.673709850038	0.375249961522	5	352	1	
144	0	100	step_1_no_load	1	2	1	395	
144	0	100	step_2_no_load	3	4	0.66579920021	0.4333505304	3	462	0	
144	0	101	step_1_no_load	1	2	2	335	
144	0	101	step_2_no_load	5	6	0.623812401974	0.366879421891	5	386	1	
144	0	102	step_1_no_load	1	2	2	523	
144	0	102	step_2_no_load	5	6	0.666304534392	0.326080462175	5	380	1	
144	0	103	step_1_no_load	1	2	2	481	
144	0	103	step_2_no_load	3	4	0.69058998368	0.481975449893	3	343	1	
144	0	104	step_1_no_load	1	2	2	332	
144	0	104	step_2_no_load	5	6	0.703870701136	0.303696146503	5	415	0	
144	0	105	step_1_no_load	1	2	1	353	
144	0	105	step_2_no_load	3	4	0.722851301692	0.514318365187	3	351	1	
144	0	106	step_1_no_load	1	2	1	461	
144	0	106	step_2_no_load	3	4	0.699623252899	0.508908032404	3	259	0	
144	0	107	step_1_no_load	1	2	2	467	
144	0	107	step_2_no_load	5	6	0.692607431435	0.388257337796	5	383	1	
144	0	108	step_1_no_load	1	2	2	1013	
144	0	108	step_2_no_load	3	4	0.681491063126	0.526955028982	3	556	0	
144	0	109	step_1_no_load	1	2	1	288	
144	0	109	step_2_no_load	5	6	0.71632547018	0.372328831887	5	355	1	
144	0	110	step_1_no_load	1	2	1	1135	
144	0	110	step_2_no_load	3	4	0.65455226558	0.432626681236	-1	-1	-1	
144	0	111	step_1_no_load	1	2	1	913	
144	0	111	step_2_no_load	5	6	0.724852671171	0.407158158569	5	491	1	
144	0	112	step_1_no_load	1	2	1	550	
144	0	112	step_2_no_load	3	4	0.635252945963	0.392887565883	3	493	1	
144	0	113	step_1_no_load	1	2	1	398	
144	0	113	step_2_no_load	3	4	0.634627459817	0.370697120277	3	494	1	
144	0	114	step_1_no_load	1	2	1	545	
144	0	114	step_2_no_load	3	4	0.657654904272	0.380324086676	3	548	0	
144	0	115	step_1_no_load	1	2	2	378	
144	0	115	step_2_no_load	3	4	0.645721217949	0.390027643099	3	664	0	
144	0	116	step_1_no_load	1	2	1	300	
144	0	116	step_2_no_load	5	6	0.706736514943	0.369438791876	5	375	1	
144	0	117	step_1_no_load	1	2	1	469	
144	0	117	step_2_no_load	3	4	0.671842537277	0.374621793791	3	321	0	
144	0	118	step_1_no_load	1	2	2	319	
144	0	118	step_2_no_load	5	6	0.740051715856	0.362977115924	5	435	0	
144	0	119	step_1_no_load	1	2	1	313	
144	0	119	step_2_no_load	5	6	0.690424535099	0.358243439099	5	553	0	
144	0	120	step_1_no_load	1	2	2	328	
144	0	120	step_2_no_load	5	6	0.70587238626	0.333809617664	5	337	1	
144	0	121	step_1_no_load	1	2	2	352	
144	0	121	step_2_no_load	3	4	0.671052306195	0.352721767208	3	411	1	
144	0	122	step_1_no_load	1	2	2	363	
144	0	122	step_2_no_load	5	6	0.6136886145	0.266650857402	5	366	1	
144	0	123	step_1_no_load	1	2	2	347	
144	0	123	step_2_no_load	5	6	0.583607229978	0.269780614928	5	398	1	
144	0	124	step_1_no_load	1	2	2	442	
144	0	124	step_2_no_load	5	6	0.603013298253	0.26095206597	5	388	0	
144	0	125	step_1_no_load	1	2	1	453	
144	0	125	step_2_no_load	3	4	0.633566302563	0.303110862715	3	920	1	
144	0	126	step_1_no_load	1	2	1	339	
144	0	126	step_2_no_load	3	4	0.600985760967	0.300846667696	3	393	0	
144	0	127	step_1_no_load	1	2	2	457	
144	0	127	step_2_no_load	5	6	0.560824094575	0.273483952592	5	313	1	
144	0	128	step_1_no_load	1	2	2	292	
144	0	128	step_2_no_load	5	6	0.636905534066	0.260252451606	5	346	1	
144	0	129	step_1_no_load	1	2	2	490	
144	0	129	step_2_no_load	3	4	0.632682846317	0.271709703542	3	556	1	
144	0	130	step_1_no_load	1	2	2	444	
144	0	130	step_2_no_load	3	4	0.630285316669	0.274560758494	3	421	1	
144	0	131	step_1_no_load	1	2	2	423	
144	0	131	step_2_no_load	5	6	0.678044920845	0.281500842289	5	322	1	
144	0	132	step_1_no_load	1	2	-1	-1	
144	0	133	step_1_no_load	1	2	2	307	
144	0	133	step_2_no_load	5	6	0.617383991623	0.315608831386	5	362	1	
144	0	134	step_1_no_load	1	2	2	371	
144	0	134	step_2_no_load	5	6	0.621945110858	0.287393715313	5	493	1	
144	0	135	step_1_no_load	1	2	1	824	
144	0	135	step_2_no_load	5	6	0.593710006149	0.300079459047	5	364	0	
144	0	136	step_1_no_load	1	2	2	428	
144	0	136	step_2_no_load	5	6	0.597814413435	0.307766925452	5	373	1	
144	0	137	step_1_no_load	1	2	2	242	
144	0	137	step_2_no_load	5	6	0.605896884497	0.346433498467	5	365	1	
144	0	138	step_1_no_load	1	2	2	391	
144	0	138	step_2_no_load	5	6	0.63240964674	0.366701525561	5	675	1	
144	0	139	step_1_no_load	1	2	2	353	
144	0	139	step_2_no_load	5	6	0.636630981281	0.325611400511	5	374	1	
144	0	140	step_1_no_load	1	2	2	236	
144	0	140	step_2_no_load	5	6	0.671213945178	0.348740542008	5	346	1	
144	0	141	step_1_no_load	1	2	2	461	
144	0	141	step_2_no_load	5	6	0.711987889705	0.390227133375	5	456	1	
144	0	142	step_1_no_load	1	2	2	299	
144	0	142	step_2_no_load	5	6	0.690276058009	0.397052682821	5	375	1	
144	0	143	step_1_no_load	1	2	2	369	
144	0	143	step_2_no_load	3	4	0.610219102298	0.313516825296	3	403	0	
144	0	144	step_1_no_load	1	2	1	365	
144	0	144	step_2_no_load	3	4	0.639347300184	0.275932517017	3	444	1	
144	0	145	step_1_no_load	1	2	1	367	
144	0	145	step_2_no_load	3	4	0.606515632748	0.266265924094	3	454	1	
144	0	146	step_1_no_load	1	2	1	357	
144	0	146	step_2_no_load	3	4	0.593778463268	0.257861956214	3	380	0	
144	0	147	step_1_no_load	1	2	2	327	
144	0	147	step_2_no_load	5	6	0.647798886916	0.352879785946	5	501	1	
144	0	148	step_1_no_load	1	2	1	331	
144	0	148	step_2_no_load	5	6	0.619272702026	0.311162711725	5	395	1	
144	0	149	step_1_no_load	1	2	1	299	
144	0	149	step_2_no_load	3	4	0.623203869836	0.269951834184	3	429	1	
144	0	150	step_1_no_load	1	2	1	296	
144	0	150	step_2_no_load	3	4	0.605912419156	0.305587692243	3	346	0	
144	0	151	step_1_no_load	1	2	2	406	
144	0	151	step_2_no_load	3	4	0.614159737668	0.348172164421	3	303	0	
144	0	152	step_1_no_load	1	2	1	246	
144	0	152	step_2_no_load	5	6	0.595108765344	0.323194010514	5	331	0	
144	0	153	step_1_no_load	1	2	2	275	
144	0	153	step_2_no_load	5	6	0.613336203392	0.343622632154	5	397	0	
144	0	154	step_1_no_load	1	2	1	252	
144	0	154	step_2_no_load	3	4	0.671672162443	0.316375537537	3	463	0	
144	0	155	step_1_no_load	1	2	2	872	
144	0	155	step_2_no_load	5	6	0.632486591889	0.372188990474	5	453	0	
144	0	156	step_1_no_load	1	2	2	1154	
144	0	156	step_2_no_load	3	4	0.734436160799	0.32564867104	3	663	1	
144	0	157	step_1_no_load	1	2	2	669	
144	0	157	step_2_no_load	3	4	0.720725456325	0.350909357271	3	360	0	
144	0	158	step_1_no_load	1	2	1	378	
144	0	158	step_2_no_load	3	4	0.694270715354	0.408728803896	3	274	1	
144	0	159	step_1_no_load	1	2	1	333	
144	0	159	step_2_no_load	5	6	0.541222065796	0.321150411254	5	445	1	
144	0	160	step_1_no_load	1	2	1	480	
144	0	160	step_2_no_load	3	4	0.710728171711	0.415052912783	3	344	1	
144	0	161	step_1_no_load	1	2	1	297	
144	0	161	step_2_no_load	3	4	0.719896286569	0.407025633682	3	395	1	
144	0	162	step_1_no_load	1	2	1	386	
144	0	162	step_2_no_load	3	4	0.695144769903	0.3926701003	3	494	1	
144	0	163	step_1_no_load	1	2	1	303	
144	0	163	step_2_no_load	3	4	0.697095951435	0.395221309311	3	634	1	
144	0	164	step_1_no_load	1	2	1	323	
144	0	164	step_2_no_load	3	4	0.692137394606	0.432761720497	3	420	0	
144	0	165	step_1_no_load	1	2	2	273	
144	0	165	step_2_no_load	5	6	0.538026607649	0.347974240867	5	422	0	
144	0	166	step_1_no_load	1	2	1	223	
144	0	166	step_2_no_load	5	6	0.549095060025	0.356317216644	5	352	0	
144	0	167	step_1_no_load	1	2	1	494	
144	0	167	step_2_no_load	5	6	0.585131062446	0.331115714939	5	261	1	
144	0	168	step_1_no_load	1	2	1	346	
144	0	168	step_2_no_load	3	4	0.67192508984	0.400817642375	3	531	1	
144	0	169	step_1_no_load	1	2	1	313	
144	0	169	step_2_no_load	3	4	0.704981910944	0.42098542374	3	520	0	
144	0	170	step_1_no_load	1	2	2	354	
144	0	170	step_2_no_load	5	6	0.57151385403	0.364989630435	5	291	1	
144	0	171	step_1_no_load	1	2	2	378	
144	0	171	step_2_no_load	5	6	0.553314431843	0.425122034074	5	301	1	
144	0	172	step_1_no_load	1	2	2	269	
144	0	172	step_2_no_load	5	6	0.519090471457	0.490120307546	5	421	1	
144	0	173	step_1_no_load	1	2	2	327	
144	0	173	step_2_no_load	5	6	0.484428109849	0.462866379815	5	405	0	
144	0	174	step_1_no_load	1	2	1	367	
144	0	174	step_2_no_load	3	4	0.729877433725	0.387867297446	3	333	1	
144	0	175	step_1_no_load	1	2	1	349	
144	0	175	step_2_no_load	3	4	0.693968268443	0.426185553904	3	708	0	
144	0	176	step_1_no_load	1	2	2	418	
144	0	176	step_2_no_load	5	6	0.474046874473	0.500856457218	5	485	1	
144	0	177	step_1_no_load	1	2	2	351	
144	0	177	step_2_no_load	5	6	0.501268576771	0.4798184927	5	241	0	
144	0	178	step_1_no_load	1	2	1	288	
144	0	178	step_2_no_load	5	6	0.493712351915	0.49020858644	5	394	1	
144	0	179	step_1_no_load	1	2	1	293	
144	0	179	step_2_no_load	3	4	0.709345707515	0.324685418097	3	310	1	
144	0	180	step_1_no_load	1	2	1	283	
144	0	180	step_2_no_load	5	6	0.482853857291	0.489345734128	5	452	1	
144	0	181	step_1_no_load	1	2	1	401	
144	0	181	step_2_no_load	3	4	0.746910336326	0.342402764747	3	690	1	
144	0	182	step_1_no_load	1	2	1	517	
144	0	182	step_2_no_load	3	4	0.72717560423	0.340533666308	3	319	1	
144	0	183	step_1_no_load	1	2	1	593	
144	0	183	step_2_no_load	3	4	0.720388040749	0.350175837802	3	1230	1	
144	0	184	step_1_no_load	1	2	1	245	
144	0	184	step_2_no_load	3	4	0.657291439324	0.362743255194	3	410	1	
144	0	185	step_1_no_load	1	2	1	485	
144	0	185	step_2_no_load	3	4	0.665622647081	0.362611152222	3	385	1	
144	0	186	step_1_no_load	1	2	1	324	
144	0	186	step_2_no_load	3	4	0.656308636836	0.332733011923	3	384	1	
144	0	187	step_1_no_load	1	2	1	318	
144	0	187	step_2_no_load	3	4	0.678211978625	0.328890769988	3	318	1	
144	0	188	step_1_no_load	1	2	1	353	
144	0	188	step_2_no_load	3	4	0.696362660087	0.291508050861	3	401	0	
144	0	189	step_1_no_load	1	2	2	257	
144	0	189	step_2_no_load	3	4	0.688353284054	0.285168135955	3	401	1	
144	0	190	step_1_no_load	1	2	2	556	
144	0	190	step_2_no_load	5	6	0.433568856946	0.505820429042	5	672	0	
144	0	191	step_1_no_load	1	2	1	454	
144	0	191	step_2_no_load	3	4	0.664271461991	0.318839908867	3	528	1	
144	0	192	step_1_no_load	1	2	1	312	
144	0	192	step_2_no_load	5	6	0.450791310283	0.493851022417	5	372	0	
144	0	193	step_1_no_load	1	2	2	439	
144	0	193	step_2_no_load	5	6	0.440813209638	0.504944704439	5	382	0	
144	0	194	step_1_no_load	1	2	1	405	
144	0	194	step_2_no_load	5	6	0.433250459893	0.505359594715	5	472	1	
144	0	195	step_1_no_load	1	2	1	314	
144	0	195	step_2_no_load	3	4	0.646280688878	0.348571348505	3	391	0	
144	0	196	step_1_no_load	1	2	2	300	
144	0	196	step_2_no_load	3	4	0.695101215304	0.365373286058	3	368	1	
144	0	197	step_1_no_load	1	2	2	432	
144	0	197	step_2_no_load	5	6	0.422511153127	0.47786945426	5	316	0	
144	0	198	step_1_no_load	1	2	1	455	
144	0	198	step_2_no_load	3	4	0.68660989813	0.303352625941	3	312	1	
144	0	199	step_1_no_load	1	2	1	285	
144	0	199	step_2_no_load	3	4	0.73697129762	0.292861528884	3	300	1	
144	0	200	step_1_no_load	1	2	1	391	
144	0	200	step_2_no_load	3	4	0.728996708473	0.299128796668	3	270	1	

Tue Apr 24 14:50:51 2018
