Wed Apr 25 16:38:01 2018	
145	0	1	step_1_no_load	1	2	2	369	
145	0	1	step_2_no_load	5	6	0.598297890399	0.511789129507	5	285	0	
145	0	2	step_1_no_load	1	2	2	517	
145	0	2	step_2_no_load	5	6	0.580156942153	0.533203491871	6	257	1	
145	0	3	step_1_no_load	1	2	2	286	
145	0	3	step_2_no_load	5	6	0.584197065669	0.516002945397	6	367	0	
145	0	4	step_1_no_load	1	2	2	291	
145	0	4	step_2_no_load	5	6	0.597491569846	0.494597764192	6	680	0	
145	0	5	step_1_no_load	1	2	2	227	
145	0	5	step_2_no_load	3	4	0.576104915614	0.495568760483	3	344	1	
145	0	6	step_1_no_load	1	2	1	543	
145	0	6	step_2_no_load	3	4	0.603642866427	0.506877622204	3	698	0	
145	0	7	step_1_no_load	1	2	2	279	
145	0	7	step_2_no_load	5	6	0.568656746487	0.506408070053	5	457	0	
145	0	8	step_1_no_load	1	2	2	215	
145	0	8	step_2_no_load	5	6	0.59128639594	0.499203529332	6	371	0	
145	0	9	step_1_no_load	1	2	2	791	
145	0	9	step_2_no_load	5	6	0.598049061473	0.54429228266	5	456	1	
145	0	10	step_1_no_load	1	2	2	321	
145	0	10	step_2_no_load	5	6	0.652626043146	0.576063520885	5	301	1	
145	0	11	step_1_no_load	1	2	1	573	
145	0	11	step_2_no_load	3	4	0.609191465743	0.477013315682	3	926	0	
145	0	12	step_1_no_load	1	2	1	125	
145	0	12	step_2_no_load	3	4	0.552770607849	0.48457206759	4	398	1	
145	0	13	step_1_no_load	1	2	2	348	
145	0	13	step_2_no_load	5	6	0.653587098421	0.595790490356	5	363	0	
145	0	14	step_1_no_load	1	2	1	388	
145	0	14	step_2_no_load	3	4	0.545555696267	0.491234392147	4	753	0	
145	0	15	step_1_no_load	1	2	2	361	
145	0	15	step_2_no_load	3	4	0.570419113221	0.505377237737	3	423	1	
145	0	16	step_1_no_load	1	2	1	498	
145	0	16	step_2_no_load	3	4	0.553308964466	0.510958036527	4	367	1	
145	0	17	step_1_no_load	1	2	1	384	
145	0	17	step_2_no_load	5	6	0.633350170016	0.643116883134	6	426	1	
145	0	18	step_1_no_load	1	2	1	247	
145	0	18	step_2_no_load	3	4	0.553554620302	0.517514133912	4	496	1	
145	0	19	step_1_no_load	1	2	2	333	
145	0	19	step_2_no_load	3	4	0.536502319591	0.498240186199	3	385	1	
145	0	20	step_1_no_load	1	2	1	281	
145	0	20	step_2_no_load	3	4	0.491720931314	0.478025448397	4	405	0	
145	0	21	step_1_no_load	1	2	2	806	
145	0	21	step_2_no_load	5	6	0.630305464549	0.611328949295	5	314	0	
145	0	22	step_1_no_load	1	2	1	366	
145	0	22	step_2_no_load	3	4	0.468700882609	0.506100011497	3	340	0	
145	0	23	step_1_no_load	1	2	2	314	
145	0	23	step_2_no_load	3	4	0.513759772011	0.520606588181	4	233	0	
145	0	24	step_1_no_load	1	2	1	309	
145	0	24	step_2_no_load	5	6	0.582115115688	0.5800912085	6	283	1	
145	0	25	step_1_no_load	1	2	2	325	
145	0	25	step_2_no_load	5	6	0.565698722896	0.629917901014	5	369	1	
145	0	26	step_1_no_load	1	2	2	240	
145	0	26	step_2_no_load	5	6	0.592410219737	0.640635035276	5	330	0	
145	0	27	step_1_no_load	1	2	2	496	
145	0	27	step_2_no_load	5	6	0.57860777711	0.642144756622	5	318	1	
145	0	28	step_1_no_load	1	2	1	377	
145	0	28	step_2_no_load	5	6	0.588356036098	0.647441527317	6	400	1	
145	0	29	step_1_no_load	1	2	2	728	
145	0	29	step_2_no_load	3	4	0.561957580386	0.521159009103	3	295	0	
145	0	30	step_1_no_load	1	2	1	312	
145	0	30	step_2_no_load	3	4	0.574272497114	0.4919199548	4	501	1	
145	0	31	step_1_no_load	1	2	2	322	
145	0	31	step_2_no_load	3	4	0.541819886458	0.483156722265	3	300	1	
145	0	32	step_1_no_load	1	2	1	287	
145	0	32	step_2_no_load	3	4	0.522993086096	0.520318771114	4	350	0	
145	0	33	step_1_no_load	1	2	1	292	
145	0	33	step_2_no_load	3	4	0.542309898544	0.487664344039	3	274	1	
145	0	34	step_1_no_load	1	2	2	335	
145	0	34	step_2_no_load	5	6	0.575802910074	0.670290552209	6	248	1	
145	0	35	step_1_no_load	1	2	1	292	
145	0	35	step_2_no_load	3	4	0.594167768198	0.491437207585	3	273	1	
145	0	36	step_1_no_load	1	2	2	311	
145	0	36	step_2_no_load	5	6	0.527635087561	0.661229326326	6	362	0	
145	0	37	step_1_no_load	1	2	2	272	
145	0	37	step_2_no_load	5	6	0.513822304161	0.660658056664	6	252	1	
145	0	38	step_1_no_load	1	2	1	226	
145	0	38	step_2_no_load	3	4	0.595113730206	0.553931241266	4	302	1	
145	0	39	step_1_no_load	1	2	2	443	
145	0	39	step_2_no_load	3	4	0.610601635554	0.578640235206	4	393	1	
145	0	40	step_1_no_load	1	2	1	229	
145	0	40	step_2_no_load	3	4	0.607992802154	0.5691386571	3	197	0	
145	0	41	step_1_no_load	1	2	2	427	
145	0	41	step_2_no_load	3	4	0.588857868869	0.583829055298	4	257	1	
145	0	42	step_1_no_load	1	2	1	288	
145	0	42	step_2_no_load	5	6	0.533857158543	0.606696263624	5	137	1	
145	0	43	step_1_no_load	1	2	1	340	
145	0	43	step_2_no_load	3	4	0.612705031264	0.548128010644	3	368	1	
145	0	44	step_1_no_load	1	2	1	319	
145	0	44	step_2_no_load	3	4	0.611481438855	0.537842745081	3	247	0	
145	0	45	step_1_no_load	1	2	2	1	
145	0	45	step_2_no_load	5	6	0.579346234508	0.620699591043	6	288	0	
145	0	46	step_1_no_load	1	2	2	272	
145	0	46	step_2_no_load	5	6	0.55511883717	0.654261318712	5	363	1	
145	0	47	step_1_no_load	1	2	1	520	
145	0	47	step_2_no_load	5	6	0.546259467838	0.634373567175	6	429	1	
145	0	48	step_1_no_load	1	2	2	310	
145	0	48	step_2_no_load	5	6	0.534690828011	0.657624935632	5	316	0	
145	0	49	step_1_no_load	1	2	2	323	
145	0	49	step_2_no_load	3	4	0.610193185592	0.489287375157	4	308	0	
145	0	50	step_1_no_load	1	2	1	280	
145	0	50	step_2_no_load	3	4	0.606862017918	0.47381367271	4	376	1	
145	0	51	step_1_no_load	1	2	2	381	
145	0	51	step_2_no_load	5	6	0.508197321577	0.613357430892	5	415	1	
145	0	52	step_1_no_load	1	2	1	316	
145	0	52	step_2_no_load	5	6	0.513589895419	0.613408921915	6	344	0	
145	0	53	step_1_no_load	1	2	2	317	
145	0	53	step_2_no_load	3	4	0.551457882502	0.451905460347	4	622	0	
145	0	54	step_1_no_load	1	2	2	438	
145	0	54	step_2_no_load	5	6	0.493362545513	0.652515308527	5	328	1	
145	0	55	step_1_no_load	1	2	1	440	
145	0	55	step_2_no_load	3	4	0.574045915747	0.487025527704	4	541	0	
145	0	56	step_1_no_load	1	2	2	398	
145	0	56	step_2_no_load	5	6	0.538512915562	0.60038825769	5	348	0	
145	0	57	step_1_no_load	1	2	2	401	
145	0	57	step_2_no_load	3	4	0.641849303307	0.466449077359	4	249	1	
145	0	58	step_1_no_load	1	2	1	379	
145	0	58	step_2_no_load	3	4	0.664682809182	0.478335218822	3	360	1	
145	0	59	step_1_no_load	1	2	2	352	
145	0	59	step_2_no_load	3	4	0.632500293208	0.480274332693	4	118	0	
145	0	60	step_1_no_load	1	2	1	856	
145	0	60	step_2_no_load	3	4	0.623687406259	0.491916707098	4	423	1	
145	0	61	step_1_no_load	1	2	2	420	
145	0	61	step_2_no_load	5	6	0.527144452559	0.602879526975	5	276	1	
145	0	62	step_1_no_load	1	2	1	289	
145	0	62	step_2_no_load	3	4	0.691137204746	0.50724109756	4	857	0	
145	0	63	step_1_no_load	1	2	1	301	
145	0	63	step_2_no_load	3	4	0.664284493458	0.53192660365	3	535	0	
145	0	64	step_1_no_load	1	2	1	387	
145	0	64	step_2_no_load	3	4	0.642369708469	0.555062911513	4	372	1	
145	0	65	step_1_no_load	1	2	2	455	
145	0	65	step_2_no_load	5	6	0.517687993213	0.619953360065	6	774	1	
145	0	66	step_1_no_load	1	2	2	374	
145	0	66	step_2_no_load	3	4	0.606938648072	0.573761869714	3	319	1	
145	0	67	step_1_no_load	1	2	2	262	
145	0	67	step_2_no_load	3	4	0.597650193897	0.542076810516	3	316	0	
145	0	68	step_1_no_load	1	2	2	646	
145	0	68	step_2_no_load	5	6	0.523301545299	0.719455209845	5	443	1	
145	0	69	step_1_no_load	1	2	1	296	
145	0	69	step_2_no_load	3	4	0.622221685203	0.499137600991	4	358	0	
145	0	70	step_1_no_load	1	2	2	400	
145	0	70	step_2_no_load	5	6	0.548075770764	0.697741832068	5	306	0	
145	0	71	step_1_no_load	1	2	1	352	
145	0	71	step_2_no_load	3	4	0.639174917797	0.482863323776	3	546	0	
145	0	72	step_1_no_load	1	2	2	889	
145	0	72	step_2_no_load	3	4	0.626024641967	0.47409116389	3	442	1	
145	0	73	step_1_no_load	1	2	1	315	
145	0	73	step_2_no_load	3	4	0.657126403029	0.435957313805	4	396	0	
145	0	74	step_1_no_load	1	2	2	409	
145	0	74	step_2_no_load	5	6	0.491044983779	0.693624670847	5	277	1	
145	0	75	step_1_no_load	1	2	1	365	
145	0	75	step_2_no_load	5	6	0.483983914712	0.697629587097	6	438	1	
145	0	76	step_1_no_load	1	2	2	415	
145	0	76	step_2_no_load	3	4	0.62770291155	0.488583631821	3	343	0	
145	0	77	step_1_no_load	1	2	1	435	
145	0	77	step_2_no_load	3	4	0.564257587118	0.446809557226	3	351	0	
145	0	78	step_1_no_load	1	2	1	253	
145	0	78	step_2_no_load	5	6	0.538654072849	0.647586191228	6	251	1	
145	0	79	step_1_no_load	1	2	2	517	
145	0	79	step_2_no_load	5	6	0.540085062695	0.647841624544	5	484	1	
145	0	80	step_1_no_load	1	2	1	305	
145	0	80	step_2_no_load	3	4	0.518583383166	0.396016175285	4	987	1	
145	0	81	step_1_no_load	1	2	2	176	
145	0	81	step_2_no_load	3	4	0.529745690463	0.419265522488	4	447	1	
145	0	82	step_1_no_load	1	2	1	339	
145	0	82	step_2_no_load	3	4	0.564729328387	0.395813831323	4	251	1	
145	0	83	step_1_no_load	1	2	2	501	
145	0	83	step_2_no_load	5	6	0.483255412498	0.726885136842	6	1038	0	
145	0	84	step_1_no_load	1	2	1	455	
145	0	84	step_2_no_load	5	6	0.505586222209	0.731466635793	6	294	0	
145	0	85	step_1_no_load	1	2	1	270	
145	0	85	step_2_no_load	3	4	0.692384972752	0.384458259121	4	893	1	
145	0	86	step_1_no_load	1	2	2	693	
145	0	86	step_2_no_load	5	6	0.486462788728	0.721207648497	6	637	1	
145	0	87	step_1_no_load	1	2	1	284	
145	0	87	step_2_no_load	5	6	0.493867001103	0.690012761069	6	513	1	
145	0	88	step_1_no_load	1	2	2	309	
145	0	88	step_2_no_load	5	6	0.509563243675	0.696773608304	6	294	1	
145	0	89	step_1_no_load	1	2	2	638	
145	0	89	step_2_no_load	5	6	0.490019385174	0.660112261017	6	358	1	
145	0	90	step_1_no_load	1	2	2	311	
145	0	90	step_2_no_load	3	4	0.712247848046	0.411459496853	4	5	0	
145	0	91	step_1_no_load	1	2	1	608	
145	0	91	step_2_no_load	5	6	0.479087223222	0.657820521772	5	269	1	
145	0	92	step_1_no_load	1	2	1	369	
145	0	92	step_2_no_load	3	4	0.692406274724	0.444368850664	3	260	1	
145	0	93	step_1_no_load	1	2	1	239	
145	0	93	step_2_no_load	3	4	0.70415710998	0.439878153082	3	307	0	
145	0	94	step_1_no_load	1	2	1	119	
145	0	94	step_2_no_load	5	6	0.468637558205	0.668295023896	5	343	1	
145	0	95	step_1_no_load	1	2	2	400	
145	0	95	step_2_no_load	5	6	0.42505578884	0.640209855442	6	324	0	
145	0	96	step_1_no_load	1	2	2	269	
145	0	96	step_2_no_load	3	4	0.693739812506	0.383038640121	3	271	0	
145	0	97	step_1_no_load	1	2	2	319	
145	0	97	step_2_no_load	3	4	0.681272614291	0.392885664353	3	365	1	
145	0	98	step_1_no_load	1	2	1	923	
145	0	98	step_2_no_load	5	6	0.431479829356	0.646040060297	5	518	0	
145	0	99	step_1_no_load	1	2	1	1083	
145	0	99	step_2_no_load	3	4	0.673709850038	0.397561363605	4	617	0	
145	0	100	step_1_no_load	1	2	1	141	
145	0	100	step_2_no_load	3	4	0.666227451505	0.4333505304	3	1360	1	
145	0	101	step_1_no_load	1	2	2	220	
145	0	101	step_2_no_load	3	4	0.623812401974	0.497432607584	3	0	1	
145	0	102	step_1_no_load	1	2	1	367	
145	0	102	step_2_no_load	5	6	0.326080462175	0.663124617603	5	1049	0	
145	0	103	step_1_no_load	1	2	2	198	
145	0	103	step_2_no_load	5	6	0.322834495838	0.69058998368	5	270	1	
145	0	104	step_1_no_load	1	2	1	235	
145	0	104	step_2_no_load	5	6	0.303696146503	0.743372642809	6	275	1	
145	0	105	step_1_no_load	1	2	2	383	
145	0	105	step_2_no_load	5	6	0.352639603242	0.722851301692	5	254	0	
145	0	106	step_1_no_load	1	2	1	268	
145	0	106	step_2_no_load	5	6	0.374131494222	0.699623252899	6	381	0	
145	0	107	step_1_no_load	1	2	1	0	
145	0	107	step_2_no_load	3	4	0.692607431435	0.565220528809	3	326	1	
145	0	108	step_1_no_load	1	2	1	457	
145	0	108	step_2_no_load	5	6	0.388185708856	0.681491063126	5	550	0	
145	0	109	step_1_no_load	1	2	2	288	
145	0	109	step_2_no_load	5	6	0.372328831887	0.68658494263	6	295	0	
145	0	110	step_1_no_load	1	2	1	348	
145	0	110	step_2_no_load	3	4	0.729599891941	0.432626681236	3	248	0	
145	0	111	step_1_no_load	1	2	2	325	
145	0	111	step_2_no_load	5	6	0.407158158569	0.634599547742	5	244	1	
145	0	112	step_1_no_load	1	2	1	319	
145	0	112	step_2_no_load	3	4	0.725701866094	0.392887565883	4	256	1	
145	0	113	step_1_no_load	1	2	2	275	
145	0	113	step_2_no_load	5	6	0.387112818105	0.634627459817	5	349	1	
145	0	114	step_1_no_load	1	2	1	470	
145	0	114	step_2_no_load	3	4	0.718213323791	0.380324086676	4	307	0	
145	0	115	step_1_no_load	1	2	2	151	
145	0	115	step_2_no_load	5	6	0.357661171116	0.645721217949	5	293	0	
145	0	116	step_1_no_load	1	2	1	258	
145	0	116	step_2_no_load	3	4	0.706736514943	0.378149844807	4	411	1	
145	0	117	step_1_no_load	1	2	1	679	
145	0	117	step_2_no_load	3	4	0.747012267642	0.374621793791	4	394	0	
145	0	118	step_1_no_load	1	2	2	325	
145	0	118	step_2_no_load	3	4	0.740051715856	0.357645851833	3	347	1	
145	0	119	step_1_no_load	1	2	1	567	
145	0	119	step_2_no_load	3	4	0.690424535099	0.357515098446	4	433	1	
145	0	120	step_1_no_load	1	2	1	274	
145	0	120	step_2_no_load	3	4	0.70587238626	0.370150243662	3	248	1	
145	0	121	step_1_no_load	1	2	1	1144	
145	0	121	step_2_no_load	3	4	0.658856304095	0.352721767208	4	346	0	
145	0	122	step_1_no_load	1	2	2	255	
145	0	122	step_2_no_load	3	4	0.6136886145	0.329624572119	3	334	0	
145	0	123	step_1_no_load	1	2	1	288	
145	0	123	step_2_no_load	3	4	0.583607229978	0.337526896345	4	301	1	
145	0	124	step_1_no_load	1	2	1	1054	
145	0	124	step_2_no_load	3	4	0.603013298253	0.309430836661	3	348	1	
145	0	125	step_1_no_load	1	2	1	413	
145	0	125	step_2_no_load	3	4	0.559596800931	0.303110862715	4	303	1	
145	0	126	step_1_no_load	1	2	2	416	
145	0	126	step_2_no_load	5	6	0.267206368684	0.600985760967	5	321	0	
145	0	127	step_1_no_load	1	2	1	417	
145	0	127	step_2_no_load	5	6	0.273483952592	0.646945556251	6	383	0	
145	0	128	step_1_no_load	1	2	2	316	
145	0	128	step_2_no_load	5	6	0.260252451606	0.620672334996	6	8	1	
145	0	129	step_1_no_load	1	2	1	291	
145	0	129	step_2_no_load	5	6	0.268213321963	0.632682846317	5	255	1	
145	0	130	step_1_no_load	1	2	2	339	
145	0	130	step_2_no_load	3	4	0.682031489739	0.274560758494	4	632	0	
145	0	131	step_1_no_load	1	2	2	151	
145	0	131	step_2_no_load	3	4	0.678044920845	0.311475039155	3	274	0	
145	0	132	step_1_no_load	1	2	1	558	
145	0	132	step_2_no_load	3	4	0.668578020634	0.315328810424	4	406	0	
145	0	133	step_1_no_load	1	2	1	238	
145	0	133	step_2_no_load	3	4	0.617383991623	0.312642735495	3	297	0	
145	0	134	step_1_no_load	1	2	1	142	
145	0	134	step_2_no_load	5	6	0.287393715313	0.685529359147	5	265	0	
145	0	135	step_1_no_load	1	2	1	283	
145	0	135	step_2_no_load	3	4	0.593710006149	0.287118934166	4	386	0	
145	0	136	step_1_no_load	1	2	2	298	
145	0	136	step_2_no_load	5	6	0.307766925452	0.674914008636	5	335	0	
145	0	137	step_1_no_load	1	2	1	276	
145	0	137	step_2_no_load	3	4	0.605896884497	0.325016613024	4	282	0	
145	0	138	step_1_no_load	1	2	2	274	
145	0	138	step_2_no_load	5	6	0.366701525561	0.688182193337	5	357	1	
145	0	139	step_1_no_load	1	2	2	339	
145	0	139	step_2_no_load	5	6	0.325611400511	0.696355985729	5	294	1	
145	0	140	step_1_no_load	1	2	1	318	
145	0	140	step_2_no_load	5	6	0.348740542008	0.637682840728	6	254	1	
145	0	141	step_1_no_load	1	2	2	432	
145	0	141	step_2_no_load	5	6	0.390227133375	0.616803346728	5	315	0	
145	0	142	step_1_no_load	1	2	1	265	
145	0	142	step_2_no_load	3	4	0.690276058009	0.304203281606	4	303	0	
145	0	143	step_1_no_load	1	2	2	341	
145	0	143	step_2_no_load	5	6	0.410970957547	0.610219102298	5	265	1	
145	0	144	step_1_no_load	1	2	1	288	
145	0	144	step_2_no_load	5	6	0.389234194056	0.639347300184	6	306	0	
145	0	145	step_1_no_load	1	2	2	173	
145	0	145	step_2_no_load	5	6	0.355256413269	0.606515632748	5	192	0	
145	0	146	step_1_no_load	1	2	1	342	
145	0	146	step_2_no_load	3	4	0.681611991725	0.257861956214	4	323	0	
145	0	147	step_1_no_load	1	2	2	253	
145	0	147	step_2_no_load	5	6	0.352879785946	0.594861186319	6	727	0	
145	0	148	step_1_no_load	1	2	2	212	
145	0	148	step_2_no_load	5	6	0.311162711725	0.648050021239	5	210	0	
145	0	149	step_1_no_load	1	2	2	1261	
145	0	149	step_2_no_load	5	6	0.300290206122	0.623203869836	6	521	1	
145	0	150	step_1_no_load	1	2	2	577	
145	0	150	step_2_no_load	5	6	0.306860041627	0.605912419156	5	82	0	
145	0	151	step_1_no_load	1	2	1	185	
145	0	151	step_2_no_load	5	6	0.310557101463	0.614159737668	6	292	0	
145	0	152	step_1_no_load	1	2	1	309	
145	0	152	step_2_no_load	3	4	0.595108765344	0.307702500543	3	243	1	
145	0	153	step_1_no_load	1	2	2	475	
145	0	153	step_2_no_load	5	6	0.343622632154	0.681559292085	6	932	1	
145	0	154	step_1_no_load	1	2	1	123	
145	0	154	step_2_no_load	3	4	0.638934099562	0.316375537537	4	430	0	
145	0	155	step_1_no_load	1	2	1	225	
145	0	155	step_2_no_load	3	4	0.632486591889	0.296093457977	4	262	1	
145	0	156	step_1_no_load	1	2	2	317	
145	0	156	step_2_no_load	5	6	0.368378667812	0.734436160799	5	309	0	
145	0	157	step_1_no_load	1	2	1	105	
145	0	157	step_2_no_load	5	6	0.324728201487	0.720725456325	5	29	0	
145	0	158	step_1_no_load	1	2	1	257	
145	0	158	step_2_no_load	3	4	0.532722108502	0.408728803896	4	366	0	
145	0	159	step_1_no_load	1	2	2	1	
145	0	159	step_2_no_load	5	6	0.321150411254	0.697903160072	6	178	1	
145	0	160	step_1_no_load	1	2	2	192	
145	0	160	step_2_no_load	3	4	0.521229931064	0.415052912783	4	317	1	
145	0	161	step_1_no_load	1	2	2	368	
145	0	161	step_2_no_load	5	6	0.438878285506	0.719896286569	6	308	1	
145	0	162	step_1_no_load	1	2	2	400	
145	0	162	step_2_no_load	5	6	0.455329532209	0.695144769903	5	541	0	
145	0	163	step_1_no_load	1	2	2	347	
145	0	163	step_2_no_load	5	6	0.430920885959	0.697095951435	6	537	1	
145	0	164	step_1_no_load	1	2	1	311	
145	0	164	step_2_no_load	3	4	0.585961845322	0.432761720497	4	531	0	
145	0	165	step_1_no_load	1	2	1	142	
145	0	165	step_2_no_load	3	4	0.538026607649	0.463777557969	3	299	1	
145	0	166	step_1_no_load	1	2	2	280	
145	0	166	step_2_no_load	5	6	0.356317216644	0.686594248975	5	364	1	
145	0	167	step_1_no_load	1	2	1	440	
145	0	167	step_2_no_load	5	6	0.331115714939	0.706271792549	6	383	0	
145	0	168	step_1_no_load	1	2	1	255	
145	0	168	step_2_no_load	5	6	0.335777599654	0.67192508984	5	274	0	
145	0	169	step_1_no_load	1	2	1	1	
145	0	169	step_2_no_load	3	4	0.586049140041	0.42098542374	4	770	1	
145	0	170	step_1_no_load	1	2	1	304	
145	0	170	step_2_no_load	3	4	0.57151385403	0.411067820436	4	384	0	
145	0	171	step_1_no_load	1	2	2	0	
145	0	171	step_2_no_load	5	6	0.425122034074	0.727248140829	6	72	0	
145	0	172	step_1_no_load	1	2	2	102	
145	0	172	step_2_no_load	5	6	0.490120307546	0.668669556875	5	766	1	
145	0	173	step_1_no_load	1	2	1	451	
145	0	173	step_2_no_load	5	6	0.462866379815	0.667027212577	6	334	0	
145	0	174	step_1_no_load	1	2	2	211	
145	0	174	step_2_no_load	5	6	0.46236234172	0.729877433725	5	256	0	
145	0	175	step_1_no_load	1	2	1	199	
145	0	175	step_2_no_load	3	4	0.52644949356	0.426185553904	4	710	1	
145	0	176	step_1_no_load	1	2	1	247	
145	0	176	step_2_no_load	5	6	0.500856457218	0.679250000396	6	537	1	
145	0	177	step_1_no_load	1	2	2	361	
145	0	177	step_2_no_load	5	6	0.4798184927	0.714070205704	5	429	0	
145	0	178	step_1_no_load	1	2	2	165	
145	0	178	step_2_no_load	5	6	0.49020858644	0.705993797498	5	348	1	
145	0	179	step_1_no_load	1	2	1	348	
145	0	179	step_2_no_load	3	4	0.457298770028	0.324685418097	3	691	0	
145	0	180	step_1_no_load	1	2	1	228	
145	0	180	step_2_no_load	5	6	0.489345734128	0.719795072986	6	362	0	
145	0	181	step_1_no_load	1	2	2	410	
145	0	181	step_2_no_load	5	6	0.480141179559	0.746910336326	5	1152	0	
145	0	182	step_1_no_load	1	2	1	1282	
145	0	182	step_2_no_load	3	4	0.506773281362	0.340533666308	4	887	1	
145	0	183	step_1_no_load	1	2	2	426	
145	0	183	step_2_no_load	5	6	0.492742497507	0.720388040749	5	396	1	
145	0	184	step_1_no_load	1	2	1	429	
145	0	184	step_2_no_load	3	4	0.460890977786	0.362743255194	4	454	1	
145	0	185	step_1_no_load	1	2	2	0	
145	0	185	step_2_no_load	5	6	0.482228039858	0.665622647081	5	328	1	
145	0	186	step_1_no_load	1	2	1	273	
145	0	186	step_2_no_load	3	4	0.46870859828	0.332733011923	4	416	0	
145	0	187	step_1_no_load	1	2	1	726	
145	0	187	step_2_no_load	5	6	0.498596507669	0.678211978625	6	359	0	
145	0	188	step_1_no_load	1	2	2	294	
145	0	188	step_2_no_load	3	4	0.471319680586	0.291508050861	3	396	1	
145	0	189	step_1_no_load	1	2	1	496	
145	0	189	step_2_no_load	3	4	0.448897869069	0.285168135955	4	424	1	
145	0	190	step_1_no_load	1	2	1	0	
145	0	190	step_2_no_load	5	6	0.505820429042	0.667655825994	6	284	1	
145	0	191	step_1_no_load	1	2	2	520	
145	0	191	step_2_no_load	5	6	0.512103523931	0.664271461991	5	455	0	
145	0	192	step_1_no_load	1	2	2	42	
145	0	192	step_2_no_load	5	6	0.493851022417	0.705517419189	6	360	1	
145	0	193	step_1_no_load	1	2	1	450	
145	0	193	step_2_no_load	3	4	0.440813209638	0.321008037746	4	973	0	
145	0	194	step_1_no_load	1	2	2	515	
145	0	194	step_2_no_load	5	6	0.505359594715	0.655261361454	5	553	1	
145	0	195	step_1_no_load	1	2	1	506	
145	0	195	step_2_no_load	5	6	0.494102184238	0.646280688878	5	421	0	
145	0	196	step_1_no_load	1	2	2	675	
145	0	196	step_2_no_load	5	6	0.496717662777	0.695101215304	5	510	0	
145	0	197	step_1_no_load	1	2	1	444	
145	0	197	step_2_no_load	3	4	0.422511153127	0.316987700969	4	500	0	
145	0	198	step_1_no_load	1	2	2	327	
145	0	198	step_2_no_load	3	4	0.397292432346	0.303352625941	3	495	1	
145	0	199	step_1_no_load	1	2	1	362	
145	0	199	step_2_no_load	3	4	0.39793773834	0.292861528884	4	440	0	
145	0	200	step_1_no_load	1	2	1	421	
145	0	200	step_2_no_load	3	4	0.372436949782	0.299128796668	3	806	0	

Wed Apr 25 16:57:50 2018
