Wed May  2 15:05:19 2018	
146	0	1	step_1_no_load	1	2	1	1319	
146	0	1	step_2_no_load	3	4	0.598297890399	0.511789129507	3	571	0	
146	0	2	step_1_no_load	1	2	1	471	
146	0	2	step_2_no_load	3	4	0.580156942153	0.533203491871	3	352	0	
146	0	3	step_1_no_load	1	2	2	327	
146	0	3	step_2_no_load	5	6	0.476767372206	0.589215227351	6	415	0	
146	0	4	step_1_no_load	1	2	2	331	
146	0	4	step_2_no_load	5	6	0.478607661228	0.564086293706	5	335	0	
146	0	5	step_1_no_load	1	2	1	311	
146	0	5	step_2_no_load	3	4	0.623810210114	0.543908521457	3	730	1	
146	0	6	step_1_no_load	1	2	1	394	
146	0	6	step_2_no_load	5	6	0.506877622204	0.603642866427	5	317	0	
146	0	7	step_1_no_load	1	2	1	423	
146	0	7	step_2_no_load	5	6	0.500071913476	0.622642364361	6	1030	0	
146	0	8	step_1_no_load	1	2	1	20	
146	0	8	step_2_no_load	3	4	0.59128639594	0.499203529332	3	752	1	
146	0	9	step_1_no_load	1	2	1	425	
146	0	9	step_2_no_load	3	4	0.598049061473	0.54429228266	3	751	1	
146	0	10	step_1_no_load	1	2	1	441	
146	0	10	step_2_no_load	3	4	0.652626043146	0.576063520885	3	452	1	
146	0	11	step_1_no_load	1	2	1	376	
146	0	11	step_2_no_load	3	4	0.69163818036	0.59022801242	3	393	0	
146	0	12	step_1_no_load	1	2	1	331	
146	0	12	step_2_no_load	3	4	0.682786328054	0.597131918027	3	642	0	
146	0	13	step_1_no_load	1	2	1	361	
146	0	13	step_2_no_load	5	6	0.52012981853	0.558313135925	6	1087	1	
146	0	14	step_1_no_load	1	2	2	388	
146	0	14	step_2_no_load	5	6	0.491234392147	0.545555696267	6	349	1	
146	0	15	step_1_no_load	1	2	2	436	
146	0	15	step_2_no_load	3	4	0.612260006668	0.633564630036	3	641	0	
146	0	16	step_1_no_load	1	2	2	313	
146	0	16	step_2_no_load	5	6	0.510958036527	0.553308964466	6	461	1	
146	0	17	step_1_no_load	1	2	2	984	
146	0	17	step_2_no_load	5	6	0.535958400205	0.562895132605	6	478	0	
146	0	18	step_1_no_load	1	2	1	343	
146	0	18	step_2_no_load	5	6	0.517514133912	0.553554620302	5	385	1	
146	0	19	step_1_no_load	1	2	1	337	
146	0	19	step_2_no_load	3	4	0.619895761657	0.644773170243	3	395	1	
146	0	20	step_1_no_load	1	2	1	355	
146	0	20	step_2_no_load	3	4	0.636521555122	0.60665343963	3	521	1	
146	0	21	step_1_no_load	1	2	1	274	
146	0	21	step_2_no_load	3	4	0.630305464549	0.611328949295	3	735	1	
146	0	22	step_1_no_load	1	2	1	387	
146	0	22	step_2_no_load	5	6	0.506100011497	0.468700882609	5	732	1	
146	0	23	step_1_no_load	1	2	1	449	
146	0	23	step_2_no_load	5	6	0.520606588181	0.513759772011	5	552	0	
146	0	24	step_1_no_load	1	2	1	291	
146	0	24	step_2_no_load	3	4	0.582115115688	0.5800912085	3	660	1	
146	0	25	step_1_no_load	1	2	1	396	
146	0	25	step_2_no_load	3	4	0.565698722896	0.629917901014	3	589	1	
146	0	26	step_1_no_load	1	2	1	317	
146	0	26	step_2_no_load	5	6	0.511744353778	0.532884212818	6	613	1	
146	0	27	step_1_no_load	1	2	2	775	
146	0	27	step_2_no_load	5	6	0.507272671939	0.54756089792	6	422	0	
146	0	28	step_1_no_load	1	2	1	337	
146	0	28	step_2_no_load	3	4	0.588356036098	0.647441527317	3	379	0	
146	0	29	step_1_no_load	1	2	1	509	
146	0	29	step_2_no_load	3	4	0.606613029227	0.618626354124	3	597	0	
146	0	30	step_1_no_load	1	2	1	360	
146	0	30	step_2_no_load	3	4	0.608245979832	0.610227092493	3	501	1	
146	0	31	step_1_no_load	1	2	1	374	
146	0	31	step_2_no_load	5	6	0.483156722265	0.541819886458	6	723	0	
146	0	32	step_1_no_load	1	2	1	379	
146	0	32	step_2_no_load	3	4	0.634585171267	0.605616211083	3	384	1	
146	0	33	step_1_no_load	1	2	1	437	
146	0	33	step_2_no_load	5	6	0.487664344039	0.542309898544	6	695	1	
146	0	34	step_1_no_load	1	2	2	441	
146	0	34	step_2_no_load	3	4	0.575802910074	0.670290552209	4	368	1	
146	0	35	step_1_no_load	1	2	2	662	
146	0	35	step_2_no_load	5	6	0.491437207585	0.594167768198	6	1424	1	
146	0	36	step_1_no_load	1	2	1	325	
146	0	36	step_2_no_load	3	4	0.527635087561	0.661229326326	3	713	0	
146	0	37	step_1_no_load	1	2	1	495	
146	0	37	step_2_no_load	3	4	0.513822304161	0.660658056664	3	1044	1	
146	0	38	step_1_no_load	1	2	1	648	
146	0	38	step_2_no_load	5	6	0.553931241266	0.595113730206	6	987	1	
146	0	39	step_1_no_load	1	2	2	498	
146	0	39	step_2_no_load	3	4	0.557005857101	0.634483337633	4	1093	1	
146	0	40	step_1_no_load	1	2	2	679	
146	0	40	step_2_no_load	5	6	0.5691386571	0.607992802154	-1	-1	-1	
146	0	41	step_1_no_load	1	2	2	295	
146	0	41	step_2_no_load	5	6	0.583829055298	0.588857868869	6	498	1	
146	0	42	step_1_no_load	1	2	1	278	
146	0	42	step_2_no_load	3	4	0.533857158543	0.606696263624	3	478	1	
146	0	43	step_1_no_load	1	2	1	476	
146	0	43	step_2_no_load	3	4	0.553703096215	0.581931546759	4	953	1	
146	0	44	step_1_no_load	1	2	1	422	
146	0	44	step_2_no_load	3	4	0.541854396676	0.589653131867	3	775	0	
146	0	45	step_1_no_load	1	2	2	339	
146	0	45	step_2_no_load	5	6	0.5288039409	0.632991467829	6	988	0	
146	0	46	step_1_no_load	1	2	2	497	
146	0	46	step_2_no_load	5	6	0.532238720495	0.600964500555	5	446	1	
146	0	47	step_1_no_load	1	2	2	328	
146	0	47	step_2_no_load	5	6	0.493112702321	0.598724660986	5	417	1	
146	0	48	step_1_no_load	1	2	2	323	
146	0	48	step_2_no_load	3	4	0.534690828011	0.657624935632	4	1071	0	
146	0	49	step_1_no_load	1	2	2	368	
146	0	49	step_2_no_load	3	4	0.512405963374	0.614679490594	3	536	0	
146	0	50	step_1_no_load	1	2	1	246	
146	0	50	step_2_no_load	3	4	0.481616544184	0.593458480934	3	345	1	
146	0	51	step_1_no_load	1	2	1	526	
146	0	51	step_2_no_load	5	6	0.469943944943	0.564866799699	6	778	1	
146	0	52	step_1_no_load	1	2	1	447	
146	0	52	step_2_no_load	3	4	0.513589895419	0.613408921915	3	863	1	
146	0	53	step_1_no_load	1	2	1	347	
146	0	53	step_2_no_load	5	6	0.451905460347	0.551457882502	6	842	0	
146	0	54	step_1_no_load	1	2	1	339	
146	0	54	step_2_no_load	3	4	0.493362545513	0.652515308527	3	572	1	
146	0	55	step_1_no_load	1	2	1	431	
146	0	55	step_2_no_load	3	4	0.526704292526	0.639840796975	3	886	1	
146	0	56	step_1_no_load	1	2	1	303	
146	0	56	step_2_no_load	5	6	0.459773408493	0.601856598146	5	377	0	
146	0	57	step_1_no_load	1	2	1	329	
146	0	57	step_2_no_load	3	4	0.516475618243	0.586335094239	3	540	1	
146	0	58	step_1_no_load	1	2	1	418	
146	0	58	step_2_no_load	3	4	0.528376440027	0.610896130115	4	802	0	
146	0	59	step_1_no_load	1	2	1	659	
146	0	59	step_2_no_load	3	4	0.537400760025	0.608951267756	3	594	0	
146	0	60	step_1_no_load	1	2	1	782	
146	0	60	step_2_no_load	3	4	0.479287247283	0.599559577859	3	705	0	
146	0	61	step_1_no_load	1	2	1	372	
146	0	61	step_2_no_load	5	6	0.464268875813	0.669587072502	6	997	1	
146	0	62	step_1_no_load	1	2	2	766	
146	0	62	step_2_no_load	3	4	0.533031417444	0.622820395113	4	1148	1	
146	0	63	step_1_no_load	1	2	2	261	
146	0	63	step_2_no_load	3	4	0.519445130796	0.642623127313	4	644	1	
146	0	64	step_1_no_load	1	2	2	472	
146	0	64	step_2_no_load	5	6	0.555062911513	0.642369708469	5	1108	1	
146	0	65	step_1_no_load	1	2	2	444	
146	0	65	step_2_no_load	5	6	0.569109504048	0.612660225018	5	444	1	
146	0	66	step_1_no_load	1	2	2	332	
146	0	66	step_2_no_load	5	6	0.573761869714	0.606938648072	5	437	1	
146	0	67	step_1_no_load	1	2	2	274	
146	0	67	step_2_no_load	3	4	0.538279387614	0.674463681351	3	437	0	
146	0	68	step_1_no_load	1	2	1	607	
146	0	68	step_2_no_load	5	6	0.509127161919	0.622963076372	5	654	1	
146	0	69	step_1_no_load	1	2	1	452	
146	0	69	step_2_no_load	3	4	0.560462111264	0.718756538957	3	544	0	
146	0	70	step_1_no_load	1	2	2	252	
146	0	70	step_2_no_load	5	6	0.498834901463	0.637556284465	5	443	0	
146	0	71	step_1_no_load	1	2	2	340	
146	0	71	step_2_no_load	5	6	0.482863323776	0.639174917797	6	455	0	
146	0	72	step_1_no_load	1	2	1	321	
146	0	72	step_2_no_load	5	6	0.47409116389	0.626024641967	5	394	1	
146	0	73	step_1_no_load	1	2	1	431	
146	0	73	step_2_no_load	3	4	0.50185699984	0.727961155836	3	419	1	
146	0	74	step_1_no_load	1	2	1	403	
146	0	74	step_2_no_load	3	4	0.491044983779	0.693624670847	3	415	1	
146	0	75	step_1_no_load	1	2	1	429	
146	0	75	step_2_no_load	3	4	0.483983914712	0.697629587097	3	640	1	
146	0	76	step_1_no_load	1	2	1	422	
146	0	76	step_2_no_load	5	6	0.488583631821	0.62770291155	6	745	1	
146	0	77	step_1_no_load	1	2	2	400	
146	0	77	step_2_no_load	3	4	0.538119616568	0.679737625371	4	666	1	
146	0	78	step_1_no_load	1	2	2	457	
146	0	78	step_2_no_load	3	4	0.538654072849	0.647586191228	3	503	0	
146	0	79	step_1_no_load	1	2	2	304	
146	0	79	step_2_no_load	3	4	0.540085062695	0.647841624544	4	704	1	
146	0	80	step_1_no_load	1	2	2	443	
146	0	80	step_2_no_load	3	4	0.49921021142	0.703969305517	4	618	1	
146	0	81	step_1_no_load	1	2	2	284	
146	0	81	step_2_no_load	5	6	0.419265522488	0.529745690463	6	1353	1	
146	0	82	step_1_no_load	1	2	2	326	
146	0	82	step_2_no_load	5	6	0.395813831323	0.564729328387	6	544	1	
146	0	83	step_1_no_load	1	2	2	481	
146	0	83	step_2_no_load	5	6	0.382772464038	0.607907985871	6	437	1	
146	0	84	step_1_no_load	1	2	2	270	
146	0	84	step_2_no_load	5	6	0.385087938645	0.65843840156	6	733	1	
146	0	85	step_1_no_load	1	2	2	337	
146	0	85	step_2_no_load	5	6	0.384458259121	0.692384972752	6	570	1	
146	0	86	step_1_no_load	1	2	2	421	
146	0	86	step_2_no_load	5	6	0.345323068124	0.691782850001	6	445	0	
146	0	87	step_1_no_load	1	2	2	308	
146	0	87	step_2_no_load	5	6	0.40000499778	0.719375344246	6	775	1	
146	0	88	step_1_no_load	1	2	2	468	
146	0	88	step_2_no_load	5	6	0.377947492322	0.717410082358	6	383	1	
146	0	89	step_1_no_load	1	2	2	309	
146	0	89	step_2_no_load	5	6	0.415882489686	0.690772436485	6	237	1	
146	0	90	step_1_no_load	1	2	2	384	
146	0	90	step_2_no_load	5	6	0.411459496853	0.712247848046	6	674	1	
146	0	91	step_1_no_load	1	2	2	362	
146	0	91	step_2_no_load	3	4	0.479087223222	0.657820521772	3	924	1	
146	0	92	step_1_no_load	1	2	2	382	
146	0	92	step_2_no_load	5	6	0.444368850664	0.692406274724	6	496	1	
146	0	93	step_1_no_load	1	2	2	323	
146	0	93	step_2_no_load	5	6	0.439878153082	0.70415710998	6	597	1	
146	0	94	step_1_no_load	1	2	2	694	
146	0	94	step_2_no_load	5	6	0.429211756872	0.719464414227	6	625	1	
146	0	95	step_1_no_load	1	2	2	290	
146	0	95	step_2_no_load	5	6	0.427150666411	0.715495469274	6	710	1	
146	0	96	step_1_no_load	1	2	2	563	
146	0	96	step_2_no_load	5	6	0.383038640121	0.693739812506	6	644	1	
146	0	97	step_1_no_load	1	2	2	252	
146	0	97	step_2_no_load	5	6	0.392885664353	0.681272614291	6	348	1	
146	0	98	step_1_no_load	1	2	2	313	
146	0	98	step_2_no_load	5	6	0.409778171713	0.70287861952	6	284	1	
146	0	99	step_1_no_load	1	2	2	354	
146	0	99	step_2_no_load	3	4	0.375249961522	0.645191748454	3	1069	0	
146	0	100	step_1_no_load	1	2	2	320	
146	0	100	step_2_no_load	5	6	0.4333505304	0.666227451505	6	466	0	
146	0	101	step_1_no_load	1	2	2	390	
146	0	101	step_2_no_load	3	4	0.366879421891	0.655903528958	4	810	1	
146	0	102	step_1_no_load	1	2	2	410	
146	0	102	step_2_no_load	5	6	0.494584754513	0.666304534392	6	440	0	
146	0	103	step_1_no_load	1	2	1	413	
146	0	103	step_2_no_load	3	4	0.322834495838	0.69058998368	3	328	0	
146	0	104	step_1_no_load	1	2	1	338	
146	0	104	step_2_no_load	3	4	0.303696146503	0.743372642809	3	401	0	
146	0	105	step_1_no_load	1	2	1	484	
146	0	105	step_2_no_load	3	4	0.352639603242	0.722851301692	3	688	1	
146	0	106	step_1_no_load	1	2	1	347	
146	0	106	step_2_no_load	3	4	0.374131494222	0.699623252899	3	434	1	
146	0	107	step_1_no_load	1	2	1	434	
146	0	107	step_2_no_load	3	4	0.388257337796	0.677514185929	3	710	0	
146	0	108	step_1_no_load	1	2	2	66	
146	0	108	step_2_no_load	5	6	0.526955028982	0.695928523711	6	208	0	
146	0	109	step_1_no_load	1	2	2	394	
146	0	109	step_2_no_load	5	6	0.479977531501	0.71632547018	5	430	1	
146	0	110	step_1_no_load	1	2	2	273	
146	0	110	step_2_no_load	5	6	0.432626681236	0.729599891941	5	339	0	
146	0	111	step_1_no_load	1	2	2	629	
146	0	111	step_2_no_load	5	6	0.384948378665	0.724852671171	6	470	1	
146	0	112	step_1_no_load	1	2	2	223	
146	0	112	step_2_no_load	3	4	0.413393106784	0.635252945963	3	769	1	
146	0	113	step_1_no_load	1	2	1	533	
146	0	113	step_2_no_load	5	6	0.370697120277	0.719324307956	6	1150	1	
146	0	114	step_1_no_load	1	2	1	310	
146	0	114	step_2_no_load	3	4	0.384736699284	0.657654904272	4	464	0	
146	0	115	step_1_no_load	1	2	2	447	
146	0	115	step_2_no_load	5	6	0.390027643099	0.739704344621	6	555	1	
146	0	116	step_1_no_load	1	2	2	280	
146	0	116	step_2_no_load	5	6	0.378149844807	0.706736514943	6	882	0	
146	0	117	step_1_no_load	1	2	2	301	
146	0	117	step_2_no_load	5	6	0.374621793791	0.747012267642	5	405	1	
146	0	118	step_1_no_load	1	2	2	538	
146	0	118	step_2_no_load	5	6	0.357645851833	0.740051715856	5	354	1	
146	0	119	step_1_no_load	1	2	2	301	
146	0	119	step_2_no_load	5	6	0.357515098446	0.690424535099	5	357	0	
146	0	120	step_1_no_load	1	2	2	268	
146	0	120	step_2_no_load	3	4	0.333809617664	0.666433355915	3	73	0	
146	0	121	step_1_no_load	1	2	2	235	
146	0	121	step_2_no_load	5	6	0.352721767208	0.658856304095	5	744	0	
146	0	122	step_1_no_load	1	2	2	576	
146	0	122	step_2_no_load	5	6	0.329624572119	0.6136886145	6	431	0	
146	0	123	step_1_no_load	1	2	1	510	
146	0	123	step_2_no_load	3	4	0.269780614928	0.664849878232	3	412	1	
146	0	124	step_1_no_load	1	2	1	393	
146	0	124	step_2_no_load	5	6	0.309430836661	0.603013298253	6	941	0	
146	0	125	step_1_no_load	1	2	1	542	
146	0	125	step_2_no_load	3	4	0.290374841566	0.633566302563	3	535	0	
146	0	126	step_1_no_load	1	2	1	461	
146	0	126	step_2_no_load	3	4	0.267206368684	0.600985760967	4	724	0	
146	0	127	step_1_no_load	1	2	2	492	
146	0	127	step_2_no_load	5	6	0.274944938508	0.560824094575	6	537	0	
146	0	128	step_1_no_load	1	2	2	438	
146	0	128	step_2_no_load	3	4	0.260252451606	0.620672334996	3	942	0	
146	0	129	step_1_no_load	1	2	1	353	
146	0	129	step_2_no_load	3	4	0.268213321963	0.632682846317	3	371	1	
146	0	130	step_1_no_load	1	2	1	263	
146	0	130	step_2_no_load	3	4	0.267460866951	0.630285316669	3	460	0	
146	0	131	step_1_no_load	1	2	2	217	
146	0	131	step_2_no_load	5	6	0.311475039155	0.678044920845	6	429	1	
146	0	132	step_1_no_load	1	2	2	320	
146	0	132	step_2_no_load	3	4	0.27986961048	0.660013924697	4	281	0	
146	0	133	step_1_no_load	1	2	2	375	
146	0	133	step_2_no_load	3	4	0.315608831386	0.691649444281	3	791	0	
146	0	134	step_1_no_load	1	2	2	299	
146	0	134	step_2_no_load	3	4	0.287393715313	0.685529359147	4	447	1	
146	0	135	step_1_no_load	1	2	1	666	
146	0	135	step_2_no_load	5	6	0.287118934166	0.593710006149	5	438	1	
146	0	136	step_1_no_load	1	2	2	347	
146	0	136	step_2_no_load	3	4	0.307766925452	0.674914008636	3	367	1	
146	0	137	step_1_no_load	1	2	1	470	
146	0	137	step_2_no_load	3	4	0.346433498467	0.668540846495	3	554	0	
146	0	138	step_1_no_load	1	2	1	362	
146	0	138	step_2_no_load	3	4	0.366701525561	0.688182193337	3	382	0	
146	0	139	step_1_no_load	1	2	1	271	
146	0	139	step_2_no_load	3	4	0.325611400511	0.696355985729	4	458	0	
146	0	140	step_1_no_load	1	2	1	555	
146	0	140	step_2_no_load	3	4	0.348740542008	0.637682840728	3	592	1	
146	0	141	step_1_no_load	1	2	1	321	
146	0	141	step_2_no_load	3	4	0.390227133375	0.616803346728	3	396	0	
146	0	142	step_1_no_load	1	2	-1	-1	
146	0	143	step_1_no_load	1	2	2	480	
146	0	143	step_2_no_load	3	4	0.410970957547	0.610219102298	4	763	1	
146	0	144	step_1_no_load	1	2	2	452	
146	0	144	step_2_no_load	3	4	0.389234194056	0.639347300184	4	671	0	
146	0	145	step_1_no_load	1	2	2	387	
146	0	145	step_2_no_load	5	6	0.266265924094	0.6669125229	5	717	0	
146	0	146	step_1_no_load	1	2	2	334	
146	0	146	step_2_no_load	5	6	0.257861956214	0.681611991725	6	529	0	
146	0	147	step_1_no_load	1	2	2	405	
146	0	147	step_2_no_load	5	6	0.265578160642	0.647798886916	5	375	0	
146	0	148	step_1_no_load	1	2	2	288	
146	0	148	step_2_no_load	3	4	0.311162711725	0.648050021239	4	566	1	
146	0	149	step_1_no_load	1	2	1	361	
146	0	149	step_2_no_load	3	4	0.300290206122	0.623203869836	3	468	0	
146	0	150	step_1_no_load	1	2	2	175	
146	0	150	step_2_no_load	5	6	0.305587692243	0.575985663078	5	337	0	
146	0	151	step_1_no_load	1	2	2	402	
146	0	151	step_2_no_load	3	4	0.310557101463	0.614159737668	4	563	1	
146	0	152	step_1_no_load	1	2	2	605	
146	0	152	step_2_no_load	3	4	0.323194010514	0.644204174791	4	729	0	
146	0	153	step_1_no_load	1	2	1	490	
146	0	153	step_2_no_load	3	4	0.343622632154	0.681559292085	3	588	0	
146	0	154	step_1_no_load	1	2	1	0	
146	0	154	step_2_no_load	3	4	0.348349389262	0.671672162443	3	729	1	
146	0	155	step_1_no_load	1	2	1	448	
146	0	155	step_2_no_load	3	4	0.372188990474	0.716100930629	3	476	1	
146	0	156	step_1_no_load	1	2	1	511	
146	0	156	step_2_no_load	3	4	0.368378667812	0.734436160799	3	642	0	
146	0	157	step_1_no_load	1	2	2	416	
146	0	157	step_2_no_load	3	4	0.324728201487	0.720725456325	4	491	1	
146	0	158	step_1_no_load	1	2	2	541	
146	0	158	step_2_no_load	5	6	0.408728803896	0.532722108502	5	565	0	
146	0	159	step_1_no_load	1	2	2	232	
146	0	159	step_2_no_load	5	6	0.413026375257	0.541222065796	6	391	1	
146	0	160	step_1_no_load	1	2	2	348	
146	0	160	step_2_no_load	5	6	0.415052912783	0.521229931064	6	456	0	
146	0	161	step_1_no_load	1	2	1	279	
146	0	161	step_2_no_load	3	4	0.438878285506	0.719896286569	3	462	0	
146	0	162	step_1_no_load	1	2	2	517	
146	0	162	step_2_no_load	5	6	0.3926701003	0.566496468084	6	576	1	
146	0	163	step_1_no_load	1	2	2	493	
146	0	163	step_2_no_load	3	4	0.430920885959	0.697095951435	4	474	1	
146	0	164	step_1_no_load	1	2	2	401	
146	0	164	step_2_no_load	3	4	0.430844125626	0.692137394606	4	515	1	
146	0	165	step_1_no_load	1	2	2	296	
146	0	165	step_2_no_load	3	4	0.347974240867	0.717506143195	4	629	1	
146	0	166	step_1_no_load	1	2	2	290	
146	0	166	step_2_no_load	5	6	0.422282731054	0.549095060025	6	499	1	
146	0	167	step_1_no_load	1	2	2	374	
146	0	167	step_2_no_load	5	6	0.38753671275	0.585131062446	6	407	1	
146	0	168	step_1_no_load	1	2	2	266	
146	0	168	step_2_no_load	3	4	0.335777599654	0.67192508984	4	617	0	
146	0	169	step_1_no_load	1	2	2	720	
146	0	169	step_2_no_load	5	6	0.42098542374	0.586049140041	5	696	0	
146	0	170	step_1_no_load	1	2	2	307	
146	0	170	step_2_no_load	3	4	0.364989630435	0.67334314737	4	1371	1	
146	0	171	step_1_no_load	1	2	2	696	
146	0	171	step_2_no_load	5	6	0.386979310814	0.553314431843	6	537	0	
146	0	172	step_1_no_load	1	2	2	529	
146	0	172	step_2_no_load	3	4	0.490120307546	0.668669556875	4	481	0	
146	0	173	step_1_no_load	1	2	1	124	
146	0	173	step_2_no_load	3	4	0.462866379815	0.667027212577	3	539	1	
146	0	174	step_1_no_load	1	2	1	589	
146	0	174	step_2_no_load	3	4	0.46236234172	0.729877433725	3	480	1	
146	0	175	step_1_no_load	1	2	1	1103	
146	0	175	step_2_no_load	3	4	0.484825491933	0.693968268443	3	582	1	
146	0	176	step_1_no_load	1	2	1	218	
146	0	176	step_2_no_load	3	4	0.500856457218	0.679250000396	3	526	1	
146	0	177	step_1_no_load	1	2	1	205	
146	0	177	step_2_no_load	5	6	0.357425668099	0.501268576771	5	578	0	
146	0	178	step_1_no_load	1	2	2	427	
146	0	178	step_2_no_load	5	6	0.36473828006	0.493712351915	6	585	0	
146	0	179	step_1_no_load	1	2	1	359	
146	0	179	step_2_no_load	3	4	0.493565996034	0.709345707515	3	412	0	
146	0	180	step_1_no_load	1	2	2	293	
146	0	180	step_2_no_load	5	6	0.341214611607	0.482853857291	6	406	1	
146	0	181	step_1_no_load	1	2	2	542	
146	0	181	step_2_no_load	5	6	0.342402764747	0.508735114046	6	510	0	
146	0	182	step_1_no_load	1	2	1	78	
146	0	182	step_2_no_load	5	6	0.340533666308	0.506773281362	5	261	1	
146	0	183	step_1_no_load	1	2	1	284	
146	0	183	step_2_no_load	3	4	0.492742497507	0.720388040749	3	481	0	
146	0	184	step_1_no_load	1	2	1	571	
146	0	184	step_2_no_load	3	4	0.480863422096	0.657291439324	3	588	1	
146	0	185	step_1_no_load	1	2	1	280	
146	0	185	step_2_no_load	3	4	0.482228039858	0.665622647081	3	533	1	
146	0	186	step_1_no_load	1	2	1	348	
146	0	186	step_2_no_load	3	4	0.484672582719	0.656308636836	3	623	1	
146	0	187	step_1_no_load	1	2	1	134	
146	0	187	step_2_no_load	3	4	0.498596507669	0.678211978625	3	574	0	
146	0	188	step_1_no_load	1	2	2	439	
146	0	188	step_2_no_load	5	6	0.291508050861	0.471319680586	6	374	1	
146	0	189	step_1_no_load	1	2	2	327	
146	0	189	step_2_no_load	5	6	0.285168135955	0.448897869069	6	572	0	
146	0	190	step_1_no_load	1	2	1	1	
146	0	190	step_2_no_load	3	4	0.505820429042	0.667655825994	3	548	0	
146	0	191	step_1_no_load	1	2	2	314	
146	0	191	step_2_no_load	5	6	0.318839908867	0.435748387321	6	551	0	
146	0	192	step_1_no_load	1	2	1	530	
146	0	192	step_2_no_load	5	6	0.299297135717	0.450791310283	6	468	1	
146	0	193	step_1_no_load	1	2	1	312	
146	0	193	step_2_no_load	3	4	0.504944704439	0.679792491164	3	334	0	
146	0	194	step_1_no_load	1	2	2	326	
146	0	194	step_2_no_load	3	4	0.505359594715	0.655261361454	4	891	1	
146	0	195	step_1_no_load	1	2	2	522	
146	0	195	step_2_no_load	5	6	0.348571348505	0.466795336969	6	841	0	
146	0	196	step_1_no_load	1	2	2	310	
146	0	196	step_2_no_load	3	4	0.496717662777	0.695101215304	3	425	0	
146	0	197	step_1_no_load	1	2	1	571	
146	0	197	step_2_no_load	3	4	0.47786945426	0.686552522522	4	599	0	
146	0	198	step_1_no_load	1	2	1	386	
146	0	198	step_2_no_load	3	4	0.485065498391	0.68660989813	3	422	1	
146	0	199	step_1_no_load	1	2	1	209	
146	0	199	step_2_no_load	5	6	0.292861528884	0.39793773834	5	122	0	
146	0	200	step_1_no_load	1	2	1	365	
146	0	200	step_2_no_load	3	4	0.507902534353	0.728996708473	3	932	1	

Wed May  2 15:26:01 2018
