Tue May 15 13:27:58 2018	
147	0	1	step_1_no_load	1	2	1	498	
147	0	1	step_2_no_load	3	4	0.511789129507	0.594299910136	3	597	1	
147	0	2	step_1_no_load	1	2	1	364	
147	0	2	step_2_no_load	3	4	0.533203491871	0.610961032466	3	408	0	
147	0	3	step_1_no_load	1	2	1	307	
147	0	3	step_2_no_load	3	4	0.516002945397	0.589215227351	3	335	0	
147	0	4	step_1_no_load	1	2	1	319	
147	0	4	step_2_no_load	3	4	0.494597764192	0.564086293706	4	1113	1	
147	0	5	step_1_no_load	1	2	1	367	
147	0	5	step_2_no_load	3	4	0.543908521457	0.576104915614	4	427	0	
147	0	6	step_1_no_load	1	2	2	348	
147	0	6	step_2_no_load	5	6	0.506877622204	0.585722686883	5	469	0	
147	0	7	step_1_no_load	1	2	2	385	
147	0	7	step_2_no_load	5	6	0.500071913476	0.568656746487	6	401	1	
147	0	8	step_1_no_load	1	2	2	315	
147	0	8	step_2_no_load	5	6	0.489816616396	0.59128639594	6	427	0	
147	0	9	step_1_no_load	1	2	1	638	
147	0	9	step_2_no_load	3	4	0.54429228266	0.641106877158	4	589	1	
147	0	10	step_1_no_load	1	2	1	432	
147	0	10	step_2_no_load	3	4	0.576063520885	0.636063269715	4	352	1	
147	0	11	step_1_no_load	1	2	1	333	
147	0	11	step_2_no_load	3	4	0.59022801242	0.609191465743	4	384	1	
147	0	12	step_1_no_load	1	2	1	303	
147	0	12	step_2_no_load	3	4	0.597131918027	0.552770607849	4	417	1	
147	0	13	step_1_no_load	1	2	1	325	
147	0	13	step_2_no_load	5	6	0.52012981853	0.653587098421	6	362	1	
147	0	14	step_1_no_load	1	2	1	1	
147	0	14	step_2_no_load	3	4	0.611256675753	0.545555696267	4	385	1	
147	0	15	step_1_no_load	1	2	1	776	
147	0	15	step_2_no_load	3	4	0.633564630036	0.570419113221	4	707	1	
147	0	16	step_1_no_load	1	2	1	295	
147	0	16	step_2_no_load	3	4	0.626326396372	0.553308964466	4	386	1	
147	0	17	step_1_no_load	1	2	1	433	
147	0	17	step_2_no_load	5	6	0.535958400205	0.633350170016	6	505	1	
147	0	18	step_1_no_load	1	2	1	421	
147	0	18	step_2_no_load	3	4	0.626895526976	0.553554620302	4	499	1	
147	0	19	step_1_no_load	1	2	1	429	
147	0	19	step_2_no_load	3	4	0.644773170243	0.536502319591	4	472	1	
147	0	20	step_1_no_load	1	2	1	414	
147	0	20	step_2_no_load	3	4	0.60665343963	0.491720931314	4	724	1	
147	0	21	step_1_no_load	1	2	1	391	
147	0	21	step_2_no_load	5	6	0.49769376036	0.630305464549	6	734	1	
147	0	22	step_1_no_load	1	2	1	293	
147	0	22	step_2_no_load	3	4	0.618527126547	0.468700882609	4	513	0	
147	0	23	step_1_no_load	1	2	1	317	
147	0	23	step_2_no_load	5	6	0.520606588181	0.640163623731	6	382	0	
147	0	24	step_1_no_load	1	2	1	354	
147	0	24	step_2_no_load	5	6	0.505388876622	0.582115115688	6	396	1	
147	0	25	step_1_no_load	1	2	1	320	
147	0	25	step_2_no_load	3	4	0.629917901014	0.503605105412	4	384	0	
147	0	26	step_1_no_load	1	2	1	353	
147	0	26	step_2_no_load	5	6	0.511744353778	0.592410219737	6	800	1	
147	0	27	step_1_no_load	1	2	1	426	
147	0	27	step_2_no_load	5	6	0.507272671939	0.57860777711	6	571	1	
147	0	28	step_1_no_load	1	2	1	307	
147	0	28	step_2_no_load	3	4	0.647441527317	0.553259388875	3	696	1	
147	0	29	step_1_no_load	1	2	1	1041	
147	0	29	step_2_no_load	5	6	0.521159009103	0.606613029227	6	829	1	
147	0	30	step_1_no_load	1	2	1	355	
147	0	30	step_2_no_load	3	4	0.610227092493	0.574272497114	3	870	1	
147	0	31	step_1_no_load	1	2	1	343	
147	0	31	step_2_no_load	5	6	0.483156722265	0.636602545794	6	437	0	
147	0	32	step_1_no_load	1	2	1	455	
147	0	32	step_2_no_load	5	6	0.520318771114	0.634585171267	6	459	0	
147	0	33	step_1_no_load	1	2	1	349	
147	0	33	step_2_no_load	5	6	0.487664344039	0.611700032906	5	639	1	
147	0	34	step_1_no_load	1	2	1	338	
147	0	34	step_2_no_load	3	4	0.670290552209	0.538523758058	3	412	1	
147	0	35	step_1_no_load	1	2	1	274	
147	0	35	step_2_no_load	3	4	0.649776015006	0.594167768198	3	448	1	
147	0	36	step_1_no_load	1	2	1	376	
147	0	36	step_2_no_load	5	6	0.513210053121	0.527635087561	5	405	1	
147	0	37	step_1_no_load	1	2	1	327	
147	0	37	step_2_no_load	5	6	0.543074626387	0.513822304161	5	419	0	
147	0	38	step_1_no_load	1	2	1	308	
147	0	38	step_2_no_load	3	4	0.651263699161	0.595113730206	4	804	1	
147	0	39	step_1_no_load	1	2	1	374	
147	0	39	step_2_no_load	5	6	0.578640235206	0.557005857101	6	398	1	
147	0	40	step_1_no_load	1	2	1	315	
147	0	40	step_2_no_load	3	4	0.636994900683	0.607992802154	4	365	1	
147	0	41	step_1_no_load	1	2	1	387	
147	0	41	step_2_no_load	5	6	0.583829055298	0.524862294848	6	404	1	
147	0	42	step_1_no_load	1	2	1	351	
147	0	42	step_2_no_load	5	6	0.553461946234	0.533857158543	6	444	0	
147	0	43	step_1_no_load	1	2	1	283	
147	0	43	step_2_no_load	5	6	0.548128010644	0.553703096215	6	854	0	
147	0	44	step_1_no_load	1	2	1	395	
147	0	44	step_2_no_load	3	4	0.589653131867	0.611481438855	4	448	0	
147	0	45	step_1_no_load	1	2	1	370	
147	0	45	step_2_no_load	3	4	0.620699591043	0.632991467829	3	438	1	
147	0	46	step_1_no_load	1	2	1	325	
147	0	46	step_2_no_load	3	4	0.654261318712	0.600964500555	3	508	1	
147	0	47	step_1_no_load	1	2	1	293	
147	0	47	step_2_no_load	3	4	0.634373567175	0.598724660986	3	406	1	
147	0	48	step_1_no_load	1	2	1	291	
147	0	48	step_2_no_load	3	4	0.657624935632	0.615767119776	3	405	1	
147	0	49	step_1_no_load	1	2	1	448	
147	0	49	step_2_no_load	3	4	0.614679490594	0.610193185592	3	493	1	
147	0	50	step_1_no_load	1	2	1	438	
147	0	50	step_2_no_load	3	4	0.593458480934	0.606862017918	3	671	1	
147	0	51	step_1_no_load	1	2	1	310	
147	0	51	step_2_no_load	5	6	0.469943944943	0.508197321577	5	461	1	
147	0	52	step_1_no_load	1	2	1	307	
147	0	52	step_2_no_load	3	4	0.613408921915	0.539065404057	3	374	1	
147	0	53	step_1_no_load	1	2	1	450	
147	0	53	step_2_no_load	3	4	0.630956764252	0.551457882502	3	465	1	
147	0	54	step_1_no_load	1	2	1	385	
147	0	54	step_2_no_load	3	4	0.652515308527	0.570223904064	3	653	1	
147	0	55	step_1_no_load	1	2	1	352	
147	0	55	step_2_no_load	3	4	0.639840796975	0.574045915747	3	697	1	
147	0	56	step_1_no_load	1	2	1	330	
147	0	56	step_2_no_load	3	4	0.60038825769	0.601856598146	3	485	0	
147	0	57	step_1_no_load	1	2	1	317	
147	0	57	step_2_no_load	5	6	0.466449077359	0.516475618243	6	839	0	
147	0	58	step_1_no_load	1	2	1	464	
147	0	58	step_2_no_load	5	6	0.478335218822	0.528376440027	5	931	1	
147	0	59	step_1_no_load	1	2	1	312	
147	0	59	step_2_no_load	5	6	0.480274332693	0.537400760025	5	563	0	
147	0	60	step_1_no_load	1	2	1	289	
147	0	60	step_2_no_load	3	4	0.599559577859	0.623687406259	3	483	1	
147	0	61	step_1_no_load	1	2	1	350	
147	0	61	step_2_no_load	3	4	0.602879526975	0.669587072502	3	364	1	
147	0	62	step_1_no_load	1	2	1	465	
147	0	62	step_2_no_load	3	4	0.622820395113	0.691137204746	3	453	0	
147	0	63	step_1_no_load	1	2	1	324	
147	0	63	step_2_no_load	3	4	0.642623127313	0.664284493458	3	689	1	
147	0	64	step_1_no_load	1	2	1	469	
147	0	64	step_2_no_load	3	4	0.626149195169	0.642369708469	3	417	1	
147	0	65	step_1_no_load	1	2	1	377	
147	0	65	step_2_no_load	3	4	0.619953360065	0.612660225018	3	514	1	
147	0	66	step_1_no_load	1	2	1	385	
147	0	66	step_2_no_load	3	4	0.630357351236	0.606938648072	3	396	1	
147	0	67	step_1_no_load	1	2	1	421	
147	0	67	step_2_no_load	3	4	0.674463681351	0.597650193897	3	685	1	
147	0	68	step_1_no_load	1	2	1	630	
147	0	68	step_2_no_load	5	6	0.509127161919	0.523301545299	6	642	1	
147	0	69	step_1_no_load	1	2	1	349	
147	0	69	step_2_no_load	3	4	0.718756538957	0.622221685203	4	414	1	
147	0	70	step_1_no_load	1	2	1	253	
147	0	70	step_2_no_load	5	6	0.498834901463	0.548075770764	6	401	0	
147	0	71	step_1_no_load	1	2	1	336	
147	0	71	step_2_no_load	3	4	0.706816191949	0.639174917797	4	335	1	
147	0	72	step_1_no_load	1	2	1	313	
147	0	72	step_2_no_load	3	4	0.705884789502	0.626024641967	4	430	0	
147	0	73	step_1_no_load	1	2	1	449	
147	0	73	step_2_no_load	3	4	0.727961155836	0.657126403029	4	640	1	
147	0	74	step_1_no_load	1	2	1	355	
147	0	74	step_2_no_load	5	6	0.453420386428	0.491044983779	5	415	0	
147	0	75	step_1_no_load	1	2	1	274	
147	0	75	step_2_no_load	5	6	0.44832280175	0.483983914712	5	821	1	
147	0	76	step_1_no_load	1	2	1	380	
147	0	76	step_2_no_load	3	4	0.690117652944	0.62770291155	4	683	1	
147	0	77	step_1_no_load	1	2	1	34	
147	0	77	step_2_no_load	3	4	0.679737625371	0.564257587118	4	1105	1	
147	0	78	step_1_no_load	1	2	1	626	
147	0	78	step_2_no_load	3	4	0.647586191228	0.536711448352	4	709	1	
147	0	79	step_1_no_load	1	2	1	323	
147	0	79	step_2_no_load	5	6	0.389124152368	0.540085062695	5	378	1	
147	0	80	step_1_no_load	1	2	1	768	
147	0	80	step_2_no_load	3	4	0.703969305517	0.518583383166	4	810	0	
147	0	81	step_1_no_load	1	2	1	778	
147	0	81	step_2_no_load	3	4	0.702400933084	0.529745690463	4	660	0	
147	0	82	step_1_no_load	1	2	1	314	
147	0	82	step_2_no_load	3	4	0.688340116885	0.564729328387	4	471	1	
147	0	83	step_1_no_load	1	2	1	344	
147	0	83	step_2_no_load	3	4	0.726885136842	0.607907985871	4	330	0	
147	0	84	step_1_no_load	1	2	1	350	
147	0	84	step_2_no_load	3	4	0.731466635793	0.65843840156	3	378	1	
147	0	85	step_1_no_load	1	2	1	274	
147	0	85	step_2_no_load	3	4	0.712989604416	0.692384972752	3	408	1	
147	0	86	step_1_no_load	1	2	1	315	
147	0	86	step_2_no_load	5	6	0.345323068124	0.486462788728	6	716	1	
147	0	87	step_1_no_load	1	2	1	296	
147	0	87	step_2_no_load	3	4	0.690012761069	0.719375344246	3	674	1	
147	0	88	step_1_no_load	1	2	1	320	
147	0	88	step_2_no_load	3	4	0.696773608304	0.717410082358	3	874	0	
147	0	89	step_1_no_load	1	2	1	304	
147	0	89	step_2_no_load	5	6	0.415882489686	0.490019385174	6	381	1	
147	0	90	step_1_no_load	1	2	2	305	
147	0	90	step_2_no_load	3	4	0.688736868033	0.712247848046	3	710	1	
147	0	91	step_1_no_load	1	2	1	153	
147	0	91	step_2_no_load	3	4	0.657820521772	0.685023809334	3	810	1	
147	0	92	step_1_no_load	1	2	1	357	
147	0	92	step_2_no_load	3	4	0.679381608313	0.692406274724	3	609	0	
147	0	93	step_1_no_load	1	2	2	612	
147	0	93	step_2_no_load	5	6	0.439878153082	0.473273727684	6	647	1	
147	0	94	step_1_no_load	1	2	2	474	
147	0	94	step_2_no_load	5	6	0.429211756872	0.468637558205	6	480	0	
147	0	95	step_1_no_load	1	2	2	347	
147	0	95	step_2_no_load	3	4	0.640209855442	0.715495469274	4	371	1	
147	0	96	step_1_no_load	1	2	2	288	
147	0	96	step_2_no_load	5	6	0.383038640121	0.437558890646	6	444	0	
147	0	97	step_1_no_load	1	2	1	372	
147	0	97	step_2_no_load	3	4	0.651202057411	0.681272614291	4	421	1	
147	0	98	step_1_no_load	1	2	1	276	
147	0	98	step_2_no_load	3	4	0.646040060297	0.70287861952	4	441	1	
147	0	99	step_1_no_load	1	2	1	268	
147	0	99	step_2_no_load	3	4	0.645191748454	0.673709850038	4	338	0	
147	0	100	step_1_no_load	1	2	1	279	
147	0	100	step_2_no_load	3	4	0.66579920021	0.666227451505	4	296	1	
147	0	101	step_1_no_load	1	2	1	319	
147	0	101	step_2_no_load	3	4	0.655903528958	0.623812401974	4	377	1	
147	0	102	step_1_no_load	1	2	1	327	
147	0	102	step_2_no_load	5	6	0.494584754513	0.326080462175	6	507	1	
147	0	103	step_1_no_load	1	2	1	414	
147	0	103	step_2_no_load	3	4	0.69058998368	0.663997796029	4	347	0	
147	0	104	step_1_no_load	1	2	2	60	
147	0	104	step_2_no_load	5	6	0.521047445908	0.303696146503	6	381	0	
147	0	105	step_1_no_load	1	2	1	277	
147	0	105	step_2_no_load	5	6	0.514318365187	0.352639603242	6	389	0	
147	0	106	step_1_no_load	1	2	1	784	
147	0	106	step_2_no_load	3	4	0.699623252899	0.712883638252	4	860	1	
147	0	107	step_1_no_load	1	2	1	427	
147	0	107	step_2_no_load	3	4	0.677514185929	0.692607431435	4	401	1	
147	0	108	step_1_no_load	1	2	1	487	
147	0	108	step_2_no_load	3	4	0.681491063126	0.695928523711	4	384	0	
147	0	109	step_1_no_load	1	2	1	293	
147	0	109	step_2_no_load	5	6	0.479977531501	0.372328831887	6	373	1	
147	0	110	step_1_no_load	1	2	1	341	
147	0	110	step_2_no_load	5	6	0.432626681236	0.395544455384	6	556	0	
147	0	111	step_1_no_load	1	2	1	392	
147	0	111	step_2_no_load	3	4	0.634599547742	0.724852671171	4	539	1	
147	0	112	step_1_no_load	1	2	1	291	
147	0	112	step_2_no_load	3	4	0.635252945963	0.725701866094	4	428	1	
147	0	113	step_1_no_load	1	2	1	384	
147	0	113	step_2_no_load	5	6	0.370697120277	0.387112818105	6	354	1	
147	0	114	step_1_no_load	1	2	1	286	
147	0	114	step_2_no_load	5	6	0.380324086676	0.384736699284	6	336	0	
147	0	115	step_1_no_load	1	2	1	399	
147	0	115	step_2_no_load	3	4	0.645721217949	0.739704344621	4	551	1	
147	0	116	step_1_no_load	1	2	1	299	
147	0	116	step_2_no_load	5	6	0.378149844807	0.369438791876	5	432	1	
147	0	117	step_1_no_load	1	2	1	372	
147	0	117	step_2_no_load	3	4	0.671842537277	0.747012267642	4	535	1	
147	0	118	step_1_no_load	1	2	1	261	
147	0	118	step_2_no_load	5	6	0.357645851833	0.362977115924	5	416	1	
147	0	119	step_1_no_load	1	2	1	484	
147	0	119	step_2_no_load	3	4	0.661177321751	0.690424535099	4	556	0	
147	0	120	step_1_no_load	1	2	1	393	
147	0	120	step_2_no_load	3	4	0.666433355915	0.70587238626	4	1214	1	
147	0	121	step_1_no_load	1	2	1	501	
147	0	121	step_2_no_load	3	4	0.671052306195	0.658856304095	4	563	1	
147	0	122	step_1_no_load	1	2	1	430	
147	0	122	step_2_no_load	3	4	0.672193618854	0.6136886145	4	629	0	
147	0	123	step_1_no_load	1	2	1	497	
147	0	123	step_2_no_load	3	4	0.664849878232	0.583607229978	4	393	1	
147	0	124	step_1_no_load	1	2	1	338	
147	0	124	step_2_no_load	3	4	0.624161788269	0.603013298253	4	549	1	
147	0	125	step_1_no_load	1	2	1	328	
147	0	125	step_2_no_load	3	4	0.633566302563	0.559596800931	4	648	1	
147	0	126	step_1_no_load	1	2	1	422	
147	0	126	step_2_no_load	5	6	0.300846667696	0.267206368684	6	812	0	
147	0	127	step_1_no_load	1	2	1	337	
147	0	127	step_2_no_load	3	4	0.646945556251	0.560824094575	4	739	1	
147	0	128	step_1_no_load	1	2	1	409	
147	0	128	step_2_no_load	3	4	0.620672334996	0.636905534066	4	555	0	
147	0	129	step_1_no_load	1	2	1	372	
147	0	129	step_2_no_load	3	4	0.632682846317	0.685297910719	4	320	0	
147	0	130	step_1_no_load	1	2	1	76	
147	0	130	step_2_no_load	3	4	0.630285316669	0.682031489739	3	684	1	
147	0	131	step_1_no_load	1	2	1	391	
147	0	131	step_2_no_load	5	6	0.311475039155	0.281500842289	5	1070	1	
147	0	132	step_1_no_load	1	2	1	382	
147	0	132	step_2_no_load	3	4	0.660013924697	0.668578020634	3	395	1	
147	0	133	step_1_no_load	1	2	1	476	
147	0	133	step_2_no_load	5	6	0.312642735495	0.315608831386	5	387	1	
147	0	134	step_1_no_load	1	2	1	410	
147	0	134	step_2_no_load	3	4	0.685529359147	0.621945110858	3	423	1	
147	0	135	step_1_no_load	1	2	1	851	
147	0	135	step_2_no_load	3	4	0.700779221781	0.593710006149	3	501	0	
147	0	136	step_1_no_load	1	2	1	271	
147	0	136	step_2_no_load	3	4	0.674914008636	0.597814413435	4	274	1	
147	0	137	step_1_no_load	1	2	1	292	
147	0	137	step_2_no_load	5	6	0.325016613024	0.346433498467	5	796	1	
147	0	138	step_1_no_load	1	2	1	248	
147	0	138	step_2_no_load	3	4	0.688182193337	0.63240964674	4	503	0	
147	0	139	step_1_no_load	1	2	1	357	
147	0	139	step_2_no_load	3	4	0.696355985729	0.636630981281	4	781	1	
147	0	140	step_1_no_load	1	2	1	299	
147	0	140	step_2_no_load	3	4	0.637682840728	0.671213945178	4	491	0	
147	0	141	step_1_no_load	1	2	2	483	
147	0	141	step_2_no_load	5	6	0.311809871418	0.390227133375	5	426	0	
147	0	142	step_1_no_load	1	2	1	342	
147	0	142	step_2_no_load	3	4	0.627356259123	0.690276058009	4	322	1	
147	0	143	step_1_no_load	1	2	1	451	
147	0	143	step_2_no_load	3	4	0.610219102298	0.661365099615	4	418	0	
147	0	144	step_1_no_load	1	2	1	298	
147	0	144	step_2_no_load	3	4	0.639347300184	0.626443722248	3	403	1	
147	0	145	step_1_no_load	1	2	1	421	
147	0	145	step_2_no_load	3	4	0.606515632748	0.6669125229	3	632	1	
147	0	146	step_1_no_load	1	2	1	305	
147	0	146	step_2_no_load	3	4	0.593778463268	0.681611991725	3	605	0	
147	0	147	step_1_no_load	1	2	1	314	
147	0	147	step_2_no_load	5	6	0.265578160642	0.352879785946	5	472	1	
147	0	148	step_1_no_load	1	2	1	366	
147	0	148	step_2_no_load	5	6	0.305288021243	0.311162711725	5	326	0	
147	0	149	step_1_no_load	1	2	1	301	
147	0	149	step_2_no_load	5	6	0.269951834184	0.300290206122	5	550	0	
147	0	150	step_1_no_load	1	2	1	422	
147	0	150	step_2_no_load	5	6	0.305587692243	0.306860041627	6	590	0	
147	0	151	step_1_no_load	1	2	2	0	
147	0	151	step_2_no_load	5	6	0.348172164421	0.310557101463	6	568	1	
147	0	152	step_1_no_load	1	2	2	421	
147	0	152	step_2_no_load	5	6	0.307702500543	0.323194010514	6	409	0	
147	0	153	step_1_no_load	1	2	1	279	
147	0	153	step_2_no_load	3	4	0.681559292085	0.613336203392	4	377	1	
147	0	154	step_1_no_load	1	2	1	325	
147	0	154	step_2_no_load	3	4	0.671672162443	0.638934099562	4	417	1	
147	0	155	step_1_no_load	1	2	1	295	
147	0	155	step_2_no_load	3	4	0.716100930629	0.632486591889	4	425	1	
147	0	156	step_1_no_load	1	2	1	343	
147	0	156	step_2_no_load	3	4	0.734436160799	0.631048201903	4	405	1	
147	0	157	step_1_no_load	1	2	1	272	
147	0	157	step_2_no_load	3	4	0.720725456325	0.585191807512	4	295	1	
147	0	158	step_1_no_load	1	2	1	279	
147	0	158	step_2_no_load	3	4	0.694270715354	0.532722108502	4	406	1	
147	0	159	step_1_no_load	1	2	1	266	
147	0	159	step_2_no_load	3	4	0.697903160072	0.541222065796	4	336	1	
147	0	160	step_1_no_load	1	2	1	330	
147	0	160	step_2_no_load	3	4	0.710728171711	0.521229931064	4	285	1	
147	0	161	step_1_no_load	1	2	1	258	
147	0	161	step_2_no_load	3	4	0.719896286569	0.516036498158	4	361	1	
147	0	162	step_1_no_load	1	2	1	265	
147	0	162	step_2_no_load	3	4	0.695144769903	0.566496468084	4	383	1	
147	0	163	step_1_no_load	1	2	1	223	
147	0	163	step_2_no_load	3	4	0.697095951435	0.5863391277	4	455	0	
147	0	164	step_1_no_load	1	2	1	266	
147	0	164	step_2_no_load	3	4	0.692137394606	0.585961845322	4	324	1	
147	0	165	step_1_no_load	1	2	1	290	
147	0	165	step_2_no_load	3	4	0.717506143195	0.538026607649	4	394	1	
147	0	166	step_1_no_load	1	2	1	283	
147	0	166	step_2_no_load	5	6	0.422282731054	0.356317216644	6	298	0	
147	0	167	step_1_no_load	1	2	1	476	
147	0	167	step_2_no_load	3	4	0.706271792549	0.585131062446	4	433	1	
147	0	168	step_1_no_load	1	2	1	284	
147	0	168	step_2_no_load	5	6	0.400817642375	0.335777599654	6	327	0	
147	0	169	step_1_no_load	1	2	1	295	
147	0	169	step_2_no_load	3	4	0.704981910944	0.586049140041	4	577	0	
147	0	170	step_1_no_load	1	2	1	388	
147	0	170	step_2_no_load	5	6	0.411067820436	0.364989630435	5	736	1	
147	0	171	step_1_no_load	1	2	1	298	
147	0	171	step_2_no_load	3	4	0.727248140829	0.553314431843	3	428	1	
147	0	172	step_1_no_load	1	2	1	288	
147	0	172	step_2_no_load	5	6	0.363617002148	0.490120307546	5	863	0	
147	0	173	step_1_no_load	1	2	1	350	
147	0	173	step_2_no_load	5	6	0.385349297983	0.462866379815	5	649	0	
147	0	174	step_1_no_load	1	2	1	319	
147	0	174	step_2_no_load	3	4	0.729877433725	0.472729524832	3	439	0	
147	0	175	step_1_no_load	1	2	1	345	
147	0	175	step_2_no_load	3	4	0.693968268443	0.52644949356	4	472	0	
147	0	176	step_1_no_load	1	2	1	230	
147	0	176	step_2_no_load	3	4	0.679250000396	0.474046874473	3	442	1	
147	0	177	step_1_no_load	1	2	1	327	
147	0	177	step_2_no_load	3	4	0.714070205704	0.501268576771	3	470	1	
147	0	178	step_1_no_load	1	2	1	193	
147	0	178	step_2_no_load	3	4	0.705993797498	0.493712351915	3	438	1	
147	0	179	step_1_no_load	1	2	1	375	
147	0	179	step_2_no_load	5	6	0.324685418097	0.493565996034	6	523	0	
147	0	180	step_1_no_load	1	2	1	334	
147	0	180	step_2_no_load	5	6	0.341214611607	0.489345734128	5	1243	1	
147	0	181	step_1_no_load	1	2	1	357	
147	0	181	step_2_no_load	3	4	0.746910336326	0.508735114046	3	423	0	
147	0	182	step_1_no_load	1	2	1	461	
147	0	182	step_2_no_load	3	4	0.72717560423	0.506773281362	4	432	0	
147	0	183	step_1_no_load	1	2	1	399	
147	0	183	step_2_no_load	3	4	0.720388040749	0.502991759047	3	400	1	
147	0	184	step_1_no_load	1	2	1	565	
147	0	184	step_2_no_load	3	4	0.657291439324	0.460890977786	3	534	1	
147	0	185	step_1_no_load	1	2	1	299	
147	0	185	step_2_no_load	5	6	0.362611152222	0.482228039858	5	941	1	
147	0	186	step_1_no_load	1	2	1	236	
147	0	186	step_2_no_load	3	4	0.656308636836	0.46870859828	3	358	1	
147	0	187	step_1_no_load	1	2	1	296	
147	0	187	step_2_no_load	3	4	0.678211978625	0.443962917772	3	329	0	
147	0	188	step_1_no_load	1	2	1	269	
147	0	188	step_2_no_load	3	4	0.696362660087	0.471319680586	4	444	1	
147	0	189	step_1_no_load	1	2	1	293	
147	0	189	step_2_no_load	3	4	0.688353284054	0.448897869069	4	480	0	
147	0	190	step_1_no_load	1	2	1	411	
147	0	190	step_2_no_load	3	4	0.667655825994	0.433568856946	3	432	0	
147	0	191	step_1_no_load	1	2	1	288	
147	0	191	step_2_no_load	3	4	0.664271461991	0.435748387321	4	419	0	
147	0	192	step_1_no_load	1	2	1	347	
147	0	192	step_2_no_load	3	4	0.705517419189	0.450791310283	3	430	0	
147	0	193	step_1_no_load	1	2	1	374	
147	0	193	step_2_no_load	5	6	0.321008037746	0.504944704439	5	769	1	
147	0	194	step_1_no_load	1	2	2	270	
147	0	194	step_2_no_load	3	4	0.655261361454	0.433250459893	3	348	1	
147	0	195	step_1_no_load	1	2	1	341	
147	0	195	step_2_no_load	3	4	0.646280688878	0.466795336969	3	395	0	
147	0	196	step_1_no_load	1	2	2	217	
147	0	196	step_2_no_load	3	4	0.695101215304	0.421761207498	3	683	0	
147	0	197	step_1_no_load	1	2	2	323	
147	0	197	step_2_no_load	3	4	0.686552522522	0.422511153127	4	802	1	
147	0	198	step_1_no_load	1	2	2	470	
147	0	198	step_2_no_load	5	6	0.303352625941	0.485065498391	5	713	0	
147	0	199	step_1_no_load	1	2	2	372	
147	0	199	step_2_no_load	3	4	0.73697129762	0.39793773834	3	866	1	
147	0	200	step_1_no_load	1	2	1	288	
147	0	200	step_2_no_load	5	6	0.299128796668	0.507902534353	6	855	0	

Tue May 15 13:47:36 2018
