Thu May 31 14:14:44 2018	
148	0	1	step_1_no_load	1	2	1	734	
148	0	1	step_2_no_load	3	4	0.511789129507	0.598297890399	3	771	1	
148	0	2	step_1_no_load	1	2	1	497	
148	0	2	step_2_no_load	3	4	0.533203491871	0.580156942153	3	554	1	
148	0	3	step_1_no_load	1	2	2	576	
148	0	3	step_2_no_load	3	4	0.516002945397	0.584197065669	3	565	1	
148	0	4	step_1_no_load	1	2	1	371	
148	0	4	step_2_no_load	3	4	0.494597764192	0.597491569846	3	556	0	
148	0	5	step_1_no_load	1	2	1	486	
148	0	5	step_2_no_load	3	4	0.543908521457	0.623810210114	4	509	0	
148	0	6	step_1_no_load	1	2	2	563	
148	0	6	step_2_no_load	5	6	0.506877622204	0.603642866427	6	619	1	
148	0	7	step_1_no_load	1	2	1	321	
148	0	7	step_2_no_load	3	4	0.506408070053	0.568656746487	3	415	0	
148	0	8	step_1_no_load	1	2	2	352	
148	0	8	step_2_no_load	5	6	0.489816616396	0.624210374623	6	1083	0	
148	0	9	step_1_no_load	1	2	2	371	
148	0	9	step_2_no_load	5	6	0.496546708465	0.641106877158	5	830	1	
148	0	10	step_1_no_load	1	2	1	452	
148	0	10	step_2_no_load	3	4	0.576063520885	0.652626043146	3	572	1	
148	0	11	step_1_no_load	1	2	1	278	
148	0	11	step_2_no_load	3	4	0.59022801242	0.69163818036	3	524	1	
148	0	12	step_1_no_load	1	2	1	664	
148	0	12	step_2_no_load	3	4	0.597131918027	0.682786328054	3	410	1	
148	0	13	step_1_no_load	1	2	2	337	
148	0	13	step_2_no_load	5	6	0.52012981853	0.558313135925	5	574	0	
148	0	14	step_1_no_load	1	2	2	269	
148	0	14	step_2_no_load	3	4	0.611256675753	0.629137942344	4	443	1	
148	0	15	step_1_no_load	1	2	2	561	
148	0	15	step_2_no_load	5	6	0.505377237737	0.570419113221	6	593	1	
148	0	16	step_1_no_load	1	2	2	301	
148	0	16	step_2_no_load	3	4	0.626326396372	0.628091198119	3	945	1	
148	0	17	step_1_no_load	1	2	1	452	
148	0	17	step_2_no_load	3	4	0.643116883134	0.633350170016	3	633	0	
148	0	18	step_1_no_load	1	2	1	338	
148	0	18	step_2_no_load	5	6	0.517514133912	0.553554620302	6	737	0	
148	0	19	step_1_no_load	1	2	1	379	
148	0	19	step_2_no_load	3	4	0.644773170243	0.619895761657	3	667	0	
148	0	20	step_1_no_load	1	2	2	971	
148	0	20	step_2_no_load	5	6	0.478025448397	0.491720931314	6	1112	0	
148	0	21	step_1_no_load	1	2	2	659	
148	0	21	step_2_no_load	5	6	0.49769376036	0.470207377245	5	945	1	
148	0	22	step_1_no_load	1	2	1	528	
148	0	22	step_2_no_load	3	4	0.618527126547	0.621949894727	4	369	1	
148	0	23	step_1_no_load	1	2	1	254	
148	0	23	step_2_no_load	5	6	0.520606588181	0.513759772011	5	1087	1	
148	0	24	step_1_no_load	1	2	1	318	
148	0	24	step_2_no_load	3	4	0.5800912085	0.582115115688	4	448	0	
148	0	25	step_1_no_load	1	2	1	575	
148	0	25	step_2_no_load	3	4	0.629917901014	0.565698722896	3	1290	1	
148	0	26	step_1_no_load	1	2	2	546	
148	0	26	step_2_no_load	3	4	0.640635035276	0.592410219737	3	828	1	
148	0	27	step_1_no_load	1	2	1	562	
148	0	27	step_2_no_load	3	4	0.642144756622	0.57860777711	3	603	0	
148	0	28	step_1_no_load	1	2	1	559	
148	0	28	step_2_no_load	3	4	0.647441527317	0.588356036098	4	623	1	
148	0	29	step_1_no_load	1	2	1	519	
148	0	29	step_2_no_load	3	4	0.618626354124	0.606613029227	4	436	0	
148	0	30	step_1_no_load	1	2	2	265	
148	0	30	step_2_no_load	3	4	0.610227092493	0.608245979832	3	963	1	
148	0	31	step_1_no_load	1	2	2	313	
148	0	31	step_2_no_load	5	6	0.483156722265	0.541819886458	6	717	1	
148	0	32	step_1_no_load	1	2	2	290	
148	0	32	step_2_no_load	3	4	0.605616211083	0.634585171267	4	1184	1	
148	0	33	step_1_no_load	1	2	2	301	
148	0	33	step_2_no_load	5	6	0.487664344039	0.542309898544	6	491	1	
148	0	34	step_1_no_load	1	2	2	465	
148	0	34	step_2_no_load	5	6	0.454565258478	0.538523758058	6	801	0	
148	0	35	step_1_no_load	1	2	2	592	
148	0	35	step_2_no_load	3	4	0.649776015006	0.566827313385	3	480	0	
148	0	36	step_1_no_load	1	2	1	280	
148	0	36	step_2_no_load	5	6	0.513210053121	0.611274573488	5	1248	1	
148	0	37	step_1_no_load	1	2	1	390	
148	0	37	step_2_no_load	3	4	0.660658056664	0.513822304161	3	1239	1	
148	0	38	step_1_no_load	1	2	1	1097	
148	0	38	step_2_no_load	3	4	0.651263699161	0.539078491643	3	1074	1	
148	0	39	step_1_no_load	1	2	1	247	
148	0	39	step_2_no_load	3	4	0.634483337633	0.557005857101	4	927	1	
148	0	40	step_1_no_load	1	2	1	353	
148	0	40	step_2_no_load	3	4	0.636994900683	0.580760785074	4	505	1	
148	0	41	step_1_no_load	1	2	1	305	
148	0	41	step_2_no_load	3	4	0.633285941184	0.524862294848	4	590	0	
148	0	42	step_1_no_load	1	2	2	506	
148	0	42	step_2_no_load	3	4	0.606696263624	0.533857158543	3	848	1	
148	0	43	step_1_no_load	1	2	2	293	
148	0	43	step_2_no_load	3	4	0.581931546759	0.553703096215	3	468	1	
148	0	44	step_1_no_load	1	2	2	281	
148	0	44	step_2_no_load	5	6	0.537842745081	0.611481438855	6	1143	1	
148	0	45	step_1_no_load	1	2	2	562	
148	0	45	step_2_no_load	5	6	0.5288039409	0.632991467829	6	634	1	
148	0	46	step_1_no_load	1	2	2	827	
148	0	46	step_2_no_load	5	6	0.532238720495	0.600964500555	5	558	0	
148	0	47	step_1_no_load	1	2	2	561	
148	0	47	step_2_no_load	5	6	0.493112702321	0.598724660986	5	1323	1	
148	0	48	step_1_no_load	1	2	2	357	
148	0	48	step_2_no_load	5	6	0.488280685105	0.615767119776	5	526	0	
148	0	49	step_1_no_load	1	2	1	298	
148	0	49	step_2_no_load	3	4	0.614679490594	0.512405963374	3	834	0	
148	0	50	step_1_no_load	1	2	1	351	
148	0	50	step_2_no_load	3	4	0.593458480934	0.481616544184	4	440	0	
148	0	51	step_1_no_load	1	2	1	285	
148	0	51	step_2_no_load	3	4	0.613357430892	0.508197321577	3	636	0	
148	0	52	step_1_no_load	1	2	1	345	
148	0	52	step_2_no_load	3	4	0.613408921915	0.513589895419	3	326	1	
148	0	53	step_1_no_load	1	2	1	404	
148	0	53	step_2_no_load	3	4	0.630956764252	0.475342927439	3	303	1	
148	0	54	step_1_no_load	1	2	1	404	
148	0	54	step_2_no_load	5	6	0.491512498697	0.570223904064	5	967	1	
148	0	55	step_1_no_load	1	2	1	242	
148	0	55	step_2_no_load	3	4	0.639840796975	0.526704292526	4	1177	1	
148	0	56	step_1_no_load	1	2	1	314	
148	0	56	step_2_no_load	3	4	0.60038825769	0.538512915562	4	412	0	
148	0	57	step_1_no_load	1	2	2	325	
148	0	57	step_2_no_load	5	6	0.466449077359	0.641849303307	6	677	1	
148	0	58	step_1_no_load	1	2	2	322	
148	0	58	step_2_no_load	5	6	0.478335218822	0.664682809182	6	527	1	
148	0	59	step_1_no_load	1	2	2	600	
148	0	59	step_2_no_load	5	6	0.480274332693	0.632500293208	6	400	1	
148	0	60	step_1_no_load	1	2	2	305	
148	0	60	step_2_no_load	5	6	0.491916707098	0.623687406259	5	462	1	
148	0	61	step_1_no_load	1	2	2	325	
148	0	61	step_2_no_load	5	6	0.464268875813	0.669587072502	5	498	1	
148	0	62	step_1_no_load	1	2	2	282	
148	0	62	step_2_no_load	5	6	0.50724109756	0.691137204746	5	448	1	
148	0	63	step_1_no_load	1	2	2	333	
148	0	63	step_2_no_load	5	6	0.53192660365	0.664284493458	6	504	1	
148	0	64	step_1_no_load	1	2	2	305	
148	0	64	step_2_no_load	3	4	0.626149195169	0.533849886794	-1	-1	-1	
148	0	65	step_1_no_load	1	2	2	259	
148	0	65	step_2_no_load	3	4	0.619953360065	0.517687993213	4	321	0	
148	0	66	step_1_no_load	1	2	2	291	
148	0	66	step_2_no_load	5	6	0.573761869714	0.606938648072	6	482	0	
148	0	67	step_1_no_load	1	2	1	284	
148	0	67	step_2_no_load	3	4	0.674463681351	0.538279387614	3	331	1	
148	0	68	step_1_no_load	1	2	2	546	
148	0	68	step_2_no_load	3	4	0.719455209845	0.523301545299	4	514	0	
148	0	69	step_1_no_load	1	2	2	291	
148	0	69	step_2_no_load	5	6	0.499137600991	0.622221685203	6	756	0	
148	0	70	step_1_no_load	1	2	2	560	
148	0	70	step_2_no_load	3	4	0.697741832068	0.548075770764	3	569	1	
148	0	71	step_1_no_load	1	2	2	533	
148	0	71	step_2_no_load	3	4	0.706816191949	0.546215110045	4	759	1	
148	0	72	step_1_no_load	1	2	2	385	
148	0	72	step_2_no_load	5	6	0.47409116389	0.626024641967	5	1333	1	
148	0	73	step_1_no_load	1	2	2	552	
148	0	73	step_2_no_load	3	4	0.727961155836	0.50185699984	4	1465	0	
148	0	74	step_1_no_load	1	2	1	255	
148	0	74	step_2_no_load	3	4	0.693624670847	0.491044983779	3	607	1	
148	0	75	step_1_no_load	1	2	1	267	
148	0	75	step_2_no_load	5	6	0.44832280175	0.615552849174	5	761	0	
148	0	76	step_1_no_load	1	2	1	345	
148	0	76	step_2_no_load	3	4	0.690117652944	0.518881389358	3	982	1	
148	0	77	step_1_no_load	1	2	2	240	
148	0	77	step_2_no_load	5	6	0.446809557226	0.564257587118	6	723	0	
148	0	78	step_1_no_load	1	2	1	346	
148	0	78	step_2_no_load	3	4	0.647586191228	0.538654072849	3	482	0	
148	0	79	step_1_no_load	1	2	1	327	
148	0	79	step_2_no_load	3	4	0.647841624544	0.540085062695	3	515	1	
148	0	80	step_1_no_load	1	2	1	307	
148	0	80	step_2_no_load	3	4	0.703969305517	0.49921021142	3	495	1	
148	0	81	step_1_no_load	1	2	1	308	
148	0	81	step_2_no_load	5	6	0.419265522488	0.529745690463	5	571	1	
148	0	82	step_1_no_load	1	2	1	227	
148	0	82	step_2_no_load	3	4	0.688340116885	0.482727017837	4	623	1	
148	0	83	step_1_no_load	1	2	1	232	
148	0	83	step_2_no_load	3	4	0.726885136842	0.483255412498	4	446	0	
148	0	84	step_1_no_load	1	2	1	1060	
148	0	84	step_2_no_load	3	4	0.731466635793	0.505586222209	4	1107	1	
148	0	85	step_1_no_load	1	2	1	320	
148	0	85	step_2_no_load	5	6	0.384458259121	0.692384972752	-1	-1	-1	
148	0	86	step_1_no_load	1	2	1	256	
148	0	86	step_2_no_load	3	4	0.721207648497	0.486462788728	4	554	0	
148	0	87	step_1_no_load	1	2	1	361	
148	0	87	step_2_no_load	3	4	0.690012761069	0.493867001103	3	962	1	
148	0	88	step_1_no_load	1	2	2	376	
148	0	88	step_2_no_load	3	4	0.696773608304	0.509563243675	3	994	1	
148	0	89	step_1_no_load	1	2	2	271	
148	0	89	step_2_no_load	5	6	0.415882489686	0.690772436485	5	367	0	
148	0	90	step_1_no_load	1	2	2	320	
148	0	90	step_2_no_load	5	6	0.411459496853	0.712247848046	5	806	0	
148	0	91	step_1_no_load	1	2	2	263	
148	0	91	step_2_no_load	5	6	0.43534164751	0.685023809334	6	373	1	
148	0	92	step_1_no_load	1	2	2	246	
148	0	92	step_2_no_load	5	6	0.444368850664	0.692406274724	5	414	1	
148	0	93	step_1_no_load	1	2	2	288	
148	0	93	step_2_no_load	5	6	0.439878153082	0.70415710998	5	397	0	
148	0	94	step_1_no_load	1	2	2	265	
148	0	94	step_2_no_load	3	4	0.668295023896	0.468637558205	4	973	0	
148	0	95	step_1_no_load	1	2	2	215	
148	0	95	step_2_no_load	5	6	0.427150666411	0.715495469274	5	333	1	
148	0	96	step_1_no_load	1	2	2	414	
148	0	96	step_2_no_load	3	4	0.663095813561	0.437558890646	3	1340	1	
148	0	97	step_1_no_load	1	2	2	272	
148	0	97	step_2_no_load	5	6	0.392885664353	0.681272614291	5	650	0	
148	0	98	step_1_no_load	1	2	2	266	
148	0	98	step_2_no_load	3	4	0.646040060297	0.431479829356	3	1009	1	
148	0	99	step_1_no_load	1	2	1	801	
148	0	99	step_2_no_load	3	4	0.645191748454	0.375249961522	4	590	1	
148	0	100	step_1_no_load	1	2	1	604	
148	0	100	step_2_no_load	3	4	0.66579920021	0.363162156005	4	537	0	
148	0	101	step_1_no_load	1	2	1	1038	
148	0	101	step_2_no_load	5	6	0.497432607584	0.623812401974	5	1408	0	
148	0	102	step_1_no_load	1	2	1	231	
148	0	102	step_2_no_load	5	6	0.494584754513	0.666304534392	6	265	0	
148	0	103	step_1_no_load	1	2	1	405	
148	0	103	step_2_no_load	3	4	0.69058998368	0.322834495838	3	1137	1	
148	0	104	step_1_no_load	1	2	1	249	
148	0	104	step_2_no_load	3	4	0.743372642809	0.303696146503	3	591	0	
148	0	105	step_1_no_load	1	2	1	330	
148	0	105	step_2_no_load	5	6	0.514318365187	0.689135357059	6	1094	1	
148	0	106	step_1_no_load	1	2	2	745	
148	0	106	step_2_no_load	3	4	0.699623252899	0.374131494222	3	1057	0	
148	0	107	step_1_no_load	1	2	2	276	
148	0	107	step_2_no_load	5	6	0.565220528809	0.692607431435	6	586	1	
148	0	108	step_1_no_load	1	2	2	288	
148	0	108	step_2_no_load	5	6	0.526955028982	0.695928523711	6	630	0	
148	0	109	step_1_no_load	1	2	2	247	
148	0	109	step_2_no_load	5	6	0.479977531501	0.71632547018	5	441	0	
148	0	110	step_1_no_load	1	2	2	337	
148	0	110	step_2_no_load	5	6	0.432626681236	0.729599891941	5	597	1	
148	0	111	step_1_no_load	1	2	2	410	
148	0	111	step_2_no_load	3	4	0.634599547742	0.407158158569	3	373	0	
148	0	112	step_1_no_load	1	2	2	304	
148	0	112	step_2_no_load	5	6	0.392887565883	0.725701866094	5	472	0	
148	0	113	step_1_no_load	1	2	2	372	
148	0	113	step_2_no_load	5	6	0.370697120277	0.719324307956	6	686	0	
148	0	114	step_1_no_load	1	2	1	242	
148	0	114	step_2_no_load	3	4	0.657654904272	0.384736699284	4	315	1	
148	0	115	step_1_no_load	1	2	1	277	
148	0	115	step_2_no_load	3	4	0.645721217949	0.357661171116	4	506	1	
148	0	116	step_1_no_load	1	2	1	263	
148	0	116	step_2_no_load	3	4	0.680124293449	0.369438791876	4	533	0	
148	0	117	step_1_no_load	1	2	1	504	
148	0	117	step_2_no_load	5	6	0.374621793791	0.747012267642	6	1148	1	
148	0	118	step_1_no_load	1	2	1	270	
148	0	118	step_2_no_load	5	6	0.357645851833	0.740051715856	6	1131	1	
148	0	119	step_1_no_load	1	2	1	237	
148	0	119	step_2_no_load	3	4	0.661177321751	0.358243439099	3	646	0	
148	0	120	step_1_no_load	1	2	1	346	
148	0	120	step_2_no_load	3	4	0.666433355915	0.333809617664	3	367	0	
148	0	121	step_1_no_load	1	2	1	306	
148	0	121	step_2_no_load	5	6	0.352721767208	0.658856304095	5	289	1	
148	0	122	step_1_no_load	1	2	1	272	
148	0	122	step_2_no_load	3	4	0.672193618854	0.266650857402	3	325	1	
148	0	123	step_1_no_load	1	2	1	420	
148	0	123	step_2_no_load	3	4	0.664849878232	0.269780614928	3	635	1	
148	0	124	step_1_no_load	1	2	1	348	
148	0	124	step_2_no_load	3	4	0.624161788269	0.26095206597	3	605	1	
148	0	125	step_1_no_load	1	2	1	572	
148	0	125	step_2_no_load	3	4	0.633566302563	0.290374841566	4	685	0	
148	0	126	step_1_no_load	1	2	1	238	
148	0	126	step_2_no_load	5	6	0.300846667696	0.537863824328	5	1106	0	
148	0	127	step_1_no_load	1	2	1	214	
148	0	127	step_2_no_load	3	4	0.646945556251	0.273483952592	4	400	1	
148	0	128	step_1_no_load	1	2	1	368	
148	0	128	step_2_no_load	3	4	0.620672334996	0.260252451606	4	419	0	
148	0	129	step_1_no_load	1	2	1	373	
148	0	129	step_2_no_load	3	4	0.632682846317	0.268213321963	4	381	1	
148	0	130	step_1_no_load	1	2	1	286	
148	0	130	step_2_no_load	5	6	0.274560758494	0.682031489739	6	589	1	
148	0	131	step_1_no_load	1	2	2	342	
148	0	131	step_2_no_load	5	6	0.311475039155	0.678044920845	6	526	1	
148	0	132	step_1_no_load	1	2	2	256	
148	0	132	step_2_no_load	3	4	0.660013924697	0.27986961048	-1	-1	-1	
148	0	133	step_1_no_load	1	2	2	289	
148	0	133	step_2_no_load	3	4	0.691649444281	0.315608831386	3	304	1	
148	0	134	step_1_no_load	1	2	2	398	
148	0	134	step_2_no_load	5	6	0.302839427162	0.621945110858	6	815	1	
148	0	135	step_1_no_load	1	2	1	1029	
148	0	135	step_2_no_load	5	6	0.287118934166	0.593710006149	6	778	0	
148	0	136	step_1_no_load	1	2	1	241	
148	0	136	step_2_no_load	3	4	0.674914008636	0.307766925452	4	884	0	
148	0	137	step_1_no_load	1	2	1	248	
148	0	137	step_2_no_load	3	4	0.668540846495	0.346433498467	3	774	1	
148	0	138	step_1_no_load	1	2	1	264	
148	0	138	step_2_no_load	3	4	0.688182193337	0.366701525561	3	588	0	
148	0	139	step_1_no_load	1	2	1	430	
148	0	139	step_2_no_load	3	4	0.696355985729	0.325611400511	3	1065	0	
148	0	140	step_1_no_load	1	2	1	302	
148	0	140	step_2_no_load	3	4	0.637682840728	0.348740542008	3	1039	1	
148	0	141	step_1_no_load	1	2	1	276	
148	0	141	step_2_no_load	5	6	0.311809871418	0.711987889705	6	713	1	
148	0	142	step_1_no_load	1	2	1	240	
148	0	142	step_2_no_load	5	6	0.304203281606	0.690276058009	5	419	0	
148	0	143	step_1_no_load	1	2	1	257	
148	0	143	step_2_no_load	3	4	0.610219102298	0.410970957547	3	739	0	
148	0	144	step_1_no_load	1	2	1	311	
148	0	144	step_2_no_load	3	4	0.639347300184	0.389234194056	3	508	0	
148	0	145	step_1_no_load	1	2	2	401	
148	0	145	step_2_no_load	5	6	0.266265924094	0.6669125229	6	422	0	
148	0	146	step_1_no_load	1	2	2	253	
148	0	146	step_2_no_load	3	4	0.593778463268	0.320877500969	4	1151	1	
148	0	147	step_1_no_load	1	2	2	300	
148	0	147	step_2_no_load	5	6	0.265578160642	0.647798886916	5	757	0	
148	0	148	step_1_no_load	1	2	2	278	
148	0	148	step_2_no_load	5	6	0.305288021243	0.619272702026	6	576	1	
148	0	149	step_1_no_load	1	2	1	500	
148	0	149	step_2_no_load	3	4	0.623203869836	0.300290206122	4	780	1	
148	0	150	step_1_no_load	1	2	2	259	
148	0	150	step_2_no_load	5	6	0.305587692243	0.575985663078	6	655	1	
148	0	151	step_1_no_load	1	2	2	272	
148	0	151	step_2_no_load	5	6	0.348172164421	0.59154759351	5	746	1	
148	0	152	step_1_no_load	1	2	2	281	
148	0	152	step_2_no_load	3	4	0.644204174791	0.323194010514	3	988	0	
148	0	153	step_1_no_load	1	2	1	267	
148	0	153	step_2_no_load	3	4	0.681559292085	0.343622632154	4	633	0	
148	0	154	step_1_no_load	1	2	2	298	
148	0	154	step_2_no_load	3	4	0.671672162443	0.348349389262	4	1356	1	
148	0	155	step_1_no_load	1	2	2	457	
148	0	155	step_2_no_load	5	6	0.296093457977	0.632486591889	6	340	1	
148	0	156	step_1_no_load	1	2	2	244	
148	0	156	step_2_no_load	3	4	0.734436160799	0.368378667812	4	1185	0	
148	0	157	step_1_no_load	1	2	2	250	
148	0	157	step_2_no_load	5	6	0.350909357271	0.585191807512	5	480	0	
148	0	158	step_1_no_load	1	2	2	267	
148	0	158	step_2_no_load	5	6	0.408728803896	0.532722108502	6	354	1	
148	0	159	step_1_no_load	1	2	2	333	
148	0	159	step_2_no_load	5	6	0.413026375257	0.541222065796	6	400	1	
148	0	160	step_1_no_load	1	2	2	277	
148	0	160	step_2_no_load	3	4	0.710728171711	0.355992626298	4	949	0	
148	0	161	step_1_no_load	1	2	2	244	
148	0	161	step_2_no_load	3	4	0.719896286569	0.438878285506	3	539	1	
148	0	162	step_1_no_load	1	2	2	264	
148	0	162	step_2_no_load	5	6	0.3926701003	0.566496468084	6	368	1	
148	0	163	step_1_no_load	1	2	2	281	
148	0	163	step_2_no_load	5	6	0.395221309311	0.5863391277	6	851	0	
148	0	164	step_1_no_load	1	2	2	278	
148	0	164	step_2_no_load	3	4	0.692137394606	0.430844125626	4	847	1	
148	0	165	step_1_no_load	1	2	2	270	
148	0	165	step_2_no_load	5	6	0.463777557969	0.538026607649	6	1177	1	
148	0	166	step_1_no_load	1	2	2	501	
148	0	166	step_2_no_load	5	6	0.422282731054	0.549095060025	6	594	1	
148	0	167	step_1_no_load	1	2	2	339	
148	0	167	step_2_no_load	5	6	0.38753671275	0.585131062446	6	391	0	
148	0	168	step_1_no_load	1	2	2	302	
148	0	168	step_2_no_load	5	6	0.400817642375	0.613361520676	6	482	1	
148	0	169	step_1_no_load	1	2	2	417	
148	0	169	step_2_no_load	5	6	0.42098542374	0.586049140041	6	456	1	
148	0	170	step_1_no_load	1	2	1	276	
148	0	170	step_2_no_load	5	6	0.411067820436	0.57151385403	6	443	1	
148	0	171	step_1_no_load	1	2	2	271	
148	0	171	step_2_no_load	3	4	0.727248140829	0.425122034074	3	890	1	
148	0	172	step_1_no_load	1	2	2	343	
148	0	172	step_2_no_load	3	4	0.668669556875	0.490120307546	3	1161	0	
148	0	173	step_1_no_load	1	2	2	289	
148	0	173	step_2_no_load	5	6	0.385349297983	0.484428109849	6	433	0	
148	0	174	step_1_no_load	1	2	2	232	
148	0	174	step_2_no_load	5	6	0.387867297446	0.472729524832	6	363	0	
148	0	175	step_1_no_load	1	2	2	255	
148	0	175	step_2_no_load	3	4	0.693968268443	0.484825491933	4	876	0	
148	0	176	step_1_no_load	1	2	2	229	
148	0	176	step_2_no_load	5	6	0.383231572002	0.474046874473	5	480	1	
148	0	177	step_1_no_load	1	2	2	259	
148	0	177	step_2_no_load	5	6	0.357425668099	0.501268576771	5	602	0	
148	0	178	step_1_no_load	1	2	2	360	
148	0	178	step_2_no_load	5	6	0.36473828006	0.493712351915	6	515	1	
148	0	179	step_1_no_load	1	2	2	323	
148	0	179	step_2_no_load	3	4	0.709345707515	0.493565996034	4	913	1	
148	0	180	step_1_no_load	1	2	1	249	
148	0	180	step_2_no_load	5	6	0.341214611607	0.482853857291	5	986	0	
148	0	181	step_1_no_load	1	2	2	267	
148	0	181	step_2_no_load	5	6	0.342402764747	0.508735114046	6	779	0	
148	0	182	step_1_no_load	1	2	1	291	
148	0	182	step_2_no_load	3	4	0.72717560423	0.49907747228	3	563	1	
148	0	183	step_1_no_load	1	2	1	288	
148	0	183	step_2_no_load	3	4	0.720388040749	0.492742497507	3	667	1	
148	0	184	step_1_no_load	1	2	1	291	
148	0	184	step_2_no_load	3	4	0.657291439324	0.480863422096	3	524	1	
148	0	185	step_1_no_load	1	2	1	245	
148	0	185	step_2_no_load	3	4	0.665622647081	0.482228039858	4	553	1	
148	0	186	step_1_no_load	1	2	1	271	
148	0	186	step_2_no_load	3	4	0.656308636836	0.484672582719	4	496	1	
148	0	187	step_1_no_load	1	2	2	514	
148	0	187	step_2_no_load	5	6	0.328890769988	0.443962917772	6	501	0	
148	0	188	step_1_no_load	1	2	2	289	
148	0	188	step_2_no_load	3	4	0.696362660087	0.548350535247	3	431	1	
148	0	189	step_1_no_load	1	2	2	287	
148	0	189	step_2_no_load	5	6	0.285168135955	0.448897869069	5	996	1	
148	0	190	step_1_no_load	1	2	1	234	
148	0	190	step_2_no_load	3	4	0.667655825994	0.505820429042	3	383	1	
148	0	191	step_1_no_load	1	2	1	269	
148	0	191	step_2_no_load	5	6	0.318839908867	0.435748387321	5	454	0	
148	0	192	step_1_no_load	1	2	2	275	
148	0	192	step_2_no_load	5	6	0.299297135717	0.450791310283	5	407	0	
148	0	193	step_1_no_load	1	2	2	294	
148	0	193	step_2_no_load	3	4	0.679792491164	0.504944704439	3	587	1	
148	0	194	step_1_no_load	1	2	2	432	
148	0	194	step_2_no_load	3	4	0.655261361454	0.505359594715	3	510	0	
148	0	195	step_1_no_load	1	2	2	223	
148	0	195	step_2_no_load	3	4	0.646280688878	0.494102184238	3	836	0	
148	0	196	step_1_no_load	1	2	2	280	
148	0	196	step_2_no_load	5	6	0.365373286058	0.421761207498	6	682	0	
148	0	197	step_1_no_load	1	2	2	388	
148	0	197	step_2_no_load	5	6	0.316987700969	0.422511153127	5	1100	1	
148	0	198	step_1_no_load	1	2	2	0	
148	0	198	step_2_no_load	3	4	0.68660989813	0.485065498391	3	488	1	
148	0	199	step_1_no_load	1	2	2	292	
148	0	199	step_2_no_load	5	6	0.292861528884	0.39793773834	5	671	0	
148	0	200	step_1_no_load	1	2	1	243	
148	0	200	step_2_no_load	3	4	0.728996708473	0.507902534353	4	454	0	

Thu May 31 14:35:13 2018
