Thu May 31 16:21:27 2018	
150	0	1	step_1_no_load	1	2	2	795	
150	0	1	step_2_no_load	3	4	0.598297890399	0.594299910136	4	703	1	
150	0	2	step_1_no_load	1	2	2	447	
150	0	2	step_2_no_load	3	4	0.580156942153	0.610961032466	4	842	0	
150	0	3	step_1_no_load	1	2	2	398	
150	0	3	step_2_no_load	3	4	0.584197065669	0.589215227351	4	259	1	
150	0	4	step_1_no_load	1	2	2	759	
150	0	4	step_2_no_load	3	4	0.597491569846	0.564086293706	4	762	0	
150	0	5	step_1_no_load	1	2	-1	-1	
150	0	6	step_1_no_load	1	2	2	517	
150	0	6	step_2_no_load	5	6	0.506877622204	0.490454120702	6	744	0	
150	0	7	step_1_no_load	1	2	2	366	
150	0	7	step_2_no_load	3	4	0.568656746487	0.622642364361	-1	-1	-1	
150	0	8	step_1_no_load	1	2	1	756	
150	0	8	step_2_no_load	5	6	0.489816616396	0.499203529332	5	821	1	
150	0	9	step_1_no_load	1	2	1	301	
150	0	9	step_2_no_load	5	6	0.496546708465	0.54429228266	5	444	1	
150	0	10	step_1_no_load	1	2	1	332	
150	0	10	step_2_no_load	3	4	0.652626043146	0.636063269715	3	450	1	
150	0	11	step_1_no_load	1	2	1	298	
150	0	11	step_2_no_load	3	4	0.69163818036	0.609191465743	3	944	0	
150	0	12	step_1_no_load	1	2	1	483	
150	0	12	step_2_no_load	5	6	0.48457206759	0.597131918027	5	908	1	
150	0	13	step_1_no_load	1	2	1	452	
150	0	13	step_2_no_load	3	4	0.653587098421	0.558313135925	4	1321	1	
150	0	14	step_1_no_load	1	2	1	493	
150	0	14	step_2_no_load	3	4	0.629137942344	0.545555696267	4	1159	0	
150	0	15	step_1_no_load	1	2	1	996	
150	0	15	step_2_no_load	3	4	0.612260006668	0.570419113221	3	1363	0	
150	0	16	step_1_no_load	1	2	2	444	
150	0	16	step_2_no_load	5	6	0.510958036527	0.626326396372	6	1342	0	
150	0	17	step_1_no_load	1	2	2	570	
150	0	17	step_2_no_load	5	6	0.535958400205	0.643116883134	5	1068	1	
150	0	18	step_1_no_load	1	2	2	383	
150	0	18	step_2_no_load	5	6	0.517514133912	0.626895526976	5	592	1	
150	0	19	step_1_no_load	1	2	2	432	
150	0	19	step_2_no_load	5	6	0.498240186199	0.644773170243	5	652	0	
150	0	20	step_1_no_load	1	2	2	450	
150	0	20	step_2_no_load	5	6	0.478025448397	0.60665343963	5	469	1	
150	0	21	step_1_no_load	1	2	2	452	
150	0	21	step_2_no_load	3	4	0.630305464549	0.470207377245	3	366	1	
150	0	22	step_1_no_load	1	2	2	548	
150	0	22	step_2_no_load	5	6	0.506100011497	0.618527126547	5	880	1	
150	0	23	step_1_no_load	1	2	2	430	
150	0	23	step_2_no_load	3	4	0.640163623731	0.513759772011	3	1045	0	
150	0	24	step_1_no_load	1	2	2	1161	
150	0	24	step_2_no_load	3	4	0.582115115688	0.503316199018	-1	-1	-1	
150	0	25	step_1_no_load	1	2	2	740	
150	0	25	step_2_no_load	5	6	0.503316372362	0.629917901014	5	581	1	
150	0	26	step_1_no_load	1	2	2	716	
150	0	26	step_2_no_load	5	6	0.511744353778	0.640635035276	5	757	0	
150	0	27	step_1_no_load	1	2	2	429	
150	0	27	step_2_no_load	3	4	0.57860777711	0.54756089792	-1	-1	-1	
150	0	28	step_1_no_load	1	2	2	566	
150	0	28	step_2_no_load	5	6	0.520177259699	0.647441527317	5	1086	1	
150	0	29	step_1_no_load	1	2	2	589	
150	0	29	step_2_no_load	3	4	0.606613029227	0.561957580386	3	1214	0	
150	0	30	step_1_no_load	1	2	2	640	
150	0	30	step_2_no_load	3	4	0.608245979832	0.574272497114	3	1424	1	
150	0	31	step_1_no_load	1	2	2	627	
150	0	31	step_2_no_load	5	6	0.483156722265	0.606122691795	6	1353	1	
150	0	32	step_1_no_load	1	2	2	345	
150	0	32	step_2_no_load	5	6	0.520318771114	0.605616211083	6	566	1	
150	0	33	step_1_no_load	1	2	2	395	
150	0	33	step_2_no_load	5	6	0.487664344039	0.618000238621	6	673	1	
150	0	34	step_1_no_load	1	2	2	380	
150	0	34	step_2_no_load	3	4	0.575802910074	0.538523758058	3	794	0	
150	0	35	step_1_no_load	1	2	2	463	
150	0	35	step_2_no_load	5	6	0.491437207585	0.649776015006	6	494	0	
150	0	36	step_1_no_load	1	2	2	296	
150	0	36	step_2_no_load	5	6	0.513210053121	0.661229326326	6	430	1	
150	0	37	step_1_no_load	1	2	2	343	
150	0	37	step_2_no_load	5	6	0.543074626387	0.660658056664	6	584	1	
150	0	38	step_1_no_load	1	2	2	484	
150	0	38	step_2_no_load	5	6	0.553931241266	0.651263699161	6	510	0	
150	0	39	step_1_no_load	1	2	2	420	
150	0	39	step_2_no_load	5	6	0.578640235206	0.634483337633	6	413	1	
150	0	40	step_1_no_load	1	2	2	1305	
150	0	40	step_2_no_load	3	4	0.580760785074	0.607992802154	4	385	1	
150	0	41	step_1_no_load	1	2	2	402	
150	0	41	step_2_no_load	5	6	0.583829055298	0.633285941184	6	379	1	
150	0	42	step_1_no_load	1	2	2	363	
150	0	42	step_2_no_load	5	6	0.553461946234	0.606696263624	6	389	0	
150	0	43	step_1_no_load	1	2	2	300	
150	0	43	step_2_no_load	5	6	0.548128010644	0.581931546759	6	421	1	
150	0	44	step_1_no_load	1	2	2	278	
150	0	44	step_2_no_load	5	6	0.537842745081	0.589653131867	6	483	1	
150	0	45	step_1_no_load	1	2	2	383	
150	0	45	step_2_no_load	5	6	0.5288039409	0.620699591043	6	583	0	
150	0	46	step_1_no_load	1	2	2	294	
150	0	46	step_2_no_load	5	6	0.532238720495	0.654261318712	6	557	0	
150	0	47	step_1_no_load	1	2	2	307	
150	0	47	step_2_no_load	5	6	0.493112702321	0.634373567175	6	536	0	
150	0	48	step_1_no_load	1	2	2	553	
150	0	48	step_2_no_load	5	6	0.488280685105	0.657624935632	5	371	0	
150	0	49	step_1_no_load	1	2	2	282	
150	0	49	step_2_no_load	5	6	0.489287375157	0.614679490594	5	456	0	
150	0	50	step_1_no_load	1	2	1	265	
150	0	50	step_2_no_load	3	4	0.481616544184	0.606862017918	4	444	1	
150	0	51	step_1_no_load	1	2	1	328	
150	0	51	step_2_no_load	3	4	0.508197321577	0.564866799699	4	398	0	
150	0	52	step_1_no_load	1	2	1	283	
150	0	52	step_2_no_load	3	4	0.513589895419	0.539065404057	4	266	1	
150	0	53	step_1_no_load	1	2	1	406	
150	0	53	step_2_no_load	3	4	0.475342927439	0.551457882502	4	667	1	
150	0	54	step_1_no_load	1	2	1	386	
150	0	54	step_2_no_load	5	6	0.491512498697	0.652515308527	6	1226	1	
150	0	55	step_1_no_load	1	2	1	369	
150	0	55	step_2_no_load	3	4	0.526704292526	0.574045915747	4	597	0	
150	0	56	step_1_no_load	1	2	1	374	
150	0	56	step_2_no_load	3	4	0.538512915562	0.601856598146	4	695	0	
150	0	57	step_1_no_load	1	2	1	281	
150	0	57	step_2_no_load	3	4	0.516475618243	0.641849303307	3	327	0	
150	0	58	step_1_no_load	1	2	1	246	
150	0	58	step_2_no_load	3	4	0.528376440027	0.664682809182	4	423	1	
150	0	59	step_1_no_load	1	2	-1	-1	
150	0	60	step_1_no_load	1	2	1	331	
150	0	60	step_2_no_load	3	4	0.479287247283	0.623687406259	4	389	1	
150	0	61	step_1_no_load	1	2	1	289	
150	0	61	step_2_no_load	5	6	0.464268875813	0.602879526975	5	1289	1	
150	0	62	step_1_no_load	1	2	1	519	
150	0	62	step_2_no_load	3	4	0.533031417444	0.691137204746	4	672	0	
150	0	63	step_1_no_load	1	2	1	296	
150	0	63	step_2_no_load	5	6	0.53192660365	0.642623127313	5	269	1	
150	0	64	step_1_no_load	1	2	1	333	
150	0	64	step_2_no_load	5	6	0.555062911513	0.626149195169	5	401	0	
150	0	65	step_1_no_load	1	2	1	298	
150	0	65	step_2_no_load	3	4	0.517687993213	0.612660225018	4	831	1	
150	0	66	step_1_no_load	1	2	1	242	
150	0	66	step_2_no_load	5	6	0.573761869714	0.630357351236	5	1138	1	
150	0	67	step_1_no_load	1	2	1	286	
150	0	67	step_2_no_load	3	4	0.538279387614	0.597650193897	4	599	1	
150	0	68	step_1_no_load	1	2	2	1187	
150	0	68	step_2_no_load	5	6	0.509127161919	0.719455209845	6	739	0	
150	0	69	step_1_no_load	1	2	2	1332	
150	0	69	step_2_no_load	5	6	0.499137600991	0.718756538957	-1	-1	-1	
150	0	70	step_1_no_load	1	2	2	738	
150	0	70	step_2_no_load	5	6	0.498834901463	0.697741832068	6	603	1	
150	0	71	step_1_no_load	1	2	2	452	
150	0	71	step_2_no_load	5	6	0.482863323776	0.706816191949	6	314	1	
150	0	72	step_1_no_load	1	2	2	429	
150	0	72	step_2_no_load	5	6	0.47409116389	0.705884789502	6	425	1	
150	0	73	step_1_no_load	1	2	2	309	
150	0	73	step_2_no_load	5	6	0.435957313805	0.727961155836	6	385	0	
150	0	74	step_1_no_load	1	2	2	291	
150	0	74	step_2_no_load	5	6	0.453420386428	0.693624670847	6	440	1	
150	0	75	step_1_no_load	1	2	2	869	
150	0	75	step_2_no_load	5	6	0.44832280175	0.697629587097	6	328	0	
150	0	76	step_1_no_load	1	2	2	368	
150	0	76	step_2_no_load	5	6	0.488583631821	0.690117652944	6	389	1	
150	0	77	step_1_no_load	1	2	2	397	
150	0	77	step_2_no_load	5	6	0.446809557226	0.679737625371	6	435	1	
150	0	78	step_1_no_load	1	2	2	299	
150	0	78	step_2_no_load	5	6	0.435911167612	0.647586191228	6	263	1	
150	0	79	step_1_no_load	1	2	2	332	
150	0	79	step_2_no_load	3	4	0.540085062695	0.513695512795	4	241	1	
150	0	80	step_1_no_load	1	2	2	391	
150	0	80	step_2_no_load	3	4	0.49921021142	0.518583383166	4	375	1	
150	0	81	step_1_no_load	1	2	2	403	
150	0	81	step_2_no_load	5	6	0.419265522488	0.702400933084	6	460	1	
150	0	82	step_1_no_load	1	2	2	374	
150	0	82	step_2_no_load	3	4	0.482727017837	0.564729328387	4	387	1	
150	0	83	step_1_no_load	1	2	2	368	
150	0	83	step_2_no_load	3	4	0.483255412498	0.607907985871	4	318	0	
150	0	84	step_1_no_load	1	2	2	301	
150	0	84	step_2_no_load	5	6	0.385087938645	0.731466635793	6	302	1	
150	0	85	step_1_no_load	1	2	2	238	
150	0	85	step_2_no_load	5	6	0.384458259121	0.712989604416	6	402	1	
150	0	86	step_1_no_load	1	2	2	354	
150	0	86	step_2_no_load	5	6	0.345323068124	0.721207648497	6	371	1	
150	0	87	step_1_no_load	1	2	2	262	
150	0	87	step_2_no_load	5	6	0.40000499778	0.690012761069	6	445	1	
150	0	88	step_1_no_load	1	2	2	271	
150	0	88	step_2_no_load	3	4	0.509563243675	0.717410082358	4	445	1	
150	0	89	step_1_no_load	1	2	2	427	
150	0	89	step_2_no_load	3	4	0.490019385174	0.690772436485	4	446	1	
150	0	90	step_1_no_load	1	2	2	427	
150	0	90	step_2_no_load	3	4	0.530126112124	0.712247848046	4	477	1	
150	0	91	step_1_no_load	1	2	2	350	
150	0	91	step_2_no_load	5	6	0.43534164751	0.657820521772	6	465	1	
150	0	92	step_1_no_load	1	2	2	272	
150	0	92	step_2_no_load	5	6	0.444368850664	0.679381608313	6	414	1	
150	0	93	step_1_no_load	1	2	2	275	
150	0	93	step_2_no_load	3	4	0.473273727684	0.70415710998	4	479	1	
150	0	94	step_1_no_load	1	2	2	671	
150	0	94	step_2_no_load	5	6	0.429211756872	0.668295023896	6	465	1	
150	0	95	step_1_no_load	1	2	2	373	
150	0	95	step_2_no_load	5	6	0.427150666411	0.640209855442	6	712	0	
150	0	96	step_1_no_load	1	2	2	264	
150	0	96	step_2_no_load	5	6	0.383038640121	0.663095813561	6	491	1	
150	0	97	step_1_no_load	1	2	2	468	
150	0	97	step_2_no_load	5	6	0.392885664353	0.651202057411	6	265	0	
150	0	98	step_1_no_load	1	2	2	261	
150	0	98	step_2_no_load	5	6	0.409778171713	0.646040060297	6	412	1	
150	0	99	step_1_no_load	1	2	2	289	
150	0	99	step_2_no_load	5	6	0.397561363605	0.645191748454	6	414	1	
150	0	100	step_1_no_load	1	2	2	269	
150	0	100	step_2_no_load	5	6	0.4333505304	0.66579920021	6	271	1	
150	0	101	step_1_no_load	1	2	2	284	
150	0	101	step_2_no_load	5	6	0.497432607584	0.655903528958	6	370	1	
150	0	102	step_1_no_load	1	2	2	360	
150	0	102	step_2_no_load	5	6	0.494584754513	0.663124617603	6	321	0	
150	0	103	step_1_no_load	1	2	2	267	
150	0	103	step_2_no_load	5	6	0.481975449893	0.69058998368	6	259	0	
150	0	104	step_1_no_load	1	2	2	254	
150	0	104	step_2_no_load	3	4	0.303696146503	0.703870701136	4	274	1	
150	0	105	step_1_no_load	1	2	2	123	
150	0	105	step_2_no_load	5	6	0.514318365187	0.722851301692	6	634	1	
150	0	106	step_1_no_load	1	2	2	417	
150	0	106	step_2_no_load	5	6	0.508908032404	0.699623252899	6	386	1	
150	0	107	step_1_no_load	1	2	2	377	
150	0	107	step_2_no_load	5	6	0.565220528809	0.677514185929	6	440	0	
150	0	108	step_1_no_load	1	2	2	307	
150	0	108	step_2_no_load	5	6	0.526955028982	0.681491063126	6	278	1	
150	0	109	step_1_no_load	1	2	2	399	
150	0	109	step_2_no_load	5	6	0.479977531501	0.68658494263	6	313	0	
150	0	110	step_1_no_load	1	2	2	233	
150	0	110	step_2_no_load	5	6	0.432626681236	0.65455226558	6	294	1	
150	0	111	step_1_no_load	1	2	2	311	
150	0	111	step_2_no_load	5	6	0.384948378665	0.634599547742	6	417	1	
150	0	112	step_1_no_load	1	2	2	566	
150	0	112	step_2_no_load	5	6	0.392887565883	0.635252945963	6	260	1	
150	0	113	step_1_no_load	1	2	2	333	
150	0	113	step_2_no_load	3	4	0.387112818105	0.719324307956	4	460	1	
150	0	114	step_1_no_load	1	2	2	244	
150	0	114	step_2_no_load	5	6	0.380324086676	0.657654904272	6	405	1	
150	0	115	step_1_no_load	1	2	2	373	
150	0	115	step_2_no_load	5	6	0.390027643099	0.645721217949	6	342	1	
150	0	116	step_1_no_load	1	2	2	332	
150	0	116	step_2_no_load	3	4	0.369438791876	0.706736514943	4	395	1	
150	0	117	step_1_no_load	1	2	2	299	
150	0	117	step_2_no_load	3	4	0.363056877927	0.747012267642	4	479	1	
150	0	118	step_1_no_load	1	2	2	270	
150	0	118	step_2_no_load	5	6	0.357645851833	0.690484235012	6	359	0	
150	0	119	step_1_no_load	1	2	2	481	
150	0	119	step_2_no_load	3	4	0.358243439099	0.690424535099	4	487	1	
150	0	120	step_1_no_load	1	2	2	232	
150	0	120	step_2_no_load	3	4	0.333809617664	0.70587238626	4	527	1	
150	0	121	step_1_no_load	1	2	2	309	
150	0	121	step_2_no_load	5	6	0.352721767208	0.671052306195	6	334	1	
150	0	122	step_1_no_load	1	2	2	240	
150	0	122	step_2_no_load	5	6	0.329624572119	0.672193618854	6	331	1	
150	0	123	step_1_no_load	1	2	2	429	
150	0	123	step_2_no_load	5	6	0.337526896345	0.664849878232	6	426	1	
150	0	124	step_1_no_load	1	2	2	331	
150	0	124	step_2_no_load	3	4	0.26095206597	0.603013298253	4	522	0	
150	0	125	step_1_no_load	1	2	2	360	
150	0	125	step_2_no_load	3	4	0.290374841566	0.559596800931	4	590	0	
150	0	126	step_1_no_load	1	2	2	279	
150	0	126	step_2_no_load	5	6	0.300846667696	0.600985760967	6	322	0	
150	0	127	step_1_no_load	1	2	2	232	
150	0	127	step_2_no_load	5	6	0.274944938508	0.646945556251	6	571	1	
150	0	128	step_1_no_load	1	2	2	396	
150	0	128	step_2_no_load	3	4	0.260252451606	0.636905534066	4	602	1	
150	0	129	step_1_no_load	1	2	2	340	
150	0	129	step_2_no_load	3	4	0.268213321963	0.685297910719	4	444	1	
150	0	130	step_1_no_load	1	2	2	335	
150	0	130	step_2_no_load	5	6	0.274560758494	0.630285316669	6	450	1	
150	0	131	step_1_no_load	1	2	2	274	
150	0	131	step_2_no_load	3	4	0.281500842289	0.678044920845	4	572	1	
150	0	132	step_1_no_load	1	2	2	229	
150	0	132	step_2_no_load	5	6	0.315328810424	0.660013924697	6	398	1	
150	0	133	step_1_no_load	1	2	2	289	
150	0	133	step_2_no_load	3	4	0.315608831386	0.617383991623	4	593	0	
150	0	134	step_1_no_load	1	2	2	294	
150	0	134	step_2_no_load	5	6	0.302839427162	0.685529359147	6	424	1	
150	0	135	step_1_no_load	1	2	2	742	
150	0	135	step_2_no_load	5	6	0.287118934166	0.700779221781	6	620	1	
150	0	136	step_1_no_load	1	2	2	404	
150	0	136	step_2_no_load	3	4	0.307766925452	0.597814413435	4	344	1	
150	0	137	step_1_no_load	1	2	2	275	
150	0	137	step_2_no_load	3	4	0.346433498467	0.605896884497	4	307	1	
150	0	138	step_1_no_load	1	2	2	274	
150	0	138	step_2_no_load	3	4	0.366701525561	0.63240964674	4	290	1	
150	0	139	step_1_no_load	1	2	2	277	
150	0	139	step_2_no_load	5	6	0.323660750961	0.696355985729	6	372	0	
150	0	140	step_1_no_load	1	2	2	245	
150	0	140	step_2_no_load	5	6	0.328174526491	0.637682840728	6	427	0	
150	0	141	step_1_no_load	1	2	2	246	
150	0	141	step_2_no_load	5	6	0.311809871418	0.616803346728	6	396	0	
150	0	142	step_1_no_load	1	2	2	325	
150	0	142	step_2_no_load	5	6	0.304203281606	0.627356259123	5	303	0	
150	0	143	step_1_no_load	1	2	2	272	
150	0	143	step_2_no_load	5	6	0.313516825296	0.610219102298	5	275	0	
150	0	144	step_1_no_load	1	2	2	322	
150	0	144	step_2_no_load	5	6	0.275932517017	0.639347300184	6	440	1	
150	0	145	step_1_no_load	1	2	2	332	
150	0	145	step_2_no_load	3	4	0.355256413269	0.6669125229	4	465	1	
150	0	146	step_1_no_load	1	2	2	266	
150	0	146	step_2_no_load	5	6	0.257861956214	0.593778463268	6	387	1	
150	0	147	step_1_no_load	1	2	2	302	
150	0	147	step_2_no_load	3	4	0.352879785946	0.647798886916	4	409	1	
150	0	148	step_1_no_load	1	2	2	247	
150	0	148	step_2_no_load	5	6	0.305288021243	0.648050021239	6	551	1	
150	0	149	step_1_no_load	1	2	2	247	
150	0	149	step_2_no_load	3	4	0.300290206122	0.601870110183	4	508	1	
150	0	150	step_1_no_load	1	2	2	312	
150	0	150	step_2_no_load	5	6	0.305587692243	0.605912419156	6	294	1	
150	0	151	step_1_no_load	1	2	2	335	
150	0	151	step_2_no_load	3	4	0.310557101463	0.59154759351	4	591	0	
150	0	152	step_1_no_load	1	2	2	269	
150	0	152	step_2_no_load	5	6	0.307702500543	0.644204174791	6	410	1	
150	0	153	step_1_no_load	1	2	2	262	
150	0	153	step_2_no_load	5	6	0.309356532263	0.681559292085	6	298	1	
150	0	154	step_1_no_load	1	2	2	371	
150	0	154	step_2_no_load	5	6	0.316375537537	0.671672162443	6	443	1	
150	0	155	step_1_no_load	1	2	2	289	
150	0	155	step_2_no_load	5	6	0.296093457977	0.716100930629	6	392	1	
150	0	156	step_1_no_load	1	2	2	342	
150	0	156	step_2_no_load	5	6	0.32564867104	0.734436160799	6	472	0	
150	0	157	step_1_no_load	1	2	2	294	
150	0	157	step_2_no_load	5	6	0.350909357271	0.720725456325	6	402	0	
150	0	158	step_1_no_load	1	2	2	289	
150	0	158	step_2_no_load	5	6	0.408728803896	0.694270715354	6	569	1	
150	0	159	step_1_no_load	1	2	2	388	
150	0	159	step_2_no_load	5	6	0.413026375257	0.697903160072	6	633	0	
150	0	160	step_1_no_load	1	2	2	353	
150	0	160	step_2_no_load	5	6	0.415052912783	0.710728171711	6	500	1	
150	0	161	step_1_no_load	1	2	2	445	
150	0	161	step_2_no_load	3	4	0.438878285506	0.516036498158	4	471	1	
150	0	162	step_1_no_load	1	2	2	370	
150	0	162	step_2_no_load	5	6	0.3926701003	0.695144769903	6	427	1	
150	0	163	step_1_no_load	1	2	2	357	
150	0	163	step_2_no_load	5	6	0.395221309311	0.697095951435	6	518	0	
150	0	164	step_1_no_load	1	2	2	264	
150	0	164	step_2_no_load	5	6	0.432761720497	0.692137394606	6	458	0	
150	0	165	step_1_no_load	1	2	2	268	
150	0	165	step_2_no_load	5	6	0.463777557969	0.717506143195	6	554	0	
150	0	166	step_1_no_load	1	2	2	270	
150	0	166	step_2_no_load	3	4	0.356317216644	0.549095060025	4	293	1	
150	0	167	step_1_no_load	1	2	2	302	
150	0	167	step_2_no_load	5	6	0.38753671275	0.706271792549	6	274	1	
150	0	168	step_1_no_load	1	2	2	441	
150	0	168	step_2_no_load	5	6	0.400817642375	0.67192508984	6	396	1	
150	0	169	step_1_no_load	1	2	2	276	
150	0	169	step_2_no_load	5	6	0.42098542374	0.704981910944	6	436	1	
150	0	170	step_1_no_load	1	2	2	400	
150	0	170	step_2_no_load	3	4	0.364989630435	0.57151385403	4	532	1	
150	0	171	step_1_no_load	1	2	2	292	
150	0	171	step_2_no_load	3	4	0.425122034074	0.553314431843	4	510	1	
150	0	172	step_1_no_load	1	2	2	349	
150	0	172	step_2_no_load	5	6	0.363617002148	0.668669556875	6	449	1	
150	0	173	step_1_no_load	1	2	2	312	
150	0	173	step_2_no_load	3	4	0.462866379815	0.484428109849	4	448	0	
150	0	174	step_1_no_load	1	2	2	380	
150	0	174	step_2_no_load	5	6	0.387867297446	0.729877433725	6	473	1	
150	0	175	step_1_no_load	1	2	2	759	
150	0	175	step_2_no_load	5	6	0.426185553904	0.693968268443	6	345	1	
150	0	176	step_1_no_load	1	2	2	307	
150	0	176	step_2_no_load	5	6	0.383231572002	0.679250000396	6	484	0	
150	0	177	step_1_no_load	1	2	2	372	
150	0	177	step_2_no_load	5	6	0.357425668099	0.714070205704	6	479	0	
150	0	178	step_1_no_load	1	2	2	282	
150	0	178	step_2_no_load	5	6	0.36473828006	0.705993797498	6	385	1	
150	0	179	step_1_no_load	1	2	2	359	
150	0	179	step_2_no_load	5	6	0.324685418097	0.709345707515	6	496	1	
150	0	180	step_1_no_load	1	2	2	308	
150	0	180	step_2_no_load	3	4	0.489345734128	0.482853857291	4	457	0	
150	0	181	step_1_no_load	1	2	2	262	
150	0	181	step_2_no_load	5	6	0.342402764747	0.746910336326	6	370	1	
150	0	182	step_1_no_load	1	2	2	325	
150	0	182	step_2_no_load	5	6	0.340533666308	0.72717560423	6	423	1	
150	0	183	step_1_no_load	1	2	2	342	
150	0	183	step_2_no_load	5	6	0.350175837802	0.720388040749	6	438	1	
150	0	184	step_1_no_load	1	2	2	305	
150	0	184	step_2_no_load	3	4	0.480863422096	0.460890977786	4	405	1	
150	0	185	step_1_no_load	1	2	2	252	
150	0	185	step_2_no_load	3	4	0.482228039858	0.479703516092	4	386	0	
150	0	186	step_1_no_load	1	2	2	281	
150	0	186	step_2_no_load	5	6	0.332733011923	0.656308636836	6	585	1	
150	0	187	step_1_no_load	1	2	2	438	
150	0	187	step_2_no_load	3	4	0.498596507669	0.443962917772	4	582	1	
150	0	188	step_1_no_load	1	2	2	672	
150	0	188	step_2_no_load	5	6	0.291508050861	0.696362660087	6	477	1	
150	0	189	step_1_no_load	1	2	2	291	
150	0	189	step_2_no_load	3	4	0.534753756004	0.448897869069	4	543	1	
150	0	190	step_1_no_load	1	2	2	280	
150	0	190	step_2_no_load	5	6	0.304557739386	0.667655825994	6	457	0	
150	0	191	step_1_no_load	1	2	2	267	
150	0	191	step_2_no_load	5	6	0.318839908867	0.664271461991	6	579	1	
150	0	192	step_1_no_load	1	2	2	262	
150	0	192	step_2_no_load	5	6	0.299297135717	0.705517419189	6	259	0	
150	0	193	step_1_no_load	1	2	2	256	
150	0	193	step_2_no_load	5	6	0.321008037746	0.679792491164	6	286	1	
150	0	194	step_1_no_load	1	2	2	314	
150	0	194	step_2_no_load	5	6	0.342437174514	0.655261361454	6	301	1	
150	0	195	step_1_no_load	1	2	2	293	
150	0	195	step_2_no_load	5	6	0.348571348505	0.646280688878	6	303	0	
150	0	196	step_1_no_load	1	2	2	0	
150	0	196	step_2_no_load	5	6	0.365373286058	0.695101215304	6	556	1	
150	0	197	step_1_no_load	1	2	2	566	
150	0	197	step_2_no_load	5	6	0.316987700969	0.686552522522	6	465	0	
150	0	198	step_1_no_load	1	2	2	424	
150	0	198	step_2_no_load	3	4	0.485065498391	0.397292432346	4	493	0	
150	0	199	step_1_no_load	1	2	2	397	
150	0	199	step_2_no_load	3	4	0.529438031858	0.39793773834	4	404	0	
150	0	200	step_1_no_load	1	2	2	300	
150	0	200	step_2_no_load	5	6	0.299128796668	0.728996708473	6	521	1	

Thu May 31 16:39:28 2018
