Wed Jun 13 14:16:03 2018	
151	0	1	step_1_no_load	1	2	1	1484	
151	0	1	step_2_no_load	3	4	0.598297890399	0.457620150462	3	877	0	
151	0	2	step_1_no_load	1	2	1	356	
151	0	2	step_2_no_load	3	4	0.580156942153	0.474613197709	4	552	1	
151	0	3	step_1_no_load	1	2	1	495	
151	0	3	step_2_no_load	5	6	0.589215227351	0.516002945397	5	668	1	
151	0	4	step_1_no_load	1	2	1	358	
151	0	4	step_2_no_load	3	4	0.597491569846	0.478607661228	4	547	0	
151	0	5	step_1_no_load	1	2	1	259	
151	0	5	step_2_no_load	3	4	0.623810210114	0.495568760483	4	638	0	
151	0	6	step_1_no_load	1	2	1	297	
151	0	6	step_2_no_load	3	4	0.585722686883	0.506877622204	3	500	1	
151	0	7	step_1_no_load	1	2	1	413	
151	0	7	step_2_no_load	3	4	0.568656746487	0.500071913476	3	417	0	
151	0	8	step_1_no_load	1	2	1	241	
151	0	8	step_2_no_load	3	4	0.59128639594	0.489816616396	3	676	0	
151	0	9	step_1_no_load	1	2	2	390	
151	0	9	step_2_no_load	5	6	0.641106877158	0.54429228266	5	534	1	
151	0	10	step_1_no_load	1	2	2	289	
151	0	10	step_2_no_load	3	4	0.652626043146	0.482364178155	4	653	1	
151	0	11	step_1_no_load	1	2	2	338	
151	0	11	step_2_no_load	5	6	0.609191465743	0.59022801242	5	520	1	
151	0	12	step_1_no_load	1	2	2	465	
151	0	12	step_2_no_load	5	6	0.552770607849	0.597131918027	5	537	1	
151	0	13	step_1_no_load	1	2	2	315	
151	0	13	step_2_no_load	3	4	0.653587098421	0.52012981853	4	471	0	
151	0	14	step_1_no_load	1	2	2	317	
151	0	14	step_2_no_load	3	4	0.629137942344	0.491234392147	3	420	1	
151	0	15	step_1_no_load	1	2	2	297	
151	0	15	step_2_no_load	3	4	0.612260006668	0.505377237737	3	685	0	
151	0	16	step_1_no_load	1	2	2	291	
151	0	16	step_2_no_load	5	6	0.553308964466	0.626326396372	5	598	1	
151	0	17	step_1_no_load	1	2	1	293	
151	0	17	step_2_no_load	3	4	0.633350170016	0.535958400205	3	656	1	
151	0	18	step_1_no_load	1	2	1	308	
151	0	18	step_2_no_load	3	4	0.626834332012	0.517514133912	3	491	0	
151	0	19	step_1_no_load	1	2	1	256	
151	0	19	step_2_no_load	5	6	0.536502319591	0.644773170243	5	758	0	
151	0	20	step_1_no_load	1	2	1	328	
151	0	20	step_2_no_load	5	6	0.491720931314	0.60665343963	6	541	1	
151	0	21	step_1_no_load	1	2	1	326	
151	0	21	step_2_no_load	3	4	0.630305464549	0.49769376036	3	579	1	
151	0	22	step_1_no_load	1	2	1	468	
151	0	22	step_2_no_load	3	4	0.621949894727	0.506100011497	3	570	1	
151	0	23	step_1_no_load	1	2	1	336	
151	0	23	step_2_no_load	3	4	0.640163623731	0.520606588181	4	662	0	
151	0	24	step_1_no_load	1	2	1	300	
151	0	24	step_2_no_load	3	4	0.582115115688	0.505388876622	3	429	1	
151	0	25	step_1_no_load	1	2	2	745	
151	0	25	step_2_no_load	5	6	0.503605105412	0.629917901014	5	500	0	
151	0	26	step_1_no_load	1	2	1	250	
151	0	26	step_2_no_load	3	4	0.592410219737	0.511744353778	3	417	1	
151	0	27	step_1_no_load	1	2	1	309	
151	0	27	step_2_no_load	3	4	0.57860777711	0.507272671939	3	670	0	
151	0	28	step_1_no_load	1	2	1	296	
151	0	28	step_2_no_load	5	6	0.553259388875	0.647441527317	6	557	1	
151	0	29	step_1_no_load	1	2	1	315	
151	0	29	step_2_no_load	3	4	0.606613029227	0.521159009103	3	608	0	
151	0	30	step_1_no_load	1	2	1	262	
151	0	30	step_2_no_load	3	4	0.608245979832	0.4919199548	4	410	1	
151	0	31	step_1_no_load	1	2	1	274	
151	0	31	step_2_no_load	3	4	0.636602545794	0.483156722265	4	463	1	
151	0	32	step_1_no_load	1	2	1	409	
151	0	32	step_2_no_load	5	6	0.522993086096	0.605616211083	5	890	1	
151	0	33	step_1_no_load	1	2	1	315	
151	0	33	step_2_no_load	3	4	0.611700032906	0.487664344039	4	571	0	
151	0	34	step_1_no_load	1	2	1	309	
151	0	34	step_2_no_load	5	6	0.538523758058	0.670290552209	5	543	0	
151	0	35	step_1_no_load	1	2	1	303	
151	0	35	step_2_no_load	5	6	0.594167768198	0.649776015006	5	557	1	
151	0	36	step_1_no_load	1	2	2	288	
151	0	36	step_2_no_load	3	4	0.527635087561	0.513210053121	4	531	0	
151	0	37	step_1_no_load	1	2	1	274	
151	0	37	step_2_no_load	5	6	0.598446394142	0.660658056664	5	482	1	
151	0	38	step_1_no_load	1	2	1	280	
151	0	38	step_2_no_load	3	4	0.539078491643	0.553931241266	4	611	1	
151	0	39	step_1_no_load	1	2	1	279	
151	0	39	step_2_no_load	3	4	0.557005857101	0.578640235206	4	471	1	
151	0	40	step_1_no_load	1	2	1	293	
151	0	40	step_2_no_load	3	4	0.580760785074	0.5691386571	4	423	0	
151	0	41	step_1_no_load	1	2	1	306	
151	0	41	step_2_no_load	3	4	0.524862294848	0.583829055298	4	479	0	
151	0	42	step_1_no_load	1	2	1	283	
151	0	42	step_2_no_load	3	4	0.533857158543	0.553461946234	3	522	0	
151	0	43	step_1_no_load	1	2	2	455	
151	0	43	step_2_no_load	3	4	0.553703096215	0.548128010644	3	616	1	
151	0	44	step_1_no_load	1	2	2	311	
151	0	44	step_2_no_load	3	4	0.541854396676	0.537842745081	4	384	0	
151	0	45	step_1_no_load	1	2	2	307	
151	0	45	step_2_no_load	5	6	0.632991467829	0.620699591043	5	616	0	
151	0	46	step_1_no_load	1	2	2	245	
151	0	46	step_2_no_load	3	4	0.55511883717	0.532238720495	3	608	1	
151	0	47	step_1_no_load	1	2	2	479	
151	0	47	step_2_no_load	5	6	0.598724660986	0.634373567175	6	915	0	
151	0	48	step_1_no_load	1	2	1	246	
151	0	48	step_2_no_load	3	4	0.534690828011	0.488280685105	4	596	1	
151	0	49	step_1_no_load	1	2	1	316	
151	0	49	step_2_no_load	3	4	0.512405963374	0.489287375157	4	395	1	
151	0	50	step_1_no_load	1	2	1	299	
151	0	50	step_2_no_load	5	6	0.606862017918	0.593458480934	5	535	1	
151	0	51	step_1_no_load	1	2	1	252	
151	0	51	step_2_no_load	5	6	0.564866799699	0.613357430892	5	496	1	
151	0	52	step_1_no_load	1	2	1	331	
151	0	52	step_2_no_load	3	4	0.513589895419	0.429622901875	4	372	0	
151	0	53	step_1_no_load	1	2	1	265	
151	0	53	step_2_no_load	5	6	0.551457882502	0.630956764252	5	439	1	
151	0	54	step_1_no_load	1	2	1	369	
151	0	54	step_2_no_load	3	4	0.493362545513	0.491512498697	4	450	1	
151	0	55	step_1_no_load	1	2	1	273	
151	0	55	step_2_no_load	3	4	0.526704292526	0.487025527704	4	358	1	
151	0	56	step_1_no_load	1	2	1	469	
151	0	56	step_2_no_load	3	4	0.538512915562	0.459773408493	4	460	0	
151	0	57	step_1_no_load	1	2	1	276	
151	0	57	step_2_no_load	3	4	0.516475618243	0.466449077359	4	565	1	
151	0	58	step_1_no_load	1	2	1	396	
151	0	58	step_2_no_load	3	4	0.528376440027	0.478335218822	4	568	0	
151	0	59	step_1_no_load	1	2	1	273	
151	0	59	step_2_no_load	3	4	0.537400760025	0.480274332693	4	535	1	
151	0	60	step_1_no_load	1	2	1	362	
151	0	60	step_2_no_load	5	6	0.623687406259	0.599559577859	5	476	1	
151	0	61	step_1_no_load	1	2	1	301	
151	0	61	step_2_no_load	3	4	0.527144452559	0.464268875813	4	356	0	
151	0	62	step_1_no_load	1	2	1	293	
151	0	62	step_2_no_load	5	6	0.691137204746	0.622820395113	5	575	0	
151	0	63	step_1_no_load	1	2	1	270	
151	0	63	step_2_no_load	5	6	0.664284493458	0.642623127313	6	703	1	
151	0	64	step_1_no_load	1	2	1	266	
151	0	64	step_2_no_load	3	4	0.533849886794	0.555062911513	3	518	0	
151	0	65	step_1_no_load	1	2	1	289	
151	0	65	step_2_no_load	3	4	0.517687993213	0.569109504048	4	680	1	
151	0	66	step_1_no_load	1	2	1	252	
151	0	66	step_2_no_load	3	4	0.555324764318	0.573761869714	4	406	1	
151	0	67	step_1_no_load	1	2	1	236	
151	0	67	step_2_no_load	3	4	0.538279387614	0.542076810516	4	506	1	
151	0	68	step_1_no_load	1	2	1	421	
151	0	68	step_2_no_load	3	4	0.523301545299	0.509127161919	4	713	1	
151	0	69	step_1_no_load	1	2	1	294	
151	0	69	step_2_no_load	5	6	0.622221685203	0.718756538957	5	712	1	
151	0	70	step_1_no_load	1	2	1	345	
151	0	70	step_2_no_load	3	4	0.548075770764	0.498834901463	4	472	1	
151	0	71	step_1_no_load	1	2	1	734	
151	0	71	step_2_no_load	5	6	0.639174917797	0.706816191949	5	578	1	
151	0	72	step_1_no_load	1	2	1	281	
151	0	72	step_2_no_load	3	4	0.556486305476	0.47409116389	4	437	0	
151	0	73	step_1_no_load	1	2	1	302	
151	0	73	step_2_no_load	3	4	0.50185699984	0.435957313805	4	527	0	
151	0	74	step_1_no_load	1	2	1	298	
151	0	74	step_2_no_load	3	4	0.491044983779	0.453420386428	4	522	0	
151	0	75	step_1_no_load	1	2	1	270	
151	0	75	step_2_no_load	3	4	0.483983914712	0.44832280175	3	401	1	
151	0	76	step_1_no_load	1	2	1	470	
151	0	76	step_2_no_load	3	4	0.518881389358	0.488583631821	3	424	0	
151	0	77	step_1_no_load	1	2	1	387	
151	0	77	step_2_no_load	3	4	0.538119616568	0.446809557226	3	542	1	
151	0	78	step_1_no_load	1	2	2	370	
151	0	78	step_2_no_load	3	4	0.538654072849	0.435911167612	4	486	0	
151	0	79	step_1_no_load	1	2	2	368	
151	0	79	step_2_no_load	5	6	0.513695512795	0.647841624544	5	665	0	
151	0	80	step_1_no_load	1	2	1	266	
151	0	80	step_2_no_load	5	6	0.518583383166	0.703969305517	5	511	1	
151	0	81	step_1_no_load	1	2	1	323	
151	0	81	step_2_no_load	5	6	0.529745690463	0.702400933084	5	494	0	
151	0	82	step_1_no_load	1	2	1	241	
151	0	82	step_2_no_load	3	4	0.482727017837	0.395813831323	4	691	1	
151	0	83	step_1_no_load	1	2	1	252	
151	0	83	step_2_no_load	3	4	0.483255412498	0.382772464038	4	532	1	
151	0	84	step_1_no_load	1	2	1	312	
151	0	84	step_2_no_load	3	4	0.505586222209	0.385087938645	4	452	1	
151	0	85	step_1_no_load	1	2	1	310	
151	0	85	step_2_no_load	5	6	0.692384972752	0.712989604416	5	522	1	
151	0	86	step_1_no_load	1	2	1	451	
151	0	86	step_2_no_load	5	6	0.691782850001	0.721207648497	5	584	1	
151	0	87	step_1_no_load	1	2	1	492	
151	0	87	step_2_no_load	5	6	0.719375344246	0.690012761069	5	460	1	
151	0	88	step_1_no_load	1	2	1	442	
151	0	88	step_2_no_load	3	4	0.509563243675	0.377947492322	4	755	1	
151	0	89	step_1_no_load	1	2	1	454	
151	0	89	step_2_no_load	3	4	0.490019385174	0.415882489686	4	445	1	
151	0	90	step_1_no_load	1	2	1	278	
151	0	90	step_2_no_load	3	4	0.530126112124	0.411459496853	4	517	0	
151	0	91	step_1_no_load	1	2	1	304	
151	0	91	step_2_no_load	3	4	0.479087223222	0.43534164751	4	675	0	
151	0	92	step_1_no_load	1	2	1	250	
151	0	92	step_2_no_load	3	4	0.484260039873	0.444368850664	3	369	1	
151	0	93	step_1_no_load	1	2	1	383	
151	0	93	step_2_no_load	3	4	0.473273727684	0.439878153082	3	431	1	
151	0	94	step_1_no_load	1	2	1	280	
151	0	94	step_2_no_load	3	4	0.468637558205	0.429211756872	3	425	0	
151	0	95	step_1_no_load	1	2	1	373	
151	0	95	step_2_no_load	3	4	0.42505578884	0.427150666411	3	282	0	
151	0	96	step_1_no_load	1	2	1	327	
151	0	96	step_2_no_load	3	4	0.437558890646	0.383038640121	4	378	1	
151	0	97	step_1_no_load	1	2	1	422	
151	0	97	step_2_no_load	5	6	0.681272614291	0.651202057411	5	471	1	
151	0	98	step_1_no_load	1	2	1	317	
151	0	98	step_2_no_load	3	4	0.431479829356	0.409778171713	4	581	1	
151	0	99	step_1_no_load	1	2	1	267	
151	0	99	step_2_no_load	5	6	0.673709850038	0.645191748454	5	383	1	
151	0	100	step_1_no_load	1	2	1	433	
151	0	100	step_2_no_load	3	4	0.363162156005	0.4333505304	4	692	0	
151	0	101	step_1_no_load	1	2	1	236	
151	0	101	step_2_no_load	3	4	0.366879421891	0.497432607584	3	336	1	
151	0	102	step_1_no_load	1	2	1	383	
151	0	102	step_2_no_load	3	4	0.326080462175	0.494584754513	3	318	1	
151	0	103	step_1_no_load	1	2	1	283	
151	0	103	step_2_no_load	5	6	0.663997796029	0.69058998368	6	550	1	
151	0	104	step_1_no_load	1	2	1	265	
151	0	104	step_2_no_load	3	4	0.303696146503	0.521047445908	3	498	0	
151	0	105	step_1_no_load	1	2	1	390	
151	0	105	step_2_no_load	3	4	0.352639603242	0.514318365187	3	416	0	
151	0	106	step_1_no_load	1	2	1	425	
151	0	106	step_2_no_load	3	4	0.374131494222	0.508908032404	4	460	0	
151	0	107	step_1_no_load	1	2	1	378	
151	0	107	step_2_no_load	3	4	0.388257337796	0.565220528809	4	476	1	
151	0	108	step_1_no_load	1	2	1	273	
151	0	108	step_2_no_load	3	4	0.388185708856	0.526955028982	4	390	0	
151	0	109	step_1_no_load	1	2	1	408	
151	0	109	step_2_no_load	3	4	0.372328831887	0.479977531501	3	367	0	
151	0	110	step_1_no_load	1	2	1	282	
151	0	110	step_2_no_load	3	4	0.395544455384	0.432626681236	4	863	0	
151	0	111	step_1_no_load	1	2	1	336	
151	0	111	step_2_no_load	5	6	0.724852671171	0.634599547742	5	704	1	
151	0	112	step_1_no_load	1	2	1	378	
151	0	112	step_2_no_load	3	4	0.413393106784	0.392887565883	3	471	0	
151	0	113	step_1_no_load	1	2	2	292	
151	0	113	step_2_no_load	5	6	0.719324307956	0.634627459817	5	309	0	
151	0	114	step_1_no_load	1	2	2	276	
151	0	114	step_2_no_load	5	6	0.718213323791	0.657654904272	5	416	1	
151	0	115	step_1_no_load	1	2	2	298	
151	0	115	step_2_no_load	5	6	0.739704344621	0.645721217949	5	377	0	
151	0	116	step_1_no_load	1	2	2	256	
151	0	116	step_2_no_load	5	6	0.706736514943	0.680124293449	5	448	1	
151	0	117	step_1_no_load	1	2	2	342	
151	0	117	step_2_no_load	5	6	0.747012267642	0.671842537277	5	259	0	
151	0	118	step_1_no_load	1	2	1	202	
151	0	118	step_2_no_load	3	4	0.362977115924	0.357645851833	4	362	0	
151	0	119	step_1_no_load	1	2	1	290	
151	0	119	step_2_no_load	3	4	0.358243439099	0.357515098446	4	475	0	
151	0	120	step_1_no_load	1	2	1	233	
151	0	120	step_2_no_load	3	4	0.333809617664	0.370150243662	3	387	0	
151	0	121	step_1_no_load	1	2	1	204	
151	0	121	step_2_no_load	3	4	0.310775244958	0.352721767208	3	377	1	
151	0	122	step_1_no_load	1	2	1	340	
151	0	122	step_2_no_load	3	4	0.266650857402	0.329624572119	4	524	1	
151	0	123	step_1_no_load	1	2	1	345	
151	0	123	step_2_no_load	3	4	0.269780614928	0.337526896345	3	264	0	
151	0	124	step_1_no_load	1	2	1	254	
151	0	124	step_2_no_load	3	4	0.26095206597	0.309430836661	3	323	1	
151	0	125	step_1_no_load	1	2	1	248	
151	0	125	step_2_no_load	3	4	0.290374841566	0.303110862715	4	523	1	
151	0	126	step_1_no_load	1	2	1	285	
151	0	126	step_2_no_load	3	4	0.267206368684	0.300846667696	3	450	0	
151	0	127	step_1_no_load	1	2	1	340	
151	0	127	step_2_no_load	3	4	0.273483952592	0.274944938508	4	518	0	
151	0	128	step_1_no_load	1	2	1	386	
151	0	128	step_2_no_load	3	4	0.260252451606	0.250790232267	4	766	0	
151	0	129	step_1_no_load	1	2	2	353	
151	0	129	step_2_no_load	5	6	0.685297910719	0.632682846317	5	362	1	
151	0	130	step_1_no_load	1	2	2	369	
151	0	130	step_2_no_load	5	6	0.682031489739	0.630285316669	5	287	0	
151	0	131	step_1_no_load	1	2	2	321	
151	0	131	step_2_no_load	5	6	0.678044920845	0.638450601212	6	316	1	
151	0	132	step_1_no_load	1	2	2	264	
151	0	132	step_2_no_load	5	6	0.668578020634	0.660013924697	6	302	0	
151	0	133	step_1_no_load	1	2	1	0	
151	0	133	step_2_no_load	5	6	0.617383991623	0.691649444281	5	413	0	
151	0	134	step_1_no_load	1	2	1	413	
151	0	134	step_2_no_load	5	6	0.621945110858	0.685529359147	5	474	1	
151	0	135	step_1_no_load	1	2	1	663	
151	0	135	step_2_no_load	5	6	0.593710006149	0.700779221781	5	497	1	
151	0	136	step_1_no_load	1	2	1	292	
151	0	136	step_2_no_load	5	6	0.597814413435	0.674914008636	5	427	0	
151	0	137	step_1_no_load	1	2	1	348	
151	0	137	step_2_no_load	3	4	0.346433498467	0.325016613024	4	1032	0	
151	0	138	step_1_no_load	1	2	1	375	
151	0	138	step_2_no_load	3	4	0.366701525561	0.307694123906	3	473	1	
151	0	139	step_1_no_load	1	2	1	328	
151	0	139	step_2_no_load	5	6	0.636630981281	0.696355985729	6	654	1	
151	0	140	step_1_no_load	1	2	1	386	
151	0	140	step_2_no_load	3	4	0.348740542008	0.328174526491	4	420	0	
151	0	141	step_1_no_load	1	2	1	470	
151	0	141	step_2_no_load	5	6	0.711987889705	0.616803346728	5	302	0	
151	0	142	step_1_no_load	1	2	1	407	
151	0	142	step_2_no_load	5	6	0.690276058009	0.627356259123	6	597	1	
151	0	143	step_1_no_load	1	2	1	393	
151	0	143	step_2_no_load	3	4	0.410970957547	0.313516825296	3	420	0	
151	0	144	step_1_no_load	1	2	1	373	
151	0	144	step_2_no_load	3	4	0.389234194056	0.275932517017	4	671	0	
151	0	145	step_1_no_load	1	2	2	321	
151	0	145	step_2_no_load	5	6	0.6669125229	0.606515632748	5	301	0	
151	0	146	step_1_no_load	1	2	2	267	
151	0	146	step_2_no_load	5	6	0.681611991725	0.593778463268	6	308	0	
151	0	147	step_1_no_load	1	2	2	260	
151	0	147	step_2_no_load	5	6	0.647798886916	0.594861186319	6	328	0	
151	0	148	step_1_no_load	1	2	2	288	
151	0	148	step_2_no_load	5	6	0.619272702026	0.648050021239	5	427	1	
151	0	149	step_1_no_load	1	2	2	285	
151	0	149	step_2_no_load	5	6	0.601870110183	0.623203869836	5	319	1	
151	0	150	step_1_no_load	1	2	2	288	
151	0	150	step_2_no_load	5	6	0.575985663078	0.605912419156	5	386	0	
151	0	151	step_1_no_load	1	2	2	300	
151	0	151	step_2_no_load	5	6	0.59154759351	0.614159737668	5	376	1	
151	0	152	step_1_no_load	1	2	2	297	
151	0	152	step_2_no_load	5	6	0.595108765344	0.644204174791	5	371	1	
151	0	153	step_1_no_load	1	2	2	339	
151	0	153	step_2_no_load	3	4	0.343622632154	0.309356532263	4	408	0	
151	0	154	step_1_no_load	1	2	2	554	
151	0	154	step_2_no_load	5	6	0.638934099562	0.671672162443	5	279	1	
151	0	155	step_1_no_load	1	2	2	251	
151	0	155	step_2_no_load	5	6	0.632486591889	0.716100930629	5	634	1	
151	0	156	step_1_no_load	1	2	2	324	
151	0	156	step_2_no_load	5	6	0.631048201903	0.734436160799	5	313	1	
151	0	157	step_1_no_load	1	2	2	274	
151	0	157	step_2_no_load	3	4	0.324728201487	0.350909357271	4	702	0	
151	0	158	step_1_no_load	1	2	2	279	
151	0	158	step_2_no_load	5	6	0.532722108502	0.694270715354	5	414	0	
151	0	159	step_1_no_load	1	2	2	314	
151	0	159	step_2_no_load	5	6	0.541222065796	0.697903160072	5	343	1	
151	0	160	step_1_no_load	1	2	2	750	
151	0	160	step_2_no_load	5	6	0.521229931064	0.710728171711	5	512	0	
151	0	161	step_1_no_load	1	2	2	259	
151	0	161	step_2_no_load	3	4	0.438878285506	0.407025633682	3	279	0	
151	0	162	step_1_no_load	1	2	2	374	
151	0	162	step_2_no_load	5	6	0.566496468084	0.695144769903	5	391	1	
151	0	163	step_1_no_load	1	2	2	323	
151	0	163	step_2_no_load	5	6	0.5863391277	0.697095951435	5	313	0	
151	0	164	step_1_no_load	1	2	2	173	
151	0	164	step_2_no_load	5	6	0.585961845322	0.692137394606	5	363	1	
151	0	165	step_1_no_load	1	2	2	246	
151	0	165	step_2_no_load	3	4	0.347974240867	0.463777557969	4	298	0	
151	0	166	step_1_no_load	1	2	2	350	
151	0	166	step_2_no_load	5	6	0.549095060025	0.686594248975	5	383	1	
151	0	167	step_1_no_load	1	2	2	243	
151	0	167	step_2_no_load	3	4	0.331115714939	0.38753671275	4	367	0	
151	0	168	step_1_no_load	1	2	2	253	
151	0	168	step_2_no_load	5	6	0.613361520676	0.67192508984	5	454	0	
151	0	169	step_1_no_load	1	2	2	252	
151	0	169	step_2_no_load	5	6	0.586049140041	0.704981910944	5	292	1	
151	0	170	step_1_no_load	1	2	2	278	
151	0	170	step_2_no_load	5	6	0.57151385403	0.67334314737	6	301	0	
151	0	171	step_1_no_load	1	2	2	218	
151	0	171	step_2_no_load	3	4	0.425122034074	0.386979310814	3	697	1	
151	0	172	step_1_no_load	1	2	2	302	
151	0	172	step_2_no_load	5	6	0.519090471457	0.668669556875	5	325	0	
151	0	173	step_1_no_load	1	2	2	602	
151	0	173	step_2_no_load	5	6	0.484428109849	0.667027212577	5	533	1	
151	0	174	step_1_no_load	1	2	2	262	
151	0	174	step_2_no_load	5	6	0.472729524832	0.729877433725	6	382	1	
151	0	175	step_1_no_load	1	2	2	338	
151	0	175	step_2_no_load	5	6	0.52644949356	0.693968268443	5	331	0	
151	0	176	step_1_no_load	1	2	2	243	
151	0	176	step_2_no_load	3	4	0.500856457218	0.383231572002	4	347	0	
151	0	177	step_1_no_load	1	2	1	503	
151	0	177	step_2_no_load	3	4	0.4798184927	0.357425668099	4	343	0	
151	0	178	step_1_no_load	1	2	1	243	
151	0	178	step_2_no_load	3	4	0.49020858644	0.36473828006	3	415	0	
151	0	179	step_1_no_load	1	2	2	316	
151	0	179	step_2_no_load	5	6	0.457298770028	0.709345707515	5	245	0	
151	0	180	step_1_no_load	1	2	2	292	
151	0	180	step_2_no_load	3	4	0.489345734128	0.341214611607	4	321	0	
151	0	181	step_1_no_load	1	2	2	307	
151	0	181	step_2_no_load	3	4	0.480141179559	0.342402764747	3	341	0	
151	0	182	step_1_no_load	1	2	2	403	
151	0	182	step_2_no_load	5	6	0.506773281362	0.72717560423	5	377	0	
151	0	183	step_1_no_load	1	2	2	272	
151	0	183	step_2_no_load	5	6	0.502991759047	0.720388040749	6	545	0	
151	0	184	step_1_no_load	1	2	1	334	
151	0	184	step_2_no_load	3	4	0.480863422096	0.362743255194	4	307	1	
151	0	185	step_1_no_load	1	2	1	285	
151	0	185	step_2_no_load	3	4	0.482228039858	0.362611152222	4	282	1	
151	0	186	step_1_no_load	1	2	1	241	
151	0	186	step_2_no_load	5	6	0.46870859828	0.656308636836	6	293	1	
151	0	187	step_1_no_load	1	2	2	573	
151	0	187	step_2_no_load	5	6	0.443962917772	0.678211978625	6	660	1	
151	0	188	step_1_no_load	1	2	1	295	
151	0	188	step_2_no_load	5	6	0.471319680586	0.696362660087	6	349	1	
151	0	189	step_1_no_load	1	2	2	276	
151	0	189	step_2_no_load	3	4	0.534753756004	0.285168135955	3	515	1	
151	0	190	step_1_no_load	1	2	1	440	
151	0	190	step_2_no_load	5	6	0.433568856946	0.667655825994	6	426	0	
151	0	191	step_1_no_load	1	2	2	253	
151	0	191	step_2_no_load	5	6	0.435748387321	0.664271461991	5	339	1	
151	0	192	step_1_no_load	1	2	2	300	
151	0	192	step_2_no_load	3	4	0.493851022417	0.299297135717	3	421	0	
151	0	193	step_1_no_load	1	2	1	252	
151	0	193	step_2_no_load	3	4	0.504944704439	0.321008037746	4	279	1	
151	0	194	step_1_no_load	1	2	2	352	
151	0	194	step_2_no_load	3	4	0.505359594715	0.342437174514	4	326	0	
151	0	195	step_1_no_load	1	2	1	329	
151	0	195	step_2_no_load	5	6	0.466795336969	0.646280688878	5	319	0	
151	0	196	step_1_no_load	1	2	2	405	
151	0	196	step_2_no_load	5	6	0.421761207498	0.695101215304	5	592	1	
151	0	197	step_1_no_load	1	2	2	308	
151	0	197	step_2_no_load	3	4	0.47786945426	0.316987700969	3	625	1	
151	0	198	step_1_no_load	1	2	2	282	
151	0	198	step_2_no_load	3	4	0.485065498391	0.303352625941	3	419	1	
151	0	199	step_1_no_load	1	2	2	377	
151	0	199	step_2_no_load	5	6	0.39793773834	0.73697129762	5	405	0	
151	0	200	step_1_no_load	1	2	2	262	
151	0	200	step_2_no_load	3	4	0.507902534353	0.299128796668	4	328	0	

Wed Jun 13 14:34:32 2018
