Tue Jun 19 16:26:45 2018	
152	0	1	step_1_no_load	1	2	1	1339	
152	0	1	step_2_no_load	5	6	0.598297890399	0.511789129507	5	420	0	
152	0	2	step_1_no_load	1	2	2	359	
152	0	2	step_2_no_load	3	4	0.610961032466	0.474613197709	4	456	0	
152	0	3	step_1_no_load	1	2	2	279	
152	0	3	step_2_no_load	5	6	0.584197065669	0.516002945397	6	130	0	
152	0	4	step_1_no_load	1	2	1	449	
152	0	4	step_2_no_load	3	4	0.564086293706	0.478607661228	3	1256	1	
152	0	5	step_1_no_load	1	2	1	214	
152	0	5	step_2_no_load	3	4	0.576104915614	0.495568760483	3	403	0	
152	0	6	step_1_no_load	1	2	1	87	
152	0	6	step_2_no_load	3	4	0.603642866427	0.506877622204	4	489	0	
152	0	7	step_1_no_load	1	2	1	641	
152	0	7	step_2_no_load	5	6	0.568656746487	0.506408070053	5	721	1	
152	0	8	step_1_no_load	1	2	1	491	
152	0	8	step_2_no_load	5	6	0.59128639594	0.499203529332	5	742	1	
152	0	9	step_1_no_load	1	2	1	377	
152	0	9	step_2_no_load	3	4	0.641106877158	0.496546708465	3	778	1	
152	0	10	step_1_no_load	1	2	1	608	
152	0	10	step_2_no_load	3	4	0.636063269715	0.482364178155	3	94	1	
152	0	11	step_1_no_load	1	2	1	387	
152	0	11	step_2_no_load	3	4	0.609191465743	0.477013315682	3	345	1	
152	0	12	step_1_no_load	1	2	1	323	
152	0	12	step_2_no_load	5	6	0.682786328054	0.597131918027	5	771	1	
152	0	13	step_1_no_load	1	2	1	219	
152	0	13	step_2_no_load	3	4	0.558313135925	0.52012981853	3	917	0	
152	0	14	step_1_no_load	1	2	1	5	
152	0	14	step_2_no_load	3	4	0.545555696267	0.491234392147	4	530	0	
152	0	15	step_1_no_load	1	2	1	360	
152	0	15	step_2_no_load	5	6	0.612260006668	0.633564630036	6	744	0	
152	0	16	step_1_no_load	1	2	2	491	
152	0	16	step_2_no_load	3	4	0.553308964466	0.510958036527	4	436	1	
152	0	17	step_1_no_load	1	2	2	282	
152	0	17	step_2_no_load	5	6	0.633350170016	0.643116883134	6	17	1	
152	0	18	step_1_no_load	1	2	2	273	
152	0	18	step_2_no_load	5	6	0.626834332012	0.626895526976	6	790	1	
152	0	19	step_1_no_load	1	2	2	238	
152	0	19	step_2_no_load	3	4	0.536502319591	0.498240186199	4	747	0	
152	0	20	step_1_no_load	1	2	2	603	
152	0	20	step_2_no_load	5	6	0.636521555122	0.60665343963	6	354	1	
152	0	21	step_1_no_load	1	2	2	344	
152	0	21	step_2_no_load	3	4	0.470207377245	0.49769376036	4	359	0	
152	0	22	step_1_no_load	1	2	2	322	
152	0	22	step_2_no_load	5	6	0.621949894727	0.618527126547	6	386	1	
152	0	23	step_1_no_load	1	2	1	306	
152	0	23	step_2_no_load	5	6	0.640163623731	0.604065470975	5	286	1	
152	0	24	step_1_no_load	1	2	2	93	
152	0	24	step_2_no_load	5	6	0.582115115688	0.5800912085	6	507	0	
152	0	25	step_1_no_load	1	2	2	429	
152	0	25	step_2_no_load	5	6	0.565698722896	0.629917901014	6	364	0	
152	0	26	step_1_no_load	1	2	1	271	
152	0	26	step_2_no_load	3	4	0.532884212818	0.511744353778	3	420	1	
152	0	27	step_1_no_load	1	2	1	533	
152	0	27	step_2_no_load	3	4	0.54756089792	0.507272671939	3	46	1	
152	0	28	step_1_no_load	1	2	1	395	
152	0	28	step_2_no_load	3	4	0.553259388875	0.520177259699	3	497	1	
152	0	29	step_1_no_load	1	2	1	6	
152	0	29	step_2_no_load	3	4	0.561957580386	0.521159009103	3	122	1	
152	0	30	step_1_no_load	1	2	1	280	
152	0	30	step_2_no_load	3	4	0.574272497114	0.4919199548	3	671	0	
152	0	31	step_1_no_load	1	2	1	231	
152	0	31	step_2_no_load	3	4	0.541819886458	0.483156722265	3	771	1	
152	0	32	step_1_no_load	1	2	1	343	
152	0	32	step_2_no_load	3	4	0.522993086096	0.520318771114	3	684	1	
152	0	33	step_1_no_load	1	2	1	241	
152	0	33	step_2_no_load	3	4	0.542309898544	0.487664344039	3	607	1	
152	0	34	step_1_no_load	1	2	1	283	
152	0	34	step_2_no_load	3	4	0.538523758058	0.454565258478	3	759	1	
152	0	35	step_1_no_load	1	2	1	326	
152	0	35	step_2_no_load	3	4	0.594167768198	0.491437207585	3	585	0	
152	0	36	step_1_no_load	1	2	1	306	
152	0	36	step_2_no_load	3	4	0.611274573488	0.513210053121	3	1483	0	
152	0	37	step_1_no_load	1	2	2	410	
152	0	37	step_2_no_load	3	4	0.598446394142	0.543074626387	3	768	1	
152	0	38	step_1_no_load	1	2	1	448	
152	0	38	step_2_no_load	3	4	0.595113730206	0.553931241266	3	174	1	
152	0	39	step_1_no_load	1	2	1	255	
152	0	39	step_2_no_load	5	6	0.557005857101	0.634483337633	5	323	0	
152	0	40	step_1_no_load	1	2	2	393	
152	0	40	step_2_no_load	3	4	0.607992802154	0.5691386571	3	747	1	
152	0	41	step_1_no_load	1	2	1	829	
152	0	41	step_2_no_load	3	4	0.588857868869	0.583829055298	3	646	0	
152	0	42	step_1_no_load	1	2	2	100	
152	0	42	step_2_no_load	5	6	0.533857158543	0.606696263624	5	354	1	
152	0	43	step_1_no_load	1	2	1	498	
152	0	43	step_2_no_load	3	4	0.612705031264	0.548128010644	3	691	1	
152	0	44	step_1_no_load	1	2	1	349	
152	0	44	step_2_no_load	5	6	0.541854396676	0.589653131867	5	507	1	
152	0	45	step_1_no_load	1	2	1	4	
152	0	45	step_2_no_load	3	4	0.632991467829	0.5288039409	3	562	1	
152	0	46	step_1_no_load	1	2	1	304	
152	0	46	step_2_no_load	3	4	0.600964500555	0.532238720495	3	165	1	
152	0	47	step_1_no_load	1	2	1	292	
152	0	47	step_2_no_load	3	4	0.598724660986	0.493112702321	3	462	1	
152	0	48	step_1_no_load	1	2	1	5	
152	0	48	step_2_no_load	5	6	0.534690828011	0.657624935632	5	469	1	
152	0	49	step_1_no_load	1	2	1	312	
152	0	49	step_2_no_load	3	4	0.610193185592	0.489287375157	3	657	1	
152	0	50	step_1_no_load	1	2	1	595	
152	0	50	step_2_no_load	3	4	0.606862017918	0.47381367271	3	486	1	
152	0	51	step_1_no_load	1	2	1	322	
152	0	51	step_2_no_load	3	4	0.564866799699	0.469943944943	3	565	0	
152	0	52	step_1_no_load	1	2	1	474	
152	0	52	step_2_no_load	5	6	0.513589895419	0.613408921915	6	328	0	
152	0	53	step_1_no_load	1	2	1	504	
152	0	53	step_2_no_load	3	4	0.551457882502	0.451905460347	3	305	1	
152	0	54	step_1_no_load	1	2	1	555	
152	0	54	step_2_no_load	3	4	0.570223904064	0.491512498697	3	402	1	
152	0	55	step_1_no_load	1	2	1	268	
152	0	55	step_2_no_load	3	4	0.574045915747	0.487025527704	3	530	0	
152	0	56	step_1_no_load	1	2	1	5	
152	0	56	step_2_no_load	3	4	0.601856598146	0.459773408493	3	566	1	
152	0	57	step_1_no_load	1	2	1	345	
152	0	57	step_2_no_load	3	4	0.641849303307	0.466449077359	3	357	1	
152	0	58	step_1_no_load	1	2	1	6	
152	0	58	step_2_no_load	5	6	0.528376440027	0.610896130115	5	669	0	
152	0	59	step_1_no_load	1	2	1	543	
152	0	59	step_2_no_load	3	4	0.632500293208	0.480274332693	3	458	1	
152	0	60	step_1_no_load	1	2	1	539	
152	0	60	step_2_no_load	3	4	0.623687406259	0.491916707098	3	787	0	
152	0	61	step_1_no_load	1	2	1	290	
152	0	61	step_2_no_load	3	4	0.669587072502	0.464268875813	3	436	1	
152	0	62	step_1_no_load	1	2	1	348	
152	0	62	step_2_no_load	3	4	0.691137204746	0.50724109756	3	322	0	
152	0	63	step_1_no_load	1	2	1	678	
152	0	63	step_2_no_load	3	4	0.664284493458	0.53192660365	3	731	1	
152	0	64	step_1_no_load	1	2	1	433	
152	0	64	step_2_no_load	5	6	0.533849886794	0.626149195169	5	483	1	
152	0	65	step_1_no_load	1	2	1	736	
152	0	65	step_2_no_load	3	4	0.612660225018	0.569109504048	3	539	0	
152	0	66	step_1_no_load	1	2	2	203	
152	0	66	step_2_no_load	5	6	0.555324764318	0.630357351236	5	455	1	
152	0	67	step_1_no_load	1	2	1	757	
152	0	67	step_2_no_load	3	4	0.597650193897	0.542076810516	3	533	0	
152	0	68	step_1_no_load	1	2	1	793	
152	0	68	step_2_no_load	3	4	0.622963076372	0.509127161919	3	419	1	
152	0	69	step_1_no_load	1	2	1	361	
152	0	69	step_2_no_load	5	6	0.560462111264	0.718756538957	6	1108	1	
152	0	70	step_1_no_load	1	2	1	1309	
152	0	70	step_2_no_load	3	4	0.637556284465	0.498834901463	3	182	1	
152	0	71	step_1_no_load	1	2	1	62	
152	0	71	step_2_no_load	3	4	0.639174917797	0.482863323776	4	757	0	
152	0	72	step_1_no_load	1	2	1	415	
152	0	72	step_2_no_load	3	4	0.626024641967	0.47409116389	3	521	0	
152	0	73	step_1_no_load	1	2	1	1172	
152	0	73	step_2_no_load	5	6	0.50185699984	0.727961155836	5	26	1	
152	0	74	step_1_no_load	1	2	1	329	
152	0	74	step_2_no_load	3	4	0.614462146454	0.453420386428	3	287	1	
152	0	75	step_1_no_load	1	2	1	271	
152	0	75	step_2_no_load	3	4	0.615552849174	0.44832280175	3	308	1	
152	0	76	step_1_no_load	1	2	1	367	
152	0	76	step_2_no_load	3	4	0.62770291155	0.488583631821	3	454	0	
152	0	77	step_1_no_load	1	2	1	369	
152	0	77	step_2_no_load	3	4	0.564257587118	0.446809557226	4	423	1	
152	0	78	step_1_no_load	1	2	1	324	
152	0	78	step_2_no_load	5	6	0.538654072849	0.647586191228	5	304	1	
152	0	79	step_1_no_load	1	2	1	365	
152	0	79	step_2_no_load	3	4	0.513695512795	0.389124152368	3	280	0	
152	0	80	step_1_no_load	1	2	1	325	
152	0	80	step_2_no_load	3	4	0.518583383166	0.396016175285	4	517	0	
152	0	81	step_1_no_load	1	2	1	4	
152	0	81	step_2_no_load	5	6	0.494116554432	0.702400933084	5	310	1	
152	0	82	step_1_no_load	1	2	1	249	
152	0	82	step_2_no_load	5	6	0.482727017837	0.688340116885	5	506	1	
152	0	83	step_1_no_load	1	2	1	1	
152	0	83	step_2_no_load	5	6	0.483255412498	0.726885136842	5	479	1	
152	0	84	step_1_no_load	1	2	1	546	
152	0	84	step_2_no_load	5	6	0.505586222209	0.731466635793	5	491	1	
152	0	85	step_1_no_load	1	2	1	227	
152	0	85	step_2_no_load	3	4	0.692384972752	0.384458259121	3	352	0	
152	0	86	step_1_no_load	1	2	1	4	
152	0	86	step_2_no_load	3	4	0.691782850001	0.345323068124	3	85	1	
152	0	87	step_1_no_load	1	2	1	337	
152	0	87	step_2_no_load	3	4	0.719375344246	0.40000499778	3	751	0	
152	0	88	step_1_no_load	1	2	2	351	
152	0	88	step_2_no_load	5	6	0.509563243675	0.696773608304	5	226	1	
152	0	89	step_1_no_load	1	2	1	589	
152	0	89	step_2_no_load	3	4	0.690772436485	0.415882489686	3	450	1	
152	0	90	step_1_no_load	1	2	1	460	
152	0	90	step_2_no_load	3	4	0.712247848046	0.411459496853	3	409	1	
152	0	91	step_1_no_load	1	2	1	334	
152	0	91	step_2_no_load	3	4	0.685023809334	0.43534164751	3	416	1	
152	0	92	step_1_no_load	1	2	1	7	
152	0	92	step_2_no_load	5	6	0.484260039873	0.679381608313	6	459	1	
152	0	93	step_1_no_load	1	2	1	515	
152	0	93	step_2_no_load	3	4	0.70415710998	0.439878153082	3	604	1	
152	0	94	step_1_no_load	1	2	1	1120	
152	0	94	step_2_no_load	5	6	0.468637558205	0.668295023896	5	12	1	
152	0	95	step_1_no_load	1	2	1	539	
152	0	95	step_2_no_load	3	4	0.715495469274	0.427150666411	3	571	0	
152	0	96	step_1_no_load	1	2	1	327	
152	0	96	step_2_no_load	3	4	0.693739812506	0.383038640121	4	528	1	
152	0	97	step_1_no_load	1	2	1	325	
152	0	97	step_2_no_load	5	6	0.455601814112	0.651202057411	5	896	0	
152	0	98	step_1_no_load	1	2	1	315	
152	0	98	step_2_no_load	3	4	0.70287861952	0.409778171713	4	686	0	
152	0	99	step_1_no_load	1	2	1	423	
152	0	99	step_2_no_load	3	4	0.673709850038	0.397561363605	3	405	1	
152	0	100	step_1_no_load	1	2	1	362	
152	0	100	step_2_no_load	5	6	0.363162156005	0.66579920021	5	601	0	
152	0	101	step_1_no_load	1	2	1	337	
152	0	101	step_2_no_load	3	4	0.623812401974	0.497432607584	4	711	1	
152	0	102	step_1_no_load	1	2	1	623	
152	0	102	step_2_no_load	3	4	0.666304534392	0.494584754513	4	387	0	
152	0	103	step_1_no_load	1	2	1	497	
152	0	103	step_2_no_load	3	4	0.663997796029	0.481975449893	3	514	1	
152	0	104	step_1_no_load	1	2	1	375	
152	0	104	step_2_no_load	3	4	0.703870701136	0.521047445908	3	645	1	
152	0	105	step_1_no_load	1	2	1	473	
152	0	105	step_2_no_load	3	4	0.689135357059	0.514318365187	3	408	1	
152	0	106	step_1_no_load	1	2	1	476	
152	0	106	step_2_no_load	3	4	0.712883638252	0.508908032404	3	626	0	
152	0	107	step_1_no_load	1	2	1	348	
152	0	107	step_2_no_load	5	6	0.388257337796	0.677514185929	5	642	1	
152	0	108	step_1_no_load	1	2	1	560	
152	0	108	step_2_no_load	3	4	0.695928523711	0.526955028982	3	337	0	
152	0	109	step_1_no_load	1	2	1	284	
152	0	109	step_2_no_load	5	6	0.372328831887	0.68658494263	5	509	0	
152	0	110	step_1_no_load	1	2	1	621	
152	0	110	step_2_no_load	3	4	0.729599891941	0.432626681236	3	64	0	
152	0	111	step_1_no_load	1	2	2	343	
152	0	111	step_2_no_load	3	4	0.724852671171	0.384948378665	4	420	0	
152	0	112	step_1_no_load	1	2	2	340	
152	0	112	step_2_no_load	3	4	0.725701866094	0.392887565883	4	1305	1	
152	0	113	step_1_no_load	1	2	2	440	
152	0	113	step_2_no_load	5	6	0.387112818105	0.634627459817	6	643	0	
152	0	114	step_1_no_load	1	2	1	661	
152	0	114	step_2_no_load	5	6	0.384736699284	0.657654904272	6	590	1	
152	0	115	step_1_no_load	1	2	1	1	
152	0	115	step_2_no_load	5	6	0.357661171116	0.645721217949	6	369	1	
152	0	116	step_1_no_load	1	2	1	393	
152	0	116	step_2_no_load	3	4	0.706736514943	0.378149844807	4	470	0	
152	0	117	step_1_no_load	1	2	1	299	
152	0	117	step_2_no_load	3	4	0.747012267642	0.374621793791	3	290	1	
152	0	118	step_1_no_load	1	2	1	301	
152	0	118	step_2_no_load	5	6	0.362977115924	0.690484235012	6	762	1	
152	0	119	step_1_no_load	1	2	1	577	
152	0	119	step_2_no_load	3	4	0.690424535099	0.357515098446	3	900	1	
152	0	120	step_1_no_load	1	2	1	443	
152	0	120	step_2_no_load	3	4	0.70587238626	0.370150243662	3	659	0	
152	0	121	step_1_no_load	1	2	1	316	
152	0	121	step_2_no_load	3	4	0.658856304095	0.352721767208	3	608	0	
152	0	122	step_1_no_load	1	2	1	233	
152	0	122	step_2_no_load	3	4	0.6136886145	0.329624572119	4	770	0	
152	0	123	step_1_no_load	1	2	1	233	
152	0	123	step_2_no_load	3	4	0.583607229978	0.337526896345	3	377	1	
152	0	124	step_1_no_load	1	2	1	436	
152	0	124	step_2_no_load	3	4	0.603013298253	0.309430836661	3	501	0	
152	0	125	step_1_no_load	1	2	1	530	
152	0	125	step_2_no_load	5	6	0.290374841566	0.633566302563	5	720	0	
152	0	126	step_1_no_load	1	2	2	458	
152	0	126	step_2_no_load	3	4	0.537863824328	0.300846667696	3	342	0	
152	0	127	step_1_no_load	1	2	1	67	
152	0	127	step_2_no_load	3	4	0.560824094575	0.274944938508	3	373	0	
152	0	128	step_1_no_load	1	2	1	389	
152	0	128	step_2_no_load	3	4	0.636905534066	0.250790232267	3	371	1	
152	0	129	step_1_no_load	1	2	1	474	
152	0	129	step_2_no_load	5	6	0.268213321963	0.632682846317	-1	-1	-1	
152	0	130	step_1_no_load	1	2	1	438	
152	0	130	step_2_no_load	3	4	0.682031489739	0.274560758494	3	634	1	
152	0	131	step_1_no_load	1	2	1	304	
152	0	131	step_2_no_load	3	4	0.678044920845	0.311475039155	3	302	1	
152	0	132	step_1_no_load	1	2	1	596	
152	0	132	step_2_no_load	3	4	0.668578020634	0.315328810424	3	339	0	
152	0	133	step_1_no_load	1	2	1	513	
152	0	133	step_2_no_load	3	4	0.617383991623	0.312642735495	3	458	1	
152	0	134	step_1_no_load	1	2	1	311	
152	0	134	step_2_no_load	3	4	0.621945110858	0.302839427162	3	360	0	
152	0	135	step_1_no_load	1	2	1	781	
152	0	135	step_2_no_load	3	4	0.593710006149	0.287118934166	3	1490	1	
152	0	136	step_1_no_load	1	2	1	0	
152	0	136	step_2_no_load	3	4	0.597814413435	0.284521085726	3	171	1	
152	0	137	step_1_no_load	1	2	1	441	
152	0	137	step_2_no_load	5	6	0.346433498467	0.668540846495	5	1025	0	
152	0	138	step_1_no_load	1	2	1	428	
152	0	138	step_2_no_load	3	4	0.63240964674	0.307694123906	3	910	0	
152	0	139	step_1_no_load	1	2	1	797	
152	0	139	step_2_no_load	3	4	0.636630981281	0.323660750961	3	1044	0	
152	0	140	step_1_no_load	1	2	1	701	
152	0	140	step_2_no_load	3	4	0.671213945178	0.328174526491	4	1425	0	
152	0	141	step_1_no_load	1	2	1	566	
152	0	141	step_2_no_load	3	4	0.711987889705	0.311809871418	4	1180	0	
152	0	142	step_1_no_load	1	2	1	478	
152	0	142	step_2_no_load	3	4	0.690276058009	0.304203281606	3	438	1	
152	0	143	step_1_no_load	1	2	1	519	
152	0	143	step_2_no_load	5	6	0.410970957547	0.610219102298	-1	-1	-1	
152	0	144	step_1_no_load	1	2	1	526	
152	0	144	step_2_no_load	3	4	0.626443722248	0.275932517017	3	466	0	
152	0	145	step_1_no_load	1	2	1	409	
152	0	145	step_2_no_load	3	4	0.6669125229	0.266265924094	3	359	1	
152	0	146	step_1_no_load	1	2	1	492	
152	0	146	step_2_no_load	3	4	0.681611991725	0.257861956214	3	416	1	
152	0	147	step_1_no_load	1	2	1	393	
152	0	147	step_2_no_load	5	6	0.352879785946	0.594861186319	5	1266	1	
152	0	148	step_1_no_load	1	2	1	493	
152	0	148	step_2_no_load	3	4	0.619272702026	0.305288021243	3	800	1	
152	0	149	step_1_no_load	1	2	1	435	
152	0	149	step_2_no_load	3	4	0.601870110183	0.269951834184	3	499	0	
152	0	150	step_1_no_load	1	2	1	0	
152	0	150	step_2_no_load	3	4	0.575985663078	0.305587692243	3	149	1	
152	0	151	step_1_no_load	1	2	1	464	
152	0	151	step_2_no_load	5	6	0.310557101463	0.614159737668	5	1216	0	
152	0	152	step_1_no_load	1	2	1	385	
152	0	152	step_2_no_load	3	4	0.595108765344	0.307702500543	3	444	1	
152	0	153	step_1_no_load	1	2	1	499	
152	0	153	step_2_no_load	5	6	0.343622632154	0.681559292085	5	1302	1	
152	0	154	step_1_no_load	1	2	1	517	
152	0	154	step_2_no_load	3	4	0.638934099562	0.316375537537	3	455	0	
152	0	155	step_1_no_load	1	2	1	302	
152	0	155	step_2_no_load	3	4	0.632486591889	0.296093457977	3	367	1	
152	0	156	step_1_no_load	1	2	1	346	
152	0	156	step_2_no_load	5	6	0.368378667812	0.734436160799	5	880	0	
152	0	157	step_1_no_load	1	2	1	418	
152	0	157	step_2_no_load	5	6	0.324728201487	0.720725456325	5	1313	0	
152	0	158	step_1_no_load	1	2	1	453	
152	0	158	step_2_no_load	3	4	0.532722108502	0.408728803896	3	595	1	
152	0	159	step_1_no_load	1	2	1	631	
152	0	159	step_2_no_load	5	6	0.321150411254	0.697903160072	6	1204	1	
152	0	160	step_1_no_load	1	2	1	665	
152	0	160	step_2_no_load	3	4	0.521229931064	0.415052912783	3	500	0	
152	0	161	step_1_no_load	1	2	1	569	
152	0	161	step_2_no_load	5	6	0.438878285506	0.719896286569	6	925	1	
152	0	162	step_1_no_load	1	2	1	566	
152	0	162	step_2_no_load	5	6	0.455329532209	0.695144769903	-1	-1	-1	
152	0	163	step_1_no_load	1	2	1	585	
152	0	163	step_2_no_load	3	4	0.5863391277	0.395221309311	3	556	1	
152	0	164	step_1_no_load	1	2	1	510	
152	0	164	step_2_no_load	5	6	0.430844125626	0.692137394606	-1	-1	-1	
152	0	165	step_1_no_load	1	2	1	496	
152	0	165	step_2_no_load	3	4	0.538026607649	0.463777557969	3	494	0	
152	0	166	step_1_no_load	1	2	1	300	
152	0	166	step_2_no_load	3	4	0.549095060025	0.422282731054	3	412	1	
152	0	167	step_1_no_load	1	2	1	486	
152	0	167	step_2_no_load	5	6	0.331115714939	0.706271792549	6	1466	1	
152	0	168	step_1_no_load	1	2	1	412	
152	0	168	step_2_no_load	3	4	0.613361520676	0.400817642375	4	646	0	
152	0	169	step_1_no_load	1	2	1	958	
152	0	169	step_2_no_load	3	4	0.586049140041	0.42098542374	3	558	1	
152	0	170	step_1_no_load	1	2	1	419	
152	0	170	step_2_no_load	3	4	0.57151385403	0.411067820436	3	471	1	
152	0	171	step_1_no_load	1	2	1	398	
152	0	171	step_2_no_load	3	4	0.553314431843	0.386979310814	3	474	0	
152	0	172	step_1_no_load	1	2	1	376	
152	0	172	step_2_no_load	3	4	0.519090471457	0.363617002148	3	503	0	
152	0	173	step_1_no_load	1	2	1	154	
152	0	173	step_2_no_load	5	6	0.462866379815	0.667027212577	5	335	1	
152	0	174	step_1_no_load	1	2	1	354	
152	0	174	step_2_no_load	3	4	0.472729524832	0.387867297446	3	423	0	
152	0	175	step_1_no_load	1	2	1	492	
152	0	175	step_2_no_load	3	4	0.52644949356	0.426185553904	3	758	1	
152	0	176	step_1_no_load	1	2	1	632	
152	0	176	step_2_no_load	3	4	0.474046874473	0.383231572002	3	423	1	
152	0	177	step_1_no_load	1	2	1	430	
152	0	177	step_2_no_load	3	4	0.501268576771	0.357425668099	3	423	1	
152	0	178	step_1_no_load	1	2	1	447	
152	0	178	step_2_no_load	3	4	0.493712351915	0.36473828006	3	571	1	
152	0	179	step_1_no_load	1	2	1	391	
152	0	179	step_2_no_load	3	4	0.457298770028	0.324685418097	3	443	1	
152	0	180	step_1_no_load	1	2	1	489	
152	0	180	step_2_no_load	5	6	0.489345734128	0.719795072986	5	410	1	
152	0	181	step_1_no_load	1	2	1	334	
152	0	181	step_2_no_load	3	4	0.508735114046	0.342402764747	3	345	1	
152	0	182	step_1_no_load	1	2	1	157	
152	0	182	step_2_no_load	3	4	0.506773281362	0.340533666308	3	470	0	
152	0	183	step_1_no_load	1	2	1	93	
152	0	183	step_2_no_load	5	6	0.492742497507	0.720388040749	5	328	0	
152	0	184	step_1_no_load	1	2	1	509	
152	0	184	step_2_no_load	3	4	0.460890977786	0.362743255194	3	458	1	
152	0	185	step_1_no_load	1	2	1	113	
152	0	185	step_2_no_load	3	4	0.479703516092	0.362611152222	3	1156	0	
152	0	186	step_1_no_load	1	2	1	9	
152	0	186	step_2_no_load	3	4	0.46870859828	0.332733011923	3	831	0	
152	0	187	step_1_no_load	1	2	1	501	
152	0	187	step_2_no_load	3	4	0.443962917772	0.328890769988	3	354	0	
152	0	188	step_1_no_load	1	2	2	381	
152	0	188	step_2_no_load	5	6	0.548350535247	0.696362660087	6	515	1	
152	0	189	step_1_no_load	1	2	2	276	
152	0	189	step_2_no_load	3	4	0.448897869069	0.285168135955	3	889	1	
152	0	190	step_1_no_load	1	2	1	351	
152	0	190	step_2_no_load	3	4	0.433568856946	0.304557739386	3	348	0	
152	0	191	step_1_no_load	1	2	2	319	
152	0	191	step_2_no_load	5	6	0.512103523931	0.664271461991	5	320	0	
152	0	192	step_1_no_load	1	2	2	281	
152	0	192	step_2_no_load	3	4	0.450791310283	0.299297135717	4	899	0	
152	0	193	step_1_no_load	1	2	1	397	
152	0	193	step_2_no_load	3	4	0.440813209638	0.321008037746	3	288	1	
152	0	194	step_1_no_load	1	2	1	11	
152	0	194	step_2_no_load	5	6	0.505359594715	0.655261361454	5	541	0	
152	0	195	step_1_no_load	1	2	1	8	
152	0	195	step_2_no_load	3	4	0.466795336969	0.348571348505	3	1273	0	
152	0	196	step_1_no_load	1	2	2	915	
152	0	196	step_2_no_load	3	4	0.421761207498	0.365373286058	3	581	0	
152	0	197	step_1_no_load	1	2	2	631	
152	0	197	step_2_no_load	5	6	0.47786945426	0.686552522522	6	380	1	
152	0	198	step_1_no_load	1	2	2	777	
152	0	198	step_2_no_load	3	4	0.397292432346	0.303352625941	3	572	0	
152	0	199	step_1_no_load	1	2	2	1433	
152	0	199	step_2_no_load	3	4	0.39793773834	0.292861528884	3	1159	1	
152	0	200	step_1_no_load	1	2	-1	-1	

Tue Jun 19 16:47:19 2018
