Tue Jun 26 14:18:02 2018	
155	0	1	step_1_no_load	1	2	1	515	
155	0	1	step_2_no_load	3	4	0.457620150462	0.511789129507	3	612	1	
155	0	2	step_1_no_load	1	2	1	425	
155	0	2	step_2_no_load	5	6	0.580156942153	0.610961032466	5	319	1	
155	0	3	step_1_no_load	1	2	1	312	
155	0	3	step_2_no_load	3	4	0.476767372206	0.516002945397	3	334	0	
155	0	4	step_1_no_load	1	2	1	330	
155	0	4	step_2_no_load	3	4	0.478607661228	0.494597764192	3	276	0	
155	0	5	step_1_no_load	1	2	1	322	
155	0	5	step_2_no_load	3	4	0.495568760483	0.543908521457	3	286	0	
155	0	6	step_1_no_load	1	2	1	437	
155	0	6	step_2_no_load	3	4	0.506877622204	0.490454120702	4	389	1	
155	0	7	step_1_no_load	1	2	1	325	
155	0	7	step_2_no_load	3	4	0.500071913476	0.506408070053	4	345	1	
155	0	8	step_1_no_load	1	2	1	334	
155	0	8	step_2_no_load	5	6	0.59128639594	0.624210374623	6	311	0	
155	0	9	step_1_no_load	1	2	1	379	
155	0	9	step_2_no_load	3	4	0.496546708465	0.54429228266	4	400	0	
155	0	10	step_1_no_load	1	2	2	426	
155	0	10	step_2_no_load	5	6	0.652626043146	0.636063269715	5	345	0	
155	0	11	step_1_no_load	1	2	2	346	
155	0	11	step_2_no_load	5	6	0.69163818036	0.609191465743	6	425	1	
155	0	12	step_1_no_load	1	2	2	413	
155	0	12	step_2_no_load	5	6	0.682786328054	0.552770607849	6	331	1	
155	0	13	step_1_no_load	1	2	2	343	
155	0	13	step_2_no_load	5	6	0.653587098421	0.558313135925	6	315	0	
155	0	14	step_1_no_load	1	2	2	347	
155	0	14	step_2_no_load	5	6	0.629137942344	0.545555696267	6	307	1	
155	0	15	step_1_no_load	1	2	2	362	
155	0	15	step_2_no_load	3	4	0.505377237737	0.633564630036	4	262	0	
155	0	16	step_1_no_load	1	2	2	333	
155	0	16	step_2_no_load	5	6	0.628091198119	0.553308964466	6	371	1	
155	0	17	step_1_no_load	1	2	2	314	
155	0	17	step_2_no_load	5	6	0.633350170016	0.562895132605	6	342	1	
155	0	18	step_1_no_load	1	2	2	401	
155	0	18	step_2_no_load	5	6	0.626834332012	0.553554620302	6	407	1	
155	0	19	step_1_no_load	1	2	2	281	
155	0	19	step_2_no_load	5	6	0.619895761657	0.536502319591	6	442	0	
155	0	20	step_1_no_load	1	2	2	254	
155	0	20	step_2_no_load	5	6	0.636521555122	0.491720931314	6	255	1	
155	0	21	step_1_no_load	1	2	2	331	
155	0	21	step_2_no_load	3	4	0.49769376036	0.611328949295	4	340	1	
155	0	22	step_1_no_load	1	2	2	367	
155	0	22	step_2_no_load	5	6	0.621949894727	0.468700882609	6	241	1	
155	0	23	step_1_no_load	1	2	2	365	
155	0	23	step_2_no_load	5	6	0.640163623731	0.513759772011	6	322	1	
155	0	24	step_1_no_load	1	2	2	317	
155	0	24	step_2_no_load	5	6	0.582115115688	0.503316199018	6	284	0	
155	0	25	step_1_no_load	1	2	2	251	
155	0	25	step_2_no_load	3	4	0.503316372362	0.629917901014	4	349	1	
155	0	26	step_1_no_load	1	2	2	328	
155	0	26	step_2_no_load	5	6	0.592410219737	0.532884212818	6	242	1	
155	0	27	step_1_no_load	1	2	2	309	
155	0	27	step_2_no_load	5	6	0.57860777711	0.54756089792	6	239	1	
155	0	28	step_1_no_load	1	2	2	392	
155	0	28	step_2_no_load	5	6	0.588356036098	0.553259388875	6	324	1	
155	0	29	step_1_no_load	1	2	2	354	
155	0	29	step_2_no_load	3	4	0.521159009103	0.618626354124	4	448	1	
155	0	30	step_1_no_load	1	2	2	390	
155	0	30	step_2_no_load	5	6	0.608245979832	0.574272497114	6	329	0	
155	0	31	step_1_no_load	1	2	2	334	
155	0	31	step_2_no_load	5	6	0.636602545794	0.541819886458	6	326	0	
155	0	32	step_1_no_load	1	2	2	337	
155	0	32	step_2_no_load	5	6	0.634585171267	0.522993086096	6	108	1	
155	0	33	step_1_no_load	1	2	2	365	
155	0	33	step_2_no_load	5	6	0.611700032906	0.542309898544	6	324	1	
155	0	34	step_1_no_load	1	2	2	355	
155	0	34	step_2_no_load	5	6	0.575802910074	0.538523758058	6	360	0	
155	0	35	step_1_no_load	1	2	2	351	
155	0	35	step_2_no_load	5	6	0.566827313385	0.594167768198	6	392	1	
155	0	36	step_1_no_load	1	2	2	416	
155	0	36	step_2_no_load	5	6	0.527635087561	0.611274573488	6	343	0	
155	0	37	step_1_no_load	1	2	-1	-1	
155	0	38	step_1_no_load	1	2	-1	-1	
155	0	39	step_1_no_load	1	2	-1	-1	
155	0	40	step_1_no_load	1	2	-1	-1	
155	0	41	step_1_no_load	1	2	-1	-1	
155	0	42	step_1_no_load	1	2	-1	-1	
155	0	43	step_1_no_load	1	2	2	797	
155	0	43	step_2_no_load	5	6	0.553703096215	0.612705031264	-1	-1	-1	
155	0	44	step_1_no_load	1	2	2	405	
155	0	44	step_2_no_load	5	6	0.541854396676	0.611481438855	6	331	1	
155	0	45	step_1_no_load	1	2	2	380	
155	0	45	step_2_no_load	5	6	0.579346234508	0.632991467829	6	399	0	
155	0	46	step_1_no_load	1	2	2	387	
155	0	46	step_2_no_load	5	6	0.55511883717	0.600964500555	6	420	0	
155	0	47	step_1_no_load	1	2	2	404	
155	0	47	step_2_no_load	5	6	0.546259467838	0.598724660986	6	366	1	
155	0	48	step_1_no_load	1	2	2	416	
155	0	48	step_2_no_load	5	6	0.534690828011	0.615767119776	6	396	0	
155	0	49	step_1_no_load	1	2	2	430	
155	0	49	step_2_no_load	5	6	0.512405963374	0.610193185592	6	328	1	
155	0	50	step_1_no_load	1	2	2	385	
155	0	50	step_2_no_load	5	6	0.481616544184	0.606862017918	6	328	1	
155	0	51	step_1_no_load	1	2	2	349	
155	0	51	step_2_no_load	3	4	0.469943944943	0.613357430892	4	375	1	
155	0	52	step_1_no_load	1	2	2	427	
155	0	52	step_2_no_load	5	6	0.513589895419	0.539065404057	6	369	1	
155	0	53	step_1_no_load	1	2	2	442	
155	0	53	step_2_no_load	5	6	0.475342927439	0.551457882502	6	460	1	
155	0	54	step_1_no_load	1	2	2	376	
155	0	54	step_2_no_load	3	4	0.491512498697	0.652515308527	4	341	1	
155	0	55	step_1_no_load	1	2	2	423	
155	0	55	step_2_no_load	5	6	0.526704292526	0.574045915747	6	375	1	
155	0	56	step_1_no_load	1	2	2	452	
155	0	56	step_2_no_load	5	6	0.538512915562	0.601856598146	6	359	0	
155	0	57	step_1_no_load	1	2	2	297	
155	0	57	step_2_no_load	3	4	0.466449077359	0.586335094239	4	336	1	
155	0	58	step_1_no_load	1	2	2	320	
155	0	58	step_2_no_load	3	4	0.478335218822	0.610896130115	4	328	1	
155	0	59	step_1_no_load	1	2	2	369	
155	0	59	step_2_no_load	5	6	0.537400760025	0.632500293208	6	312	1	
155	0	60	step_1_no_load	1	2	2	376	
155	0	60	step_2_no_load	5	6	0.479287247283	0.623687406259	6	299	0	
155	0	61	step_1_no_load	1	2	2	353	
155	0	61	step_2_no_load	3	4	0.464268875813	0.602879526975	4	331	1	
155	0	62	step_1_no_load	1	2	2	341	
155	0	62	step_2_no_load	3	4	0.50724109756	0.622820395113	4	340	1	
155	0	63	step_1_no_load	1	2	2	350	
155	0	63	step_2_no_load	5	6	0.519445130796	0.664284493458	6	335	1	
155	0	64	step_1_no_load	1	2	2	432	
155	0	64	step_2_no_load	3	4	0.555062911513	0.626149195169	4	364	0	
155	0	65	step_1_no_load	1	2	2	376	
155	0	65	step_2_no_load	5	6	0.517687993213	0.612660225018	6	317	1	
155	0	66	step_1_no_load	1	2	2	347	
155	0	66	step_2_no_load	5	6	0.555324764318	0.606938648072	6	421	1	
155	0	67	step_1_no_load	1	2	2	381	
155	0	67	step_2_no_load	5	6	0.538279387614	0.597650193897	6	303	1	
155	0	68	step_1_no_load	1	2	-1	-1	
155	0	69	step_1_no_load	1	2	2	442	
155	0	69	step_2_no_load	5	6	0.560462111264	0.622221685203	6	452	1	
155	0	70	step_1_no_load	1	2	2	352	
155	0	70	step_2_no_load	3	4	0.498834901463	0.697741832068	4	335	0	
155	0	71	step_1_no_load	1	2	2	326	
155	0	71	step_2_no_load	3	4	0.482863323776	0.706816191949	4	302	1	
155	0	72	step_1_no_load	1	2	2	362	
155	0	72	step_2_no_load	3	4	0.47409116389	0.705884789502	4	350	1	
155	0	73	step_1_no_load	1	2	2	406	
155	0	73	step_2_no_load	5	6	0.50185699984	0.657126403029	6	352	1	
155	0	74	step_1_no_load	1	2	2	384	
155	0	74	step_2_no_load	3	4	0.453420386428	0.693624670847	4	414	0	
155	0	75	step_1_no_load	1	2	2	328	
155	0	75	step_2_no_load	5	6	0.483983914712	0.615552849174	6	348	1	
155	0	76	step_1_no_load	1	2	2	384	
155	0	76	step_2_no_load	5	6	0.518881389358	0.62770291155	6	308	0	
155	0	77	step_1_no_load	1	2	2	423	
155	0	77	step_2_no_load	5	6	0.538119616568	0.564257587118	6	390	0	
155	0	78	step_1_no_load	1	2	2	422	
155	0	78	step_2_no_load	5	6	0.538654072849	0.536711448352	5	382	0	
155	0	79	step_1_no_load	1	2	1	426	
155	0	79	step_2_no_load	3	4	0.389124152368	0.647841624544	3	414	0	
155	0	80	step_1_no_load	1	2	1	470	
155	0	80	step_2_no_load	5	6	0.49921021142	0.518583383166	6	507	1	
155	0	81	step_1_no_load	1	2	1	340	
155	0	81	step_2_no_load	3	4	0.419265522488	0.702400933084	4	499	0	
155	0	82	step_1_no_load	1	2	1	356	
155	0	82	step_2_no_load	3	4	0.395813831323	0.688340116885	4	376	0	
155	0	83	step_1_no_load	1	2	1	492	
155	0	83	step_2_no_load	3	4	0.382772464038	0.726885136842	3	421	1	
155	0	84	step_1_no_load	1	2	1	381	
155	0	84	step_2_no_load	3	4	0.385087938645	0.731466635793	3	546	0	
155	0	85	step_1_no_load	1	2	1	362	
155	0	85	step_2_no_load	5	6	0.485785534744	0.692384972752	5	374	0	
155	0	86	step_1_no_load	1	2	2	373	
155	0	86	step_2_no_load	5	6	0.486462788728	0.691782850001	6	424	0	
155	0	87	step_1_no_load	1	2	2	327	
155	0	87	step_2_no_load	5	6	0.493867001103	0.719375344246	6	373	1	
155	0	88	step_1_no_load	1	2	2	371	
155	0	88	step_2_no_load	5	6	0.509563243675	0.717410082358	6	373	1	
155	0	89	step_1_no_load	1	2	2	356	
155	0	89	step_2_no_load	5	6	0.490019385174	0.690772436485	6	371	1	
155	0	90	step_1_no_load	1	2	2	326	
155	0	90	step_2_no_load	5	6	0.530126112124	0.712247848046	6	340	1	
155	0	91	step_1_no_load	1	2	2	452	
155	0	91	step_2_no_load	5	6	0.479087223222	0.685023809334	6	386	1	
155	0	92	step_1_no_load	1	2	2	340	
155	0	92	step_2_no_load	3	4	0.444368850664	0.679381608313	4	396	1	
155	0	93	step_1_no_load	1	2	2	445	
155	0	93	step_2_no_load	3	4	0.439878153082	0.662863370634	4	425	1	
155	0	94	step_1_no_load	1	2	2	378	
155	0	94	step_2_no_load	5	6	0.468637558205	0.719464414227	6	309	1	
155	0	95	step_1_no_load	1	2	2	398	
155	0	95	step_2_no_load	3	4	0.427150666411	0.640209855442	4	316	1	
155	0	96	step_1_no_load	1	2	2	374	
155	0	96	step_2_no_load	3	4	0.383038640121	0.663095813561	4	317	1	
155	0	97	step_1_no_load	1	2	2	341	
155	0	97	step_2_no_load	5	6	0.455601814112	0.681272614291	6	296	1	
155	0	98	step_1_no_load	1	2	2	341	
155	0	98	step_2_no_load	3	4	0.409778171713	0.646040060297	4	348	0	
155	0	99	step_1_no_load	1	2	2	317	
155	0	99	step_2_no_load	5	6	0.375249961522	0.673709850038	6	278	1	
155	0	100	step_1_no_load	1	2	2	336	
155	0	100	step_2_no_load	5	6	0.363162156005	0.666227451505	6	377	1	
155	0	101	step_1_no_load	1	2	2	391	
155	0	101	step_2_no_load	5	6	0.366879421891	0.623812401974	6	346	1	
155	0	102	step_1_no_load	1	2	2	367	
155	0	102	step_2_no_load	3	4	0.494584754513	0.663124617603	4	373	0	
155	0	103	step_1_no_load	1	2	2	364	
155	0	103	step_2_no_load	5	6	0.322834495838	0.663997796029	6	372	1	
155	0	104	step_1_no_load	1	2	2	342	
155	0	104	step_2_no_load	5	6	0.303696146503	0.703870701136	6	431	1	
155	0	105	step_1_no_load	1	2	2	429	
155	0	105	step_2_no_load	5	6	0.352639603242	0.689135357059	6	447	0	
155	0	106	step_1_no_load	1	2	2	398	
155	0	106	step_2_no_load	5	6	0.374131494222	0.712883638252	6	379	0	
155	0	107	step_1_no_load	1	2	2	369	
155	0	107	step_2_no_load	3	4	0.565220528809	0.677514185929	4	344	1	
155	0	108	step_1_no_load	1	2	2	445	
155	0	108	step_2_no_load	5	6	0.388185708856	0.695928523711	6	380	1	
155	0	109	step_1_no_load	1	2	2	769	
155	0	109	step_2_no_load	5	6	0.372328831887	0.71632547018	6	459	0	
155	0	110	step_1_no_load	1	2	2	418	
155	0	110	step_2_no_load	5	6	0.395544455384	0.729599891941	6	455	0	
155	0	111	step_1_no_load	1	2	2	257	
155	0	111	step_2_no_load	5	6	0.407158158569	0.724852671171	6	330	1	
155	0	112	step_1_no_load	1	2	2	459	
155	0	112	step_2_no_load	5	6	0.413393106784	0.725701866094	6	469	1	
155	0	113	step_1_no_load	1	2	2	370	
155	0	113	step_2_no_load	5	6	0.387112818105	0.719324307956	6	411	1	
155	0	114	step_1_no_load	1	2	2	322	
155	0	114	step_2_no_load	5	6	0.384736699284	0.718213323791	6	317	1	
155	0	115	step_1_no_load	1	2	2	359	
155	0	115	step_2_no_load	3	4	0.390027643099	0.645721217949	4	613	1	
155	0	116	step_1_no_load	1	2	2	646	
155	0	116	step_2_no_load	3	4	0.378149844807	0.680124293449	4	437	1	
155	0	117	step_1_no_load	1	2	2	396	
155	0	117	step_2_no_load	3	4	0.374621793791	0.671842537277	4	474	0	
155	0	118	step_1_no_load	1	2	2	480	
155	0	118	step_2_no_load	5	6	0.362977115924	0.740051715856	6	471	0	
155	0	119	step_1_no_load	1	2	2	459	
155	0	119	step_2_no_load	5	6	0.358243439099	0.690424535099	6	409	1	
155	0	120	step_1_no_load	1	2	2	534	
155	0	120	step_2_no_load	3	4	0.370150243662	0.666433355915	4	342	1	
155	0	121	step_1_no_load	1	2	2	456	
155	0	121	step_2_no_load	5	6	0.310775244958	0.658856304095	6	414	1	
155	0	122	step_1_no_load	1	2	2	531	
155	0	122	step_2_no_load	3	4	0.329624572119	0.672193618854	4	373	0	
155	0	123	step_1_no_load	1	2	2	392	
155	0	123	step_2_no_load	5	6	0.269780614928	0.583607229978	6	421	1	
155	0	124	step_1_no_load	1	2	2	415	
155	0	124	step_2_no_load	5	6	0.26095206597	0.603013298253	6	326	0	
155	0	125	step_1_no_load	1	2	2	366	
155	0	125	step_2_no_load	5	6	0.290374841566	0.559596800931	6	454	0	
155	0	126	step_1_no_load	1	2	2	369	
155	0	126	step_2_no_load	3	4	0.300846667696	0.600985760967	4	365	1	
155	0	127	step_1_no_load	1	2	2	505	
155	0	127	step_2_no_load	5	6	0.273483952592	0.560824094575	6	403	0	
155	0	128	step_1_no_load	1	2	2	317	
155	0	128	step_2_no_load	3	4	0.250790232267	0.620672334996	4	347	0	
155	0	129	step_1_no_load	1	2	2	355	
155	0	129	step_2_no_load	3	4	0.271709703542	0.632682846317	4	316	0	
155	0	130	step_1_no_load	1	2	2	538	
155	0	130	step_2_no_load	3	4	0.274560758494	0.630285316669	4	418	1	
155	0	131	step_1_no_load	1	2	2	427	
155	0	131	step_2_no_load	5	6	0.281500842289	0.678044920845	6	542	1	
155	0	132	step_1_no_load	1	2	2	491	
155	0	132	step_2_no_load	5	6	0.27986961048	0.668578020634	6	752	0	
155	0	133	step_1_no_load	1	2	2	449	
155	0	133	step_2_no_load	5	6	0.315608831386	0.617383991623	6	485	1	
155	0	134	step_1_no_load	1	2	2	521	
155	0	134	step_2_no_load	3	4	0.302839427162	0.685529359147	4	556	1	
155	0	135	step_1_no_load	1	2	2	1247	
155	0	135	step_2_no_load	3	4	0.287118934166	0.700779221781	4	519	1	
155	0	136	step_1_no_load	1	2	2	414	
155	0	136	step_2_no_load	5	6	0.307766925452	0.597814413435	6	266	1	
155	0	137	step_1_no_load	1	2	2	417	
155	0	137	step_2_no_load	5	6	0.346433498467	0.605896884497	6	301	0	
155	0	138	step_1_no_load	1	2	2	329	
155	0	138	step_2_no_load	5	6	0.366701525561	0.63240964674	6	267	1	
155	0	139	step_1_no_load	1	2	2	309	
155	0	139	step_2_no_load	5	6	0.325611400511	0.636630981281	6	293	1	
155	0	140	step_1_no_load	1	2	2	469	
155	0	140	step_2_no_load	5	6	0.348740542008	0.671213945178	6	461	1	
155	0	141	step_1_no_load	1	2	2	851	
155	0	141	step_2_no_load	5	6	0.390227133375	0.711987889705	6	915	0	
155	0	142	step_1_no_load	1	2	2	637	
155	0	142	step_2_no_load	5	6	0.397052682821	0.690276058009	6	603	1	
155	0	143	step_1_no_load	1	2	2	462	
155	0	143	step_2_no_load	5	6	0.410970957547	0.661365099615	6	564	1	
155	0	144	step_1_no_load	1	2	2	463	
155	0	144	step_2_no_load	5	6	0.389234194056	0.626443722248	6	453	0	
155	0	145	step_1_no_load	1	2	2	468	
155	0	145	step_2_no_load	5	6	0.355256413269	0.6669125229	6	428	1	
155	0	146	step_1_no_load	1	2	2	429	
155	0	146	step_2_no_load	5	6	0.320877500969	0.681611991725	6	491	0	
155	0	147	step_1_no_load	1	2	2	372	
155	0	147	step_2_no_load	5	6	0.352879785946	0.647798886916	6	568	1	
155	0	148	step_1_no_load	1	2	2	355	
155	0	148	step_2_no_load	3	4	0.305288021243	0.648050021239	4	313	1	
155	0	149	step_1_no_load	1	2	2	307	
155	0	149	step_2_no_load	5	6	0.300290206122	0.601870110183	6	408	1	
155	0	150	step_1_no_load	1	2	2	356	
155	0	150	step_2_no_load	5	6	0.306860041627	0.575985663078	6	357	1	
155	0	151	step_1_no_load	1	2	2	361	
155	0	151	step_2_no_load	3	4	0.348172164421	0.614159737668	4	421	1	
155	0	152	step_1_no_load	1	2	2	572	
155	0	152	step_2_no_load	3	4	0.307702500543	0.644204174791	4	711	0	
155	0	153	step_1_no_load	1	2	2	349	
155	0	153	step_2_no_load	3	4	0.309356532263	0.681559292085	4	1080	1	
155	0	154	step_1_no_load	1	2	2	260	
155	0	154	step_2_no_load	3	4	0.316375537537	0.671672162443	4	430	1	
155	0	155	step_1_no_load	1	2	2	360	
155	0	155	step_2_no_load	3	4	0.296093457977	0.716100930629	4	495	1	
155	0	156	step_1_no_load	1	2	2	423	
155	0	156	step_2_no_load	5	6	0.368378667812	0.631048201903	6	647	1	
155	0	157	step_1_no_load	1	2	2	370	
155	0	157	step_2_no_load	3	4	0.350909357271	0.720725456325	4	464	1	
155	0	158	step_1_no_load	1	2	2	339	
155	0	158	step_2_no_load	5	6	0.334595868098	0.532722108502	6	398	0	
155	0	159	step_1_no_load	1	2	2	331	
155	0	159	step_2_no_load	3	4	0.413026375257	0.697903160072	4	692	0	
155	0	160	step_1_no_load	1	2	2	316	
155	0	160	step_2_no_load	5	6	0.355992626298	0.521229931064	6	602	0	
155	0	161	step_1_no_load	1	2	2	330	
155	0	161	step_2_no_load	3	4	0.407025633682	0.719896286569	4	432	0	
155	0	162	step_1_no_load	1	2	2	352	
155	0	162	step_2_no_load	5	6	0.455329532209	0.566496468084	6	335	1	
155	0	163	step_1_no_load	1	2	2	365	
155	0	163	step_2_no_load	5	6	0.430920885959	0.5863391277	6	551	1	
155	0	164	step_1_no_load	1	2	2	351	
155	0	164	step_2_no_load	3	4	0.432761720497	0.692137394606	4	332	1	
155	0	165	step_1_no_load	1	2	2	381	
155	0	165	step_2_no_load	3	4	0.463777557969	0.717506143195	3	1199	1	
155	0	166	step_1_no_load	1	2	2	369	
155	0	166	step_2_no_load	5	6	0.356317216644	0.549095060025	5	406	0	
155	0	167	step_1_no_load	1	2	2	356	
155	0	167	step_2_no_load	5	6	0.331115714939	0.585131062446	6	378	1	
155	0	168	step_1_no_load	1	2	2	446	
155	0	168	step_2_no_load	5	6	0.335777599654	0.613361520676	6	927	0	
155	0	169	step_1_no_load	1	2	2	365	
155	0	169	step_2_no_load	5	6	0.365156560071	0.586049140041	6	832	1	
155	0	170	step_1_no_load	1	2	2	434	
155	0	170	step_2_no_load	5	6	0.364989630435	0.57151385403	6	784	1	
155	0	171	step_1_no_load	1	2	2	460	
155	0	171	step_2_no_load	5	6	0.425122034074	0.553314431843	6	785	0	
155	0	172	step_1_no_load	1	2	2	374	
155	0	172	step_2_no_load	3	4	0.363617002148	0.668669556875	3	608	0	
155	0	173	step_1_no_load	1	2	2	346	
155	0	173	step_2_no_load	5	6	0.462866379815	0.484428109849	6	887	1	
155	0	174	step_1_no_load	1	2	2	690	
155	0	174	step_2_no_load	3	4	0.387867297446	0.729877433725	3	554	1	
155	0	175	step_1_no_load	1	2	2	1009	
155	0	175	step_2_no_load	5	6	0.484825491933	0.52644949356	6	943	0	
155	0	176	step_1_no_load	1	2	2	487	
155	0	176	step_2_no_load	5	6	0.500856457218	0.474046874473	6	640	1	
155	0	177	step_1_no_load	1	2	2	453	
155	0	177	step_2_no_load	5	6	0.4798184927	0.501268576771	6	839	1	
155	0	178	step_1_no_load	1	2	2	378	
155	0	178	step_2_no_load	5	6	0.49020858644	0.493712351915	6	716	1	
155	0	179	step_1_no_load	1	2	2	437	
155	0	179	step_2_no_load	5	6	0.493565996034	0.457298770028	6	650	0	
155	0	180	step_1_no_load	1	2	2	353	
155	0	180	step_2_no_load	3	4	0.341214611607	0.719795072986	3	526	1	
155	0	181	step_1_no_load	1	2	2	363	
155	0	181	step_2_no_load	3	4	0.342402764747	0.746910336326	3	614	0	
155	0	182	step_1_no_load	1	2	2	523	
155	0	182	step_2_no_load	5	6	0.49907747228	0.506773281362	6	677	1	
155	0	183	step_1_no_load	1	2	2	413	
155	0	183	step_2_no_load	5	6	0.492742497507	0.502991759047	6	755	0	
155	0	184	step_1_no_load	1	2	2	375	
155	0	184	step_2_no_load	5	6	0.480863422096	0.460890977786	6	555	1	
155	0	185	step_1_no_load	1	2	2	435	
155	0	185	step_2_no_load	5	6	0.482228039858	0.479703516092	6	670	1	
155	0	186	step_1_no_load	1	2	2	469	
155	0	186	step_2_no_load	3	4	0.332733011923	0.656308636836	3	735	0	
155	0	187	step_1_no_load	1	2	2	357	
155	0	187	step_2_no_load	3	4	0.328890769988	0.678211978625	3	561	0	
155	0	188	step_1_no_load	1	2	2	306	
155	0	188	step_2_no_load	5	6	0.548350535247	0.471319680586	6	684	1	
155	0	189	step_1_no_load	1	2	2	460	
155	0	189	step_2_no_load	5	6	0.534753756004	0.448897869069	6	559	0	
155	0	190	step_1_no_load	1	2	2	399	
155	0	190	step_2_no_load	5	6	0.505820429042	0.433568856946	6	502	1	
155	0	191	step_1_no_load	1	2	2	932	
155	0	191	step_2_no_load	5	6	0.512103523931	0.435748387321	6	780	1	
155	0	192	step_1_no_load	1	2	2	379	
155	0	192	step_2_no_load	3	4	0.299297135717	0.705517419189	3	598	0	
155	0	193	step_1_no_load	1	2	2	338	
155	0	193	step_2_no_load	3	4	0.321008037746	0.679792491164	3	829	1	
155	0	194	step_1_no_load	1	2	2	425	
155	0	194	step_2_no_load	5	6	0.505359594715	0.433250459893	6	610	1	
155	0	195	step_1_no_load	1	2	2	413	
155	0	195	step_2_no_load	3	4	0.348571348505	0.646280688878	3	1008	1	
155	0	196	step_1_no_load	1	2	2	484	
155	0	196	step_2_no_load	5	6	0.496717662777	0.421761207498	6	923	0	
155	0	197	step_1_no_load	1	2	2	380	
155	0	197	step_2_no_load	5	6	0.47786945426	0.422511153127	6	597	0	
155	0	198	step_1_no_load	1	2	2	519	
155	0	198	step_2_no_load	5	6	0.485065498391	0.397292432346	6	866	1	
155	0	199	step_1_no_load	1	2	2	686	
155	0	199	step_2_no_load	5	6	0.529438031858	0.39793773834	6	968	0	
155	0	200	step_1_no_load	1	2	2	470	
155	0	200	step_2_no_load	3	4	0.299128796668	0.728996708473	3	754	1	

Tue Jun 26 14:38:47 2018
