Wed Jun 27 14:37:26 2018	
156	0	1	step_1_no_load	1	2	1	431	
156	0	1	step_2_no_load	3	4	0.594299910136	0.598297890399	3	486	0	
156	0	2	step_1_no_load	1	2	1	303	
156	0	2	step_2_no_load	3	4	0.610961032466	0.580156942153	4	514	1	
156	0	3	step_1_no_load	1	2	1	326	
156	0	3	step_2_no_load	3	4	0.589215227351	0.584197065669	4	242	1	
156	0	4	step_1_no_load	1	2	1	243	
156	0	4	step_2_no_load	3	4	0.564086293706	0.597491569846	4	333	0	
156	0	5	step_1_no_load	1	2	1	432	
156	0	5	step_2_no_load	3	4	0.576104915614	0.623810210114	4	520	1	
156	0	6	step_1_no_load	1	2	1	433	
156	0	6	step_2_no_load	3	4	0.603642866427	0.585722686883	4	429	0	
156	0	7	step_1_no_load	1	2	1	277	
156	0	7	step_2_no_load	3	4	0.622642364361	0.568656746487	4	467	1	
156	0	8	step_1_no_load	1	2	1	405	
156	0	8	step_2_no_load	3	4	0.624210374623	0.59128639594	4	377	1	
156	0	9	step_1_no_load	1	2	1	255	
156	0	9	step_2_no_load	3	4	0.641106877158	0.598049061473	4	300	0	
156	0	10	step_1_no_load	1	2	1	363	
156	0	10	step_2_no_load	3	4	0.636063269715	0.652626043146	4	241	0	
156	0	11	step_1_no_load	1	2	1	231	
156	0	11	step_2_no_load	3	4	0.609191465743	0.69163818036	4	284	1	
156	0	12	step_1_no_load	1	2	1	380	
156	0	12	step_2_no_load	3	4	0.552770607849	0.682786328054	4	339	1	
156	0	13	step_1_no_load	1	2	1	349	
156	0	13	step_2_no_load	3	4	0.558313135925	0.653587098421	4	257	1	
156	0	14	step_1_no_load	1	2	1	264	
156	0	14	step_2_no_load	5	6	0.491234392147	0.611256675753	6	465	0	
156	0	15	step_1_no_load	1	2	1	244	
156	0	15	step_2_no_load	5	6	0.505377237737	0.633564630036	5	582	1	
156	0	16	step_1_no_load	1	2	1	375	
156	0	16	step_2_no_load	3	4	0.553308964466	0.628091198119	4	427	1	
156	0	17	step_1_no_load	1	2	1	250	
156	0	17	step_2_no_load	5	6	0.535958400205	0.643116883134	6	654	1	
156	0	18	step_1_no_load	1	2	1	345	
156	0	18	step_2_no_load	3	4	0.553554620302	0.626834332012	4	344	1	
156	0	19	step_1_no_load	1	2	1	232	
156	0	19	step_2_no_load	3	4	0.536502319591	0.619895761657	4	342	0	
156	0	20	step_1_no_load	1	2	1	361	
156	0	20	step_2_no_load	3	4	0.491720931314	0.636521555122	4	483	1	
156	0	21	step_1_no_load	1	2	1	386	
156	0	21	step_2_no_load	5	6	0.49769376036	0.611328949295	5	861	1	
156	0	22	step_1_no_load	1	2	1	403	
156	0	22	step_2_no_load	3	4	0.468700882609	0.621949894727	4	406	0	
156	0	23	step_1_no_load	1	2	1	270	
156	0	23	step_2_no_load	5	6	0.520606588181	0.604065470975	6	415	1	
156	0	24	step_1_no_load	1	2	1	440	
156	0	24	step_2_no_load	5	6	0.505388876622	0.5800912085	6	395	0	
156	0	25	step_1_no_load	1	2	1	353	
156	0	25	step_2_no_load	3	4	0.503605105412	0.565698722896	4	599	0	
156	0	26	step_1_no_load	1	2	1	292	
156	0	26	step_2_no_load	3	4	0.532884212818	0.592410219737	4	466	1	
156	0	27	step_1_no_load	1	2	1	428	
156	0	27	step_2_no_load	3	4	0.54756089792	0.57860777711	4	367	1	
156	0	28	step_1_no_load	1	2	1	298	
156	0	28	step_2_no_load	3	4	0.553259388875	0.588356036098	4	495	1	
156	0	29	step_1_no_load	1	2	1	336	
156	0	29	step_2_no_load	5	6	0.521159009103	0.618626354124	6	1044	0	
156	0	30	step_1_no_load	1	2	1	494	
156	0	30	step_2_no_load	5	6	0.4919199548	0.610227092493	5	838	0	
156	0	31	step_1_no_load	1	2	1	405	
156	0	31	step_2_no_load	3	4	0.541819886458	0.636602545794	4	511	0	
156	0	32	step_1_no_load	1	2	1	353	
156	0	32	step_2_no_load	3	4	0.522993086096	0.634585171267	4	393	1	
156	0	33	step_1_no_load	1	2	1	254	
156	0	33	step_2_no_load	3	4	0.542309898544	0.611700032906	4	342	1	
156	0	34	step_1_no_load	1	2	1	314	
156	0	34	step_2_no_load	3	4	0.538523758058	0.575802910074	4	370	1	
156	0	35	step_1_no_load	1	2	1	373	
156	0	35	step_2_no_load	5	6	0.491437207585	0.649776015006	5	632	0	
156	0	36	step_1_no_load	1	2	1	449	
156	0	36	step_2_no_load	3	4	0.611274573488	0.527635087561	4	574	1	
156	0	37	step_1_no_load	1	2	1	495	
156	0	37	step_2_no_load	5	6	0.543074626387	0.660658056664	6	982	0	
156	0	38	step_1_no_load	1	2	1	378	
156	0	38	step_2_no_load	5	6	0.553931241266	0.651263699161	5	930	1	
156	0	39	step_1_no_load	1	2	1	364	
156	0	39	step_2_no_load	3	4	0.610601635554	0.557005857101	4	387	1	
156	0	40	step_1_no_load	1	2	1	359	
156	0	40	step_2_no_load	3	4	0.607992802154	0.580760785074	4	481	0	
156	0	41	step_1_no_load	1	2	1	241	
156	0	41	step_2_no_load	5	6	0.583829055298	0.633285941184	5	847	0	
156	0	42	step_1_no_load	1	2	1	444	
156	0	42	step_2_no_load	3	4	0.609164606591	0.533857158543	4	358	0	
156	0	43	step_1_no_load	1	2	1	362	
156	0	43	step_2_no_load	3	4	0.612705031264	0.553703096215	3	693	0	
156	0	44	step_1_no_load	1	2	1	332	
156	0	44	step_2_no_load	3	4	0.611481438855	0.541854396676	4	393	0	
156	0	45	step_1_no_load	1	2	1	347	
156	0	45	step_2_no_load	3	4	0.632991467829	0.579346234508	4	515	0	
156	0	46	step_1_no_load	1	2	2	750	
156	0	46	step_2_no_load	3	4	0.600964500555	0.55511883717	4	801	0	
156	0	47	step_1_no_load	1	2	2	394	
156	0	47	step_2_no_load	5	6	0.493112702321	0.634373567175	6	681	1	
156	0	48	step_1_no_load	1	2	2	410	
156	0	48	step_2_no_load	5	6	0.488280685105	0.657624935632	6	521	0	
156	0	49	step_1_no_load	1	2	1	259	
156	0	49	step_2_no_load	3	4	0.610193185592	0.512405963374	4	440	1	
156	0	50	step_1_no_load	1	2	1	325	
156	0	50	step_2_no_load	3	4	0.606862017918	0.481616544184	4	491	0	
156	0	51	step_1_no_load	1	2	1	265	
156	0	51	step_2_no_load	3	4	0.564866799699	0.508197321577	3	558	1	
156	0	52	step_1_no_load	1	2	1	357	
156	0	52	step_2_no_load	5	6	0.429622901875	0.613408921915	5	1249	1	
156	0	53	step_1_no_load	1	2	1	400	
156	0	53	step_2_no_load	5	6	0.451905460347	0.630956764252	5	918	1	
156	0	54	step_1_no_load	1	2	1	397	
156	0	54	step_2_no_load	5	6	0.491512498697	0.652515308527	5	504	1	
156	0	55	step_1_no_load	1	2	1	484	
156	0	55	step_2_no_load	3	4	0.574045915747	0.526704292526	4	450	1	
156	0	56	step_1_no_load	1	2	1	359	
156	0	56	step_2_no_load	3	4	0.601856598146	0.538512915562	4	659	0	
156	0	57	step_1_no_load	1	2	1	288	
156	0	57	step_2_no_load	3	4	0.641849303307	0.516475618243	4	424	1	
156	0	58	step_1_no_load	1	2	1	371	
156	0	58	step_2_no_load	5	6	0.478335218822	0.610896130115	5	686	1	
156	0	59	step_1_no_load	1	2	1	345	
156	0	59	step_2_no_load	5	6	0.480274332693	0.608951267756	5	637	1	
156	0	60	step_1_no_load	1	2	1	370	
156	0	60	step_2_no_load	5	6	0.491916707098	0.599559577859	5	603	1	
156	0	61	step_1_no_load	1	2	1	320	
156	0	61	step_2_no_load	5	6	0.464268875813	0.602879526975	5	547	0	
156	0	62	step_1_no_load	1	2	1	325	
156	0	62	step_2_no_load	5	6	0.50724109756	0.622820395113	5	774	1	
156	0	63	step_1_no_load	1	2	1	439	
156	0	63	step_2_no_load	3	4	0.664284493458	0.519445130796	4	428	0	
156	0	64	step_1_no_load	1	2	1	498	
156	0	64	step_2_no_load	3	4	0.642369708469	0.533849886794	4	448	1	
156	0	65	step_1_no_load	1	2	1	292	
156	0	65	step_2_no_load	5	6	0.569109504048	0.619953360065	6	344	1	
156	0	66	step_1_no_load	1	2	1	312	
156	0	66	step_2_no_load	5	6	0.573761869714	0.630357351236	5	708	1	
156	0	67	step_1_no_load	1	2	1	493	
156	0	67	step_2_no_load	5	6	0.542076810516	0.674463681351	5	585	1	
156	0	68	step_1_no_load	1	2	1	646	
156	0	68	step_2_no_load	5	6	0.509127161919	0.719455209845	5	658	0	
156	0	69	step_1_no_load	1	2	1	382	
156	0	69	step_2_no_load	3	4	0.622221685203	0.560462111264	4	428	1	
156	0	70	step_1_no_load	1	2	1	337	
156	0	70	step_2_no_load	3	4	0.637556284465	0.548075770764	4	392	1	
156	0	71	step_1_no_load	1	2	1	280	
156	0	71	step_2_no_load	5	6	0.482863323776	0.706816191949	6	402	1	
156	0	72	step_1_no_load	1	2	1	257	
156	0	72	step_2_no_load	3	4	0.626024641967	0.556486305476	3	627	1	
156	0	73	step_1_no_load	1	2	1	273	
156	0	73	step_2_no_load	3	4	0.657126403029	0.50185699984	4	557	1	
156	0	74	step_1_no_load	1	2	1	283	
156	0	74	step_2_no_load	3	4	0.614462146454	0.491044983779	4	627	1	
156	0	75	step_1_no_load	1	2	1	374	
156	0	75	step_2_no_load	3	4	0.615552849174	0.483983914712	4	438	0	
156	0	76	step_1_no_load	1	2	1	271	
156	0	76	step_2_no_load	3	4	0.62770291155	0.518881389358	4	591	1	
156	0	77	step_1_no_load	1	2	1	317	
156	0	77	step_2_no_load	3	4	0.564257587118	0.538119616568	4	518	1	
156	0	78	step_1_no_load	1	2	1	338	
156	0	78	step_2_no_load	3	4	0.536711448352	0.538654072849	4	381	1	
156	0	79	step_1_no_load	1	2	1	324	
156	0	79	step_2_no_load	3	4	0.513695512795	0.540085062695	4	461	1	
156	0	80	step_1_no_load	1	2	1	260	
156	0	80	step_2_no_load	5	6	0.396016175285	0.703969305517	5	915	1	
156	0	81	step_1_no_load	1	2	1	291	
156	0	81	step_2_no_load	3	4	0.529745690463	0.494116554432	4	504	1	
156	0	82	step_1_no_load	1	2	1	329	
156	0	82	step_2_no_load	5	6	0.395813831323	0.688340116885	5	631	0	
156	0	83	step_1_no_load	1	2	1	243	
156	0	83	step_2_no_load	3	4	0.607907985871	0.483255412498	4	662	1	
156	0	84	step_1_no_load	1	2	1	421	
156	0	84	step_2_no_load	5	6	0.385087938645	0.731466635793	5	595	1	
156	0	85	step_1_no_load	1	2	1	493	
156	0	85	step_2_no_load	3	4	0.692384972752	0.485785534744	4	765	1	
156	0	86	step_1_no_load	1	2	1	366	
156	0	86	step_2_no_load	5	6	0.345323068124	0.721207648497	5	703	1	
156	0	87	step_1_no_load	1	2	1	300	
156	0	87	step_2_no_load	3	4	0.719375344246	0.493867001103	4	631	0	
156	0	88	step_1_no_load	1	2	1	373	
156	0	88	step_2_no_load	5	6	0.377947492322	0.696773608304	5	605	1	
156	0	89	step_1_no_load	1	2	1	391	
156	0	89	step_2_no_load	5	6	0.415882489686	0.660112261017	5	583	1	
156	0	90	step_1_no_load	1	2	1	313	
156	0	90	step_2_no_load	3	4	0.712247848046	0.530126112124	4	710	0	
156	0	91	step_1_no_load	1	2	1	284	
156	0	91	step_2_no_load	5	6	0.43534164751	0.657820521772	5	774	1	
156	0	92	step_1_no_load	1	2	1	321	
156	0	92	step_2_no_load	3	4	0.692406274724	0.484260039873	4	531	0	
156	0	93	step_1_no_load	1	2	1	257	
156	0	93	step_2_no_load	3	4	0.70415710998	0.473273727684	4	444	1	
156	0	94	step_1_no_load	1	2	1	334	
156	0	94	step_2_no_load	5	6	0.429211756872	0.668295023896	5	570	0	
156	0	95	step_1_no_load	1	2	1	365	
156	0	95	step_2_no_load	3	4	0.715495469274	0.42505578884	4	672	0	
156	0	96	step_1_no_load	1	2	1	272	
156	0	96	step_2_no_load	3	4	0.693739812506	0.437558890646	4	409	1	
156	0	97	step_1_no_load	1	2	1	573	
156	0	97	step_2_no_load	3	4	0.681272614291	0.455601814112	4	729	1	
156	0	98	step_1_no_load	1	2	1	320	
156	0	98	step_2_no_load	5	6	0.409778171713	0.646040060297	5	721	0	
156	0	99	step_1_no_load	1	2	1	383	
156	0	99	step_2_no_load	5	6	0.397561363605	0.645191748454	5	542	1	
156	0	100	step_1_no_load	1	2	1	360	
156	0	100	step_2_no_load	3	4	0.666227451505	0.363162156005	4	579	1	
156	0	101	step_1_no_load	1	2	1	349	
156	0	101	step_2_no_load	3	4	0.623812401974	0.366879421891	4	550	0	
156	0	102	step_1_no_load	1	2	1	257	
156	0	102	step_2_no_load	3	4	0.666304534392	0.326080462175	3	538	1	
156	0	103	step_1_no_load	1	2	1	292	
156	0	103	step_2_no_load	3	4	0.663997796029	0.322834495838	3	643	1	
156	0	104	step_1_no_load	1	2	1	332	
156	0	104	step_2_no_load	3	4	0.703870701136	0.303696146503	3	428	1	
156	0	105	step_1_no_load	1	2	1	301	
156	0	105	step_2_no_load	5	6	0.514318365187	0.722851301692	5	1036	1	
156	0	106	step_1_no_load	1	2	1	311	
156	0	106	step_2_no_load	3	4	0.712883638252	0.374131494222	3	521	1	
156	0	107	step_1_no_load	1	2	1	354	
156	0	107	step_2_no_load	3	4	0.692607431435	0.388257337796	3	317	1	
156	0	108	step_1_no_load	1	2	1	254	
156	0	108	step_2_no_load	3	4	0.695928523711	0.388185708856	3	311	1	
156	0	109	step_1_no_load	1	2	1	317	
156	0	109	step_2_no_load	3	4	0.71632547018	0.372328831887	3	811	1	
156	0	110	step_1_no_load	1	2	1	326	
156	0	110	step_2_no_load	3	4	0.729599891941	0.395544455384	3	480	1	
156	0	111	step_1_no_load	1	2	1	468	
156	0	111	step_2_no_load	5	6	0.384948378665	0.634599547742	5	903	1	
156	0	112	step_1_no_load	1	2	1	360	
156	0	112	step_2_no_load	3	4	0.725701866094	0.413393106784	3	258	1	
156	0	113	step_1_no_load	1	2	1	973	
156	0	113	step_2_no_load	3	4	0.719324307956	0.387112818105	3	493	0	
156	0	114	step_1_no_load	1	2	1	377	
156	0	114	step_2_no_load	3	4	0.718213323791	0.384736699284	3	436	0	
156	0	115	step_1_no_load	1	2	1	283	
156	0	115	step_2_no_load	3	4	0.739704344621	0.357661171116	3	710	1	
156	0	116	step_1_no_load	1	2	-1	-1	
156	0	117	step_1_no_load	1	2	1	301	
156	0	117	step_2_no_load	3	4	0.747012267642	0.363056877927	3	520	1	
156	0	118	step_1_no_load	1	2	1	428	
156	0	118	step_2_no_load	3	4	0.740051715856	0.362977115924	3	409	0	
156	0	119	step_1_no_load	1	2	1	214	
156	0	119	step_2_no_load	3	4	0.690424535099	0.358243439099	3	248	1	
156	0	120	step_1_no_load	1	2	1	234	
156	0	120	step_2_no_load	3	4	0.70587238626	0.333809617664	3	366	1	
156	0	121	step_1_no_load	1	2	1	391	
156	0	121	step_2_no_load	3	4	0.658856304095	0.310775244958	3	424	1	
156	0	122	step_1_no_load	1	2	1	421	
156	0	122	step_2_no_load	3	4	0.6136886145	0.266650857402	3	451	0	
156	0	123	step_1_no_load	1	2	1	445	
156	0	123	step_2_no_load	5	6	0.337526896345	0.664849878232	5	735	0	
156	0	124	step_1_no_load	1	2	1	385	
156	0	124	step_2_no_load	5	6	0.309430836661	0.624161788269	6	571	0	
156	0	125	step_1_no_load	1	2	1	254	
156	0	125	step_2_no_load	5	6	0.303110862715	0.633566302563	5	416	0	
156	0	126	step_1_no_load	1	2	1	320	
156	0	126	step_2_no_load	3	4	0.537863824328	0.267206368684	3	380	0	
156	0	127	step_1_no_load	1	2	1	268	
156	0	127	step_2_no_load	3	4	0.560824094575	0.273483952592	3	446	0	
156	0	128	step_1_no_load	1	2	1	342	
156	0	128	step_2_no_load	5	6	0.250790232267	0.620672334996	5	326	0	
156	0	129	step_1_no_load	1	2	1	357	
156	0	129	step_2_no_load	3	4	0.685297910719	0.268213321963	4	530	0	
156	0	130	step_1_no_load	1	2	1	249	
156	0	130	step_2_no_load	3	4	0.682031489739	0.267460866951	3	396	0	
156	0	131	step_1_no_load	1	2	2	260	
156	0	131	step_2_no_load	5	6	0.311475039155	0.638450601212	6	602	0	
156	0	132	step_1_no_load	1	2	2	429	
156	0	132	step_2_no_load	5	6	0.315328810424	0.660013924697	5	458	1	
156	0	133	step_1_no_load	1	2	2	340	
156	0	133	step_2_no_load	5	6	0.312642735495	0.691649444281	5	407	0	
156	0	134	step_1_no_load	1	2	2	331	
156	0	134	step_2_no_load	5	6	0.302839427162	0.685529359147	5	676	0	
156	0	135	step_1_no_load	1	2	1	817	
156	0	135	step_2_no_load	3	4	0.593710006149	0.300079459047	4	402	0	
156	0	136	step_1_no_load	1	2	1	265	
156	0	136	step_2_no_load	3	4	0.597814413435	0.307766925452	3	298	1	
156	0	137	step_1_no_load	1	2	1	383	
156	0	137	step_2_no_load	5	6	0.325016613024	0.668540846495	5	636	0	
156	0	138	step_1_no_load	1	2	1	236	
156	0	138	step_2_no_load	3	4	0.63240964674	0.366701525561	3	477	1	
156	0	139	step_1_no_load	1	2	1	255	
156	0	139	step_2_no_load	3	4	0.636630981281	0.325611400511	3	346	0	
156	0	140	step_1_no_load	1	2	1	267	
156	0	140	step_2_no_load	3	4	0.671213945178	0.348740542008	3	369	1	
156	0	141	step_1_no_load	1	2	1	323	
156	0	141	step_2_no_load	3	4	0.711987889705	0.390227133375	3	356	0	
156	0	142	step_1_no_load	1	2	1	297	
156	0	142	step_2_no_load	5	6	0.304203281606	0.627356259123	6	731	0	
156	0	143	step_1_no_load	1	2	1	265	
156	0	143	step_2_no_load	3	4	0.661365099615	0.410970957547	3	340	1	
156	0	144	step_1_no_load	1	2	1	255	
156	0	144	step_2_no_load	3	4	0.626443722248	0.389234194056	3	360	1	
156	0	145	step_1_no_load	1	2	1	269	
156	0	145	step_2_no_load	3	4	0.6669125229	0.355256413269	3	329	1	
156	0	146	step_1_no_load	1	2	1	348	
156	0	146	step_2_no_load	3	4	0.681611991725	0.320877500969	3	388	1	
156	0	147	step_1_no_load	1	2	1	437	
156	0	147	step_2_no_load	3	4	0.647798886916	0.352879785946	3	339	0	
156	0	148	step_1_no_load	1	2	1	299	
156	0	148	step_2_no_load	3	4	0.619272702026	0.311162711725	3	375	0	
156	0	149	step_1_no_load	1	2	1	374	
156	0	149	step_2_no_load	3	4	0.601870110183	0.300290206122	3	402	0	
156	0	150	step_1_no_load	1	2	1	363	
156	0	150	step_2_no_load	5	6	0.305587692243	0.605912419156	5	282	1	
156	0	151	step_1_no_load	1	2	1	302	
156	0	151	step_2_no_load	3	4	0.59154759351	0.310557101463	3	262	1	
156	0	152	step_1_no_load	1	2	1	287	
156	0	152	step_2_no_load	3	4	0.595108765344	0.323194010514	3	472	0	
156	0	153	step_1_no_load	1	2	2	420	
156	0	153	step_2_no_load	5	6	0.309356532263	0.681559292085	6	353	1	
156	0	154	step_1_no_load	1	2	2	255	
156	0	154	step_2_no_load	5	6	0.316375537537	0.671672162443	6	674	1	
156	0	155	step_1_no_load	1	2	2	268	
156	0	155	step_2_no_load	3	4	0.632486591889	0.372188990474	3	536	1	
156	0	156	step_1_no_load	1	2	2	238	
156	0	156	step_2_no_load	5	6	0.32564867104	0.734436160799	6	370	1	
156	0	157	step_1_no_load	1	2	2	345	
156	0	157	step_2_no_load	5	6	0.350909357271	0.720725456325	6	384	0	
156	0	158	step_1_no_load	1	2	2	436	
156	0	158	step_2_no_load	5	6	0.408728803896	0.694270715354	6	714	1	
156	0	159	step_1_no_load	1	2	2	434	
156	0	159	step_2_no_load	5	6	0.413026375257	0.697903160072	6	405	1	
156	0	160	step_1_no_load	1	2	2	375	
156	0	160	step_2_no_load	5	6	0.415052912783	0.710728171711	6	447	0	
156	0	161	step_1_no_load	1	2	2	403	
156	0	161	step_2_no_load	3	4	0.516036498158	0.438878285506	4	1182	1	
156	0	162	step_1_no_load	1	2	2	392	
156	0	162	step_2_no_load	5	6	0.3926701003	0.695144769903	6	361	1	
156	0	163	step_1_no_load	1	2	2	245	
156	0	163	step_2_no_load	5	6	0.395221309311	0.697095951435	6	417	0	
156	0	164	step_1_no_load	1	2	2	433	
156	0	164	step_2_no_load	5	6	0.432761720497	0.692137394606	5	364	1	
156	0	165	step_1_no_load	1	2	2	436	
156	0	165	step_2_no_load	5	6	0.463777557969	0.717506143195	5	381	0	
156	0	166	step_1_no_load	1	2	1	299	
156	0	166	step_2_no_load	5	6	0.422282731054	0.686594248975	5	832	0	
156	0	167	step_1_no_load	1	2	1	239	
156	0	167	step_2_no_load	3	4	0.585131062446	0.331115714939	3	494	1	
156	0	168	step_1_no_load	1	2	1	258	
156	0	168	step_2_no_load	3	4	0.613361520676	0.335777599654	3	445	0	
156	0	169	step_1_no_load	1	2	1	240	
156	0	169	step_2_no_load	3	4	0.586049140041	0.365156560071	4	375	0	
156	0	170	step_1_no_load	1	2	2	265	
156	0	170	step_2_no_load	5	6	0.411067820436	0.67334314737	5	589	0	
156	0	171	step_1_no_load	1	2	2	357	
156	0	171	step_2_no_load	5	6	0.386979310814	0.727248140829	6	373	1	
156	0	172	step_1_no_load	1	2	2	264	
156	0	172	step_2_no_load	3	4	0.519090471457	0.490120307546	4	773	0	
156	0	173	step_1_no_load	1	2	2	266	
156	0	173	step_2_no_load	5	6	0.385349297983	0.667027212577	6	643	0	
156	0	174	step_1_no_load	1	2	2	609	
156	0	174	step_2_no_load	5	6	0.387867297446	0.729877433725	6	347	1	
156	0	175	step_1_no_load	1	2	2	355	
156	0	175	step_2_no_load	5	6	0.426185553904	0.693968268443	6	392	1	
156	0	176	step_1_no_load	1	2	2	332	
156	0	176	step_2_no_load	5	6	0.383231572002	0.679250000396	6	321	1	
156	0	177	step_1_no_load	1	2	2	456	
156	0	177	step_2_no_load	5	6	0.357425668099	0.714070205704	6	412	1	
156	0	178	step_1_no_load	1	2	2	450	
156	0	178	step_2_no_load	3	4	0.493712351915	0.49020858644	4	461	0	
156	0	179	step_1_no_load	1	2	2	327	
156	0	179	step_2_no_load	5	6	0.324685418097	0.709345707515	6	440	1	
156	0	180	step_1_no_load	1	2	2	397	
156	0	180	step_2_no_load	3	4	0.482853857291	0.489345734128	4	294	1	
156	0	181	step_1_no_load	1	2	2	304	
156	0	181	step_2_no_load	5	6	0.342402764747	0.746910336326	6	745	1	
156	0	182	step_1_no_load	1	2	2	1484	
156	0	182	step_2_no_load	5	6	0.340533666308	0.72717560423	6	903	1	
156	0	183	step_1_no_load	1	2	2	404	
156	0	183	step_2_no_load	5	6	0.350175837802	0.720388040749	6	483	1	
156	0	184	step_1_no_load	1	2	2	365	
156	0	184	step_2_no_load	5	6	0.362743255194	0.657291439324	6	385	1	
156	0	185	step_1_no_load	1	2	2	436	
156	0	185	step_2_no_load	5	6	0.362611152222	0.665622647081	6	452	0	
156	0	186	step_1_no_load	1	2	2	525	
156	0	186	step_2_no_load	3	4	0.46870859828	0.484672582719	3	519	1	
156	0	187	step_1_no_load	1	2	2	324	
156	0	187	step_2_no_load	5	6	0.328890769988	0.678211978625	6	405	1	
156	0	188	step_1_no_load	1	2	2	304	
156	0	188	step_2_no_load	5	6	0.291508050861	0.696362660087	6	445	1	
156	0	189	step_1_no_load	1	2	2	410	
156	0	189	step_2_no_load	3	4	0.448897869069	0.534753756004	3	708	0	
156	0	190	step_1_no_load	1	2	2	277	
156	0	190	step_2_no_load	5	6	0.304557739386	0.667655825994	6	474	1	
156	0	191	step_1_no_load	1	2	2	308	
156	0	191	step_2_no_load	5	6	0.318839908867	0.664271461991	6	437	1	
156	0	192	step_1_no_load	1	2	2	295	
156	0	192	step_2_no_load	5	6	0.299297135717	0.705517419189	6	390	1	
156	0	193	step_1_no_load	1	2	2	290	
156	0	193	step_2_no_load	5	6	0.321008037746	0.679792491164	6	403	1	
156	0	194	step_1_no_load	1	2	2	518	
156	0	194	step_2_no_load	3	4	0.433250459893	0.505359594715	4	403	1	
156	0	195	step_1_no_load	1	2	2	634	
156	0	195	step_2_no_load	3	4	0.466795336969	0.494102184238	4	494	0	
156	0	196	step_1_no_load	1	2	2	389	
156	0	196	step_2_no_load	3	4	0.421761207498	0.496717662777	3	654	1	
156	0	197	step_1_no_load	1	2	2	332	
156	0	197	step_2_no_load	3	4	0.422511153127	0.47786945426	3	716	0	
156	0	198	step_1_no_load	1	2	2	345	
156	0	198	step_2_no_load	3	4	0.397292432346	0.485065498391	3	693	0	
156	0	199	step_1_no_load	1	2	2	378	
156	0	199	step_2_no_load	3	4	0.39793773834	0.529438031858	4	839	1	
156	0	200	step_1_no_load	1	2	1	567	
156	0	200	step_2_no_load	3	4	0.372436949782	0.507902534353	4	747	1	

Wed Jun 27 15:00:00 2018
