Wed Jun 27 16:25:01 2018	
157	0	1	step_1_no_load	1	2	1	326	
157	0	1	step_2_no_load	3	4	0.511789129507	0.594299910136	3	418	1	
157	0	2	step_1_no_load	1	2	1	245	
157	0	2	step_2_no_load	3	4	0.533203491871	0.610961032466	3	157	1	
157	0	3	step_1_no_load	1	2	1	341	
157	0	3	step_2_no_load	3	4	0.516002945397	0.589215227351	3	407	0	
157	0	4	step_1_no_load	1	2	1	303	
157	0	4	step_2_no_load	5	6	0.597491569846	0.478607661228	5	232	1	
157	0	5	step_1_no_load	1	2	1	486	
157	0	5	step_2_no_load	3	4	0.543908521457	0.576104915614	3	350	1	
157	0	6	step_1_no_load	1	2	1	291	
157	0	6	step_2_no_load	3	4	0.490454120702	0.603642866427	3	379	0	
157	0	7	step_1_no_load	1	2	1	253	
157	0	7	step_2_no_load	5	6	0.568656746487	0.500071913476	5	200	0	
157	0	8	step_1_no_load	1	2	2	471	
157	0	8	step_2_no_load	5	6	0.59128639594	0.489816616396	6	808	0	
157	0	9	step_1_no_load	1	2	1	278	
157	0	9	step_2_no_load	3	4	0.54429228266	0.641106877158	3	634	1	
157	0	10	step_1_no_load	1	2	1	264	
157	0	10	step_2_no_load	3	4	0.576063520885	0.636063269715	3	368	1	
157	0	11	step_1_no_load	1	2	1	261	
157	0	11	step_2_no_load	3	4	0.59022801242	0.609191465743	3	417	0	
157	0	12	step_1_no_load	1	2	1	297	
157	0	12	step_2_no_load	3	4	0.597131918027	0.552770607849	3	300	1	
157	0	13	step_1_no_load	1	2	1	273	
157	0	13	step_2_no_load	3	4	0.595790490356	0.558313135925	3	361	1	
157	0	14	step_1_no_load	1	2	1	343	
157	0	14	step_2_no_load	3	4	0.611256675753	0.545555696267	3	341	0	
157	0	15	step_1_no_load	1	2	1	304	
157	0	15	step_2_no_load	3	4	0.633564630036	0.570419113221	3	214	0	
157	0	16	step_1_no_load	1	2	2	468	
157	0	16	step_2_no_load	5	6	0.628091198119	0.510958036527	-1	-1	-1	
157	0	17	step_1_no_load	1	2	2	752	
157	0	17	step_2_no_load	3	4	0.643116883134	0.562895132605	4	435	1	
157	0	18	step_1_no_load	1	2	2	290	
157	0	18	step_2_no_load	5	6	0.626834332012	0.517514133912	6	211	1	
157	0	19	step_1_no_load	1	2	2	252	
157	0	19	step_2_no_load	5	6	0.619895761657	0.498240186199	6	208	1	
157	0	20	step_1_no_load	1	2	2	177	
157	0	20	step_2_no_load	3	4	0.60665343963	0.491720931314	4	183	1	
157	0	21	step_1_no_load	1	2	2	223	
157	0	21	step_2_no_load	3	4	0.611328949295	0.470207377245	4	197	0	
157	0	22	step_1_no_load	1	2	2	190	
157	0	22	step_2_no_load	5	6	0.621949894727	0.506100011497	6	190	1	
157	0	23	step_1_no_load	1	2	2	177	
157	0	23	step_2_no_load	5	6	0.640163623731	0.520606588181	6	230	1	
157	0	24	step_1_no_load	1	2	2	178	
157	0	24	step_2_no_load	3	4	0.5800912085	0.503316199018	4	30	1	
157	0	25	step_1_no_load	1	2	2	7	
157	0	25	step_2_no_load	5	6	0.565698722896	0.503316372362	6	379	0	
157	0	26	step_1_no_load	1	2	2	114	
157	0	26	step_2_no_load	5	6	0.592410219737	0.511744353778	6	240	1	
157	0	27	step_1_no_load	1	2	2	250	
157	0	27	step_2_no_load	3	4	0.642144756622	0.54756089792	4	219	1	
157	0	28	step_1_no_load	1	2	2	117	
157	0	28	step_2_no_load	3	4	0.647441527317	0.553259388875	4	209	0	
157	0	29	step_1_no_load	1	2	2	6	
157	0	29	step_2_no_load	3	4	0.618626354124	0.561957580386	4	172	1	
157	0	30	step_1_no_load	1	2	2	238	
157	0	30	step_2_no_load	3	4	0.610227092493	0.574272497114	4	222	1	
157	0	31	step_1_no_load	1	2	2	215	
157	0	31	step_2_no_load	5	6	0.636602545794	0.483156722265	6	175	0	
157	0	32	step_1_no_load	1	2	2	780	
157	0	32	step_2_no_load	5	6	0.634585171267	0.520318771114	6	398	0	
157	0	33	step_1_no_load	1	2	1	438	
157	0	33	step_2_no_load	3	4	0.618000238621	0.542309898544	4	892	1	
157	0	34	step_1_no_load	1	2	1	305	
157	0	34	step_2_no_load	3	4	0.670290552209	0.538523758058	4	221	0	
157	0	35	step_1_no_load	1	2	1	199	
157	0	35	step_2_no_load	3	4	0.649776015006	0.594167768198	3	366	0	
157	0	36	step_1_no_load	1	2	2	245	
157	0	36	step_2_no_load	5	6	0.527635087561	0.513210053121	6	235	0	
157	0	37	step_1_no_load	1	2	2	320	
157	0	37	step_2_no_load	3	4	0.660658056664	0.598446394142	3	287	1	
157	0	38	step_1_no_load	1	2	1	331	
157	0	38	step_2_no_load	5	6	0.539078491643	0.553931241266	6	1120	1	
157	0	39	step_1_no_load	1	2	1	279	
157	0	39	step_2_no_load	3	4	0.634483337633	0.610601635554	4	459	1	
157	0	40	step_1_no_load	1	2	1	273	
157	0	40	step_2_no_load	5	6	0.580760785074	0.5691386571	6	867	0	
157	0	41	step_1_no_load	1	2	1	369	
157	0	41	step_2_no_load	3	4	0.633285941184	0.588857868869	4	438	1	
157	0	42	step_1_no_load	1	2	1	286	
157	0	42	step_2_no_load	3	4	0.606696263624	0.609164606591	4	340	0	
157	0	43	step_1_no_load	1	2	1	396	
157	0	43	step_2_no_load	3	4	0.581931546759	0.612705031264	4	336	0	
157	0	44	step_1_no_load	1	2	2	213	
157	0	44	step_2_no_load	5	6	0.541854396676	0.537842745081	6	454	1	
157	0	45	step_1_no_load	1	2	2	226	
157	0	45	step_2_no_load	5	6	0.579346234508	0.5288039409	6	201	1	
157	0	46	step_1_no_load	1	2	2	245	
157	0	46	step_2_no_load	5	6	0.55511883717	0.532238720495	6	66	0	
157	0	47	step_1_no_load	1	2	2	46	
157	0	47	step_2_no_load	5	6	0.546259467838	0.493112702321	6	522	1	
157	0	48	step_1_no_load	1	2	2	274	
157	0	48	step_2_no_load	3	4	0.657624935632	0.615767119776	4	180	1	
157	0	49	step_1_no_load	1	2	2	106	
157	0	49	step_2_no_load	5	6	0.512405963374	0.489287375157	6	133	1	
157	0	50	step_1_no_load	1	2	2	19	
157	0	50	step_2_no_load	5	6	0.481616544184	0.47381367271	6	241	0	
157	0	51	step_1_no_load	1	2	2	248	
157	0	51	step_2_no_load	3	4	0.613357430892	0.564866799699	4	391	1	
157	0	52	step_1_no_load	1	2	2	247	
157	0	52	step_2_no_load	3	4	0.613408921915	0.539065404057	4	320	0	
157	0	53	step_1_no_load	1	2	2	43	
157	0	53	step_2_no_load	5	6	0.475342927439	0.451905460347	6	114	1	
157	0	54	step_1_no_load	1	2	2	321	
157	0	54	step_2_no_load	5	6	0.493362545513	0.491512498697	6	477	0	
157	0	55	step_1_no_load	1	2	2	222	
157	0	55	step_2_no_load	5	6	0.526704292526	0.487025527704	6	267	0	
157	0	56	step_1_no_load	1	2	1	307	
157	0	56	step_2_no_load	3	4	0.60038825769	0.601856598146	4	974	1	
157	0	57	step_1_no_load	1	2	1	321	
157	0	57	step_2_no_load	5	6	0.516475618243	0.466449077359	6	738	0	
157	0	58	step_1_no_load	1	2	1	262	
157	0	58	step_2_no_load	3	4	0.610896130115	0.664682809182	4	979	1	
157	0	59	step_1_no_load	1	2	1	229	
157	0	59	step_2_no_load	3	4	0.608951267756	0.632500293208	4	739	0	
157	0	60	step_1_no_load	1	2	1	252	
157	0	60	step_2_no_load	3	4	0.599559577859	0.623687406259	3	999	1	
157	0	61	step_1_no_load	1	2	1	384	
157	0	61	step_2_no_load	3	4	0.602879526975	0.669587072502	3	313	0	
157	0	62	step_1_no_load	1	2	2	281	
157	0	62	step_2_no_load	5	6	0.533031417444	0.50724109756	6	920	0	
157	0	63	step_1_no_load	1	2	1	662	
157	0	63	step_2_no_load	5	6	0.519445130796	0.53192660365	5	552	0	
157	0	64	step_1_no_load	1	2	1	0	
157	0	64	step_2_no_load	3	4	0.626149195169	0.642369708469	3	973	1	
157	0	65	step_1_no_load	1	2	1	1	
157	0	65	step_2_no_load	3	4	0.619953360065	0.612660225018	3	655	0	
157	0	66	step_1_no_load	1	2	1	243	
157	0	66	step_2_no_load	3	4	0.630357351236	0.606938648072	3	652	0	
157	0	67	step_1_no_load	1	2	1	454	
157	0	67	step_2_no_load	3	4	0.674463681351	0.597650193897	4	427	1	
157	0	68	step_1_no_load	1	2	2	1228	
157	0	68	step_2_no_load	3	4	0.719455209845	0.622963076372	4	647	1	
157	0	69	step_1_no_load	1	2	2	219	
157	0	69	step_2_no_load	3	4	0.718756538957	0.622221685203	4	183	0	
157	0	70	step_1_no_load	1	2	2	251	
157	0	70	step_2_no_load	5	6	0.548075770764	0.498834901463	5	1304	0	
157	0	71	step_1_no_load	1	2	2	235	
157	0	71	step_2_no_load	5	6	0.546215110045	0.482863323776	6	400	0	
157	0	72	step_1_no_load	1	2	2	265	
157	0	72	step_2_no_load	5	6	0.556486305476	0.47409116389	6	826	0	
157	0	73	step_1_no_load	1	2	1	338	
157	0	73	step_2_no_load	3	4	0.727961155836	0.657126403029	3	431	1	
157	0	74	step_1_no_load	1	2	1	199	
157	0	74	step_2_no_load	3	4	0.693624670847	0.614462146454	3	166	1	
157	0	75	step_1_no_load	1	2	1	227	
157	0	75	step_2_no_load	3	4	0.697629587097	0.615552849174	3	196	1	
157	0	76	step_1_no_load	1	2	1	233	
157	0	76	step_2_no_load	3	4	0.690117652944	0.62770291155	3	222	1	
157	0	77	step_1_no_load	1	2	1	244	
157	0	77	step_2_no_load	5	6	0.538119616568	0.446809557226	5	169	1	
157	0	78	step_1_no_load	1	2	1	235	
157	0	78	step_2_no_load	3	4	0.647586191228	0.536711448352	3	225	0	
157	0	79	step_1_no_load	1	2	1	252	
157	0	79	step_2_no_load	3	4	0.647841624544	0.513695512795	3	205	1	
157	0	80	step_1_no_load	1	2	1	12	
157	0	80	step_2_no_load	3	4	0.703969305517	0.518583383166	3	403	1	
157	0	81	step_1_no_load	1	2	1	93	
157	0	81	step_2_no_load	3	4	0.702400933084	0.529745690463	3	51	0	
157	0	82	step_1_no_load	1	2	1	245	
157	0	82	step_2_no_load	3	4	0.688340116885	0.564729328387	3	228	0	
157	0	83	step_1_no_load	1	2	1	265	
157	0	83	step_2_no_load	3	4	0.726885136842	0.607907985871	3	424	1	
157	0	84	step_1_no_load	1	2	1	291	
157	0	84	step_2_no_load	3	4	0.731466635793	0.65843840156	3	554	1	
157	0	85	step_1_no_load	1	2	1	347	
157	0	85	step_2_no_load	3	4	0.712989604416	0.692384972752	3	238	1	
157	0	86	step_1_no_load	1	2	1	119	
157	0	86	step_2_no_load	5	6	0.486462788728	0.345323068124	5	286	1	
157	0	87	step_1_no_load	1	2	1	247	
157	0	87	step_2_no_load	3	4	0.690012761069	0.719375344246	3	222	1	
157	0	88	step_1_no_load	1	2	1	252	
157	0	88	step_2_no_load	3	4	0.696773608304	0.717410082358	3	326	1	
157	0	89	step_1_no_load	1	2	1	261	
157	0	89	step_2_no_load	5	6	0.490019385174	0.415882489686	5	215	1	
157	0	90	step_1_no_load	1	2	1	313	
157	0	90	step_2_no_load	5	6	0.530126112124	0.411459496853	5	239	1	
157	0	91	step_1_no_load	1	2	1	184	
157	0	91	step_2_no_load	3	4	0.657820521772	0.685023809334	3	222	1	
157	0	92	step_1_no_load	1	2	1	193	
157	0	92	step_2_no_load	3	4	0.679381608313	0.692406274724	3	143	1	
157	0	93	step_1_no_load	1	2	1	357	
157	0	93	step_2_no_load	3	4	0.662863370634	0.70415710998	3	207	1	
157	0	94	step_1_no_load	1	2	1	279	
157	0	94	step_2_no_load	3	4	0.668295023896	0.719464414227	3	254	1	
157	0	95	step_1_no_load	1	2	1	380	
157	0	95	step_2_no_load	3	4	0.640209855442	0.715495469274	3	363	1	
157	0	96	step_1_no_load	1	2	1	247	
157	0	96	step_2_no_load	3	4	0.663095813561	0.693739812506	3	189	1	
157	0	97	step_1_no_load	1	2	1	211	
157	0	97	step_2_no_load	3	4	0.651202057411	0.681272614291	3	219	1	
157	0	98	step_1_no_load	1	2	1	245	
157	0	98	step_2_no_load	3	4	0.646040060297	0.70287861952	3	180	0	
157	0	99	step_1_no_load	1	2	1	0	
157	0	99	step_2_no_load	5	6	0.375249961522	0.397561363605	5	229	0	
157	0	100	step_1_no_load	1	2	1	259	
157	0	100	step_2_no_load	3	4	0.66579920021	0.666227451505	3	208	0	
157	0	101	step_1_no_load	1	2	1	149	
157	0	101	step_2_no_load	3	4	0.655903528958	0.623812401974	3	228	1	
157	0	102	step_1_no_load	1	2	1	325	
157	0	102	step_2_no_load	3	4	0.663124617603	0.666304534392	3	172	0	
157	0	103	step_1_no_load	1	2	1	1462	
157	0	103	step_2_no_load	3	4	0.69058998368	0.663997796029	3	491	0	
157	0	104	step_1_no_load	1	2	2	477	
157	0	104	step_2_no_load	5	6	0.303696146503	0.521047445908	-1	-1	-1	
157	0	105	step_1_no_load	1	2	2	299	
157	0	105	step_2_no_load	5	6	0.352639603242	0.514318365187	6	220	0	
157	0	106	step_1_no_load	1	2	2	236	
157	0	106	step_2_no_load	3	4	0.699623252899	0.712883638252	3	173	1	
157	0	107	step_1_no_load	1	2	2	213	
157	0	107	step_2_no_load	3	4	0.677514185929	0.692607431435	3	291	0	
157	0	108	step_1_no_load	1	2	1	28	
157	0	108	step_2_no_load	3	4	0.681491063126	0.695928523711	3	131	1	
157	0	109	step_1_no_load	1	2	1	235	
157	0	109	step_2_no_load	3	4	0.68658494263	0.71632547018	3	215	0	
157	0	110	step_1_no_load	1	2	1	5	
157	0	110	step_2_no_load	5	6	0.395544455384	0.432626681236	5	272	0	
157	0	111	step_1_no_load	1	2	1	154	
157	0	111	step_2_no_load	3	4	0.634599547742	0.724852671171	3	369	0	
157	0	112	step_1_no_load	1	2	1	114	
157	0	112	step_2_no_load	3	4	0.635252945963	0.725701866094	4	280	1	
157	0	113	step_1_no_load	1	2	1	54	
157	0	113	step_2_no_load	3	4	0.634627459817	0.719324307956	4	430	0	
157	0	114	step_1_no_load	1	2	1	6	
157	0	114	step_2_no_load	3	4	0.657654904272	0.718213323791	3	245	1	
157	0	115	step_1_no_load	1	2	1	209	
157	0	115	step_2_no_load	5	6	0.357661171116	0.390027643099	5	214	1	
157	0	116	step_1_no_load	1	2	1	37	
157	0	116	step_2_no_load	3	4	0.680124293449	0.706736514943	3	170	0	
157	0	117	step_1_no_load	1	2	1	261	
157	0	117	step_2_no_load	3	4	0.671842537277	0.747012267642	3	229	1	
157	0	118	step_1_no_load	1	2	1	193	
157	0	118	step_2_no_load	5	6	0.362977115924	0.357645851833	5	373	0	
157	0	119	step_1_no_load	1	2	1	173	
157	0	119	step_2_no_load	3	4	0.661177321751	0.690424535099	4	253	1	
157	0	120	step_1_no_load	1	2	1	280	
157	0	120	step_2_no_load	3	4	0.666433355915	0.70587238626	4	358	0	
157	0	121	step_1_no_load	1	2	1	285	
157	0	121	step_2_no_load	5	6	0.310775244958	0.352721767208	6	789	0	
157	0	122	step_1_no_load	1	2	1	76	
157	0	122	step_2_no_load	3	4	0.672193618854	0.6136886145	3	556	1	
157	0	123	step_1_no_load	1	2	1	249	
157	0	123	step_2_no_load	5	6	0.269780614928	0.337526896345	5	374	1	
157	0	124	step_1_no_load	1	2	1	289	
157	0	124	step_2_no_load	5	6	0.26095206597	0.309430836661	5	389	0	
157	0	125	step_1_no_load	1	2	1	7	
157	0	125	step_2_no_load	3	4	0.633566302563	0.559596800931	3	303	1	
157	0	126	step_1_no_load	1	2	1	251	
157	0	126	step_2_no_load	5	6	0.267206368684	0.300846667696	5	236	0	
157	0	127	step_1_no_load	1	2	1	200	
157	0	127	step_2_no_load	5	6	0.273483952592	0.274944938508	5	227	1	
157	0	128	step_1_no_load	1	2	1	345	
157	0	128	step_2_no_load	3	4	0.620672334996	0.636905534066	3	201	1	
157	0	129	step_1_no_load	1	2	1	137	
157	0	129	step_2_no_load	3	4	0.632682846317	0.685297910719	3	25	0	
157	0	130	step_1_no_load	1	2	1	214	
157	0	130	step_2_no_load	3	4	0.630285316669	0.682031489739	3	0	0	
157	0	131	step_1_no_load	1	2	1	334	
157	0	131	step_2_no_load	3	4	0.638450601212	0.678044920845	4	169	1	
157	0	132	step_1_no_load	1	2	1	255	
157	0	132	step_2_no_load	5	6	0.27986961048	0.315328810424	6	240	0	
157	0	133	step_1_no_load	1	2	1	680	
157	0	133	step_2_no_load	3	4	0.691649444281	0.617383991623	4	190	0	
157	0	134	step_1_no_load	1	2	1	253	
157	0	134	step_2_no_load	3	4	0.685529359147	0.621945110858	3	448	1	
157	0	135	step_1_no_load	1	2	1	835	
157	0	135	step_2_no_load	3	4	0.700779221781	0.593710006149	3	596	1	
157	0	136	step_1_no_load	1	2	1	74	
157	0	136	step_2_no_load	3	4	0.674914008636	0.597814413435	3	192	0	
157	0	137	step_1_no_load	1	2	1	264	
157	0	137	step_2_no_load	3	4	0.668540846495	0.605896884497	3	216	0	
157	0	138	step_1_no_load	1	2	1	198	
157	0	138	step_2_no_load	3	4	0.688182193337	0.63240964674	3	67	0	
157	0	139	step_1_no_load	1	2	2	511	
157	0	139	step_2_no_load	5	6	0.325611400511	0.323660750961	6	602	0	
157	0	140	step_1_no_load	1	2	2	286	
157	0	140	step_2_no_load	5	6	0.348740542008	0.328174526491	6	204	1	
157	0	141	step_1_no_load	1	2	2	244	
157	0	141	step_2_no_load	3	4	0.616803346728	0.711987889705	4	215	1	
157	0	142	step_1_no_load	1	2	2	63	
157	0	142	step_2_no_load	5	6	0.397052682821	0.304203281606	6	510	0	
157	0	143	step_1_no_load	1	2	2	62	
157	0	143	step_2_no_load	3	4	0.610219102298	0.661365099615	4	190	1	
157	0	144	step_1_no_load	1	2	2	109	
157	0	144	step_2_no_load	3	4	0.639347300184	0.626443722248	4	271	1	
157	0	145	step_1_no_load	1	2	2	96	
157	0	145	step_2_no_load	5	6	0.355256413269	0.266265924094	6	97	1	
157	0	146	step_1_no_load	1	2	2	83	
157	0	146	step_2_no_load	5	6	0.320877500969	0.257861956214	6	98	1	
157	0	147	step_1_no_load	1	2	2	311	
157	0	147	step_2_no_load	3	4	0.594861186319	0.647798886916	4	77	1	
157	0	148	step_1_no_load	1	2	2	223	
157	0	148	step_2_no_load	3	4	0.648050021239	0.619272702026	4	182	0	
157	0	149	step_1_no_load	1	2	2	228	
157	0	149	step_2_no_load	5	6	0.300290206122	0.269951834184	6	287	0	
157	0	150	step_1_no_load	1	2	2	495	
157	0	150	step_2_no_load	3	4	0.605912419156	0.575985663078	4	437	0	
157	0	151	step_1_no_load	1	2	2	54	
157	0	151	step_2_no_load	3	4	0.614159737668	0.59154759351	4	251	0	
157	0	152	step_1_no_load	1	2	2	262	
157	0	152	step_2_no_load	3	4	0.644204174791	0.595108765344	4	104	1	
157	0	153	step_1_no_load	1	2	2	125	
157	0	153	step_2_no_load	5	6	0.343622632154	0.309356532263	6	319	1	
157	0	154	step_1_no_load	1	2	2	153	
157	0	154	step_2_no_load	5	6	0.348349389262	0.316375537537	6	310	1	
157	0	155	step_1_no_load	1	2	2	142	
157	0	155	step_2_no_load	5	6	0.372188990474	0.296093457977	6	229	1	
157	0	156	step_1_no_load	1	2	2	205	
157	0	156	step_2_no_load	5	6	0.368378667812	0.32564867104	6	229	0	
157	0	157	step_1_no_load	1	2	2	133	
157	0	157	step_2_no_load	5	6	0.324728201487	0.350909357271	6	147	1	
157	0	158	step_1_no_load	1	2	2	343	
157	0	158	step_2_no_load	3	4	0.694270715354	0.532722108502	4	237	1	
157	0	159	step_1_no_load	1	2	2	127	
157	0	159	step_2_no_load	5	6	0.321150411254	0.413026375257	6	219	0	
157	0	160	step_1_no_load	1	2	1	564	
157	0	160	step_2_no_load	5	6	0.355992626298	0.415052912783	6	539	1	
157	0	161	step_1_no_load	1	2	1	216	
157	0	161	step_2_no_load	3	4	0.719896286569	0.516036498158	4	369	1	
157	0	162	step_1_no_load	1	2	1	197	
157	0	162	step_2_no_load	3	4	0.695144769903	0.566496468084	4	334	1	
157	0	163	step_1_no_load	1	2	1	216	
157	0	163	step_2_no_load	3	4	0.697095951435	0.5863391277	4	208	0	
157	0	164	step_1_no_load	1	2	1	181	
157	0	164	step_2_no_load	5	6	0.430844125626	0.432761720497	6	288	0	
157	0	165	step_1_no_load	1	2	1	241	
157	0	165	step_2_no_load	3	4	0.717506143195	0.538026607649	3	224	1	
157	0	166	step_1_no_load	1	2	1	236	
157	0	166	step_2_no_load	3	4	0.686594248975	0.549095060025	3	245	1	
157	0	167	step_1_no_load	1	2	1	234	
157	0	167	step_2_no_load	5	6	0.331115714939	0.38753671275	5	184	0	
157	0	168	step_1_no_load	1	2	1	200	
157	0	168	step_2_no_load	5	6	0.335777599654	0.400817642375	5	99	1	
157	0	169	step_1_no_load	1	2	1	254	
157	0	169	step_2_no_load	3	4	0.704981910944	0.586049140041	3	393	1	
157	0	170	step_1_no_load	1	2	1	174	
157	0	170	step_2_no_load	3	4	0.67334314737	0.57151385403	3	194	1	
157	0	171	step_1_no_load	1	2	1	292	
157	0	171	step_2_no_load	3	4	0.727248140829	0.553314431843	3	194	1	
157	0	172	step_1_no_load	1	2	1	16	
157	0	172	step_2_no_load	3	4	0.668669556875	0.519090471457	3	133	0	
157	0	173	step_1_no_load	1	2	1	445	
157	0	173	step_2_no_load	3	4	0.667027212577	0.484428109849	3	548	1	
157	0	174	step_1_no_load	1	2	1	228	
157	0	174	step_2_no_load	3	4	0.729877433725	0.472729524832	3	235	1	
157	0	175	step_1_no_load	1	2	1	221	
157	0	175	step_2_no_load	5	6	0.484825491933	0.426185553904	5	242	1	
157	0	176	step_1_no_load	1	2	1	227	
157	0	176	step_2_no_load	3	4	0.679250000396	0.474046874473	3	231	1	
157	0	177	step_1_no_load	1	2	1	6	
157	0	177	step_2_no_load	3	4	0.714070205704	0.501268576771	3	33	1	
157	0	178	step_1_no_load	1	2	1	397	
157	0	178	step_2_no_load	3	4	0.705993797498	0.493712351915	3	402	1	
157	0	179	step_1_no_load	1	2	1	222	
157	0	179	step_2_no_load	5	6	0.493565996034	0.324685418097	5	227	1	
157	0	180	step_1_no_load	1	2	1	7	
157	0	180	step_2_no_load	5	6	0.489345734128	0.341214611607	5	198	1	
157	0	181	step_1_no_load	1	2	1	242	
157	0	181	step_2_no_load	3	4	0.746910336326	0.508735114046	3	210	1	
157	0	182	step_1_no_load	1	2	1	71	
157	0	182	step_2_no_load	3	4	0.72717560423	0.506773281362	3	213	0	
157	0	183	step_1_no_load	1	2	1	234	
157	0	183	step_2_no_load	3	4	0.720388040749	0.502991759047	3	185	1	
157	0	184	step_1_no_load	1	2	1	5	
157	0	184	step_2_no_load	3	4	0.657291439324	0.460890977786	3	181	1	
157	0	185	step_1_no_load	1	2	1	227	
157	0	185	step_2_no_load	5	6	0.482228039858	0.362611152222	5	227	0	
157	0	186	step_1_no_load	1	2	1	46	
157	0	186	step_2_no_load	5	6	0.484672582719	0.332733011923	5	236	1	
157	0	187	step_1_no_load	1	2	1	216	
157	0	187	step_2_no_load	5	6	0.498596507669	0.328890769988	5	260	1	
157	0	188	step_1_no_load	1	2	1	287	
157	0	188	step_2_no_load	5	6	0.548350535247	0.291508050861	5	188	0	
157	0	189	step_1_no_load	1	2	1	73	
157	0	189	step_2_no_load	5	6	0.534753756004	0.285168135955	5	162	1	
157	0	190	step_1_no_load	1	2	1	235	
157	0	190	step_2_no_load	5	6	0.505820429042	0.304557739386	5	287	0	
157	0	191	step_1_no_load	1	2	2	431	
157	0	191	step_2_no_load	5	6	0.512103523931	0.318839908867	6	255	0	
157	0	192	step_1_no_load	1	2	2	192	
157	0	192	step_2_no_load	3	4	0.705517419189	0.450791310283	3	263	0	
157	0	193	step_1_no_load	1	2	1	203	
157	0	193	step_2_no_load	3	4	0.679792491164	0.440813209638	3	202	1	
157	0	194	step_1_no_load	1	2	1	197	
157	0	194	step_2_no_load	5	6	0.505359594715	0.342437174514	5	364	0	
157	0	195	step_1_no_load	1	2	1	101	
157	0	195	step_2_no_load	3	4	0.646280688878	0.466795336969	3	197	1	
157	0	196	step_1_no_load	1	2	1	302	
157	0	196	step_2_no_load	3	4	0.695101215304	0.421761207498	3	237	1	
157	0	197	step_1_no_load	1	2	1	195	
157	0	197	step_2_no_load	3	4	0.686552522522	0.422511153127	3	188	0	
157	0	198	step_1_no_load	1	2	1	192	
157	0	198	step_2_no_load	3	4	0.68660989813	0.397292432346	3	228	0	
157	0	199	step_1_no_load	1	2	1	229	
157	0	199	step_2_no_load	3	4	0.73697129762	0.39793773834	3	171	0	
157	0	200	step_1_no_load	1	2	1	338	
157	0	200	step_2_no_load	3	4	0.728996708473	0.372436949782	4	211	1	

Wed Jun 27 16:42:53 2018
