Sat Jun 30 15:29:15 2018	
158	0	1	step_1_no_load	1	2	1	1445	
158	0	1	step_2_no_load	3	4	0.594299910136	0.457620150462	3	1225	1	
158	0	2	step_1_no_load	1	2	1	642	
158	0	2	step_2_no_load	3	4	0.610961032466	0.474613197709	3	492	1	
158	0	3	step_1_no_load	1	2	1	545	
158	0	3	step_2_no_load	5	6	0.584197065669	0.516002945397	-1	-1	-1	
158	0	4	step_1_no_load	1	2	1	488	
158	0	4	step_2_no_load	3	4	0.564086293706	0.478607661228	3	1073	1	
158	0	5	step_1_no_load	1	2	1	491	
158	0	5	step_2_no_load	3	4	0.576104915614	0.495568760483	3	164	1	
158	0	6	step_1_no_load	1	2	1	432	
158	0	6	step_2_no_load	5	6	0.585722686883	0.490454120702	5	512	0	
158	0	7	step_1_no_load	1	2	1	432	
158	0	7	step_2_no_load	3	4	0.622642364361	0.500071913476	3	709	0	
158	0	8	step_1_no_load	1	2	1	416	
158	0	8	step_2_no_load	3	4	0.624210374623	0.489816616396	3	498	1	
158	0	9	step_1_no_load	1	2	1	441	
158	0	9	step_2_no_load	5	6	0.598049061473	0.54429228266	6	477	0	
158	0	10	step_1_no_load	1	2	1	644	
158	0	10	step_2_no_load	3	4	0.636063269715	0.482364178155	3	581	0	
158	0	11	step_1_no_load	1	2	1	412	
158	0	11	step_2_no_load	5	6	0.69163818036	0.59022801242	6	850	0	
158	0	12	step_1_no_load	1	2	1	415	
158	0	12	step_2_no_load	5	6	0.682786328054	0.597131918027	6	1102	0	
158	0	13	step_1_no_load	1	2	1	361	
158	0	13	step_2_no_load	5	6	0.653587098421	0.595790490356	5	1097	1	
158	0	14	step_1_no_load	1	2	1	507	
158	0	14	step_2_no_load	3	4	0.545555696267	0.491234392147	3	640	1	
158	0	15	step_1_no_load	1	2	1	542	
158	0	15	step_2_no_load	3	4	0.570419113221	0.505377237737	3	1163	1	
158	0	16	step_1_no_load	1	2	1	491	
158	0	16	step_2_no_load	5	6	0.628091198119	0.626326396372	6	1163	1	
158	0	17	step_1_no_load	1	2	1	486	
158	0	17	step_2_no_load	3	4	0.562895132605	0.535958400205	3	990	0	
158	0	18	step_1_no_load	1	2	1	458	
158	0	18	step_2_no_load	3	4	0.553554620302	0.517514133912	3	673	1	
158	0	19	step_1_no_load	1	2	1	484	
158	0	19	step_2_no_load	3	4	0.536502319591	0.498240186199	3	832	1	
158	0	20	step_1_no_load	1	2	1	525	
158	0	20	step_2_no_load	3	4	0.491720931314	0.478025448397	3	1254	1	
158	0	21	step_1_no_load	1	2	1	1335	
158	0	21	step_2_no_load	3	4	0.470207377245	0.49769376036	3	900	0	
158	0	22	step_1_no_load	1	2	1	317	
158	0	22	step_2_no_load	5	6	0.621949894727	0.618527126547	5	641	1	
158	0	23	step_1_no_load	1	2	1	346	
158	0	23	step_2_no_load	5	6	0.640163623731	0.604065470975	6	503	0	
158	0	24	step_1_no_load	1	2	1	413	
158	0	24	step_2_no_load	3	4	0.503316199018	0.505388876622	3	499	0	
158	0	25	step_1_no_load	1	2	1	360	
158	0	25	step_2_no_load	5	6	0.565698722896	0.629917901014	5	1225	1	
158	0	26	step_1_no_load	1	2	1	461	
158	0	26	step_2_no_load	3	4	0.532884212818	0.511744353778	3	538	0	
158	0	27	step_1_no_load	1	2	1	318	
158	0	27	step_2_no_load	5	6	0.57860777711	0.642144756622	-1	-1	-1	
158	0	28	step_1_no_load	1	2	1	509	
158	0	28	step_2_no_load	5	6	0.588356036098	0.647441527317	6	573	1	
158	0	29	step_1_no_load	1	2	1	322	
158	0	29	step_2_no_load	5	6	0.606613029227	0.618626354124	6	715	1	
158	0	30	step_1_no_load	1	2	1	339	
158	0	30	step_2_no_load	5	6	0.608245979832	0.610227092493	5	718	1	
158	0	31	step_1_no_load	1	2	1	672	
158	0	31	step_2_no_load	3	4	0.541819886458	0.483156722265	3	455	1	
158	0	32	step_1_no_load	1	2	1	298	
158	0	32	step_2_no_load	3	4	0.522993086096	0.520318771114	4	628	0	
158	0	33	step_1_no_load	1	2	1	359	
158	0	33	step_2_no_load	5	6	0.611700032906	0.618000238621	6	486	1	
158	0	34	step_1_no_load	1	2	1	460	
158	0	34	step_2_no_load	3	4	0.538523758058	0.454565258478	3	891	0	
158	0	35	step_1_no_load	1	2	1	305	
158	0	35	step_2_no_load	3	4	0.594167768198	0.491437207585	3	722	0	
158	0	36	step_1_no_load	1	2	1	313	
158	0	36	step_2_no_load	5	6	0.527635087561	0.661229326326	6	649	0	
158	0	37	step_1_no_load	1	2	1	366	
158	0	37	step_2_no_load	3	4	0.598446394142	0.543074626387	3	423	1	
158	0	38	step_1_no_load	1	2	1	383	
158	0	38	step_2_no_load	3	4	0.595113730206	0.553931241266	3	592	0	
158	0	39	step_1_no_load	1	2	1	469	
158	0	39	step_2_no_load	3	4	0.610601635554	0.578640235206	3	541	0	
158	0	40	step_1_no_load	1	2	1	634	
158	0	40	step_2_no_load	3	4	0.607992802154	0.5691386571	3	590	0	
158	0	41	step_1_no_load	1	2	1	401	
158	0	41	step_2_no_load	3	4	0.588857868869	0.583829055298	3	849	1	
158	0	42	step_1_no_load	1	2	1	464	
158	0	42	step_2_no_load	3	4	0.609164606591	0.553461946234	3	625	1	
158	0	43	step_1_no_load	1	2	1	564	
158	0	43	step_2_no_load	3	4	0.612705031264	0.548128010644	3	712	1	
158	0	44	step_1_no_load	1	2	1	608	
158	0	44	step_2_no_load	3	4	0.611481438855	0.537842745081	3	785	0	
158	0	45	step_1_no_load	1	2	1	323	
158	0	45	step_2_no_load	5	6	0.579346234508	0.620699591043	5	1059	0	
158	0	46	step_1_no_load	1	2	1	685	
158	0	46	step_2_no_load	5	6	0.55511883717	0.654261318712	6	621	1	
158	0	47	step_1_no_load	1	2	2	601	
158	0	47	step_2_no_load	3	4	0.598724660986	0.493112702321	4	785	0	
158	0	48	step_1_no_load	1	2	2	531	
158	0	48	step_2_no_load	5	6	0.534690828011	0.657624935632	5	814	1	
158	0	49	step_1_no_load	1	2	1	371	
158	0	49	step_2_no_load	3	4	0.610193185592	0.489287375157	3	652	0	
158	0	50	step_1_no_load	1	2	1	308	
158	0	50	step_2_no_load	5	6	0.481616544184	0.593458480934	6	653	0	
158	0	51	step_1_no_load	1	2	1	357	
158	0	51	step_2_no_load	3	4	0.564866799699	0.469943944943	3	477	1	
158	0	52	step_1_no_load	1	2	1	355	
158	0	52	step_2_no_load	3	4	0.539065404057	0.429622901875	4	1485	0	
158	0	53	step_1_no_load	1	2	1	488	
158	0	53	step_2_no_load	3	4	0.551457882502	0.451905460347	3	458	1	
158	0	54	step_1_no_load	1	2	1	498	
158	0	54	step_2_no_load	3	4	0.570223904064	0.491512498697	3	506	1	
158	0	55	step_1_no_load	1	2	2	659	
158	0	55	step_2_no_load	3	4	0.574045915747	0.487025527704	4	752	1	
158	0	56	step_1_no_load	1	2	1	632	
158	0	56	step_2_no_load	5	6	0.538512915562	0.60038825769	6	699	1	
158	0	57	step_1_no_load	1	2	1	447	
158	0	57	step_2_no_load	3	4	0.641849303307	0.466449077359	4	466	0	
158	0	58	step_1_no_load	1	2	1	410	
158	0	58	step_2_no_load	3	4	0.664682809182	0.478335218822	4	569	1	
158	0	59	step_1_no_load	1	2	1	440	
158	0	59	step_2_no_load	3	4	0.632500293208	0.480274332693	3	644	0	
158	0	60	step_1_no_load	1	2	1	501	
158	0	60	step_2_no_load	3	4	0.623687406259	0.491916707098	3	474	1	
158	0	61	step_1_no_load	1	2	1	404	
158	0	61	step_2_no_load	3	4	0.669587072502	0.464268875813	3	546	1	
158	0	62	step_1_no_load	1	2	1	512	
158	0	62	step_2_no_load	5	6	0.533031417444	0.622820395113	6	656	0	
158	0	63	step_1_no_load	1	2	1	341	
158	0	63	step_2_no_load	3	4	0.664284493458	0.53192660365	4	355	1	
158	0	64	step_1_no_load	1	2	1	350	
158	0	64	step_2_no_load	5	6	0.533849886794	0.626149195169	6	1264	1	
158	0	65	step_1_no_load	1	2	1	582	
158	0	65	step_2_no_load	3	4	0.612660225018	0.569109504048	3	670	0	
158	0	66	step_1_no_load	1	2	1	294	
158	0	66	step_2_no_load	3	4	0.606938648072	0.573761869714	4	444	1	
158	0	67	step_1_no_load	1	2	1	415	
158	0	67	step_2_no_load	5	6	0.538279387614	0.674463681351	5	1309	1	
158	0	68	step_1_no_load	1	2	1	624	
158	0	68	step_2_no_load	3	4	0.622963076372	0.509127161919	3	590	1	
158	0	69	step_1_no_load	1	2	1	470	
158	0	69	step_2_no_load	5	6	0.560462111264	0.718756538957	5	792	1	
158	0	70	step_1_no_load	1	2	1	391	
158	0	70	step_2_no_load	3	4	0.637556284465	0.498834901463	4	940	1	
158	0	71	step_1_no_load	1	2	1	484	
158	0	71	step_2_no_load	3	4	0.639174917797	0.482863323776	4	516	0	
158	0	72	step_1_no_load	1	2	1	335	
158	0	72	step_2_no_load	3	4	0.626024641967	0.47409116389	3	574	0	
158	0	73	step_1_no_load	1	2	1	661	
158	0	73	step_2_no_load	3	4	0.657126403029	0.435957313805	3	494	0	
158	0	74	step_1_no_load	1	2	1	393	
158	0	74	step_2_no_load	3	4	0.614462146454	0.453420386428	3	426	0	
158	0	75	step_1_no_load	1	2	1	503	
158	0	75	step_2_no_load	5	6	0.483983914712	0.697629587097	5	769	1	
158	0	76	step_1_no_load	1	2	1	369	
158	0	76	step_2_no_load	5	6	0.518881389358	0.690117652944	6	608	1	
158	0	77	step_1_no_load	1	2	1	377	
158	0	77	step_2_no_load	3	4	0.564257587118	0.446809557226	3	438	1	
158	0	78	step_1_no_load	1	2	1	462	
158	0	78	step_2_no_load	3	4	0.536711448352	0.435911167612	4	447	1	
158	0	79	step_1_no_load	1	2	1	360	
158	0	79	step_2_no_load	5	6	0.540085062695	0.647841624544	6	584	1	
158	0	80	step_1_no_load	1	2	1	439	
158	0	80	step_2_no_load	3	4	0.518583383166	0.396016175285	4	496	0	
158	0	81	step_1_no_load	1	2	1	336	
158	0	81	step_2_no_load	3	4	0.529745690463	0.419265522488	4	558	0	
158	0	82	step_1_no_load	1	2	1	368	
158	0	82	step_2_no_load	3	4	0.564729328387	0.395813831323	4	419	0	
158	0	83	step_1_no_load	1	2	1	364	
158	0	83	step_2_no_load	5	6	0.483255412498	0.726885136842	5	509	0	
158	0	84	step_1_no_load	1	2	1	327	
158	0	84	step_2_no_load	5	6	0.505586222209	0.731466635793	6	771	1	
158	0	85	step_1_no_load	1	2	1	379	
158	0	85	step_2_no_load	5	6	0.485785534744	0.712989604416	5	897	0	
158	0	86	step_1_no_load	1	2	1	434	
158	0	86	step_2_no_load	5	6	0.486462788728	0.721207648497	6	858	1	
158	0	87	step_1_no_load	1	2	1	464	
158	0	87	step_2_no_load	3	4	0.719375344246	0.40000499778	3	553	1	
158	0	88	step_1_no_load	1	2	1	524	
158	0	88	step_2_no_load	5	6	0.509563243675	0.696773608304	6	576	1	
158	0	89	step_1_no_load	1	2	1	451	
158	0	89	step_2_no_load	3	4	0.690772436485	0.415882489686	3	800	1	
158	0	90	step_1_no_load	1	2	1	520	
158	0	90	step_2_no_load	3	4	0.712247848046	0.411459496853	3	454	0	
158	0	91	step_1_no_load	1	2	1	444	
158	0	91	step_2_no_load	3	4	0.685023809334	0.43534164751	4	531	0	
158	0	92	step_1_no_load	1	2	1	348	
158	0	92	step_2_no_load	5	6	0.484260039873	0.679381608313	6	636	0	
158	0	93	step_1_no_load	1	2	1	306	
158	0	93	step_2_no_load	5	6	0.473273727684	0.662863370634	5	816	0	
158	0	94	step_1_no_load	1	2	1	276	
158	0	94	step_2_no_load	5	6	0.468637558205	0.668295023896	6	537	1	
158	0	95	step_1_no_load	1	2	1	441	
158	0	95	step_2_no_load	3	4	0.715495469274	0.427150666411	3	692	1	
158	0	96	step_1_no_load	1	2	1	687	
158	0	96	step_2_no_load	3	4	0.693739812506	0.383038640121	3	512	0	
158	0	97	step_1_no_load	1	2	1	336	
158	0	97	step_2_no_load	5	6	0.455601814112	0.651202057411	6	438	0	
158	0	98	step_1_no_load	1	2	1	290	
158	0	98	step_2_no_load	3	4	0.70287861952	0.409778171713	3	473	0	
158	0	99	step_1_no_load	1	2	1	320	
158	0	99	step_2_no_load	5	6	0.375249961522	0.645191748454	5	608	0	
158	0	100	step_1_no_load	1	2	1	22	
158	0	100	step_2_no_load	3	4	0.666227451505	0.4333505304	3	780	1	
158	0	101	step_1_no_load	1	2	1	353	
158	0	101	step_2_no_load	3	4	0.623812401974	0.497432607584	3	535	0	
158	0	102	step_1_no_load	1	2	1	345	
158	0	102	step_2_no_load	3	4	0.666304534392	0.494584754513	3	598	1	
158	0	103	step_1_no_load	1	2	1	481	
158	0	103	step_2_no_load	3	4	0.663997796029	0.481975449893	4	692	1	
158	0	104	step_1_no_load	1	2	1	421	
158	0	104	step_2_no_load	5	6	0.303696146503	0.743372642809	6	616	1	
158	0	105	step_1_no_load	1	2	1	336	
158	0	105	step_2_no_load	5	6	0.352639603242	0.722851301692	5	760	0	
158	0	106	step_1_no_load	1	2	1	367	
158	0	106	step_2_no_load	3	4	0.712883638252	0.508908032404	3	638	1	
158	0	107	step_1_no_load	1	2	1	390	
158	0	107	step_2_no_load	3	4	0.692607431435	0.565220528809	3	415	0	
158	0	108	step_1_no_load	1	2	1	298	
158	0	108	step_2_no_load	3	4	0.695928523711	0.526955028982	3	702	1	
158	0	109	step_1_no_load	1	2	1	295	
158	0	109	step_2_no_load	3	4	0.71632547018	0.479977531501	3	548	0	
158	0	110	step_1_no_load	1	2	1	279	
158	0	110	step_2_no_load	3	4	0.729599891941	0.432626681236	4	463	0	
158	0	111	step_1_no_load	1	2	1	290	
158	0	111	step_2_no_load	3	4	0.724852671171	0.384948378665	3	434	0	
158	0	112	step_1_no_load	1	2	1	307	
158	0	112	step_2_no_load	3	4	0.725701866094	0.392887565883	3	865	0	
158	0	113	step_1_no_load	1	2	1	458	
158	0	113	step_2_no_load	5	6	0.387112818105	0.634627459817	5	630	1	
158	0	114	step_1_no_load	1	2	1	285	
158	0	114	step_2_no_load	3	4	0.718213323791	0.380324086676	3	525	0	
158	0	115	step_1_no_load	1	2	1	454	
158	0	115	step_2_no_load	5	6	0.357661171116	0.645721217949	5	868	1	
158	0	116	step_1_no_load	1	2	1	447	
158	0	116	step_2_no_load	3	4	0.706736514943	0.378149844807	4	442	1	
158	0	117	step_1_no_load	1	2	1	372	
158	0	117	step_2_no_load	5	6	0.363056877927	0.671842537277	5	626	0	
158	0	118	step_1_no_load	1	2	1	293	
158	0	118	step_2_no_load	3	4	0.740051715856	0.357645851833	4	580	0	
158	0	119	step_1_no_load	1	2	1	419	
158	0	119	step_2_no_load	3	4	0.690424535099	0.357515098446	3	455	0	
158	0	120	step_1_no_load	1	2	1	372	
158	0	120	step_2_no_load	3	4	0.70587238626	0.370150243662	3	362	1	
158	0	121	step_1_no_load	1	2	1	489	
158	0	121	step_2_no_load	5	6	0.310775244958	0.671052306195	5	444	0	
158	0	122	step_1_no_load	1	2	1	357	
158	0	122	step_2_no_load	3	4	0.6136886145	0.329624572119	3	566	0	
158	0	123	step_1_no_load	1	2	1	343	
158	0	123	step_2_no_load	3	4	0.583607229978	0.337526896345	3	434	1	
158	0	124	step_1_no_load	1	2	1	283	
158	0	124	step_2_no_load	3	4	0.603013298253	0.309430836661	4	618	0	
158	0	125	step_1_no_load	1	2	1	256	
158	0	125	step_2_no_load	3	4	0.559596800931	0.303110862715	3	536	0	
158	0	126	step_1_no_load	1	2	1	249	
158	0	126	step_2_no_load	3	4	0.537863824328	0.300846667696	3	781	0	
158	0	127	step_1_no_load	1	2	1	240	
158	0	127	step_2_no_load	3	4	0.560824094575	0.274944938508	3	733	0	
158	0	128	step_1_no_load	1	2	1	367	
158	0	128	step_2_no_load	3	4	0.636905534066	0.250790232267	3	715	1	
158	0	129	step_1_no_load	1	2	1	1498	
158	0	129	step_2_no_load	3	4	0.685297910719	0.271709703542	3	1331	1	
158	0	130	step_1_no_load	1	2	1	590	
158	0	130	step_2_no_load	3	4	0.682031489739	0.274560758494	3	860	1	
158	0	131	step_1_no_load	1	2	1	476	
158	0	131	step_2_no_load	3	4	0.678044920845	0.311475039155	3	717	1	
158	0	132	step_1_no_load	1	2	1	479	
158	0	132	step_2_no_load	3	4	0.668578020634	0.315328810424	4	826	0	
158	0	133	step_1_no_load	1	2	1	292	
158	0	133	step_2_no_load	3	4	0.617383991623	0.312642735495	3	594	1	
158	0	134	step_1_no_load	1	2	1	380	
158	0	134	step_2_no_load	3	4	0.621945110858	0.302839427162	3	526	1	
158	0	135	step_1_no_load	1	2	1	635	
158	0	135	step_2_no_load	5	6	0.300079459047	0.700779221781	6	510	1	
158	0	136	step_1_no_load	1	2	1	597	
158	0	136	step_2_no_load	5	6	0.307766925452	0.674914008636	5	938	0	
158	0	137	step_1_no_load	1	2	1	466	
158	0	137	step_2_no_load	3	4	0.605896884497	0.325016613024	3	551	1	
158	0	138	step_1_no_load	1	2	1	470	
158	0	138	step_2_no_load	3	4	0.63240964674	0.307694123906	3	639	1	
158	0	139	step_1_no_load	1	2	1	816	
158	0	139	step_2_no_load	3	4	0.636630981281	0.323660750961	3	685	1	
158	0	140	step_1_no_load	1	2	2	468	
158	0	140	step_2_no_load	5	6	0.348740542008	0.637682840728	5	941	0	
158	0	141	step_1_no_load	1	2	1	591	
158	0	141	step_2_no_load	5	6	0.390227133375	0.616803346728	6	527	1	
158	0	142	step_1_no_load	1	2	1	533	
158	0	142	step_2_no_load	5	6	0.397052682821	0.627356259123	5	895	0	
158	0	143	step_1_no_load	1	2	1	473	
158	0	143	step_2_no_load	3	4	0.661365099615	0.313516825296	3	554	0	
158	0	144	step_1_no_load	1	2	1	328	
158	0	144	step_2_no_load	3	4	0.626443722248	0.275932517017	4	474	0	
158	0	145	step_1_no_load	1	2	1	298	
158	0	145	step_2_no_load	3	4	0.6669125229	0.266265924094	4	263	1	
158	0	146	step_1_no_load	1	2	1	455	
158	0	146	step_2_no_load	3	4	0.681611991725	0.257861956214	4	416	0	
158	0	147	step_1_no_load	1	2	1	347	
158	0	147	step_2_no_load	3	4	0.647798886916	0.265578160642	4	394	1	
158	0	148	step_1_no_load	1	2	1	338	
158	0	148	step_2_no_load	3	4	0.619272702026	0.305288021243	4	279	0	
158	0	149	step_1_no_load	1	2	1	285	
158	0	149	step_2_no_load	3	4	0.601870110183	0.269951834184	3	297	0	
158	0	150	step_1_no_load	1	2	1	335	
158	0	150	step_2_no_load	5	6	0.306860041627	0.605912419156	6	757	1	
158	0	151	step_1_no_load	1	2	1	391	
158	0	151	step_2_no_load	3	4	0.59154759351	0.348172164421	3	490	0	
158	0	152	step_1_no_load	1	2	1	470	
158	0	152	step_2_no_load	3	4	0.595108765344	0.307702500543	3	381	0	
158	0	153	step_1_no_load	1	2	1	315	
158	0	153	step_2_no_load	3	4	0.613336203392	0.309356532263	4	286	0	
158	0	154	step_1_no_load	1	2	1	401	
158	0	154	step_2_no_load	3	4	0.638934099562	0.316375537537	3	698	1	
158	0	155	step_1_no_load	1	2	1	516	
158	0	155	step_2_no_load	3	4	0.632486591889	0.296093457977	3	582	1	
158	0	156	step_1_no_load	1	2	2	786	
158	0	156	step_2_no_load	5	6	0.368378667812	0.734436160799	6	489	1	
158	0	157	step_1_no_load	1	2	1	325	
158	0	157	step_2_no_load	5	6	0.324728201487	0.720725456325	6	636	1	
158	0	158	step_1_no_load	1	2	1	705	
158	0	158	step_2_no_load	3	4	0.532722108502	0.408728803896	4	1038	0	
158	0	159	step_1_no_load	1	2	1	344	
158	0	159	step_2_no_load	5	6	0.321150411254	0.697903160072	6	699	1	
158	0	160	step_1_no_load	1	2	1	518	
158	0	160	step_2_no_load	5	6	0.355992626298	0.710728171711	5	1074	0	
158	0	161	step_1_no_load	1	2	1	286	
158	0	161	step_2_no_load	3	4	0.516036498158	0.407025633682	4	590	1	
158	0	162	step_1_no_load	1	2	1	339	
158	0	162	step_2_no_load	3	4	0.566496468084	0.3926701003	3	410	1	
158	0	163	step_1_no_load	1	2	1	395	
158	0	163	step_2_no_load	3	4	0.5863391277	0.395221309311	4	368	0	
158	0	164	step_1_no_load	1	2	1	450	
158	0	164	step_2_no_load	3	4	0.585961845322	0.432761720497	4	472	1	
158	0	165	step_1_no_load	1	2	1	458	
158	0	165	step_2_no_load	5	6	0.347974240867	0.717506143195	5	423	0	
158	0	166	step_1_no_load	1	2	1	306	
158	0	166	step_2_no_load	5	6	0.356317216644	0.686594248975	6	634	1	
158	0	167	step_1_no_load	1	2	1	359	
158	0	167	step_2_no_load	3	4	0.585131062446	0.38753671275	4	381	1	
158	0	168	step_1_no_load	1	2	1	344	
158	0	168	step_2_no_load	3	4	0.613361520676	0.400817642375	3	402	1	
158	0	169	step_1_no_load	1	2	1	319	
158	0	169	step_2_no_load	3	4	0.586049140041	0.42098542374	3	656	1	
158	0	170	step_1_no_load	1	2	1	435	
158	0	170	step_2_no_load	5	6	0.364989630435	0.67334314737	5	866	0	
158	0	171	step_1_no_load	1	2	1	326	
158	0	171	step_2_no_load	3	4	0.553314431843	0.386979310814	3	430	0	
158	0	172	step_1_no_load	1	2	1	365	
158	0	172	step_2_no_load	3	4	0.519090471457	0.363617002148	3	791	0	
158	0	173	step_1_no_load	1	2	1	375	
158	0	173	step_2_no_load	3	4	0.484428109849	0.385349297983	3	415	1	
158	0	174	step_1_no_load	1	2	1	373	
158	0	174	step_2_no_load	3	4	0.472729524832	0.387867297446	3	487	0	
158	0	175	step_1_no_load	1	2	1	285	
158	0	175	step_2_no_load	3	4	0.52644949356	0.426185553904	3	491	1	
158	0	176	step_1_no_load	1	2	1	288	
158	0	176	step_2_no_load	5	6	0.500856457218	0.679250000396	6	717	1	
158	0	177	step_1_no_load	1	2	1	347	
158	0	177	step_2_no_load	3	4	0.501268576771	0.357425668099	3	387	1	
158	0	178	step_1_no_load	1	2	1	391	
158	0	178	step_2_no_load	3	4	0.493712351915	0.36473828006	4	477	1	
158	0	179	step_1_no_load	1	2	1	339	
158	0	179	step_2_no_load	3	4	0.457298770028	0.324685418097	3	495	0	
158	0	180	step_1_no_load	1	2	1	342	
158	0	180	step_2_no_load	3	4	0.482853857291	0.341214611607	3	444	1	
158	0	181	step_1_no_load	1	2	1	353	
158	0	181	step_2_no_load	3	4	0.508735114046	0.342402764747	3	524	0	
158	0	182	step_1_no_load	1	2	1	252	
158	0	182	step_2_no_load	3	4	0.506773281362	0.340533666308	4	510	0	
158	0	183	step_1_no_load	1	2	1	364	
158	0	183	step_2_no_load	3	4	0.502991759047	0.350175837802	3	477	0	
158	0	184	step_1_no_load	1	2	1	260	
158	0	184	step_2_no_load	3	4	0.460890977786	0.362743255194	3	415	0	
158	0	185	step_1_no_load	1	2	1	216	
158	0	185	step_2_no_load	3	4	0.479703516092	0.362611152222	3	443	0	
158	0	186	step_1_no_load	1	2	1	102	
158	0	186	step_2_no_load	3	4	0.46870859828	0.332733011923	3	396	1	
158	0	187	step_1_no_load	1	2	1	280	
158	0	187	step_2_no_load	3	4	0.443962917772	0.328890769988	3	474	0	
158	0	188	step_1_no_load	1	2	1	371	
158	0	188	step_2_no_load	3	4	0.471319680586	0.291508050861	4	488	0	
158	0	189	step_1_no_load	1	2	1	249	
158	0	189	step_2_no_load	3	4	0.448897869069	0.285168135955	3	497	0	
158	0	190	step_1_no_load	1	2	1	266	
158	0	190	step_2_no_load	5	6	0.505820429042	0.667655825994	6	389	1	
158	0	191	step_1_no_load	1	2	1	328	
158	0	191	step_2_no_load	3	4	0.435748387321	0.318839908867	3	492	0	
158	0	192	step_1_no_load	1	2	1	277	
158	0	192	step_2_no_load	5	6	0.493851022417	0.705517419189	5	275	1	
158	0	193	step_1_no_load	1	2	1	363	
158	0	193	step_2_no_load	3	4	0.440813209638	0.321008037746	3	471	0	
158	0	194	step_1_no_load	1	2	1	661	
158	0	194	step_2_no_load	3	4	0.433250459893	0.342437174514	3	471	0	
158	0	195	step_1_no_load	1	2	1	270	
158	0	195	step_2_no_load	3	4	0.466795336969	0.348571348505	3	327	1	
158	0	196	step_1_no_load	1	2	1	321	
158	0	196	step_2_no_load	3	4	0.421761207498	0.365373286058	3	446	1	
158	0	197	step_1_no_load	1	2	1	336	
158	0	197	step_2_no_load	3	4	0.422511153127	0.316987700969	4	338	0	
158	0	198	step_1_no_load	1	2	1	340	
158	0	198	step_2_no_load	5	6	0.485065498391	0.68660989813	6	859	1	
158	0	199	step_1_no_load	1	2	1	403	
158	0	199	step_2_no_load	3	4	0.39793773834	0.292861528884	3	808	0	
158	0	200	step_1_no_load	1	2	1	330	
158	0	200	step_2_no_load	3	4	0.372436949782	0.299128796668	3	243	0	

Sat Jun 30 15:48:35 2018
