Tue Jul  3 15:35:20 2018	
160	0	1	step_1_no_load	1	2	1	630	
160	0	1	step_2_no_load	3	4	0.598297890399	0.511789129507	3	639	1	
160	0	2	step_1_no_load	1	2	2	617	
160	0	2	step_2_no_load	5	6	0.610961032466	0.474613197709	6	492	1	
160	0	3	step_1_no_load	1	2	2	455	
160	0	3	step_2_no_load	3	4	0.584197065669	0.516002945397	4	489	0	
160	0	4	step_1_no_load	1	2	2	395	
160	0	4	step_2_no_load	5	6	0.564086293706	0.478607661228	6	395	1	
160	0	5	step_1_no_load	1	2	2	379	
160	0	5	step_2_no_load	5	6	0.576104915614	0.495568760483	5	452	0	
160	0	6	step_1_no_load	1	2	1	380	
160	0	6	step_2_no_load	3	4	0.585722686883	0.490454120702	3	702	1	
160	0	7	step_1_no_load	1	2	1	577	
160	0	7	step_2_no_load	3	4	0.568656746487	0.506408070053	3	416	1	
160	0	8	step_1_no_load	1	2	1	280	
160	0	8	step_2_no_load	3	4	0.59128639594	0.499203529332	3	528	1	
160	0	9	step_1_no_load	1	2	1	265	
160	0	9	step_2_no_load	3	4	0.598049061473	0.54429228266	3	354	1	
160	0	10	step_1_no_load	1	2	1	386	
160	0	10	step_2_no_load	3	4	0.652626043146	0.576063520885	3	570	1	
160	0	11	step_1_no_load	1	2	1	407	
160	0	11	step_2_no_load	3	4	0.69163818036	0.59022801242	3	637	1	
160	0	12	step_1_no_load	1	2	1	391	
160	0	12	step_2_no_load	5	6	0.552770607849	0.48457206759	6	1138	1	
160	0	13	step_1_no_load	1	2	1	375	
160	0	13	step_2_no_load	3	4	0.653587098421	0.595790490356	3	393	0	
160	0	14	step_1_no_load	1	2	1	288	
160	0	14	step_2_no_load	5	6	0.545555696267	0.491234392147	5	422	0	
160	0	15	step_1_no_load	1	2	1	371	
160	0	15	step_2_no_load	5	6	0.570419113221	0.505377237737	6	677	0	
160	0	16	step_1_no_load	1	2	1	561	
160	0	16	step_2_no_load	3	4	0.628091198119	0.626326396372	3	379	1	
160	0	17	step_1_no_load	1	2	2	729	
160	0	17	step_2_no_load	5	6	0.562895132605	0.535958400205	6	382	1	
160	0	18	step_1_no_load	1	2	2	334	
160	0	18	step_2_no_load	3	4	0.626834332012	0.626895526976	4	374	0	
160	0	19	step_1_no_load	1	2	2	404	
160	0	19	step_2_no_load	3	4	0.619895761657	0.644773170243	3	721	1	
160	0	20	step_1_no_load	1	2	1	363	
160	0	20	step_2_no_load	5	6	0.491720931314	0.478025448397	5	886	1	
160	0	21	step_1_no_load	1	2	1	568	
160	0	21	step_2_no_load	3	4	0.630305464549	0.611328949295	3	905	1	
160	0	22	step_1_no_load	1	2	1	692	
160	0	22	step_2_no_load	5	6	0.468700882609	0.506100011497	6	823	0	
160	0	23	step_1_no_load	1	2	1	568	
160	0	23	step_2_no_load	3	4	0.640163623731	0.604065470975	3	615	0	
160	0	24	step_1_no_load	1	2	2	639	
160	0	24	step_2_no_load	5	6	0.503316199018	0.505388876622	6	460	1	
160	0	25	step_1_no_load	1	2	2	394	
160	0	25	step_2_no_load	5	6	0.503605105412	0.503316372362	6	456	0	
160	0	26	step_1_no_load	1	2	2	376	
160	0	26	step_2_no_load	5	6	0.532884212818	0.511744353778	6	374	0	
160	0	27	step_1_no_load	1	2	2	378	
160	0	27	step_2_no_load	5	6	0.54756089792	0.507272671939	6	348	1	
160	0	28	step_1_no_load	1	2	2	335	
160	0	28	step_2_no_load	3	4	0.588356036098	0.647441527317	4	434	1	
160	0	29	step_1_no_load	1	2	1	295	
160	0	29	step_2_no_load	5	6	0.561957580386	0.521159009103	5	416	1	
160	0	30	step_1_no_load	1	2	1	360	
160	0	30	step_2_no_load	5	6	0.574272497114	0.4919199548	5	306	1	
160	0	31	step_1_no_load	1	2	1	367	
160	0	31	step_2_no_load	3	4	0.636602545794	0.606122691795	-1	-1	-1	
160	0	32	step_1_no_load	1	2	1	401	
160	0	32	step_2_no_load	3	4	0.634585171267	0.605616211083	3	695	1	
160	0	33	step_1_no_load	1	2	2	571	
160	0	33	step_2_no_load	3	4	0.611700032906	0.618000238621	4	389	0	
160	0	34	step_1_no_load	1	2	2	431	
160	0	34	step_2_no_load	5	6	0.538523758058	0.454565258478	6	413	1	
160	0	35	step_1_no_load	1	2	1	358	
160	0	35	step_2_no_load	3	4	0.566827313385	0.649776015006	3	1009	0	
160	0	36	step_1_no_load	1	2	1	426	
160	0	36	step_2_no_load	3	4	0.527635087561	0.661229326326	3	370	0	
160	0	37	step_1_no_load	1	2	1	272	
160	0	37	step_2_no_load	3	4	0.513822304161	0.660658056664	3	349	0	
160	0	38	step_1_no_load	1	2	1	455	
160	0	38	step_2_no_load	3	4	0.539078491643	0.651263699161	3	329	1	
160	0	39	step_1_no_load	1	2	1	1	
160	0	39	step_2_no_load	5	6	0.610601635554	0.578640235206	6	414	0	
160	0	40	step_1_no_load	1	2	1	264	
160	0	40	step_2_no_load	5	6	0.607992802154	0.5691386571	5	339	0	
160	0	41	step_1_no_load	1	2	1	400	
160	0	41	step_2_no_load	3	4	0.524862294848	0.633285941184	4	401	0	
160	0	42	step_1_no_load	1	2	1	300	
160	0	42	step_2_no_load	3	4	0.533857158543	0.606696263624	4	475	0	
160	0	43	step_1_no_load	1	2	1	287	
160	0	43	step_2_no_load	3	4	0.553703096215	0.581931546759	3	398	1	
160	0	44	step_1_no_load	1	2	2	273	
160	0	44	step_2_no_load	3	4	0.541854396676	0.589653131867	3	568	0	
160	0	45	step_1_no_load	1	2	2	445	
160	0	45	step_2_no_load	5	6	0.632991467829	0.5288039409	6	455	0	
160	0	46	step_1_no_load	1	2	2	1006	
160	0	46	step_2_no_load	3	4	0.55511883717	0.654261318712	4	366	0	
160	0	47	step_1_no_load	1	2	2	342	
160	0	47	step_2_no_load	5	6	0.598724660986	0.493112702321	6	567	0	
160	0	48	step_1_no_load	1	2	1	322	
160	0	48	step_2_no_load	3	4	0.534690828011	0.657624935632	3	345	0	
160	0	49	step_1_no_load	1	2	1	360	
160	0	49	step_2_no_load	3	4	0.512405963374	0.614679490594	3	553	1	
160	0	50	step_1_no_load	1	2	1	538	
160	0	50	step_2_no_load	5	6	0.606862017918	0.47381367271	6	466	1	
160	0	51	step_1_no_load	1	2	2	508	
160	0	51	step_2_no_load	5	6	0.564866799699	0.469943944943	6	882	1	
160	0	52	step_1_no_load	1	2	1	334	
160	0	52	step_2_no_load	3	4	0.513589895419	0.613408921915	3	454	1	
160	0	53	step_1_no_load	1	2	1	327	
160	0	53	step_2_no_load	3	4	0.475342927439	0.630956764252	3	311	1	
160	0	54	step_1_no_load	1	2	2	584	
160	0	54	step_2_no_load	5	6	0.570223904064	0.491512498697	6	534	1	
160	0	55	step_1_no_load	1	2	2	356	
160	0	55	step_2_no_load	5	6	0.574045915747	0.487025527704	6	437	1	
160	0	56	step_1_no_load	1	2	1	239	
160	0	56	step_2_no_load	3	4	0.538512915562	0.60038825769	3	467	1	
160	0	57	step_1_no_load	1	2	1	272	
160	0	57	step_2_no_load	3	4	0.516475618243	0.586335094239	3	399	0	
160	0	58	step_1_no_load	1	2	1	269	
160	0	58	step_2_no_load	3	4	0.528376440027	0.610896130115	3	372	0	
160	0	59	step_1_no_load	1	2	2	227	
160	0	59	step_2_no_load	5	6	0.632500293208	0.480274332693	6	468	0	
160	0	60	step_1_no_load	1	2	2	215	
160	0	60	step_2_no_load	3	4	0.479287247283	0.599559577859	3	796	1	
160	0	61	step_1_no_load	1	2	2	411	
160	0	61	step_2_no_load	3	4	0.527144452559	0.602879526975	3	614	1	
160	0	62	step_1_no_load	1	2	1	349	
160	0	62	step_2_no_load	3	4	0.533031417444	0.622820395113	3	570	0	
160	0	63	step_1_no_load	1	2	1	267	
160	0	63	step_2_no_load	5	6	0.664284493458	0.53192660365	5	426	1	
160	0	64	step_1_no_load	1	2	1	308	
160	0	64	step_2_no_load	3	4	0.533849886794	0.626149195169	3	293	0	
160	0	65	step_1_no_load	1	2	1	327	
160	0	65	step_2_no_load	5	6	0.612660225018	0.569109504048	5	220	1	
160	0	66	step_1_no_load	1	2	2	288	
160	0	66	step_2_no_load	3	4	0.555324764318	0.630357351236	4	477	1	
160	0	67	step_1_no_load	1	2	2	422	
160	0	67	step_2_no_load	3	4	0.538279387614	0.674463681351	4	557	1	
160	0	68	step_1_no_load	1	2	1	463	
160	0	68	step_2_no_load	5	6	0.622963076372	0.509127161919	5	539	1	
160	0	69	step_1_no_load	1	2	2	335	
160	0	69	step_2_no_load	5	6	0.622221685203	0.499137600991	5	433	1	
160	0	70	step_1_no_load	1	2	2	410	
160	0	70	step_2_no_load	5	6	0.637556284465	0.498834901463	6	273	1	
160	0	71	step_1_no_load	1	2	2	212	
160	0	71	step_2_no_load	5	6	0.639174917797	0.482863323776	6	333	1	
160	0	72	step_1_no_load	1	2	2	368	
160	0	72	step_2_no_load	3	4	0.556486305476	0.705884789502	4	339	0	
160	0	73	step_1_no_load	1	2	2	236	
160	0	73	step_2_no_load	5	6	0.657126403029	0.435957313805	6	404	1	
160	0	74	step_1_no_load	1	2	1	408	
160	0	74	step_2_no_load	3	4	0.491044983779	0.693624670847	3	428	0	
160	0	75	step_1_no_load	1	2	1	437	
160	0	75	step_2_no_load	3	4	0.483983914712	0.697629587097	3	495	0	
160	0	76	step_1_no_load	1	2	1	442	
160	0	76	step_2_no_load	5	6	0.62770291155	0.488583631821	5	700	0	
160	0	77	step_1_no_load	1	2	1	447	
160	0	77	step_2_no_load	5	6	0.564257587118	0.446809557226	5	315	0	
160	0	78	step_1_no_load	1	2	1	307	
160	0	78	step_2_no_load	5	6	0.536711448352	0.435911167612	6	695	1	
160	0	79	step_1_no_load	1	2	1	515	
160	0	79	step_2_no_load	3	4	0.540085062695	0.647841624544	3	768	1	
160	0	80	step_1_no_load	1	2	2	600	
160	0	80	step_2_no_load	5	6	0.518583383166	0.396016175285	6	487	1	
160	0	81	step_1_no_load	1	2	2	438	
160	0	81	step_2_no_load	5	6	0.529745690463	0.419265522488	6	451	0	
160	0	82	step_1_no_load	1	2	2	334	
160	0	82	step_2_no_load	5	6	0.564729328387	0.395813831323	6	413	1	
160	0	83	step_1_no_load	1	2	2	535	
160	0	83	step_2_no_load	5	6	0.607907985871	0.382772464038	5	296	1	
160	0	84	step_1_no_load	1	2	2	313	
160	0	84	step_2_no_load	5	6	0.65843840156	0.385087938645	6	396	1	
160	0	85	step_1_no_load	1	2	2	477	
160	0	85	step_2_no_load	5	6	0.692384972752	0.384458259121	5	575	0	
160	0	86	step_1_no_load	1	2	2	383	
160	0	86	step_2_no_load	5	6	0.691782850001	0.345323068124	6	350	1	
160	0	87	step_1_no_load	1	2	2	466	
160	0	87	step_2_no_load	5	6	0.719375344246	0.40000499778	6	405	1	
160	0	88	step_1_no_load	1	2	1	450	
160	0	88	step_2_no_load	3	4	0.509563243675	0.696773608304	3	637	1	
160	0	89	step_1_no_load	1	2	2	322	
160	0	89	step_2_no_load	5	6	0.690772436485	0.415882489686	6	552	0	
160	0	90	step_1_no_load	1	2	2	238	
160	0	90	step_2_no_load	5	6	0.712247848046	0.411459496853	6	545	1	
160	0	91	step_1_no_load	1	2	2	308	
160	0	91	step_2_no_load	5	6	0.685023809334	0.43534164751	6	504	1	
160	0	92	step_1_no_load	1	2	2	529	
160	0	92	step_2_no_load	3	4	0.484260039873	0.679381608313	3	674	1	
160	0	93	step_1_no_load	1	2	1	523	
160	0	93	step_2_no_load	3	4	0.473273727684	0.662863370634	3	333	1	
160	0	94	step_1_no_load	1	2	1	300	
160	0	94	step_2_no_load	3	4	0.468637558205	0.668295023896	3	491	1	
160	0	95	step_1_no_load	1	2	2	387	
160	0	95	step_2_no_load	5	6	0.715495469274	0.427150666411	6	556	0	
160	0	96	step_1_no_load	1	2	2	505	
160	0	96	step_2_no_load	3	4	0.437558890646	0.663095813561	3	792	0	
160	0	97	step_1_no_load	1	2	1	294	
160	0	97	step_2_no_load	3	4	0.455601814112	0.651202057411	3	334	1	
160	0	98	step_1_no_load	1	2	1	413	
160	0	98	step_2_no_load	3	4	0.431479829356	0.646040060297	3	483	0	
160	0	99	step_1_no_load	1	2	1	397	
160	0	99	step_2_no_load	3	4	0.375249961522	0.645191748454	3	326	1	
160	0	100	step_1_no_load	1	2	2	211	
160	0	100	step_2_no_load	5	6	0.666227451505	0.4333505304	6	389	1	
160	0	101	step_1_no_load	1	2	1	233	
160	0	101	step_2_no_load	3	4	0.366879421891	0.655903528958	3	582	1	
160	0	102	step_1_no_load	1	2	2	329	
160	0	102	step_2_no_load	5	6	0.666304534392	0.494584754513	6	518	1	
160	0	103	step_1_no_load	1	2	1	444	
160	0	103	step_2_no_load	3	4	0.322834495838	0.69058998368	3	442	0	
160	0	104	step_1_no_load	1	2	1	240	
160	0	104	step_2_no_load	3	4	0.303696146503	0.743372642809	3	371	0	
160	0	105	step_1_no_load	1	2	1	417	
160	0	105	step_2_no_load	3	4	0.352639603242	0.722851301692	3	386	0	
160	0	106	step_1_no_load	1	2	1	298	
160	0	106	step_2_no_load	3	4	0.374131494222	0.699623252899	3	388	0	
160	0	107	step_1_no_load	1	2	1	312	
160	0	107	step_2_no_load	3	4	0.388257337796	0.677514185929	3	484	0	
160	0	108	step_1_no_load	1	2	2	320	
160	0	108	step_2_no_load	5	6	0.695928523711	0.526955028982	6	330	0	
160	0	109	step_1_no_load	1	2	2	345	
160	0	109	step_2_no_load	5	6	0.71632547018	0.479977531501	6	378	0	
160	0	110	step_1_no_load	1	2	2	349	
160	0	110	step_2_no_load	5	6	0.729599891941	0.432626681236	6	387	1	
160	0	111	step_1_no_load	1	2	2	258	
160	0	111	step_2_no_load	5	6	0.724852671171	0.384948378665	6	277	1	
160	0	112	step_1_no_load	1	2	2	299	
160	0	112	step_2_no_load	3	4	0.413393106784	0.635252945963	3	740	1	
160	0	113	step_1_no_load	1	2	1	162	
160	0	113	step_2_no_load	3	4	0.387112818105	0.634627459817	3	453	1	
160	0	114	step_1_no_load	1	2	1	273	
160	0	114	step_2_no_load	3	4	0.384736699284	0.657654904272	3	357	0	
160	0	115	step_1_no_load	1	2	1	302	
160	0	115	step_2_no_load	5	6	0.739704344621	0.390027643099	5	621	1	
160	0	116	step_1_no_load	1	2	1	252	
160	0	116	step_2_no_load	5	6	0.706736514943	0.378149844807	6	616	0	
160	0	117	step_1_no_load	1	2	1	310	
160	0	117	step_2_no_load	5	6	0.747012267642	0.374621793791	5	553	1	
160	0	118	step_1_no_load	1	2	1	308	
160	0	118	step_2_no_load	3	4	0.362977115924	0.690484235012	3	739	0	
160	0	119	step_1_no_load	1	2	1	536	
160	0	119	step_2_no_load	3	4	0.358243439099	0.661177321751	4	555	0	
160	0	120	step_1_no_load	1	2	1	315	
160	0	120	step_2_no_load	3	4	0.333809617664	0.666433355915	3	389	0	
160	0	121	step_1_no_load	1	2	1	599	
160	0	121	step_2_no_load	3	4	0.310775244958	0.671052306195	3	332	0	
160	0	122	step_1_no_load	1	2	2	340	
160	0	122	step_2_no_load	3	4	0.266650857402	0.672193618854	4	457	1	
160	0	123	step_1_no_load	1	2	2	400	
160	0	123	step_2_no_load	5	6	0.583607229978	0.337526896345	5	679	1	
160	0	124	step_1_no_load	1	2	2	510	
160	0	124	step_2_no_load	5	6	0.603013298253	0.309430836661	6	228	0	
160	0	125	step_1_no_load	1	2	2	256	
160	0	125	step_2_no_load	5	6	0.559596800931	0.303110862715	6	301	0	
160	0	126	step_1_no_load	1	2	2	432	
160	0	126	step_2_no_load	5	6	0.537863824328	0.300846667696	5	300	1	
160	0	127	step_1_no_load	1	2	2	433	
160	0	127	step_2_no_load	3	4	0.273483952592	0.646945556251	3	254	0	
160	0	128	step_1_no_load	1	2	2	335	
160	0	128	step_2_no_load	5	6	0.636905534066	0.250790232267	5	1280	1	
160	0	129	step_1_no_load	1	2	2	228	
160	0	129	step_2_no_load	5	6	0.685297910719	0.271709703542	6	380	0	
160	0	130	step_1_no_load	1	2	1	447	
160	0	130	step_2_no_load	5	6	0.682031489739	0.274560758494	5	409	1	
160	0	131	step_1_no_load	1	2	1	478	
160	0	131	step_2_no_load	3	4	0.281500842289	0.638450601212	4	613	1	
160	0	132	step_1_no_load	1	2	2	437	
160	0	132	step_2_no_load	5	6	0.668578020634	0.315328810424	5	305	1	
160	0	133	step_1_no_load	1	2	2	438	
160	0	133	step_2_no_load	3	4	0.315608831386	0.691649444281	3	925	0	
160	0	134	step_1_no_load	1	2	2	430	
160	0	134	step_2_no_load	5	6	0.621945110858	0.302839427162	5	573	0	
160	0	135	step_1_no_load	1	2	1	504	
160	0	135	step_2_no_load	5	6	0.593710006149	0.287118934166	5	325	1	
160	0	136	step_1_no_load	1	2	1	270	
160	0	136	step_2_no_load	3	4	0.307766925452	0.674914008636	3	379	0	
160	0	137	step_1_no_load	1	2	1	409	
160	0	137	step_2_no_load	3	4	0.346433498467	0.668540846495	3	502	1	
160	0	138	step_1_no_load	1	2	1	220	
160	0	138	step_2_no_load	3	4	0.366701525561	0.688182193337	3	281	1	
160	0	139	step_1_no_load	1	2	1	348	
160	0	139	step_2_no_load	5	6	0.636630981281	0.323660750961	5	710	1	
160	0	140	step_1_no_load	1	2	1	587	
160	0	140	step_2_no_load	5	6	0.671213945178	0.328174526491	5	323	1	
160	0	141	step_1_no_load	1	2	1	394	
160	0	141	step_2_no_load	3	4	0.390227133375	0.616803346728	3	822	0	
160	0	142	step_1_no_load	1	2	1	236	
160	0	142	step_2_no_load	3	4	0.397052682821	0.627356259123	3	290	0	
160	0	143	step_1_no_load	1	2	1	495	
160	0	143	step_2_no_load	3	4	0.410970957547	0.610219102298	3	432	0	
160	0	144	step_1_no_load	1	2	1	402	
160	0	144	step_2_no_load	3	4	0.389234194056	0.639347300184	3	741	0	
160	0	145	step_1_no_load	1	2	1	545	
160	0	145	step_2_no_load	5	6	0.6669125229	0.266265924094	5	644	1	
160	0	146	step_1_no_load	1	2	2	239	
160	0	146	step_2_no_load	3	4	0.320877500969	0.593778463268	4	253	1	
160	0	147	step_1_no_load	1	2	2	343	
160	0	147	step_2_no_load	3	4	0.352879785946	0.594861186319	4	342	1	
160	0	148	step_1_no_load	1	2	2	316	
160	0	148	step_2_no_load	3	4	0.311162711725	0.648050021239	4	472	0	
160	0	149	step_1_no_load	1	2	2	418	
160	0	149	step_2_no_load	5	6	0.601870110183	0.269951834184	6	452	0	
160	0	150	step_1_no_load	1	2	2	346	
160	0	150	step_2_no_load	5	6	0.575985663078	0.305587692243	6	475	0	
160	0	151	step_1_no_load	1	2	2	75	
160	0	151	step_2_no_load	5	6	0.59154759351	0.348172164421	5	271	1	
160	0	152	step_1_no_load	1	2	2	345	
160	0	152	step_2_no_load	5	6	0.595108765344	0.307702500543	5	364	0	
160	0	153	step_1_no_load	1	2	2	460	
160	0	153	step_2_no_load	3	4	0.343622632154	0.681559292085	4	597	1	
160	0	154	step_1_no_load	1	2	1	764	
160	0	154	step_2_no_load	3	4	0.348349389262	0.671672162443	3	611	0	
160	0	155	step_1_no_load	1	2	1	243	
160	0	155	step_2_no_load	3	4	0.372188990474	0.716100930629	4	298	1	
160	0	156	step_1_no_load	1	2	1	343	
160	0	156	step_2_no_load	5	6	0.631048201903	0.32564867104	6	265	1	
160	0	157	step_1_no_load	1	2	2	442	
160	0	157	step_2_no_load	5	6	0.585191807512	0.350909357271	6	656	1	
160	0	158	step_1_no_load	1	2	1	527	
160	0	158	step_2_no_load	5	6	0.532722108502	0.408728803896	5	528	1	
160	0	159	step_1_no_load	1	2	2	508	
160	0	159	step_2_no_load	3	4	0.321150411254	0.697903160072	3	749	1	
160	0	160	step_1_no_load	1	2	1	453	
160	0	160	step_2_no_load	3	4	0.355992626298	0.710728171711	4	634	1	
160	0	161	step_1_no_load	1	2	2	484	
160	0	161	step_2_no_load	3	4	0.438878285506	0.719896286569	4	452	1	
160	0	162	step_1_no_load	1	2	2	430	
160	0	162	step_2_no_load	5	6	0.566496468084	0.3926701003	6	416	0	
160	0	163	step_1_no_load	1	2	1	370	
160	0	163	step_2_no_load	3	4	0.430920885959	0.697095951435	3	240	1	
160	0	164	step_1_no_load	1	2	2	434	
160	0	164	step_2_no_load	5	6	0.585961845322	0.432761720497	6	564	0	
160	0	165	step_1_no_load	1	2	1	33	
160	0	165	step_2_no_load	3	4	0.347974240867	0.717506143195	3	430	1	
160	0	166	step_1_no_load	1	2	2	488	
160	0	166	step_2_no_load	3	4	0.356317216644	0.686594248975	4	399	0	
160	0	167	step_1_no_load	1	2	2	583	
160	0	167	step_2_no_load	5	6	0.585131062446	0.38753671275	6	570	0	
160	0	168	step_1_no_load	1	2	2	709	
160	0	168	step_2_no_load	3	4	0.335777599654	0.67192508984	3	797	0	
160	0	169	step_1_no_load	1	2	1	517	
160	0	169	step_2_no_load	3	4	0.365156560071	0.704981910944	3	449	0	
160	0	170	step_1_no_load	1	2	1	486	
160	0	170	step_2_no_load	3	4	0.364989630435	0.67334314737	3	572	0	
160	0	171	step_1_no_load	1	2	1	402	
160	0	171	step_2_no_load	3	4	0.425122034074	0.727248140829	4	345	1	
160	0	172	step_1_no_load	1	2	2	399	
160	0	172	step_2_no_load	5	6	0.519090471457	0.363617002148	6	200	0	
160	0	173	step_1_no_load	1	2	2	336	
160	0	173	step_2_no_load	5	6	0.484428109849	0.385349297983	5	358	0	
160	0	174	step_1_no_load	1	2	1	318	
160	0	174	step_2_no_load	3	4	0.46236234172	0.729877433725	3	238	1	
160	0	175	step_1_no_load	1	2	1	1	
160	0	175	step_2_no_load	3	4	0.484825491933	0.693968268443	3	395	0	
160	0	176	step_1_no_load	1	2	1	414	
160	0	176	step_2_no_load	3	4	0.500856457218	0.679250000396	4	461	1	
160	0	177	step_1_no_load	1	2	2	283	
160	0	177	step_2_no_load	5	6	0.501268576771	0.357425668099	6	468	1	
160	0	178	step_1_no_load	1	2	2	591	
160	0	178	step_2_no_load	5	6	0.493712351915	0.36473828006	5	598	0	
160	0	179	step_1_no_load	1	2	2	478	
160	0	179	step_2_no_load	3	4	0.493565996034	0.709345707515	4	368	1	
160	0	180	step_1_no_load	1	2	2	241	
160	0	180	step_2_no_load	3	4	0.489345734128	0.719795072986	4	294	0	
160	0	181	step_1_no_load	1	2	1	446	
160	0	181	step_2_no_load	3	4	0.480141179559	0.746910336326	3	282	0	
160	0	182	step_1_no_load	1	2	1	361	
160	0	182	step_2_no_load	5	6	0.506773281362	0.340533666308	6	246	1	
160	0	183	step_1_no_load	1	2	2	1	
160	0	183	step_2_no_load	5	6	0.502991759047	0.350175837802	6	312	1	
160	0	184	step_1_no_load	1	2	1	331	
160	0	184	step_2_no_load	3	4	0.480863422096	0.657291439324	4	232	1	
160	0	185	step_1_no_load	1	2	2	364	
160	0	185	step_2_no_load	5	6	0.479703516092	0.362611152222	6	467	0	
160	0	186	step_1_no_load	1	2	1	341	
160	0	186	step_2_no_load	3	4	0.484672582719	0.656308636836	3	456	1	
160	0	187	step_1_no_load	1	2	1	301	
160	0	187	step_2_no_load	3	4	0.498596507669	0.678211978625	4	596	1	
160	0	188	step_1_no_load	1	2	2	543	
160	0	188	step_2_no_load	3	4	0.548350535247	0.696362660087	4	675	1	
160	0	189	step_1_no_load	1	2	2	801	
160	0	189	step_2_no_load	5	6	0.448897869069	0.285168135955	5	847	0	
160	0	190	step_1_no_load	1	2	2	80	
160	0	190	step_2_no_load	5	6	0.433568856946	0.304557739386	6	238	1	
160	0	191	step_1_no_load	1	2	2	423	
160	0	191	step_2_no_load	5	6	0.435748387321	0.318839908867	6	322	0	
160	0	192	step_1_no_load	1	2	2	426	
160	0	192	step_2_no_load	5	6	0.450791310283	0.299297135717	5	426	0	
160	0	193	step_1_no_load	1	2	2	712	
160	0	193	step_2_no_load	5	6	0.440813209638	0.321008037746	5	182	0	
160	0	194	step_1_no_load	1	2	2	25	
160	0	194	step_2_no_load	3	4	0.505359594715	0.655261361454	4	959	1	
160	0	195	step_1_no_load	1	2	2	241	
160	0	195	step_2_no_load	5	6	0.466795336969	0.348571348505	6	428	0	
160	0	196	step_1_no_load	1	2	2	257	
160	0	196	step_2_no_load	3	4	0.496717662777	0.695101215304	3	671	1	
160	0	197	step_1_no_load	1	2	2	519	
160	0	197	step_2_no_load	3	4	0.47786945426	0.686552522522	4	504	1	
160	0	198	step_1_no_load	1	2	2	335	
160	0	198	step_2_no_load	5	6	0.397292432346	0.303352625941	6	536	0	
160	0	199	step_1_no_load	1	2	1	318	
160	0	199	step_2_no_load	3	4	0.529438031858	0.73697129762	3	282	1	
160	0	200	step_1_no_load	1	2	2	374	
160	0	200	step_2_no_load	3	4	0.507902534353	0.728996708473	4	1414	1	

Tue Jul  3 15:55:00 2018
