Wed Jul  4 14:35:12 2018	
161	0	1	step_1_no_load	1	2	2	809	
161	0	1	step_2_no_load	5	6	0.457620150462	0.594299910136	-1	-1	-1	
161	0	2	step_1_no_load	1	2	2	660	
161	0	2	step_2_no_load	3	4	0.580156942153	0.533203491871	3	390	1	
161	0	3	step_1_no_load	1	2	2	931	
161	0	3	step_2_no_load	3	4	0.584197065669	0.516002945397	4	502	1	
161	0	4	step_1_no_load	1	2	2	375	
161	0	4	step_2_no_load	5	6	0.478607661228	0.564086293706	5	997	0	
161	0	5	step_1_no_load	1	2	1	341	
161	0	5	step_2_no_load	3	4	0.623810210114	0.543908521457	3	493	1	
161	0	6	step_1_no_load	1	2	1	424	
161	0	6	step_2_no_load	3	4	0.585722686883	0.490454120702	4	724	0	
161	0	7	step_1_no_load	1	2	2	267	
161	0	7	step_2_no_load	3	4	0.568656746487	0.506408070053	4	693	0	
161	0	8	step_1_no_load	1	2	2	358	
161	0	8	step_2_no_load	5	6	0.489816616396	0.624210374623	5	616	1	
161	0	9	step_1_no_load	1	2	2	518	
161	0	9	step_2_no_load	5	6	0.496546708465	0.641106877158	5	523	0	
161	0	10	step_1_no_load	1	2	2	242	
161	0	10	step_2_no_load	5	6	0.482364178155	0.636063269715	6	435	0	
161	0	11	step_1_no_load	1	2	2	215	
161	0	11	step_2_no_load	5	6	0.477013315682	0.609191465743	5	390	0	
161	0	12	step_1_no_load	1	2	1	246	
161	0	12	step_2_no_load	3	4	0.682786328054	0.597131918027	4	363	1	
161	0	13	step_1_no_load	1	2	1	364	
161	0	13	step_2_no_load	3	4	0.653587098421	0.595790490356	3	587	1	
161	0	14	step_1_no_load	1	2	2	275	
161	0	14	step_2_no_load	3	4	0.629137942344	0.611256675753	4	680	1	
161	0	15	step_1_no_load	1	2	1	458	
161	0	15	step_2_no_load	5	6	0.505377237737	0.570419113221	5	321	1	
161	0	16	step_1_no_load	1	2	2	314	
161	0	16	step_2_no_load	5	6	0.510958036527	0.553308964466	5	400	1	
161	0	17	step_1_no_load	1	2	1	275	
161	0	17	step_2_no_load	3	4	0.633350170016	0.643116883134	3	308	1	
161	0	18	step_1_no_load	1	2	2	484	
161	0	18	step_2_no_load	3	4	0.626834332012	0.626895526976	4	489	1	
161	0	19	step_1_no_load	1	2	2	269	
161	0	19	step_2_no_load	5	6	0.498240186199	0.536502319591	6	317	1	
161	0	20	step_1_no_load	1	2	1	441	
161	0	20	step_2_no_load	5	6	0.478025448397	0.491720931314	5	485	1	
161	0	21	step_1_no_load	1	2	2	300	
161	0	21	step_2_no_load	3	4	0.630305464549	0.611328949295	3	551	1	
161	0	22	step_1_no_load	1	2	1	367	
161	0	22	step_2_no_load	3	4	0.621949894727	0.618527126547	3	391	1	
161	0	23	step_1_no_load	1	2	2	185	
161	0	23	step_2_no_load	5	6	0.520606588181	0.513759772011	5	202	1	
161	0	24	step_1_no_load	1	2	1	218	
161	0	24	step_2_no_load	5	6	0.505388876622	0.503316199018	6	321	0	
161	0	25	step_1_no_load	1	2	1	9	
161	0	25	step_2_no_load	3	4	0.565698722896	0.629917901014	4	714	1	
161	0	26	step_1_no_load	1	2	1	299	
161	0	26	step_2_no_load	3	4	0.592410219737	0.640635035276	4	861	0	
161	0	27	step_1_no_load	1	2	1	252	
161	0	27	step_2_no_load	3	4	0.57860777711	0.642144756622	3	272	1	
161	0	28	step_1_no_load	1	2	2	394	
161	0	28	step_2_no_load	3	4	0.588356036098	0.647441527317	4	568	0	
161	0	29	step_1_no_load	1	2	2	603	
161	0	29	step_2_no_load	5	6	0.521159009103	0.561957580386	6	352	1	
161	0	30	step_1_no_load	1	2	1	255	
161	0	30	step_2_no_load	3	4	0.608245979832	0.610227092493	4	258	0	
161	0	31	step_1_no_load	1	2	1	256	
161	0	31	step_2_no_load	3	4	0.636602545794	0.606122691795	3	260	1	
161	0	32	step_1_no_load	1	2	1	270	
161	0	32	step_2_no_load	3	4	0.634585171267	0.605616211083	4	351	1	
161	0	33	step_1_no_load	1	2	2	1	
161	0	33	step_2_no_load	3	4	0.611700032906	0.618000238621	3	38	1	
161	0	34	step_1_no_load	1	2	2	278	
161	0	34	step_2_no_load	5	6	0.454565258478	0.538523758058	6	240	0	
161	0	35	step_1_no_load	1	2	2	432	
161	0	35	step_2_no_load	5	6	0.491437207585	0.594167768198	5	271	1	
161	0	36	step_1_no_load	1	2	1	260	
161	0	36	step_2_no_load	3	4	0.527635087561	0.661229326326	4	406	1	
161	0	37	step_1_no_load	1	2	1	210	
161	0	37	step_2_no_load	5	6	0.543074626387	0.598446394142	5	246	1	
161	0	38	step_1_no_load	1	2	1	50	
161	0	38	step_2_no_load	5	6	0.553931241266	0.595113730206	6	254	0	
161	0	39	step_1_no_load	1	2	1	224	
161	0	39	step_2_no_load	3	4	0.557005857101	0.634483337633	4	429	0	
161	0	40	step_1_no_load	1	2	1	8	
161	0	40	step_2_no_load	3	4	0.580760785074	0.636994900683	3	203	1	
161	0	41	step_1_no_load	1	2	1	334	
161	0	41	step_2_no_load	5	6	0.583829055298	0.588857868869	6	272	0	
161	0	42	step_1_no_load	1	2	2	143	
161	0	42	step_2_no_load	5	6	0.553461946234	0.609164606591	6	220	1	
161	0	43	step_1_no_load	1	2	2	372	
161	0	43	step_2_no_load	3	4	0.553703096215	0.581931546759	3	398	1	
161	0	44	step_1_no_load	1	2	1	257	
161	0	44	step_2_no_load	5	6	0.537842745081	0.611481438855	6	437	1	
161	0	45	step_1_no_load	1	2	2	202	
161	0	45	step_2_no_load	3	4	0.579346234508	0.620699591043	3	339	1	
161	0	46	step_1_no_load	1	2	2	270	
161	0	46	step_2_no_load	5	6	0.532238720495	0.600964500555	5	229	1	
161	0	47	step_1_no_load	1	2	2	248	
161	0	47	step_2_no_load	3	4	0.546259467838	0.634373567175	3	233	0	
161	0	48	step_1_no_load	1	2	2	298	
161	0	48	step_2_no_load	5	6	0.488280685105	0.615767119776	6	240	1	
161	0	49	step_1_no_load	1	2	2	302	
161	0	49	step_2_no_load	5	6	0.489287375157	0.610193185592	6	707	0	
161	0	50	step_1_no_load	1	2	1	430	
161	0	50	step_2_no_load	3	4	0.481616544184	0.593458480934	4	344	1	
161	0	51	step_1_no_load	1	2	2	357	
161	0	51	step_2_no_load	3	4	0.508197321577	0.613357430892	4	454	0	
161	0	52	step_1_no_load	1	2	2	10	
161	0	52	step_2_no_load	3	4	0.513589895419	0.613408921915	3	289	0	
161	0	53	step_1_no_load	1	2	2	269	
161	0	53	step_2_no_load	5	6	0.451905460347	0.551457882502	5	75	1	
161	0	54	step_1_no_load	1	2	2	409	
161	0	54	step_2_no_load	3	4	0.493362545513	0.652515308527	3	253	1	
161	0	55	step_1_no_load	1	2	2	0	
161	0	55	step_2_no_load	5	6	0.487025527704	0.574045915747	6	285	0	
161	0	56	step_1_no_load	1	2	1	174	
161	0	56	step_2_no_load	5	6	0.459773408493	0.601856598146	6	521	0	
161	0	57	step_1_no_load	1	2	1	227	
161	0	57	step_2_no_load	5	6	0.466449077359	0.641849303307	5	184	0	
161	0	58	step_1_no_load	1	2	2	452	
161	0	58	step_2_no_load	5	6	0.478335218822	0.664682809182	6	275	0	
161	0	59	step_1_no_load	1	2	2	340	
161	0	59	step_2_no_load	5	6	0.480274332693	0.632500293208	5	606	0	
161	0	60	step_1_no_load	1	2	1	547	
161	0	60	step_2_no_load	5	6	0.491916707098	0.623687406259	6	490	0	
161	0	61	step_1_no_load	1	2	1	235	
161	0	61	step_2_no_load	5	6	0.464268875813	0.669587072502	5	487	0	
161	0	62	step_1_no_load	1	2	1	349	
161	0	62	step_2_no_load	5	6	0.50724109756	0.691137204746	5	418	1	
161	0	63	step_1_no_load	1	2	1	344	
161	0	63	step_2_no_load	3	4	0.519445130796	0.642623127313	3	406	0	
161	0	64	step_1_no_load	1	2	1	287	
161	0	64	step_2_no_load	3	4	0.533849886794	0.626149195169	4	242	0	
161	0	65	step_1_no_load	1	2	1	255	
161	0	65	step_2_no_load	3	4	0.517687993213	0.619953360065	3	295	1	
161	0	66	step_1_no_load	1	2	1	209	
161	0	66	step_2_no_load	3	4	0.555324764318	0.630357351236	4	268	0	
161	0	67	step_1_no_load	1	2	1	254	
161	0	67	step_2_no_load	3	4	0.538279387614	0.674463681351	3	312	0	
161	0	68	step_1_no_load	1	2	1	301	
161	0	68	step_2_no_load	5	6	0.509127161919	0.622963076372	5	281	0	
161	0	69	step_1_no_load	1	2	1	237	
161	0	69	step_2_no_load	3	4	0.560462111264	0.718756538957	4	288	1	
161	0	70	step_1_no_load	1	2	2	40	
161	0	70	step_2_no_load	3	4	0.548075770764	0.697741832068	4	219	1	
161	0	71	step_1_no_load	1	2	2	250	
161	0	71	step_2_no_load	5	6	0.482863323776	0.639174917797	5	195	0	
161	0	72	step_1_no_load	1	2	2	176	
161	0	72	step_2_no_load	3	4	0.556486305476	0.705884789502	3	213	0	
161	0	73	step_1_no_load	1	2	2	78	
161	0	73	step_2_no_load	5	6	0.435957313805	0.657126403029	6	378	1	
161	0	74	step_1_no_load	1	2	2	251	
161	0	74	step_2_no_load	3	4	0.491044983779	0.693624670847	3	966	1	
161	0	75	step_1_no_load	1	2	2	445	
161	0	75	step_2_no_load	3	4	0.483983914712	0.697629587097	3	734	0	
161	0	76	step_1_no_load	1	2	2	273	
161	0	76	step_2_no_load	5	6	0.488583631821	0.62770291155	6	417	0	
161	0	77	step_1_no_load	1	2	2	369	
161	0	77	step_2_no_load	5	6	0.446809557226	0.564257587118	5	322	1	
161	0	78	step_1_no_load	1	2	2	388	
161	0	78	step_2_no_load	5	6	0.435911167612	0.536711448352	5	429	0	
161	0	79	step_1_no_load	1	2	2	173	
161	0	79	step_2_no_load	5	6	0.389124152368	0.513695512795	5	296	0	
161	0	80	step_1_no_load	1	2	2	132	
161	0	80	step_2_no_load	5	6	0.396016175285	0.518583383166	6	225	1	
161	0	81	step_1_no_load	1	2	2	22	
161	0	81	step_2_no_load	5	6	0.419265522488	0.529745690463	5	502	0	
161	0	82	step_1_no_load	1	2	1	400	
161	0	82	step_2_no_load	3	4	0.482727017837	0.688340116885	4	328	1	
161	0	83	step_1_no_load	1	2	1	130	
161	0	83	step_2_no_load	3	4	0.483255412498	0.726885136842	4	0	0	
161	0	84	step_1_no_load	1	2	1	26	
161	0	84	step_2_no_load	3	4	0.505586222209	0.731466635793	3	122	1	
161	0	85	step_1_no_load	1	2	1	158	
161	0	85	step_2_no_load	5	6	0.384458259121	0.692384972752	5	60	0	
161	0	86	step_1_no_load	1	2	2	416	
161	0	86	step_2_no_load	5	6	0.345323068124	0.691782850001	5	212	1	
161	0	87	step_1_no_load	1	2	2	427	
161	0	87	step_2_no_load	5	6	0.40000499778	0.719375344246	6	177	1	
161	0	88	step_1_no_load	1	2	2	231	
161	0	88	step_2_no_load	5	6	0.377947492322	0.717410082358	5	234	0	
161	0	89	step_1_no_load	1	2	1	367	
161	0	89	step_2_no_load	3	4	0.490019385174	0.660112261017	4	406	0	
161	0	90	step_1_no_load	1	2	2	437	
161	0	90	step_2_no_load	3	4	0.530126112124	0.688736868033	3	218	0	
161	0	91	step_1_no_load	1	2	1	295	
161	0	91	step_2_no_load	3	4	0.479087223222	0.657820521772	3	194	0	
161	0	92	step_1_no_load	1	2	1	5	
161	0	92	step_2_no_load	3	4	0.484260039873	0.679381608313	3	259	0	
161	0	93	step_1_no_load	1	2	2	259	
161	0	93	step_2_no_load	5	6	0.439878153082	0.70415710998	6	43	1	
161	0	94	step_1_no_load	1	2	2	258	
161	0	94	step_2_no_load	5	6	0.429211756872	0.719464414227	6	111	0	
161	0	95	step_1_no_load	1	2	2	835	
161	0	95	step_2_no_load	5	6	0.427150666411	0.715495469274	5	293	0	
161	0	96	step_1_no_load	1	2	1	222	
161	0	96	step_2_no_load	3	4	0.437558890646	0.663095813561	3	1	1	
161	0	97	step_1_no_load	1	2	1	212	
161	0	97	step_2_no_load	3	4	0.455601814112	0.651202057411	4	135	0	
161	0	98	step_1_no_load	1	2	1	201	
161	0	98	step_2_no_load	3	4	0.431479829356	0.646040060297	3	358	1	
161	0	99	step_1_no_load	1	2	1	322	
161	0	99	step_2_no_load	3	4	0.375249961522	0.645191748454	4	280	1	
161	0	100	step_1_no_load	1	2	1	7	
161	0	100	step_2_no_load	3	4	0.363162156005	0.66579920021	4	68	1	
161	0	101	step_1_no_load	1	2	1	130	
161	0	101	step_2_no_load	3	4	0.366879421891	0.655903528958	4	130	1	
161	0	102	step_1_no_load	1	2	1	45	
161	0	102	step_2_no_load	3	4	0.326080462175	0.663124617603	3	19	1	
161	0	103	step_1_no_load	1	2	1	21	
161	0	103	step_2_no_load	3	4	0.322834495838	0.69058998368	3	149	1	
161	0	104	step_1_no_load	1	2	1	23	
161	0	104	step_2_no_load	5	6	0.521047445908	0.703870701136	5	128	1	
161	0	105	step_1_no_load	1	2	2	144	
161	0	105	step_2_no_load	3	4	0.352639603242	0.722851301692	4	55	1	
161	0	106	step_1_no_load	1	2	2	93	
161	0	106	step_2_no_load	5	6	0.508908032404	0.712883638252	6	141	1	
161	0	107	step_1_no_load	1	2	2	31	
161	0	107	step_2_no_load	5	6	0.565220528809	0.692607431435	6	39	0	
161	0	108	step_1_no_load	1	2	1	66	
161	0	108	step_2_no_load	3	4	0.388185708856	0.681491063126	3	12	1	
161	0	109	step_1_no_load	1	2	1	118	
161	0	109	step_2_no_load	5	6	0.479977531501	0.71632547018	5	43	0	
161	0	110	step_1_no_load	1	2	1	276	
161	0	110	step_2_no_load	3	4	0.395544455384	0.65455226558	3	353	0	
161	0	111	step_1_no_load	1	2	2	14	
161	0	111	step_2_no_load	5	6	0.384948378665	0.724852671171	6	231	0	
161	0	112	step_1_no_load	1	2	2	507	
161	0	112	step_2_no_load	3	4	0.413393106784	0.635252945963	3	382	1	
161	0	113	step_1_no_load	1	2	1	30	
161	0	113	step_2_no_load	3	4	0.387112818105	0.634627459817	3	230	1	
161	0	114	step_1_no_load	1	2	1	36	
161	0	114	step_2_no_load	3	4	0.384736699284	0.657654904272	3	132	1	
161	0	115	step_1_no_load	1	2	2	1	
161	0	115	step_2_no_load	3	4	0.357661171116	0.645721217949	4	213	0	
161	0	116	step_1_no_load	1	2	2	481	
161	0	116	step_2_no_load	5	6	0.378149844807	0.706736514943	5	33	1	
161	0	117	step_1_no_load	1	2	2	158	
161	0	117	step_2_no_load	5	6	0.374621793791	0.747012267642	5	75	0	
161	0	118	step_1_no_load	1	2	1	116	
161	0	118	step_2_no_load	5	6	0.357645851833	0.740051715856	6	130	1	
161	0	119	step_1_no_load	1	2	2	22	
161	0	119	step_2_no_load	5	6	0.357515098446	0.690424535099	6	175	0	
161	0	120	step_1_no_load	1	2	2	559	
161	0	120	step_2_no_load	3	4	0.333809617664	0.666433355915	3	310	1	
161	0	121	step_1_no_load	1	2	1	17	
161	0	121	step_2_no_load	3	4	0.310775244958	0.671052306195	3	210	0	
161	0	122	step_1_no_load	1	2	2	878	
161	0	122	step_2_no_load	5	6	0.329624572119	0.6136886145	5	447	0	
161	0	123	step_1_no_load	1	2	2	565	
161	0	123	step_2_no_load	3	4	0.269780614928	0.664849878232	4	105	0	
161	0	124	step_1_no_load	1	2	2	758	
161	0	124	step_2_no_load	5	6	0.309430836661	0.603013298253	6	259	1	
161	0	125	step_1_no_load	1	2	2	50	
161	0	125	step_2_no_load	5	6	0.303110862715	0.559596800931	6	408	1	
161	0	126	step_1_no_load	1	2	2	180	
161	0	126	step_2_no_load	3	4	0.267206368684	0.600985760967	3	407	0	
161	0	127	step_1_no_load	1	2	1	258	
161	0	127	step_2_no_load	3	4	0.273483952592	0.646945556251	3	483	0	
161	0	128	step_1_no_load	1	2	2	5	
161	0	128	step_2_no_load	5	6	0.250790232267	0.636905534066	5	187	1	
161	0	129	step_1_no_load	1	2	1	21	
161	0	129	step_2_no_load	3	4	0.268213321963	0.632682846317	4	0	1	
161	0	130	step_1_no_load	1	2	1	447	
161	0	130	step_2_no_load	5	6	0.274560758494	0.682031489739	6	168	0	
161	0	131	step_1_no_load	1	2	2	372	
161	0	131	step_2_no_load	5	6	0.311475039155	0.678044920845	6	309	1	
161	0	132	step_1_no_load	1	2	2	74	
161	0	132	step_2_no_load	5	6	0.315328810424	0.668578020634	6	531	0	
161	0	133	step_1_no_load	1	2	2	147	
161	0	133	step_2_no_load	5	6	0.312642735495	0.617383991623	5	205	1	
161	0	134	step_1_no_load	1	2	2	327	
161	0	134	step_2_no_load	5	6	0.302839427162	0.621945110858	5	83	0	
161	0	135	step_1_no_load	1	2	1	324	
161	0	135	step_2_no_load	3	4	0.300079459047	0.700779221781	3	303	1	
161	0	136	step_1_no_load	1	2	1	166	
161	0	136	step_2_no_load	5	6	0.284521085726	0.597814413435	5	480	0	
161	0	137	step_1_no_load	1	2	2	26	
161	0	137	step_2_no_load	5	6	0.325016613024	0.605896884497	6	134	1	
161	0	138	step_1_no_load	1	2	2	23	
161	0	138	step_2_no_load	5	6	0.307694123906	0.63240964674	6	182	1	
161	0	139	step_1_no_load	1	2	2	11	
161	0	139	step_2_no_load	5	6	0.323660750961	0.636630981281	5	0	0	
161	0	140	step_1_no_load	1	2	1	17	
161	0	140	step_2_no_load	3	4	0.348740542008	0.637682840728	3	307	0	
161	0	141	step_1_no_load	1	2	2	261	
161	0	141	step_2_no_load	5	6	0.311809871418	0.711987889705	5	239	0	
161	0	142	step_1_no_load	1	2	2	147	
161	0	142	step_2_no_load	5	6	0.304203281606	0.690276058009	6	244	1	
161	0	143	step_1_no_load	1	2	2	403	
161	0	143	step_2_no_load	5	6	0.313516825296	0.661365099615	5	24	0	
161	0	144	step_1_no_load	1	2	2	372	
161	0	144	step_2_no_load	5	6	0.275932517017	0.626443722248	6	217	0	
161	0	145	step_1_no_load	1	2	1	307	
161	0	145	step_2_no_load	5	6	0.266265924094	0.6669125229	6	44	0	
161	0	146	step_1_no_load	1	2	2	155	
161	0	146	step_2_no_load	5	6	0.257861956214	0.681611991725	6	214	1	
161	0	147	step_1_no_load	1	2	2	12	
161	0	147	step_2_no_load	3	4	0.352879785946	0.594861186319	4	273	0	
161	0	148	step_1_no_load	1	2	2	103	
161	0	148	step_2_no_load	5	6	0.305288021243	0.619272702026	6	63	1	
161	0	149	step_1_no_load	1	2	2	19	
161	0	149	step_2_no_load	3	4	0.300290206122	0.623203869836	4	144	1	
161	0	150	step_1_no_load	1	2	2	73	
161	0	150	step_2_no_load	3	4	0.306860041627	0.605912419156	4	76	1	
161	0	151	step_1_no_load	1	2	2	18	
161	0	151	step_2_no_load	3	4	0.310557101463	0.614159737668	4	146	1	
161	0	152	step_1_no_load	1	2	2	16	
161	0	152	step_2_no_load	3	4	0.323194010514	0.644204174791	3	93	1	
161	0	153	step_1_no_load	1	2	1	18	
161	0	153	step_2_no_load	5	6	0.309356532263	0.613336203392	5	209	1	
161	0	154	step_1_no_load	1	2	1	29	
161	0	154	step_2_no_load	5	6	0.316375537537	0.638934099562	5	85	0	
161	0	155	step_1_no_load	1	2	2	65	
161	0	155	step_2_no_load	5	6	0.296093457977	0.632486591889	6	105	1	
161	0	156	step_1_no_load	1	2	2	25	
161	0	156	step_2_no_load	5	6	0.32564867104	0.631048201903	6	98	0	
161	0	157	step_1_no_load	1	2	1	42	
161	0	157	step_2_no_load	3	4	0.324728201487	0.720725456325	4	307	1	
161	0	158	step_1_no_load	1	2	1	28	
161	0	158	step_2_no_load	3	4	0.334595868098	0.694270715354	4	0	1	
161	0	159	step_1_no_load	1	2	1	13	
161	0	159	step_2_no_load	5	6	0.413026375257	0.541222065796	6	180	1	
161	0	160	step_1_no_load	1	2	1	28	
161	0	160	step_2_no_load	3	4	0.355992626298	0.710728171711	3	138	1	
161	0	161	step_1_no_load	1	2	1	46	
161	0	161	step_2_no_load	3	4	0.438878285506	0.719896286569	3	205	0	
161	0	162	step_1_no_load	1	2	1	22	
161	0	162	step_2_no_load	3	4	0.455329532209	0.695144769903	4	163	1	
161	0	163	step_1_no_load	1	2	1	119	
161	0	163	step_2_no_load	3	4	0.430920885959	0.697095951435	4	106	1	
161	0	164	step_1_no_load	1	2	1	24	
161	0	164	step_2_no_load	3	4	0.430844125626	0.692137394606	4	151	0	
161	0	165	step_1_no_load	1	2	2	77	
161	0	165	step_2_no_load	5	6	0.463777557969	0.538026607649	6	162	1	
161	0	166	step_1_no_load	1	2	2	14	
161	0	166	step_2_no_load	5	6	0.422282731054	0.549095060025	6	191	1	
161	0	167	step_1_no_load	1	2	2	25	
161	0	167	step_2_no_load	5	6	0.38753671275	0.585131062446	6	199	1	
161	0	168	step_1_no_load	1	2	2	32	
161	0	168	step_2_no_load	5	6	0.400817642375	0.613361520676	6	20	1	
161	0	169	step_1_no_load	1	2	2	162	
161	0	169	step_2_no_load	5	6	0.42098542374	0.586049140041	6	279	0	
161	0	170	step_1_no_load	1	2	2	524	
161	0	170	step_2_no_load	3	4	0.364989630435	0.67334314737	3	201	0	
161	0	171	step_1_no_load	1	2	1	958	
161	0	171	step_2_no_load	3	4	0.425122034074	0.727248140829	3	75	0	
161	0	172	step_1_no_load	1	2	1	489	
161	0	172	step_2_no_load	3	4	0.490120307546	0.668669556875	4	131	1	
161	0	173	step_1_no_load	1	2	1	304	
161	0	173	step_2_no_load	3	4	0.462866379815	0.667027212577	4	136	1	
161	0	174	step_1_no_load	1	2	1	6	
161	0	174	step_2_no_load	5	6	0.387867297446	0.472729524832	6	5	0	
161	0	175	step_1_no_load	1	2	2	642	
161	0	175	step_2_no_load	5	6	0.426185553904	0.52644949356	6	106	0	
161	0	176	step_1_no_load	1	2	2	424	
161	0	176	step_2_no_load	5	6	0.383231572002	0.474046874473	5	65	1	
161	0	177	step_1_no_load	1	2	2	165	
161	0	177	step_2_no_load	5	6	0.357425668099	0.501268576771	5	73	0	
161	0	178	step_1_no_load	1	2	2	677	
161	0	178	step_2_no_load	5	6	0.36473828006	0.493712351915	5	85	1	
161	0	179	step_1_no_load	1	2	2	254	
161	0	179	step_2_no_load	5	6	0.324685418097	0.457298770028	5	102	1	
161	0	180	step_1_no_load	1	2	2	22	
161	0	180	step_2_no_load	3	4	0.489345734128	0.719795072986	3	141	0	
161	0	181	step_1_no_load	1	2	1	401	
161	0	181	step_2_no_load	3	4	0.480141179559	0.746910336326	4	0	1	
161	0	182	step_1_no_load	1	2	1	27	
161	0	182	step_2_no_load	3	4	0.49907747228	0.72717560423	4	279	1	
161	0	183	step_1_no_load	1	2	1	130	
161	0	183	step_2_no_load	3	4	0.492742497507	0.720388040749	4	50	1	
161	0	184	step_1_no_load	1	2	2	497	
161	0	184	step_2_no_load	5	6	0.362743255194	0.460890977786	6	441	0	
161	0	185	step_1_no_load	1	2	1	349	
161	0	185	step_2_no_load	5	6	0.362611152222	0.479703516092	5	231	0	
161	0	186	step_1_no_load	1	2	-1	-1	
161	0	187	step_1_no_load	1	2	2	332	
161	0	187	step_2_no_load	5	6	0.328890769988	0.443962917772	5	2	1	
161	0	188	step_1_no_load	1	2	2	56	
161	0	188	step_2_no_load	5	6	0.291508050861	0.471319680586	5	75	0	
161	0	189	step_1_no_load	1	2	1	254	
161	0	189	step_2_no_load	3	4	0.534753756004	0.688353284054	4	0	1	
161	0	190	step_1_no_load	1	2	1	17	
161	0	190	step_2_no_load	3	4	0.505820429042	0.667655825994	4	181	1	
161	0	191	step_1_no_load	1	2	2	109	
161	0	191	step_2_no_load	3	4	0.512103523931	0.664271461991	3	27	1	
161	0	192	step_1_no_load	1	2	2	20	
161	0	192	step_2_no_load	5	6	0.299297135717	0.450791310283	5	268	0	
161	0	193	step_1_no_load	1	2	2	15	
161	0	193	step_2_no_load	5	6	0.321008037746	0.440813209638	6	85	0	
161	0	194	step_1_no_load	1	2	2	12	
161	0	194	step_2_no_load	5	6	0.342437174514	0.433250459893	6	429	1	
161	0	195	step_1_no_load	1	2	2	10	
161	0	195	step_2_no_load	3	4	0.494102184238	0.646280688878	3	379	0	
161	0	196	step_1_no_load	1	2	2	200	
161	0	196	step_2_no_load	5	6	0.365373286058	0.421761207498	6	6	1	
161	0	197	step_1_no_load	1	2	2	87	
161	0	197	step_2_no_load	5	6	0.316987700969	0.422511153127	6	97	0	
161	0	198	step_1_no_load	1	2	2	471	
161	0	198	step_2_no_load	3	4	0.485065498391	0.68660989813	4	711	1	
161	0	199	step_1_no_load	1	2	2	70	
161	0	199	step_2_no_load	5	6	0.292861528884	0.39793773834	5	10	0	
161	0	200	step_1_no_load	1	2	1	19	
161	0	200	step_2_no_load	3	4	0.507902534353	0.728996708473	3	197	0	

Wed Jul  4 14:54:57 2018
