Fri Jul  6 14:25:57 2018	
163	0	1	step_1_no_load	1	2	2	647	
163	0	1	step_2_no_load	5	6	0.457620150462	0.594299910136	6	936	0	
163	0	2	step_1_no_load	1	2	2	316	
163	0	2	step_2_no_load	5	6	0.474613197709	0.610961032466	5	585	1	
163	0	3	step_1_no_load	1	2	2	349	
163	0	3	step_2_no_load	5	6	0.476767372206	0.589215227351	5	424	1	
163	0	4	step_1_no_load	1	2	2	303	
163	0	4	step_2_no_load	3	4	0.494597764192	0.597491569846	4	1033	1	
163	0	5	step_1_no_load	1	2	2	329	
163	0	5	step_2_no_load	3	4	0.543908521457	0.623810210114	4	760	0	
163	0	6	step_1_no_load	1	2	2	837	
163	0	6	step_2_no_load	3	4	0.490454120702	0.585722686883	3	660	1	
163	0	7	step_1_no_load	1	2	2	356	
163	0	7	step_2_no_load	5	6	0.500071913476	0.622642364361	6	827	0	
163	0	8	step_1_no_load	1	2	2	461	
163	0	8	step_2_no_load	5	6	0.489816616396	0.624210374623	5	1004	1	
163	0	9	step_1_no_load	1	2	2	319	
163	0	9	step_2_no_load	5	6	0.496546708465	0.641106877158	5	903	1	
163	0	10	step_1_no_load	1	2	2	453	
163	0	10	step_2_no_load	3	4	0.576063520885	0.652626043146	4	696	1	
163	0	11	step_1_no_load	1	2	2	365	
163	0	11	step_2_no_load	5	6	0.477013315682	0.609191465743	5	851	0	
163	0	12	step_1_no_load	1	2	2	420	
163	0	12	step_2_no_load	5	6	0.48457206759	0.552770607849	5	955	1	
163	0	13	step_1_no_load	1	2	2	441	
163	0	13	step_2_no_load	5	6	0.52012981853	0.558313135925	5	595	0	
163	0	14	step_1_no_load	1	2	1	492	
163	0	14	step_2_no_load	3	4	0.611256675753	0.629137942344	4	845	1	
163	0	15	step_1_no_load	1	2	1	380	
163	0	15	step_2_no_load	3	4	0.633564630036	0.612260006668	4	528	1	
163	0	16	step_1_no_load	1	2	1	337	
163	0	16	step_2_no_load	5	6	0.510958036527	0.553308964466	5	930	0	
163	0	17	step_1_no_load	1	2	1	481	
163	0	17	step_2_no_load	5	6	0.535958400205	0.562895132605	6	1440	1	
163	0	18	step_1_no_load	1	2	1	519	
163	0	18	step_2_no_load	3	4	0.626895526976	0.626834332012	4	452	1	
163	0	19	step_1_no_load	1	2	1	376	
163	0	19	step_2_no_load	3	4	0.644773170243	0.619895761657	4	435	0	
163	0	20	step_1_no_load	1	2	1	962	
163	0	20	step_2_no_load	3	4	0.60665343963	0.636521555122	3	701	0	
163	0	21	step_1_no_load	1	2	1	549	
163	0	21	step_2_no_load	5	6	0.49769376036	0.470207377245	6	786	0	
163	0	22	step_1_no_load	1	2	1	704	
163	0	22	step_2_no_load	3	4	0.618527126547	0.621949894727	4	885	1	
163	0	23	step_1_no_load	1	2	2	489	
163	0	23	step_2_no_load	5	6	0.520606588181	0.513759772011	5	1041	1	
163	0	24	step_1_no_load	1	2	2	272	
163	0	24	step_2_no_load	5	6	0.505388876622	0.503316199018	5	535	1	
163	0	25	step_1_no_load	1	2	2	290	
163	0	25	step_2_no_load	5	6	0.503316372362	0.503605105412	5	650	0	
163	0	26	step_1_no_load	1	2	1	740	
163	0	26	step_2_no_load	3	4	0.640635035276	0.592410219737	4	579	1	
163	0	27	step_1_no_load	1	2	1	416	
163	0	27	step_2_no_load	3	4	0.642144756622	0.57860777711	4	450	1	
163	0	28	step_1_no_load	1	2	1	397	
163	0	28	step_2_no_load	3	4	0.647441527317	0.588356036098	4	599	1	
163	0	29	step_1_no_load	1	2	1	486	
163	0	29	step_2_no_load	5	6	0.521159009103	0.561957580386	5	734	1	
163	0	30	step_1_no_load	1	2	1	433	
163	0	30	step_2_no_load	3	4	0.610227092493	0.608245979832	4	649	1	
163	0	31	step_1_no_load	1	2	1	598	
163	0	31	step_2_no_load	3	4	0.606122691795	0.636602545794	4	790	1	
163	0	32	step_1_no_load	1	2	1	428	
163	0	32	step_2_no_load	5	6	0.520318771114	0.522993086096	5	728	1	
163	0	33	step_1_no_load	1	2	1	308	
163	0	33	step_2_no_load	3	4	0.618000238621	0.611700032906	4	518	0	
163	0	34	step_1_no_load	1	2	1	1210	
163	0	34	step_2_no_load	5	6	0.454565258478	0.538523758058	5	1118	0	
163	0	35	step_1_no_load	1	2	1	858	
163	0	35	step_2_no_load	5	6	0.491437207585	0.594167768198	6	1162	1	
163	0	36	step_1_no_load	1	2	1	613	
163	0	36	step_2_no_load	3	4	0.661229326326	0.527635087561	3	1178	1	
163	0	37	step_1_no_load	1	2	1	337	
163	0	37	step_2_no_load	5	6	0.543074626387	0.598446394142	6	594	1	
163	0	38	step_1_no_load	1	2	1	415	
163	0	38	step_2_no_load	3	4	0.651263699161	0.539078491643	4	711	0	
163	0	39	step_1_no_load	1	2	1	494	
163	0	39	step_2_no_load	3	4	0.634483337633	0.557005857101	3	804	1	
163	0	40	step_1_no_load	1	2	1	329	
163	0	40	step_2_no_load	5	6	0.5691386571	0.607992802154	6	559	1	
163	0	41	step_1_no_load	1	2	1	365	
163	0	41	step_2_no_load	3	4	0.633285941184	0.524862294848	3	619	0	
163	0	42	step_1_no_load	1	2	1	384	
163	0	42	step_2_no_load	3	4	0.606696263624	0.533857158543	4	460	1	
163	0	43	step_1_no_load	1	2	1	403	
163	0	43	step_2_no_load	3	4	0.581931546759	0.553703096215	4	420	0	
163	0	44	step_1_no_load	1	2	1	494	
163	0	44	step_2_no_load	3	4	0.589653131867	0.541854396676	3	637	1	
163	0	45	step_1_no_load	1	2	1	560	
163	0	45	step_2_no_load	3	4	0.620699591043	0.579346234508	3	663	1	
163	0	46	step_1_no_load	1	2	1	440	
163	0	46	step_2_no_load	5	6	0.532238720495	0.600964500555	6	847	1	
163	0	47	step_1_no_load	1	2	1	468	
163	0	47	step_2_no_load	3	4	0.634373567175	0.546259467838	3	722	1	
163	0	48	step_1_no_load	1	2	1	293	
163	0	48	step_2_no_load	3	4	0.657624935632	0.534690828011	4	545	0	
163	0	49	step_1_no_load	1	2	1	487	
163	0	49	step_2_no_load	3	4	0.614679490594	0.512405963374	3	837	0	
163	0	50	step_1_no_load	1	2	1	516	
163	0	50	step_2_no_load	3	4	0.593458480934	0.481616544184	4	403	1	
163	0	51	step_1_no_load	1	2	1	378	
163	0	51	step_2_no_load	3	4	0.613357430892	0.508197321577	4	366	0	
163	0	52	step_1_no_load	1	2	2	568	
163	0	52	step_2_no_load	3	4	0.613408921915	0.513589895419	4	652	1	
163	0	53	step_1_no_load	1	2	2	333	
163	0	53	step_2_no_load	5	6	0.451905460347	0.551457882502	5	719	0	
163	0	54	step_1_no_load	1	2	2	385	
163	0	54	step_2_no_load	3	4	0.652515308527	0.493362545513	4	592	0	
163	0	55	step_1_no_load	1	2	2	319	
163	0	55	step_2_no_load	5	6	0.487025527704	0.574045915747	6	542	1	
163	0	56	step_1_no_load	1	2	2	313	
163	0	56	step_2_no_load	5	6	0.459773408493	0.601856598146	6	691	1	
163	0	57	step_1_no_load	1	2	2	283	
163	0	57	step_2_no_load	5	6	0.466449077359	0.641849303307	6	705	0	
163	0	58	step_1_no_load	1	2	2	311	
163	0	58	step_2_no_load	5	6	0.478335218822	0.664682809182	5	501	0	
163	0	59	step_1_no_load	1	2	2	464	
163	0	59	step_2_no_load	5	6	0.480274332693	0.632500293208	6	909	0	
163	0	60	step_1_no_load	1	2	2	423	
163	0	60	step_2_no_load	5	6	0.491916707098	0.623687406259	5	1098	1	
163	0	61	step_1_no_load	1	2	2	446	
163	0	61	step_2_no_load	5	6	0.464268875813	0.669587072502	5	593	0	
163	0	62	step_1_no_load	1	2	2	412	
163	0	62	step_2_no_load	3	4	0.622820395113	0.533031417444	4	400	1	
163	0	63	step_1_no_load	1	2	1	584	
163	0	63	step_2_no_load	3	4	0.642623127313	0.519445130796	4	507	1	
163	0	64	step_1_no_load	1	2	1	550	
163	0	64	step_2_no_load	5	6	0.555062911513	0.642369708469	5	823	1	
163	0	65	step_1_no_load	1	2	1	510	
163	0	65	step_2_no_load	3	4	0.619953360065	0.517687993213	4	688	0	
163	0	66	step_1_no_load	1	2	1	744	
163	0	66	step_2_no_load	3	4	0.630357351236	0.555324764318	3	606	0	
163	0	67	step_1_no_load	1	2	1	793	
163	0	67	step_2_no_load	3	4	0.674463681351	0.538279387614	3	816	1	
163	0	68	step_1_no_load	1	2	1	590	
163	0	68	step_2_no_load	5	6	0.509127161919	0.622963076372	5	739	0	
163	0	69	step_1_no_load	1	2	1	405	
163	0	69	step_2_no_load	3	4	0.718756538957	0.560462111264	4	868	1	
163	0	70	step_1_no_load	1	2	1	485	
163	0	70	step_2_no_load	3	4	0.697741832068	0.548075770764	3	546	1	
163	0	71	step_1_no_load	1	2	1	391	
163	0	71	step_2_no_load	3	4	0.706816191949	0.546215110045	4	445	1	
163	0	72	step_1_no_load	1	2	1	501	
163	0	72	step_2_no_load	5	6	0.47409116389	0.626024641967	6	854	1	
163	0	73	step_1_no_load	1	2	1	371	
163	0	73	step_2_no_load	3	4	0.727961155836	0.50185699984	3	396	1	
163	0	74	step_1_no_load	1	2	1	451	
163	0	74	step_2_no_load	3	4	0.693624670847	0.491044983779	3	473	1	
163	0	75	step_1_no_load	1	2	1	442	
163	0	75	step_2_no_load	5	6	0.44832280175	0.615552849174	6	737	0	
163	0	76	step_1_no_load	1	2	1	373	
163	0	76	step_2_no_load	5	6	0.488583631821	0.62770291155	6	924	0	
163	0	77	step_1_no_load	1	2	1	462	
163	0	77	step_2_no_load	5	6	0.446809557226	0.564257587118	5	824	1	
163	0	78	step_1_no_load	1	2	1	736	
163	0	78	step_2_no_load	3	4	0.647586191228	0.538654072849	4	478	0	
163	0	79	step_1_no_load	1	2	1	596	
163	0	79	step_2_no_load	5	6	0.389124152368	0.513695512795	6	831	1	
163	0	80	step_1_no_load	1	2	1	345	
163	0	80	step_2_no_load	5	6	0.396016175285	0.518583383166	6	899	1	
163	0	81	step_1_no_load	1	2	1	580	
163	0	81	step_2_no_load	3	4	0.702400933084	0.494116554432	3	918	1	
163	0	82	step_1_no_load	1	2	1	739	
163	0	82	step_2_no_load	3	4	0.688340116885	0.482727017837	3	676	0	
163	0	83	step_1_no_load	1	2	1	771	
163	0	83	step_2_no_load	5	6	0.382772464038	0.607907985871	6	1280	1	
163	0	84	step_1_no_load	1	2	1	346	
163	0	84	step_2_no_load	3	4	0.731466635793	0.505586222209	3	894	1	
163	0	85	step_1_no_load	1	2	1	281	
163	0	85	step_2_no_load	3	4	0.712989604416	0.485785534744	3	660	1	
163	0	86	step_1_no_load	1	2	1	579	
163	0	86	step_2_no_load	3	4	0.721207648497	0.486462788728	3	1130	1	
163	0	87	step_1_no_load	1	2	1	605	
163	0	87	step_2_no_load	3	4	0.690012761069	0.493867001103	4	454	1	
163	0	88	step_1_no_load	1	2	1	369	
163	0	88	step_2_no_load	3	4	0.696773608304	0.509563243675	3	552	0	
163	0	89	step_1_no_load	1	2	1	394	
163	0	89	step_2_no_load	3	4	0.660112261017	0.490019385174	3	651	1	
163	0	90	step_1_no_load	1	2	1	501	
163	0	90	step_2_no_load	3	4	0.688736868033	0.530126112124	3	1111	0	
163	0	91	step_1_no_load	1	2	1	702	
163	0	91	step_2_no_load	5	6	0.43534164751	0.685023809334	6	985	0	
163	0	92	step_1_no_load	1	2	1	372	
163	0	92	step_2_no_load	3	4	0.679381608313	0.484260039873	3	477	0	
163	0	93	step_1_no_load	1	2	1	505	
163	0	93	step_2_no_load	3	4	0.662863370634	0.473273727684	4	753	0	
163	0	94	step_1_no_load	1	2	1	552	
163	0	94	step_2_no_load	3	4	0.668295023896	0.468637558205	4	663	1	
163	0	95	step_1_no_load	1	2	1	357	
163	0	95	step_2_no_load	3	4	0.640209855442	0.42505578884	4	489	1	
163	0	96	step_1_no_load	1	2	1	337	
163	0	96	step_2_no_load	3	4	0.663095813561	0.437558890646	3	899	1	
163	0	97	step_1_no_load	1	2	1	459	
163	0	97	step_2_no_load	3	4	0.651202057411	0.455601814112	3	538	0	
163	0	98	step_1_no_load	1	2	1	460	
163	0	98	step_2_no_load	3	4	0.646040060297	0.431479829356	4	937	1	
163	0	99	step_1_no_load	1	2	1	392	
163	0	99	step_2_no_load	3	4	0.645191748454	0.375249961522	3	681	1	
163	0	100	step_1_no_load	1	2	1	503	
163	0	100	step_2_no_load	3	4	0.66579920021	0.363162156005	4	591	0	
163	0	101	step_1_no_load	1	2	1	571	
163	0	101	step_2_no_load	3	4	0.655903528958	0.366879421891	4	550	1	
163	0	102	step_1_no_load	1	2	1	564	
163	0	102	step_2_no_load	3	4	0.663124617603	0.326080462175	3	511	0	
163	0	103	step_1_no_load	1	2	1	877	
163	0	103	step_2_no_load	5	6	0.481975449893	0.663997796029	6	1069	0	
163	0	104	step_1_no_load	1	2	1	482	
163	0	104	step_2_no_load	3	4	0.743372642809	0.303696146503	3	540	0	
163	0	105	step_1_no_load	1	2	1	338	
163	0	105	step_2_no_load	5	6	0.514318365187	0.689135357059	5	1292	1	
163	0	106	step_1_no_load	1	2	1	501	
163	0	106	step_2_no_load	3	4	0.699623252899	0.374131494222	3	577	1	
163	0	107	step_1_no_load	1	2	1	381	
163	0	107	step_2_no_load	5	6	0.565220528809	0.692607431435	6	845	1	
163	0	108	step_1_no_load	1	2	1	392	
163	0	108	step_2_no_load	3	4	0.681491063126	0.388185708856	3	526	1	
163	0	109	step_1_no_load	1	2	1	468	
163	0	109	step_2_no_load	3	4	0.68658494263	0.372328831887	4	479	0	
163	0	110	step_1_no_load	1	2	1	426	
163	0	110	step_2_no_load	3	4	0.65455226558	0.395544455384	4	1235	0	
163	0	111	step_1_no_load	1	2	1	500	
163	0	111	step_2_no_load	5	6	0.384948378665	0.724852671171	6	770	1	
163	0	112	step_1_no_load	1	2	1	381	
163	0	112	step_2_no_load	3	4	0.635252945963	0.413393106784	3	628	1	
163	0	113	step_1_no_load	1	2	1	421	
163	0	113	step_2_no_load	3	4	0.634627459817	0.387112818105	3	975	0	
163	0	114	step_1_no_load	1	2	1	344	
163	0	114	step_2_no_load	5	6	0.380324086676	0.718213323791	6	1001	1	
163	0	115	step_1_no_load	1	2	1	434	
163	0	115	step_2_no_load	5	6	0.390027643099	0.739704344621	6	826	0	
163	0	116	step_1_no_load	1	2	1	320	
163	0	116	step_2_no_load	5	6	0.378149844807	0.706736514943	5	742	0	
163	0	117	step_1_no_load	1	2	1	428	
163	0	117	step_2_no_load	3	4	0.671842537277	0.363056877927	3	603	0	
163	0	118	step_1_no_load	1	2	1	438	
163	0	118	step_2_no_load	3	4	0.690484235012	0.362977115924	4	889	0	
163	0	119	step_1_no_load	1	2	1	457	
163	0	119	step_2_no_load	3	4	0.661177321751	0.358243439099	3	705	1	
163	0	120	step_1_no_load	1	2	1	272	
163	0	120	step_2_no_load	3	4	0.666433355915	0.333809617664	3	655	1	
163	0	121	step_1_no_load	1	2	1	1108	
163	0	121	step_2_no_load	3	4	0.671052306195	0.310775244958	3	1035	1	
163	0	122	step_1_no_load	1	2	1	479	
163	0	122	step_2_no_load	5	6	0.329624572119	0.6136886145	6	948	0	
163	0	123	step_1_no_load	1	2	1	256	
163	0	123	step_2_no_load	3	4	0.664849878232	0.269780614928	3	523	1	
163	0	124	step_1_no_load	1	2	1	551	
163	0	124	step_2_no_load	3	4	0.624161788269	0.26095206597	3	643	0	
163	0	125	step_1_no_load	1	2	1	901	
163	0	125	step_2_no_load	5	6	0.303110862715	0.559596800931	6	1047	1	
163	0	126	step_1_no_load	1	2	1	444	
163	0	126	step_2_no_load	3	4	0.600985760967	0.267206368684	4	543	0	
163	0	127	step_1_no_load	1	2	1	496	
163	0	127	step_2_no_load	5	6	0.274944938508	0.560824094575	6	748	0	
163	0	128	step_1_no_load	1	2	1	334	
163	0	128	step_2_no_load	3	4	0.620672334996	0.260252451606	3	600	0	
163	0	129	step_1_no_load	1	2	1	549	
163	0	129	step_2_no_load	5	6	0.271709703542	0.685297910719	6	963	0	
163	0	130	step_1_no_load	1	2	1	509	
163	0	130	step_2_no_load	3	4	0.630285316669	0.267460866951	3	910	0	
163	0	131	step_1_no_load	1	2	1	1274	
163	0	131	step_2_no_load	5	6	0.311475039155	0.678044920845	6	1314	1	
163	0	132	step_1_no_load	1	2	2	406	
163	0	132	step_2_no_load	3	4	0.660013924697	0.27986961048	3	819	1	
163	0	133	step_1_no_load	1	2	1	326	
163	0	133	step_2_no_load	3	4	0.691649444281	0.315608831386	3	389	1	
163	0	134	step_1_no_load	1	2	1	534	
163	0	134	step_2_no_load	3	4	0.685529359147	0.287393715313	3	579	1	
163	0	135	step_1_no_load	1	2	2	527	
163	0	135	step_2_no_load	5	6	0.287118934166	0.593710006149	6	533	1	
163	0	136	step_1_no_load	1	2	2	328	
163	0	136	step_2_no_load	5	6	0.284521085726	0.597814413435	6	495	0	
163	0	137	step_1_no_load	1	2	2	329	
163	0	137	step_2_no_load	5	6	0.325016613024	0.605896884497	6	476	0	
163	0	138	step_1_no_load	1	2	2	292	
163	0	138	step_2_no_load	3	4	0.688182193337	0.366701525561	3	368	1	
163	0	139	step_1_no_load	1	2	1	505	
163	0	139	step_2_no_load	3	4	0.696355985729	0.325611400511	3	396	0	
163	0	140	step_1_no_load	1	2	2	516	
163	0	140	step_2_no_load	5	6	0.328174526491	0.671213945178	5	624	1	
163	0	141	step_1_no_load	1	2	2	366	
163	0	141	step_2_no_load	3	4	0.616803346728	0.390227133375	3	1092	1	
163	0	142	step_1_no_load	1	2	2	848	
163	0	142	step_2_no_load	5	6	0.304203281606	0.690276058009	6	680	0	
163	0	143	step_1_no_load	1	2	2	305	
163	0	143	step_2_no_load	5	6	0.313516825296	0.661365099615	5	463	1	
163	0	144	step_1_no_load	1	2	2	309	
163	0	144	step_2_no_load	3	4	0.639347300184	0.389234194056	3	980	1	
163	0	145	step_1_no_load	1	2	2	278	
163	0	145	step_2_no_load	5	6	0.266265924094	0.6669125229	5	423	0	
163	0	146	step_1_no_load	1	2	2	465	
163	0	146	step_2_no_load	5	6	0.257861956214	0.681611991725	6	396	1	
163	0	147	step_1_no_load	1	2	2	421	
163	0	147	step_2_no_load	5	6	0.265578160642	0.647798886916	6	805	1	
163	0	148	step_1_no_load	1	2	2	284	
163	0	148	step_2_no_load	3	4	0.648050021239	0.311162711725	3	686	1	
163	0	149	step_1_no_load	1	2	2	407	
163	0	149	step_2_no_load	5	6	0.269951834184	0.601870110183	6	505	0	
163	0	150	step_1_no_load	1	2	2	551	
163	0	150	step_2_no_load	5	6	0.305587692243	0.575985663078	5	453	0	
163	0	151	step_1_no_load	1	2	2	457	
163	0	151	step_2_no_load	5	6	0.348172164421	0.59154759351	6	412	1	
163	0	152	step_1_no_load	1	2	2	290	
163	0	152	step_2_no_load	3	4	0.644204174791	0.323194010514	3	657	1	
163	0	153	step_1_no_load	1	2	2	266	
163	0	153	step_2_no_load	5	6	0.309356532263	0.613336203392	6	571	1	
163	0	154	step_1_no_load	1	2	2	361	
163	0	154	step_2_no_load	5	6	0.316375537537	0.638934099562	6	430	0	
163	0	155	step_1_no_load	1	2	2	239	
163	0	155	step_2_no_load	3	4	0.716100930629	0.372188990474	3	747	1	
163	0	156	step_1_no_load	1	2	2	260	
163	0	156	step_2_no_load	5	6	0.32564867104	0.631048201903	5	474	0	
163	0	157	step_1_no_load	1	2	2	272	
163	0	157	step_2_no_load	5	6	0.350909357271	0.585191807512	6	676	0	
163	0	158	step_1_no_load	1	2	2	355	
163	0	158	step_2_no_load	5	6	0.408728803896	0.532722108502	5	438	0	
163	0	159	step_1_no_load	1	2	2	227	
163	0	159	step_2_no_load	3	4	0.697903160072	0.321150411254	3	405	0	
163	0	160	step_1_no_load	1	2	2	346	
163	0	160	step_2_no_load	5	6	0.415052912783	0.521229931064	6	507	1	
163	0	161	step_1_no_load	1	2	2	233	
163	0	161	step_2_no_load	5	6	0.407025633682	0.516036498158	6	469	1	
163	0	162	step_1_no_load	1	2	2	442	
163	0	162	step_2_no_load	3	4	0.695144769903	0.455329532209	3	619	1	
163	0	163	step_1_no_load	1	2	2	273	
163	0	163	step_2_no_load	5	6	0.395221309311	0.5863391277	6	396	1	
163	0	164	step_1_no_load	1	2	2	316	
163	0	164	step_2_no_load	5	6	0.432761720497	0.585961845322	6	415	1	
163	0	165	step_1_no_load	1	2	2	419	
163	0	165	step_2_no_load	3	4	0.717506143195	0.347974240867	3	690	0	
163	0	166	step_1_no_load	1	2	2	271	
163	0	166	step_2_no_load	5	6	0.422282731054	0.549095060025	6	482	1	
163	0	167	step_1_no_load	1	2	2	295	
163	0	167	step_2_no_load	5	6	0.38753671275	0.585131062446	6	363	0	
163	0	168	step_1_no_load	1	2	2	430	
163	0	168	step_2_no_load	5	6	0.400817642375	0.613361520676	5	419	1	
163	0	169	step_1_no_load	1	2	2	251	
163	0	169	step_2_no_load	5	6	0.42098542374	0.586049140041	5	463	0	
163	0	170	step_1_no_load	1	2	2	251	
163	0	170	step_2_no_load	5	6	0.411067820436	0.57151385403	6	307	1	
163	0	171	step_1_no_load	1	2	2	278	
163	0	171	step_2_no_load	5	6	0.386979310814	0.553314431843	6	414	1	
163	0	172	step_1_no_load	1	2	2	340	
163	0	172	step_2_no_load	3	4	0.668669556875	0.490120307546	4	511	1	
163	0	173	step_1_no_load	1	2	2	312	
163	0	173	step_2_no_load	5	6	0.385349297983	0.484428109849	6	402	1	
163	0	174	step_1_no_load	1	2	2	291	
163	0	174	step_2_no_load	5	6	0.387867297446	0.472729524832	6	626	0	
163	0	175	step_1_no_load	1	2	2	521	
163	0	175	step_2_no_load	5	6	0.426185553904	0.52644949356	5	796	0	
163	0	176	step_1_no_load	1	2	2	323	
163	0	176	step_2_no_load	5	6	0.383231572002	0.474046874473	5	575	1	
163	0	177	step_1_no_load	1	2	2	296	
163	0	177	step_2_no_load	3	4	0.714070205704	0.4798184927	4	696	1	
163	0	178	step_1_no_load	1	2	2	272	
163	0	178	step_2_no_load	5	6	0.36473828006	0.493712351915	5	447	0	
163	0	179	step_1_no_load	1	2	2	243	
163	0	179	step_2_no_load	3	4	0.709345707515	0.493565996034	4	582	0	
163	0	180	step_1_no_load	1	2	2	533	
163	0	180	step_2_no_load	5	6	0.341214611607	0.482853857291	6	471	1	
163	0	181	step_1_no_load	1	2	2	312	
163	0	181	step_2_no_load	3	4	0.746910336326	0.480141179559	3	545	0	
163	0	182	step_1_no_load	1	2	2	317	
163	0	182	step_2_no_load	5	6	0.340533666308	0.506773281362	6	429	0	
163	0	183	step_1_no_load	1	2	2	606	
163	0	183	step_2_no_load	5	6	0.350175837802	0.502991759047	5	1192	0	
163	0	184	step_1_no_load	1	2	2	314	
163	0	184	step_2_no_load	5	6	0.362743255194	0.460890977786	6	704	1	
163	0	185	step_1_no_load	1	2	1	282	
163	0	185	step_2_no_load	3	4	0.665622647081	0.482228039858	3	371	0	
163	0	186	step_1_no_load	1	2	1	350	
163	0	186	step_2_no_load	3	4	0.656308636836	0.484672582719	4	387	0	
163	0	187	step_1_no_load	1	2	1	346	
163	0	187	step_2_no_load	3	4	0.678211978625	0.498596507669	3	439	1	
163	0	188	step_1_no_load	1	2	1	312	
163	0	188	step_2_no_load	3	4	0.696362660087	0.548350535247	3	411	0	
163	0	189	step_1_no_load	1	2	1	270	
163	0	189	step_2_no_load	5	6	0.285168135955	0.448897869069	5	569	1	
163	0	190	step_1_no_load	1	2	1	290	
163	0	190	step_2_no_load	3	4	0.667655825994	0.505820429042	3	683	0	
163	0	191	step_1_no_load	1	2	2	508	
163	0	191	step_2_no_load	5	6	0.318839908867	0.435748387321	5	403	0	
163	0	192	step_1_no_load	1	2	2	299	
163	0	192	step_2_no_load	3	4	0.705517419189	0.493851022417	3	745	1	
163	0	193	step_1_no_load	1	2	2	406	
163	0	193	step_2_no_load	3	4	0.679792491164	0.504944704439	3	759	1	
163	0	194	step_1_no_load	1	2	2	242	
163	0	194	step_2_no_load	3	4	0.655261361454	0.505359594715	3	618	1	
163	0	195	step_1_no_load	1	2	2	251	
163	0	195	step_2_no_load	5	6	0.348571348505	0.466795336969	6	597	0	
163	0	196	step_1_no_load	1	2	2	308	
163	0	196	step_2_no_load	3	4	0.695101215304	0.496717662777	3	504	1	
163	0	197	step_1_no_load	1	2	2	294	
163	0	197	step_2_no_load	3	4	0.686552522522	0.47786945426	3	538	0	
163	0	198	step_1_no_load	1	2	2	211	
163	0	198	step_2_no_load	5	6	0.303352625941	0.397292432346	6	419	0	
163	0	199	step_1_no_load	1	2	2	430	
163	0	199	step_2_no_load	5	6	0.292861528884	0.39793773834	5	408	0	
163	0	200	step_1_no_load	1	2	2	311	
163	0	200	step_2_no_load	3	4	0.728996708473	0.507902534353	3	607	1	

Fri Jul  6 14:47:06 2018
