Fri Jul  6 15:32:17 2018	
164	0	1	step_1_no_load	1	2	1	1003	
164	0	1	step_2_no_load	5	6	0.511789129507	0.457620150462	6	938	1	
164	0	2	step_1_no_load	1	2	1	407	
164	0	2	step_2_no_load	3	4	0.580156942153	0.610961032466	4	859	1	
164	0	3	step_1_no_load	1	2	1	353	
164	0	3	step_2_no_load	3	4	0.584197065669	0.589215227351	4	584	1	
164	0	4	step_1_no_load	1	2	1	375	
164	0	4	step_2_no_load	3	4	0.597491569846	0.564086293706	4	549	1	
164	0	5	step_1_no_load	1	2	1	477	
164	0	5	step_2_no_load	3	4	0.623810210114	0.576104915614	4	626	1	
164	0	6	step_1_no_load	1	2	1	287	
164	0	6	step_2_no_load	3	4	0.585722686883	0.603642866427	4	441	0	
164	0	7	step_1_no_load	1	2	1	368	
164	0	7	step_2_no_load	5	6	0.506408070053	0.500071913476	5	1264	0	
164	0	8	step_1_no_load	1	2	1	239	
164	0	8	step_2_no_load	3	4	0.59128639594	0.624210374623	4	550	0	
164	0	9	step_1_no_load	1	2	1	562	
164	0	9	step_2_no_load	3	4	0.598049061473	0.641106877158	4	574	1	
164	0	10	step_1_no_load	1	2	1	442	
164	0	10	step_2_no_load	3	4	0.652626043146	0.636063269715	4	593	0	
164	0	11	step_1_no_load	1	2	1	293	
164	0	11	step_2_no_load	5	6	0.59022801242	0.477013315682	6	278	1	
164	0	12	step_1_no_load	1	2	1	405	
164	0	12	step_2_no_load	3	4	0.682786328054	0.552770607849	4	649	1	
164	0	13	step_1_no_load	1	2	1	350	
164	0	13	step_2_no_load	3	4	0.653587098421	0.558313135925	4	760	1	
164	0	14	step_1_no_load	1	2	1	359	
164	0	14	step_2_no_load	3	4	0.629137942344	0.545555696267	4	566	0	
164	0	15	step_1_no_load	1	2	1	395	
164	0	15	step_2_no_load	3	4	0.612260006668	0.570419113221	4	493	1	
164	0	16	step_1_no_load	1	2	1	361	
164	0	16	step_2_no_load	3	4	0.628091198119	0.553308964466	4	516	1	
164	0	17	step_1_no_load	1	2	1	540	
164	0	17	step_2_no_load	5	6	0.643116883134	0.535958400205	6	439	1	
164	0	18	step_1_no_load	1	2	1	577	
164	0	18	step_2_no_load	5	6	0.626895526976	0.517514133912	6	567	1	
164	0	19	step_1_no_load	1	2	1	283	
164	0	19	step_2_no_load	3	4	0.619895761657	0.536502319591	4	580	0	
164	0	20	step_1_no_load	1	2	1	315	
164	0	20	step_2_no_load	5	6	0.60665343963	0.478025448397	6	624	0	
164	0	21	step_1_no_load	1	2	1	391	
164	0	21	step_2_no_load	5	6	0.611328949295	0.49769376036	6	1080	1	
164	0	22	step_1_no_load	1	2	1	388	
164	0	22	step_2_no_load	3	4	0.621949894727	0.468700882609	4	624	1	
164	0	23	step_1_no_load	1	2	1	374	
164	0	23	step_2_no_load	3	4	0.640163623731	0.513759772011	4	448	1	
164	0	24	step_1_no_load	1	2	1	741	
164	0	24	step_2_no_load	3	4	0.582115115688	0.503316199018	4	703	1	
164	0	25	step_1_no_load	1	2	1	714	
164	0	25	step_2_no_load	5	6	0.629917901014	0.503316372362	6	653	0	
164	0	26	step_1_no_load	1	2	1	427	
164	0	26	step_2_no_load	5	6	0.640635035276	0.511744353778	6	480	1	
164	0	27	step_1_no_load	1	2	1	646	
164	0	27	step_2_no_load	3	4	0.57860777711	0.54756089792	4	431	0	
164	0	28	step_1_no_load	1	2	1	1114	
164	0	28	step_2_no_load	3	4	0.588356036098	0.553259388875	4	577	0	
164	0	29	step_1_no_load	1	2	1	461	
164	0	29	step_2_no_load	5	6	0.618626354124	0.521159009103	6	589	0	
164	0	30	step_1_no_load	1	2	1	725	
164	0	30	step_2_no_load	3	4	0.608245979832	0.574272497114	4	595	0	
164	0	31	step_1_no_load	1	2	1	498	
164	0	31	step_2_no_load	3	4	0.636602545794	0.541819886458	4	578	1	
164	0	32	step_1_no_load	1	2	1	384	
164	0	32	step_2_no_load	3	4	0.634585171267	0.522993086096	4	642	0	
164	0	33	step_1_no_load	1	2	1	618	
164	0	33	step_2_no_load	3	4	0.611700032906	0.542309898544	-1	-1	-1	
164	0	34	step_1_no_load	1	2	1	506	
164	0	34	step_2_no_load	5	6	0.670290552209	0.454565258478	6	617	1	
164	0	35	step_1_no_load	1	2	1	373	
164	0	35	step_2_no_load	3	4	0.566827313385	0.594167768198	4	286	1	
164	0	36	step_1_no_load	1	2	1	598	
164	0	36	step_2_no_load	3	4	0.527635087561	0.611274573488	4	632	0	
164	0	37	step_1_no_load	1	2	1	608	
164	0	37	step_2_no_load	3	4	0.513822304161	0.598446394142	3	697	0	
164	0	38	step_1_no_load	1	2	1	466	
164	0	38	step_2_no_load	5	6	0.651263699161	0.553931241266	5	741	1	
164	0	39	step_1_no_load	1	2	1	606	
164	0	39	step_2_no_load	5	6	0.634483337633	0.578640235206	5	819	1	
164	0	40	step_1_no_load	1	2	1	596	
164	0	40	step_2_no_load	3	4	0.580760785074	0.607992802154	3	842	0	
164	0	41	step_1_no_load	1	2	1	322	
164	0	41	step_2_no_load	5	6	0.633285941184	0.583829055298	5	517	1	
164	0	42	step_1_no_load	1	2	1	363	
164	0	42	step_2_no_load	3	4	0.533857158543	0.609164606591	4	717	0	
164	0	43	step_1_no_load	1	2	1	306	
164	0	43	step_2_no_load	3	4	0.553703096215	0.612705031264	4	761	0	
164	0	44	step_1_no_load	1	2	1	351	
164	0	44	step_2_no_load	3	4	0.541854396676	0.611481438855	4	864	0	
164	0	45	step_1_no_load	1	2	1	387	
164	0	45	step_2_no_load	3	4	0.579346234508	0.632991467829	3	989	1	
164	0	46	step_1_no_load	1	2	1	328	
164	0	46	step_2_no_load	3	4	0.55511883717	0.600964500555	3	611	1	
164	0	47	step_1_no_load	1	2	1	394	
164	0	47	step_2_no_load	5	6	0.634373567175	0.493112702321	5	765	1	
164	0	48	step_1_no_load	1	2	1	396	
164	0	48	step_2_no_load	3	4	0.534690828011	0.615767119776	3	623	1	
164	0	49	step_1_no_load	1	2	1	406	
164	0	49	step_2_no_load	3	4	0.512405963374	0.610193185592	3	672	0	
164	0	50	step_1_no_load	1	2	1	510	
164	0	50	step_2_no_load	3	4	0.481616544184	0.606862017918	3	720	0	
164	0	51	step_1_no_load	1	2	1	516	
164	0	51	step_2_no_load	5	6	0.613357430892	0.469943944943	5	726	0	
164	0	52	step_1_no_load	1	2	1	508	
164	0	52	step_2_no_load	3	4	0.513589895419	0.539065404057	3	602	1	
164	0	53	step_1_no_load	1	2	1	487	
164	0	53	step_2_no_load	3	4	0.475342927439	0.551457882502	3	655	1	
164	0	54	step_1_no_load	1	2	1	366	
164	0	54	step_2_no_load	3	4	0.493362545513	0.570223904064	3	577	0	
164	0	55	step_1_no_load	1	2	1	457	
164	0	55	step_2_no_load	3	4	0.526704292526	0.574045915747	3	724	0	
164	0	56	step_1_no_load	1	2	1	374	
164	0	56	step_2_no_load	3	4	0.538512915562	0.601856598146	3	800	1	
164	0	57	step_1_no_load	1	2	1	576	
164	0	57	step_2_no_load	3	4	0.516475618243	0.641849303307	3	655	0	
164	0	58	step_1_no_load	1	2	2	349	
164	0	58	step_2_no_load	5	6	0.610896130115	0.478335218822	5	514	0	
164	0	59	step_1_no_load	1	2	2	309	
164	0	59	step_2_no_load	5	6	0.608951267756	0.480274332693	5	427	0	
164	0	60	step_1_no_load	1	2	2	269	
164	0	60	step_2_no_load	5	6	0.599559577859	0.491916707098	6	517	0	
164	0	61	step_1_no_load	1	2	1	391	
164	0	61	step_2_no_load	5	6	0.602879526975	0.464268875813	5	541	1	
164	0	62	step_1_no_load	1	2	1	723	
164	0	62	step_2_no_load	5	6	0.622820395113	0.50724109756	5	624	1	
164	0	63	step_1_no_load	1	2	1	968	
164	0	63	step_2_no_load	3	4	0.519445130796	0.664284493458	-1	-1	-1	
164	0	64	step_1_no_load	1	2	1	432	
164	0	64	step_2_no_load	3	4	0.533849886794	0.642369708469	3	357	1	
164	0	65	step_1_no_load	1	2	1	381	
164	0	65	step_2_no_load	3	4	0.517687993213	0.612660225018	3	353	1	
164	0	66	step_1_no_load	1	2	1	290	
164	0	66	step_2_no_load	5	6	0.630357351236	0.573761869714	5	667	0	
164	0	67	step_1_no_load	1	2	1	398	
164	0	67	step_2_no_load	5	6	0.674463681351	0.542076810516	5	706	0	
164	0	68	step_1_no_load	1	2	1	520	
164	0	68	step_2_no_load	3	4	0.523301545299	0.622963076372	4	940	1	
164	0	69	step_1_no_load	1	2	1	308	
164	0	69	step_2_no_load	3	4	0.560462111264	0.622221685203	4	359	1	
164	0	70	step_1_no_load	1	2	1	362	
164	0	70	step_2_no_load	3	4	0.548075770764	0.637556284465	4	532	0	
164	0	71	step_1_no_load	1	2	1	411	
164	0	71	step_2_no_load	3	4	0.546215110045	0.639174917797	4	654	1	
164	0	72	step_1_no_load	1	2	1	452	
164	0	72	step_2_no_load	3	4	0.556486305476	0.626024641967	4	506	0	
164	0	73	step_1_no_load	1	2	1	260	
164	0	73	step_2_no_load	3	4	0.50185699984	0.657126403029	4	763	1	
164	0	74	step_1_no_load	1	2	1	495	
164	0	74	step_2_no_load	5	6	0.693624670847	0.453420386428	5	923	1	
164	0	75	step_1_no_load	1	2	1	415	
164	0	75	step_2_no_load	3	4	0.483983914712	0.615552849174	4	525	0	
164	0	76	step_1_no_load	1	2	1	413	
164	0	76	step_2_no_load	3	4	0.518881389358	0.62770291155	4	502	0	
164	0	77	step_1_no_load	1	2	2	323	
164	0	77	step_2_no_load	5	6	0.679737625371	0.446809557226	5	392	1	
164	0	78	step_1_no_load	1	2	2	257	
164	0	78	step_2_no_load	3	4	0.538654072849	0.536711448352	3	1460	0	
164	0	79	step_1_no_load	1	2	2	303	
164	0	79	step_2_no_load	5	6	0.647841624544	0.389124152368	5	418	0	
164	0	80	step_1_no_load	1	2	1	409	
164	0	80	step_2_no_load	3	4	0.49921021142	0.518583383166	4	434	1	
164	0	81	step_1_no_load	1	2	1	382	
164	0	81	step_2_no_load	3	4	0.494116554432	0.529745690463	4	345	1	
164	0	82	step_1_no_load	1	2	1	414	
164	0	82	step_2_no_load	3	4	0.482727017837	0.564729328387	4	293	1	
164	0	83	step_1_no_load	1	2	1	307	
164	0	83	step_2_no_load	3	4	0.483255412498	0.607907985871	4	335	0	
164	0	84	step_1_no_load	1	2	1	334	
164	0	84	step_2_no_load	3	4	0.505586222209	0.65843840156	4	512	0	
164	0	85	step_1_no_load	1	2	2	751	
164	0	85	step_2_no_load	5	6	0.712989604416	0.384458259121	5	455	0	
164	0	86	step_1_no_load	1	2	1	375	
164	0	86	step_2_no_load	3	4	0.486462788728	0.691782850001	3	538	0	
164	0	87	step_1_no_load	1	2	2	429	
164	0	87	step_2_no_load	3	4	0.493867001103	0.719375344246	4	286	1	
164	0	88	step_1_no_load	1	2	1	414	
164	0	88	step_2_no_load	3	4	0.509563243675	0.717410082358	4	393	1	
164	0	89	step_1_no_load	1	2	1	444	
164	0	89	step_2_no_load	3	4	0.490019385174	0.690772436485	4	386	1	
164	0	90	step_1_no_load	1	2	1	511	
164	0	90	step_2_no_load	3	4	0.530126112124	0.712247848046	4	365	1	
164	0	91	step_1_no_load	1	2	1	589	
164	0	91	step_2_no_load	3	4	0.479087223222	0.685023809334	4	468	0	
164	0	92	step_1_no_load	1	2	2	422	
164	0	92	step_2_no_load	5	6	0.679381608313	0.444368850664	5	523	1	
164	0	93	step_1_no_load	1	2	2	631	
164	0	93	step_2_no_load	5	6	0.662863370634	0.439878153082	5	608	1	
164	0	94	step_1_no_load	1	2	2	351	
164	0	94	step_2_no_load	5	6	0.668295023896	0.429211756872	5	587	1	
164	0	95	step_1_no_load	1	2	2	316	
164	0	95	step_2_no_load	3	4	0.42505578884	0.715495469274	4	1098	1	
164	0	96	step_1_no_load	1	2	1	302	
164	0	96	step_2_no_load	3	4	0.437558890646	0.693739812506	4	386	1	
164	0	97	step_1_no_load	1	2	1	667	
164	0	97	step_2_no_load	3	4	0.455601814112	0.681272614291	4	659	1	
164	0	98	step_1_no_load	1	2	1	414	
164	0	98	step_2_no_load	3	4	0.431479829356	0.70287861952	4	537	1	
164	0	99	step_1_no_load	1	2	1	391	
164	0	99	step_2_no_load	5	6	0.645191748454	0.397561363605	5	753	0	
164	0	100	step_1_no_load	1	2	1	565	
164	0	100	step_2_no_load	3	4	0.363162156005	0.666227451505	4	402	0	
164	0	101	step_1_no_load	1	2	2	345	
164	0	101	step_2_no_load	5	6	0.655903528958	0.497432607584	5	394	0	
164	0	102	step_1_no_load	1	2	1	758	
164	0	102	step_2_no_load	5	6	0.663124617603	0.494584754513	5	671	0	
164	0	103	step_1_no_load	1	2	1	461	
164	0	103	step_2_no_load	3	4	0.322834495838	0.663997796029	4	451	1	
164	0	104	step_1_no_load	1	2	1	350	
164	0	104	step_2_no_load	3	4	0.303696146503	0.703870701136	4	539	1	
164	0	105	step_1_no_load	1	2	1	446	
164	0	105	step_2_no_load	3	4	0.352639603242	0.689135357059	4	475	1	
164	0	106	step_1_no_load	1	2	1	423	
164	0	106	step_2_no_load	3	4	0.374131494222	0.712883638252	4	521	0	
164	0	107	step_1_no_load	1	2	1	1282	
164	0	107	step_2_no_load	5	6	0.677514185929	0.565220528809	5	780	1	
164	0	108	step_1_no_load	1	2	1	413	
164	0	108	step_2_no_load	5	6	0.681491063126	0.526955028982	5	453	1	
164	0	109	step_1_no_load	1	2	1	382	
164	0	109	step_2_no_load	3	4	0.372328831887	0.71632547018	4	427	1	
164	0	110	step_1_no_load	1	2	1	310	
164	0	110	step_2_no_load	3	4	0.395544455384	0.729599891941	4	480	1	
164	0	111	step_1_no_load	1	2	1	357	
164	0	111	step_2_no_load	5	6	0.634599547742	0.384948378665	5	882	0	
164	0	112	step_1_no_load	1	2	1	1175	
164	0	112	step_2_no_load	3	4	0.413393106784	0.725701866094	4	522	1	
164	0	113	step_1_no_load	1	2	1	574	
164	0	113	step_2_no_load	3	4	0.387112818105	0.719324307956	4	573	1	
164	0	114	step_1_no_load	1	2	1	707	
164	0	114	step_2_no_load	3	4	0.384736699284	0.718213323791	4	551	1	
164	0	115	step_1_no_load	1	2	1	496	
164	0	115	step_2_no_load	5	6	0.645721217949	0.390027643099	6	595	1	
164	0	116	step_1_no_load	1	2	1	385	
164	0	116	step_2_no_load	3	4	0.369438791876	0.706736514943	4	491	1	
164	0	117	step_1_no_load	1	2	1	366	
164	0	117	step_2_no_load	3	4	0.363056877927	0.747012267642	4	425	1	
164	0	118	step_1_no_load	1	2	1	478	
164	0	118	step_2_no_load	3	4	0.362977115924	0.740051715856	4	693	1	
164	0	119	step_1_no_load	1	2	1	440	
164	0	119	step_2_no_load	3	4	0.358243439099	0.690424535099	4	572	1	
164	0	120	step_1_no_load	1	2	1	739	
164	0	120	step_2_no_load	5	6	0.666433355915	0.370150243662	5	911	1	
164	0	121	step_1_no_load	1	2	2	527	
164	0	121	step_2_no_load	3	4	0.310775244958	0.658856304095	4	601	1	
164	0	122	step_1_no_load	1	2	1	810	
164	0	122	step_2_no_load	3	4	0.266650857402	0.6136886145	4	476	0	
164	0	123	step_1_no_load	1	2	1	321	
164	0	123	step_2_no_load	5	6	0.664849878232	0.337526896345	5	614	1	
164	0	124	step_1_no_load	1	2	1	447	
164	0	124	step_2_no_load	3	4	0.26095206597	0.603013298253	4	478	0	
164	0	125	step_1_no_load	1	2	1	413	
164	0	125	step_2_no_load	3	4	0.290374841566	0.559596800931	4	697	0	
164	0	126	step_1_no_load	1	2	2	277	
164	0	126	step_2_no_load	3	4	0.267206368684	0.537863824328	4	712	0	
164	0	127	step_1_no_load	1	2	2	313	
164	0	127	step_2_no_load	3	4	0.273483952592	0.560824094575	4	868	1	
164	0	128	step_1_no_load	1	2	1	303	
164	0	128	step_2_no_load	5	6	0.620672334996	0.250790232267	5	580	0	
164	0	129	step_1_no_load	1	2	1	697	
164	0	129	step_2_no_load	5	6	0.632682846317	0.271709703542	5	511	1	
164	0	130	step_1_no_load	1	2	1	787	
164	0	130	step_2_no_load	3	4	0.267460866951	0.682031489739	4	716	0	
164	0	131	step_1_no_load	1	2	1	464	
164	0	131	step_2_no_load	3	4	0.281500842289	0.678044920845	4	476	1	
164	0	132	step_1_no_load	1	2	1	482	
164	0	132	step_2_no_load	5	6	0.660013924697	0.315328810424	5	923	1	
164	0	133	step_1_no_load	1	2	1	645	
164	0	133	step_2_no_load	3	4	0.315608831386	0.617383991623	4	516	1	
164	0	134	step_1_no_load	1	2	1	731	
164	0	134	step_2_no_load	3	4	0.287393715313	0.621945110858	4	500	0	
164	0	135	step_1_no_load	1	2	1	627	
164	0	135	step_2_no_load	3	4	0.300079459047	0.593710006149	4	589	1	
164	0	136	step_1_no_load	1	2	1	403	
164	0	136	step_2_no_load	3	4	0.307766925452	0.597814413435	4	437	1	
164	0	137	step_1_no_load	1	2	1	353	
164	0	137	step_2_no_load	3	4	0.346433498467	0.605896884497	4	383	1	
164	0	138	step_1_no_load	1	2	1	347	
164	0	138	step_2_no_load	3	4	0.366701525561	0.63240964674	4	398	0	
164	0	139	step_1_no_load	1	2	2	1048	
164	0	139	step_2_no_load	5	6	0.696355985729	0.323660750961	5	536	1	
164	0	140	step_1_no_load	1	2	2	369	
164	0	140	step_2_no_load	5	6	0.637682840728	0.328174526491	5	487	1	
164	0	141	step_1_no_load	1	2	2	597	
164	0	141	step_2_no_load	3	4	0.390227133375	0.711987889705	4	1082	0	
164	0	142	step_1_no_load	1	2	1	365	
164	0	142	step_2_no_load	5	6	0.627356259123	0.304203281606	5	662	1	
164	0	143	step_1_no_load	1	2	1	294	
164	0	143	step_2_no_load	3	4	0.410970957547	0.661365099615	4	574	1	
164	0	144	step_1_no_load	1	2	1	291	
164	0	144	step_2_no_load	5	6	0.639347300184	0.275932517017	5	895	1	
164	0	145	step_1_no_load	1	2	1	400	
164	0	145	step_2_no_load	3	4	0.355256413269	0.6669125229	4	560	1	
164	0	146	step_1_no_load	1	2	1	399	
164	0	146	step_2_no_load	3	4	0.320877500969	0.681611991725	4	535	1	
164	0	147	step_1_no_load	1	2	1	359	
164	0	147	step_2_no_load	3	4	0.352879785946	0.647798886916	4	507	0	
164	0	148	step_1_no_load	1	2	1	456	
164	0	148	step_2_no_load	3	4	0.311162711725	0.619272702026	4	639	1	
164	0	149	step_1_no_load	1	2	1	411	
164	0	149	step_2_no_load	3	4	0.300290206122	0.601870110183	4	554	0	
164	0	150	step_1_no_load	1	2	2	643	
164	0	150	step_2_no_load	5	6	0.605912419156	0.305587692243	5	711	0	
164	0	151	step_1_no_load	1	2	2	445	
164	0	151	step_2_no_load	5	6	0.614159737668	0.348172164421	5	614	1	
164	0	152	step_1_no_load	1	2	1	400	
164	0	152	step_2_no_load	5	6	0.644204174791	0.307702500543	5	1341	0	
164	0	153	step_1_no_load	1	2	1	263	
164	0	153	step_2_no_load	3	4	0.343622632154	0.613336203392	4	875	1	
164	0	154	step_1_no_load	1	2	1	405	
164	0	154	step_2_no_load	3	4	0.348349389262	0.638934099562	4	508	0	
164	0	155	step_1_no_load	1	2	1	466	
164	0	155	step_2_no_load	3	4	0.372188990474	0.632486591889	4	453	0	
164	0	156	step_1_no_load	1	2	2	714	
164	0	156	step_2_no_load	5	6	0.734436160799	0.32564867104	5	386	0	
164	0	157	step_1_no_load	1	2	2	271	
164	0	157	step_2_no_load	5	6	0.720725456325	0.350909357271	5	402	0	
164	0	158	step_1_no_load	1	2	1	292	
164	0	158	step_2_no_load	3	4	0.334595868098	0.532722108502	4	479	0	
164	0	159	step_1_no_load	1	2	1	517	
164	0	159	step_2_no_load	3	4	0.321150411254	0.541222065796	4	455	1	
164	0	160	step_1_no_load	1	2	1	355	
164	0	160	step_2_no_load	3	4	0.355992626298	0.521229931064	4	425	0	
164	0	161	step_1_no_load	1	2	1	772	
164	0	161	step_2_no_load	3	4	0.438878285506	0.516036498158	4	484	0	
164	0	162	step_1_no_load	1	2	2	609	
164	0	162	step_2_no_load	3	4	0.455329532209	0.566496468084	4	968	1	
164	0	163	step_1_no_load	1	2	1	358	
164	0	163	step_2_no_load	3	4	0.430920885959	0.5863391277	4	469	0	
164	0	164	step_1_no_load	1	2	1	320	
164	0	164	step_2_no_load	5	6	0.692137394606	0.432761720497	5	643	0	
164	0	165	step_1_no_load	1	2	1	1447	
164	0	165	step_2_no_load	3	4	0.347974240867	0.538026607649	4	1173	0	
164	0	166	step_1_no_load	1	2	1	416	
164	0	166	step_2_no_load	5	6	0.686594248975	0.422282731054	6	872	1	
164	0	167	step_1_no_load	1	2	1	359	
164	0	167	step_2_no_load	5	6	0.706271792549	0.38753671275	6	740	0	
164	0	168	step_1_no_load	1	2	1	369	
164	0	168	step_2_no_load	3	4	0.335777599654	0.613361520676	3	807	0	
164	0	169	step_1_no_load	1	2	1	354	
164	0	169	step_2_no_load	5	6	0.704981910944	0.42098542374	6	1021	1	
164	0	170	step_1_no_load	1	2	1	334	
164	0	170	step_2_no_load	3	4	0.364989630435	0.57151385403	4	413	0	
164	0	171	step_1_no_load	1	2	1	275	
164	0	171	step_2_no_load	3	4	0.425122034074	0.553314431843	3	1123	1	
164	0	172	step_1_no_load	1	2	1	346	
164	0	172	step_2_no_load	3	4	0.490120307546	0.519090471457	3	389	0	
164	0	173	step_1_no_load	1	2	1	498	
164	0	173	step_2_no_load	3	4	0.462866379815	0.484428109849	3	1040	0	
164	0	174	step_1_no_load	1	2	1	395	
164	0	174	step_2_no_load	3	4	0.46236234172	0.472729524832	4	341	0	
164	0	175	step_1_no_load	1	2	2	434	
164	0	175	step_2_no_load	3	4	0.484825491933	0.52644949356	4	1131	1	
164	0	176	step_1_no_load	1	2	1	1164	
164	0	176	step_2_no_load	3	4	0.500856457218	0.474046874473	4	559	0	
164	0	177	step_1_no_load	1	2	2	296	
164	0	177	step_2_no_load	5	6	0.714070205704	0.357425668099	6	1112	0	
164	0	178	step_1_no_load	1	2	2	415	
164	0	178	step_2_no_load	5	6	0.705993797498	0.36473828006	5	363	1	
164	0	179	step_1_no_load	1	2	2	381	
164	0	179	step_2_no_load	5	6	0.709345707515	0.324685418097	5	390	1	
164	0	180	step_1_no_load	1	2	2	292	
164	0	180	step_2_no_load	3	4	0.489345734128	0.482853857291	3	747	0	
164	0	181	step_1_no_load	1	2	2	556	
164	0	181	step_2_no_load	5	6	0.746910336326	0.342402764747	5	409	1	
164	0	182	step_1_no_load	1	2	2	370	
164	0	182	step_2_no_load	5	6	0.72717560423	0.340533666308	5	412	1	
164	0	183	step_1_no_load	1	2	2	393	
164	0	183	step_2_no_load	5	6	0.720388040749	0.350175837802	5	370	1	
164	0	184	step_1_no_load	1	2	2	381	
164	0	184	step_2_no_load	5	6	0.657291439324	0.362743255194	5	412	1	
164	0	185	step_1_no_load	1	2	2	456	
164	0	185	step_2_no_load	3	4	0.482228039858	0.479703516092	3	429	0	
164	0	186	step_1_no_load	1	2	1	407	
164	0	186	step_2_no_load	5	6	0.656308636836	0.332733011923	5	1189	1	
164	0	187	step_1_no_load	1	2	1	450	
164	0	187	step_2_no_load	5	6	0.678211978625	0.328890769988	5	592	1	
164	0	188	step_1_no_load	1	2	1	312	
164	0	188	step_2_no_load	3	4	0.548350535247	0.471319680586	4	531	1	
164	0	189	step_1_no_load	1	2	1	675	
164	0	189	step_2_no_load	3	4	0.534753756004	0.448897869069	4	548	1	
164	0	190	step_1_no_load	1	2	1	501	
164	0	190	step_2_no_load	5	6	0.667655825994	0.304557739386	5	621	1	
164	0	191	step_1_no_load	1	2	1	1155	
164	0	191	step_2_no_load	5	6	0.664271461991	0.318839908867	6	618	1	
164	0	192	step_1_no_load	1	2	1	532	
164	0	192	step_2_no_load	3	4	0.493851022417	0.450791310283	4	542	1	
164	0	193	step_1_no_load	1	2	1	591	
164	0	193	step_2_no_load	5	6	0.679792491164	0.321008037746	5	792	1	
164	0	194	step_1_no_load	1	2	1	823	
164	0	194	step_2_no_load	5	6	0.655261361454	0.342437174514	5	728	0	
164	0	195	step_1_no_load	1	2	1	1061	
164	0	195	step_2_no_load	5	6	0.646280688878	0.348571348505	5	1065	1	
164	0	196	step_1_no_load	1	2	1	729	
164	0	196	step_2_no_load	5	6	0.695101215304	0.365373286058	5	831	0	
164	0	197	step_1_no_load	1	2	1	919	
164	0	197	step_2_no_load	5	6	0.686552522522	0.316987700969	5	962	1	
164	0	198	step_1_no_load	1	2	1	857	
164	0	198	step_2_no_load	3	4	0.485065498391	0.397292432346	4	1367	0	
164	0	199	step_1_no_load	1	2	1	485	
164	0	199	step_2_no_load	5	6	0.73697129762	0.292861528884	5	556	1	
164	0	200	step_1_no_load	1	2	1	454	
164	0	200	step_2_no_load	3	4	0.507902534353	0.372436949782	4	956	1	

Fri Jul  6 15:53:59 2018
