Mon Jul  9 14:28:29 2018	
165	0	1	step_1_no_load	1	2	1	1016	
165	0	1	step_2_no_load	3	4	0.511789129507	0.594299910136	3	857	1	
165	0	2	step_1_no_load	1	2	1	486	
165	0	2	step_2_no_load	3	4	0.533203491871	0.610961032466	3	516	0	
165	0	3	step_1_no_load	1	2	1	422	
165	0	3	step_2_no_load	5	6	0.584197065669	0.476767372206	6	345	1	
165	0	4	step_1_no_load	1	2	2	752	
165	0	4	step_2_no_load	5	6	0.597491569846	0.478607661228	6	806	0	
165	0	5	step_1_no_load	1	2	2	683	
165	0	5	step_2_no_load	3	4	0.543908521457	0.576104915614	3	603	1	
165	0	6	step_1_no_load	1	2	2	466	
165	0	6	step_2_no_load	3	4	0.490454120702	0.603642866427	3	363	1	
165	0	7	step_1_no_load	1	2	1	869	
165	0	7	step_2_no_load	3	4	0.506408070053	0.622642364361	3	863	1	
165	0	8	step_1_no_load	1	2	1	903	
165	0	8	step_2_no_load	3	4	0.499203529332	0.624210374623	3	687	1	
165	0	9	step_1_no_load	1	2	2	685	
165	0	9	step_2_no_load	5	6	0.598049061473	0.496546708465	5	630	1	
165	0	10	step_1_no_load	1	2	2	585	
165	0	10	step_2_no_load	5	6	0.652626043146	0.482364178155	5	421	1	
165	0	11	step_1_no_load	1	2	2	376	
165	0	11	step_2_no_load	5	6	0.69163818036	0.477013315682	5	326	1	
165	0	12	step_1_no_load	1	2	2	468	
165	0	12	step_2_no_load	5	6	0.682786328054	0.48457206759	6	598	1	
165	0	13	step_1_no_load	1	2	2	662	
165	0	13	step_2_no_load	3	4	0.595790490356	0.558313135925	4	770	0	
165	0	14	step_1_no_load	1	2	2	867	
165	0	14	step_2_no_load	5	6	0.629137942344	0.491234392147	5	803	0	
165	0	15	step_1_no_load	1	2	2	830	
165	0	15	step_2_no_load	5	6	0.612260006668	0.505377237737	6	474	0	
165	0	16	step_1_no_load	1	2	2	1074	
165	0	16	step_2_no_load	5	6	0.628091198119	0.510958036527	6	843	0	
165	0	17	step_1_no_load	1	2	1	505	
165	0	17	step_2_no_load	3	4	0.643116883134	0.562895132605	3	438	1	
165	0	18	step_1_no_load	1	2	1	409	
165	0	18	step_2_no_load	5	6	0.626834332012	0.517514133912	5	547	1	
165	0	19	step_1_no_load	1	2	1	426	
165	0	19	step_2_no_load	3	4	0.644773170243	0.536502319591	3	322	1	
165	0	20	step_1_no_load	1	2	1	853	
165	0	20	step_2_no_load	3	4	0.60665343963	0.491720931314	4	590	1	
165	0	21	step_1_no_load	1	2	1	448	
165	0	21	step_2_no_load	3	4	0.611328949295	0.470207377245	4	399	1	
165	0	22	step_1_no_load	1	2	1	443	
165	0	22	step_2_no_load	3	4	0.618527126547	0.468700882609	4	191	0	
165	0	23	step_1_no_load	1	2	2	371	
165	0	23	step_2_no_load	5	6	0.640163623731	0.520606588181	6	573	0	
165	0	24	step_1_no_load	1	2	2	367	
165	0	24	step_2_no_load	5	6	0.582115115688	0.505388876622	5	344	1	
165	0	25	step_1_no_load	1	2	2	391	
165	0	25	step_2_no_load	3	4	0.629917901014	0.503605105412	3	416	1	
165	0	26	step_1_no_load	1	2	2	390	
165	0	26	step_2_no_load	5	6	0.592410219737	0.511744353778	5	340	1	
165	0	27	step_1_no_load	1	2	2	1050	
165	0	27	step_2_no_load	5	6	0.57860777711	0.507272671939	6	649	1	
165	0	28	step_1_no_load	1	2	2	430	
165	0	28	step_2_no_load	3	4	0.647441527317	0.553259388875	4	762	0	
165	0	29	step_1_no_load	1	2	1	407	
165	0	29	step_2_no_load	3	4	0.618626354124	0.561957580386	4	379	0	
165	0	30	step_1_no_load	1	2	1	308	
165	0	30	step_2_no_load	3	4	0.610227092493	0.574272497114	3	403	1	
165	0	31	step_1_no_load	1	2	1	356	
165	0	31	step_2_no_load	3	4	0.606122691795	0.541819886458	3	376	0	
165	0	32	step_1_no_load	1	2	1	398	
165	0	32	step_2_no_load	3	4	0.605616211083	0.522993086096	4	273	0	
165	0	33	step_1_no_load	1	2	2	427	
165	0	33	step_2_no_load	5	6	0.611700032906	0.487664344039	6	307	0	
165	0	34	step_1_no_load	1	2	2	504	
165	0	34	step_2_no_load	3	4	0.670290552209	0.538523758058	3	315	1	
165	0	35	step_1_no_load	1	2	2	326	
165	0	35	step_2_no_load	3	4	0.649776015006	0.594167768198	3	256	1	
165	0	36	step_1_no_load	1	2	2	387	
165	0	36	step_2_no_load	3	4	0.661229326326	0.611274573488	3	314	0	
165	0	37	step_1_no_load	1	2	1	375	
165	0	37	step_2_no_load	3	4	0.660658056664	0.598446394142	3	283	1	
165	0	38	step_1_no_load	1	2	1	379	
165	0	38	step_2_no_load	5	6	0.539078491643	0.553931241266	5	312	0	
165	0	39	step_1_no_load	1	2	1	357	
165	0	39	step_2_no_load	3	4	0.634483337633	0.610601635554	4	330	0	
165	0	40	step_1_no_load	1	2	1	828	
165	0	40	step_2_no_load	3	4	0.636994900683	0.607992802154	3	363	1	
165	0	41	step_1_no_load	1	2	1	468	
165	0	41	step_2_no_load	3	4	0.633285941184	0.588857868869	3	323	1	
165	0	42	step_1_no_load	1	2	1	658	
165	0	42	step_2_no_load	3	4	0.606696263624	0.609164606591	3	639	1	
165	0	43	step_1_no_load	1	2	1	1397	
165	0	43	step_2_no_load	3	4	0.581931546759	0.612705031264	4	1060	1	
165	0	44	step_1_no_load	1	2	1	389	
165	0	44	step_2_no_load	3	4	0.589653131867	0.611481438855	4	270	0	
165	0	45	step_1_no_load	1	2	2	403	
165	0	45	step_2_no_load	5	6	0.579346234508	0.5288039409	6	305	0	
165	0	46	step_1_no_load	1	2	2	267	
165	0	46	step_2_no_load	5	6	0.55511883717	0.532238720495	5	292	0	
165	0	47	step_1_no_load	1	2	1	380	
165	0	47	step_2_no_load	3	4	0.634373567175	0.598724660986	3	272	0	
165	0	48	step_1_no_load	1	2	1	289	
165	0	48	step_2_no_load	3	4	0.657624935632	0.615767119776	4	302	1	
165	0	49	step_1_no_load	1	2	1	447	
165	0	49	step_2_no_load	5	6	0.512405963374	0.489287375157	6	342	0	
165	0	50	step_1_no_load	1	2	2	349	
165	0	50	step_2_no_load	5	6	0.481616544184	0.47381367271	6	286	0	
165	0	51	step_1_no_load	1	2	2	539	
165	0	51	step_2_no_load	5	6	0.508197321577	0.469943944943	5	329	0	
165	0	52	step_1_no_load	1	2	2	776	
165	0	52	step_2_no_load	5	6	0.513589895419	0.429622901875	5	706	0	
165	0	53	step_1_no_load	1	2	1	330	
165	0	53	step_2_no_load	3	4	0.630956764252	0.551457882502	4	346	0	
165	0	54	step_1_no_load	1	2	1	318	
165	0	54	step_2_no_load	3	4	0.652515308527	0.570223904064	4	129	0	
165	0	55	step_1_no_load	1	2	1	431	
165	0	55	step_2_no_load	3	4	0.639840796975	0.574045915747	3	318	1	
165	0	56	step_1_no_load	1	2	1	408	
165	0	56	step_2_no_load	3	4	0.60038825769	0.601856598146	3	272	0	
165	0	57	step_1_no_load	1	2	2	302	
165	0	57	step_2_no_load	3	4	0.586335094239	0.641849303307	4	246	1	
165	0	58	step_1_no_load	1	2	2	371	
165	0	58	step_2_no_load	5	6	0.528376440027	0.478335218822	6	251	0	
165	0	59	step_1_no_load	1	2	2	558	
165	0	59	step_2_no_load	5	6	0.537400760025	0.480274332693	5	247	0	
165	0	60	step_1_no_load	1	2	1	355	
165	0	60	step_2_no_load	5	6	0.479287247283	0.491916707098	6	620	0	
165	0	61	step_1_no_load	1	2	1	325	
165	0	61	step_2_no_load	3	4	0.602879526975	0.669587072502	3	318	0	
165	0	62	step_1_no_load	1	2	2	533	
165	0	62	step_2_no_load	5	6	0.533031417444	0.50724109756	6	332	1	
165	0	63	step_1_no_load	1	2	2	385	
165	0	63	step_2_no_load	5	6	0.519445130796	0.53192660365	6	267	1	
165	0	64	step_1_no_load	1	2	2	500	
165	0	64	step_2_no_load	5	6	0.533849886794	0.555062911513	6	369	1	
165	0	65	step_1_no_load	1	2	2	439	
165	0	65	step_2_no_load	5	6	0.517687993213	0.569109504048	6	299	1	
165	0	66	step_1_no_load	1	2	2	287	
165	0	66	step_2_no_load	3	4	0.630357351236	0.606938648072	4	352	0	
165	0	67	step_1_no_load	1	2	1	921	
165	0	67	step_2_no_load	3	4	0.674463681351	0.597650193897	4	592	1	
165	0	68	step_1_no_load	1	2	1	505	
165	0	68	step_2_no_load	3	4	0.719455209845	0.622963076372	3	356	1	
165	0	69	step_1_no_load	1	2	1	388	
165	0	69	step_2_no_load	3	4	0.718756538957	0.622221685203	3	231	0	
165	0	70	step_1_no_load	1	2	2	585	
165	0	70	step_2_no_load	5	6	0.548075770764	0.498834901463	5	368	1	
165	0	71	step_1_no_load	1	2	2	310	
165	0	71	step_2_no_load	5	6	0.546215110045	0.482863323776	5	244	1	
165	0	72	step_1_no_load	1	2	2	314	
165	0	72	step_2_no_load	5	6	0.556486305476	0.47409116389	5	409	0	
165	0	73	step_1_no_load	1	2	2	286	
165	0	73	step_2_no_load	5	6	0.50185699984	0.435957313805	6	359	1	
165	0	74	step_1_no_load	1	2	2	459	
165	0	74	step_2_no_load	5	6	0.491044983779	0.453420386428	6	686	0	
165	0	75	step_1_no_load	1	2	1	599	
165	0	75	step_2_no_load	3	4	0.697629587097	0.615552849174	3	666	0	
165	0	76	step_1_no_load	1	2	1	367	
165	0	76	step_2_no_load	3	4	0.690117652944	0.62770291155	4	365	0	
165	0	77	step_1_no_load	1	2	2	991	
165	0	77	step_2_no_load	3	4	0.679737625371	0.564257587118	4	546	0	
165	0	78	step_1_no_load	1	2	2	503	
165	0	78	step_2_no_load	3	4	0.647586191228	0.536711448352	3	440	1	
165	0	79	step_1_no_load	1	2	2	415	
165	0	79	step_2_no_load	5	6	0.540085062695	0.389124152368	5	364	1	
165	0	80	step_1_no_load	1	2	2	420	
165	0	80	step_2_no_load	5	6	0.49921021142	0.396016175285	5	348	1	
165	0	81	step_1_no_load	1	2	2	472	
165	0	81	step_2_no_load	5	6	0.494116554432	0.419265522488	5	385	1	
165	0	82	step_1_no_load	1	2	2	315	
165	0	82	step_2_no_load	3	4	0.688340116885	0.564729328387	3	473	1	
165	0	83	step_1_no_load	1	2	2	343	
165	0	83	step_2_no_load	5	6	0.483255412498	0.382772464038	5	321	0	
165	0	84	step_1_no_load	1	2	1	519	
165	0	84	step_2_no_load	3	4	0.731466635793	0.65843840156	3	306	0	
165	0	85	step_1_no_load	1	2	1	431	
165	0	85	step_2_no_load	3	4	0.712989604416	0.692384972752	4	383	1	
165	0	86	step_1_no_load	1	2	1	373	
165	0	86	step_2_no_load	3	4	0.721207648497	0.691782850001	4	361	1	
165	0	87	step_1_no_load	1	2	1	372	
165	0	87	step_2_no_load	5	6	0.493867001103	0.40000499778	6	286	1	
165	0	88	step_1_no_load	1	2	1	346	
165	0	88	step_2_no_load	5	6	0.509563243675	0.377947492322	6	350	1	
165	0	89	step_1_no_load	1	2	1	509	
165	0	89	step_2_no_load	3	4	0.660112261017	0.690772436485	3	350	0	
165	0	90	step_1_no_load	1	2	1	368	
165	0	90	step_2_no_load	3	4	0.688736868033	0.712247848046	4	276	1	
165	0	91	step_1_no_load	1	2	1	386	
165	0	91	step_2_no_load	5	6	0.479087223222	0.43534164751	6	331	1	
165	0	92	step_1_no_load	1	2	1	334	
165	0	92	step_2_no_load	5	6	0.484260039873	0.444368850664	6	495	0	
165	0	93	step_1_no_load	1	2	2	982	
165	0	93	step_2_no_load	5	6	0.473273727684	0.439878153082	6	925	0	
165	0	94	step_1_no_load	1	2	2	311	
165	0	94	step_2_no_load	5	6	0.468637558205	0.429211756872	5	243	1	
165	0	95	step_1_no_load	1	2	2	537	
165	0	95	step_2_no_load	5	6	0.42505578884	0.427150666411	5	366	0	
165	0	96	step_1_no_load	1	2	2	1107	
165	0	96	step_2_no_load	5	6	0.437558890646	0.383038640121	6	683	1	
165	0	97	step_1_no_load	1	2	2	408	
165	0	97	step_2_no_load	3	4	0.651202057411	0.681272614291	4	699	1	
165	0	98	step_1_no_load	1	2	2	354	
165	0	98	step_2_no_load	3	4	0.646040060297	0.70287861952	4	830	0	
165	0	99	step_1_no_load	1	2	1	762	
165	0	99	step_2_no_load	5	6	0.375249961522	0.397561363605	5	396	0	
165	0	100	step_1_no_load	1	2	1	463	
165	0	100	step_2_no_load	5	6	0.363162156005	0.4333505304	6	361	0	
165	0	101	step_1_no_load	1	2	2	312	
165	0	101	step_2_no_load	5	6	0.366879421891	0.497432607584	6	384	1	
165	0	102	step_1_no_load	1	2	2	304	
165	0	102	step_2_no_load	3	4	0.663124617603	0.666304534392	4	897	1	
165	0	103	step_1_no_load	1	2	2	747	
165	0	103	step_2_no_load	3	4	0.69058998368	0.663997796029	4	660	1	
165	0	104	step_1_no_load	1	2	2	537	
165	0	104	step_2_no_load	3	4	0.743372642809	0.703870701136	4	673	0	
165	0	105	step_1_no_load	1	2	2	449	
165	0	105	step_2_no_load	5	6	0.352639603242	0.514318365187	5	334	1	
165	0	106	step_1_no_load	1	2	2	355	
165	0	106	step_2_no_load	5	6	0.374131494222	0.508908032404	5	236	0	
165	0	107	step_1_no_load	1	2	1	379	
165	0	107	step_2_no_load	3	4	0.677514185929	0.692607431435	4	543	1	
165	0	108	step_1_no_load	1	2	1	608	
165	0	108	step_2_no_load	5	6	0.388185708856	0.526955028982	6	385	1	
165	0	109	step_1_no_load	1	2	1	356	
165	0	109	step_2_no_load	3	4	0.68658494263	0.71632547018	4	441	1	
165	0	110	step_1_no_load	1	2	1	437	
165	0	110	step_2_no_load	3	4	0.65455226558	0.729599891941	4	150	0	
165	0	111	step_1_no_load	1	2	1	306	
165	0	111	step_2_no_load	5	6	0.407158158569	0.384948378665	5	329	0	
165	0	112	step_1_no_load	1	2	1	312	
165	0	112	step_2_no_load	5	6	0.413393106784	0.392887565883	6	240	0	
165	0	113	step_1_no_load	1	2	2	321	
165	0	113	step_2_no_load	5	6	0.387112818105	0.370697120277	6	345	0	
165	0	114	step_1_no_load	1	2	2	258	
165	0	114	step_2_no_load	3	4	0.657654904272	0.718213323791	3	341	0	
165	0	115	step_1_no_load	1	2	1	1249	
165	0	115	step_2_no_load	5	6	0.357661171116	0.390027643099	5	755	0	
165	0	116	step_1_no_load	1	2	1	310	
165	0	116	step_2_no_load	5	6	0.369438791876	0.378149844807	6	158	0	
165	0	117	step_1_no_load	1	2	1	242	
165	0	117	step_2_no_load	3	4	0.671842537277	0.747012267642	3	407	1	
165	0	118	step_1_no_load	1	2	1	329	
165	0	118	step_2_no_load	3	4	0.690484235012	0.740051715856	3	310	1	
165	0	119	step_1_no_load	1	2	1	336	
165	0	119	step_2_no_load	5	6	0.358243439099	0.357515098446	5	794	1	
165	0	120	step_1_no_load	1	2	1	300	
165	0	120	step_2_no_load	3	4	0.666433355915	0.70587238626	3	380	0	
165	0	121	step_1_no_load	1	2	2	773	
165	0	121	step_2_no_load	5	6	0.310775244958	0.352721767208	5	557	0	
165	0	122	step_1_no_load	1	2	2	309	
165	0	122	step_2_no_load	5	6	0.266650857402	0.329624572119	6	249	1	
165	0	123	step_1_no_load	1	2	2	325	
165	0	123	step_2_no_load	5	6	0.269780614928	0.337526896345	6	302	0	
165	0	124	step_1_no_load	1	2	2	554	
165	0	124	step_2_no_load	5	6	0.26095206597	0.309430836661	5	577	0	
165	0	125	step_1_no_load	1	2	1	370	
165	0	125	step_2_no_load	5	6	0.290374841566	0.303110862715	5	437	0	
165	0	126	step_1_no_load	1	2	1	392	
165	0	126	step_2_no_load	5	6	0.267206368684	0.300846667696	6	313	0	
165	0	127	step_1_no_load	1	2	1	285	
165	0	127	step_2_no_load	3	4	0.646945556251	0.560824094575	4	469	0	
165	0	128	step_1_no_load	1	2	2	318	
165	0	128	step_2_no_load	3	4	0.620672334996	0.636905534066	4	272	1	
165	0	129	step_1_no_load	1	2	2	334	
165	0	129	step_2_no_load	3	4	0.632682846317	0.685297910719	4	382	0	
165	0	130	step_1_no_load	1	2	2	660	
165	0	130	step_2_no_load	5	6	0.267460866951	0.274560758494	5	261	0	
165	0	131	step_1_no_load	1	2	2	247	
165	0	131	step_2_no_load	5	6	0.281500842289	0.311475039155	6	384	0	
165	0	132	step_1_no_load	1	2	1	291	
165	0	132	step_2_no_load	3	4	0.660013924697	0.668578020634	4	321	0	
165	0	133	step_1_no_load	1	2	1	265	
165	0	133	step_2_no_load	3	4	0.691649444281	0.617383991623	3	262	0	
165	0	134	step_1_no_load	1	2	1	437	
165	0	134	step_2_no_load	3	4	0.685529359147	0.621945110858	4	368	1	
165	0	135	step_1_no_load	1	2	1	553	
165	0	135	step_2_no_load	3	4	0.700779221781	0.593710006149	3	367	1	
165	0	136	step_1_no_load	1	2	1	430	
165	0	136	step_2_no_load	3	4	0.674914008636	0.597814413435	3	533	1	
165	0	137	step_1_no_load	1	2	1	341	
165	0	137	step_2_no_load	3	4	0.668540846495	0.605896884497	3	343	1	
165	0	138	step_1_no_load	1	2	1	377	
165	0	138	step_2_no_load	3	4	0.688182193337	0.63240964674	3	407	1	
165	0	139	step_1_no_load	1	2	1	342	
165	0	139	step_2_no_load	3	4	0.696355985729	0.636630981281	3	276	1	
165	0	140	step_1_no_load	1	2	1	986	
165	0	140	step_2_no_load	3	4	0.637682840728	0.671213945178	4	433	0	
165	0	141	step_1_no_load	1	2	2	345	
165	0	141	step_2_no_load	5	6	0.390227133375	0.311809871418	6	391	0	
165	0	142	step_1_no_load	1	2	2	430	
165	0	142	step_2_no_load	3	4	0.627356259123	0.690276058009	4	1422	1	
165	0	143	step_1_no_load	1	2	2	439	
165	0	143	step_2_no_load	5	6	0.410970957547	0.313516825296	6	426	0	
165	0	144	step_1_no_load	1	2	2	429	
165	0	144	step_2_no_load	5	6	0.389234194056	0.275932517017	5	427	1	
165	0	145	step_1_no_load	1	2	2	337	
165	0	145	step_2_no_load	5	6	0.355256413269	0.266265924094	5	362	0	
165	0	146	step_1_no_load	1	2	1	1079	
165	0	146	step_2_no_load	3	4	0.593778463268	0.681611991725	3	554	1	
165	0	147	step_1_no_load	1	2	1	383	
165	0	147	step_2_no_load	3	4	0.594861186319	0.647798886916	3	528	1	
165	0	148	step_1_no_load	1	2	1	813	
165	0	148	step_2_no_load	3	4	0.648050021239	0.619272702026	3	669	1	
165	0	149	step_1_no_load	1	2	1	483	
165	0	149	step_2_no_load	3	4	0.623203869836	0.601870110183	3	405	1	
165	0	150	step_1_no_load	1	2	1	418	
165	0	150	step_2_no_load	3	4	0.605912419156	0.575985663078	3	449	1	
165	0	151	step_1_no_load	1	2	1	494	
165	0	151	step_2_no_load	5	6	0.310557101463	0.348172164421	5	347	1	
165	0	152	step_1_no_load	1	2	1	444	
165	0	152	step_2_no_load	5	6	0.323194010514	0.307702500543	6	379	0	
165	0	153	step_1_no_load	1	2	1	416	
165	0	153	step_2_no_load	3	4	0.681559292085	0.613336203392	3	402	1	
165	0	154	step_1_no_load	1	2	1	536	
165	0	154	step_2_no_load	3	4	0.671672162443	0.638934099562	3	324	1	
165	0	155	step_1_no_load	1	2	1	493	
165	0	155	step_2_no_load	3	4	0.716100930629	0.632486591889	3	460	1	
165	0	156	step_1_no_load	1	2	1	436	
165	0	156	step_2_no_load	3	4	0.734436160799	0.631048201903	3	405	1	
165	0	157	step_1_no_load	1	2	1	410	
165	0	157	step_2_no_load	3	4	0.720725456325	0.585191807512	3	415	0	
165	0	158	step_1_no_load	1	2	1	467	
165	0	158	step_2_no_load	3	4	0.694270715354	0.532722108502	4	282	1	
165	0	159	step_1_no_load	1	2	1	374	
165	0	159	step_2_no_load	3	4	0.697903160072	0.541222065796	4	348	1	
165	0	160	step_1_no_load	1	2	1	422	
165	0	160	step_2_no_load	3	4	0.710728171711	0.521229931064	4	436	1	
165	0	161	step_1_no_load	1	2	1	446	
165	0	161	step_2_no_load	5	6	0.438878285506	0.407025633682	6	311	1	
165	0	162	step_1_no_load	1	2	1	343	
165	0	162	step_2_no_load	3	4	0.695144769903	0.566496468084	4	436	0	
165	0	163	step_1_no_load	1	2	2	344	
165	0	163	step_2_no_load	3	4	0.697095951435	0.5863391277	4	284	1	
165	0	164	step_1_no_load	1	2	2	392	
165	0	164	step_2_no_load	5	6	0.430844125626	0.432761720497	6	264	0	
165	0	165	step_1_no_load	1	2	-1	-1	
165	0	166	step_1_no_load	1	2	1	384	
165	0	166	step_2_no_load	3	4	0.686594248975	0.549095060025	4	250	1	
165	0	167	step_1_no_load	1	2	1	494	
165	0	167	step_2_no_load	5	6	0.331115714939	0.38753671275	6	307	0	
165	0	168	step_1_no_load	1	2	1	308	
165	0	168	step_2_no_load	3	4	0.67192508984	0.613361520676	3	384	0	
165	0	169	step_1_no_load	1	2	2	415	
165	0	169	step_2_no_load	5	6	0.365156560071	0.42098542374	6	368	0	
165	0	170	step_1_no_load	1	2	2	442	
165	0	170	step_2_no_load	3	4	0.67334314737	0.57151385403	3	328	0	
165	0	171	step_1_no_load	1	2	2	389	
165	0	171	step_2_no_load	5	6	0.425122034074	0.386979310814	5	389	0	
165	0	172	step_1_no_load	1	2	1	1407	
165	0	172	step_2_no_load	3	4	0.668669556875	0.519090471457	4	661	0	
165	0	173	step_1_no_load	1	2	2	450	
165	0	173	step_2_no_load	5	6	0.462866379815	0.385349297983	6	455	1	
165	0	174	step_1_no_load	1	2	2	430	
165	0	174	step_2_no_load	5	6	0.46236234172	0.387867297446	6	471	1	
165	0	175	step_1_no_load	1	2	2	662	
165	0	175	step_2_no_load	3	4	0.693968268443	0.52644949356	4	1068	1	
165	0	176	step_1_no_load	1	2	2	362	
165	0	176	step_2_no_load	3	4	0.679250000396	0.474046874473	4	339	0	
165	0	177	step_1_no_load	1	2	2	434	
165	0	177	step_2_no_load	5	6	0.4798184927	0.357425668099	5	305	1	
165	0	178	step_1_no_load	1	2	2	465	
165	0	178	step_2_no_load	3	4	0.705993797498	0.493712351915	3	434	0	
165	0	179	step_1_no_load	1	2	1	717	
165	0	179	step_2_no_load	3	4	0.709345707515	0.457298770028	3	573	0	
165	0	180	step_1_no_load	1	2	1	476	
165	0	180	step_2_no_load	5	6	0.489345734128	0.341214611607	6	412	1	
165	0	181	step_1_no_load	1	2	1	348	
165	0	181	step_2_no_load	3	4	0.746910336326	0.508735114046	4	264	0	
165	0	182	step_1_no_load	1	2	2	448	
165	0	182	step_2_no_load	5	6	0.49907747228	0.340533666308	6	402	1	
165	0	183	step_1_no_load	1	2	2	376	
165	0	183	step_2_no_load	5	6	0.492742497507	0.350175837802	6	483	1	
165	0	184	step_1_no_load	1	2	2	809	
165	0	184	step_2_no_load	5	6	0.480863422096	0.362743255194	6	424	0	
165	0	185	step_1_no_load	1	2	2	319	
165	0	185	step_2_no_load	3	4	0.665622647081	0.479703516092	3	248	1	
165	0	186	step_1_no_load	1	2	2	533	
165	0	186	step_2_no_load	5	6	0.484672582719	0.332733011923	5	1175	0	
165	0	187	step_1_no_load	1	2	1	202	
165	0	187	step_2_no_load	5	6	0.498596507669	0.328890769988	5	275	1	
165	0	188	step_1_no_load	1	2	1	429	
165	0	188	step_2_no_load	5	6	0.548350535247	0.291508050861	5	348	0	
165	0	189	step_1_no_load	1	2	1	430	
165	0	189	step_2_no_load	5	6	0.534753756004	0.285168135955	6	594	1	
165	0	190	step_1_no_load	1	2	1	279	
165	0	190	step_2_no_load	3	4	0.667655825994	0.433568856946	4	325	0	
165	0	191	step_1_no_load	1	2	2	277	
165	0	191	step_2_no_load	5	6	0.512103523931	0.318839908867	6	585	0	
165	0	192	step_1_no_load	1	2	2	298	
165	0	192	step_2_no_load	3	4	0.705517419189	0.450791310283	3	450	1	
165	0	193	step_1_no_load	1	2	2	329	
165	0	193	step_2_no_load	5	6	0.504944704439	0.321008037746	5	277	0	
165	0	194	step_1_no_load	1	2	2	389	
165	0	194	step_2_no_load	5	6	0.505359594715	0.342437174514	6	283	0	
165	0	195	step_1_no_load	1	2	1	511	
165	0	195	step_2_no_load	5	6	0.494102184238	0.348571348505	6	277	1	
165	0	196	step_1_no_load	1	2	1	418	
165	0	196	step_2_no_load	3	4	0.695101215304	0.421761207498	4	326	0	
165	0	197	step_1_no_load	1	2	1	352	
165	0	197	step_2_no_load	5	6	0.47786945426	0.316987700969	5	402	1	
165	0	198	step_1_no_load	1	2	1	452	
165	0	198	step_2_no_load	5	6	0.485065498391	0.303352625941	5	260	0	
165	0	199	step_1_no_load	1	2	2	624	
165	0	199	step_2_no_load	3	4	0.73697129762	0.39793773834	3	358	1	
165	0	200	step_1_no_load	1	2	2	351	
165	0	200	step_2_no_load	5	6	0.507902534353	0.299128796668	5	232	1	

Mon Jul  9 14:49:26 2018
