Thu Jul 12 15:19:47 2018	
167	0	1	step_1_no_load	1	2	-1	-1	
167	0	2	step_1_no_load	1	2	1	478	
167	0	2	step_2_no_load	3	4	0.580156942153	0.610961032466	3	673	0	
167	0	3	step_1_no_load	1	2	1	767	
167	0	3	step_2_no_load	3	4	0.584197065669	0.589215227351	4	935	1	
167	0	4	step_1_no_load	1	2	1	477	
167	0	4	step_2_no_load	3	4	0.597491569846	0.564086293706	3	729	0	
167	0	5	step_1_no_load	1	2	1	855	
167	0	5	step_2_no_load	3	4	0.623810210114	0.576104915614	3	749	1	
167	0	6	step_1_no_load	1	2	2	854	
167	0	6	step_2_no_load	3	4	0.585722686883	0.603642866427	3	903	1	
167	0	7	step_1_no_load	1	2	2	1014	
167	0	7	step_2_no_load	5	6	0.500071913476	0.506408070053	6	676	1	
167	0	8	step_1_no_load	1	2	1	625	
167	0	8	step_2_no_load	3	4	0.59128639594	0.624210374623	3	964	0	
167	0	9	step_1_no_load	1	2	1	583	
167	0	9	step_2_no_load	5	6	0.496546708465	0.54429228266	6	1276	1	
167	0	10	step_1_no_load	1	2	2	555	
167	0	10	step_2_no_load	3	4	0.652626043146	0.636063269715	3	1046	1	
167	0	11	step_1_no_load	1	2	1	474	
167	0	11	step_2_no_load	3	4	0.69163818036	0.609191465743	3	1228	0	
167	0	12	step_1_no_load	1	2	1	1030	
167	0	12	step_2_no_load	3	4	0.682786328054	0.552770607849	4	740	1	
167	0	13	step_1_no_load	1	2	2	675	
167	0	13	step_2_no_load	5	6	0.52012981853	0.595790490356	6	820	1	
167	0	14	step_1_no_load	1	2	2	1038	
167	0	14	step_2_no_load	3	4	0.629137942344	0.545555696267	3	889	1	
167	0	15	step_1_no_load	1	2	1	490	
167	0	15	step_2_no_load	3	4	0.612260006668	0.570419113221	3	1118	0	
167	0	16	step_1_no_load	1	2	1	318	
167	0	16	step_2_no_load	3	4	0.628091198119	0.553308964466	3	896	1	
167	0	17	step_1_no_load	1	2	1	397	
167	0	17	step_2_no_load	5	6	0.535958400205	0.643116883134	-1	-1	-1	
167	0	18	step_1_no_load	1	2	1	498	
167	0	18	step_2_no_load	5	6	0.517514133912	0.626895526976	6	1230	1	
167	0	19	step_1_no_load	1	2	1	305	
167	0	19	step_2_no_load	3	4	0.619895761657	0.536502319591	3	595	1	
167	0	20	step_1_no_load	1	2	2	392	
167	0	20	step_2_no_load	5	6	0.478025448397	0.60665343963	5	679	0	
167	0	21	step_1_no_load	1	2	1	487	
167	0	21	step_2_no_load	5	6	0.49769376036	0.611328949295	6	765	0	
167	0	22	step_1_no_load	1	2	1	322	
167	0	22	step_2_no_load	5	6	0.506100011497	0.618527126547	5	601	1	
167	0	23	step_1_no_load	1	2	2	492	
167	0	23	step_2_no_load	5	6	0.520606588181	0.604065470975	6	1096	1	
167	0	24	step_1_no_load	1	2	1	362	
167	0	24	step_2_no_load	3	4	0.582115115688	0.503316199018	3	1099	1	
167	0	25	step_1_no_load	1	2	1	366	
167	0	25	step_2_no_load	3	4	0.565698722896	0.503605105412	4	822	0	
167	0	26	step_1_no_load	1	2	1	374	
167	0	26	step_2_no_load	5	6	0.511744353778	0.640635035276	-1	-1	-1	
167	0	27	step_1_no_load	1	2	1	425	
167	0	27	step_2_no_load	5	6	0.507272671939	0.642144756622	6	315	0	
167	0	28	step_1_no_load	1	2	2	419	
167	0	28	step_2_no_load	5	6	0.520177259699	0.647441527317	5	543	1	
167	0	29	step_1_no_load	1	2	1	521	
167	0	29	step_2_no_load	3	4	0.606613029227	0.561957580386	4	843	0	
167	0	30	step_1_no_load	1	2	1	378	
167	0	30	step_2_no_load	5	6	0.4919199548	0.610227092493	5	1471	1	
167	0	31	step_1_no_load	1	2	2	1256	
167	0	31	step_2_no_load	5	6	0.483156722265	0.606122691795	-1	-1	-1	
167	0	32	step_1_no_load	1	2	2	340	
167	0	32	step_2_no_load	5	6	0.520318771114	0.605616211083	5	476	0	
167	0	33	step_1_no_load	1	2	1	303	
167	0	33	step_2_no_load	3	4	0.611700032906	0.542309898544	4	812	1	
167	0	34	step_1_no_load	1	2	1	360	
167	0	34	step_2_no_load	5	6	0.454565258478	0.670290552209	-1	-1	-1	
167	0	35	step_1_no_load	1	2	1	218	
167	0	35	step_2_no_load	5	6	0.491437207585	0.649776015006	5	572	0	
167	0	36	step_1_no_load	1	2	1	332	
167	0	36	step_2_no_load	3	4	0.527635087561	0.611274573488	4	748	1	
167	0	37	step_1_no_load	1	2	2	581	
167	0	37	step_2_no_load	5	6	0.543074626387	0.660658056664	5	674	1	
167	0	38	step_1_no_load	1	2	2	468	
167	0	38	step_2_no_load	5	6	0.553931241266	0.651263699161	5	633	0	
167	0	39	step_1_no_load	1	2	1	386	
167	0	39	step_2_no_load	3	4	0.557005857101	0.610601635554	4	503	0	
167	0	40	step_1_no_load	1	2	2	597	
167	0	40	step_2_no_load	5	6	0.5691386571	0.636994900683	5	529	0	
167	0	41	step_1_no_load	1	2	1	283	
167	0	41	step_2_no_load	5	6	0.583829055298	0.633285941184	5	1178	1	
167	0	42	step_1_no_load	1	2	1	383	
167	0	42	step_2_no_load	3	4	0.533857158543	0.609164606591	3	950	0	
167	0	43	step_1_no_load	1	2	1	399	
167	0	43	step_2_no_load	3	4	0.553703096215	0.612705031264	4	607	1	
167	0	44	step_1_no_load	1	2	2	406	
167	0	44	step_2_no_load	3	4	0.541854396676	0.611481438855	3	1303	0	
167	0	45	step_1_no_load	1	2	2	329	
167	0	45	step_2_no_load	5	6	0.5288039409	0.620699591043	6	957	0	
167	0	46	step_1_no_load	1	2	2	885	
167	0	46	step_2_no_load	5	6	0.532238720495	0.654261318712	5	964	0	
167	0	47	step_1_no_load	1	2	1	395	
167	0	47	step_2_no_load	3	4	0.546259467838	0.598724660986	3	1155	0	
167	0	48	step_1_no_load	1	2	1	412	
167	0	48	step_2_no_load	3	4	0.534690828011	0.615767119776	4	499	0	
167	0	49	step_1_no_load	1	2	1	412	
167	0	49	step_2_no_load	3	4	0.512405963374	0.610193185592	4	539	1	
167	0	50	step_1_no_load	1	2	1	484	
167	0	50	step_2_no_load	3	4	0.481616544184	0.606862017918	3	949	1	
167	0	51	step_1_no_load	1	2	1	292	
167	0	51	step_2_no_load	3	4	0.508197321577	0.564866799699	3	1150	0	
167	0	52	step_1_no_load	1	2	2	345	
167	0	52	step_2_no_load	5	6	0.429622901875	0.613408921915	6	566	0	
167	0	53	step_1_no_load	1	2	1	294	
167	0	53	step_2_no_load	3	4	0.475342927439	0.551457882502	3	429	1	
167	0	54	step_1_no_load	1	2	2	393	
167	0	54	step_2_no_load	5	6	0.491512498697	0.652515308527	5	1378	1	
167	0	55	step_1_no_load	1	2	1	413	
167	0	55	step_2_no_load	3	4	0.526704292526	0.574045915747	4	1251	1	
167	0	56	step_1_no_load	1	2	1	228	
167	0	56	step_2_no_load	3	4	0.538512915562	0.601856598146	3	921	0	
167	0	57	step_1_no_load	1	2	2	255	
167	0	57	step_2_no_load	5	6	0.466449077359	0.586335094239	5	708	0	
167	0	58	step_1_no_load	1	2	1	290	
167	0	58	step_2_no_load	3	4	0.528376440027	0.664682809182	3	911	0	
167	0	59	step_1_no_load	1	2	1	325	
167	0	59	step_2_no_load	3	4	0.537400760025	0.632500293208	4	1207	1	
167	0	60	step_1_no_load	1	2	1	568	
167	0	60	step_2_no_load	5	6	0.491916707098	0.599559577859	5	1017	0	
167	0	61	step_1_no_load	1	2	1	547	
167	0	61	step_2_no_load	3	4	0.527144452559	0.669587072502	4	606	0	
167	0	62	step_1_no_load	1	2	1	673	
167	0	62	step_2_no_load	3	4	0.533031417444	0.691137204746	4	464	1	
167	0	63	step_1_no_load	1	2	2	550	
167	0	63	step_2_no_load	5	6	0.53192660365	0.642623127313	6	541	1	
167	0	64	step_1_no_load	1	2	2	727	
167	0	64	step_2_no_load	5	6	0.555062911513	0.626149195169	5	521	0	
167	0	65	step_1_no_load	1	2	1	602	
167	0	65	step_2_no_load	5	6	0.569109504048	0.619953360065	5	735	1	
167	0	66	step_1_no_load	1	2	1	615	
167	0	66	step_2_no_load	3	4	0.555324764318	0.606938648072	4	884	1	
167	0	67	step_1_no_load	1	2	1	755	
167	0	67	step_2_no_load	5	6	0.542076810516	0.674463681351	6	1081	1	
167	0	68	step_1_no_load	1	2	1	619	
167	0	68	step_2_no_load	3	4	0.523301545299	0.622963076372	3	597	1	
167	0	69	step_1_no_load	1	2	2	690	
167	0	69	step_2_no_load	5	6	0.499137600991	0.718756538957	6	524	0	
167	0	70	step_1_no_load	1	2	1	307	
167	0	70	step_2_no_load	3	4	0.548075770764	0.637556284465	4	403	1	
167	0	71	step_1_no_load	1	2	1	497	
167	0	71	step_2_no_load	3	4	0.546215110045	0.639174917797	3	594	1	
167	0	72	step_1_no_load	1	2	2	360	
167	0	72	step_2_no_load	3	4	0.556486305476	0.626024641967	4	625	1	
167	0	73	step_1_no_load	1	2	2	513	
167	0	73	step_2_no_load	3	4	0.50185699984	0.657126403029	-1	-1	-1	
167	0	74	step_1_no_load	1	2	2	481	
167	0	74	step_2_no_load	3	4	0.491044983779	0.614462146454	4	463	1	
167	0	75	step_1_no_load	1	2	1	404	
167	0	75	step_2_no_load	5	6	0.44832280175	0.697629587097	6	894	1	
167	0	76	step_1_no_load	1	2	1	396	
167	0	76	step_2_no_load	3	4	0.518881389358	0.62770291155	4	999	1	
167	0	77	step_1_no_load	1	2	1	530	
167	0	77	step_2_no_load	5	6	0.446809557226	0.679737625371	5	869	1	
167	0	78	step_1_no_load	1	2	1	442	
167	0	78	step_2_no_load	3	4	0.538654072849	0.536711448352	4	1038	0	
167	0	79	step_1_no_load	1	2	1	242	
167	0	79	step_2_no_load	3	4	0.540085062695	0.513695512795	4	1298	0	
167	0	80	step_1_no_load	1	2	1	232	
167	0	80	step_2_no_load	3	4	0.49921021142	0.518583383166	3	593	0	
167	0	81	step_1_no_load	1	2	2	0	
167	0	81	step_2_no_load	3	4	0.494116554432	0.529745690463	3	1002	1	
167	0	82	step_1_no_load	1	2	1	377	
167	0	82	step_2_no_load	3	4	0.482727017837	0.564729328387	3	1076	1	
167	0	83	step_1_no_load	1	2	1	1065	
167	0	83	step_2_no_load	5	6	0.382772464038	0.726885136842	6	859	1	
167	0	84	step_1_no_load	1	2	1	671	
167	0	84	step_2_no_load	3	4	0.505586222209	0.65843840156	4	1195	0	
167	0	85	step_1_no_load	1	2	1	866	
167	0	85	step_2_no_load	3	4	0.485785534744	0.692384972752	3	1343	1	
167	0	86	step_1_no_load	1	2	2	783	
167	0	86	step_2_no_load	5	6	0.345323068124	0.721207648497	6	1019	1	
167	0	87	step_1_no_load	1	2	2	1375	
167	0	87	step_2_no_load	3	4	0.493867001103	0.719375344246	4	975	0	
167	0	88	step_1_no_load	1	2	1	414	
167	0	88	step_2_no_load	5	6	0.377947492322	0.696773608304	6	798	1	
167	0	89	step_1_no_load	1	2	2	720	
167	0	89	step_2_no_load	3	4	0.490019385174	0.690772436485	3	1116	1	
167	0	90	step_1_no_load	1	2	1	554	
167	0	90	step_2_no_load	3	4	0.530126112124	0.712247848046	4	910	0	
167	0	91	step_1_no_load	1	2	1	424	
167	0	91	step_2_no_load	3	4	0.479087223222	0.685023809334	4	1229	1	
167	0	92	step_1_no_load	1	2	1	304	
167	0	92	step_2_no_load	3	4	0.484260039873	0.692406274724	4	1233	1	
167	0	93	step_1_no_load	1	2	1	309	
167	0	93	step_2_no_load	5	6	0.439878153082	0.662863370634	6	1119	1	
167	0	94	step_1_no_load	1	2	1	359	
167	0	94	step_2_no_load	3	4	0.468637558205	0.719464414227	3	922	0	
167	0	95	step_1_no_load	1	2	1	422	
167	0	95	step_2_no_load	3	4	0.42505578884	0.715495469274	3	837	1	
167	0	96	step_1_no_load	1	2	1	321	
167	0	96	step_2_no_load	3	4	0.437558890646	0.693739812506	3	1124	1	
167	0	97	step_1_no_load	1	2	2	234	
167	0	97	step_2_no_load	5	6	0.392885664353	0.651202057411	5	1360	0	
167	0	98	step_1_no_load	1	2	2	1	
167	0	98	step_2_no_load	3	4	0.431479829356	0.70287861952	4	45	1	
167	0	99	step_1_no_load	1	2	1	360	
167	0	99	step_2_no_load	3	4	0.375249961522	0.673709850038	4	1185	1	
167	0	100	step_1_no_load	1	2	1	384	
167	0	100	step_2_no_load	3	4	0.363162156005	0.666227451505	3	1136	1	
167	0	101	step_1_no_load	1	2	1	434	
167	0	101	step_2_no_load	5	6	0.497432607584	0.655903528958	5	950	1	
167	0	102	step_1_no_load	1	2	1	358	
167	0	102	step_2_no_load	5	6	0.494584754513	0.663124617603	5	939	0	
167	0	103	step_1_no_load	1	2	1	460	
167	0	103	step_2_no_load	3	4	0.322834495838	0.663997796029	3	869	0	
167	0	104	step_1_no_load	1	2	2	326	
167	0	104	step_2_no_load	3	4	0.303696146503	0.703870701136	4	1135	0	
167	0	105	step_1_no_load	1	2	1	412	
167	0	105	step_2_no_load	5	6	0.514318365187	0.722851301692	6	899	1	
167	0	106	step_1_no_load	1	2	1	488	
167	0	106	step_2_no_load	3	4	0.374131494222	0.712883638252	4	500	1	
167	0	107	step_1_no_load	1	2	1	495	
167	0	107	step_2_no_load	3	4	0.388257337796	0.692607431435	3	1031	1	
167	0	108	step_1_no_load	1	2	1	321	
167	0	108	step_2_no_load	3	4	0.388185708856	0.695928523711	3	1104	1	
167	0	109	step_1_no_load	1	2	2	265	
167	0	109	step_2_no_load	3	4	0.372328831887	0.71632547018	4	1148	1	
167	0	110	step_1_no_load	1	2	2	260	
167	0	110	step_2_no_load	5	6	0.432626681236	0.65455226558	6	1017	1	
167	0	111	step_1_no_load	1	2	2	245	
167	0	111	step_2_no_load	5	6	0.384948378665	0.634599547742	6	1103	1	
167	0	112	step_1_no_load	1	2	2	240	
167	0	112	step_2_no_load	5	6	0.392887565883	0.635252945963	6	874	1	
167	0	113	step_1_no_load	1	2	1	388	
167	0	113	step_2_no_load	3	4	0.387112818105	0.719324307956	3	978	0	
167	0	114	step_1_no_load	1	2	1	532	
167	0	114	step_2_no_load	5	6	0.380324086676	0.657654904272	5	1041	0	
167	0	115	step_1_no_load	1	2	2	235	
167	0	115	step_2_no_load	5	6	0.390027643099	0.645721217949	5	901	1	
167	0	116	step_1_no_load	1	2	2	608	
167	0	116	step_2_no_load	5	6	0.378149844807	0.680124293449	6	1271	1	
167	0	117	step_1_no_load	1	2	2	296	
167	0	117	step_2_no_load	5	6	0.374621793791	0.671842537277	6	988	1	
167	0	118	step_1_no_load	1	2	1	484	
167	0	118	step_2_no_load	5	6	0.357645851833	0.690484235012	5	1249	0	
167	0	119	step_1_no_load	1	2	1	565	
167	0	119	step_2_no_load	3	4	0.358243439099	0.690424535099	4	1083	0	
167	0	120	step_1_no_load	1	2	2	302	
167	0	120	step_2_no_load	3	4	0.333809617664	0.70587238626	4	1429	1	
167	0	121	step_1_no_load	1	2	1	361	
167	0	121	step_2_no_load	3	4	0.310775244958	0.658856304095	3	1095	1	
167	0	122	step_1_no_load	1	2	1	402	
167	0	122	step_2_no_load	3	4	0.266650857402	0.6136886145	4	1000	0	
167	0	123	step_1_no_load	1	2	1	641	
167	0	123	step_2_no_load	3	4	0.269780614928	0.583607229978	4	779	0	
167	0	124	step_1_no_load	1	2	2	595	
167	0	124	step_2_no_load	3	4	0.26095206597	0.603013298253	-1	-1	-1	
167	0	125	step_1_no_load	1	2	1	873	
167	0	125	step_2_no_load	3	4	0.290374841566	0.559596800931	3	899	1	
167	0	126	step_1_no_load	1	2	1	455	
167	0	126	step_2_no_load	3	4	0.267206368684	0.537863824328	4	869	0	
167	0	127	step_1_no_load	1	2	2	447	
167	0	127	step_2_no_load	5	6	0.274944938508	0.646945556251	5	1296	1	
167	0	128	step_1_no_load	1	2	1	466	
167	0	128	step_2_no_load	3	4	0.260252451606	0.636905534066	4	1271	0	
167	0	129	step_1_no_load	1	2	1	546	
167	0	129	step_2_no_load	3	4	0.268213321963	0.685297910719	3	817	0	
167	0	130	step_1_no_load	1	2	2	481	
167	0	130	step_2_no_load	5	6	0.274560758494	0.630285316669	5	966	0	
167	0	131	step_1_no_load	1	2	2	525	
167	0	131	step_2_no_load	3	4	0.281500842289	0.678044920845	-1	-1	-1	
167	0	132	step_1_no_load	1	2	1	336	
167	0	132	step_2_no_load	3	4	0.27986961048	0.668578020634	4	555	1	
167	0	133	step_1_no_load	1	2	2	486	
167	0	133	step_2_no_load	5	6	0.312642735495	0.691649444281	5	511	0	
167	0	134	step_1_no_load	1	2	2	552	
167	0	134	step_2_no_load	5	6	0.302839427162	0.685529359147	6	469	1	
167	0	135	step_1_no_load	1	2	1	687	
167	0	135	step_2_no_load	3	4	0.300079459047	0.593710006149	3	772	1	
167	0	136	step_1_no_load	1	2	2	327	
167	0	136	step_2_no_load	5	6	0.284521085726	0.674914008636	6	1085	1	
167	0	137	step_1_no_load	1	2	2	303	
167	0	137	step_2_no_load	5	6	0.325016613024	0.668540846495	6	1456	1	
167	0	138	step_1_no_load	1	2	2	428	
167	0	138	step_2_no_load	3	4	0.366701525561	0.63240964674	4	1388	0	
167	0	139	step_1_no_load	1	2	1	471	
167	0	139	step_2_no_load	3	4	0.325611400511	0.636630981281	4	1186	0	
167	0	140	step_1_no_load	1	2	1	512	
167	0	140	step_2_no_load	3	4	0.348740542008	0.671213945178	4	1117	1	
167	0	141	step_1_no_load	1	2	2	589	
167	0	141	step_2_no_load	5	6	0.311809871418	0.616803346728	5	868	1	
167	0	142	step_1_no_load	1	2	2	265	
167	0	142	step_2_no_load	3	4	0.397052682821	0.690276058009	4	1332	1	
167	0	143	step_1_no_load	1	2	2	282	
167	0	143	step_2_no_load	3	4	0.410970957547	0.661365099615	3	1029	0	
167	0	144	step_1_no_load	1	2	1	496	
167	0	144	step_2_no_load	5	6	0.275932517017	0.639347300184	5	1334	0	
167	0	145	step_1_no_load	1	2	2	283	
167	0	145	step_2_no_load	5	6	0.266265924094	0.606515632748	5	992	0	
167	0	146	step_1_no_load	1	2	2	413	
167	0	146	step_2_no_load	5	6	0.257861956214	0.593778463268	5	838	0	
167	0	147	step_1_no_load	1	2	1	377	
167	0	147	step_2_no_load	3	4	0.352879785946	0.647798886916	4	1160	1	
167	0	148	step_1_no_load	1	2	1	607	
167	0	148	step_2_no_load	5	6	0.305288021243	0.648050021239	5	909	0	
167	0	149	step_1_no_load	1	2	2	831	
167	0	149	step_2_no_load	5	6	0.269951834184	0.623203869836	6	575	0	
167	0	150	step_1_no_load	1	2	1	481	
167	0	150	step_2_no_load	3	4	0.306860041627	0.575985663078	4	1171	1	
167	0	151	step_1_no_load	1	2	2	334	
167	0	151	step_2_no_load	3	4	0.310557101463	0.59154759351	-1	-1	-1	
167	0	152	step_1_no_load	1	2	1	650	
167	0	152	step_2_no_load	3	4	0.323194010514	0.595108765344	4	430	1	
167	0	153	step_1_no_load	1	2	1	291	
167	0	153	step_2_no_load	3	4	0.343622632154	0.613336203392	3	1078	1	
167	0	154	step_1_no_load	1	2	1	421	
167	0	154	step_2_no_load	3	4	0.348349389262	0.638934099562	4	1170	0	
167	0	155	step_1_no_load	1	2	1	462	
167	0	155	step_2_no_load	3	4	0.372188990474	0.632486591889	4	964	0	
167	0	156	step_1_no_load	1	2	1	544	
167	0	156	step_2_no_load	3	4	0.368378667812	0.631048201903	4	947	0	
167	0	157	step_1_no_load	1	2	1	928	
167	0	157	step_2_no_load	5	6	0.350909357271	0.720725456325	6	1328	1	
167	0	158	step_1_no_load	1	2	1	462	
167	0	158	step_2_no_load	3	4	0.334595868098	0.532722108502	3	1033	1	
167	0	159	step_1_no_load	1	2	1	436	
167	0	159	step_2_no_load	3	4	0.321150411254	0.541222065796	3	1138	0	
167	0	160	step_1_no_load	1	2	2	694	
167	0	160	step_2_no_load	5	6	0.415052912783	0.710728171711	6	743	0	
167	0	161	step_1_no_load	1	2	1	455	
167	0	161	step_2_no_load	5	6	0.407025633682	0.719896286569	-1	-1	-1	
167	0	162	step_1_no_load	1	2	1	555	
167	0	162	step_2_no_load	3	4	0.455329532209	0.566496468084	4	1031	0	
167	0	163	step_1_no_load	1	2	1	345	
167	0	163	step_2_no_load	3	4	0.430920885959	0.5863391277	3	1038	0	
167	0	164	step_1_no_load	1	2	2	768	
167	0	164	step_2_no_load	5	6	0.432761720497	0.692137394606	6	1203	0	
167	0	165	step_1_no_load	1	2	2	555	
167	0	165	step_2_no_load	5	6	0.463777557969	0.717506143195	6	777	0	
167	0	166	step_1_no_load	1	2	1	250	
167	0	166	step_2_no_load	3	4	0.356317216644	0.549095060025	4	348	1	
167	0	167	step_1_no_load	1	2	1	475	
167	0	167	step_2_no_load	3	4	0.331115714939	0.585131062446	3	1229	0	
167	0	168	step_1_no_load	1	2	1	236	
167	0	168	step_2_no_load	5	6	0.400817642375	0.67192508984	5	1008	0	
167	0	169	step_1_no_load	1	2	2	1016	
167	0	169	step_2_no_load	5	6	0.42098542374	0.704981910944	6	873	0	
167	0	170	step_1_no_load	1	2	1	462	
167	0	170	step_2_no_load	3	4	0.364989630435	0.57151385403	4	906	0	
167	0	171	step_1_no_load	1	2	1	331	
167	0	171	step_2_no_load	3	4	0.425122034074	0.553314431843	3	995	0	
167	0	172	step_1_no_load	1	2	-1	-1	
167	0	173	step_1_no_load	1	2	2	391	
167	0	173	step_2_no_load	5	6	0.385349297983	0.667027212577	6	749	0	
167	0	174	step_1_no_load	1	2	1	705	
167	0	174	step_2_no_load	5	6	0.387867297446	0.729877433725	6	750	1	
167	0	175	step_1_no_load	1	2	1	523	
167	0	175	step_2_no_load	3	4	0.484825491933	0.52644949356	3	891	0	
167	0	176	step_1_no_load	1	2	2	341	
167	0	176	step_2_no_load	3	4	0.500856457218	0.474046874473	3	553	0	
167	0	177	step_1_no_load	1	2	1	399	
167	0	177	step_2_no_load	3	4	0.4798184927	0.501268576771	4	524	1	
167	0	178	step_1_no_load	1	2	1	450	
167	0	178	step_2_no_load	5	6	0.36473828006	0.705993797498	5	1009	0	
167	0	179	step_1_no_load	1	2	1	328	
167	0	179	step_2_no_load	3	4	0.493565996034	0.457298770028	3	680	1	
167	0	180	step_1_no_load	1	2	1	254	
167	0	180	step_2_no_load	3	4	0.489345734128	0.482853857291	4	1084	1	
167	0	181	step_1_no_load	1	2	2	364	
167	0	181	step_2_no_load	5	6	0.342402764747	0.746910336326	5	783	0	
167	0	182	step_1_no_load	1	2	1	457	
167	0	182	step_2_no_load	3	4	0.49907747228	0.506773281362	4	549	1	
167	0	183	step_1_no_load	1	2	1	228	
167	0	183	step_2_no_load	5	6	0.350175837802	0.720388040749	-1	-1	-1	
167	0	184	step_1_no_load	1	2	1	469	
167	0	184	step_2_no_load	3	4	0.480863422096	0.460890977786	3	829	0	
167	0	185	step_1_no_load	1	2	2	289	
167	0	185	step_2_no_load	5	6	0.362611152222	0.665622647081	6	755	1	
167	0	186	step_1_no_load	1	2	1	345	
167	0	186	step_2_no_load	3	4	0.484672582719	0.46870859828	4	710	0	
167	0	187	step_1_no_load	1	2	1	444	
167	0	187	step_2_no_load	3	4	0.498596507669	0.443962917772	4	931	0	
167	0	188	step_1_no_load	1	2	1	546	
167	0	188	step_2_no_load	3	4	0.548350535247	0.471319680586	3	465	1	
167	0	189	step_1_no_load	1	2	2	389	
167	0	189	step_2_no_load	5	6	0.285168135955	0.688353284054	5	1311	1	
167	0	190	step_1_no_load	1	2	1	522	
167	0	190	step_2_no_load	5	6	0.304557739386	0.667655825994	6	887	1	
167	0	191	step_1_no_load	1	2	1	345	
167	0	191	step_2_no_load	5	6	0.318839908867	0.664271461991	6	1143	0	
167	0	192	step_1_no_load	1	2	2	393	
167	0	192	step_2_no_load	3	4	0.493851022417	0.450791310283	3	1173	0	
167	0	193	step_1_no_load	1	2	2	215	
167	0	193	step_2_no_load	3	4	0.504944704439	0.440813209638	3	1032	0	
167	0	194	step_1_no_load	1	2	1	389	
167	0	194	step_2_no_load	5	6	0.342437174514	0.655261361454	5	854	0	
167	0	195	step_1_no_load	1	2	2	308	
167	0	195	step_2_no_load	3	4	0.494102184238	0.466795336969	3	906	0	
167	0	196	step_1_no_load	1	2	1	261	
167	0	196	step_2_no_load	5	6	0.365373286058	0.695101215304	6	818	1	
167	0	197	step_1_no_load	1	2	1	400	
167	0	197	step_2_no_load	3	4	0.47786945426	0.422511153127	3	847	1	
167	0	198	step_1_no_load	1	2	1	264	
167	0	198	step_2_no_load	3	4	0.485065498391	0.397292432346	3	1162	1	
167	0	199	step_1_no_load	1	2	1	461	
167	0	199	step_2_no_load	3	4	0.529438031858	0.39793773834	4	996	0	
167	0	200	step_1_no_load	1	2	1	278	
167	0	200	step_2_no_load	3	4	0.507902534353	0.372436949782	3	711	0	

Thu Jul 12 15:37:10 2018
