Thu Jul 12 16:58:36 2018	
168	0	1	step_1_no_load	1	2	1	709	
168	0	1	step_2_no_load	5	6	0.457620150462	0.594299910136	5	733	1	
168	0	2	step_1_no_load	1	2	1	381	
168	0	2	step_2_no_load	3	4	0.580156942153	0.533203491871	3	737	1	
168	0	3	step_1_no_load	1	2	1	475	
168	0	3	step_2_no_load	5	6	0.476767372206	0.589215227351	5	560	0	
168	0	4	step_1_no_load	1	2	1	419	
168	0	4	step_2_no_load	3	4	0.597491569846	0.494597764192	3	478	0	
168	0	5	step_1_no_load	1	2	1	427	
168	0	5	step_2_no_load	3	4	0.623810210114	0.543908521457	3	526	0	
168	0	6	step_1_no_load	1	2	1	478	
168	0	6	step_2_no_load	5	6	0.506877622204	0.603642866427	5	705	0	
168	0	7	step_1_no_load	1	2	1	347	
168	0	7	step_2_no_load	5	6	0.500071913476	0.622642364361	6	614	0	
168	0	8	step_1_no_load	1	2	1	422	
168	0	8	step_2_no_load	3	4	0.59128639594	0.499203529332	3	642	0	
168	0	9	step_1_no_load	1	2	1	465	
168	0	9	step_2_no_load	3	4	0.598049061473	0.54429228266	4	688	1	
168	0	10	step_1_no_load	1	2	1	414	
168	0	10	step_2_no_load	3	4	0.652626043146	0.576063520885	4	492	1	
168	0	11	step_1_no_load	1	2	1	392	
168	0	11	step_2_no_load	5	6	0.477013315682	0.609191465743	6	1006	1	
168	0	12	step_1_no_load	1	2	1	432	
168	0	12	step_2_no_load	3	4	0.682786328054	0.597131918027	4	622	1	
168	0	13	step_1_no_load	1	2	1	354	
168	0	13	step_2_no_load	3	4	0.653587098421	0.595790490356	4	903	1	
168	0	14	step_1_no_load	1	2	1	361	
168	0	14	step_2_no_load	3	4	0.629137942344	0.611256675753	4	479	1	
168	0	15	step_1_no_load	1	2	1	396	
168	0	15	step_2_no_load	3	4	0.612260006668	0.633564630036	4	601	1	
168	0	16	step_1_no_load	1	2	1	347	
168	0	16	step_2_no_load	5	6	0.510958036527	0.553308964466	6	543	0	
168	0	17	step_1_no_load	1	2	1	336	
168	0	17	step_2_no_load	3	4	0.633350170016	0.643116883134	4	435	1	
168	0	18	step_1_no_load	1	2	1	360	
168	0	18	step_2_no_load	5	6	0.517514133912	0.553554620302	6	408	1	
168	0	19	step_1_no_load	1	2	1	420	
168	0	19	step_2_no_load	3	4	0.619895761657	0.644773170243	4	500	1	
168	0	20	step_1_no_load	1	2	1	422	
168	0	20	step_2_no_load	3	4	0.636521555122	0.60665343963	4	527	1	
168	0	21	step_1_no_load	1	2	1	344	
168	0	21	step_2_no_load	3	4	0.630305464549	0.611328949295	4	436	0	
168	0	22	step_1_no_load	1	2	1	1	
168	0	22	step_2_no_load	3	4	0.621949894727	0.618527126547	4	573	1	
168	0	23	step_1_no_load	1	2	1	583	
168	0	23	step_2_no_load	5	6	0.520606588181	0.513759772011	6	896	1	
168	0	24	step_1_no_load	1	2	1	433	
168	0	24	step_2_no_load	3	4	0.582115115688	0.5800912085	4	666	0	
168	0	25	step_1_no_load	1	2	1	336	
168	0	25	step_2_no_load	5	6	0.503316372362	0.503605105412	6	642	0	
168	0	26	step_1_no_load	1	2	1	365	
168	0	26	step_2_no_load	5	6	0.511744353778	0.532884212818	6	617	0	
168	0	27	step_1_no_load	1	2	1	348	
168	0	27	step_2_no_load	3	4	0.57860777711	0.642144756622	4	827	1	
168	0	28	step_1_no_load	1	2	1	429	
168	0	28	step_2_no_load	3	4	0.588356036098	0.647441527317	4	726	0	
168	0	29	step_1_no_load	1	2	1	489	
168	0	29	step_2_no_load	5	6	0.521159009103	0.561957580386	5	927	0	
168	0	30	step_1_no_load	1	2	1	373	
168	0	30	step_2_no_load	3	4	0.608245979832	0.610227092493	4	774	1	
168	0	31	step_1_no_load	1	2	1	480	
168	0	31	step_2_no_load	3	4	0.636602545794	0.606122691795	4	814	1	
168	0	32	step_1_no_load	1	2	1	468	
168	0	32	step_2_no_load	3	4	0.634585171267	0.605616211083	4	550	0	
168	0	33	step_1_no_load	1	2	1	407	
168	0	33	step_2_no_load	3	4	0.611700032906	0.618000238621	4	1355	1	
168	0	34	step_1_no_load	1	2	1	370	
168	0	34	step_2_no_load	3	4	0.575802910074	0.670290552209	3	942	1	
168	0	35	step_1_no_load	1	2	1	457	
168	0	35	step_2_no_load	5	6	0.491437207585	0.594167768198	5	1005	1	
168	0	36	step_1_no_load	1	2	1	424	
168	0	36	step_2_no_load	3	4	0.527635087561	0.661229326326	3	492	0	
168	0	37	step_1_no_load	1	2	1	410	
168	0	37	step_2_no_load	5	6	0.543074626387	0.598446394142	5	672	1	
168	0	38	step_1_no_load	1	2	1	469	
168	0	38	step_2_no_load	5	6	0.553931241266	0.595113730206	5	655	1	
168	0	39	step_1_no_load	1	2	1	423	
168	0	39	step_2_no_load	5	6	0.578640235206	0.610601635554	5	564	1	
168	0	40	step_1_no_load	1	2	1	449	
168	0	40	step_2_no_load	3	4	0.580760785074	0.636994900683	4	970	1	
168	0	41	step_1_no_load	1	2	1	433	
168	0	41	step_2_no_load	5	6	0.583829055298	0.588857868869	5	980	0	
168	0	42	step_1_no_load	1	2	1	438	
168	0	42	step_2_no_load	3	4	0.533857158543	0.606696263624	3	575	0	
168	0	43	step_1_no_load	1	2	1	389	
168	0	43	step_2_no_load	3	4	0.553703096215	0.581931546759	3	490	0	
168	0	44	step_1_no_load	1	2	1	315	
168	0	44	step_2_no_load	3	4	0.541854396676	0.589653131867	4	572	1	
168	0	45	step_1_no_load	1	2	1	504	
168	0	45	step_2_no_load	3	4	0.579346234508	0.620699591043	4	622	1	
168	0	46	step_1_no_load	1	2	1	328	
168	0	46	step_2_no_load	3	4	0.55511883717	0.654261318712	4	682	1	
168	0	47	step_1_no_load	1	2	1	468	
168	0	47	step_2_no_load	3	4	0.546259467838	0.634373567175	4	798	1	
168	0	48	step_1_no_load	1	2	1	480	
168	0	48	step_2_no_load	3	4	0.534690828011	0.657624935632	4	819	0	
168	0	49	step_1_no_load	1	2	1	391	
168	0	49	step_2_no_load	3	4	0.512405963374	0.614679490594	4	770	0	
168	0	50	step_1_no_load	1	2	1	402	
168	0	50	step_2_no_load	5	6	0.47381367271	0.606862017918	5	780	0	
168	0	51	step_1_no_load	1	2	1	426	
168	0	51	step_2_no_load	5	6	0.469943944943	0.564866799699	5	779	1	
168	0	52	step_1_no_load	1	2	1	533	
168	0	52	step_2_no_load	5	6	0.429622901875	0.539065404057	5	577	1	
168	0	53	step_1_no_load	1	2	1	347	
168	0	53	step_2_no_load	5	6	0.451905460347	0.551457882502	5	594	0	
168	0	54	step_1_no_load	1	2	1	403	
168	0	54	step_2_no_load	5	6	0.491512498697	0.570223904064	5	650	0	
168	0	55	step_1_no_load	1	2	1	396	
168	0	55	step_2_no_load	3	4	0.526704292526	0.639840796975	4	554	1	
168	0	56	step_1_no_load	1	2	1	394	
168	0	56	step_2_no_load	5	6	0.459773408493	0.601856598146	6	737	1	
168	0	57	step_1_no_load	1	2	1	402	
168	0	57	step_2_no_load	3	4	0.516475618243	0.586335094239	4	722	0	
168	0	58	step_1_no_load	1	2	1	322	
168	0	58	step_2_no_load	3	4	0.528376440027	0.610896130115	4	553	0	
168	0	59	step_1_no_load	1	2	1	426	
168	0	59	step_2_no_load	3	4	0.537400760025	0.608951267756	3	454	1	
168	0	60	step_1_no_load	1	2	1	567	
168	0	60	step_2_no_load	3	4	0.479287247283	0.599559577859	3	582	1	
168	0	61	step_1_no_load	1	2	1	467	
168	0	61	step_2_no_load	3	4	0.527144452559	0.602879526975	3	692	1	
168	0	62	step_1_no_load	1	2	1	420	
168	0	62	step_2_no_load	3	4	0.533031417444	0.622820395113	3	828	0	
168	0	63	step_1_no_load	1	2	1	413	
168	0	63	step_2_no_load	5	6	0.53192660365	0.664284493458	6	974	1	
168	0	64	step_1_no_load	1	2	1	413	
168	0	64	step_2_no_load	3	4	0.533849886794	0.626149195169	3	488	1	
168	0	65	step_1_no_load	1	2	1	454	
168	0	65	step_2_no_load	3	4	0.517687993213	0.619953360065	3	723	0	
168	0	66	step_1_no_load	1	2	1	400	
168	0	66	step_2_no_load	3	4	0.555324764318	0.630357351236	3	476	0	
168	0	67	step_1_no_load	1	2	1	347	
168	0	67	step_2_no_load	5	6	0.542076810516	0.597650193897	6	854	0	
168	0	68	step_1_no_load	1	2	1	676	
168	0	68	step_2_no_load	3	4	0.523301545299	0.719455209845	3	958	1	
168	0	69	step_1_no_load	1	2	1	489	
168	0	69	step_2_no_load	5	6	0.499137600991	0.622221685203	6	756	0	
168	0	70	step_1_no_load	1	2	1	431	
168	0	70	step_2_no_load	3	4	0.548075770764	0.697741832068	3	753	1	
168	0	71	step_1_no_load	1	2	1	351	
168	0	71	step_2_no_load	3	4	0.546215110045	0.706816191949	3	618	1	
168	0	72	step_1_no_load	1	2	1	388	
168	0	72	step_2_no_load	3	4	0.556486305476	0.705884789502	3	610	1	
168	0	73	step_1_no_load	1	2	1	349	
168	0	73	step_2_no_load	3	4	0.50185699984	0.727961155836	3	558	0	
168	0	74	step_1_no_load	1	2	1	455	
168	0	74	step_2_no_load	3	4	0.491044983779	0.693624670847	3	723	0	
168	0	75	step_1_no_load	1	2	1	455	
168	0	75	step_2_no_load	3	4	0.483983914712	0.697629587097	4	605	1	
168	0	76	step_1_no_load	1	2	1	538	
168	0	76	step_2_no_load	3	4	0.518881389358	0.690117652944	4	635	1	
168	0	77	step_1_no_load	1	2	1	483	
168	0	77	step_2_no_load	3	4	0.538119616568	0.679737625371	4	470	0	
168	0	78	step_1_no_load	1	2	1	436	
168	0	78	step_2_no_load	3	4	0.538654072849	0.647586191228	4	476	1	
168	0	79	step_1_no_load	1	2	1	416	
168	0	79	step_2_no_load	5	6	0.389124152368	0.513695512795	6	1008	0	
168	0	80	step_1_no_load	1	2	1	380	
168	0	80	step_2_no_load	3	4	0.49921021142	0.703969305517	4	694	1	
168	0	81	step_1_no_load	1	2	1	397	
168	0	81	step_2_no_load	5	6	0.419265522488	0.529745690463	6	888	1	
168	0	82	step_1_no_load	1	2	1	358	
168	0	82	step_2_no_load	5	6	0.395813831323	0.564729328387	6	650	0	
168	0	83	step_1_no_load	1	2	1	403	
168	0	83	step_2_no_load	3	4	0.483255412498	0.726885136842	4	1080	1	
168	0	84	step_1_no_load	1	2	1	461	
168	0	84	step_2_no_load	3	4	0.505586222209	0.731466635793	4	586	1	
168	0	85	step_1_no_load	1	2	1	351	
168	0	85	step_2_no_load	3	4	0.485785534744	0.712989604416	4	539	1	
168	0	86	step_1_no_load	1	2	1	378	
168	0	86	step_2_no_load	3	4	0.486462788728	0.721207648497	4	987	1	
168	0	87	step_1_no_load	1	2	1	464	
168	0	87	step_2_no_load	5	6	0.40000499778	0.719375344246	5	788	1	
168	0	88	step_1_no_load	1	2	1	380	
168	0	88	step_2_no_load	3	4	0.509563243675	0.696773608304	4	719	1	
168	0	89	step_1_no_load	1	2	1	367	
168	0	89	step_2_no_load	3	4	0.490019385174	0.660112261017	4	1025	1	
168	0	90	step_1_no_load	1	2	1	442	
168	0	90	step_2_no_load	3	4	0.530126112124	0.688736868033	4	656	1	
168	0	91	step_1_no_load	1	2	1	368	
168	0	91	step_2_no_load	3	4	0.479087223222	0.657820521772	4	439	1	
168	0	92	step_1_no_load	1	2	1	418	
168	0	92	step_2_no_load	3	4	0.484260039873	0.679381608313	4	439	1	
168	0	93	step_1_no_load	1	2	1	376	
168	0	93	step_2_no_load	3	4	0.473273727684	0.662863370634	4	509	0	
168	0	94	step_1_no_load	1	2	1	316	
168	0	94	step_2_no_load	3	4	0.468637558205	0.668295023896	4	599	1	
168	0	95	step_1_no_load	1	2	1	397	
168	0	95	step_2_no_load	5	6	0.427150666411	0.715495469274	5	638	1	
168	0	96	step_1_no_load	1	2	1	347	
168	0	96	step_2_no_load	3	4	0.437558890646	0.663095813561	4	638	1	
168	0	97	step_1_no_load	1	2	1	346	
168	0	97	step_2_no_load	5	6	0.392885664353	0.681272614291	5	728	0	
168	0	98	step_1_no_load	1	2	1	269	
168	0	98	step_2_no_load	3	4	0.431479829356	0.646040060297	4	692	0	
168	0	99	step_1_no_load	1	2	1	374	
168	0	99	step_2_no_load	5	6	0.397561363605	0.673709850038	5	711	0	
168	0	100	step_1_no_load	1	2	1	428	
168	0	100	step_2_no_load	3	4	0.363162156005	0.66579920021	3	931	1	
168	0	101	step_1_no_load	1	2	1	464	
168	0	101	step_2_no_load	3	4	0.366879421891	0.655903528958	3	447	0	
168	0	102	step_1_no_load	1	2	1	352	
168	0	102	step_2_no_load	3	4	0.326080462175	0.663124617603	3	458	1	
168	0	103	step_1_no_load	1	2	1	492	
168	0	103	step_2_no_load	3	4	0.322834495838	0.69058998368	3	466	0	
168	0	104	step_1_no_load	1	2	1	341	
168	0	104	step_2_no_load	5	6	0.521047445908	0.703870701136	5	727	1	
168	0	105	step_1_no_load	1	2	1	532	
168	0	105	step_2_no_load	3	4	0.352639603242	0.722851301692	3	561	0	
168	0	106	step_1_no_load	1	2	1	486	
168	0	106	step_2_no_load	5	6	0.508908032404	0.712883638252	5	598	0	
168	0	107	step_1_no_load	1	2	1	338	
168	0	107	step_2_no_load	3	4	0.388257337796	0.677514185929	4	401	1	
168	0	108	step_1_no_load	1	2	1	392	
168	0	108	step_2_no_load	3	4	0.388185708856	0.681491063126	4	653	1	
168	0	109	step_1_no_load	1	2	1	478	
168	0	109	step_2_no_load	3	4	0.372328831887	0.68658494263	4	474	0	
168	0	110	step_1_no_load	1	2	1	337	
168	0	110	step_2_no_load	5	6	0.432626681236	0.729599891941	6	613	1	
168	0	111	step_1_no_load	1	2	1	416	
168	0	111	step_2_no_load	5	6	0.384948378665	0.724852671171	6	604	0	
168	0	112	step_1_no_load	1	2	1	262	
168	0	112	step_2_no_load	5	6	0.392887565883	0.725701866094	6	637	1	
168	0	113	step_1_no_load	1	2	1	296	
168	0	113	step_2_no_load	3	4	0.387112818105	0.634627459817	4	714	1	
168	0	114	step_1_no_load	1	2	1	471	
168	0	114	step_2_no_load	3	4	0.384736699284	0.657654904272	4	565	0	
168	0	115	step_1_no_load	1	2	1	293	
168	0	115	step_2_no_load	3	4	0.357661171116	0.645721217949	4	449	1	
168	0	116	step_1_no_load	1	2	1	382	
168	0	116	step_2_no_load	5	6	0.378149844807	0.706736514943	5	1367	0	
168	0	117	step_1_no_load	1	2	1	453	
168	0	117	step_2_no_load	3	4	0.363056877927	0.671842537277	4	428	1	
168	0	118	step_1_no_load	1	2	1	309	
168	0	118	step_2_no_load	3	4	0.362977115924	0.690484235012	4	730	1	
168	0	119	step_1_no_load	1	2	1	502	
168	0	119	step_2_no_load	3	4	0.358243439099	0.661177321751	4	451	1	
168	0	120	step_1_no_load	1	2	1	450	
168	0	120	step_2_no_load	3	4	0.333809617664	0.666433355915	4	577	1	
168	0	121	step_1_no_load	1	2	1	375	
168	0	121	step_2_no_load	3	4	0.310775244958	0.671052306195	4	536	0	
168	0	122	step_1_no_load	1	2	1	398	
168	0	122	step_2_no_load	5	6	0.329624572119	0.6136886145	5	923	0	
168	0	123	step_1_no_load	1	2	1	399	
168	0	123	step_2_no_load	3	4	0.269780614928	0.664849878232	4	515	0	
168	0	124	step_1_no_load	1	2	1	421	
168	0	124	step_2_no_load	3	4	0.26095206597	0.624161788269	4	431	1	
168	0	125	step_1_no_load	1	2	1	453	
168	0	125	step_2_no_load	3	4	0.290374841566	0.633566302563	4	772	1	
168	0	126	step_1_no_load	1	2	1	433	
168	0	126	step_2_no_load	3	4	0.267206368684	0.600985760967	4	531	1	
168	0	127	step_1_no_load	1	2	1	330	
168	0	127	step_2_no_load	3	4	0.273483952592	0.646945556251	4	575	1	
168	0	128	step_1_no_load	1	2	1	401	
168	0	128	step_2_no_load	3	4	0.260252451606	0.620672334996	4	662	1	
168	0	129	step_1_no_load	1	2	1	424	
168	0	129	step_2_no_load	3	4	0.268213321963	0.632682846317	4	486	0	
168	0	130	step_1_no_load	1	2	1	335	
168	0	130	step_2_no_load	3	4	0.267460866951	0.630285316669	4	429	0	
168	0	131	step_1_no_load	1	2	1	403	
168	0	131	step_2_no_load	3	4	0.281500842289	0.638450601212	4	573	0	
168	0	132	step_1_no_load	1	2	1	444	
168	0	132	step_2_no_load	3	4	0.27986961048	0.660013924697	3	445	1	
168	0	133	step_1_no_load	1	2	1	509	
168	0	133	step_2_no_load	5	6	0.312642735495	0.617383991623	6	633	0	
168	0	134	step_1_no_load	1	2	1	467	
168	0	134	step_2_no_load	3	4	0.287393715313	0.685529359147	3	678	0	
168	0	135	step_1_no_load	1	2	1	543	
168	0	135	step_2_no_load	3	4	0.300079459047	0.700779221781	3	540	0	
168	0	136	step_1_no_load	1	2	1	357	
168	0	136	step_2_no_load	5	6	0.284521085726	0.597814413435	5	691	1	
168	0	137	step_1_no_load	1	2	1	435	
168	0	137	step_2_no_load	3	4	0.346433498467	0.668540846495	3	583	0	
168	0	138	step_1_no_load	1	2	1	371	
168	0	138	step_2_no_load	5	6	0.307694123906	0.63240964674	5	607	1	
168	0	139	step_1_no_load	1	2	1	407	
168	0	139	step_2_no_load	3	4	0.325611400511	0.696355985729	4	954	1	
168	0	140	step_1_no_load	1	2	1	414	
168	0	140	step_2_no_load	3	4	0.348740542008	0.637682840728	4	458	1	
168	0	141	step_1_no_load	1	2	1	439	
168	0	141	step_2_no_load	5	6	0.311809871418	0.711987889705	5	995	0	
168	0	142	step_1_no_load	1	2	1	368	
168	0	142	step_2_no_load	3	4	0.397052682821	0.627356259123	4	559	0	
168	0	143	step_1_no_load	1	2	1	308	
168	0	143	step_2_no_load	3	4	0.410970957547	0.610219102298	3	495	0	
168	0	144	step_1_no_load	1	2	1	305	
168	0	144	step_2_no_load	3	4	0.389234194056	0.639347300184	4	450	1	
168	0	145	step_1_no_load	1	2	1	337	
168	0	145	step_2_no_load	3	4	0.355256413269	0.606515632748	4	507	1	
168	0	146	step_1_no_load	1	2	1	349	
168	0	146	step_2_no_load	5	6	0.257861956214	0.681611991725	5	657	0	
168	0	147	step_1_no_load	1	2	1	313	
168	0	147	step_2_no_load	5	6	0.265578160642	0.647798886916	5	782	0	
168	0	148	step_1_no_load	1	2	1	367	
168	0	148	step_2_no_load	3	4	0.311162711725	0.648050021239	4	414	1	
168	0	149	step_1_no_load	1	2	1	334	
168	0	149	step_2_no_load	3	4	0.300290206122	0.623203869836	4	644	0	
168	0	150	step_1_no_load	1	2	1	396	
168	0	150	step_2_no_load	3	4	0.306860041627	0.605912419156	4	617	1	
168	0	151	step_1_no_load	1	2	1	350	
168	0	151	step_2_no_load	3	4	0.310557101463	0.614159737668	4	515	0	
168	0	152	step_1_no_load	1	2	1	357	
168	0	152	step_2_no_load	3	4	0.323194010514	0.644204174791	3	745	0	
168	0	153	step_1_no_load	1	2	1	326	
168	0	153	step_2_no_load	5	6	0.309356532263	0.613336203392	5	760	0	
168	0	154	step_1_no_load	1	2	1	309	
168	0	154	step_2_no_load	3	4	0.348349389262	0.671672162443	4	662	0	
168	0	155	step_1_no_load	1	2	1	441	
168	0	155	step_2_no_load	3	4	0.372188990474	0.716100930629	3	467	1	
168	0	156	step_1_no_load	1	2	1	499	
168	0	156	step_2_no_load	3	4	0.368378667812	0.734436160799	3	489	1	
168	0	157	step_1_no_load	1	2	1	365	
168	0	157	step_2_no_load	3	4	0.324728201487	0.720725456325	3	515	0	
168	0	158	step_1_no_load	1	2	1	299	
168	0	158	step_2_no_load	3	4	0.334595868098	0.694270715354	3	450	0	
168	0	159	step_1_no_load	1	2	1	296	
168	0	159	step_2_no_load	5	6	0.413026375257	0.541222065796	6	1009	1	
168	0	160	step_1_no_load	1	2	1	369	
168	0	160	step_2_no_load	3	4	0.355992626298	0.710728171711	3	868	0	
168	0	161	step_1_no_load	1	2	1	318	
168	0	161	step_2_no_load	5	6	0.407025633682	0.516036498158	6	781	0	
168	0	162	step_1_no_load	1	2	1	433	
168	0	162	step_2_no_load	3	4	0.455329532209	0.695144769903	4	515	0	
168	0	163	step_1_no_load	1	2	1	317	
168	0	163	step_2_no_load	5	6	0.395221309311	0.5863391277	6	525	1	
168	0	164	step_1_no_load	1	2	1	299	
168	0	164	step_2_no_load	3	4	0.430844125626	0.692137394606	4	387	1	
168	0	165	step_1_no_load	1	2	1	314	
168	0	165	step_2_no_load	5	6	0.463777557969	0.538026607649	6	557	1	
168	0	166	step_1_no_load	1	2	1	356	
168	0	166	step_2_no_load	5	6	0.422282731054	0.549095060025	6	553	1	
168	0	167	step_1_no_load	1	2	1	486	
168	0	167	step_2_no_load	3	4	0.331115714939	0.706271792549	4	647	0	
168	0	168	step_1_no_load	1	2	1	305	
168	0	168	step_2_no_load	3	4	0.335777599654	0.67192508984	4	427	1	
168	0	169	step_1_no_load	1	2	1	349	
168	0	169	step_2_no_load	3	4	0.365156560071	0.704981910944	4	446	0	
168	0	170	step_1_no_load	1	2	1	307	
168	0	170	step_2_no_load	3	4	0.364989630435	0.67334314737	3	579	0	
168	0	171	step_1_no_load	1	2	1	320	
168	0	171	step_2_no_load	3	4	0.425122034074	0.727248140829	3	443	1	
168	0	172	step_1_no_load	1	2	1	381	
168	0	172	step_2_no_load	3	4	0.490120307546	0.668669556875	3	493	1	
168	0	173	step_1_no_load	1	2	1	409	
168	0	173	step_2_no_load	5	6	0.385349297983	0.484428109849	6	593	0	
168	0	174	step_1_no_load	1	2	1	381	
168	0	174	step_2_no_load	3	4	0.46236234172	0.729877433725	3	546	1	
168	0	175	step_1_no_load	1	2	1	421	
168	0	175	step_2_no_load	3	4	0.484825491933	0.693968268443	3	519	0	
168	0	176	step_1_no_load	1	2	1	528	
168	0	176	step_2_no_load	5	6	0.383231572002	0.474046874473	6	709	0	
168	0	177	step_1_no_load	1	2	1	389	
168	0	177	step_2_no_load	3	4	0.4798184927	0.714070205704	3	500	0	
168	0	178	step_1_no_load	1	2	1	333	
168	0	178	step_2_no_load	3	4	0.49020858644	0.705993797498	4	392	0	
168	0	179	step_1_no_load	1	2	1	641	
168	0	179	step_2_no_load	5	6	0.324685418097	0.457298770028	5	935	1	
168	0	180	step_1_no_load	1	2	1	402	
168	0	180	step_2_no_load	3	4	0.489345734128	0.719795072986	3	722	0	
168	0	181	step_1_no_load	1	2	1	481	
168	0	181	step_2_no_load	3	4	0.480141179559	0.746910336326	4	682	1	
168	0	182	step_1_no_load	1	2	1	397	
168	0	182	step_2_no_load	3	4	0.49907747228	0.72717560423	4	432	1	
168	0	183	step_1_no_load	1	2	1	357	
168	0	183	step_2_no_load	3	4	0.492742497507	0.720388040749	4	465	1	
168	0	184	step_1_no_load	1	2	1	318	
168	0	184	step_2_no_load	5	6	0.362743255194	0.460890977786	5	842	0	
168	0	185	step_1_no_load	1	2	1	379	
168	0	185	step_2_no_load	3	4	0.482228039858	0.665622647081	4	444	0	
168	0	186	step_1_no_load	1	2	1	322	
168	0	186	step_2_no_load	3	4	0.484672582719	0.656308636836	4	484	0	
168	0	187	step_1_no_load	1	2	1	343	
168	0	187	step_2_no_load	3	4	0.498596507669	0.678211978625	4	528	0	
168	0	188	step_1_no_load	1	2	1	493	
168	0	188	step_2_no_load	3	4	0.548350535247	0.696362660087	3	456	0	
168	0	189	step_1_no_load	1	2	1	420	
168	0	189	step_2_no_load	3	4	0.534753756004	0.688353284054	3	409	1	
168	0	190	step_1_no_load	1	2	1	523	
168	0	190	step_2_no_load	3	4	0.505820429042	0.667655825994	3	792	1	
168	0	191	step_1_no_load	1	2	1	507	
168	0	191	step_2_no_load	3	4	0.512103523931	0.664271461991	3	631	1	
168	0	192	step_1_no_load	1	2	1	322	
168	0	192	step_2_no_load	3	4	0.493851022417	0.705517419189	3	516	0	
168	0	193	step_1_no_load	1	2	1	333	
168	0	193	step_2_no_load	5	6	0.321008037746	0.440813209638	6	711	0	
168	0	194	step_1_no_load	1	2	1	348	
168	0	194	step_2_no_load	3	4	0.505359594715	0.655261361454	3	477	1	
168	0	195	step_1_no_load	1	2	1	398	
168	0	195	step_2_no_load	5	6	0.348571348505	0.466795336969	5	904	0	
168	0	196	step_1_no_load	1	2	1	379	
168	0	196	step_2_no_load	3	4	0.496717662777	0.695101215304	3	458	1	
168	0	197	step_1_no_load	1	2	1	295	
168	0	197	step_2_no_load	5	6	0.316987700969	0.422511153127	5	397	0	
168	0	198	step_1_no_load	1	2	1	306	
168	0	198	step_2_no_load	3	4	0.485065498391	0.68660989813	3	492	1	
168	0	199	step_1_no_load	1	2	1	387	
168	0	199	step_2_no_load	5	6	0.292861528884	0.39793773834	6	660	0	
168	0	200	step_1_no_load	1	2	1	343	
168	0	200	step_2_no_load	5	6	0.299128796668	0.372436949782	6	843	1	

Thu Jul 12 17:18:08 2018
