Fri Jul 13 14:59:58 2018	
169	0	1	step_1_no_load	1	2	1	1415	
169	0	1	step_2_no_load	3	4	0.511789129507	0.594299910136	3	1015	1	
169	0	2	step_1_no_load	1	2	1	661	
169	0	2	step_2_no_load	3	4	0.533203491871	0.610961032466	3	403	1	
169	0	3	step_1_no_load	1	2	1	357	
169	0	3	step_2_no_load	3	4	0.516002945397	0.589215227351	3	392	1	
169	0	4	step_1_no_load	1	2	2	541	
169	0	4	step_2_no_load	5	6	0.597491569846	0.478607661228	6	825	1	
169	0	5	step_1_no_load	1	2	2	384	
169	0	5	step_2_no_load	5	6	0.623810210114	0.495568760483	6	469	0	
169	0	6	step_1_no_load	1	2	1	309	
169	0	6	step_2_no_load	5	6	0.585722686883	0.506877622204	5	305	1	
169	0	7	step_1_no_load	1	2	1	376	
169	0	7	step_2_no_load	3	4	0.506408070053	0.622642364361	4	1212	1	
169	0	8	step_1_no_load	1	2	2	586	
169	0	8	step_2_no_load	5	6	0.59128639594	0.489816616396	6	388	0	
169	0	9	step_1_no_load	1	2	1	325	
169	0	9	step_2_no_load	3	4	0.54429228266	0.641106877158	3	614	0	
169	0	10	step_1_no_load	1	2	2	494	
169	0	10	step_2_no_load	5	6	0.652626043146	0.482364178155	5	506	1	
169	0	11	step_1_no_load	1	2	2	410	
169	0	11	step_2_no_load	5	6	0.69163818036	0.477013315682	5	371	1	
169	0	12	step_1_no_load	1	2	2	371	
169	0	12	step_2_no_load	5	6	0.682786328054	0.48457206759	5	353	1	
169	0	13	step_1_no_load	1	2	2	1122	
169	0	13	step_2_no_load	3	4	0.595790490356	0.558313135925	4	1305	1	
169	0	14	step_1_no_load	1	2	2	450	
169	0	14	step_2_no_load	5	6	0.629137942344	0.491234392147	5	873	0	
169	0	15	step_1_no_load	1	2	1	454	
169	0	15	step_2_no_load	5	6	0.612260006668	0.505377237737	5	743	0	
169	0	16	step_1_no_load	1	2	1	329	
169	0	16	step_2_no_load	3	4	0.626326396372	0.553308964466	4	415	0	
169	0	17	step_1_no_load	1	2	2	431	
169	0	17	step_2_no_load	3	4	0.643116883134	0.562895132605	3	480	1	
169	0	18	step_1_no_load	1	2	2	652	
169	0	18	step_2_no_load	5	6	0.626834332012	0.517514133912	6	997	1	
169	0	19	step_1_no_load	1	2	2	542	
169	0	19	step_2_no_load	3	4	0.644773170243	0.536502319591	3	665	0	
169	0	20	step_1_no_load	1	2	1	363	
169	0	20	step_2_no_load	5	6	0.636521555122	0.478025448397	6	1235	1	
169	0	21	step_1_no_load	1	2	1	439	
169	0	21	step_2_no_load	3	4	0.611328949295	0.470207377245	3	949	0	
169	0	22	step_1_no_load	1	2	1	339	
169	0	22	step_2_no_load	3	4	0.618527126547	0.468700882609	4	1207	1	
169	0	23	step_1_no_load	1	2	2	770	
169	0	23	step_2_no_load	3	4	0.604065470975	0.513759772011	4	510	0	
169	0	24	step_1_no_load	1	2	1	312	
169	0	24	step_2_no_load	3	4	0.5800912085	0.503316199018	4	268	0	
169	0	25	step_1_no_load	1	2	1	558	
169	0	25	step_2_no_load	3	4	0.629917901014	0.503605105412	3	364	0	
169	0	26	step_1_no_load	1	2	1	266	
169	0	26	step_2_no_load	3	4	0.640635035276	0.532884212818	3	402	1	
169	0	27	step_1_no_load	1	2	1	703	
169	0	27	step_2_no_load	3	4	0.642144756622	0.54756089792	3	531	1	
169	0	28	step_1_no_load	1	2	1	525	
169	0	28	step_2_no_load	3	4	0.647441527317	0.553259388875	3	744	0	
169	0	29	step_1_no_load	1	2	2	563	
169	0	29	step_2_no_load	5	6	0.606613029227	0.521159009103	5	1034	1	
169	0	30	step_1_no_load	1	2	2	369	
169	0	30	step_2_no_load	5	6	0.608245979832	0.4919199548	5	576	0	
169	0	31	step_1_no_load	1	2	2	354	
169	0	31	step_2_no_load	3	4	0.606122691795	0.541819886458	4	954	0	
169	0	32	step_1_no_load	1	2	2	438	
169	0	32	step_2_no_load	3	4	0.605616211083	0.522993086096	3	1115	0	
169	0	33	step_1_no_load	1	2	2	367	
169	0	33	step_2_no_load	3	4	0.618000238621	0.542309898544	4	1035	1	
169	0	34	step_1_no_load	1	2	2	352	
169	0	34	step_2_no_load	3	4	0.670290552209	0.538523758058	4	841	0	
169	0	35	step_1_no_load	1	2	1	757	
169	0	35	step_2_no_load	3	4	0.649776015006	0.594167768198	3	978	1	
169	0	36	step_1_no_load	1	2	1	782	
169	0	36	step_2_no_load	3	4	0.661229326326	0.611274573488	3	754	1	
169	0	37	step_1_no_load	1	2	1	318	
169	0	37	step_2_no_load	5	6	0.513822304161	0.543074626387	6	1023	1	
169	0	38	step_1_no_load	1	2	1	1052	
169	0	38	step_2_no_load	3	4	0.651263699161	0.595113730206	3	862	1	
169	0	39	step_1_no_load	1	2	1	402	
169	0	39	step_2_no_load	3	4	0.634483337633	0.610601635554	3	525	1	
169	0	40	step_1_no_load	1	2	1	533	
169	0	40	step_2_no_load	3	4	0.636994900683	0.607992802154	3	641	1	
169	0	41	step_1_no_load	1	2	1	397	
169	0	41	step_2_no_load	3	4	0.633285941184	0.588857868869	-1	-1	-1	
169	0	42	step_1_no_load	1	2	1	299	
169	0	42	step_2_no_load	3	4	0.606696263624	0.609164606591	3	237	1	
169	0	43	step_1_no_load	1	2	1	514	
169	0	43	step_2_no_load	5	6	0.553703096215	0.548128010644	6	788	1	
169	0	44	step_1_no_load	1	2	1	1204	
169	0	44	step_2_no_load	5	6	0.541854396676	0.537842745081	6	892	0	
169	0	45	step_1_no_load	1	2	1	352	
169	0	45	step_2_no_load	5	6	0.579346234508	0.5288039409	5	683	1	
169	0	46	step_1_no_load	1	2	1	546	
169	0	46	step_2_no_load	5	6	0.55511883717	0.532238720495	5	564	0	
169	0	47	step_1_no_load	1	2	1	439	
169	0	47	step_2_no_load	3	4	0.634373567175	0.598724660986	3	577	1	
169	0	48	step_1_no_load	1	2	2	325	
169	0	48	step_2_no_load	5	6	0.534690828011	0.488280685105	6	392	0	
169	0	49	step_1_no_load	1	2	2	402	
169	0	49	step_2_no_load	5	6	0.512405963374	0.489287375157	5	513	1	
169	0	50	step_1_no_load	1	2	1	790	
169	0	50	step_2_no_load	3	4	0.593458480934	0.606862017918	3	490	1	
169	0	51	step_1_no_load	1	2	1	286	
169	0	51	step_2_no_load	5	6	0.508197321577	0.469943944943	5	430	0	
169	0	52	step_1_no_load	1	2	1	370	
169	0	52	step_2_no_load	3	4	0.613408921915	0.539065404057	4	436	0	
169	0	53	step_1_no_load	1	2	2	568	
169	0	53	step_2_no_load	5	6	0.475342927439	0.451905460347	5	774	1	
169	0	54	step_1_no_load	1	2	1	359	
169	0	54	step_2_no_load	3	4	0.652515308527	0.570223904064	3	511	1	
169	0	55	step_1_no_load	1	2	2	567	
169	0	55	step_2_no_load	5	6	0.526704292526	0.487025527704	5	436	1	
169	0	56	step_1_no_load	1	2	1	296	
169	0	56	step_2_no_load	3	4	0.60038825769	0.601856598146	3	508	0	
169	0	57	step_1_no_load	1	2	1	717	
169	0	57	step_2_no_load	3	4	0.586335094239	0.641849303307	3	607	0	
169	0	58	step_1_no_load	1	2	2	1407	
169	0	58	step_2_no_load	5	6	0.528376440027	0.478335218822	5	773	1	
169	0	59	step_1_no_load	1	2	2	413	
169	0	59	step_2_no_load	5	6	0.537400760025	0.480274332693	5	376	0	
169	0	60	step_1_no_load	1	2	1	482	
169	0	60	step_2_no_load	3	4	0.599559577859	0.623687406259	3	527	0	
169	0	61	step_1_no_load	1	2	1	548	
169	0	61	step_2_no_load	5	6	0.527144452559	0.464268875813	6	1220	1	
169	0	62	step_1_no_load	1	2	1	326	
169	0	62	step_2_no_load	3	4	0.622820395113	0.691137204746	3	502	1	
169	0	63	step_1_no_load	1	2	2	600	
169	0	63	step_2_no_load	5	6	0.519445130796	0.53192660365	6	475	0	
169	0	64	step_1_no_load	1	2	1	310	
169	0	64	step_2_no_load	3	4	0.626149195169	0.642369708469	3	430	0	
169	0	65	step_1_no_load	1	2	2	416	
169	0	65	step_2_no_load	3	4	0.619953360065	0.612660225018	3	647	0	
169	0	66	step_1_no_load	1	2	2	723	
169	0	66	step_2_no_load	5	6	0.555324764318	0.573761869714	6	996	1	
169	0	67	step_1_no_load	1	2	1	631	
169	0	67	step_2_no_load	3	4	0.674463681351	0.597650193897	4	823	0	
169	0	68	step_1_no_load	1	2	1	518	
169	0	68	step_2_no_load	3	4	0.719455209845	0.622963076372	3	431	1	
169	0	69	step_1_no_load	1	2	1	326	
169	0	69	step_2_no_load	3	4	0.718756538957	0.622221685203	3	429	1	
169	0	70	step_1_no_load	1	2	1	310	
169	0	70	step_2_no_load	3	4	0.697741832068	0.637556284465	3	527	1	
169	0	71	step_1_no_load	1	2	1	340	
169	0	71	step_2_no_load	3	4	0.706816191949	0.639174917797	3	511	1	
169	0	72	step_1_no_load	1	2	2	336	
169	0	72	step_2_no_load	5	6	0.556486305476	0.47409116389	6	687	0	
169	0	73	step_1_no_load	1	2	2	280	
169	0	73	step_2_no_load	3	4	0.727961155836	0.657126403029	3	379	1	
169	0	74	step_1_no_load	1	2	2	1297	
169	0	74	step_2_no_load	5	6	0.491044983779	0.453420386428	6	1036	0	
169	0	75	step_1_no_load	1	2	1	686	
169	0	75	step_2_no_load	3	4	0.697629587097	0.615552849174	3	589	1	
169	0	76	step_1_no_load	1	2	2	368	
169	0	76	step_2_no_load	3	4	0.690117652944	0.62770291155	3	315	1	
169	0	77	step_1_no_load	1	2	2	673	
169	0	77	step_2_no_load	5	6	0.538119616568	0.446809557226	5	752	1	
169	0	78	step_1_no_load	1	2	2	375	
169	0	78	step_2_no_load	5	6	0.538654072849	0.435911167612	5	429	0	
169	0	79	step_1_no_load	1	2	2	351	
169	0	79	step_2_no_load	5	6	0.540085062695	0.389124152368	6	382	1	
169	0	80	step_1_no_load	1	2	2	332	
169	0	80	step_2_no_load	5	6	0.49921021142	0.396016175285	6	414	0	
169	0	81	step_1_no_load	1	2	1	294	
169	0	81	step_2_no_load	5	6	0.494116554432	0.419265522488	5	890	0	
169	0	82	step_1_no_load	1	2	1	283	
169	0	82	step_2_no_load	3	4	0.688340116885	0.564729328387	3	525	1	
169	0	83	step_1_no_load	1	2	1	811	
169	0	83	step_2_no_load	5	6	0.483255412498	0.382772464038	6	872	0	
169	0	84	step_1_no_load	1	2	2	404	
169	0	84	step_2_no_load	3	4	0.731466635793	0.65843840156	4	520	1	
169	0	85	step_1_no_load	1	2	1	486	
169	0	85	step_2_no_load	3	4	0.712989604416	0.692384972752	3	356	0	
169	0	86	step_1_no_load	1	2	1	669	
169	0	86	step_2_no_load	5	6	0.486462788728	0.345323068124	6	779	0	
169	0	87	step_1_no_load	1	2	1	277	
169	0	87	step_2_no_load	3	4	0.690012761069	0.719375344246	3	409	1	
169	0	88	step_1_no_load	1	2	1	280	
169	0	88	step_2_no_load	3	4	0.696773608304	0.717410082358	3	558	0	
169	0	89	step_1_no_load	1	2	1	319	
169	0	89	step_2_no_load	3	4	0.660112261017	0.690772436485	4	557	1	
169	0	90	step_1_no_load	1	2	1	823	
169	0	90	step_2_no_load	3	4	0.688736868033	0.712247848046	3	1183	0	
169	0	91	step_1_no_load	1	2	2	796	
169	0	91	step_2_no_load	5	6	0.479087223222	0.43534164751	5	505	1	
169	0	92	step_1_no_load	1	2	2	459	
169	0	92	step_2_no_load	5	6	0.484260039873	0.444368850664	5	464	1	
169	0	93	step_1_no_load	1	2	1	370	
169	0	93	step_2_no_load	3	4	0.662863370634	0.70415710998	3	430	1	
169	0	94	step_1_no_load	1	2	2	391	
169	0	94	step_2_no_load	5	6	0.468637558205	0.429211756872	5	246	1	
169	0	95	step_1_no_load	1	2	1	299	
169	0	95	step_2_no_load	3	4	0.640209855442	0.715495469274	3	352	0	
169	0	96	step_1_no_load	1	2	1	744	
169	0	96	step_2_no_load	5	6	0.437558890646	0.383038640121	5	723	1	
169	0	97	step_1_no_load	1	2	2	314	
169	0	97	step_2_no_load	5	6	0.455601814112	0.392885664353	5	593	1	
169	0	98	step_1_no_load	1	2	1	400	
169	0	98	step_2_no_load	3	4	0.646040060297	0.70287861952	3	936	1	
169	0	99	step_1_no_load	1	2	1	530	
169	0	99	step_2_no_load	3	4	0.645191748454	0.673709850038	3	659	1	
169	0	100	step_1_no_load	1	2	1	579	
169	0	100	step_2_no_load	5	6	0.363162156005	0.4333505304	5	577	1	
169	0	101	step_1_no_load	1	2	2	309	
169	0	101	step_2_no_load	5	6	0.366879421891	0.497432607584	5	408	0	
169	0	102	step_1_no_load	1	2	2	357	
169	0	102	step_2_no_load	5	6	0.326080462175	0.494584754513	6	1211	1	
169	0	103	step_1_no_load	1	2	2	963	
169	0	103	step_2_no_load	3	4	0.69058998368	0.663997796029	3	905	1	
169	0	104	step_1_no_load	1	2	2	417	
169	0	104	step_2_no_load	3	4	0.743372642809	0.703870701136	3	659	1	
169	0	105	step_1_no_load	1	2	2	388	
169	0	105	step_2_no_load	5	6	0.352639603242	0.514318365187	6	425	0	
169	0	106	step_1_no_load	1	2	1	314	
169	0	106	step_2_no_load	5	6	0.374131494222	0.508908032404	6	1110	0	
169	0	107	step_1_no_load	1	2	1	325	
169	0	107	step_2_no_load	3	4	0.677514185929	0.692607431435	3	461	1	
169	0	108	step_1_no_load	1	2	1	450	
169	0	108	step_2_no_load	3	4	0.681491063126	0.695928523711	4	817	0	
169	0	109	step_1_no_load	1	2	1	379	
169	0	109	step_2_no_load	3	4	0.68658494263	0.71632547018	3	243	1	
169	0	110	step_1_no_load	1	2	1	334	
169	0	110	step_2_no_load	5	6	0.395544455384	0.432626681236	6	829	1	
169	0	111	step_1_no_load	1	2	2	266	
169	0	111	step_2_no_load	3	4	0.634599547742	0.724852671171	3	676	1	
169	0	112	step_1_no_load	1	2	2	383	
169	0	112	step_2_no_load	3	4	0.635252945963	0.725701866094	3	788	1	
169	0	113	step_1_no_load	1	2	2	426	
169	0	113	step_2_no_load	5	6	0.387112818105	0.370697120277	5	660	1	
169	0	114	step_1_no_load	1	2	2	351	
169	0	114	step_2_no_load	5	6	0.384736699284	0.380324086676	5	565	1	
169	0	115	step_1_no_load	1	2	2	475	
169	0	115	step_2_no_load	3	4	0.645721217949	0.739704344621	3	539	1	
169	0	116	step_1_no_load	1	2	2	463	
169	0	116	step_2_no_load	5	6	0.369438791876	0.378149844807	5	794	1	
169	0	117	step_1_no_load	1	2	2	400	
169	0	117	step_2_no_load	5	6	0.363056877927	0.374621793791	5	315	0	
169	0	118	step_1_no_load	1	2	2	477	
169	0	118	step_2_no_load	5	6	0.362977115924	0.357645851833	6	488	0	
169	0	119	step_1_no_load	1	2	2	458	
169	0	119	step_2_no_load	5	6	0.358243439099	0.357515098446	5	432	1	
169	0	120	step_1_no_load	1	2	2	628	
169	0	120	step_2_no_load	3	4	0.666433355915	0.70587238626	3	997	1	
169	0	121	step_1_no_load	1	2	2	366	
169	0	121	step_2_no_load	5	6	0.310775244958	0.352721767208	5	554	0	
169	0	122	step_1_no_load	1	2	1	441	
169	0	122	step_2_no_load	3	4	0.672193618854	0.6136886145	4	640	0	
169	0	123	step_1_no_load	1	2	1	339	
169	0	123	step_2_no_load	3	4	0.664849878232	0.583607229978	3	296	1	
169	0	124	step_1_no_load	1	2	2	361	
169	0	124	step_2_no_load	3	4	0.624161788269	0.603013298253	3	410	0	
169	0	125	step_1_no_load	1	2	1	290	
169	0	125	step_2_no_load	3	4	0.633566302563	0.559596800931	3	1048	0	
169	0	126	step_1_no_load	1	2	2	687	
169	0	126	step_2_no_load	5	6	0.267206368684	0.300846667696	5	536	1	
169	0	127	step_1_no_load	1	2	2	568	
169	0	127	step_2_no_load	5	6	0.273483952592	0.274944938508	5	386	0	
169	0	128	step_1_no_load	1	2	1	308	
169	0	128	step_2_no_load	5	6	0.260252451606	0.250790232267	6	467	0	
169	0	129	step_1_no_load	1	2	1	501	
169	0	129	step_2_no_load	3	4	0.632682846317	0.685297910719	3	633	0	
169	0	130	step_1_no_load	1	2	1	317	
169	0	130	step_2_no_load	3	4	0.630285316669	0.682031489739	4	390	1	
169	0	131	step_1_no_load	1	2	1	389	
169	0	131	step_2_no_load	3	4	0.638450601212	0.678044920845	4	387	0	
169	0	132	step_1_no_load	1	2	1	372	
169	0	132	step_2_no_load	3	4	0.660013924697	0.668578020634	4	528	0	
169	0	133	step_1_no_load	1	2	2	344	
169	0	133	step_2_no_load	3	4	0.691649444281	0.617383991623	4	901	1	
169	0	134	step_1_no_load	1	2	1	412	
169	0	134	step_2_no_load	3	4	0.685529359147	0.621945110858	3	534	1	
169	0	135	step_1_no_load	1	2	1	451	
169	0	135	step_2_no_load	5	6	0.300079459047	0.287118934166	5	369	0	
169	0	136	step_1_no_load	1	2	1	374	
169	0	136	step_2_no_load	3	4	0.674914008636	0.597814413435	3	856	1	
169	0	137	step_1_no_load	1	2	1	414	
169	0	137	step_2_no_load	5	6	0.346433498467	0.325016613024	6	550	0	
169	0	138	step_1_no_load	1	2	2	359	
169	0	138	step_2_no_load	5	6	0.366701525561	0.307694123906	5	411	0	
169	0	139	step_1_no_load	1	2	2	689	
169	0	139	step_2_no_load	5	6	0.325611400511	0.323660750961	6	567	0	
169	0	140	step_1_no_load	1	2	1	289	
169	0	140	step_2_no_load	3	4	0.637682840728	0.671213945178	3	576	1	
169	0	141	step_1_no_load	1	2	1	283	
169	0	141	step_2_no_load	3	4	0.616803346728	0.711987889705	3	408	0	
169	0	142	step_1_no_load	1	2	2	286	
169	0	142	step_2_no_load	5	6	0.397052682821	0.304203281606	5	687	1	
169	0	143	step_1_no_load	1	2	2	521	
169	0	143	step_2_no_load	5	6	0.410970957547	0.313516825296	5	423	0	
169	0	144	step_1_no_load	1	2	1	361	
169	0	144	step_2_no_load	5	6	0.389234194056	0.275932517017	6	696	1	
169	0	145	step_1_no_load	1	2	2	503	
169	0	145	step_2_no_load	5	6	0.355256413269	0.266265924094	5	355	0	
169	0	146	step_1_no_load	1	2	2	332	
169	0	146	step_2_no_load	5	6	0.320877500969	0.257861956214	5	852	0	
169	0	147	step_1_no_load	1	2	2	916	
169	0	147	step_2_no_load	3	4	0.594861186319	0.647798886916	3	567	0	
169	0	148	step_1_no_load	1	2	2	295	
169	0	148	step_2_no_load	3	4	0.648050021239	0.619272702026	4	807	0	
169	0	149	step_1_no_load	1	2	1	700	
169	0	149	step_2_no_load	5	6	0.300290206122	0.269951834184	5	751	1	
169	0	150	step_1_no_load	1	2	2	552	
169	0	150	step_2_no_load	5	6	0.306860041627	0.305587692243	5	778	1	
169	0	151	step_1_no_load	1	2	2	569	
169	0	151	step_2_no_load	3	4	0.614159737668	0.59154759351	4	861	1	
169	0	152	step_1_no_load	1	2	2	716	
169	0	152	step_2_no_load	5	6	0.323194010514	0.307702500543	5	508	0	
169	0	153	step_1_no_load	1	2	1	540	
169	0	153	step_2_no_load	3	4	0.681559292085	0.613336203392	4	1139	0	
169	0	154	step_1_no_load	1	2	2	349	
169	0	154	step_2_no_load	5	6	0.348349389262	0.316375537537	5	655	1	
169	0	155	step_1_no_load	1	2	1	655	
169	0	155	step_2_no_load	3	4	0.716100930629	0.632486591889	3	910	1	
169	0	156	step_1_no_load	1	2	2	746	
169	0	156	step_2_no_load	5	6	0.368378667812	0.32564867104	5	648	1	
169	0	157	step_1_no_load	1	2	1	313	
169	0	157	step_2_no_load	3	4	0.720725456325	0.585191807512	3	789	0	
169	0	158	step_1_no_load	1	2	2	458	
169	0	158	step_2_no_load	5	6	0.334595868098	0.408728803896	5	642	1	
169	0	159	step_1_no_load	1	2	1	931	
169	0	159	step_2_no_load	3	4	0.697903160072	0.541222065796	3	1001	1	
169	0	160	step_1_no_load	1	2	2	590	
169	0	160	step_2_no_load	5	6	0.355992626298	0.415052912783	5	744	0	
169	0	161	step_1_no_load	1	2	2	327	
169	0	161	step_2_no_load	5	6	0.438878285506	0.407025633682	5	551	1	
169	0	162	step_1_no_load	1	2	1	926	
169	0	162	step_2_no_load	3	4	0.695144769903	0.566496468084	4	561	0	
169	0	163	step_1_no_load	1	2	2	350	
169	0	163	step_2_no_load	5	6	0.430920885959	0.395221309311	5	481	1	
169	0	164	step_1_no_load	1	2	2	456	
169	0	164	step_2_no_load	5	6	0.430844125626	0.432761720497	5	389	1	
169	0	165	step_1_no_load	1	2	2	622	
169	0	165	step_2_no_load	3	4	0.717506143195	0.538026607649	3	1059	0	
169	0	166	step_1_no_load	1	2	2	614	
169	0	166	step_2_no_load	3	4	0.686594248975	0.549095060025	3	1270	1	
169	0	167	step_1_no_load	1	2	1	315	
169	0	167	step_2_no_load	3	4	0.706271792549	0.585131062446	3	1059	1	
169	0	168	step_1_no_load	1	2	2	575	
169	0	168	step_2_no_load	5	6	0.335777599654	0.400817642375	5	563	0	
169	0	169	step_1_no_load	1	2	1	452	
169	0	169	step_2_no_load	3	4	0.704981910944	0.586049140041	4	1096	0	
169	0	170	step_1_no_load	1	2	2	379	
169	0	170	step_2_no_load	5	6	0.364989630435	0.411067820436	5	356	1	
169	0	171	step_1_no_load	1	2	2	1117	
169	0	171	step_2_no_load	5	6	0.425122034074	0.386979310814	5	1036	0	
169	0	172	step_1_no_load	1	2	2	348	
169	0	172	step_2_no_load	3	4	0.668669556875	0.519090471457	3	1031	1	
169	0	173	step_1_no_load	1	2	1	671	
169	0	173	step_2_no_load	5	6	0.462866379815	0.385349297983	6	817	0	
169	0	174	step_1_no_load	1	2	2	735	
169	0	174	step_2_no_load	3	4	0.729877433725	0.472729524832	3	628	1	
169	0	175	step_1_no_load	1	2	2	449	
169	0	175	step_2_no_load	5	6	0.484825491933	0.426185553904	5	1212	0	
169	0	176	step_1_no_load	1	2	2	352	
169	0	176	step_2_no_load	3	4	0.679250000396	0.474046874473	3	367	1	
169	0	177	step_1_no_load	1	2	1	418	
169	0	177	step_2_no_load	3	4	0.714070205704	0.501268576771	3	436	1	
169	0	178	step_1_no_load	1	2	2	1058	
169	0	178	step_2_no_load	5	6	0.49020858644	0.36473828006	5	872	1	
169	0	179	step_1_no_load	1	2	1	454	
169	0	179	step_2_no_load	3	4	0.709345707515	0.457298770028	3	763	1	
169	0	180	step_1_no_load	1	2	2	558	
169	0	180	step_2_no_load	5	6	0.489345734128	0.341214611607	6	728	0	
169	0	181	step_1_no_load	1	2	2	501	
169	0	181	step_2_no_load	3	4	0.746910336326	0.508735114046	4	721	1	
169	0	182	step_1_no_load	1	2	1	258	
169	0	182	step_2_no_load	3	4	0.72717560423	0.506773281362	3	682	0	
169	0	183	step_1_no_load	1	2	2	308	
169	0	183	step_2_no_load	3	4	0.720388040749	0.502991759047	4	1161	0	
169	0	184	step_1_no_load	1	2	2	432	
169	0	184	step_2_no_load	5	6	0.480863422096	0.362743255194	5	735	0	
169	0	185	step_1_no_load	1	2	2	397	
169	0	185	step_2_no_load	3	4	0.665622647081	0.479703516092	3	395	0	
169	0	186	step_1_no_load	1	2	2	299	
169	0	186	step_2_no_load	3	4	0.656308636836	0.46870859828	3	382	0	
169	0	187	step_1_no_load	1	2	2	320	
169	0	187	step_2_no_load	5	6	0.498596507669	0.328890769988	6	761	0	
169	0	188	step_1_no_load	1	2	2	365	
169	0	188	step_2_no_load	5	6	0.548350535247	0.291508050861	5	1170	0	
169	0	189	step_1_no_load	1	2	2	412	
169	0	189	step_2_no_load	5	6	0.534753756004	0.285168135955	6	656	0	
169	0	190	step_1_no_load	1	2	2	302	
169	0	190	step_2_no_load	3	4	0.667655825994	0.433568856946	3	294	0	
169	0	191	step_1_no_load	1	2	1	429	
169	0	191	step_2_no_load	5	6	0.512103523931	0.318839908867	5	504	1	
169	0	192	step_1_no_load	1	2	1	600	
169	0	192	step_2_no_load	5	6	0.493851022417	0.299297135717	5	668	0	
169	0	193	step_1_no_load	1	2	2	464	
169	0	193	step_2_no_load	3	4	0.679792491164	0.440813209638	4	687	1	
169	0	194	step_1_no_load	1	2	2	471	
169	0	194	step_2_no_load	3	4	0.655261361454	0.433250459893	3	436	1	
169	0	195	step_1_no_load	1	2	2	453	
169	0	195	step_2_no_load	5	6	0.494102184238	0.348571348505	5	527	0	
169	0	196	step_1_no_load	1	2	1	307	
169	0	196	step_2_no_load	3	4	0.695101215304	0.421761207498	4	411	0	
169	0	197	step_1_no_load	1	2	2	458	
169	0	197	step_2_no_load	5	6	0.47786945426	0.316987700969	5	785	0	
169	0	198	step_1_no_load	1	2	1	518	
169	0	198	step_2_no_load	3	4	0.68660989813	0.397292432346	4	402	0	
169	0	199	step_1_no_load	1	2	2	696	
169	0	199	step_2_no_load	5	6	0.529438031858	0.292861528884	5	854	0	
169	0	200	step_1_no_load	1	2	1	443	
169	0	200	step_2_no_load	3	4	0.728996708473	0.372436949782	4	876	1	

Fri Jul 13 15:18:53 2018
