Tue Oct 23 14:52:46 2018	
178	0	1	step_1_no_load	1	2	2	916	
178	0	1	step_2_no_load	5	6	0.598297890399	0.594299910136	5	1221	0	
178	0	2	step_1_no_load	1	2	1	393	
178	0	2	step_2_no_load	3	4	0.533203491871	0.474613197709	4	904	1	
178	0	3	step_1_no_load	1	2	1	917	
178	0	3	step_2_no_load	3	4	0.516002945397	0.476767372206	4	581	0	
178	0	4	step_1_no_load	1	2	2	616	
178	0	4	step_2_no_load	5	6	0.597491569846	0.564086293706	6	679	1	
178	0	5	step_1_no_load	1	2	1	455	
178	0	5	step_2_no_load	5	6	0.623810210114	0.576104915614	5	436	1	
178	0	6	step_1_no_load	1	2	2	441	
178	0	6	step_2_no_load	3	4	0.490454120702	0.506877622204	4	338	0	
178	0	7	step_1_no_load	1	2	1	270	
178	0	7	step_2_no_load	5	6	0.568656746487	0.622642364361	5	326	1	
178	0	8	step_1_no_load	1	2	1	518	
178	0	8	step_2_no_load	3	4	0.499203529332	0.489816616396	4	345	1	
178	0	9	step_1_no_load	1	2	1	689	
178	0	9	step_2_no_load	3	4	0.54429228266	0.496546708465	3	706	1	
178	0	10	step_1_no_load	1	2	2	743	
178	0	10	step_2_no_load	5	6	0.652626043146	0.636063269715	6	690	1	
178	0	11	step_1_no_load	1	2	1	625	
178	0	11	step_2_no_load	3	4	0.59022801242	0.477013315682	3	541	0	
178	0	12	step_1_no_load	1	2	1	599	
178	0	12	step_2_no_load	5	6	0.682786328054	0.552770607849	6	612	0	
178	0	13	step_1_no_load	1	2	2	428	
178	0	13	step_2_no_load	5	6	0.653587098421	0.558313135925	5	451	0	
178	0	14	step_1_no_load	1	2	2	1084	
178	0	14	step_2_no_load	5	6	0.629137942344	0.545555696267	5	650	1	
178	0	15	step_1_no_load	1	2	1	523	
178	0	15	step_2_no_load	3	4	0.633564630036	0.505377237737	4	461	1	
178	0	16	step_1_no_load	1	2	2	607	
178	0	16	step_2_no_load	5	6	0.628091198119	0.553308964466	5	852	1	
178	0	17	step_1_no_load	1	2	1	552	
178	0	17	step_2_no_load	3	4	0.643116883134	0.535958400205	4	422	0	
178	0	18	step_1_no_load	1	2	2	466	
178	0	18	step_2_no_load	3	4	0.626895526976	0.517514133912	3	910	0	
178	0	19	step_1_no_load	1	2	1	323	
178	0	19	step_2_no_load	3	4	0.644773170243	0.498240186199	3	315	1	
178	0	20	step_1_no_load	1	2	2	485	
178	0	20	step_2_no_load	3	4	0.60665343963	0.478025448397	4	519	1	
178	0	21	step_1_no_load	1	2	1	676	
178	0	21	step_2_no_load	3	4	0.611328949295	0.49769376036	3	403	1	
178	0	22	step_1_no_load	1	2	2	304	
178	0	22	step_2_no_load	5	6	0.621949894727	0.468700882609	6	329	0	
178	0	23	step_1_no_load	1	2	2	749	
178	0	23	step_2_no_load	3	4	0.604065470975	0.520606588181	4	347	0	
178	0	24	step_1_no_load	1	2	2	450	
178	0	24	step_2_no_load	5	6	0.582115115688	0.503316199018	5	302	0	
178	0	25	step_1_no_load	1	2	1	474	
178	0	25	step_2_no_load	3	4	0.629917901014	0.503316372362	4	354	0	
178	0	26	step_1_no_load	1	2	1	487	
178	0	26	step_2_no_load	3	4	0.640635035276	0.511744353778	3	307	0	
178	0	27	step_1_no_load	1	2	2	405	
178	0	27	step_2_no_load	3	4	0.642144756622	0.507272671939	3	273	1	
178	0	28	step_1_no_load	1	2	2	507	
178	0	28	step_2_no_load	5	6	0.588356036098	0.553259388875	5	354	0	
178	0	29	step_1_no_load	1	2	1	348	
178	0	29	step_2_no_load	3	4	0.618626354124	0.521159009103	4	441	1	
178	0	30	step_1_no_load	1	2	2	877	
178	0	30	step_2_no_load	5	6	0.608245979832	0.574272497114	6	538	1	
178	0	31	step_1_no_load	1	2	1	310	
178	0	31	step_2_no_load	5	6	0.636602545794	0.541819886458	5	776	0	
178	0	32	step_1_no_load	1	2	2	321	
178	0	32	step_2_no_load	5	6	0.634585171267	0.522993086096	6	346	0	
178	0	33	step_1_no_load	1	2	2	0	
178	0	33	step_2_no_load	5	6	0.611700032906	0.542309898544	6	422	1	
178	0	34	step_1_no_load	1	2	1	324	
178	0	34	step_2_no_load	3	4	0.670290552209	0.454565258478	3	352	1	
178	0	35	step_1_no_load	1	2	1	321	
178	0	35	step_2_no_load	3	4	0.649776015006	0.491437207585	3	427	1	
178	0	36	step_1_no_load	1	2	1	396	
178	0	36	step_2_no_load	3	4	0.661229326326	0.513210053121	3	304	1	
178	0	37	step_1_no_load	1	2	2	444	
178	0	37	step_2_no_load	5	6	0.513822304161	0.598446394142	5	653	0	
178	0	38	step_1_no_load	1	2	2	396	
178	0	38	step_2_no_load	5	6	0.539078491643	0.595113730206	6	298	0	
178	0	39	step_1_no_load	1	2	1	310	
178	0	39	step_2_no_load	3	4	0.634483337633	0.578640235206	4	334	0	
178	0	40	step_1_no_load	1	2	1	287	
178	0	40	step_2_no_load	3	4	0.636994900683	0.5691386571	3	284	1	
178	0	41	step_1_no_load	1	2	1	279	
178	0	41	step_2_no_load	3	4	0.633285941184	0.583829055298	3	396	0	
178	0	42	step_1_no_load	1	2	2	315	
178	0	42	step_2_no_load	5	6	0.533857158543	0.609164606591	6	472	0	
178	0	43	step_1_no_load	1	2	2	943	
178	0	43	step_2_no_load	5	6	0.553703096215	0.612705031264	5	435	1	
178	0	44	step_1_no_load	1	2	2	360	
178	0	44	step_2_no_load	3	4	0.589653131867	0.537842745081	3	562	0	
178	0	45	step_1_no_load	1	2	1	267	
178	0	45	step_2_no_load	5	6	0.579346234508	0.632991467829	6	338	1	
178	0	46	step_1_no_load	1	2	1	450	
178	0	46	step_2_no_load	3	4	0.654261318712	0.532238720495	4	364	1	
178	0	47	step_1_no_load	1	2	1	361	
178	0	47	step_2_no_load	3	4	0.634373567175	0.493112702321	4	345	0	
178	0	48	step_1_no_load	1	2	1	381	
178	0	48	step_2_no_load	5	6	0.534690828011	0.615767119776	6	359	1	
178	0	49	step_1_no_load	1	2	1	352	
178	0	49	step_2_no_load	3	4	0.614679490594	0.489287375157	4	669	1	
178	0	50	step_1_no_load	1	2	1	402	
178	0	50	step_2_no_load	3	4	0.593458480934	0.47381367271	4	473	1	
178	0	51	step_1_no_load	1	2	1	296	
178	0	51	step_2_no_load	3	4	0.613357430892	0.469943944943	4	347	1	
178	0	52	step_1_no_load	1	2	1	299	
178	0	52	step_2_no_load	5	6	0.513589895419	0.539065404057	6	337	0	
178	0	53	step_1_no_load	1	2	1	316	
178	0	53	step_2_no_load	3	4	0.630956764252	0.451905460347	3	304	0	
178	0	54	step_1_no_load	1	2	1	327	
178	0	54	step_2_no_load	3	4	0.652515308527	0.491512498697	4	294	0	
178	0	55	step_1_no_load	1	2	1	612	
178	0	55	step_2_no_load	5	6	0.526704292526	0.574045915747	6	417	0	
178	0	56	step_1_no_load	1	2	2	675	
178	0	56	step_2_no_load	3	4	0.60038825769	0.459773408493	3	493	0	
178	0	57	step_1_no_load	1	2	2	447	
178	0	57	step_2_no_load	5	6	0.516475618243	0.641849303307	6	422	1	
178	0	58	step_1_no_load	1	2	2	302	
178	0	58	step_2_no_load	5	6	0.528376440027	0.664682809182	6	296	1	
178	0	59	step_1_no_load	1	2	2	307	
178	0	59	step_2_no_load	5	6	0.537400760025	0.632500293208	6	507	0	
178	0	60	step_1_no_load	1	2	1	600	
178	0	60	step_2_no_load	5	6	0.479287247283	0.623687406259	6	289	0	
178	0	61	step_1_no_load	1	2	1	359	
178	0	61	step_2_no_load	3	4	0.602879526975	0.464268875813	3	370	0	
178	0	62	step_1_no_load	1	2	2	306	
178	0	62	step_2_no_load	3	4	0.622820395113	0.50724109756	4	458	0	
178	0	63	step_1_no_load	1	2	1	305	
178	0	63	step_2_no_load	5	6	0.519445130796	0.664284493458	5	286	1	
178	0	64	step_1_no_load	1	2	1	349	
178	0	64	step_2_no_load	3	4	0.626149195169	0.555062911513	3	287	0	
178	0	65	step_1_no_load	1	2	2	97	
178	0	65	step_2_no_load	5	6	0.517687993213	0.612660225018	5	621	1	
178	0	66	step_1_no_load	1	2	1	1170	
178	0	66	step_2_no_load	3	4	0.630357351236	0.573761869714	3	680	0	
178	0	67	step_1_no_load	1	2	1	379	
178	0	67	step_2_no_load	3	4	0.674463681351	0.542076810516	4	281	0	
178	0	68	step_1_no_load	1	2	2	613	
178	0	68	step_2_no_load	5	6	0.523301545299	0.622963076372	6	289	1	
178	0	69	step_1_no_load	1	2	2	598	
178	0	69	step_2_no_load	5	6	0.560462111264	0.622221685203	6	289	0	
178	0	70	step_1_no_load	1	2	1	503	
178	0	70	step_2_no_load	5	6	0.548075770764	0.637556284465	6	741	1	
178	0	71	step_1_no_load	1	2	1	395	
178	0	71	step_2_no_load	3	4	0.706816191949	0.482863323776	3	246	0	
178	0	72	step_1_no_load	1	2	1	0	
178	0	72	step_2_no_load	3	4	0.705884789502	0.47409116389	4	8	1	
178	0	73	step_1_no_load	1	2	1	433	
178	0	73	step_2_no_load	3	4	0.727961155836	0.435957313805	4	339	1	
178	0	74	step_1_no_load	1	2	2	412	
178	0	74	step_2_no_load	5	6	0.491044983779	0.614462146454	6	457	1	
178	0	75	step_1_no_load	1	2	2	372	
178	0	75	step_2_no_load	5	6	0.483983914712	0.615552849174	5	415	1	
178	0	76	step_1_no_load	1	2	2	574	
178	0	76	step_2_no_load	5	6	0.518881389358	0.62770291155	6	270	1	
178	0	77	step_1_no_load	1	2	1	293	
178	0	77	step_2_no_load	5	6	0.538119616568	0.564257587118	5	364	0	
178	0	78	step_1_no_load	1	2	2	291	
178	0	78	step_2_no_load	5	6	0.538654072849	0.536711448352	-1	-1	-1	
178	0	79	step_1_no_load	1	2	2	738	
178	0	79	step_2_no_load	5	6	0.540085062695	0.513695512795	6	386	1	
178	0	80	step_1_no_load	1	2	2	524	
178	0	80	step_2_no_load	5	6	0.49921021142	0.518583383166	5	292	0	
178	0	81	step_1_no_load	1	2	2	14	
178	0	81	step_2_no_load	5	6	0.494116554432	0.529745690463	6	76	0	
178	0	82	step_1_no_load	1	2	1	304	
178	0	82	step_2_no_load	5	6	0.482727017837	0.564729328387	6	260	0	
178	0	83	step_1_no_load	1	2	1	359	
178	0	83	step_2_no_load	3	4	0.726885136842	0.382772464038	3	393	1	
178	0	84	step_1_no_load	1	2	1	317	
178	0	84	step_2_no_load	5	6	0.505586222209	0.65843840156	5	381	1	
178	0	85	step_1_no_load	1	2	1	374	
178	0	85	step_2_no_load	3	4	0.712989604416	0.384458259121	3	405	0	
178	0	86	step_1_no_load	1	2	2	343	
178	0	86	step_2_no_load	3	4	0.721207648497	0.345323068124	3	639	1	
178	0	87	step_1_no_load	1	2	2	317	
178	0	87	step_2_no_load	5	6	0.493867001103	0.719375344246	5	356	1	
178	0	88	step_1_no_load	1	2	2	429	
178	0	88	step_2_no_load	5	6	0.509563243675	0.717410082358	5	404	0	
178	0	89	step_1_no_load	1	2	1	1357	
178	0	89	step_2_no_load	3	4	0.660112261017	0.415882489686	3	1051	1	
178	0	90	step_1_no_load	1	2	1	401	
178	0	90	step_2_no_load	3	4	0.688736868033	0.411459496853	3	306	0	
178	0	91	step_1_no_load	1	2	2	345	
178	0	91	step_2_no_load	3	4	0.657820521772	0.43534164751	4	387	0	
178	0	92	step_1_no_load	1	2	1	462	
178	0	92	step_2_no_load	3	4	0.679381608313	0.444368850664	4	285	1	
178	0	93	step_1_no_load	1	2	1	310	
178	0	93	step_2_no_load	3	4	0.662863370634	0.439878153082	4	270	1	
178	0	94	step_1_no_load	1	2	1	363	
178	0	94	step_2_no_load	3	4	0.668295023896	0.429211756872	4	292	0	
178	0	95	step_1_no_load	1	2	2	325	
178	0	95	step_2_no_load	5	6	0.42505578884	0.715495469274	5	475	0	
178	0	96	step_1_no_load	1	2	2	305	
178	0	96	step_2_no_load	5	6	0.437558890646	0.693739812506	6	536	1	
178	0	97	step_1_no_load	1	2	2	838	
178	0	97	step_2_no_load	5	6	0.455601814112	0.681272614291	6	346	1	
178	0	98	step_1_no_load	1	2	2	337	
178	0	98	step_2_no_load	5	6	0.431479829356	0.70287861952	6	304	1	
178	0	99	step_1_no_load	1	2	2	265	
178	0	99	step_2_no_load	3	4	0.645191748454	0.397561363605	4	325	0	
178	0	100	step_1_no_load	1	2	1	409	
178	0	100	step_2_no_load	5	6	0.363162156005	0.666227451505	5	929	1	
178	0	101	step_1_no_load	1	2	1	341	
178	0	101	step_2_no_load	3	4	0.655903528958	0.497432607584	3	340	0	
178	0	102	step_1_no_load	1	2	2	303	
178	0	102	step_2_no_load	3	4	0.663124617603	0.494584754513	4	219	0	
178	0	103	step_1_no_load	1	2	1	412	
178	0	103	step_2_no_load	3	4	0.69058998368	0.481975449893	3	397	1	
178	0	104	step_1_no_load	1	2	1	470	
178	0	104	step_2_no_load	5	6	0.303696146503	0.703870701136	6	794	1	
178	0	105	step_1_no_load	1	2	1	417	
178	0	105	step_2_no_load	3	4	0.722851301692	0.514318365187	4	422	1	
178	0	106	step_1_no_load	1	2	1	396	
178	0	106	step_2_no_load	3	4	0.699623252899	0.508908032404	3	351	0	
178	0	107	step_1_no_load	1	2	1	323	
178	0	107	step_2_no_load	3	4	0.677514185929	0.565220528809	4	349	0	
178	0	108	step_1_no_load	1	2	2	294	
178	0	108	step_2_no_load	5	6	0.388185708856	0.695928523711	5	234	0	
178	0	109	step_1_no_load	1	2	2	301	
178	0	109	step_2_no_load	3	4	0.68658494263	0.479977531501	4	267	0	
178	0	110	step_1_no_load	1	2	1	301	
178	0	110	step_2_no_load	3	4	0.65455226558	0.432626681236	4	291	1	
178	0	111	step_1_no_load	1	2	1	304	
178	0	111	step_2_no_load	5	6	0.407158158569	0.724852671171	6	273	1	
178	0	112	step_1_no_load	1	2	1	326	
178	0	112	step_2_no_load	3	4	0.635252945963	0.392887565883	4	273	1	
178	0	113	step_1_no_load	1	2	1	428	
178	0	113	step_2_no_load	5	6	0.387112818105	0.719324307956	6	786	0	
178	0	114	step_1_no_load	1	2	1	430	
178	0	114	step_2_no_load	3	4	0.657654904272	0.380324086676	3	298	1	
178	0	115	step_1_no_load	1	2	1	400	
178	0	115	step_2_no_load	3	4	0.645721217949	0.390027643099	3	299	1	
178	0	116	step_1_no_load	1	2	1	365	
178	0	116	step_2_no_load	3	4	0.680124293449	0.378149844807	3	276	1	
178	0	117	step_1_no_load	1	2	1	307	
178	0	117	step_2_no_load	3	4	0.671842537277	0.374621793791	4	452	0	
178	0	118	step_1_no_load	1	2	1	280	
178	0	118	step_2_no_load	3	4	0.690484235012	0.357645851833	3	233	1	
178	0	119	step_1_no_load	1	2	1	374	
178	0	119	step_2_no_load	5	6	0.358243439099	0.690424535099	5	342	0	
178	0	120	step_1_no_load	1	2	2	402	
178	0	120	step_2_no_load	5	6	0.333809617664	0.70587238626	5	341	0	
178	0	121	step_1_no_load	1	2	2	348	
178	0	121	step_2_no_load	3	4	0.671052306195	0.352721767208	4	329	0	
178	0	122	step_1_no_load	1	2	1	1320	
178	0	122	step_2_no_load	3	4	0.672193618854	0.329624572119	4	735	1	
178	0	123	step_1_no_load	1	2	1	315	
178	0	123	step_2_no_load	3	4	0.664849878232	0.337526896345	4	261	0	
178	0	124	step_1_no_load	1	2	2	492	
178	0	124	step_2_no_load	5	6	0.26095206597	0.603013298253	5	185	0	
178	0	125	step_1_no_load	1	2	2	395	
178	0	125	step_2_no_load	3	4	0.633566302563	0.303110862715	4	369	1	
178	0	126	step_1_no_load	1	2	2	396	
178	0	126	step_2_no_load	5	6	0.267206368684	0.537863824328	6	340	1	
178	0	127	step_1_no_load	1	2	2	653	
178	0	127	step_2_no_load	5	6	0.273483952592	0.560824094575	6	435	1	
178	0	128	step_1_no_load	1	2	2	648	
178	0	128	step_2_no_load	5	6	0.260252451606	0.636905534066	6	978	0	
178	0	129	step_1_no_load	1	2	1	92	
178	0	129	step_2_no_load	3	4	0.632682846317	0.271709703542	3	701	0	
178	0	130	step_1_no_load	1	2	1	469	
178	0	130	step_2_no_load	5	6	0.267460866951	0.682031489739	6	390	0	
178	0	131	step_1_no_load	1	2	2	395	
178	0	131	step_2_no_load	5	6	0.281500842289	0.678044920845	6	489	1	
178	0	132	step_1_no_load	1	2	1	481	
178	0	132	step_2_no_load	3	4	0.660013924697	0.315328810424	4	426	0	
178	0	133	step_1_no_load	1	2	2	391	
178	0	133	step_2_no_load	5	6	0.315608831386	0.617383991623	5	197	1	
178	0	134	step_1_no_load	1	2	2	464	
178	0	134	step_2_no_load	3	4	0.685529359147	0.302839427162	4	357	0	
178	0	135	step_1_no_load	1	2	-1	-1	
178	0	136	step_1_no_load	1	2	1	301	
178	0	136	step_2_no_load	3	4	0.674914008636	0.284521085726	4	412	1	
178	0	137	step_1_no_load	1	2	1	393	
178	0	137	step_2_no_load	3	4	0.668540846495	0.325016613024	3	481	1	
178	0	138	step_1_no_load	1	2	2	383	
178	0	138	step_2_no_load	3	4	0.688182193337	0.307694123906	4	298	0	
178	0	139	step_1_no_load	1	2	1	376	
178	0	139	step_2_no_load	3	4	0.696355985729	0.323660750961	3	148	1	
178	0	140	step_1_no_load	1	2	1	457	
178	0	140	step_2_no_load	3	4	0.637682840728	0.328174526491	3	386	1	
178	0	141	step_1_no_load	1	2	1	363	
178	0	141	step_2_no_load	5	6	0.390227133375	0.711987889705	5	442	0	
178	0	142	step_1_no_load	1	2	2	370	
178	0	142	step_2_no_load	3	4	0.627356259123	0.304203281606	3	466	1	
178	0	143	step_1_no_load	1	2	2	361	
178	0	143	step_2_no_load	5	6	0.410970957547	0.661365099615	5	417	1	
178	0	144	step_1_no_load	1	2	-1	-1	
178	0	145	step_1_no_load	1	2	1	213	
178	0	145	step_2_no_load	3	4	0.606515632748	0.266265924094	4	318	1	
178	0	146	step_1_no_load	1	2	1	311	
178	0	146	step_2_no_load	5	6	0.320877500969	0.681611991725	6	319	0	
178	0	147	step_1_no_load	1	2	1	437	
178	0	147	step_2_no_load	3	4	0.594861186319	0.265578160642	3	291	0	
178	0	148	step_1_no_load	1	2	2	404	
178	0	148	step_2_no_load	5	6	0.311162711725	0.619272702026	5	224	0	
178	0	149	step_1_no_load	1	2	2	6	
178	0	149	step_2_no_load	3	4	0.623203869836	0.269951834184	4	189	1	
178	0	150	step_1_no_load	1	2	2	74	
178	0	150	step_2_no_load	3	4	0.605912419156	0.305587692243	4	361	0	
178	0	151	step_1_no_load	1	2	1	11	
178	0	151	step_2_no_load	5	6	0.310557101463	0.59154759351	5	27	0	
178	0	152	step_1_no_load	1	2	1	467	
178	0	152	step_2_no_load	5	6	0.323194010514	0.595108765344	6	472	1	
178	0	153	step_1_no_load	1	2	1	464	
178	0	153	step_2_no_load	3	4	0.681559292085	0.309356532263	4	552	1	
178	0	154	step_1_no_load	1	2	1	367	
178	0	154	step_2_no_load	5	6	0.348349389262	0.638934099562	5	629	0	
178	0	155	step_1_no_load	1	2	2	139	
178	0	155	step_2_no_load	5	6	0.372188990474	0.632486591889	6	667	1	
178	0	156	step_1_no_load	1	2	2	487	
178	0	156	step_2_no_load	3	4	0.734436160799	0.32564867104	4	448	0	
178	0	157	step_1_no_load	1	2	1	451	
178	0	157	step_2_no_load	3	4	0.720725456325	0.350909357271	4	387	0	
178	0	158	step_1_no_load	1	2	2	822	
178	0	158	step_2_no_load	5	6	0.334595868098	0.532722108502	5	635	0	
178	0	159	step_1_no_load	1	2	2	418	
178	0	159	step_2_no_load	5	6	0.321150411254	0.541222065796	6	0	0	
178	0	160	step_1_no_load	1	2	1	10	
178	0	160	step_2_no_load	3	4	0.710728171711	0.415052912783	3	403	1	
178	0	161	step_1_no_load	1	2	1	644	
178	0	161	step_2_no_load	3	4	0.719896286569	0.407025633682	3	132	1	
178	0	162	step_1_no_load	1	2	1	383	
178	0	162	step_2_no_load	3	4	0.695144769903	0.3926701003	3	395	1	
178	0	163	step_1_no_load	1	2	1	321	
178	0	163	step_2_no_load	3	4	0.697095951435	0.395221309311	3	102	0	
178	0	164	step_1_no_load	1	2	2	14	
178	0	164	step_2_no_load	5	6	0.430844125626	0.585961845322	6	53	1	
178	0	165	step_1_no_load	1	2	2	64	
178	0	165	step_2_no_load	5	6	0.347974240867	0.538026607649	6	541	0	
178	0	166	step_1_no_load	1	2	1	11	
178	0	166	step_2_no_load	3	4	0.686594248975	0.422282731054	3	28	1	
178	0	167	step_1_no_load	1	2	1	11	
178	0	167	step_2_no_load	3	4	0.706271792549	0.38753671275	3	60	1	
178	0	168	step_1_no_load	1	2	1	37	
178	0	168	step_2_no_load	5	6	0.335777599654	0.613361520676	5	83	1	
178	0	169	step_1_no_load	1	2	1	599	
178	0	169	step_2_no_load	3	4	0.704981910944	0.42098542374	3	430	0	
178	0	170	step_1_no_load	1	2	1	1225	
178	0	170	step_2_no_load	5	6	0.364989630435	0.57151385403	5	669	1	
178	0	171	step_1_no_load	1	2	1	918	
178	0	171	step_2_no_load	5	6	0.425122034074	0.553314431843	6	1118	1	
178	0	172	step_1_no_load	1	2	1	698	
178	0	172	step_2_no_load	3	4	0.668669556875	0.363617002148	4	625	0	
178	0	173	step_1_no_load	1	2	1	578	
178	0	173	step_2_no_load	5	6	0.462866379815	0.484428109849	-1	-1	-1	
178	0	174	step_1_no_load	1	2	2	39	
178	0	174	step_2_no_load	5	6	0.46236234172	0.472729524832	6	995	0	
178	0	175	step_1_no_load	1	2	1	594	
178	0	175	step_2_no_load	5	6	0.484825491933	0.52644949356	5	1	1	
178	0	176	step_1_no_load	1	2	2	667	
178	0	176	step_2_no_load	5	6	0.500856457218	0.474046874473	6	463	1	
178	0	177	step_1_no_load	1	2	1	737	
178	0	177	step_2_no_load	3	4	0.714070205704	0.357425668099	4	454	0	
178	0	178	step_1_no_load	1	2	1	535	
178	0	178	step_2_no_load	5	6	0.49020858644	0.493712351915	5	419	0	
178	0	179	step_1_no_load	1	2	2	221	
178	0	179	step_2_no_load	5	6	0.493565996034	0.457298770028	6	247	0	
178	0	180	step_1_no_load	1	2	1	723	
178	0	180	step_2_no_load	5	6	0.489345734128	0.482853857291	6	628	0	
178	0	181	step_1_no_load	1	2	2	276	
178	0	181	step_2_no_load	5	6	0.480141179559	0.508735114046	5	0	0	
178	0	182	step_1_no_load	1	2	1	14	
178	0	182	step_2_no_load	5	6	0.49907747228	0.506773281362	5	385	1	
178	0	183	step_1_no_load	1	2	1	392	
178	0	183	step_2_no_load	3	4	0.720388040749	0.350175837802	4	346	1	
178	0	184	step_1_no_load	1	2	1	48	
178	0	184	step_2_no_load	5	6	0.480863422096	0.460890977786	6	30	1	
178	0	185	step_1_no_load	1	2	2	586	
178	0	185	step_2_no_load	5	6	0.482228039858	0.479703516092	6	73	1	
178	0	186	step_1_no_load	1	2	1	110	
178	0	186	step_2_no_load	5	6	0.484672582719	0.46870859828	6	34	1	
178	0	187	step_1_no_load	1	2	2	72	
178	0	187	step_2_no_load	5	6	0.498596507669	0.443962917772	6	1337	0	
178	0	188	step_1_no_load	1	2	1	146	
178	0	188	step_2_no_load	3	4	0.696362660087	0.291508050861	4	474	0	
178	0	189	step_1_no_load	1	2	1	457	
178	0	189	step_2_no_load	3	4	0.688353284054	0.285168135955	3	441	1	
178	0	190	step_1_no_load	1	2	1	531	
178	0	190	step_2_no_load	3	4	0.667655825994	0.304557739386	3	635	1	
178	0	191	step_1_no_load	1	2	1	520	
178	0	191	step_2_no_load	3	4	0.664271461991	0.318839908867	3	478	0	
178	0	192	step_1_no_load	1	2	2	586	
178	0	192	step_2_no_load	5	6	0.493851022417	0.450791310283	6	1162	1	
178	0	193	step_1_no_load	1	2	2	1091	
178	0	193	step_2_no_load	3	4	0.679792491164	0.321008037746	3	1153	0	
178	0	194	step_1_no_load	1	2	2	570	
178	0	194	step_2_no_load	5	6	0.505359594715	0.433250459893	6	624	0	
178	0	195	step_1_no_load	1	2	1	456	
178	0	195	step_2_no_load	5	6	0.494102184238	0.466795336969	-1	-1	-1	
178	0	196	step_1_no_load	1	2	2	859	
178	0	196	step_2_no_load	5	6	0.496717662777	0.421761207498	6	705	0	
178	0	197	step_1_no_load	1	2	1	636	
178	0	197	step_2_no_load	5	6	0.47786945426	0.422511153127	5	526	1	
178	0	198	step_1_no_load	1	2	2	564	
178	0	198	step_2_no_load	3	4	0.68660989813	0.303352625941	3	837	1	
178	0	199	step_1_no_load	1	2	1	442	
178	0	199	step_2_no_load	3	4	0.73697129762	0.292861528884	3	1073	1	
178	0	200	step_1_no_load	1	2	1	317	
178	0	200	step_2_no_load	3	4	0.728996708473	0.299128796668	3	901	1	

Tue Oct 23 15:16:38 2018
