Tue Oct 30 14:56:47 2018	
180	0	1	step_1_no_load	1	2	2	1192	
180	0	1	step_2_no_load	5	6	0.594299910136	0.598297890399	5	1126	0	
180	0	2	step_1_no_load	1	2	1	747	
180	0	2	step_2_no_load	3	4	0.533203491871	0.474613197709	4	1036	0	
180	0	3	step_1_no_load	1	2	2	507	
180	0	3	step_2_no_load	5	6	0.589215227351	0.584197065669	6	1202	0	
180	0	4	step_1_no_load	1	2	1	252	
180	0	4	step_2_no_load	5	6	0.564086293706	0.597491569846	6	830	1	
180	0	5	step_1_no_load	1	2	1	760	
180	0	5	step_2_no_load	5	6	0.576104915614	0.623810210114	6	800	1	
180	0	6	step_1_no_load	1	2	1	258	
180	0	6	step_2_no_load	3	4	0.490454120702	0.506877622204	3	944	1	
180	0	7	step_1_no_load	1	2	2	681	
180	0	7	step_2_no_load	5	6	0.622642364361	0.568656746487	6	748	0	
180	0	8	step_1_no_load	1	2	1	473	
180	0	8	step_2_no_load	3	4	0.499203529332	0.489816616396	3	819	1	
180	0	9	step_1_no_load	1	2	2	311	
180	0	9	step_2_no_load	3	4	0.54429228266	0.496546708465	3	836	0	
180	0	10	step_1_no_load	1	2	1	306	
180	0	10	step_2_no_load	3	4	0.576063520885	0.482364178155	3	650	0	
180	0	11	step_1_no_load	1	2	1	188	
180	0	11	step_2_no_load	3	4	0.59022801242	0.477013315682	4	1228	0	
180	0	12	step_1_no_load	1	2	1	298	
180	0	12	step_2_no_load	5	6	0.552770607849	0.682786328054	6	977	1	
180	0	13	step_1_no_load	1	2	2	574	
180	0	13	step_2_no_load	5	6	0.558313135925	0.653587098421	6	897	1	
180	0	14	step_1_no_load	1	2	1	446	
180	0	14	step_2_no_load	3	4	0.611256675753	0.491234392147	3	871	1	
180	0	15	step_1_no_load	1	2	1	494	
180	0	15	step_2_no_load	3	4	0.633564630036	0.505377237737	3	598	1	
180	0	16	step_1_no_load	1	2	2	299	
180	0	16	step_2_no_load	5	6	0.553308964466	0.628091198119	6	634	1	
180	0	17	step_1_no_load	1	2	1	249	
180	0	17	step_2_no_load	3	4	0.643116883134	0.535958400205	3	610	1	
180	0	18	step_1_no_load	1	2	2	434	
180	0	18	step_2_no_load	5	6	0.553554620302	0.626834332012	6	638	1	
180	0	19	step_1_no_load	1	2	1	227	
180	0	19	step_2_no_load	5	6	0.536502319591	0.619895761657	6	872	1	
180	0	20	step_1_no_load	1	2	2	243	
180	0	20	step_2_no_load	5	6	0.491720931314	0.636521555122	6	614	1	
180	0	21	step_1_no_load	1	2	1	259	
180	0	21	step_2_no_load	3	4	0.611328949295	0.49769376036	3	693	0	
180	0	22	step_1_no_load	1	2	2	326	
180	0	22	step_2_no_load	5	6	0.468700882609	0.621949894727	6	616	0	
180	0	23	step_1_no_load	1	2	1	259	
180	0	23	step_2_no_load	3	4	0.604065470975	0.520606588181	3	564	1	
180	0	24	step_1_no_load	1	2	2	405	
180	0	24	step_2_no_load	5	6	0.503316199018	0.582115115688	6	702	1	
180	0	25	step_1_no_load	1	2	1	401	
180	0	25	step_2_no_load	3	4	0.629917901014	0.503316372362	3	593	0	
180	0	26	step_1_no_load	1	2	2	265	
180	0	26	step_2_no_load	3	4	0.640635035276	0.511744353778	4	388	0	
180	0	27	step_1_no_load	1	2	2	391	
180	0	27	step_2_no_load	3	4	0.642144756622	0.507272671939	3	630	0	
180	0	28	step_1_no_load	1	2	2	636	
180	0	28	step_2_no_load	5	6	0.553259388875	0.588356036098	6	711	0	
180	0	29	step_1_no_load	1	2	1	510	
180	0	29	step_2_no_load	5	6	0.561957580386	0.606613029227	5	780	1	
180	0	30	step_1_no_load	1	2	1	727	
180	0	30	step_2_no_load	3	4	0.610227092493	0.4919199548	4	901	0	
180	0	31	step_1_no_load	1	2	2	635	
180	0	31	step_2_no_load	5	6	0.541819886458	0.636602545794	5	930	1	
180	0	32	step_1_no_load	1	2	1	619	
180	0	32	step_2_no_load	3	4	0.605616211083	0.520318771114	4	1235	1	
180	0	33	step_1_no_load	1	2	1	715	
180	0	33	step_2_no_load	3	4	0.618000238621	0.487664344039	4	1053	0	
180	0	34	step_1_no_load	1	2	2	218	
180	0	34	step_2_no_load	5	6	0.538523758058	0.575802910074	5	819	0	
180	0	35	step_1_no_load	1	2	1	242	
180	0	35	step_2_no_load	5	6	0.594167768198	0.566827313385	5	921	0	
180	0	36	step_1_no_load	1	2	2	349	
180	0	36	step_2_no_load	5	6	0.611274573488	0.527635087561	6	761	1	
180	0	37	step_1_no_load	1	2	2	483	
180	0	37	step_2_no_load	5	6	0.598446394142	0.513822304161	6	826	0	
180	0	38	step_1_no_load	1	2	1	237	
180	0	38	step_2_no_load	5	6	0.595113730206	0.539078491643	6	782	0	
180	0	39	step_1_no_load	1	2	1	320	
180	0	39	step_2_no_load	5	6	0.610601635554	0.557005857101	5	589	0	
180	0	40	step_1_no_load	1	2	1	420	
180	0	40	step_2_no_load	3	4	0.636994900683	0.5691386571	4	941	1	
180	0	41	step_1_no_load	1	2	1	376	
180	0	41	step_2_no_load	3	4	0.633285941184	0.583829055298	4	412	0	
180	0	42	step_1_no_load	1	2	2	798	
180	0	42	step_2_no_load	5	6	0.609164606591	0.533857158543	5	681	1	
180	0	43	step_1_no_load	1	2	2	286	
180	0	43	step_2_no_load	5	6	0.612705031264	0.553703096215	5	749	1	
180	0	44	step_1_no_load	1	2	2	304	
180	0	44	step_2_no_load	3	4	0.589653131867	0.537842745081	3	372	0	
180	0	45	step_1_no_load	1	2	1	286	
180	0	45	step_2_no_load	3	4	0.620699591043	0.5288039409	4	892	1	
180	0	46	step_1_no_load	1	2	1	310	
180	0	46	step_2_no_load	3	4	0.654261318712	0.532238720495	4	843	1	
180	0	47	step_1_no_load	1	2	2	517	
180	0	47	step_2_no_load	5	6	0.598724660986	0.546259467838	5	845	1	
180	0	48	step_1_no_load	1	2	2	540	
180	0	48	step_2_no_load	5	6	0.615767119776	0.534690828011	5	703	1	
180	0	49	step_1_no_load	1	2	1	294	
180	0	49	step_2_no_load	3	4	0.614679490594	0.489287375157	4	880	0	
180	0	50	step_1_no_load	1	2	1	321	
180	0	50	step_2_no_load	3	4	0.593458480934	0.47381367271	3	416	0	
180	0	51	step_1_no_load	1	2	1	214	
180	0	51	step_2_no_load	3	4	0.613357430892	0.469943944943	4	358	0	
180	0	52	step_1_no_load	1	2	1	228	
180	0	52	step_2_no_load	3	4	0.613408921915	0.429622901875	3	286	0	
180	0	53	step_1_no_load	1	2	2	230	
180	0	53	step_2_no_load	3	4	0.630956764252	0.451905460347	3	770	1	
180	0	54	step_1_no_load	1	2	2	627	
180	0	54	step_2_no_load	5	6	0.570223904064	0.493362545513	5	406	0	
180	0	55	step_1_no_load	1	2	1	252	
180	0	55	step_2_no_load	3	4	0.639840796975	0.487025527704	3	614	1	
180	0	56	step_1_no_load	1	2	1	270	
180	0	56	step_2_no_load	3	4	0.60038825769	0.459773408493	3	439	1	
180	0	57	step_1_no_load	1	2	1	263	
180	0	57	step_2_no_load	3	4	0.586335094239	0.466449077359	3	404	1	
180	0	58	step_1_no_load	1	2	1	392	
180	0	58	step_2_no_load	5	6	0.664682809182	0.528376440027	5	366	1	
180	0	59	step_1_no_load	1	2	2	252	
180	0	59	step_2_no_load	5	6	0.632500293208	0.537400760025	5	642	0	
180	0	60	step_1_no_load	1	2	2	407	
180	0	60	step_2_no_load	3	4	0.599559577859	0.491916707098	3	364	1	
180	0	61	step_1_no_load	1	2	1	630	
180	0	61	step_2_no_load	3	4	0.602879526975	0.464268875813	3	907	1	
180	0	62	step_1_no_load	1	2	2	247	
180	0	62	step_2_no_load	5	6	0.691137204746	0.533031417444	5	310	0	
180	0	63	step_1_no_load	1	2	2	271	
180	0	63	step_2_no_load	3	4	0.642623127313	0.53192660365	3	653	1	
180	0	64	step_1_no_load	1	2	2	292	
180	0	64	step_2_no_load	3	4	0.626149195169	0.555062911513	3	641	0	
180	0	65	step_1_no_load	1	2	1	258	
180	0	65	step_2_no_load	3	4	0.619953360065	0.569109504048	3	602	1	
180	0	66	step_1_no_load	1	2	1	253	
180	0	66	step_2_no_load	3	4	0.630357351236	0.573761869714	3	524	1	
180	0	67	step_1_no_load	1	2	1	238	
180	0	67	step_2_no_load	3	4	0.674463681351	0.542076810516	3	435	1	
180	0	68	step_1_no_load	1	2	1	1378	
180	0	68	step_2_no_load	3	4	0.719455209845	0.509127161919	3	630	1	
180	0	69	step_1_no_load	1	2	1	235	
180	0	69	step_2_no_load	3	4	0.718756538957	0.499137600991	3	368	0	
180	0	70	step_1_no_load	1	2	1	251	
180	0	70	step_2_no_load	5	6	0.637556284465	0.548075770764	6	861	0	
180	0	71	step_1_no_load	1	2	1	220	
180	0	71	step_2_no_load	3	4	0.706816191949	0.482863323776	3	676	1	
180	0	72	step_1_no_load	1	2	1	278	
180	0	72	step_2_no_load	5	6	0.626024641967	0.556486305476	6	664	1	
180	0	73	step_1_no_load	1	2	1	313	
180	0	73	step_2_no_load	3	4	0.727961155836	0.435957313805	3	580	1	
180	0	74	step_1_no_load	1	2	2	280	
180	0	74	step_2_no_load	5	6	0.614462146454	0.491044983779	6	720	0	
180	0	75	step_1_no_load	1	2	2	315	
180	0	75	step_2_no_load	3	4	0.697629587097	0.44832280175	3	637	1	
180	0	76	step_1_no_load	1	2	1	604	
180	0	76	step_2_no_load	5	6	0.62770291155	0.518881389358	5	932	0	
180	0	77	step_1_no_load	1	2	1	241	
180	0	77	step_2_no_load	3	4	0.679737625371	0.446809557226	3	589	1	
180	0	78	step_1_no_load	1	2	1	261	
180	0	78	step_2_no_load	3	4	0.647586191228	0.435911167612	3	694	1	
180	0	79	step_1_no_load	1	2	1	596	
180	0	79	step_2_no_load	3	4	0.647841624544	0.389124152368	3	838	0	
180	0	80	step_1_no_load	1	2	1	284	
180	0	80	step_2_no_load	3	4	0.703969305517	0.396016175285	3	502	0	
180	0	81	step_1_no_load	1	2	1	203	
180	0	81	step_2_no_load	5	6	0.529745690463	0.494116554432	5	1027	0	
180	0	82	step_1_no_load	1	2	1	294	
180	0	82	step_2_no_load	3	4	0.688340116885	0.395813831323	4	901	1	
180	0	83	step_1_no_load	1	2	1	387	
180	0	83	step_2_no_load	3	4	0.726885136842	0.382772464038	4	769	1	
180	0	84	step_1_no_load	1	2	1	305	
180	0	84	step_2_no_load	3	4	0.731466635793	0.385087938645	4	866	1	
180	0	85	step_1_no_load	1	2	1	231	
180	0	85	step_2_no_load	5	6	0.692384972752	0.485785534744	5	1218	0	
180	0	86	step_1_no_load	1	2	1	265	
180	0	86	step_2_no_load	3	4	0.721207648497	0.345323068124	4	797	1	
180	0	87	step_1_no_load	1	2	2	271	
180	0	87	step_2_no_load	3	4	0.690012761069	0.40000499778	4	1024	0	
180	0	88	step_1_no_load	1	2	1	242	
180	0	88	step_2_no_load	3	4	0.696773608304	0.377947492322	4	850	0	
180	0	89	step_1_no_load	1	2	1	257	
180	0	89	step_2_no_load	5	6	0.690772436485	0.490019385174	6	1047	0	
180	0	90	step_1_no_load	1	2	1	268	
180	0	90	step_2_no_load	3	4	0.688736868033	0.411459496853	3	871	1	
180	0	91	step_1_no_load	1	2	1	306	
180	0	91	step_2_no_load	5	6	0.685023809334	0.479087223222	6	1023	0	
180	0	92	step_1_no_load	1	2	1	139	
180	0	92	step_2_no_load	3	4	0.679381608313	0.444368850664	3	462	1	
180	0	93	step_1_no_load	1	2	2	259	
180	0	93	step_2_no_load	5	6	0.70415710998	0.473273727684	5	791	0	
180	0	94	step_1_no_load	1	2	1	331	
180	0	94	step_2_no_load	3	4	0.668295023896	0.429211756872	4	880	0	
180	0	95	step_1_no_load	1	2	1	253	
180	0	95	step_2_no_load	3	4	0.640209855442	0.427150666411	3	533	1	
180	0	96	step_1_no_load	1	2	1	381	
180	0	96	step_2_no_load	5	6	0.693739812506	0.437558890646	6	794	1	
180	0	97	step_1_no_load	1	2	1	213	
180	0	97	step_2_no_load	5	6	0.681272614291	0.455601814112	6	589	1	
180	0	98	step_1_no_load	1	2	1	260	
180	0	98	step_2_no_load	3	4	0.646040060297	0.409778171713	3	1086	1	
180	0	99	step_1_no_load	1	2	2	507	
180	0	99	step_2_no_load	3	4	0.645191748454	0.397561363605	3	923	0	
180	0	100	step_1_no_load	1	2	2	277	
180	0	100	step_2_no_load	5	6	0.666227451505	0.363162156005	6	939	1	
180	0	101	step_1_no_load	1	2	1	279	
180	0	101	step_2_no_load	5	6	0.623812401974	0.366879421891	6	875	1	
180	0	102	step_1_no_load	1	2	1	210	
180	0	102	step_2_no_load	3	4	0.663124617603	0.494584754513	3	638	0	
180	0	103	step_1_no_load	1	2	1	259	
180	0	103	step_2_no_load	3	4	0.69058998368	0.481975449893	4	727	0	
180	0	104	step_1_no_load	1	2	1	204	
180	0	104	step_2_no_load	3	4	0.743372642809	0.521047445908	4	470	0	
180	0	105	step_1_no_load	1	2	1	88	
180	0	105	step_2_no_load	3	4	0.722851301692	0.514318365187	3	415	1	
180	0	106	step_1_no_load	1	2	1	226	
180	0	106	step_2_no_load	3	4	0.699623252899	0.508908032404	3	431	1	
180	0	107	step_1_no_load	1	2	1	171	
180	0	107	step_2_no_load	3	4	0.677514185929	0.565220528809	3	311	1	
180	0	108	step_1_no_load	1	2	1	282	
180	0	108	step_2_no_load	3	4	0.681491063126	0.526955028982	3	630	1	
180	0	109	step_1_no_load	1	2	1	132	
180	0	109	step_2_no_load	5	6	0.71632547018	0.372328831887	6	846	1	
180	0	110	step_1_no_load	1	2	1	272	
180	0	110	step_2_no_load	3	4	0.65455226558	0.432626681236	4	777	0	
180	0	111	step_1_no_load	1	2	1	256	
180	0	111	step_2_no_load	5	6	0.724852671171	0.407158158569	6	841	1	
180	0	112	step_1_no_load	1	2	2	484	
180	0	112	step_2_no_load	5	6	0.725701866094	0.413393106784	6	702	0	
180	0	113	step_1_no_load	1	2	1	184	
180	0	113	step_2_no_load	3	4	0.634627459817	0.370697120277	3	677	0	
180	0	114	step_1_no_load	1	2	1	356	
180	0	114	step_2_no_load	5	6	0.718213323791	0.384736699284	5	729	1	
180	0	115	step_1_no_load	1	2	2	349	
180	0	115	step_2_no_load	5	6	0.739704344621	0.357661171116	6	1097	0	
180	0	116	step_1_no_load	1	2	1	186	
180	0	116	step_2_no_load	3	4	0.680124293449	0.378149844807	4	848	0	
180	0	117	step_1_no_load	1	2	1	185	
180	0	117	step_2_no_load	3	4	0.671842537277	0.374621793791	3	544	1	
180	0	118	step_1_no_load	1	2	1	236	
180	0	118	step_2_no_load	5	6	0.740051715856	0.362977115924	5	1041	1	
180	0	119	step_1_no_load	1	2	1	225	
180	0	119	step_2_no_load	3	4	0.661177321751	0.357515098446	3	1056	1	
180	0	120	step_1_no_load	1	2	1	197	
180	0	120	step_2_no_load	5	6	0.70587238626	0.333809617664	6	583	0	
180	0	121	step_1_no_load	1	2	1	88	
180	0	121	step_2_no_load	5	6	0.658856304095	0.310775244958	5	496	1	
180	0	122	step_1_no_load	1	2	1	269	
180	0	122	step_2_no_load	3	4	0.672193618854	0.329624572119	3	1186	1	
180	0	123	step_1_no_load	1	2	1	283	
180	0	123	step_2_no_load	3	4	0.664849878232	0.337526896345	3	785	1	
180	0	124	step_1_no_load	1	2	1	341	
180	0	124	step_2_no_load	5	6	0.603013298253	0.26095206597	6	921	0	
180	0	125	step_1_no_load	1	2	1	121	
180	0	125	step_2_no_load	3	4	0.633566302563	0.303110862715	3	626	1	
180	0	126	step_1_no_load	1	2	1	868	
180	0	126	step_2_no_load	3	4	0.600985760967	0.300846667696	3	650	1	
180	0	127	step_1_no_load	1	2	1	595	
180	0	127	step_2_no_load	3	4	0.646945556251	0.274944938508	3	466	1	
180	0	128	step_1_no_load	1	2	1	349	
180	0	128	step_2_no_load	3	4	0.620672334996	0.250790232267	3	523	1	
180	0	129	step_1_no_load	1	2	1	0	
180	0	129	step_2_no_load	3	4	0.632682846317	0.271709703542	3	432	1	
180	0	130	step_1_no_load	1	2	1	292	
180	0	130	step_2_no_load	3	4	0.630285316669	0.274560758494	3	412	0	
180	0	131	step_1_no_load	1	2	1	243	
180	0	131	step_2_no_load	3	4	0.638450601212	0.311475039155	3	481	1	
180	0	132	step_1_no_load	1	2	1	281	
180	0	132	step_2_no_load	3	4	0.660013924697	0.315328810424	3	359	0	
180	0	133	step_1_no_load	1	2	1	246	
180	0	133	step_2_no_load	3	4	0.691649444281	0.312642735495	4	542	0	
180	0	134	step_1_no_load	1	2	1	251	
180	0	134	step_2_no_load	5	6	0.621945110858	0.287393715313	5	883	0	
180	0	135	step_1_no_load	1	2	1	1433	
180	0	135	step_2_no_load	3	4	0.700779221781	0.287118934166	3	757	1	
180	0	136	step_1_no_load	1	2	2	353	
180	0	136	step_2_no_load	3	4	0.674914008636	0.284521085726	3	672	1	
180	0	137	step_1_no_load	1	2	2	314	
180	0	137	step_2_no_load	5	6	0.605896884497	0.346433498467	6	865	0	
180	0	138	step_1_no_load	1	2	2	557	
180	0	138	step_2_no_load	3	4	0.688182193337	0.307694123906	3	575	0	
180	0	139	step_1_no_load	1	2	1	209	
180	0	139	step_2_no_load	3	4	0.696355985729	0.323660750961	4	721	0	
180	0	140	step_1_no_load	1	2	1	209	
180	0	140	step_2_no_load	3	4	0.637682840728	0.328174526491	3	411	1	
180	0	141	step_1_no_load	1	2	1	140	
180	0	141	step_2_no_load	3	4	0.616803346728	0.311809871418	3	439	1	
180	0	142	step_1_no_load	1	2	1	744	
180	0	142	step_2_no_load	5	6	0.690276058009	0.397052682821	6	922	1	
180	0	143	step_1_no_load	1	2	2	623	
180	0	143	step_2_no_load	5	6	0.661365099615	0.410970957547	5	818	1	
180	0	144	step_1_no_load	1	2	1	406	
180	0	144	step_2_no_load	5	6	0.626443722248	0.389234194056	6	448	0	
180	0	145	step_1_no_load	1	2	1	97	
180	0	145	step_2_no_load	5	6	0.6669125229	0.355256413269	5	251	0	
180	0	146	step_1_no_load	1	2	2	238	
180	0	146	step_2_no_load	3	4	0.593778463268	0.257861956214	3	343	1	
180	0	147	step_1_no_load	1	2	2	284	
180	0	147	step_2_no_load	3	4	0.594861186319	0.265578160642	4	689	0	
180	0	148	step_1_no_load	1	2	1	271	
180	0	148	step_2_no_load	3	4	0.648050021239	0.305288021243	3	308	0	
180	0	149	step_1_no_load	1	2	1	255	
180	0	149	step_2_no_load	3	4	0.623203869836	0.269951834184	3	453	0	
180	0	150	step_1_no_load	1	2	1	158	
180	0	150	step_2_no_load	5	6	0.575985663078	0.306860041627	5	1136	1	
180	0	151	step_1_no_load	1	2	1	179	
180	0	151	step_2_no_load	3	4	0.614159737668	0.348172164421	4	842	1	
180	0	152	step_1_no_load	1	2	1	195	
180	0	152	step_2_no_load	5	6	0.595108765344	0.323194010514	5	868	1	
180	0	153	step_1_no_load	1	2	2	323	
180	0	153	step_2_no_load	3	4	0.681559292085	0.309356532263	4	941	1	
180	0	154	step_1_no_load	1	2	1	163	
180	0	154	step_2_no_load	5	6	0.638934099562	0.348349389262	5	822	1	
180	0	155	step_1_no_load	1	2	2	538	
180	0	155	step_2_no_load	5	6	0.632486591889	0.372188990474	5	795	0	
180	0	156	step_1_no_load	1	2	1	250	
180	0	156	step_2_no_load	5	6	0.631048201903	0.368378667812	6	408	0	
180	0	157	step_1_no_load	1	2	1	266	
180	0	157	step_2_no_load	3	4	0.720725456325	0.350909357271	4	1015	0	
180	0	158	step_1_no_load	1	2	1	3	
180	0	158	step_2_no_load	3	4	0.694270715354	0.408728803896	3	538	1	
180	0	159	step_1_no_load	1	2	1	266	
180	0	159	step_2_no_load	3	4	0.697903160072	0.413026375257	3	554	1	
180	0	160	step_1_no_load	1	2	1	224	
180	0	160	step_2_no_load	5	6	0.521229931064	0.355992626298	5	1031	1	
180	0	161	step_1_no_load	1	2	1	168	
180	0	161	step_2_no_load	5	6	0.516036498158	0.438878285506	5	779	0	
180	0	162	step_1_no_load	1	2	1	233	
180	0	162	step_2_no_load	3	4	0.695144769903	0.3926701003	4	631	0	
180	0	163	step_1_no_load	1	2	1	375	
180	0	163	step_2_no_load	3	4	0.697095951435	0.395221309311	3	397	1	
180	0	164	step_1_no_load	1	2	1	329	
180	0	164	step_2_no_load	3	4	0.692137394606	0.432761720497	3	383	0	
180	0	165	step_1_no_load	1	2	2	240	
180	0	165	step_2_no_load	5	6	0.538026607649	0.347974240867	5	826	0	
180	0	166	step_1_no_load	1	2	2	304	
180	0	166	step_2_no_load	5	6	0.549095060025	0.356317216644	6	416	0	
180	0	167	step_1_no_load	1	2	2	229	
180	0	167	step_2_no_load	5	6	0.585131062446	0.331115714939	6	320	1	
180	0	168	step_1_no_load	1	2	2	232	
180	0	168	step_2_no_load	5	6	0.613361520676	0.335777599654	6	602	1	
180	0	169	step_1_no_load	1	2	2	336	
180	0	169	step_2_no_load	5	6	0.586049140041	0.365156560071	6	541	1	
180	0	170	step_1_no_load	1	2	2	207	
180	0	170	step_2_no_load	5	6	0.57151385403	0.364989630435	6	263	0	
180	0	171	step_1_no_load	1	2	2	298	
180	0	171	step_2_no_load	3	4	0.727248140829	0.386979310814	3	744	0	
180	0	172	step_1_no_load	1	2	2	97	
180	0	172	step_2_no_load	5	6	0.519090471457	0.490120307546	6	405	0	
180	0	173	step_1_no_load	1	2	2	277	
180	0	173	step_2_no_load	3	4	0.667027212577	0.385349297983	3	1117	1	
180	0	174	step_1_no_load	1	2	2	247	
180	0	174	step_2_no_load	3	4	0.729877433725	0.387867297446	3	508	0	
180	0	175	step_1_no_load	1	2	2	209	
180	0	175	step_2_no_load	5	6	0.52644949356	0.484825491933	6	589	1	
180	0	176	step_1_no_load	1	2	2	104	
180	0	176	step_2_no_load	5	6	0.474046874473	0.500856457218	6	374	1	
180	0	177	step_1_no_load	1	2	2	85	
180	0	177	step_2_no_load	5	6	0.501268576771	0.4798184927	6	407	0	
180	0	178	step_1_no_load	1	2	2	75	
180	0	178	step_2_no_load	3	4	0.705993797498	0.36473828006	3	658	1	
180	0	179	step_1_no_load	1	2	2	292	
180	0	179	step_2_no_load	5	6	0.457298770028	0.493565996034	6	678	0	
180	0	180	step_1_no_load	1	2	2	318	
180	0	180	step_2_no_load	5	6	0.482853857291	0.489345734128	5	452	1	
180	0	181	step_1_no_load	1	2	2	255	
180	0	181	step_2_no_load	3	4	0.746910336326	0.342402764747	3	1012	0	
180	0	182	step_1_no_load	1	2	2	1	
180	0	182	step_2_no_load	5	6	0.506773281362	0.49907747228	5	984	0	
180	0	183	step_1_no_load	1	2	1	316	
180	0	183	step_2_no_load	3	4	0.720388040749	0.350175837802	3	447	1	
180	0	184	step_1_no_load	1	2	1	190	
180	0	184	step_2_no_load	3	4	0.657291439324	0.362743255194	3	510	0	
180	0	185	step_1_no_load	1	2	1	188	
180	0	185	step_2_no_load	3	4	0.665622647081	0.362611152222	4	401	1	
180	0	186	step_1_no_load	1	2	2	200	
180	0	186	step_2_no_load	3	4	0.656308636836	0.332733011923	3	614	0	
180	0	187	step_1_no_load	1	2	2	303	
180	0	187	step_2_no_load	5	6	0.443962917772	0.498596507669	6	398	0	
180	0	188	step_1_no_load	1	2	1	263	
180	0	188	step_2_no_load	3	4	0.696362660087	0.291508050861	3	402	1	
180	0	189	step_1_no_load	1	2	1	498	
180	0	189	step_2_no_load	3	4	0.688353284054	0.285168135955	3	414	1	
180	0	190	step_1_no_load	1	2	1	276	
180	0	190	step_2_no_load	3	4	0.667655825994	0.304557739386	3	326	1	
180	0	191	step_1_no_load	1	2	1	261	
180	0	191	step_2_no_load	5	6	0.435748387321	0.512103523931	6	693	1	
180	0	192	step_1_no_load	1	2	1	0	
180	0	192	step_2_no_load	3	4	0.705517419189	0.299297135717	3	561	1	
180	0	193	step_1_no_load	1	2	2	253	
180	0	193	step_2_no_load	5	6	0.440813209638	0.504944704439	6	840	1	
180	0	194	step_1_no_load	1	2	1	114	
180	0	194	step_2_no_load	3	4	0.655261361454	0.342437174514	3	596	0	
180	0	195	step_1_no_load	1	2	2	162	
180	0	195	step_2_no_load	5	6	0.466795336969	0.494102184238	5	425	1	
180	0	196	step_1_no_load	1	2	2	269	
180	0	196	step_2_no_load	3	4	0.695101215304	0.365373286058	4	962	0	
180	0	197	step_1_no_load	1	2	1	275	
180	0	197	step_2_no_load	3	4	0.686552522522	0.316987700969	3	558	1	
180	0	198	step_1_no_load	1	2	1	1	
180	0	198	step_2_no_load	3	4	0.68660989813	0.303352625941	3	365	1	
180	0	199	step_1_no_load	1	2	1	40	
180	0	199	step_2_no_load	3	4	0.73697129762	0.292861528884	3	363	1	
180	0	200	step_1_no_load	1	2	1	82	
180	0	200	step_2_no_load	3	4	0.728996708473	0.299128796668	3	392	0	

Tue Oct 30 15:14:37 2018
