Wed Nov  7 14:18:20 2018	
181	0	1	step_1_no_load	1	2	1	1389	
181	0	1	step_2_no_load	5	6	0.511789129507	0.594299910136	-1	-1	-1	
181	0	2	step_1_no_load	1	2	1	895	
181	0	2	step_2_no_load	3	4	0.474613197709	0.580156942153	4	1087	1	
181	0	3	step_1_no_load	1	2	1	958	
181	0	3	step_2_no_load	3	4	0.476767372206	0.584197065669	4	1087	1	
181	0	4	step_1_no_load	1	2	2	1287	
181	0	4	step_2_no_load	5	6	0.494597764192	0.564086293706	5	1260	0	
181	0	5	step_1_no_load	1	2	1	860	
181	0	5	step_2_no_load	5	6	0.543908521457	0.576104915614	6	918	1	
181	0	6	step_1_no_load	1	2	2	1460	
181	0	6	step_2_no_load	5	6	0.490454120702	0.603642866427	5	970	0	
181	0	7	step_1_no_load	1	2	1	763	
181	0	7	step_2_no_load	3	4	0.500071913476	0.568656746487	3	941	1	
181	0	8	step_1_no_load	1	2	2	1425	
181	0	8	step_2_no_load	3	4	0.489816616396	0.59128639594	-1	-1	-1	
181	0	9	step_1_no_load	1	2	2	1121	
181	0	9	step_2_no_load	3	4	0.496546708465	0.598049061473	3	918	0	
181	0	10	step_1_no_load	1	2	1	505	
181	0	10	step_2_no_load	3	4	0.482364178155	0.652626043146	4	882	0	
181	0	11	step_1_no_load	1	2	1	879	
181	0	11	step_2_no_load	3	4	0.477013315682	0.69163818036	3	881	0	
181	0	12	step_1_no_load	1	2	2	1159	
181	0	12	step_2_no_load	3	4	0.48457206759	0.682786328054	3	771	0	
181	0	13	step_1_no_load	1	2	1	698	
181	0	13	step_2_no_load	3	4	0.52012981853	0.653587098421	3	584	1	
181	0	14	step_1_no_load	1	2	1	679	
181	0	14	step_2_no_load	5	6	0.611256675753	0.545555696267	6	1064	1	
181	0	15	step_1_no_load	1	2	2	837	
181	0	15	step_2_no_load	5	6	0.633564630036	0.570419113221	5	1209	0	
181	0	16	step_1_no_load	1	2	2	597	
181	0	16	step_2_no_load	5	6	0.626326396372	0.553308964466	6	1282	0	
181	0	17	step_1_no_load	1	2	1	502	
181	0	17	step_2_no_load	3	4	0.535958400205	0.633350170016	3	1000	1	
181	0	18	step_1_no_load	1	2	1	835	
181	0	18	step_2_no_load	3	4	0.517514133912	0.626834332012	3	605	0	
181	0	19	step_1_no_load	1	2	1	1236	
181	0	19	step_2_no_load	3	4	0.498240186199	0.619895761657	-1	-1	-1	
181	0	20	step_1_no_load	1	2	1	555	
181	0	20	step_2_no_load	3	4	0.478025448397	0.636521555122	3	902	1	
181	0	21	step_1_no_load	1	2	1	792	
181	0	21	step_2_no_load	5	6	0.611328949295	0.470207377245	6	906	1	
181	0	22	step_1_no_load	1	2	2	864	
181	0	22	step_2_no_load	5	6	0.618527126547	0.468700882609	6	1477	0	
181	0	23	step_1_no_load	1	2	1	616	
181	0	23	step_2_no_load	5	6	0.604065470975	0.513759772011	5	1338	1	
181	0	24	step_1_no_load	1	2	1	829	
181	0	24	step_2_no_load	3	4	0.505388876622	0.582115115688	3	1334	1	
181	0	25	step_1_no_load	1	2	1	652	
181	0	25	step_2_no_load	5	6	0.629917901014	0.503605105412	5	1148	0	
181	0	26	step_1_no_load	1	2	2	833	
181	0	26	step_2_no_load	5	6	0.640635035276	0.532884212818	6	1234	1	
181	0	27	step_1_no_load	1	2	2	735	
181	0	27	step_2_no_load	5	6	0.642144756622	0.54756089792	5	1163	0	
181	0	28	step_1_no_load	1	2	1	1082	
181	0	28	step_2_no_load	3	4	0.520177259699	0.588356036098	4	1395	0	
181	0	29	step_1_no_load	1	2	2	1159	
181	0	29	step_2_no_load	5	6	0.618626354124	0.561957580386	5	1247	0	
181	0	30	step_1_no_load	1	2	1	1062	
181	0	30	step_2_no_load	3	4	0.4919199548	0.608245979832	3	786	1	
181	0	31	step_1_no_load	1	2	1	740	
181	0	31	step_2_no_load	3	4	0.483156722265	0.636602545794	3	619	0	
181	0	32	step_1_no_load	1	2	1	327	
181	0	32	step_2_no_load	5	6	0.605616211083	0.522993086096	6	810	1	
181	0	33	step_1_no_load	1	2	2	975	
181	0	33	step_2_no_load	5	6	0.618000238621	0.542309898544	5	1282	0	
181	0	34	step_1_no_load	1	2	2	587	
181	0	34	step_2_no_load	5	6	0.670290552209	0.538523758058	6	600	1	
181	0	35	step_1_no_load	1	2	1	466	
181	0	35	step_2_no_load	3	4	0.491437207585	0.566827313385	3	1237	0	
181	0	36	step_1_no_load	1	2	1	524	
181	0	36	step_2_no_load	5	6	0.661229326326	0.611274573488	6	596	1	
181	0	37	step_1_no_load	1	2	1	767	
181	0	37	step_2_no_load	3	4	0.543074626387	0.513822304161	4	913	1	
181	0	38	step_1_no_load	1	2	1	947	
181	0	38	step_2_no_load	3	4	0.553931241266	0.539078491643	3	622	0	
181	0	39	step_1_no_load	1	2	2	910	
181	0	39	step_2_no_load	5	6	0.634483337633	0.610601635554	5	856	0	
181	0	40	step_1_no_load	1	2	2	960	
181	0	40	step_2_no_load	3	4	0.5691386571	0.580760785074	3	949	1	
181	0	41	step_1_no_load	1	2	1	1446	
181	0	41	step_2_no_load	5	6	0.633285941184	0.588857868869	5	1126	1	
181	0	42	step_1_no_load	1	2	1	728	
181	0	42	step_2_no_load	5	6	0.606696263624	0.609164606591	5	779	1	
181	0	43	step_1_no_load	1	2	1	1081	
181	0	43	step_2_no_load	3	4	0.548128010644	0.553703096215	4	1418	0	
181	0	44	step_1_no_load	1	2	1	583	
181	0	44	step_2_no_load	3	4	0.537842745081	0.541854396676	3	709	1	
181	0	45	step_1_no_load	1	2	1	991	
181	0	45	step_2_no_load	3	4	0.5288039409	0.579346234508	4	982	1	
181	0	46	step_1_no_load	1	2	2	583	
181	0	46	step_2_no_load	5	6	0.654261318712	0.600964500555	-1	-1	-1	
181	0	47	step_1_no_load	1	2	2	605	
181	0	47	step_2_no_load	5	6	0.634373567175	0.598724660986	5	522	1	
181	0	48	step_1_no_load	1	2	1	413	
181	0	48	step_2_no_load	3	4	0.488280685105	0.534690828011	3	836	0	
181	0	49	step_1_no_load	1	2	1	973	
181	0	49	step_2_no_load	3	4	0.489287375157	0.512405963374	4	1079	1	
181	0	50	step_1_no_load	1	2	2	726	
181	0	50	step_2_no_load	5	6	0.593458480934	0.606862017918	6	1078	0	
181	0	51	step_1_no_load	1	2	2	373	
181	0	51	step_2_no_load	5	6	0.613357430892	0.564866799699	5	816	1	
181	0	52	step_1_no_load	1	2	1	1127	
181	0	52	step_2_no_load	3	4	0.429622901875	0.513589895419	3	1052	0	
181	0	53	step_1_no_load	1	2	1	660	
181	0	53	step_2_no_load	3	4	0.451905460347	0.475342927439	3	1106	0	
181	0	54	step_1_no_load	1	2	1	542	
181	0	54	step_2_no_load	5	6	0.652515308527	0.570223904064	6	662	0	
181	0	55	step_1_no_load	1	2	1	593	
181	0	55	step_2_no_load	3	4	0.487025527704	0.526704292526	3	876	0	
181	0	56	step_1_no_load	1	2	2	782	
181	0	56	step_2_no_load	5	6	0.60038825769	0.601856598146	5	1131	0	
181	0	57	step_1_no_load	1	2	1	568	
181	0	57	step_2_no_load	3	4	0.466449077359	0.516475618243	3	520	0	
181	0	58	step_1_no_load	1	2	1	529	
181	0	58	step_2_no_load	3	4	0.478335218822	0.528376440027	3	637	0	
181	0	59	step_1_no_load	1	2	1	695	
181	0	59	step_2_no_load	3	4	0.480274332693	0.537400760025	3	690	0	
181	0	60	step_1_no_load	1	2	1	403	
181	0	60	step_2_no_load	3	4	0.491916707098	0.479287247283	4	441	0	
181	0	61	step_1_no_load	1	2	2	696	
181	0	61	step_2_no_load	3	4	0.464268875813	0.527144452559	3	625	0	
181	0	62	step_1_no_load	1	2	2	461	
181	0	62	step_2_no_load	5	6	0.622820395113	0.691137204746	6	1266	0	
181	0	63	step_1_no_load	1	2	1	475	
181	0	63	step_2_no_load	3	4	0.53192660365	0.519445130796	3	670	1	
181	0	64	step_1_no_load	1	2	1	690	
181	0	64	step_2_no_load	3	4	0.555062911513	0.533849886794	3	736	1	
181	0	65	step_1_no_load	1	2	1	574	
181	0	65	step_2_no_load	5	6	0.619953360065	0.612660225018	6	774	0	
181	0	66	step_1_no_load	1	2	1	421	
181	0	66	step_2_no_load	3	4	0.573761869714	0.555324764318	3	818	1	
181	0	67	step_1_no_load	1	2	1	1022	
181	0	67	step_2_no_load	3	4	0.542076810516	0.538279387614	3	690	1	
181	0	68	step_1_no_load	1	2	-1	-1	
181	0	69	step_1_no_load	1	2	1	727	
181	0	69	step_2_no_load	5	6	0.718756538957	0.622221685203	6	874	0	
181	0	70	step_1_no_load	1	2	1	525	
181	0	70	step_2_no_load	3	4	0.498834901463	0.548075770764	3	567	0	
181	0	71	step_1_no_load	1	2	1	492	
181	0	71	step_2_no_load	3	4	0.482863323776	0.546215110045	4	724	1	
181	0	72	step_1_no_load	1	2	1	596	
181	0	72	step_2_no_load	5	6	0.705884789502	0.626024641967	6	1130	1	
181	0	73	step_1_no_load	1	2	1	550	
181	0	73	step_2_no_load	3	4	0.435957313805	0.50185699984	3	845	1	
181	0	74	step_1_no_load	1	2	1	538	
181	0	74	step_2_no_load	5	6	0.693624670847	0.614462146454	6	1223	0	
181	0	75	step_1_no_load	1	2	1	514	
181	0	75	step_2_no_load	5	6	0.697629587097	0.615552849174	5	1465	0	
181	0	76	step_1_no_load	1	2	1	1018	
181	0	76	step_2_no_load	5	6	0.690117652944	0.62770291155	5	1074	1	
181	0	77	step_1_no_load	1	2	2	914	
181	0	77	step_2_no_load	3	4	0.446809557226	0.538119616568	3	1024	0	
181	0	78	step_1_no_load	1	2	2	678	
181	0	78	step_2_no_load	5	6	0.647586191228	0.536711448352	6	405	1	
181	0	79	step_1_no_load	1	2	1	749	
181	0	79	step_2_no_load	5	6	0.647841624544	0.513695512795	5	586	0	
181	0	80	step_1_no_load	1	2	1	543	
181	0	80	step_2_no_load	3	4	0.396016175285	0.49921021142	4	434	1	
181	0	81	step_1_no_load	1	2	2	1406	
181	0	81	step_2_no_load	5	6	0.702400933084	0.529745690463	5	819	1	
181	0	82	step_1_no_load	1	2	2	745	
181	0	82	step_2_no_load	5	6	0.688340116885	0.564729328387	5	487	1	
181	0	83	step_1_no_load	1	2	1	618	
181	0	83	step_2_no_load	5	6	0.726885136842	0.607907985871	6	1110	0	
181	0	84	step_1_no_load	1	2	1	376	
181	0	84	step_2_no_load	3	4	0.385087938645	0.505586222209	-1	-1	-1	
181	0	85	step_1_no_load	1	2	1	1453	
181	0	85	step_2_no_load	3	4	0.384458259121	0.485785534744	-1	-1	-1	
181	0	86	step_1_no_load	1	2	1	539	
181	0	86	step_2_no_load	3	4	0.345323068124	0.486462788728	4	931	0	
181	0	87	step_1_no_load	1	2	1	469	
181	0	87	step_2_no_load	3	4	0.40000499778	0.493867001103	3	519	1	
181	0	88	step_1_no_load	1	2	1	645	
181	0	88	step_2_no_load	3	4	0.377947492322	0.509563243675	3	644	0	
181	0	89	step_1_no_load	1	2	2	443	
181	0	89	step_2_no_load	5	6	0.660112261017	0.690772436485	6	919	1	
181	0	90	step_1_no_load	1	2	1	1235	
181	0	90	step_2_no_load	3	4	0.411459496853	0.530126112124	3	1345	0	
181	0	91	step_1_no_load	1	2	2	597	
181	0	91	step_2_no_load	5	6	0.657820521772	0.685023809334	6	1078	0	
181	0	92	step_1_no_load	1	2	1	737	
181	0	92	step_2_no_load	5	6	0.679381608313	0.692406274724	5	742	0	
181	0	93	step_1_no_load	1	2	1	596	
181	0	93	step_2_no_load	3	4	0.439878153082	0.473273727684	3	919	0	
181	0	94	step_1_no_load	1	2	1	1210	
181	0	94	step_2_no_load	5	6	0.668295023896	0.719464414227	5	998	0	
181	0	95	step_1_no_load	1	2	2	780	
181	0	95	step_2_no_load	5	6	0.640209855442	0.715495469274	5	664	1	
181	0	96	step_1_no_load	1	2	1	569	
181	0	96	step_2_no_load	5	6	0.663095813561	0.693739812506	5	611	1	
181	0	97	step_1_no_load	1	2	1	742	
181	0	97	step_2_no_load	3	4	0.392885664353	0.455601814112	4	926	0	
181	0	98	step_1_no_load	1	2	1	411	
181	0	98	step_2_no_load	3	4	0.409778171713	0.431479829356	3	483	0	
181	0	99	step_1_no_load	1	2	2	610	
181	0	99	step_2_no_load	5	6	0.645191748454	0.673709850038	6	963	0	
181	0	100	step_1_no_load	1	2	1	630	
181	0	100	step_2_no_load	5	6	0.66579920021	0.666227451505	5	1295	0	
181	0	101	step_1_no_load	1	2	-1	-1	
181	0	102	step_1_no_load	1	2	2	566	
181	0	102	step_2_no_load	5	6	0.663124617603	0.666304534392	5	1294	0	
181	0	103	step_1_no_load	1	2	2	548	
181	0	103	step_2_no_load	5	6	0.69058998368	0.663997796029	6	1323	0	
181	0	104	step_1_no_load	1	2	2	485	
181	0	104	step_2_no_load	5	6	0.743372642809	0.703870701136	5	506	1	
181	0	105	step_1_no_load	1	2	2	609	
181	0	105	step_2_no_load	3	4	0.514318365187	0.352639603242	3	1078	0	
181	0	106	step_1_no_load	1	2	1	576	
181	0	106	step_2_no_load	3	4	0.508908032404	0.374131494222	-1	-1	-1	
181	0	107	step_1_no_load	1	2	1	445	
181	0	107	step_2_no_load	3	4	0.565220528809	0.388257337796	4	706	0	
181	0	108	step_1_no_load	1	2	1	330	
181	0	108	step_2_no_load	3	4	0.526955028982	0.388185708856	3	594	0	
181	0	109	step_1_no_load	1	2	1	539	
181	0	109	step_2_no_load	3	4	0.479977531501	0.372328831887	4	679	0	
181	0	110	step_1_no_load	1	2	1	537	
181	0	110	step_2_no_load	5	6	0.65455226558	0.729599891941	5	700	0	
181	0	111	step_1_no_load	1	2	1	1105	
181	0	111	step_2_no_load	3	4	0.384948378665	0.407158158569	-1	-1	-1	
181	0	112	step_1_no_load	1	2	1	740	
181	0	112	step_2_no_load	3	4	0.392887565883	0.413393106784	-1	-1	-1	
181	0	113	step_1_no_load	1	2	1	572	
181	0	113	step_2_no_load	3	4	0.370697120277	0.387112818105	3	758	1	
181	0	114	step_1_no_load	1	2	1	640	
181	0	114	step_2_no_load	3	4	0.380324086676	0.384736699284	3	736	0	
181	0	115	step_1_no_load	1	2	1	554	
181	0	115	step_2_no_load	5	6	0.645721217949	0.739704344621	5	1008	0	
181	0	116	step_1_no_load	1	2	1	592	
181	0	116	step_2_no_load	3	4	0.378149844807	0.369438791876	4	700	0	
181	0	117	step_1_no_load	1	2	1	374	
181	0	117	step_2_no_load	3	4	0.374621793791	0.363056877927	3	563	0	
181	0	118	step_1_no_load	1	2	1	504	
181	0	118	step_2_no_load	5	6	0.690484235012	0.740051715856	5	880	1	
181	0	119	step_1_no_load	1	2	1	477	
181	0	119	step_2_no_load	5	6	0.661177321751	0.690424535099	6	497	1	
181	0	120	step_1_no_load	1	2	1	631	
181	0	120	step_2_no_load	3	4	0.370150243662	0.333809617664	-1	-1	-1	
181	0	121	step_1_no_load	1	2	1	656	
181	0	121	step_2_no_load	3	4	0.352721767208	0.310775244958	3	798	0	
181	0	122	step_1_no_load	1	2	1	408	
181	0	122	step_2_no_load	5	6	0.672193618854	0.6136886145	5	995	1	
181	0	123	step_1_no_load	1	2	1	730	
181	0	123	step_2_no_load	5	6	0.664849878232	0.583607229978	6	1024	0	
181	0	124	step_1_no_load	1	2	1	499	
181	0	124	step_2_no_load	3	4	0.309430836661	0.26095206597	3	1062	0	
181	0	125	step_1_no_load	1	2	2	352	
181	0	125	step_2_no_load	5	6	0.633566302563	0.559596800931	5	837	0	
181	0	126	step_1_no_load	1	2	2	444	
181	0	126	step_2_no_load	5	6	0.600985760967	0.537863824328	6	366	1	
181	0	127	step_1_no_load	1	2	2	950	
181	0	127	step_2_no_load	3	4	0.274944938508	0.273483952592	-1	-1	-1	
181	0	128	step_1_no_load	1	2	2	568	
181	0	128	step_2_no_load	5	6	0.620672334996	0.636905534066	5	437	0	
181	0	129	step_1_no_load	1	2	1	372	
181	0	129	step_2_no_load	3	4	0.271709703542	0.268213321963	4	1229	1	
181	0	130	step_1_no_load	1	2	1	635	
181	0	130	step_2_no_load	5	6	0.630285316669	0.682031489739	5	725	0	
181	0	131	step_1_no_load	1	2	1	564	
181	0	131	step_2_no_load	3	4	0.311475039155	0.281500842289	4	664	0	
181	0	132	step_1_no_load	1	2	1	488	
181	0	132	step_2_no_load	3	4	0.315328810424	0.27986961048	3	437	0	
181	0	133	step_1_no_load	1	2	1	455	
181	0	133	step_2_no_load	3	4	0.312642735495	0.315608831386	3	556	0	
181	0	134	step_1_no_load	1	2	1	569	
181	0	134	step_2_no_load	3	4	0.302839427162	0.287393715313	3	996	1	
181	0	135	step_1_no_load	1	2	-1	-1	
181	0	136	step_1_no_load	1	2	1	827	
181	0	136	step_2_no_load	5	6	0.674914008636	0.597814413435	5	820	0	
181	0	137	step_1_no_load	1	2	1	514	
181	0	137	step_2_no_load	5	6	0.668540846495	0.605896884497	6	890	1	
181	0	138	step_1_no_load	1	2	2	740	
181	0	138	step_2_no_load	5	6	0.688182193337	0.63240964674	6	793	1	
181	0	139	step_1_no_load	1	2	1	793	
181	0	139	step_2_no_load	5	6	0.696355985729	0.636630981281	5	1018	1	
181	0	140	step_1_no_load	1	2	1	623	
181	0	140	step_2_no_load	3	4	0.328174526491	0.348740542008	4	664	1	
181	0	141	step_1_no_load	1	2	1	702	
181	0	141	step_2_no_load	3	4	0.311809871418	0.390227133375	3	881	1	
181	0	142	step_1_no_load	1	2	1	627	
181	0	142	step_2_no_load	5	6	0.627356259123	0.690276058009	6	944	1	
181	0	143	step_1_no_load	1	2	1	1216	
181	0	143	step_2_no_load	3	4	0.313516825296	0.410970957547	-1	-1	-1	
181	0	144	step_1_no_load	1	2	1	464	
181	0	144	step_2_no_load	5	6	0.639347300184	0.626443722248	6	714	1	
181	0	145	step_1_no_load	1	2	1	732	
181	0	145	step_2_no_load	3	4	0.266265924094	0.355256413269	4	1317	0	
181	0	146	step_1_no_load	1	2	2	543	
181	0	146	step_2_no_load	5	6	0.593778463268	0.681611991725	5	1237	1	
181	0	147	step_1_no_load	1	2	2	1138	
181	0	147	step_2_no_load	5	6	0.594861186319	0.647798886916	6	811	1	
181	0	148	step_1_no_load	1	2	2	1018	
181	0	148	step_2_no_load	3	4	0.305288021243	0.311162711725	3	910	0	
181	0	149	step_1_no_load	1	2	2	487	
181	0	149	step_2_no_load	5	6	0.623203869836	0.601870110183	5	1005	1	
181	0	150	step_1_no_load	1	2	2	1219	
181	0	150	step_2_no_load	5	6	0.605912419156	0.575985663078	6	1299	1	
181	0	151	step_1_no_load	1	2	2	1204	
181	0	151	step_2_no_load	5	6	0.614159737668	0.59154759351	5	928	1	
181	0	152	step_1_no_load	1	2	2	535	
181	0	152	step_2_no_load	5	6	0.644204174791	0.595108765344	6	748	0	
181	0	153	step_1_no_load	1	2	1	1174	
181	0	153	step_2_no_load	3	4	0.309356532263	0.343622632154	3	955	1	
181	0	154	step_1_no_load	1	2	1	703	
181	0	154	step_2_no_load	3	4	0.316375537537	0.348349389262	4	307	0	
181	0	155	step_1_no_load	1	2	1	464	
181	0	155	step_2_no_load	5	6	0.716100930629	0.632486591889	5	359	0	
181	0	156	step_1_no_load	1	2	1	494	
181	0	156	step_2_no_load	3	4	0.32564867104	0.368378667812	4	1083	0	
181	0	157	step_1_no_load	1	2	1	350	
181	0	157	step_2_no_load	3	4	0.350909357271	0.324728201487	3	426	1	
181	0	158	step_1_no_load	1	2	1	639	
181	0	158	step_2_no_load	5	6	0.694270715354	0.532722108502	5	1170	1	
181	0	159	step_1_no_load	1	2	1	578	
181	0	159	step_2_no_load	5	6	0.697903160072	0.541222065796	-1	-1	-1	
181	0	160	step_1_no_load	1	2	1	557	
181	0	160	step_2_no_load	3	4	0.415052912783	0.355992626298	4	610	0	
181	0	161	step_1_no_load	1	2	1	723	
181	0	161	step_2_no_load	3	4	0.407025633682	0.438878285506	3	667	0	
181	0	162	step_1_no_load	1	2	1	610	
181	0	162	step_2_no_load	3	4	0.3926701003	0.455329532209	3	571	1	
181	0	163	step_1_no_load	1	2	1	423	
181	0	163	step_2_no_load	3	4	0.395221309311	0.430920885959	4	535	1	
181	0	164	step_1_no_load	1	2	1	722	
181	0	164	step_2_no_load	5	6	0.692137394606	0.585961845322	5	1087	1	
181	0	165	step_1_no_load	1	2	1	767	
181	0	165	step_2_no_load	3	4	0.463777557969	0.347974240867	3	1320	1	
181	0	166	step_1_no_load	1	2	1	659	
181	0	166	step_2_no_load	3	4	0.422282731054	0.356317216644	-1	-1	-1	
181	0	167	step_1_no_load	1	2	1	541	
181	0	167	step_2_no_load	3	4	0.38753671275	0.331115714939	3	912	0	
181	0	168	step_1_no_load	1	2	2	416	
181	0	168	step_2_no_load	5	6	0.67192508984	0.613361520676	5	736	1	
181	0	169	step_1_no_load	1	2	2	947	
181	0	169	step_2_no_load	5	6	0.704981910944	0.586049140041	6	1000	1	
181	0	170	step_1_no_load	1	2	2	869	
181	0	170	step_2_no_load	5	6	0.67334314737	0.57151385403	5	740	1	
181	0	171	step_1_no_load	1	2	2	427	
181	0	171	step_2_no_load	5	6	0.727248140829	0.553314431843	6	643	1	
181	0	172	step_1_no_load	1	2	2	686	
181	0	172	step_2_no_load	5	6	0.668669556875	0.519090471457	-1	-1	-1	
181	0	173	step_1_no_load	1	2	1	1043	
181	0	173	step_2_no_load	3	4	0.385349297983	0.462866379815	3	873	0	
181	0	174	step_1_no_load	1	2	1	633	
181	0	174	step_2_no_load	3	4	0.387867297446	0.46236234172	-1	-1	-1	
181	0	175	step_1_no_load	1	2	1	495	
181	0	175	step_2_no_load	3	4	0.426185553904	0.484825491933	3	673	0	
181	0	176	step_1_no_load	1	2	1	465	
181	0	176	step_2_no_load	5	6	0.679250000396	0.474046874473	6	663	1	
181	0	177	step_1_no_load	1	2	1	519	
181	0	177	step_2_no_load	5	6	0.714070205704	0.501268576771	5	558	0	
181	0	178	step_1_no_load	1	2	1	471	
181	0	178	step_2_no_load	3	4	0.36473828006	0.49020858644	-1	-1	-1	
181	0	179	step_1_no_load	1	2	1	389	
181	0	179	step_2_no_load	3	4	0.324685418097	0.493565996034	4	451	1	
181	0	180	step_1_no_load	1	2	1	826	
181	0	180	step_2_no_load	3	4	0.341214611607	0.489345734128	3	636	1	
181	0	181	step_1_no_load	1	2	1	732	
181	0	181	step_2_no_load	3	4	0.342402764747	0.480141179559	4	644	0	
181	0	182	step_1_no_load	1	2	1	569	
181	0	182	step_2_no_load	5	6	0.72717560423	0.506773281362	5	468	1	
181	0	183	step_1_no_load	1	2	1	529	
181	0	183	step_2_no_load	5	6	0.720388040749	0.502991759047	6	1090	1	
181	0	184	step_1_no_load	1	2	1	896	
181	0	184	step_2_no_load	3	4	0.362743255194	0.480863422096	4	1048	1	
181	0	185	step_1_no_load	1	2	1	695	
181	0	185	step_2_no_load	5	6	0.665622647081	0.479703516092	5	1344	1	
181	0	186	step_1_no_load	1	2	1	761	
181	0	186	step_2_no_load	5	6	0.656308636836	0.46870859828	6	827	0	
181	0	187	step_1_no_load	1	2	1	1060	
181	0	187	step_2_no_load	3	4	0.328890769988	0.498596507669	4	1277	1	
181	0	188	step_1_no_load	1	2	1	487	
181	0	188	step_2_no_load	3	4	0.291508050861	0.548350535247	3	873	0	
181	0	189	step_1_no_load	1	2	1	639	
181	0	189	step_2_no_load	3	4	0.285168135955	0.534753756004	4	648	1	
181	0	190	step_1_no_load	1	2	1	745	
181	0	190	step_2_no_load	5	6	0.667655825994	0.433568856946	5	780	1	
181	0	191	step_1_no_load	1	2	2	901	
181	0	191	step_2_no_load	3	4	0.318839908867	0.512103523931	4	774	1	
181	0	192	step_1_no_load	1	2	2	942	
181	0	192	step_2_no_load	5	6	0.705517419189	0.450791310283	5	494	0	
181	0	193	step_1_no_load	1	2	2	577	
181	0	193	step_2_no_load	3	4	0.321008037746	0.504944704439	3	1306	0	
181	0	194	step_1_no_load	1	2	2	385	
181	0	194	step_2_no_load	5	6	0.655261361454	0.433250459893	5	1210	1	
181	0	195	step_1_no_load	1	2	2	927	
181	0	195	step_2_no_load	3	4	0.348571348505	0.494102184238	4	971	1	
181	0	196	step_1_no_load	1	2	2	878	
181	0	196	step_2_no_load	5	6	0.695101215304	0.421761207498	5	1112	1	
181	0	197	step_1_no_load	1	2	2	681	
181	0	197	step_2_no_load	5	6	0.686552522522	0.422511153127	6	1260	1	
181	0	198	step_1_no_load	1	2	-1	-1	
181	0	199	step_1_no_load	1	2	1	621	
181	0	199	step_2_no_load	3	4	0.292861528884	0.529438031858	4	1105	0	
181	0	200	step_1_no_load	1	2	1	358	
181	0	200	step_2_no_load	3	4	0.299128796668	0.507902534353	-1	-1	-1	

Wed Nov  7 14:36:35 2018
