Tue Dec 11 15:20:29 2018	
184	0	1	step_1_no_load	1	2	-1	-1	
184	0	2	step_1_no_load	1	2	1	513	
184	0	2	step_2_no_load	3	4	0.474613197709	0.533203491871	3	1361	0	
184	0	3	step_1_no_load	1	2	2	1265	
184	0	3	step_2_no_load	3	4	0.476767372206	0.516002945397	4	1264	0	
184	0	4	step_1_no_load	1	2	2	580	
184	0	4	step_2_no_load	5	6	0.564086293706	0.597491569846	5	1191	1	
184	0	5	step_1_no_load	1	2	2	402	
184	0	5	step_2_no_load	5	6	0.576104915614	0.623810210114	5	921	1	
184	0	6	step_1_no_load	1	2	2	419	
184	0	6	step_2_no_load	5	6	0.603642866427	0.585722686883	5	691	1	
184	0	7	step_1_no_load	1	2	2	424	
184	0	7	step_2_no_load	5	6	0.622642364361	0.568656746487	5	549	0	
184	0	8	step_1_no_load	1	2	2	573	
184	0	8	step_2_no_load	5	6	0.624210374623	0.59128639594	5	1284	1	
184	0	9	step_1_no_load	1	2	2	794	
184	0	9	step_2_no_load	5	6	0.641106877158	0.598049061473	5	924	0	
184	0	10	step_1_no_load	1	2	2	444	
184	0	10	step_2_no_load	5	6	0.636063269715	0.652626043146	6	1290	1	
184	0	11	step_1_no_load	1	2	2	542	
184	0	11	step_2_no_load	3	4	0.477013315682	0.59022801242	-1	-1	-1	
184	0	12	step_1_no_load	1	2	2	465	
184	0	12	step_2_no_load	5	6	0.552770607849	0.682786328054	6	1328	1	
184	0	13	step_1_no_load	1	2	2	486	
184	0	13	step_2_no_load	3	4	0.52012981853	0.595790490356	3	1430	0	
184	0	14	step_1_no_load	1	2	2	400	
184	0	14	step_2_no_load	3	4	0.491234392147	0.611256675753	4	599	1	
184	0	15	step_1_no_load	1	2	1	514	
184	0	15	step_2_no_load	3	4	0.505377237737	0.633564630036	4	1464	1	
184	0	16	step_1_no_load	1	2	1	798	
184	0	16	step_2_no_load	3	4	0.510958036527	0.626326396372	4	926	1	
184	0	17	step_1_no_load	1	2	1	415	
184	0	17	step_2_no_load	3	4	0.535958400205	0.643116883134	4	634	0	
184	0	18	step_1_no_load	1	2	2	642	
184	0	18	step_2_no_load	5	6	0.553554620302	0.626834332012	6	1418	1	
184	0	19	step_1_no_load	1	2	2	429	
184	0	19	step_2_no_load	5	6	0.536502319591	0.619895761657	6	948	0	
184	0	20	step_1_no_load	1	2	2	527	
184	0	20	step_2_no_load	5	6	0.491720931314	0.636521555122	6	1198	1	
184	0	21	step_1_no_load	1	2	1	432	
184	0	21	step_2_no_load	3	4	0.49769376036	0.611328949295	3	1106	0	
184	0	22	step_1_no_load	1	2	1	454	
184	0	22	step_2_no_load	3	4	0.506100011497	0.618527126547	4	645	0	
184	0	23	step_1_no_load	1	2	2	839	
184	0	23	step_2_no_load	3	4	0.520606588181	0.604065470975	4	1345	1	
184	0	24	step_1_no_load	1	2	2	582	
184	0	24	step_2_no_load	5	6	0.503316199018	0.582115115688	5	878	1	
184	0	25	step_1_no_load	1	2	2	528	
184	0	25	step_2_no_load	3	4	0.503316372362	0.629917901014	3	918	0	
184	0	26	step_1_no_load	1	2	2	436	
184	0	26	step_2_no_load	3	4	0.511744353778	0.640635035276	4	100	0	
184	0	27	step_1_no_load	1	2	2	568	
184	0	27	step_2_no_load	5	6	0.54756089792	0.57860777711	5	1166	1	
184	0	28	step_1_no_load	1	2	1	437	
184	0	28	step_2_no_load	3	4	0.520177259699	0.647441527317	3	836	1	
184	0	29	step_1_no_load	1	2	1	558	
184	0	29	step_2_no_load	3	4	0.521159009103	0.618626354124	3	924	1	
184	0	30	step_1_no_load	1	2	1	538	
184	0	30	step_2_no_load	3	4	0.4919199548	0.610227092493	3	940	1	
184	0	31	step_1_no_load	1	2	2	443	
184	0	31	step_2_no_load	3	4	0.483156722265	0.606122691795	3	873	1	
184	0	32	step_1_no_load	1	2	2	524	
184	0	32	step_2_no_load	5	6	0.522993086096	0.634585171267	6	754	1	
184	0	33	step_1_no_load	1	2	1	300	
184	0	33	step_2_no_load	5	6	0.542309898544	0.611700032906	5	1062	0	
184	0	34	step_1_no_load	1	2	2	452	
184	0	34	step_2_no_load	5	6	0.538523758058	0.575802910074	6	773	0	
184	0	35	step_1_no_load	1	2	2	413	
184	0	35	step_2_no_load	5	6	0.594167768198	0.566827313385	5	874	1	
184	0	36	step_1_no_load	1	2	1	324	
184	0	36	step_2_no_load	5	6	0.611274573488	0.527635087561	5	646	0	
184	0	37	step_1_no_load	1	2	2	398	
184	0	37	step_2_no_load	3	4	0.543074626387	0.660658056664	4	601	1	
184	0	38	step_1_no_load	1	2	2	357	
184	0	38	step_2_no_load	3	4	0.553931241266	0.651263699161	4	863	0	
184	0	39	step_1_no_load	1	2	2	544	
184	0	39	step_2_no_load	3	4	0.578640235206	0.634483337633	3	725	1	
184	0	40	step_1_no_load	1	2	1	549	
184	0	40	step_2_no_load	3	4	0.5691386571	0.636994900683	3	1026	0	
184	0	41	step_1_no_load	1	2	1	541	
184	0	41	step_2_no_load	3	4	0.583829055298	0.633285941184	4	876	0	
184	0	42	step_1_no_load	1	2	1	456	
184	0	42	step_2_no_load	3	4	0.553461946234	0.606696263624	3	1349	1	
184	0	43	step_1_no_load	1	2	2	0	
184	0	43	step_2_no_load	5	6	0.612705031264	0.553703096215	6	570	1	
184	0	44	step_1_no_load	1	2	2	415	
184	0	44	step_2_no_load	3	4	0.537842745081	0.589653131867	3	1216	0	
184	0	45	step_1_no_load	1	2	2	357	
184	0	45	step_2_no_load	5	6	0.632991467829	0.579346234508	5	899	1	
184	0	46	step_1_no_load	1	2	1	598	
184	0	46	step_2_no_load	3	4	0.532238720495	0.654261318712	3	977	0	
184	0	47	step_1_no_load	1	2	2	547	
184	0	47	step_2_no_load	5	6	0.598724660986	0.546259467838	6	726	1	
184	0	48	step_1_no_load	1	2	2	294	
184	0	48	step_2_no_load	5	6	0.615767119776	0.534690828011	6	788	0	
184	0	49	step_1_no_load	1	2	2	422	
184	0	49	step_2_no_load	5	6	0.610193185592	0.512405963374	5	1410	1	
184	0	50	step_1_no_load	1	2	1	449	
184	0	50	step_2_no_load	3	4	0.47381367271	0.593458480934	4	1097	1	
184	0	51	step_1_no_load	1	2	2	404	
184	0	51	step_2_no_load	5	6	0.564866799699	0.508197321577	6	891	1	
184	0	52	step_1_no_load	1	2	1	429	
184	0	52	step_2_no_load	3	4	0.429622901875	0.613408921915	3	1181	0	
184	0	53	step_1_no_load	1	2	2	476	
184	0	53	step_2_no_load	3	4	0.451905460347	0.630956764252	3	984	1	
184	0	54	step_1_no_load	1	2	2	537	
184	0	54	step_2_no_load	5	6	0.570223904064	0.493362545513	6	1034	1	
184	0	55	step_1_no_load	1	2	2	618	
184	0	55	step_2_no_load	5	6	0.574045915747	0.526704292526	6	1037	0	
184	0	56	step_1_no_load	1	2	2	667	
184	0	56	step_2_no_load	5	6	0.601856598146	0.538512915562	5	832	0	
184	0	57	step_1_no_load	1	2	1	399	
184	0	57	step_2_no_load	3	4	0.466449077359	0.586335094239	4	1003	1	
184	0	58	step_1_no_load	1	2	2	737	
184	0	58	step_2_no_load	5	6	0.664682809182	0.528376440027	6	827	0	
184	0	59	step_1_no_load	1	2	2	481	
184	0	59	step_2_no_load	5	6	0.632500293208	0.537400760025	5	1071	0	
184	0	60	step_1_no_load	1	2	2	606	
184	0	60	step_2_no_load	5	6	0.623687406259	0.479287247283	6	1000	0	
184	0	61	step_1_no_load	1	2	1	792	
184	0	61	step_2_no_load	3	4	0.464268875813	0.602879526975	4	1199	1	
184	0	62	step_1_no_load	1	2	2	680	
184	0	62	step_2_no_load	3	4	0.50724109756	0.622820395113	3	1042	0	
184	0	63	step_1_no_load	1	2	2	447	
184	0	63	step_2_no_load	5	6	0.664284493458	0.519445130796	6	960	1	
184	0	64	step_1_no_load	1	2	1	543	
184	0	64	step_2_no_load	5	6	0.642369708469	0.533849886794	5	1001	1	
184	0	65	step_1_no_load	1	2	2	371	
184	0	65	step_2_no_load	3	4	0.569109504048	0.619953360065	3	765	1	
184	0	66	step_1_no_load	1	2	2	477	
184	0	66	step_2_no_load	3	4	0.573761869714	0.630357351236	3	897	1	
184	0	67	step_1_no_load	1	2	2	412	
184	0	67	step_2_no_load	3	4	0.542076810516	0.674463681351	4	1328	0	
184	0	68	step_1_no_load	1	2	1	1101	
184	0	68	step_2_no_load	3	4	0.509127161919	0.719455209845	3	1331	1	
184	0	69	step_1_no_load	1	2	1	448	
184	0	69	step_2_no_load	5	6	0.622221685203	0.560462111264	5	1037	0	
184	0	70	step_1_no_load	1	2	2	395	
184	0	70	step_2_no_load	3	4	0.498834901463	0.697741832068	4	1018	1	
184	0	71	step_1_no_load	1	2	2	477	
184	0	71	step_2_no_load	5	6	0.639174917797	0.546215110045	5	866	0	
184	0	72	step_1_no_load	1	2	2	373	
184	0	72	step_2_no_load	5	6	0.626024641967	0.556486305476	6	624	0	
184	0	73	step_1_no_load	1	2	2	518	
184	0	73	step_2_no_load	5	6	0.657126403029	0.50185699984	6	647	1	
184	0	74	step_1_no_load	1	2	1	553	
184	0	74	step_2_no_load	3	4	0.453420386428	0.693624670847	4	1135	1	
184	0	75	step_1_no_load	1	2	1	486	
184	0	75	step_2_no_load	3	4	0.44832280175	0.697629587097	3	777	0	
184	0	76	step_1_no_load	1	2	1	442	
184	0	76	step_2_no_load	3	4	0.488583631821	0.690117652944	4	952	0	
184	0	77	step_1_no_load	1	2	1	473	
184	0	77	step_2_no_load	3	4	0.446809557226	0.679737625371	3	521	1	
184	0	78	step_1_no_load	1	2	2	475	
184	0	78	step_2_no_load	5	6	0.536711448352	0.538654072849	6	603	0	
184	0	79	step_1_no_load	1	2	2	653	
184	0	79	step_2_no_load	5	6	0.513695512795	0.540085062695	6	1165	1	
184	0	80	step_1_no_load	1	2	2	1398	
184	0	80	step_2_no_load	5	6	0.518583383166	0.49921021142	6	1269	1	
184	0	81	step_1_no_load	1	2	2	688	
184	0	81	step_2_no_load	3	4	0.419265522488	0.702400933084	3	1251	0	
184	0	82	step_1_no_load	1	2	2	436	
184	0	82	step_2_no_load	3	4	0.395813831323	0.688340116885	3	558	1	
184	0	83	step_1_no_load	1	2	2	480	
184	0	83	step_2_no_load	3	4	0.382772464038	0.726885136842	4	1280	1	
184	0	84	step_1_no_load	1	2	1	535	
184	0	84	step_2_no_load	3	4	0.385087938645	0.731466635793	4	957	1	
184	0	85	step_1_no_load	1	2	2	404	
184	0	85	step_2_no_load	3	4	0.384458259121	0.712989604416	4	1370	1	
184	0	86	step_1_no_load	1	2	2	596	
184	0	86	step_2_no_load	5	6	0.691782850001	0.486462788728	6	888	0	
184	0	87	step_1_no_load	1	2	2	362	
184	0	87	step_2_no_load	5	6	0.719375344246	0.493867001103	5	617	1	
184	0	88	step_1_no_load	1	2	1	362	
184	0	88	step_2_no_load	3	4	0.377947492322	0.696773608304	4	1339	1	
184	0	89	step_1_no_load	1	2	2	389	
184	0	89	step_2_no_load	5	6	0.690772436485	0.490019385174	5	810	1	
184	0	90	step_1_no_load	1	2	1	563	
184	0	90	step_2_no_load	3	4	0.411459496853	0.688736868033	3	1382	1	
184	0	91	step_1_no_load	1	2	1	379	
184	0	91	step_2_no_load	3	4	0.43534164751	0.657820521772	3	618	0	
184	0	92	step_1_no_load	1	2	2	441	
184	0	92	step_2_no_load	3	4	0.444368850664	0.679381608313	4	524	1	
184	0	93	step_1_no_load	1	2	2	400	
184	0	93	step_2_no_load	3	4	0.439878153082	0.662863370634	3	1158	0	
184	0	94	step_1_no_load	1	2	2	399	
184	0	94	step_2_no_load	5	6	0.719464414227	0.468637558205	6	505	1	
184	0	95	step_1_no_load	1	2	2	379	
184	0	95	step_2_no_load	5	6	0.715495469274	0.42505578884	6	686	0	
184	0	96	step_1_no_load	1	2	2	454	
184	0	96	step_2_no_load	5	6	0.693739812506	0.437558890646	6	721	0	
184	0	97	step_1_no_load	1	2	1	455	
184	0	97	step_2_no_load	5	6	0.681272614291	0.455601814112	6	884	1	
184	0	98	step_1_no_load	1	2	1	378	
184	0	98	step_2_no_load	3	4	0.409778171713	0.646040060297	3	816	1	
184	0	99	step_1_no_load	1	2	2	541	
184	0	99	step_2_no_load	5	6	0.673709850038	0.375249961522	6	578	0	
184	0	100	step_1_no_load	1	2	1	644	
184	0	100	step_2_no_load	3	4	0.4333505304	0.66579920021	3	509	0	
184	0	101	step_1_no_load	1	2	1	431	
184	0	101	step_2_no_load	3	4	0.497432607584	0.655903528958	3	726	1	
184	0	102	step_1_no_load	1	2	2	23	
184	0	102	step_2_no_load	5	6	0.666304534392	0.326080462175	6	703	1	
184	0	103	step_1_no_load	1	2	1	1050	
184	0	103	step_2_no_load	3	4	0.481975449893	0.69058998368	4	1253	1	
184	0	104	step_1_no_load	1	2	2	364	
184	0	104	step_2_no_load	5	6	0.703870701136	0.303696146503	5	618	1	
184	0	105	step_1_no_load	1	2	2	502	
184	0	105	step_2_no_load	5	6	0.689135357059	0.352639603242	5	843	0	
184	0	106	step_1_no_load	1	2	2	383	
184	0	106	step_2_no_load	5	6	0.712883638252	0.374131494222	5	521	1	
184	0	107	step_1_no_load	1	2	2	493	
184	0	107	step_2_no_load	3	4	0.565220528809	0.677514185929	3	555	1	
184	0	108	step_1_no_load	1	2	2	488	
184	0	108	step_2_no_load	3	4	0.526955028982	0.681491063126	3	697	0	
184	0	109	step_1_no_load	1	2	1	412	
184	0	109	step_2_no_load	3	4	0.479977531501	0.68658494263	4	814	1	
184	0	110	step_1_no_load	1	2	2	884	
184	0	110	step_2_no_load	5	6	0.729599891941	0.395544455384	6	712	1	
184	0	111	step_1_no_load	1	2	2	391	
184	0	111	step_2_no_load	5	6	0.724852671171	0.407158158569	6	1377	0	
184	0	112	step_1_no_load	1	2	2	539	
184	0	112	step_2_no_load	3	4	0.392887565883	0.635252945963	4	1300	1	
184	0	113	step_1_no_load	1	2	1	485	
184	0	113	step_2_no_load	5	6	0.719324307956	0.387112818105	5	729	0	
184	0	114	step_1_no_load	1	2	1	656	
184	0	114	step_2_no_load	3	4	0.380324086676	0.657654904272	4	1227	1	
184	0	115	step_1_no_load	1	2	1	1284	
184	0	115	step_2_no_load	3	4	0.390027643099	0.645721217949	4	674	1	
184	0	116	step_1_no_load	1	2	1	396	
184	0	116	step_2_no_load	5	6	0.706736514943	0.369438791876	6	813	1	
184	0	117	step_1_no_load	1	2	1	386	
184	0	117	step_2_no_load	3	4	0.374621793791	0.671842537277	3	678	0	
184	0	118	step_1_no_load	1	2	1	363	
184	0	118	step_2_no_load	5	6	0.740051715856	0.362977115924	5	1250	1	
184	0	119	step_1_no_load	1	2	2	428	
184	0	119	step_2_no_load	5	6	0.690424535099	0.358243439099	5	641	1	
184	0	120	step_1_no_load	1	2	1	569	
184	0	120	step_2_no_load	3	4	0.370150243662	0.666433355915	4	1260	0	
184	0	121	step_1_no_load	1	2	1	335	
184	0	121	step_2_no_load	5	6	0.658856304095	0.310775244958	5	888	1	
184	0	122	step_1_no_load	1	2	1	412	
184	0	122	step_2_no_load	3	4	0.329624572119	0.672193618854	4	1465	0	
184	0	123	step_1_no_load	1	2	1	426	
184	0	123	step_2_no_load	3	4	0.337526896345	0.664849878232	3	630	0	
184	0	124	step_1_no_load	1	2	2	693	
184	0	124	step_2_no_load	5	6	0.603013298253	0.26095206597	6	618	0	
184	0	125	step_1_no_load	1	2	2	601	
184	0	125	step_2_no_load	5	6	0.559596800931	0.290374841566	6	751	0	
184	0	126	step_1_no_load	1	2	2	365	
184	0	126	step_2_no_load	3	4	0.300846667696	0.600985760967	4	1249	0	
184	0	127	step_1_no_load	1	2	2	443	
184	0	127	step_2_no_load	3	4	0.274944938508	0.646945556251	3	432	0	
184	0	128	step_1_no_load	1	2	1	406	
184	0	128	step_2_no_load	3	4	0.250790232267	0.620672334996	3	804	0	
184	0	129	step_1_no_load	1	2	1	550	
184	0	129	step_2_no_load	3	4	0.271709703542	0.632682846317	4	764	0	
184	0	130	step_1_no_load	1	2	1	373	
184	0	130	step_2_no_load	3	4	0.274560758494	0.630285316669	-1	-1	-1	
184	0	131	step_1_no_load	1	2	1	597	
184	0	131	step_2_no_load	5	6	0.678044920845	0.281500842289	5	838	1	
184	0	132	step_1_no_load	1	2	1	558	
184	0	132	step_2_no_load	5	6	0.668578020634	0.27986961048	6	623	0	
184	0	133	step_1_no_load	1	2	1	383	
184	0	133	step_2_no_load	3	4	0.312642735495	0.691649444281	3	1351	1	
184	0	134	step_1_no_load	1	2	1	410	
184	0	134	step_2_no_load	3	4	0.302839427162	0.685529359147	4	495	1	
184	0	135	step_1_no_load	1	2	1	948	
184	0	135	step_2_no_load	3	4	0.287118934166	0.700779221781	3	965	0	
184	0	136	step_1_no_load	1	2	2	561	
184	0	136	step_2_no_load	5	6	0.597814413435	0.307766925452	6	581	0	
184	0	137	step_1_no_load	1	2	2	500	
184	0	137	step_2_no_load	5	6	0.605896884497	0.346433498467	6	751	0	
184	0	138	step_1_no_load	1	2	1	440	
184	0	138	step_2_no_load	3	4	0.307694123906	0.688182193337	3	495	0	
184	0	139	step_1_no_load	1	2	1	471	
184	0	139	step_2_no_load	5	6	0.636630981281	0.325611400511	5	1411	1	
184	0	140	step_1_no_load	1	2	1	559	
184	0	140	step_2_no_load	3	4	0.328174526491	0.637682840728	4	1029	0	
184	0	141	step_1_no_load	1	2	1	484	
184	0	141	step_2_no_load	3	4	0.311809871418	0.616803346728	3	991	0	
184	0	142	step_1_no_load	1	2	2	519	
184	0	142	step_2_no_load	5	6	0.690276058009	0.397052682821	6	654	0	
184	0	143	step_1_no_load	1	2	2	368	
184	0	143	step_2_no_load	5	6	0.661365099615	0.410970957547	5	715	1	
184	0	144	step_1_no_load	1	2	2	513	
184	0	144	step_2_no_load	5	6	0.626443722248	0.389234194056	5	838	1	
184	0	145	step_1_no_load	1	2	2	374	
184	0	145	step_2_no_load	5	6	0.6669125229	0.355256413269	5	520	1	
184	0	146	step_1_no_load	1	2	2	402	
184	0	146	step_2_no_load	3	4	0.257861956214	0.593778463268	-1	-1	-1	
184	0	147	step_1_no_load	1	2	2	394	
184	0	147	step_2_no_load	3	4	0.265578160642	0.594861186319	-1	-1	-1	
184	0	148	step_1_no_load	1	2	2	546	
184	0	148	step_2_no_load	5	6	0.619272702026	0.311162711725	5	1089	0	
184	0	149	step_1_no_load	1	2	2	326	
184	0	149	step_2_no_load	5	6	0.601870110183	0.300290206122	5	1026	0	
184	0	150	step_1_no_load	1	2	1	0	
184	0	150	step_2_no_load	3	4	0.305587692243	0.605912419156	3	71	0	
184	0	151	step_1_no_load	1	2	1	430	
184	0	151	step_2_no_load	3	4	0.348172164421	0.614159737668	4	787	1	
184	0	152	step_1_no_load	1	2	2	444	
184	0	152	step_2_no_load	5	6	0.595108765344	0.323194010514	6	698	1	
184	0	153	step_1_no_load	1	2	2	588	
184	0	153	step_2_no_load	3	4	0.309356532263	0.681559292085	4	777	1	
184	0	154	step_1_no_load	1	2	1	449	
184	0	154	step_2_no_load	5	6	0.638934099562	0.348349389262	6	966	0	
184	0	155	step_1_no_load	1	2	1	440	
184	0	155	step_2_no_load	3	4	0.296093457977	0.716100930629	3	1381	0	
184	0	156	step_1_no_load	1	2	1	464	
184	0	156	step_2_no_load	3	4	0.32564867104	0.734436160799	4	529	1	
184	0	157	step_1_no_load	1	2	2	349	
184	0	157	step_2_no_load	3	4	0.350909357271	0.720725456325	4	1174	1	
184	0	158	step_1_no_load	1	2	2	700	
184	0	158	step_2_no_load	5	6	0.532722108502	0.334595868098	6	1174	0	
184	0	159	step_1_no_load	1	2	2	494	
184	0	159	step_2_no_load	5	6	0.541222065796	0.321150411254	5	488	0	
184	0	160	step_1_no_load	1	2	1	758	
184	0	160	step_2_no_load	3	4	0.415052912783	0.710728171711	3	1259	0	
184	0	161	step_1_no_load	1	2	1	466	
184	0	161	step_2_no_load	3	4	0.407025633682	0.719896286569	4	530	1	
184	0	162	step_1_no_load	1	2	1	441	
184	0	162	step_2_no_load	5	6	0.566496468084	0.455329532209	5	926	1	
184	0	163	step_1_no_load	1	2	1	706	
184	0	163	step_2_no_load	5	6	0.5863391277	0.430920885959	5	817	0	
184	0	164	step_1_no_load	1	2	1	389	
184	0	164	step_2_no_load	5	6	0.585961845322	0.430844125626	5	807	1	
184	0	165	step_1_no_load	1	2	1	468	
184	0	165	step_2_no_load	3	4	0.463777557969	0.717506143195	4	838	1	
184	0	166	step_1_no_load	1	2	2	438	
184	0	166	step_2_no_load	3	4	0.422282731054	0.686594248975	4	1102	1	
184	0	167	step_1_no_load	1	2	2	509	
184	0	167	step_2_no_load	5	6	0.585131062446	0.331115714939	6	971	0	
184	0	168	step_1_no_load	1	2	2	389	
184	0	168	step_2_no_load	3	4	0.400817642375	0.67192508984	4	669	1	
184	0	169	step_1_no_load	1	2	2	408	
184	0	169	step_2_no_load	5	6	0.586049140041	0.365156560071	5	1289	0	
184	0	170	step_1_no_load	1	2	2	426	
184	0	170	step_2_no_load	3	4	0.411067820436	0.67334314737	3	1161	0	
184	0	171	step_1_no_load	1	2	1	325	
184	0	171	step_2_no_load	3	4	0.386979310814	0.727248140829	4	1080	1	
184	0	172	step_1_no_load	1	2	1	378	
184	0	172	step_2_no_load	5	6	0.519090471457	0.490120307546	5	965	0	
184	0	173	step_1_no_load	1	2	1	342	
184	0	173	step_2_no_load	3	4	0.385349297983	0.667027212577	4	1359	1	
184	0	174	step_1_no_load	1	2	2	378	
184	0	174	step_2_no_load	5	6	0.472729524832	0.46236234172	5	572	0	
184	0	175	step_1_no_load	1	2	2	544	
184	0	175	step_2_no_load	5	6	0.52644949356	0.484825491933	6	647	0	
184	0	176	step_1_no_load	1	2	2	542	
184	0	176	step_2_no_load	5	6	0.474046874473	0.500856457218	6	984	1	
184	0	177	step_1_no_load	1	2	2	907	
184	0	177	step_2_no_load	5	6	0.501268576771	0.4798184927	6	915	0	
184	0	178	step_1_no_load	1	2	2	408	
184	0	178	step_2_no_load	3	4	0.36473828006	0.705993797498	4	1074	1	
184	0	179	step_1_no_load	1	2	2	508	
184	0	179	step_2_no_load	5	6	0.457298770028	0.493565996034	5	1239	0	
184	0	180	step_1_no_load	1	2	2	380	
184	0	180	step_2_no_load	5	6	0.482853857291	0.489345734128	6	732	0	
184	0	181	step_1_no_load	1	2	1	377	
184	0	181	step_2_no_load	5	6	0.508735114046	0.480141179559	5	991	1	
184	0	182	step_1_no_load	1	2	1	325	
184	0	182	step_2_no_load	3	4	0.340533666308	0.72717560423	4	1334	1	
184	0	183	step_1_no_load	1	2	1	507	
184	0	183	step_2_no_load	3	4	0.350175837802	0.720388040749	4	837	1	
184	0	184	step_1_no_load	1	2	1	553	
184	0	184	step_2_no_load	3	4	0.362743255194	0.657291439324	4	1313	1	
184	0	185	step_1_no_load	1	2	1	470	
184	0	185	step_2_no_load	5	6	0.479703516092	0.482228039858	5	1170	0	
184	0	186	step_1_no_load	1	2	1	469	
184	0	186	step_2_no_load	5	6	0.46870859828	0.484672582719	5	1285	0	
184	0	187	step_1_no_load	1	2	1	370	
184	0	187	step_2_no_load	5	6	0.443962917772	0.498596507669	6	589	0	
184	0	188	step_1_no_load	1	2	2	348	
184	0	188	step_2_no_load	5	6	0.471319680586	0.548350535247	5	1138	1	
184	0	189	step_1_no_load	1	2	2	436	
184	0	189	step_2_no_load	5	6	0.448897869069	0.534753756004	5	802	0	
184	0	190	step_1_no_load	1	2	2	331	
184	0	190	step_2_no_load	3	4	0.304557739386	0.667655825994	3	1006	0	
184	0	191	step_1_no_load	1	2	2	632	
184	0	191	step_2_no_load	5	6	0.435748387321	0.512103523931	6	1064	1	
184	0	192	step_1_no_load	1	2	2	670	
184	0	192	step_2_no_load	5	6	0.450791310283	0.493851022417	6	874	0	
184	0	193	step_1_no_load	1	2	2	131	
184	0	193	step_2_no_load	5	6	0.440813209638	0.504944704439	6	1001	1	
184	0	194	step_1_no_load	1	2	2	549	
184	0	194	step_2_no_load	5	6	0.433250459893	0.505359594715	5	1343	1	
184	0	195	step_1_no_load	1	2	2	463	
184	0	195	step_2_no_load	5	6	0.466795336969	0.494102184238	5	848	1	
184	0	196	step_1_no_load	1	2	1	577	
184	0	196	step_2_no_load	3	4	0.365373286058	0.695101215304	4	1457	1	
184	0	197	step_1_no_load	1	2	1	361	
184	0	197	step_2_no_load	3	4	0.316987700969	0.686552522522	4	1328	0	
184	0	198	step_1_no_load	1	2	1	432	
184	0	198	step_2_no_load	3	4	0.303352625941	0.68660989813	3	1008	0	
184	0	199	step_1_no_load	1	2	1	458	
184	0	199	step_2_no_load	3	4	0.292861528884	0.73697129762	4	1015	1	
184	0	200	step_1_no_load	1	2	2	442	
184	0	200	step_2_no_load	5	6	0.372436949782	0.507902534353	6	1040	1	

Tue Dec 11 15:40:12 2018
