Wed Dec 12 14:51:40 2018	
187	0	1	step_1_no_load	1	2	1	597	
187	0	1	step_2_no_load	5	6	0.594299910136	0.457620150462	5	649	0	
187	0	2	step_1_no_load	1	2	1	339	
187	0	2	step_2_no_load	3	4	0.533203491871	0.580156942153	3	881	1	
187	0	3	step_1_no_load	1	2	1	429	
187	0	3	step_2_no_load	3	4	0.516002945397	0.584197065669	3	590	1	
187	0	4	step_1_no_load	1	2	1	315	
187	0	4	step_2_no_load	3	4	0.494597764192	0.597491569846	4	1413	0	
187	0	5	step_1_no_load	1	2	2	244	
187	0	5	step_2_no_load	3	4	0.543908521457	0.623810210114	4	848	1	
187	0	6	step_1_no_load	1	2	1	490	
187	0	6	step_2_no_load	3	4	0.490454120702	0.585722686883	3	684	0	
187	0	7	step_1_no_load	1	2	2	336	
187	0	7	step_2_no_load	5	6	0.622642364361	0.500071913476	5	797	0	
187	0	8	step_1_no_load	1	2	1	204	
187	0	8	step_2_no_load	5	6	0.624210374623	0.489816616396	5	549	1	
187	0	9	step_1_no_load	1	2	2	233	
187	0	9	step_2_no_load	5	6	0.641106877158	0.496546708465	5	1305	0	
187	0	10	step_1_no_load	1	2	2	403	
187	0	10	step_2_no_load	5	6	0.636063269715	0.482364178155	6	844	1	
187	0	11	step_1_no_load	1	2	1	317	
187	0	11	step_2_no_load	3	4	0.59022801242	0.69163818036	4	999	1	
187	0	12	step_1_no_load	1	2	2	371	
187	0	12	step_2_no_load	5	6	0.552770607849	0.48457206759	6	397	1	
187	0	13	step_1_no_load	1	2	1	251	
187	0	13	step_2_no_load	3	4	0.595790490356	0.653587098421	4	1350	0	
187	0	14	step_1_no_load	1	2	1	253	
187	0	14	step_2_no_load	5	6	0.545555696267	0.491234392147	5	961	1	
187	0	15	step_1_no_load	1	2	1	313	
187	0	15	step_2_no_load	3	4	0.633564630036	0.612260006668	3	1038	1	
187	0	16	step_1_no_load	1	2	1	310	
187	0	16	step_2_no_load	3	4	0.626326396372	0.628091198119	3	756	1	
187	0	17	step_1_no_load	1	2	2	352	
187	0	17	step_2_no_load	3	4	0.643116883134	0.633350170016	4	688	1	
187	0	18	step_1_no_load	1	2	1	525	
187	0	18	step_2_no_load	3	4	0.626895526976	0.626834332012	3	1093	1	
187	0	19	step_1_no_load	1	2	1	248	
187	0	19	step_2_no_load	3	4	0.644773170243	0.619895761657	3	560	1	
187	0	20	step_1_no_load	1	2	1	329	
187	0	20	step_2_no_load	5	6	0.491720931314	0.478025448397	6	1104	1	
187	0	21	step_1_no_load	1	2	1	278	
187	0	21	step_2_no_load	3	4	0.611328949295	0.630305464549	3	818	0	
187	0	22	step_1_no_load	1	2	1	371	
187	0	22	step_2_no_load	3	4	0.618527126547	0.621949894727	4	834	0	
187	0	23	step_1_no_load	1	2	1	276	
187	0	23	step_2_no_load	3	4	0.604065470975	0.640163623731	4	448	1	
187	0	24	step_1_no_load	1	2	1	243	
187	0	24	step_2_no_load	3	4	0.5800912085	0.582115115688	3	506	1	
187	0	25	step_1_no_load	1	2	1	295	
187	0	25	step_2_no_load	3	4	0.629917901014	0.565698722896	4	251	0	
187	0	26	step_1_no_load	1	2	1	264	
187	0	26	step_2_no_load	3	4	0.640635035276	0.592410219737	4	399	0	
187	0	27	step_1_no_load	1	2	1	202	
187	0	27	step_2_no_load	5	6	0.54756089792	0.507272671939	6	341	1	
187	0	28	step_1_no_load	1	2	1	243	
187	0	28	step_2_no_load	3	4	0.647441527317	0.588356036098	4	301	1	
187	0	29	step_1_no_load	1	2	1	224	
187	0	29	step_2_no_load	3	4	0.618626354124	0.606613029227	3	286	1	
187	0	30	step_1_no_load	1	2	1	212	
187	0	30	step_2_no_load	3	4	0.610227092493	0.608245979832	3	427	0	
187	0	31	step_1_no_load	1	2	1	384	
187	0	31	step_2_no_load	3	4	0.606122691795	0.636602545794	4	324	1	
187	0	32	step_1_no_load	1	2	1	262	
187	0	32	step_2_no_load	5	6	0.522993086096	0.520318771114	5	125	1	
187	0	33	step_1_no_load	1	2	1	268	
187	0	33	step_2_no_load	3	4	0.618000238621	0.611700032906	3	288	1	
187	0	34	step_1_no_load	1	2	1	45	
187	0	34	step_2_no_load	5	6	0.538523758058	0.454565258478	6	434	0	
187	0	35	step_1_no_load	1	2	1	0	
187	0	35	step_2_no_load	3	4	0.649776015006	0.566827313385	3	59	1	
187	0	36	step_1_no_load	1	2	1	278	
187	0	36	step_2_no_load	3	4	0.661229326326	0.527635087561	4	392	0	
187	0	37	step_1_no_load	1	2	2	188	
187	0	37	step_2_no_load	5	6	0.598446394142	0.543074626387	6	395	1	
187	0	38	step_1_no_load	1	2	2	207	
187	0	38	step_2_no_load	5	6	0.595113730206	0.553931241266	6	354	0	
187	0	39	step_1_no_load	1	2	2	299	
187	0	39	step_2_no_load	3	4	0.634483337633	0.557005857101	4	303	1	
187	0	40	step_1_no_load	1	2	2	99	
187	0	40	step_2_no_load	3	4	0.636994900683	0.580760785074	3	289	1	
187	0	41	step_1_no_load	1	2	1	259	
187	0	41	step_2_no_load	3	4	0.633285941184	0.524862294848	3	287	1	
187	0	42	step_1_no_load	1	2	1	207	
187	0	42	step_2_no_load	3	4	0.606696263624	0.533857158543	4	209	0	
187	0	43	step_1_no_load	1	2	1	234	
187	0	43	step_2_no_load	5	6	0.612705031264	0.548128010644	5	273	1	
187	0	44	step_1_no_load	1	2	2	198	
187	0	44	step_2_no_load	3	4	0.589653131867	0.541854396676	4	394	1	
187	0	45	step_1_no_load	1	2	2	213	
187	0	45	step_2_no_load	5	6	0.632991467829	0.5288039409	6	382	1	
187	0	46	step_1_no_load	1	2	2	277	
187	0	46	step_2_no_load	5	6	0.600964500555	0.532238720495	6	499	1	
187	0	47	step_1_no_load	1	2	2	78	
187	0	47	step_2_no_load	5	6	0.598724660986	0.493112702321	6	404	0	
187	0	48	step_1_no_load	1	2	2	250	
187	0	48	step_2_no_load	3	4	0.657624935632	0.534690828011	4	265	0	
187	0	49	step_1_no_load	1	2	2	370	
187	0	49	step_2_no_load	5	6	0.610193185592	0.489287375157	6	251	0	
187	0	50	step_1_no_load	1	2	1	282	
187	0	50	step_2_no_load	5	6	0.606862017918	0.47381367271	5	382	0	
187	0	51	step_1_no_load	1	2	1	444	
187	0	51	step_2_no_load	3	4	0.613357430892	0.508197321577	3	326	1	
187	0	52	step_1_no_load	1	2	1	130	
187	0	52	step_2_no_load	3	4	0.613408921915	0.513589895419	3	379	1	
187	0	53	step_1_no_load	1	2	1	184	
187	0	53	step_2_no_load	3	4	0.630956764252	0.475342927439	3	213	1	
187	0	54	step_1_no_load	1	2	1	180	
187	0	54	step_2_no_load	3	4	0.652515308527	0.493362545513	3	393	1	
187	0	55	step_1_no_load	1	2	1	298	
187	0	55	step_2_no_load	3	4	0.639840796975	0.526704292526	3	301	0	
187	0	56	step_1_no_load	1	2	2	301	
187	0	56	step_2_no_load	5	6	0.601856598146	0.459773408493	6	315	0	
187	0	57	step_1_no_load	1	2	2	41	
187	0	57	step_2_no_load	5	6	0.641849303307	0.466449077359	5	638	1	
187	0	58	step_1_no_load	1	2	2	267	
187	0	58	step_2_no_load	5	6	0.664682809182	0.478335218822	5	432	1	
187	0	59	step_1_no_load	1	2	1	293	
187	0	59	step_2_no_load	5	6	0.632500293208	0.480274332693	5	456	1	
187	0	60	step_1_no_load	1	2	2	219	
187	0	60	step_2_no_load	3	4	0.599559577859	0.479287247283	4	398	1	
187	0	61	step_1_no_load	1	2	2	264	
187	0	61	step_2_no_load	5	6	0.669587072502	0.464268875813	6	221	0	
187	0	62	step_1_no_load	1	2	1	285	
187	0	62	step_2_no_load	5	6	0.691137204746	0.50724109756	6	381	1	
187	0	63	step_1_no_load	1	2	1	290	
187	0	63	step_2_no_load	3	4	0.642623127313	0.519445130796	4	484	0	
187	0	64	step_1_no_load	1	2	2	222	
187	0	64	step_2_no_load	5	6	0.642369708469	0.555062911513	6	65	0	
187	0	65	step_1_no_load	1	2	2	245	
187	0	65	step_2_no_load	3	4	0.619953360065	0.517687993213	3	359	0	
187	0	66	step_1_no_load	1	2	1	388	
187	0	66	step_2_no_load	3	4	0.630357351236	0.555324764318	3	376	0	
187	0	67	step_1_no_load	1	2	2	104	
187	0	67	step_2_no_load	3	4	0.674463681351	0.538279387614	4	387	0	
187	0	68	step_1_no_load	1	2	1	573	
187	0	68	step_2_no_load	3	4	0.719455209845	0.523301545299	3	503	0	
187	0	69	step_1_no_load	1	2	1	416	
187	0	69	step_2_no_load	3	4	0.718756538957	0.560462111264	4	586	1	
187	0	70	step_1_no_load	1	2	1	278	
187	0	70	step_2_no_load	3	4	0.697741832068	0.548075770764	3	266	0	
187	0	71	step_1_no_load	1	2	1	219	
187	0	71	step_2_no_load	5	6	0.639174917797	0.482863323776	5	360	1	
187	0	72	step_1_no_load	1	2	1	279	
187	0	72	step_2_no_load	5	6	0.626024641967	0.47409116389	5	243	1	
187	0	73	step_1_no_load	1	2	1	301	
187	0	73	step_2_no_load	5	6	0.657126403029	0.435957313805	5	294	1	
187	0	74	step_1_no_load	1	2	1	211	
187	0	74	step_2_no_load	3	4	0.693624670847	0.491044983779	4	668	0	
187	0	75	step_1_no_load	1	2	1	267	
187	0	75	step_2_no_load	5	6	0.615552849174	0.44832280175	5	344	1	
187	0	76	step_1_no_load	1	2	1	232	
187	0	76	step_2_no_load	3	4	0.690117652944	0.518881389358	3	916	1	
187	0	77	step_1_no_load	1	2	1	267	
187	0	77	step_2_no_load	3	4	0.679737625371	0.538119616568	3	840	1	
187	0	78	step_1_no_load	1	2	1	349	
187	0	78	step_2_no_load	3	4	0.647586191228	0.538654072849	4	488	1	
187	0	79	step_1_no_load	1	2	1	287	
187	0	79	step_2_no_load	3	4	0.647841624544	0.540085062695	4	403	0	
187	0	80	step_1_no_load	1	2	1	226	
187	0	80	step_2_no_load	3	4	0.703969305517	0.49921021142	3	318	1	
187	0	81	step_1_no_load	1	2	1	293	
187	0	81	step_2_no_load	3	4	0.702400933084	0.494116554432	4	477	1	
187	0	82	step_1_no_load	1	2	1	338	
187	0	82	step_2_no_load	3	4	0.688340116885	0.482727017837	3	378	1	
187	0	83	step_1_no_load	1	2	1	228	
187	0	83	step_2_no_load	3	4	0.726885136842	0.483255412498	4	285	1	
187	0	84	step_1_no_load	1	2	1	286	
187	0	84	step_2_no_load	3	4	0.731466635793	0.505586222209	4	325	1	
187	0	85	step_1_no_load	1	2	2	275	
187	0	85	step_2_no_load	5	6	0.692384972752	0.384458259121	6	289	0	
187	0	86	step_1_no_load	1	2	1	347	
187	0	86	step_2_no_load	3	4	0.721207648497	0.486462788728	4	714	0	
187	0	87	step_1_no_load	1	2	1	320	
187	0	87	step_2_no_load	5	6	0.719375344246	0.40000499778	6	230	1	
187	0	88	step_1_no_load	1	2	1	425	
187	0	88	step_2_no_load	3	4	0.696773608304	0.509563243675	3	682	0	
187	0	89	step_1_no_load	1	2	1	238	
187	0	89	step_2_no_load	3	4	0.660112261017	0.490019385174	4	782	1	
187	0	90	step_1_no_load	1	2	2	422	
187	0	90	step_2_no_load	3	4	0.688736868033	0.530126112124	4	657	1	
187	0	91	step_1_no_load	1	2	2	437	
187	0	91	step_2_no_load	5	6	0.685023809334	0.43534164751	6	1084	0	
187	0	92	step_1_no_load	1	2	1	538	
187	0	92	step_2_no_load	3	4	0.679381608313	0.484260039873	3	1269	1	
187	0	93	step_1_no_load	1	2	1	521	
187	0	93	step_2_no_load	3	4	0.662863370634	0.473273727684	3	642	1	
187	0	94	step_1_no_load	1	2	1	233	
187	0	94	step_2_no_load	3	4	0.668295023896	0.468637558205	3	531	0	
187	0	95	step_1_no_load	1	2	2	255	
187	0	95	step_2_no_load	5	6	0.715495469274	0.427150666411	5	577	1	
187	0	96	step_1_no_load	1	2	2	282	
187	0	96	step_2_no_load	5	6	0.693739812506	0.383038640121	5	380	1	
187	0	97	step_1_no_load	1	2	2	313	
187	0	97	step_2_no_load	5	6	0.681272614291	0.392885664353	6	336	1	
187	0	98	step_1_no_load	1	2	2	362	
187	0	98	step_2_no_load	5	6	0.70287861952	0.409778171713	5	293	1	
187	0	99	step_1_no_load	1	2	2	277	
187	0	99	step_2_no_load	3	4	0.645191748454	0.375249961522	4	462	0	
187	0	100	step_1_no_load	1	2	2	235	
187	0	100	step_2_no_load	3	4	0.66579920021	0.363162156005	4	369	0	
187	0	101	step_1_no_load	1	2	2	305	
187	0	101	step_2_no_load	5	6	0.623812401974	0.497432607584	5	279	0	
187	0	102	step_1_no_load	1	2	1	320	
187	0	102	step_2_no_load	5	6	0.666304534392	0.494584754513	5	415	0	
187	0	103	step_1_no_load	1	2	2	142	
187	0	103	step_2_no_load	5	6	0.663997796029	0.481975449893	6	168	1	
187	0	104	step_1_no_load	1	2	2	242	
187	0	104	step_2_no_load	5	6	0.703870701136	0.521047445908	6	398	0	
187	0	105	step_1_no_load	1	2	2	461	
187	0	105	step_2_no_load	5	6	0.689135357059	0.514318365187	5	246	1	
187	0	106	step_1_no_load	1	2	2	329	
187	0	106	step_2_no_load	3	4	0.699623252899	0.374131494222	3	516	0	
187	0	107	step_1_no_load	1	2	1	253	
187	0	107	step_2_no_load	3	4	0.677514185929	0.388257337796	4	476	0	
187	0	108	step_1_no_load	1	2	2	270	
187	0	108	step_2_no_load	5	6	0.695928523711	0.526955028982	6	515	0	
187	0	109	step_1_no_load	1	2	1	384	
187	0	109	step_2_no_load	3	4	0.68658494263	0.372328831887	3	62	0	
187	0	110	step_1_no_load	1	2	2	197	
187	0	110	step_2_no_load	5	6	0.729599891941	0.432626681236	6	131	0	
187	0	111	step_1_no_load	1	2	1	438	
187	0	111	step_2_no_load	3	4	0.634599547742	0.407158158569	3	424	0	
187	0	112	step_1_no_load	1	2	1	464	
187	0	112	step_2_no_load	3	4	0.635252945963	0.413393106784	3	891	0	
187	0	113	step_1_no_load	1	2	1	392	
187	0	113	step_2_no_load	3	4	0.634627459817	0.387112818105	3	528	1	
187	0	114	step_1_no_load	1	2	1	438	
187	0	114	step_2_no_load	5	6	0.718213323791	0.380324086676	5	349	1	
187	0	115	step_1_no_load	1	2	1	231	
187	0	115	step_2_no_load	5	6	0.739704344621	0.390027643099	6	1282	1	
187	0	116	step_1_no_load	1	2	2	423	
187	0	116	step_2_no_load	3	4	0.680124293449	0.369438791876	3	565	1	
187	0	117	step_1_no_load	1	2	2	327	
187	0	117	step_2_no_load	5	6	0.747012267642	0.374621793791	5	849	1	
187	0	118	step_1_no_load	1	2	2	255	
187	0	118	step_2_no_load	5	6	0.740051715856	0.357645851833	5	372	0	
187	0	119	step_1_no_load	1	2	1	308	
187	0	119	step_2_no_load	3	4	0.661177321751	0.358243439099	3	355	1	
187	0	120	step_1_no_load	1	2	1	296	
187	0	120	step_2_no_load	3	4	0.666433355915	0.333809617664	4	388	1	
187	0	121	step_1_no_load	1	2	1	237	
187	0	121	step_2_no_load	3	4	0.671052306195	0.310775244958	3	793	1	
187	0	122	step_1_no_load	1	2	1	293	
187	0	122	step_2_no_load	5	6	0.6136886145	0.329624572119	5	287	0	
187	0	123	step_1_no_load	1	2	2	275	
187	0	123	step_2_no_load	3	4	0.664849878232	0.269780614928	4	480	0	
187	0	124	step_1_no_load	1	2	2	463	
187	0	124	step_2_no_load	5	6	0.603013298253	0.309430836661	5	321	0	
187	0	125	step_1_no_load	1	2	1	245	
187	0	125	step_2_no_load	3	4	0.633566302563	0.290374841566	3	254	0	
187	0	126	step_1_no_load	1	2	2	304	
187	0	126	step_2_no_load	5	6	0.537863824328	0.300846667696	6	369	0	
187	0	127	step_1_no_load	1	2	1	269	
187	0	127	step_2_no_load	5	6	0.560824094575	0.274944938508	6	338	1	
187	0	128	step_1_no_load	1	2	1	263	
187	0	128	step_2_no_load	3	4	0.620672334996	0.260252451606	4	447	0	
187	0	129	step_1_no_load	1	2	2	671	
187	0	129	step_2_no_load	5	6	0.685297910719	0.271709703542	6	386	0	
187	0	130	step_1_no_load	1	2	1	250	
187	0	130	step_2_no_load	3	4	0.630285316669	0.267460866951	3	308	0	
187	0	131	step_1_no_load	1	2	1	309	
187	0	131	step_2_no_load	5	6	0.678044920845	0.311475039155	5	238	1	
187	0	132	step_1_no_load	1	2	1	254	
187	0	132	step_2_no_load	3	4	0.660013924697	0.27986961048	3	370	1	
187	0	133	step_1_no_load	1	2	1	643	
187	0	133	step_2_no_load	3	4	0.691649444281	0.315608831386	4	345	0	
187	0	134	step_1_no_load	1	2	1	339	
187	0	134	step_2_no_load	5	6	0.621945110858	0.302839427162	5	116	1	
187	0	135	step_1_no_load	1	2	1	478	
187	0	135	step_2_no_load	5	6	0.593710006149	0.287118934166	5	216	1	
187	0	136	step_1_no_load	1	2	1	270	
187	0	136	step_2_no_load	3	4	0.674914008636	0.307766925452	4	805	1	
187	0	137	step_1_no_load	1	2	1	350	
187	0	137	step_2_no_load	3	4	0.668540846495	0.346433498467	4	1246	0	
187	0	138	step_1_no_load	1	2	2	266	
187	0	138	step_2_no_load	3	4	0.688182193337	0.366701525561	3	406	1	
187	0	139	step_1_no_load	1	2	2	355	
187	0	139	step_2_no_load	5	6	0.636630981281	0.323660750961	6	342	0	
187	0	140	step_1_no_load	1	2	1	322	
187	0	140	step_2_no_load	3	4	0.637682840728	0.348740542008	3	525	1	
187	0	141	step_1_no_load	1	2	1	243	
187	0	141	step_2_no_load	3	4	0.616803346728	0.390227133375	4	447	1	
187	0	142	step_1_no_load	1	2	2	379	
187	0	142	step_2_no_load	3	4	0.627356259123	0.397052682821	3	388	1	
187	0	143	step_1_no_load	1	2	2	231	
187	0	143	step_2_no_load	5	6	0.661365099615	0.313516825296	5	450	0	
187	0	144	step_1_no_load	1	2	2	317	
187	0	144	step_2_no_load	5	6	0.626443722248	0.275932517017	6	471	1	
187	0	145	step_1_no_load	1	2	2	341	
187	0	145	step_2_no_load	5	6	0.6669125229	0.266265924094	6	371	0	
187	0	146	step_1_no_load	1	2	1	326	
187	0	146	step_2_no_load	3	4	0.593778463268	0.320877500969	3	370	0	
187	0	147	step_1_no_load	1	2	1	399	
187	0	147	step_2_no_load	5	6	0.647798886916	0.265578160642	5	151	1	
187	0	148	step_1_no_load	1	2	2	538	
187	0	148	step_2_no_load	5	6	0.619272702026	0.305288021243	6	711	0	
187	0	149	step_1_no_load	1	2	2	451	
187	0	149	step_2_no_load	3	4	0.623203869836	0.300290206122	4	441	0	
187	0	150	step_1_no_load	1	2	1	273	
187	0	150	step_2_no_load	3	4	0.605912419156	0.306860041627	3	454	1	
187	0	151	step_1_no_load	1	2	1	333	
187	0	151	step_2_no_load	5	6	0.59154759351	0.348172164421	5	346	0	
187	0	152	step_1_no_load	1	2	1	263	
187	0	152	step_2_no_load	5	6	0.595108765344	0.307702500543	5	542	0	
187	0	153	step_1_no_load	1	2	1	651	
187	0	153	step_2_no_load	5	6	0.613336203392	0.309356532263	6	402	1	
187	0	154	step_1_no_load	1	2	1	257	
187	0	154	step_2_no_load	5	6	0.638934099562	0.316375537537	5	260	1	
187	0	155	step_1_no_load	1	2	1	314	
187	0	155	step_2_no_load	5	6	0.632486591889	0.296093457977	6	278	1	
187	0	156	step_1_no_load	1	2	1	284	
187	0	156	step_2_no_load	3	4	0.734436160799	0.368378667812	4	345	0	
187	0	157	step_1_no_load	1	2	2	309	
187	0	157	step_2_no_load	5	6	0.585191807512	0.350909357271	6	356	1	
187	0	158	step_1_no_load	1	2	2	255	
187	0	158	step_2_no_load	3	4	0.694270715354	0.334595868098	3	350	1	
187	0	159	step_1_no_load	1	2	2	245	
187	0	159	step_2_no_load	3	4	0.697903160072	0.321150411254	3	248	1	
187	0	160	step_1_no_load	1	2	2	335	
187	0	160	step_2_no_load	5	6	0.521229931064	0.415052912783	6	794	1	
187	0	161	step_1_no_load	1	2	1	248	
187	0	161	step_2_no_load	5	6	0.516036498158	0.407025633682	6	219	1	
187	0	162	step_1_no_load	1	2	2	261	
187	0	162	step_2_no_load	5	6	0.566496468084	0.3926701003	6	193	0	
187	0	163	step_1_no_load	1	2	2	635	
187	0	163	step_2_no_load	5	6	0.5863391277	0.395221309311	6	414	0	
187	0	164	step_1_no_load	1	2	2	289	
187	0	164	step_2_no_load	5	6	0.585961845322	0.432761720497	5	252	1	
187	0	165	step_1_no_load	1	2	2	230	
187	0	165	step_2_no_load	5	6	0.538026607649	0.463777557969	6	276	0	
187	0	166	step_1_no_load	1	2	2	368	
187	0	166	step_2_no_load	3	4	0.686594248975	0.356317216644	4	226	1	
187	0	167	step_1_no_load	1	2	2	289	
187	0	167	step_2_no_load	5	6	0.585131062446	0.38753671275	6	246	1	
187	0	168	step_1_no_load	1	2	2	548	
187	0	168	step_2_no_load	5	6	0.613361520676	0.400817642375	6	362	1	
187	0	169	step_1_no_load	1	2	-1	-1	
187	0	170	step_1_no_load	1	2	2	356	
187	0	170	step_2_no_load	5	6	0.57151385403	0.411067820436	5	321	0	
187	0	171	step_1_no_load	1	2	1	209	
187	0	171	step_2_no_load	3	4	0.727248140829	0.425122034074	4	217	0	
187	0	172	step_1_no_load	1	2	2	56	
187	0	172	step_2_no_load	5	6	0.519090471457	0.363617002148	6	418	0	
187	0	173	step_1_no_load	1	2	2	248	
187	0	173	step_2_no_load	3	4	0.667027212577	0.462866379815	4	233	1	
187	0	174	step_1_no_load	1	2	2	284	
187	0	174	step_2_no_load	5	6	0.472729524832	0.387867297446	5	221	0	
187	0	175	step_1_no_load	1	2	2	443	
187	0	175	step_2_no_load	5	6	0.52644949356	0.426185553904	6	371	0	
187	0	176	step_1_no_load	1	2	2	359	
187	0	176	step_2_no_load	3	4	0.679250000396	0.500856457218	3	471	0	
187	0	177	step_1_no_load	1	2	1	453	
187	0	177	step_2_no_load	3	4	0.714070205704	0.4798184927	3	429	1	
187	0	178	step_1_no_load	1	2	1	312	
187	0	178	step_2_no_load	3	4	0.705993797498	0.49020858644	4	302	0	
187	0	179	step_1_no_load	1	2	1	278	
187	0	179	step_2_no_load	5	6	0.457298770028	0.324685418097	6	372	0	
187	0	180	step_1_no_load	1	2	2	472	
187	0	180	step_2_no_load	5	6	0.482853857291	0.341214611607	6	1389	1	
187	0	181	step_1_no_load	1	2	2	390	
187	0	181	step_2_no_load	3	4	0.746910336326	0.480141179559	3	1372	1	
187	0	182	step_1_no_load	1	2	1	541	
187	0	182	step_2_no_load	5	6	0.506773281362	0.340533666308	6	419	1	
187	0	183	step_1_no_load	1	2	2	450	
187	0	183	step_2_no_load	5	6	0.502991759047	0.350175837802	6	555	0	
187	0	184	step_1_no_load	1	2	2	318	
187	0	184	step_2_no_load	5	6	0.460890977786	0.362743255194	5	438	1	
187	0	185	step_1_no_load	1	2	1	244	
187	0	185	step_2_no_load	3	4	0.665622647081	0.482228039858	3	771	0	
187	0	186	step_1_no_load	1	2	2	341	
187	0	186	step_2_no_load	5	6	0.46870859828	0.332733011923	6	742	1	
187	0	187	step_1_no_load	1	2	1	367	
187	0	187	step_2_no_load	3	4	0.678211978625	0.498596507669	3	1152	1	
187	0	188	step_1_no_load	1	2	1	280	
187	0	188	step_2_no_load	5	6	0.471319680586	0.291508050861	6	731	0	
187	0	189	step_1_no_load	1	2	2	373	
187	0	189	step_2_no_load	5	6	0.448897869069	0.285168135955	6	850	0	
187	0	190	step_1_no_load	1	2	1	377	
187	0	190	step_2_no_load	3	4	0.667655825994	0.505820429042	4	950	1	
187	0	191	step_1_no_load	1	2	1	297	
187	0	191	step_2_no_load	5	6	0.435748387321	0.318839908867	6	783	0	
187	0	192	step_1_no_load	1	2	1	366	
187	0	192	step_2_no_load	3	4	0.705517419189	0.493851022417	4	586	0	
187	0	193	step_1_no_load	1	2	1	251	
187	0	193	step_2_no_load	3	4	0.679792491164	0.504944704439	3	387	1	
187	0	194	step_1_no_load	1	2	2	771	
187	0	194	step_2_no_load	3	4	0.655261361454	0.505359594715	4	278	0	
187	0	195	step_1_no_load	1	2	2	17	
187	0	195	step_2_no_load	5	6	0.466795336969	0.348571348505	5	319	0	
187	0	196	step_1_no_load	1	2	2	313	
187	0	196	step_2_no_load	5	6	0.421761207498	0.365373286058	6	608	0	
187	0	197	step_1_no_load	1	2	1	289	
187	0	197	step_2_no_load	3	4	0.686552522522	0.47786945426	4	314	0	
187	0	198	step_1_no_load	1	2	2	369	
187	0	198	step_2_no_load	5	6	0.397292432346	0.303352625941	6	529	1	
187	0	199	step_1_no_load	1	2	2	369	
187	0	199	step_2_no_load	5	6	0.39793773834	0.292861528884	6	305	0	
187	0	200	step_1_no_load	1	2	2	116	
187	0	200	step_2_no_load	5	6	0.372436949782	0.299128796668	5	255	0	

Wed Dec 12 15:10:30 2018
