Thu Dec 13 13:25:11 2018	
188	0	1	step_1_no_load	1	2	2	470	
188	0	1	step_2_no_load	5	6	0.457620150462	0.598297890399	6	529	0	
188	0	2	step_1_no_load	1	2	2	267	
188	0	2	step_2_no_load	5	6	0.474613197709	0.580156942153	6	274	0	
188	0	3	step_1_no_load	1	2	2	288	
188	0	3	step_2_no_load	5	6	0.476767372206	0.584197065669	5	329	0	
188	0	4	step_1_no_load	1	2	1	238	
188	0	4	step_2_no_load	3	4	0.494597764192	0.564086293706	3	405	1	
188	0	5	step_1_no_load	1	2	1	455	
188	0	5	step_2_no_load	3	4	0.543908521457	0.576104915614	4	336	1	
188	0	6	step_1_no_load	1	2	1	268	
188	0	6	step_2_no_load	5	6	0.506877622204	0.585722686883	5	204	0	
188	0	7	step_1_no_load	1	2	2	212	
188	0	7	step_2_no_load	5	6	0.500071913476	0.568656746487	6	57	0	
188	0	8	step_1_no_load	1	2	2	277	
188	0	8	step_2_no_load	5	6	0.489816616396	0.59128639594	6	282	1	
188	0	9	step_1_no_load	1	2	1	238	
188	0	9	step_2_no_load	5	6	0.496546708465	0.598049061473	6	439	1	
188	0	10	step_1_no_load	1	2	1	275	
188	0	10	step_2_no_load	3	4	0.576063520885	0.636063269715	3	571	0	
188	0	11	step_1_no_load	1	2	2	440	
188	0	11	step_2_no_load	5	6	0.477013315682	0.69163818036	6	604	0	
188	0	12	step_1_no_load	1	2	1	525	
188	0	12	step_2_no_load	5	6	0.48457206759	0.682786328054	5	806	1	
188	0	13	step_1_no_load	1	2	2	355	
188	0	13	step_2_no_load	5	6	0.52012981853	0.653587098421	5	667	1	
188	0	14	step_1_no_load	1	2	1	312	
188	0	14	step_2_no_load	3	4	0.611256675753	0.545555696267	4	434	1	
188	0	15	step_1_no_load	1	2	2	340	
188	0	15	step_2_no_load	5	6	0.505377237737	0.612260006668	5	536	0	
188	0	16	step_1_no_load	1	2	2	138	
188	0	16	step_2_no_load	5	6	0.510958036527	0.628091198119	5	599	0	
188	0	17	step_1_no_load	1	2	2	273	
188	0	17	step_2_no_load	3	4	0.643116883134	0.562895132605	3	524	0	
188	0	18	step_1_no_load	1	2	2	258	
188	0	18	step_2_no_load	3	4	0.626895526976	0.553554620302	4	480	1	
188	0	19	step_1_no_load	1	2	1	320	
188	0	19	step_2_no_load	3	4	0.644773170243	0.536502319591	4	529	1	
188	0	20	step_1_no_load	1	2	2	308	
188	0	20	step_2_no_load	5	6	0.478025448397	0.636521555122	5	416	0	
188	0	21	step_1_no_load	1	2	1	258	
188	0	21	step_2_no_load	3	4	0.611328949295	0.470207377245	4	487	0	
188	0	22	step_1_no_load	1	2	1	140	
188	0	22	step_2_no_load	3	4	0.618527126547	0.468700882609	3	666	0	
188	0	23	step_1_no_load	1	2	1	215	
188	0	23	step_2_no_load	5	6	0.520606588181	0.640163623731	5	586	1	
188	0	24	step_1_no_load	1	2	1	272	
188	0	24	step_2_no_load	3	4	0.5800912085	0.503316199018	3	482	0	
188	0	25	step_1_no_load	1	2	1	219	
188	0	25	step_2_no_load	5	6	0.503316372362	0.565698722896	5	771	1	
188	0	26	step_1_no_load	1	2	1	255	
188	0	26	step_2_no_load	5	6	0.511744353778	0.592410219737	5	507	0	
188	0	27	step_1_no_load	1	2	2	136	
188	0	27	step_2_no_load	5	6	0.507272671939	0.57860777711	5	583	0	
188	0	28	step_1_no_load	1	2	1	74	
188	0	28	step_2_no_load	3	4	0.647441527317	0.553259388875	4	456	1	
188	0	29	step_1_no_load	1	2	1	382	
188	0	29	step_2_no_load	5	6	0.521159009103	0.606613029227	5	604	0	
188	0	30	step_1_no_load	1	2	2	337	
188	0	30	step_2_no_load	5	6	0.4919199548	0.608245979832	5	664	0	
188	0	31	step_1_no_load	1	2	2	247	
188	0	31	step_2_no_load	5	6	0.483156722265	0.636602545794	6	448	1	
188	0	32	step_1_no_load	1	2	2	223	
188	0	32	step_2_no_load	3	4	0.605616211083	0.522993086096	4	521	0	
188	0	33	step_1_no_load	1	2	2	201	
188	0	33	step_2_no_load	5	6	0.487664344039	0.611700032906	5	453	0	
188	0	34	step_1_no_load	1	2	1	555	
188	0	34	step_2_no_load	3	4	0.670290552209	0.538523758058	4	391	0	
188	0	35	step_1_no_load	1	2	2	293	
188	0	35	step_2_no_load	5	6	0.491437207585	0.566827313385	6	901	0	
188	0	36	step_1_no_load	1	2	2	265	
188	0	36	step_2_no_load	3	4	0.661229326326	0.611274573488	4	867	1	
188	0	37	step_1_no_load	1	2	2	250	
188	0	37	step_2_no_load	5	6	0.543074626387	0.513822304161	5	738	1	
188	0	38	step_1_no_load	1	2	2	224	
188	0	38	step_2_no_load	3	4	0.651263699161	0.595113730206	4	533	1	
188	0	39	step_1_no_load	1	2	2	205	
188	0	39	step_2_no_load	5	6	0.578640235206	0.557005857101	5	622	0	
188	0	40	step_1_no_load	1	2	2	282	
188	0	40	step_2_no_load	5	6	0.5691386571	0.580760785074	5	635	0	
188	0	41	step_1_no_load	1	2	2	238	
188	0	41	step_2_no_load	5	6	0.583829055298	0.524862294848	6	661	0	
188	0	42	step_1_no_load	1	2	2	264	
188	0	42	step_2_no_load	5	6	0.553461946234	0.533857158543	5	404	1	
188	0	43	step_1_no_load	1	2	1	211	
188	0	43	step_2_no_load	3	4	0.581931546759	0.612705031264	4	497	0	
188	0	44	step_1_no_load	1	2	1	20	
188	0	44	step_2_no_load	5	6	0.537842745081	0.541854396676	5	493	1	
188	0	45	step_1_no_load	1	2	1	281	
188	0	45	step_2_no_load	3	4	0.620699591043	0.632991467829	4	722	1	
188	0	46	step_1_no_load	1	2	1	592	
188	0	46	step_2_no_load	3	4	0.654261318712	0.600964500555	4	806	0	
188	0	47	step_1_no_load	1	2	2	350	
188	0	47	step_2_no_load	3	4	0.634373567175	0.598724660986	4	503	0	
188	0	48	step_1_no_load	1	2	2	77	
188	0	48	step_2_no_load	5	6	0.488280685105	0.534690828011	6	378	0	
188	0	49	step_1_no_load	1	2	2	224	
188	0	49	step_2_no_load	3	4	0.614679490594	0.610193185592	4	412	1	
188	0	50	step_1_no_load	1	2	2	362	
188	0	50	step_2_no_load	5	6	0.47381367271	0.481616544184	5	556	0	
188	0	51	step_1_no_load	1	2	1	300	
188	0	51	step_2_no_load	5	6	0.469943944943	0.508197321577	5	624	0	
188	0	52	step_1_no_load	1	2	1	205	
188	0	52	step_2_no_load	3	4	0.613408921915	0.539065404057	3	524	0	
188	0	53	step_1_no_load	1	2	1	205	
188	0	53	step_2_no_load	5	6	0.451905460347	0.475342927439	5	555	0	
188	0	54	step_1_no_load	1	2	1	205	
188	0	54	step_2_no_load	3	4	0.652515308527	0.570223904064	4	625	0	
188	0	55	step_1_no_load	1	2	1	150	
188	0	55	step_2_no_load	5	6	0.487025527704	0.526704292526	5	756	1	
188	0	56	step_1_no_load	1	2	1	226	
188	0	56	step_2_no_load	3	4	0.60038825769	0.601856598146	4	635	0	
188	0	57	step_1_no_load	1	2	1	453	
188	0	57	step_2_no_load	3	4	0.586335094239	0.641849303307	3	704	1	
188	0	58	step_1_no_load	1	2	1	291	
188	0	58	step_2_no_load	3	4	0.610896130115	0.664682809182	3	755	1	
188	0	59	step_1_no_load	1	2	1	300	
188	0	59	step_2_no_load	3	4	0.608951267756	0.632500293208	3	649	1	
188	0	60	step_1_no_load	1	2	1	423	
188	0	60	step_2_no_load	3	4	0.599559577859	0.623687406259	3	551	1	
188	0	61	step_1_no_load	1	2	1	269	
188	0	61	step_2_no_load	3	4	0.602879526975	0.669587072502	3	386	0	
188	0	62	step_1_no_load	1	2	1	214	
188	0	62	step_2_no_load	3	4	0.622820395113	0.691137204746	3	679	0	
188	0	63	step_1_no_load	1	2	1	129	
188	0	63	step_2_no_load	5	6	0.53192660365	0.519445130796	5	578	1	
188	0	64	step_1_no_load	1	2	1	245	
188	0	64	step_2_no_load	5	6	0.555062911513	0.533849886794	5	497	1	
188	0	65	step_1_no_load	1	2	1	33	
188	0	65	step_2_no_load	3	4	0.619953360065	0.612660225018	4	760	1	
188	0	66	step_1_no_load	1	2	1	214	
188	0	66	step_2_no_load	3	4	0.630357351236	0.606938648072	4	827	1	
188	0	67	step_1_no_load	1	2	1	373	
188	0	67	step_2_no_load	3	4	0.674463681351	0.597650193897	4	614	1	
188	0	68	step_1_no_load	1	2	2	553	
188	0	68	step_2_no_load	3	4	0.719455209845	0.622963076372	4	485	0	
188	0	69	step_1_no_load	1	2	1	526	
188	0	69	step_2_no_load	5	6	0.499137600991	0.560462111264	6	910	1	
188	0	70	step_1_no_load	1	2	1	509	
188	0	70	step_2_no_load	3	4	0.697741832068	0.637556284465	4	632	1	
188	0	71	step_1_no_load	1	2	1	235	
188	0	71	step_2_no_load	3	4	0.706816191949	0.639174917797	4	619	0	
188	0	72	step_1_no_load	1	2	1	448	
188	0	72	step_2_no_load	3	4	0.705884789502	0.626024641967	3	575	1	
188	0	73	step_1_no_load	1	2	1	325	
188	0	73	step_2_no_load	3	4	0.727961155836	0.657126403029	3	514	0	
188	0	74	step_1_no_load	1	2	2	345	
188	0	74	step_2_no_load	5	6	0.453420386428	0.491044983779	6	665	0	
188	0	75	step_1_no_load	1	2	2	193	
188	0	75	step_2_no_load	5	6	0.44832280175	0.483983914712	5	454	1	
188	0	76	step_1_no_load	1	2	2	128	
188	0	76	step_2_no_load	5	6	0.488583631821	0.518881389358	5	503	0	
188	0	77	step_1_no_load	1	2	2	64	
188	0	77	step_2_no_load	3	4	0.679737625371	0.564257587118	3	535	0	
188	0	78	step_1_no_load	1	2	2	227	
188	0	78	step_2_no_load	3	4	0.647586191228	0.536711448352	4	738	1	
188	0	79	step_1_no_load	1	2	2	123	
188	0	79	step_2_no_load	5	6	0.389124152368	0.540085062695	5	648	0	
188	0	80	step_1_no_load	1	2	2	575	
188	0	80	step_2_no_load	5	6	0.396016175285	0.49921021142	5	417	0	
188	0	81	step_1_no_load	1	2	1	340	
188	0	81	step_2_no_load	5	6	0.419265522488	0.494116554432	6	428	0	
188	0	82	step_1_no_load	1	2	1	229	
188	0	82	step_2_no_load	5	6	0.395813831323	0.482727017837	5	583	0	
188	0	83	step_1_no_load	1	2	1	160	
188	0	83	step_2_no_load	3	4	0.726885136842	0.607907985871	3	506	1	
188	0	84	step_1_no_load	1	2	1	216	
188	0	84	step_2_no_load	3	4	0.731466635793	0.65843840156	4	675	0	
188	0	85	step_1_no_load	1	2	1	163	
188	0	85	step_2_no_load	3	4	0.712989604416	0.692384972752	3	430	1	
188	0	86	step_1_no_load	1	2	1	236	
188	0	86	step_2_no_load	5	6	0.345323068124	0.486462788728	5	640	1	
188	0	87	step_1_no_load	1	2	1	291	
188	0	87	step_2_no_load	5	6	0.40000499778	0.493867001103	5	404	1	
188	0	88	step_1_no_load	1	2	2	223	
188	0	88	step_2_no_load	3	4	0.696773608304	0.717410082358	4	654	1	
188	0	89	step_1_no_load	1	2	2	346	
188	0	89	step_2_no_load	5	6	0.415882489686	0.490019385174	5	687	0	
188	0	90	step_1_no_load	1	2	2	203	
188	0	90	step_2_no_load	5	6	0.411459496853	0.530126112124	5	277	0	
188	0	91	step_1_no_load	1	2	2	6	
188	0	91	step_2_no_load	5	6	0.43534164751	0.479087223222	6	412	1	
188	0	92	step_1_no_load	1	2	2	262	
188	0	92	step_2_no_load	5	6	0.444368850664	0.484260039873	6	482	0	
188	0	93	step_1_no_load	1	2	2	221	
188	0	93	step_2_no_load	3	4	0.662863370634	0.70415710998	4	684	0	
188	0	94	step_1_no_load	1	2	2	233	
188	0	94	step_2_no_load	3	4	0.668295023896	0.719464414227	4	744	1	
188	0	95	step_1_no_load	1	2	2	205	
188	0	95	step_2_no_load	5	6	0.427150666411	0.42505578884	5	635	1	
188	0	96	step_1_no_load	1	2	1	257	
188	0	96	step_2_no_load	3	4	0.663095813561	0.693739812506	4	796	1	
188	0	97	step_1_no_load	1	2	1	415	
188	0	97	step_2_no_load	5	6	0.392885664353	0.455601814112	5	565	0	
188	0	98	step_1_no_load	1	2	1	371	
188	0	98	step_2_no_load	3	4	0.646040060297	0.70287861952	3	361	1	
188	0	99	step_1_no_load	1	2	1	291	
188	0	99	step_2_no_load	3	4	0.645191748454	0.673709850038	4	642	1	
188	0	100	step_1_no_load	1	2	2	320	
188	0	100	step_2_no_load	3	4	0.66579920021	0.666227451505	4	537	0	
188	0	101	step_1_no_load	1	2	2	28	
188	0	101	step_2_no_load	5	6	0.497432607584	0.366879421891	5	728	1	
188	0	102	step_1_no_load	1	2	2	287	
188	0	102	step_2_no_load	3	4	0.663124617603	0.666304534392	4	542	0	
188	0	103	step_1_no_load	1	2	2	239	
188	0	103	step_2_no_load	5	6	0.481975449893	0.322834495838	5	475	0	
188	0	104	step_1_no_load	1	2	1	193	
188	0	104	step_2_no_load	3	4	0.743372642809	0.703870701136	4	540	1	
188	0	105	step_1_no_load	1	2	1	397	
188	0	105	step_2_no_load	3	4	0.722851301692	0.689135357059	4	607	0	
188	0	106	step_1_no_load	1	2	1	205	
188	0	106	step_2_no_load	5	6	0.508908032404	0.374131494222	5	746	1	
188	0	107	step_1_no_load	1	2	2	145	
188	0	107	step_2_no_load	5	6	0.565220528809	0.388257337796	5	703	1	
188	0	108	step_1_no_load	1	2	1	281	
188	0	108	step_2_no_load	5	6	0.526955028982	0.388185708856	5	574	0	
188	0	109	step_1_no_load	1	2	2	261	
188	0	109	step_2_no_load	5	6	0.479977531501	0.372328831887	5	579	0	
188	0	110	step_1_no_load	1	2	1	402	
188	0	110	step_2_no_load	5	6	0.432626681236	0.395544455384	5	1137	1	
188	0	111	step_1_no_load	1	2	2	272	
188	0	111	step_2_no_load	3	4	0.634599547742	0.724852671171	4	699	1	
188	0	112	step_1_no_load	1	2	1	231	
188	0	112	step_2_no_load	3	4	0.635252945963	0.725701866094	4	594	0	
188	0	113	step_1_no_load	1	2	1	291	
188	0	113	step_2_no_load	3	4	0.634627459817	0.719324307956	4	636	1	
188	0	114	step_1_no_load	1	2	2	275	
188	0	114	step_2_no_load	5	6	0.380324086676	0.384736699284	5	765	0	
188	0	115	step_1_no_load	1	2	2	86	
188	0	115	step_2_no_load	3	4	0.645721217949	0.739704344621	4	459	1	
188	0	116	step_1_no_load	1	2	2	238	
188	0	116	step_2_no_load	5	6	0.378149844807	0.369438791876	5	758	0	
188	0	117	step_1_no_load	1	2	2	31	
188	0	117	step_2_no_load	5	6	0.374621793791	0.363056877927	5	715	0	
188	0	118	step_1_no_load	1	2	2	236	
188	0	118	step_2_no_load	5	6	0.357645851833	0.362977115924	6	648	1	
188	0	119	step_1_no_load	1	2	2	222	
188	0	119	step_2_no_load	3	4	0.661177321751	0.690424535099	4	501	0	
188	0	120	step_1_no_load	1	2	2	0	
188	0	120	step_2_no_load	5	6	0.370150243662	0.333809617664	6	849	1	
188	0	121	step_1_no_load	1	2	2	262	
188	0	121	step_2_no_load	5	6	0.352721767208	0.310775244958	5	324	1	
188	0	122	step_1_no_load	1	2	2	116	
188	0	122	step_2_no_load	3	4	0.672193618854	0.6136886145	4	599	1	
188	0	123	step_1_no_load	1	2	2	459	
188	0	123	step_2_no_load	5	6	0.337526896345	0.269780614928	5	758	0	
188	0	124	step_1_no_load	1	2	2	53	
188	0	124	step_2_no_load	3	4	0.624161788269	0.603013298253	4	804	0	
188	0	125	step_1_no_load	1	2	2	188	
188	0	125	step_2_no_load	5	6	0.303110862715	0.290374841566	6	756	0	
188	0	126	step_1_no_load	1	2	2	116	
188	0	126	step_2_no_load	5	6	0.300846667696	0.267206368684	5	773	0	
188	0	127	step_1_no_load	1	2	2	245	
188	0	127	step_2_no_load	5	6	0.274944938508	0.273483952592	5	499	0	
188	0	128	step_1_no_load	1	2	1	230	
188	0	128	step_2_no_load	3	4	0.620672334996	0.636905534066	4	711	1	
188	0	129	step_1_no_load	1	2	1	233	
188	0	129	step_2_no_load	3	4	0.632682846317	0.685297910719	4	572	1	
188	0	130	step_1_no_load	1	2	1	256	
188	0	130	step_2_no_load	3	4	0.630285316669	0.682031489739	3	717	1	
188	0	131	step_1_no_load	1	2	1	44	
188	0	131	step_2_no_load	3	4	0.638450601212	0.678044920845	3	926	0	
188	0	132	step_1_no_load	1	2	1	305	
188	0	132	step_2_no_load	3	4	0.660013924697	0.668578020634	4	813	1	
188	0	133	step_1_no_load	1	2	1	50	
188	0	133	step_2_no_load	3	4	0.691649444281	0.617383991623	4	519	0	
188	0	134	step_1_no_load	1	2	1	397	
188	0	134	step_2_no_load	3	4	0.685529359147	0.621945110858	4	545	1	
188	0	135	step_1_no_load	1	2	1	381	
188	0	135	step_2_no_load	5	6	0.287118934166	0.300079459047	6	535	0	
188	0	136	step_1_no_load	1	2	1	275	
188	0	136	step_2_no_load	3	4	0.674914008636	0.597814413435	3	504	1	
188	0	137	step_1_no_load	1	2	1	498	
188	0	137	step_2_no_load	5	6	0.325016613024	0.346433498467	5	487	0	
188	0	138	step_1_no_load	1	2	1	179	
188	0	138	step_2_no_load	5	6	0.307694123906	0.366701525561	6	459	0	
188	0	139	step_1_no_load	1	2	1	19	
188	0	139	step_2_no_load	5	6	0.323660750961	0.325611400511	5	692	1	
188	0	140	step_1_no_load	1	2	1	286	
188	0	140	step_2_no_load	3	4	0.637682840728	0.671213945178	4	753	1	
188	0	141	step_1_no_load	1	2	1	268	
188	0	141	step_2_no_load	5	6	0.311809871418	0.390227133375	5	464	1	
188	0	142	step_1_no_load	1	2	1	325	
188	0	142	step_2_no_load	3	4	0.627356259123	0.690276058009	4	442	1	
188	0	143	step_1_no_load	1	2	1	246	
188	0	143	step_2_no_load	3	4	0.610219102298	0.661365099615	3	351	1	
188	0	144	step_1_no_load	1	2	1	344	
188	0	144	step_2_no_load	3	4	0.639347300184	0.626443722248	4	716	1	
188	0	145	step_1_no_load	1	2	1	244	
188	0	145	step_2_no_load	3	4	0.606515632748	0.6669125229	4	564	1	
188	0	146	step_1_no_load	1	2	1	236	
188	0	146	step_2_no_load	3	4	0.593778463268	0.681611991725	3	350	1	
188	0	147	step_1_no_load	1	2	1	850	
188	0	147	step_2_no_load	5	6	0.265578160642	0.352879785946	5	537	0	
188	0	148	step_1_no_load	1	2	1	207	
188	0	148	step_2_no_load	3	4	0.648050021239	0.619272702026	4	529	1	
188	0	149	step_1_no_load	1	2	1	716	
188	0	149	step_2_no_load	5	6	0.269951834184	0.300290206122	5	506	0	
188	0	150	step_1_no_load	1	2	1	545	
188	0	150	step_2_no_load	5	6	0.305587692243	0.306860041627	5	446	1	
188	0	151	step_1_no_load	1	2	1	215	
188	0	151	step_2_no_load	3	4	0.614159737668	0.59154759351	4	636	0	
188	0	152	step_1_no_load	1	2	1	248	
188	0	152	step_2_no_load	3	4	0.644204174791	0.595108765344	3	488	1	
188	0	153	step_1_no_load	1	2	1	257	
188	0	153	step_2_no_load	3	4	0.681559292085	0.613336203392	4	838	1	
188	0	154	step_1_no_load	1	2	1	245	
188	0	154	step_2_no_load	3	4	0.671672162443	0.638934099562	3	541	1	
188	0	155	step_1_no_load	1	2	2	247	
188	0	155	step_2_no_load	5	6	0.296093457977	0.372188990474	5	537	0	
188	0	156	step_1_no_load	1	2	2	0	
188	0	156	step_2_no_load	5	6	0.32564867104	0.368378667812	6	482	1	
188	0	157	step_1_no_load	1	2	2	252	
188	0	157	step_2_no_load	5	6	0.350909357271	0.324728201487	5	452	1	
188	0	158	step_1_no_load	1	2	2	251	
188	0	158	step_2_no_load	5	6	0.408728803896	0.334595868098	5	522	0	
188	0	159	step_1_no_load	1	2	2	177	
188	0	159	step_2_no_load	5	6	0.413026375257	0.321150411254	5	506	0	
188	0	160	step_1_no_load	1	2	1	300	
188	0	160	step_2_no_load	3	4	0.710728171711	0.521229931064	4	757	1	
188	0	161	step_1_no_load	1	2	1	206	
188	0	161	step_2_no_load	3	4	0.719896286569	0.516036498158	3	409	0	
188	0	162	step_1_no_load	1	2	1	261	
188	0	162	step_2_no_load	3	4	0.695144769903	0.566496468084	4	513	1	
188	0	163	step_1_no_load	1	2	1	233	
188	0	163	step_2_no_load	5	6	0.395221309311	0.430920885959	5	652	0	
188	0	164	step_1_no_load	1	2	1	290	
188	0	164	step_2_no_load	3	4	0.692137394606	0.585961845322	3	492	0	
188	0	165	step_1_no_load	1	2	1	291	
188	0	165	step_2_no_load	5	6	0.463777557969	0.347974240867	5	422	0	
188	0	166	step_1_no_load	1	2	1	0	
188	0	166	step_2_no_load	3	4	0.686594248975	0.549095060025	4	741	1	
188	0	167	step_1_no_load	1	2	1	226	
188	0	167	step_2_no_load	5	6	0.38753671275	0.331115714939	6	692	0	
188	0	168	step_1_no_load	1	2	1	301	
188	0	168	step_2_no_load	5	6	0.400817642375	0.335777599654	5	579	0	
188	0	169	step_1_no_load	1	2	2	219	
188	0	169	step_2_no_load	3	4	0.704981910944	0.586049140041	4	537	0	
188	0	170	step_1_no_load	1	2	2	13	
188	0	170	step_2_no_load	5	6	0.411067820436	0.364989630435	5	511	1	
188	0	171	step_1_no_load	1	2	2	223	
188	0	171	step_2_no_load	5	6	0.386979310814	0.425122034074	6	445	0	
188	0	172	step_1_no_load	1	2	2	228	
188	0	172	step_2_no_load	5	6	0.363617002148	0.490120307546	5	465	0	
188	0	173	step_1_no_load	1	2	2	270	
188	0	173	step_2_no_load	5	6	0.385349297983	0.462866379815	6	575	0	
188	0	174	step_1_no_load	1	2	2	228	
188	0	174	step_2_no_load	3	4	0.729877433725	0.472729524832	4	390	0	
188	0	175	step_1_no_load	1	2	2	291	
188	0	175	step_2_no_load	5	6	0.426185553904	0.484825491933	5	783	1	
188	0	176	step_1_no_load	1	2	2	249	
188	0	176	step_2_no_load	5	6	0.383231572002	0.500856457218	5	657	1	
188	0	177	step_1_no_load	1	2	2	240	
188	0	177	step_2_no_load	5	6	0.357425668099	0.4798184927	6	403	0	
188	0	178	step_1_no_load	1	2	2	258	
188	0	178	step_2_no_load	5	6	0.36473828006	0.49020858644	6	499	1	
188	0	179	step_1_no_load	1	2	2	323	
188	0	179	step_2_no_load	5	6	0.324685418097	0.493565996034	6	523	1	
188	0	180	step_1_no_load	1	2	2	309	
188	0	180	step_2_no_load	5	6	0.341214611607	0.489345734128	5	791	0	
188	0	181	step_1_no_load	1	2	2	274	
188	0	181	step_2_no_load	5	6	0.342402764747	0.480141179559	6	530	0	
188	0	182	step_1_no_load	1	2	2	260	
188	0	182	step_2_no_load	3	4	0.72717560423	0.506773281362	4	863	0	
188	0	183	step_1_no_load	1	2	2	302	
188	0	183	step_2_no_load	5	6	0.350175837802	0.492742497507	6	921	0	
188	0	184	step_1_no_load	1	2	2	138	
188	0	184	step_2_no_load	5	6	0.362743255194	0.480863422096	5	388	0	
188	0	185	step_1_no_load	1	2	1	212	
188	0	185	step_2_no_load	3	4	0.665622647081	0.479703516092	4	407	1	
188	0	186	step_1_no_load	1	2	1	362	
188	0	186	step_2_no_load	5	6	0.332733011923	0.484672582719	5	684	0	
188	0	187	step_1_no_load	1	2	1	220	
188	0	187	step_2_no_load	3	4	0.678211978625	0.443962917772	4	501	0	
188	0	188	step_1_no_load	1	2	1	146	
188	0	188	step_2_no_load	3	4	0.696362660087	0.471319680586	4	564	0	
188	0	189	step_1_no_load	1	2	1	245	
188	0	189	step_2_no_load	3	4	0.688353284054	0.448897869069	3	548	0	
188	0	190	step_1_no_load	1	2	1	254	
188	0	190	step_2_no_load	3	4	0.667655825994	0.433568856946	4	593	1	
188	0	191	step_1_no_load	1	2	2	461	
188	0	191	step_2_no_load	5	6	0.318839908867	0.512103523931	5	578	1	
188	0	192	step_1_no_load	1	2	1	302	
188	0	192	step_2_no_load	3	4	0.705517419189	0.450791310283	4	543	0	
188	0	193	step_1_no_load	1	2	2	81	
188	0	193	step_2_no_load	3	4	0.679792491164	0.440813209638	3	594	1	
188	0	194	step_1_no_load	1	2	2	250	
188	0	194	step_2_no_load	5	6	0.342437174514	0.505359594715	5	836	1	
188	0	195	step_1_no_load	1	2	2	256	
188	0	195	step_2_no_load	5	6	0.348571348505	0.494102184238	6	608	0	
188	0	196	step_1_no_load	1	2	2	97	
188	0	196	step_2_no_load	5	6	0.365373286058	0.496717662777	5	507	0	
188	0	197	step_1_no_load	1	2	2	344	
188	0	197	step_2_no_load	3	4	0.686552522522	0.422511153127	4	475	0	
188	0	198	step_1_no_load	1	2	2	172	
188	0	198	step_2_no_load	5	6	0.303352625941	0.485065498391	5	836	0	
188	0	199	step_1_no_load	1	2	2	171	
188	0	199	step_2_no_load	5	6	0.292861528884	0.529438031858	6	682	1	
188	0	200	step_1_no_load	1	2	2	268	
188	0	200	step_2_no_load	5	6	0.299128796668	0.507902534353	6	495	0	

Thu Dec 13 13:45:09 2018
