Fri Dec 14 14:45:34 2018	
189	0	1	step_1_no_load	1	2	2	1119	
189	0	1	step_2_no_load	3	4	0.594299910136	0.457620150462	4	1195	1	
189	0	2	step_1_no_load	1	2	2	937	
189	0	2	step_2_no_load	5	6	0.533203491871	0.580156942153	6	840	1	
189	0	3	step_1_no_load	1	2	2	917	
189	0	3	step_2_no_load	5	6	0.516002945397	0.584197065669	6	1408	1	
189	0	4	step_1_no_load	1	2	2	784	
189	0	4	step_2_no_load	5	6	0.494597764192	0.597491569846	6	899	1	
189	0	5	step_1_no_load	1	2	2	649	
189	0	5	step_2_no_load	5	6	0.543908521457	0.623810210114	6	1042	1	
189	0	6	step_1_no_load	1	2	2	620	
189	0	6	step_2_no_load	3	4	0.603642866427	0.506877622204	-1	-1	-1	
189	0	7	step_1_no_load	1	2	1	818	
189	0	7	step_2_no_load	3	4	0.622642364361	0.500071913476	4	1013	0	
189	0	8	step_1_no_load	1	2	1	758	
189	0	8	step_2_no_load	3	4	0.624210374623	0.489816616396	3	554	1	
189	0	9	step_1_no_load	1	2	2	1060	
189	0	9	step_2_no_load	5	6	0.54429228266	0.598049061473	6	789	1	
189	0	10	step_1_no_load	1	2	2	600	
189	0	10	step_2_no_load	3	4	0.636063269715	0.482364178155	3	1200	0	
189	0	11	step_1_no_load	1	2	2	711	
189	0	11	step_2_no_load	3	4	0.609191465743	0.477013315682	4	783	1	
189	0	12	step_1_no_load	1	2	2	673	
189	0	12	step_2_no_load	5	6	0.597131918027	0.682786328054	6	883	1	
189	0	13	step_1_no_load	1	2	2	461	
189	0	13	step_2_no_load	3	4	0.558313135925	0.52012981853	4	985	1	
189	0	14	step_1_no_load	1	2	1	459	
189	0	14	step_2_no_load	3	4	0.545555696267	0.491234392147	4	828	0	
189	0	15	step_1_no_load	1	2	1	539	
189	0	15	step_2_no_load	5	6	0.633564630036	0.612260006668	6	894	1	
189	0	16	step_1_no_load	1	2	1	611	
189	0	16	step_2_no_load	3	4	0.553308964466	0.510958036527	3	704	1	
189	0	17	step_1_no_load	1	2	2	599	
189	0	17	step_2_no_load	5	6	0.643116883134	0.633350170016	5	988	0	
189	0	18	step_1_no_load	1	2	2	583	
189	0	18	step_2_no_load	5	6	0.626895526976	0.626834332012	6	820	1	
189	0	19	step_1_no_load	1	2	2	593	
189	0	19	step_2_no_load	3	4	0.536502319591	0.498240186199	3	804	0	
189	0	20	step_1_no_load	1	2	2	646	
189	0	20	step_2_no_load	5	6	0.60665343963	0.636521555122	6	700	1	
189	0	21	step_1_no_load	1	2	2	490	
189	0	21	step_2_no_load	3	4	0.470207377245	0.49769376036	4	638	0	
189	0	22	step_1_no_load	1	2	2	505	
189	0	22	step_2_no_load	5	6	0.618527126547	0.621949894727	6	772	1	
189	0	23	step_1_no_load	1	2	2	586	
189	0	23	step_2_no_load	5	6	0.604065470975	0.640163623731	6	666	0	
189	0	24	step_1_no_load	1	2	2	534	
189	0	24	step_2_no_load	5	6	0.5800912085	0.582115115688	5	568	1	
189	0	25	step_1_no_load	1	2	2	728	
189	0	25	step_2_no_load	5	6	0.629917901014	0.565698722896	5	639	1	
189	0	26	step_1_no_load	1	2	2	530	
189	0	26	step_2_no_load	5	6	0.640635035276	0.592410219737	5	683	1	
189	0	27	step_1_no_load	1	2	2	560	
189	0	27	step_2_no_load	3	4	0.54756089792	0.507272671939	4	1123	1	
189	0	28	step_1_no_load	1	2	2	601	
189	0	28	step_2_no_load	5	6	0.647441527317	0.588356036098	5	763	1	
189	0	29	step_1_no_load	1	2	2	665	
189	0	29	step_2_no_load	5	6	0.618626354124	0.606613029227	6	1125	1	
189	0	30	step_1_no_load	1	2	2	696	
189	0	30	step_2_no_load	5	6	0.610227092493	0.608245979832	5	980	1	
189	0	31	step_1_no_load	1	2	2	660	
189	0	31	step_2_no_load	5	6	0.606122691795	0.636602545794	5	947	0	
189	0	32	step_1_no_load	1	2	2	530	
189	0	32	step_2_no_load	5	6	0.605616211083	0.634585171267	6	719	1	
189	0	33	step_1_no_load	1	2	2	609	
189	0	33	step_2_no_load	5	6	0.618000238621	0.611700032906	6	733	0	
189	0	34	step_1_no_load	1	2	2	772	
189	0	34	step_2_no_load	3	4	0.538523758058	0.454565258478	4	1006	1	
189	0	35	step_1_no_load	1	2	2	609	
189	0	35	step_2_no_load	5	6	0.649776015006	0.566827313385	6	966	0	
189	0	36	step_1_no_load	1	2	2	638	
189	0	36	step_2_no_load	5	6	0.661229326326	0.527635087561	5	674	1	
189	0	37	step_1_no_load	1	2	2	747	
189	0	37	step_2_no_load	5	6	0.660658056664	0.513822304161	5	585	1	
189	0	38	step_1_no_load	1	2	2	625	
189	0	38	step_2_no_load	5	6	0.651263699161	0.539078491643	5	699	0	
189	0	39	step_1_no_load	1	2	2	658	
189	0	39	step_2_no_load	3	4	0.610601635554	0.578640235206	4	837	1	
189	0	40	step_1_no_load	1	2	2	519	
189	0	40	step_2_no_load	5	6	0.636994900683	0.580760785074	6	1003	0	
189	0	41	step_1_no_load	1	2	2	594	
189	0	41	step_2_no_load	5	6	0.633285941184	0.524862294848	5	605	1	
189	0	42	step_1_no_load	1	2	2	1044	
189	0	42	step_2_no_load	5	6	0.606696263624	0.533857158543	5	693	1	
189	0	43	step_1_no_load	1	2	2	610	
189	0	43	step_2_no_load	5	6	0.581931546759	0.553703096215	5	653	0	
189	0	44	step_1_no_load	1	2	2	518	
189	0	44	step_2_no_load	3	4	0.611481438855	0.537842745081	4	633	1	
189	0	45	step_1_no_load	1	2	2	733	
189	0	45	step_2_no_load	5	6	0.620699591043	0.579346234508	5	1051	1	
189	0	46	step_1_no_load	1	2	2	636	
189	0	46	step_2_no_load	3	4	0.600964500555	0.532238720495	4	773	0	
189	0	47	step_1_no_load	1	2	2	685	
189	0	47	step_2_no_load	5	6	0.634373567175	0.546259467838	5	699	0	
189	0	48	step_1_no_load	1	2	2	503	
189	0	48	step_2_no_load	5	6	0.657624935632	0.534690828011	6	667	1	
189	0	49	step_1_no_load	1	2	2	686	
189	0	49	step_2_no_load	3	4	0.610193185592	0.489287375157	3	629	1	
189	0	50	step_1_no_load	1	2	2	464	
189	0	50	step_2_no_load	5	6	0.593458480934	0.481616544184	6	721	1	
189	0	51	step_1_no_load	1	2	2	468	
189	0	51	step_2_no_load	5	6	0.613357430892	0.508197321577	6	813	0	
189	0	52	step_1_no_load	1	2	2	509	
189	0	52	step_2_no_load	3	4	0.539065404057	0.429622901875	4	822	0	
189	0	53	step_1_no_load	1	2	2	368	
189	0	53	step_2_no_load	5	6	0.630956764252	0.475342927439	5	639	1	
189	0	54	step_1_no_load	1	2	2	1027	
189	0	54	step_2_no_load	3	4	0.570223904064	0.491512498697	3	868	1	
189	0	55	step_1_no_load	1	2	2	556	
189	0	55	step_2_no_load	5	6	0.639840796975	0.526704292526	5	569	0	
189	0	56	step_1_no_load	1	2	2	728	
189	0	56	step_2_no_load	5	6	0.60038825769	0.538512915562	6	515	1	
189	0	57	step_1_no_load	1	2	2	419	
189	0	57	step_2_no_load	5	6	0.586335094239	0.516475618243	6	741	1	
189	0	58	step_1_no_load	1	2	2	659	
189	0	58	step_2_no_load	5	6	0.610896130115	0.528376440027	6	650	0	
189	0	59	step_1_no_load	1	2	2	617	
189	0	59	step_2_no_load	5	6	0.608951267756	0.537400760025	5	669	0	
189	0	60	step_1_no_load	1	2	2	1	
189	0	60	step_2_no_load	5	6	0.599559577859	0.479287247283	5	955	1	
189	0	61	step_1_no_load	1	2	2	570	
189	0	61	step_2_no_load	3	4	0.669587072502	0.464268875813	3	741	0	
189	0	62	step_1_no_load	1	2	2	481	
189	0	62	step_2_no_load	5	6	0.622820395113	0.533031417444	5	1184	1	
189	0	63	step_1_no_load	1	2	2	392	
189	0	63	step_2_no_load	5	6	0.642623127313	0.519445130796	5	795	0	
189	0	64	step_1_no_load	1	2	1	705	
189	0	64	step_2_no_load	3	4	0.642369708469	0.555062911513	4	1035	0	
189	0	65	step_1_no_load	1	2	1	588	
189	0	65	step_2_no_load	3	4	0.612660225018	0.569109504048	3	862	0	
189	0	66	step_1_no_load	1	2	2	567	
189	0	66	step_2_no_load	5	6	0.630357351236	0.555324764318	5	984	1	
189	0	67	step_1_no_load	1	2	2	535	
189	0	67	step_2_no_load	5	6	0.674463681351	0.538279387614	5	799	1	
189	0	68	step_1_no_load	1	2	2	645	
189	0	68	step_2_no_load	5	6	0.719455209845	0.523301545299	6	826	0	
189	0	69	step_1_no_load	1	2	2	657	
189	0	69	step_2_no_load	5	6	0.718756538957	0.560462111264	5	603	0	
189	0	70	step_1_no_load	1	2	1	702	
189	0	70	step_2_no_load	3	4	0.637556284465	0.498834901463	3	726	1	
189	0	71	step_1_no_load	1	2	1	625	
189	0	71	step_2_no_load	5	6	0.706816191949	0.546215110045	6	1095	1	
189	0	72	step_1_no_load	1	2	1	884	
189	0	72	step_2_no_load	5	6	0.705884789502	0.556486305476	6	851	1	
189	0	73	step_1_no_load	1	2	1	673	
189	0	73	step_2_no_load	5	6	0.727961155836	0.50185699984	6	749	1	
189	0	74	step_1_no_load	1	2	1	748	
189	0	74	step_2_no_load	5	6	0.693624670847	0.491044983779	6	665	1	
189	0	75	step_1_no_load	1	2	1	839	
189	0	75	step_2_no_load	5	6	0.697629587097	0.483983914712	6	605	0	
189	0	76	step_1_no_load	1	2	1	491	
189	0	76	step_2_no_load	5	6	0.690117652944	0.518881389358	5	609	0	
189	0	77	step_1_no_load	1	2	2	621	
189	0	77	step_2_no_load	5	6	0.679737625371	0.538119616568	5	1040	1	
189	0	78	step_1_no_load	1	2	2	504	
189	0	78	step_2_no_load	5	6	0.647586191228	0.538654072849	5	527	1	
189	0	79	step_1_no_load	1	2	2	575	
189	0	79	step_2_no_load	5	6	0.647841624544	0.540085062695	5	583	0	
189	0	80	step_1_no_load	1	2	2	431	
189	0	80	step_2_no_load	3	4	0.518583383166	0.396016175285	4	1201	0	
189	0	81	step_1_no_load	1	2	2	598	
189	0	81	step_2_no_load	5	6	0.702400933084	0.494116554432	6	484	1	
189	0	82	step_1_no_load	1	2	2	748	
189	0	82	step_2_no_load	5	6	0.688340116885	0.482727017837	6	748	0	
189	0	83	step_1_no_load	1	2	2	596	
189	0	83	step_2_no_load	3	4	0.607907985871	0.382772464038	3	871	1	
189	0	84	step_1_no_load	1	2	2	552	
189	0	84	step_2_no_load	5	6	0.731466635793	0.505586222209	5	956	0	
189	0	85	step_1_no_load	1	2	2	572	
189	0	85	step_2_no_load	5	6	0.712989604416	0.485785534744	6	741	1	
189	0	86	step_1_no_load	1	2	2	561	
189	0	86	step_2_no_load	3	4	0.691782850001	0.345323068124	3	965	1	
189	0	87	step_1_no_load	1	2	2	542	
189	0	87	step_2_no_load	5	6	0.690012761069	0.493867001103	6	780	0	
189	0	88	step_1_no_load	1	2	2	599	
189	0	88	step_2_no_load	5	6	0.696773608304	0.509563243675	5	879	1	
189	0	89	step_1_no_load	1	2	1	1016	
189	0	89	step_2_no_load	3	4	0.690772436485	0.415882489686	3	984	1	
189	0	90	step_1_no_load	1	2	1	547	
189	0	90	step_2_no_load	5	6	0.688736868033	0.530126112124	6	754	1	
189	0	91	step_1_no_load	1	2	1	582	
189	0	91	step_2_no_load	5	6	0.657820521772	0.479087223222	6	709	1	
189	0	92	step_1_no_load	1	2	1	660	
189	0	92	step_2_no_load	5	6	0.679381608313	0.484260039873	6	665	0	
189	0	93	step_1_no_load	1	2	1	525	
189	0	93	step_2_no_load	5	6	0.662863370634	0.473273727684	5	593	0	
189	0	94	step_1_no_load	1	2	1	417	
189	0	94	step_2_no_load	3	4	0.719464414227	0.429211756872	4	1091	0	
189	0	95	step_1_no_load	1	2	1	631	
189	0	95	step_2_no_load	5	6	0.640209855442	0.42505578884	6	834	1	
189	0	96	step_1_no_load	1	2	1	563	
189	0	96	step_2_no_load	5	6	0.663095813561	0.437558890646	6	648	0	
189	0	97	step_1_no_load	1	2	1	604	
189	0	97	step_2_no_load	5	6	0.651202057411	0.455601814112	6	562	1	
189	0	98	step_1_no_load	1	2	1	610	
189	0	98	step_2_no_load	5	6	0.646040060297	0.431479829356	6	739	0	
189	0	99	step_1_no_load	1	2	1	456	
189	0	99	step_2_no_load	3	4	0.673709850038	0.397561363605	3	839	1	
189	0	100	step_1_no_load	1	2	1	560	
189	0	100	step_2_no_load	5	6	0.66579920021	0.363162156005	5	695	0	
189	0	101	step_1_no_load	1	2	1	547	
189	0	101	step_2_no_load	5	6	0.655903528958	0.366879421891	6	748	0	
189	0	102	step_1_no_load	1	2	2	344	
189	0	102	step_2_no_load	5	6	0.663124617603	0.326080462175	6	663	0	
189	0	103	step_1_no_load	1	2	2	455	
189	0	103	step_2_no_load	3	4	0.663997796029	0.481975449893	3	842	1	
189	0	104	step_1_no_load	1	2	2	430	
189	0	104	step_2_no_load	5	6	0.743372642809	0.303696146503	5	645	0	
189	0	105	step_1_no_load	1	2	2	559	
189	0	105	step_2_no_load	5	6	0.722851301692	0.352639603242	6	480	1	
189	0	106	step_1_no_load	1	2	2	758	
189	0	106	step_2_no_load	5	6	0.699623252899	0.374131494222	6	733	0	
189	0	107	step_1_no_load	1	2	2	693	
189	0	107	step_2_no_load	5	6	0.677514185929	0.388257337796	5	674	1	
189	0	108	step_1_no_load	1	2	2	572	
189	0	108	step_2_no_load	5	6	0.681491063126	0.388185708856	5	706	1	
189	0	109	step_1_no_load	1	2	2	718	
189	0	109	step_2_no_load	5	6	0.68658494263	0.372328831887	5	657	1	
189	0	110	step_1_no_load	1	2	2	545	
189	0	110	step_2_no_load	5	6	0.65455226558	0.395544455384	5	738	1	
189	0	111	step_1_no_load	1	2	2	527	
189	0	111	step_2_no_load	5	6	0.634599547742	0.407158158569	5	536	1	
189	0	112	step_1_no_load	1	2	2	470	
189	0	112	step_2_no_load	5	6	0.635252945963	0.413393106784	5	538	1	
189	0	113	step_1_no_load	1	2	2	482	
189	0	113	step_2_no_load	5	6	0.634627459817	0.387112818105	5	678	1	
189	0	114	step_1_no_load	1	2	2	457	
189	0	114	step_2_no_load	5	6	0.657654904272	0.384736699284	5	631	1	
189	0	115	step_1_no_load	1	2	2	383	
189	0	115	step_2_no_load	3	4	0.739704344621	0.390027643099	3	1155	1	
189	0	116	step_1_no_load	1	2	2	544	
189	0	116	step_2_no_load	5	6	0.680124293449	0.369438791876	5	681	1	
189	0	117	step_1_no_load	1	2	2	436	
189	0	117	step_2_no_load	3	4	0.747012267642	0.374621793791	3	598	1	
189	0	118	step_1_no_load	1	2	2	525	
189	0	118	step_2_no_load	5	6	0.690484235012	0.362977115924	5	636	1	
189	0	119	step_1_no_load	1	2	2	679	
189	0	119	step_2_no_load	3	4	0.690424535099	0.357515098446	3	673	1	
189	0	120	step_1_no_load	1	2	2	515	
189	0	120	step_2_no_load	5	6	0.666433355915	0.333809617664	5	771	1	
189	0	121	step_1_no_load	1	2	2	457	
189	0	121	step_2_no_load	5	6	0.671052306195	0.310775244958	5	673	0	
189	0	122	step_1_no_load	1	2	2	619	
189	0	122	step_2_no_load	3	4	0.6136886145	0.329624572119	3	497	1	
189	0	123	step_1_no_load	1	2	2	385	
189	0	123	step_2_no_load	5	6	0.664849878232	0.269780614928	6	617	0	
189	0	124	step_1_no_load	1	2	1	514	
189	0	124	step_2_no_load	3	4	0.603013298253	0.309430836661	3	745	1	
189	0	125	step_1_no_load	1	2	1	805	
189	0	125	step_2_no_load	3	4	0.559596800931	0.303110862715	3	754	1	
189	0	126	step_1_no_load	1	2	1	585	
189	0	126	step_2_no_load	3	4	0.537863824328	0.300846667696	3	584	0	
189	0	127	step_1_no_load	1	2	1	587	
189	0	127	step_2_no_load	3	4	0.560824094575	0.274944938508	4	495	0	
189	0	128	step_1_no_load	1	2	2	475	
189	0	128	step_2_no_load	5	6	0.620672334996	0.260252451606	5	1115	1	
189	0	129	step_1_no_load	1	2	2	559	
189	0	129	step_2_no_load	5	6	0.632682846317	0.268213321963	5	619	0	
189	0	130	step_1_no_load	1	2	2	443	
189	0	130	step_2_no_load	5	6	0.630285316669	0.267460866951	6	564	0	
189	0	131	step_1_no_load	1	2	1	418	
189	0	131	step_2_no_load	3	4	0.678044920845	0.311475039155	3	449	1	
189	0	132	step_1_no_load	1	2	1	556	
189	0	132	step_2_no_load	3	4	0.668578020634	0.315328810424	3	669	1	
189	0	133	step_1_no_load	1	2	1	481	
189	0	133	step_2_no_load	3	4	0.617383991623	0.312642735495	3	505	1	
189	0	134	step_1_no_load	1	2	1	522	
189	0	134	step_2_no_load	3	4	0.621945110858	0.302839427162	3	512	0	
189	0	135	step_1_no_load	1	2	1	653	
189	0	135	step_2_no_load	3	4	0.593710006149	0.287118934166	3	790	0	
189	0	136	step_1_no_load	1	2	2	703	
189	0	136	step_2_no_load	5	6	0.674914008636	0.307766925452	6	726	0	
189	0	137	step_1_no_load	1	2	2	394	
189	0	137	step_2_no_load	5	6	0.668540846495	0.346433498467	5	648	1	
189	0	138	step_1_no_load	1	2	1	572	
189	0	138	step_2_no_load	5	6	0.688182193337	0.366701525561	5	697	0	
189	0	139	step_1_no_load	1	2	2	593	
189	0	139	step_2_no_load	3	4	0.636630981281	0.323660750961	3	937	0	
189	0	140	step_1_no_load	1	2	2	514	
189	0	140	step_2_no_load	5	6	0.637682840728	0.348740542008	6	1034	0	
189	0	141	step_1_no_load	1	2	1	480	
189	0	141	step_2_no_load	3	4	0.711987889705	0.311809871418	4	509	1	
189	0	142	step_1_no_load	1	2	1	687	
189	0	142	step_2_no_load	5	6	0.627356259123	0.397052682821	5	854	1	
189	0	143	step_1_no_load	1	2	1	654	
189	0	143	step_2_no_load	5	6	0.610219102298	0.410970957547	5	1380	1	
189	0	144	step_1_no_load	1	2	1	417	
189	0	144	step_2_no_load	3	4	0.626443722248	0.275932517017	4	612	0	
189	0	145	step_1_no_load	1	2	1	573	
189	0	145	step_2_no_load	3	4	0.6669125229	0.266265924094	3	462	1	
189	0	146	step_1_no_load	1	2	1	442	
189	0	146	step_2_no_load	3	4	0.681611991725	0.257861956214	3	476	0	
189	0	147	step_1_no_load	1	2	1	597	
189	0	147	step_2_no_load	5	6	0.594861186319	0.352879785946	5	1004	0	
189	0	148	step_1_no_load	1	2	1	591	
189	0	148	step_2_no_load	3	4	0.619272702026	0.305288021243	4	764	0	
189	0	149	step_1_no_load	1	2	2	546	
189	0	149	step_2_no_load	3	4	0.601870110183	0.269951834184	3	585	1	
189	0	150	step_1_no_load	1	2	2	607	
189	0	150	step_2_no_load	5	6	0.605912419156	0.306860041627	6	898	1	
189	0	151	step_1_no_load	1	2	2	756	
189	0	151	step_2_no_load	5	6	0.614159737668	0.310557101463	6	984	1	
189	0	152	step_1_no_load	1	2	2	537	
189	0	152	step_2_no_load	5	6	0.644204174791	0.323194010514	6	786	0	
189	0	153	step_1_no_load	1	2	2	406	
189	0	153	step_2_no_load	3	4	0.613336203392	0.309356532263	3	724	1	
189	0	154	step_1_no_load	1	2	2	409	
189	0	154	step_2_no_load	3	4	0.638934099562	0.316375537537	3	812	0	
189	0	155	step_1_no_load	1	2	2	438	
189	0	155	step_2_no_load	5	6	0.716100930629	0.372188990474	5	1086	1	
189	0	156	step_1_no_load	1	2	2	711	
189	0	156	step_2_no_load	5	6	0.734436160799	0.368378667812	5	948	1	
189	0	157	step_1_no_load	1	2	2	559	
189	0	157	step_2_no_load	5	6	0.720725456325	0.324728201487	5	714	1	
189	0	158	step_1_no_load	1	2	2	501	
189	0	158	step_2_no_load	5	6	0.694270715354	0.334595868098	5	915	1	
189	0	159	step_1_no_load	1	2	2	559	
189	0	159	step_2_no_load	3	4	0.541222065796	0.413026375257	4	880	1	
189	0	160	step_1_no_load	1	2	2	469	
189	0	160	step_2_no_load	5	6	0.710728171711	0.355992626298	5	725	1	
189	0	161	step_1_no_load	1	2	2	415	
189	0	161	step_2_no_load	5	6	0.719896286569	0.438878285506	5	927	0	
189	0	162	step_1_no_load	1	2	2	602	
189	0	162	step_2_no_load	3	4	0.566496468084	0.3926701003	4	767	1	
189	0	163	step_1_no_load	1	2	2	474	
189	0	163	step_2_no_load	5	6	0.697095951435	0.430920885959	6	589	1	
189	0	164	step_1_no_load	1	2	2	655	
189	0	164	step_2_no_load	5	6	0.692137394606	0.430844125626	6	716	1	
189	0	165	step_1_no_load	1	2	2	469	
189	0	165	step_2_no_load	3	4	0.538026607649	0.463777557969	4	789	0	
189	0	166	step_1_no_load	1	2	2	472	
189	0	166	step_2_no_load	5	6	0.686594248975	0.356317216644	6	904	0	
189	0	167	step_1_no_load	1	2	2	363	
189	0	167	step_2_no_load	3	4	0.585131062446	0.38753671275	3	637	0	
189	0	168	step_1_no_load	1	2	2	653	
189	0	168	step_2_no_load	5	6	0.67192508984	0.335777599654	5	1221	1	
189	0	169	step_1_no_load	1	2	1	576	
189	0	169	step_2_no_load	5	6	0.704981910944	0.365156560071	5	918	0	
189	0	170	step_1_no_load	1	2	1	655	
189	0	170	step_2_no_load	3	4	0.57151385403	0.411067820436	4	524	1	
189	0	171	step_1_no_load	1	2	1	626	
189	0	171	step_2_no_load	3	4	0.553314431843	0.386979310814	4	585	0	
189	0	172	step_1_no_load	1	2	2	419	
189	0	172	step_2_no_load	3	4	0.519090471457	0.363617002148	3	588	1	
189	0	173	step_1_no_load	1	2	2	551	
189	0	173	step_2_no_load	5	6	0.667027212577	0.462866379815	6	1125	0	
189	0	174	step_1_no_load	1	2	2	324	
189	0	174	step_2_no_load	5	6	0.729877433725	0.46236234172	5	635	1	
189	0	175	step_1_no_load	1	2	2	803	
189	0	175	step_2_no_load	5	6	0.693968268443	0.484825491933	5	588	1	
189	0	176	step_1_no_load	1	2	2	773	
189	0	176	step_2_no_load	5	6	0.679250000396	0.500856457218	5	703	1	
189	0	177	step_1_no_load	1	2	2	642	
189	0	177	step_2_no_load	5	6	0.714070205704	0.4798184927	5	982	1	
189	0	178	step_1_no_load	1	2	2	949	
189	0	178	step_2_no_load	5	6	0.705993797498	0.49020858644	5	628	0	
189	0	179	step_1_no_load	1	2	2	599	
189	0	179	step_2_no_load	3	4	0.457298770028	0.324685418097	4	424	1	
189	0	180	step_1_no_load	1	2	2	400	
189	0	180	step_2_no_load	5	6	0.719795072986	0.489345734128	6	520	0	
189	0	181	step_1_no_load	1	2	2	596	
189	0	181	step_2_no_load	5	6	0.746910336326	0.480141179559	5	580	1	
189	0	182	step_1_no_load	1	2	2	692	
189	0	182	step_2_no_load	5	6	0.72717560423	0.49907747228	5	578	1	
189	0	183	step_1_no_load	1	2	2	663	
189	0	183	step_2_no_load	5	6	0.720388040749	0.492742497507	5	672	1	
189	0	184	step_1_no_load	1	2	2	563	
189	0	184	step_2_no_load	5	6	0.657291439324	0.480863422096	5	631	1	
189	0	185	step_1_no_load	1	2	2	486	
189	0	185	step_2_no_load	5	6	0.665622647081	0.482228039858	5	542	1	
189	0	186	step_1_no_load	1	2	2	925	
189	0	186	step_2_no_load	5	6	0.656308636836	0.484672582719	5	714	0	
189	0	187	step_1_no_load	1	2	2	615	
189	0	187	step_2_no_load	5	6	0.678211978625	0.498596507669	6	602	0	
189	0	188	step_1_no_load	1	2	1	554	
189	0	188	step_2_no_load	3	4	0.471319680586	0.291508050861	4	911	0	
189	0	189	step_1_no_load	1	2	1	357	
189	0	189	step_2_no_load	3	4	0.448897869069	0.285168135955	3	484	0	
189	0	190	step_1_no_load	1	2	1	568	
189	0	190	step_2_no_load	3	4	0.433568856946	0.304557739386	4	661	0	
189	0	191	step_1_no_load	1	2	1	887	
189	0	191	step_2_no_load	5	6	0.664271461991	0.512103523931	6	1156	0	
189	0	192	step_1_no_load	1	2	2	598	
189	0	192	step_2_no_load	5	6	0.705517419189	0.493851022417	6	657	0	
189	0	193	step_1_no_load	1	2	2	378	
189	0	193	step_2_no_load	3	4	0.440813209638	0.321008037746	3	985	0	
189	0	194	step_1_no_load	1	2	2	614	
189	0	194	step_2_no_load	5	6	0.655261361454	0.505359594715	6	1233	0	
189	0	195	step_1_no_load	1	2	2	551	
189	0	195	step_2_no_load	3	4	0.466795336969	0.348571348505	4	490	0	
189	0	196	step_1_no_load	1	2	2	414	
189	0	196	step_2_no_load	5	6	0.695101215304	0.496717662777	5	751	1	
189	0	197	step_1_no_load	1	2	2	550	
189	0	197	step_2_no_load	5	6	0.686552522522	0.47786945426	5	645	1	
189	0	198	step_1_no_load	1	2	2	700	
189	0	198	step_2_no_load	3	4	0.397292432346	0.303352625941	3	459	0	
189	0	199	step_1_no_load	1	2	2	429	
189	0	199	step_2_no_load	5	6	0.73697129762	0.529438031858	5	735	1	
189	0	200	step_1_no_load	1	2	2	495	
189	0	200	step_2_no_load	5	6	0.728996708473	0.507902534353	5	868	1	

Fri Dec 14 15:04:59 2018
