Thu Feb 21 17:10:33 2019	
194	0	1	step_1_no_load	1	2	1	399	
194	0	1	step_2_no_load	5	6	0.594299910136	0.511789129507	6	597	1	
194	0	2	step_1_no_load	1	2	2	415	
194	0	2	step_2_no_load	5	6	0.610961032466	0.533203491871	5	804	0	
194	0	3	step_1_no_load	1	2	2	543	
194	0	3	step_2_no_load	3	4	0.476767372206	0.584197065669	4	822	0	
194	0	4	step_1_no_load	1	2	2	640	
194	0	4	step_2_no_load	5	6	0.564086293706	0.494597764192	6	941	0	
194	0	5	step_1_no_load	1	2	2	503	
194	0	5	step_2_no_load	5	6	0.576104915614	0.543908521457	6	872	1	
194	0	6	step_1_no_load	1	2	1	413	
194	0	6	step_2_no_load	3	4	0.506877622204	0.585722686883	4	835	0	
194	0	7	step_1_no_load	1	2	1	332	
194	0	7	step_2_no_load	3	4	0.500071913476	0.568656746487	4	671	1	
194	0	8	step_1_no_load	1	2	2	352	
194	0	8	step_2_no_load	5	6	0.624210374623	0.499203529332	6	664	0	
194	0	9	step_1_no_load	1	2	1	359	
194	0	9	step_2_no_load	3	4	0.496546708465	0.598049061473	3	852	0	
194	0	10	step_1_no_load	1	2	1	343	
194	0	10	step_2_no_load	3	4	0.482364178155	0.652626043146	4	836	1	
194	0	11	step_1_no_load	1	2	1	477	
194	0	11	step_2_no_load	3	4	0.477013315682	0.69163818036	4	474	1	
194	0	12	step_1_no_load	1	2	2	572	
194	0	12	step_2_no_load	3	4	0.48457206759	0.682786328054	4	787	1	
194	0	13	step_1_no_load	1	2	2	390	
194	0	13	step_2_no_load	5	6	0.558313135925	0.595790490356	6	1013	0	
194	0	14	step_1_no_load	1	2	2	302	
194	0	14	step_2_no_load	3	4	0.491234392147	0.629137942344	3	460	1	
194	0	15	step_1_no_load	1	2	1	389	
194	0	15	step_2_no_load	3	4	0.505377237737	0.612260006668	4	558	1	
194	0	16	step_1_no_load	1	2	2	330	
194	0	16	step_2_no_load	3	4	0.510958036527	0.628091198119	4	708	1	
194	0	17	step_1_no_load	1	2	2	359	
194	0	17	step_2_no_load	5	6	0.562895132605	0.643116883134	6	413	1	
194	0	18	step_1_no_load	1	2	2	268	
194	0	18	step_2_no_load	3	4	0.517514133912	0.626834332012	3	570	0	
194	0	19	step_1_no_load	1	2	2	0	
194	0	19	step_2_no_load	5	6	0.536502319591	0.644773170243	6	559	1	
194	0	20	step_1_no_load	1	2	2	303	
194	0	20	step_2_no_load	5	6	0.491720931314	0.60665343963	6	670	1	
194	0	21	step_1_no_load	1	2	2	284	
194	0	21	step_2_no_load	5	6	0.470207377245	0.611328949295	6	602	0	
194	0	22	step_1_no_load	1	2	2	148	
194	0	22	step_2_no_load	3	4	0.506100011497	0.621949894727	3	505	1	
194	0	23	step_1_no_load	1	2	2	321	
194	0	23	step_2_no_load	3	4	0.520606588181	0.640163623731	4	548	0	
194	0	24	step_1_no_load	1	2	1	317	
194	0	24	step_2_no_load	3	4	0.505388876622	0.582115115688	4	473	0	
194	0	25	step_1_no_load	1	2	2	366	
194	0	25	step_2_no_load	5	6	0.503605105412	0.629917901014	5	485	1	
194	0	26	step_1_no_load	1	2	1	262	
194	0	26	step_2_no_load	3	4	0.511744353778	0.592410219737	4	595	1	
194	0	27	step_1_no_load	1	2	2	368	
194	0	27	step_2_no_load	5	6	0.54756089792	0.642144756622	6	802	1	
194	0	28	step_1_no_load	1	2	2	421	
194	0	28	step_2_no_load	5	6	0.553259388875	0.647441527317	6	1408	0	
194	0	29	step_1_no_load	1	2	1	268	
194	0	29	step_2_no_load	3	4	0.521159009103	0.606613029227	-1	-1	-1	
194	0	30	step_1_no_load	1	2	2	539	
194	0	30	step_2_no_load	3	4	0.4919199548	0.608245979832	3	555	1	
194	0	31	step_1_no_load	1	2	1	375	
194	0	31	step_2_no_load	3	4	0.483156722265	0.636602545794	4	490	1	
194	0	32	step_1_no_load	1	2	2	246	
194	0	32	step_2_no_load	3	4	0.520318771114	0.634585171267	4	1081	0	
194	0	33	step_1_no_load	1	2	2	366	
194	0	33	step_2_no_load	5	6	0.542309898544	0.618000238621	6	739	1	
194	0	34	step_1_no_load	1	2	2	243	
194	0	34	step_2_no_load	5	6	0.538523758058	0.670290552209	6	481	1	
194	0	35	step_1_no_load	1	2	2	177	
194	0	35	step_2_no_load	3	4	0.491437207585	0.566827313385	4	526	0	
194	0	36	step_1_no_load	1	2	2	380	
194	0	36	step_2_no_load	3	4	0.513210053121	0.527635087561	4	697	1	
194	0	37	step_1_no_load	1	2	2	253	
194	0	37	step_2_no_load	5	6	0.598446394142	0.660658056664	6	464	1	
194	0	38	step_1_no_load	1	2	1	221	
194	0	38	step_2_no_load	5	6	0.595113730206	0.651263699161	5	494	1	
194	0	39	step_1_no_load	1	2	1	309	
194	0	39	step_2_no_load	5	6	0.610601635554	0.634483337633	5	711	1	
194	0	40	step_1_no_load	1	2	1	451	
194	0	40	step_2_no_load	5	6	0.607992802154	0.636994900683	5	551	1	
194	0	41	step_1_no_load	1	2	1	322	
194	0	41	step_2_no_load	3	4	0.583829055298	0.524862294848	4	843	0	
194	0	42	step_1_no_load	1	2	2	395	
194	0	42	step_2_no_load	5	6	0.609164606591	0.606696263624	6	581	0	
194	0	43	step_1_no_load	1	2	1	381	
194	0	43	step_2_no_load	5	6	0.612705031264	0.581931546759	5	566	1	
194	0	44	step_1_no_load	1	2	1	263	
194	0	44	step_2_no_load	3	4	0.537842745081	0.541854396676	3	498	1	
194	0	45	step_1_no_load	1	2	1	123	
194	0	45	step_2_no_load	3	4	0.5288039409	0.579346234508	4	746	0	
194	0	46	step_1_no_load	1	2	1	1	
194	0	46	step_2_no_load	5	6	0.600964500555	0.654261318712	5	0	1	
194	0	47	step_1_no_load	1	2	1	404	
194	0	47	step_2_no_load	3	4	0.493112702321	0.546259467838	3	568	1	
194	0	48	step_1_no_load	1	2	1	0	
194	0	48	step_2_no_load	3	4	0.488280685105	0.534690828011	3	370	0	
194	0	49	step_1_no_load	1	2	1	343	
194	0	49	step_2_no_load	5	6	0.610193185592	0.614679490594	6	476	0	
194	0	50	step_1_no_load	1	2	1	10	
194	0	50	step_2_no_load	3	4	0.47381367271	0.481616544184	3	891	0	
194	0	51	step_1_no_load	1	2	2	9	
194	0	51	step_2_no_load	3	4	0.469943944943	0.508197321577	4	611	1	
194	0	52	step_1_no_load	1	2	2	3	
194	0	52	step_2_no_load	5	6	0.539065404057	0.613408921915	6	105	1	
194	0	53	step_1_no_load	1	2	2	58	
194	0	53	step_2_no_load	5	6	0.551457882502	0.630956764252	6	133	1	
194	0	54	step_1_no_load	1	2	2	73	
194	0	54	step_2_no_load	5	6	0.570223904064	0.652515308527	6	531	1	
194	0	55	step_1_no_load	1	2	2	50	
194	0	55	step_2_no_load	3	4	0.487025527704	0.526704292526	4	619	0	
194	0	56	step_1_no_load	1	2	1	4	
194	0	56	step_2_no_load	3	4	0.459773408493	0.538512915562	3	432	1	
194	0	57	step_1_no_load	1	2	2	159	
194	0	57	step_2_no_load	5	6	0.641849303307	0.586335094239	6	579	1	
194	0	58	step_1_no_load	1	2	2	11	
194	0	58	step_2_no_load	5	6	0.664682809182	0.610896130115	6	103	0	
194	0	59	step_1_no_load	1	2	1	98	
194	0	59	step_2_no_load	3	4	0.480274332693	0.537400760025	3	33	1	
194	0	60	step_1_no_load	1	2	1	6	
194	0	60	step_2_no_load	5	6	0.623687406259	0.599559577859	6	115	0	
194	0	61	step_1_no_load	1	2	2	18	
194	0	61	step_2_no_load	3	4	0.464268875813	0.527144452559	4	40	1	
194	0	62	step_1_no_load	1	2	2	105	
194	0	62	step_2_no_load	3	4	0.50724109756	0.533031417444	-1	-1	-1	
194	0	63	step_1_no_load	1	2	2	20	
194	0	63	step_2_no_load	5	6	0.664284493458	0.642623127313	6	79	0	
194	0	64	step_1_no_load	1	2	1	127	
194	0	64	step_2_no_load	3	4	0.555062911513	0.533849886794	3	151	0	
194	0	65	step_1_no_load	1	2	2	17	
194	0	65	step_2_no_load	5	6	0.612660225018	0.619953360065	6	50	1	
194	0	66	step_1_no_load	1	2	2	10	
194	0	66	step_2_no_load	3	4	0.573761869714	0.555324764318	4	55	1	
194	0	67	step_1_no_load	1	2	2	52	
194	0	67	step_2_no_load	3	4	0.542076810516	0.538279387614	4	85	1	
194	0	68	step_1_no_load	1	2	1	334	
194	0	68	step_2_no_load	5	6	0.622963076372	0.719455209845	5	1248	1	
194	0	69	step_1_no_load	1	2	1	0	
194	0	69	step_2_no_load	5	6	0.622221685203	0.718756538957	5	104	1	
194	0	70	step_1_no_load	1	2	1	111	
194	0	70	step_2_no_load	5	6	0.637556284465	0.697741832068	-1	-1	-1	
194	0	71	step_1_no_load	1	2	1	5	
194	0	71	step_2_no_load	3	4	0.482863323776	0.546215110045	4	25	1	
194	0	72	step_1_no_load	1	2	2	66	
194	0	72	step_2_no_load	5	6	0.626024641967	0.705884789502	5	1408	1	
194	0	73	step_1_no_load	1	2	2	70	
194	0	73	step_2_no_load	5	6	0.657126403029	0.727961155836	6	294	1	
194	0	74	step_1_no_load	1	2	2	11	
194	0	74	step_2_no_load	5	6	0.614462146454	0.693624670847	6	30	0	
194	0	75	step_1_no_load	1	2	1	17	
194	0	75	step_2_no_load	3	4	0.44832280175	0.483983914712	3	42	0	
194	0	76	step_1_no_load	1	2	1	85	
194	0	76	step_2_no_load	3	4	0.488583631821	0.518881389358	3	252	0	
194	0	77	step_1_no_load	1	2	2	55	
194	0	77	step_2_no_load	5	6	0.564257587118	0.679737625371	6	62	1	
194	0	78	step_1_no_load	1	2	2	17	
194	0	78	step_2_no_load	3	4	0.435911167612	0.538654072849	4	94	1	
194	0	79	step_1_no_load	1	2	2	7	
194	0	79	step_2_no_load	5	6	0.513695512795	0.647841624544	6	135	1	
194	0	80	step_1_no_load	1	2	2	10	
194	0	80	step_2_no_load	5	6	0.518583383166	0.703969305517	6	11	1	
194	0	81	step_1_no_load	1	2	2	37	
194	0	81	step_2_no_load	5	6	0.529745690463	0.702400933084	6	43	1	
194	0	82	step_1_no_load	1	2	2	14	
194	0	82	step_2_no_load	5	6	0.564729328387	0.688340116885	6	109	1	
194	0	83	step_1_no_load	1	2	2	12	
194	0	83	step_2_no_load	5	6	0.607907985871	0.726885136842	6	6	1	
194	0	84	step_1_no_load	1	2	1	3	
194	0	84	step_2_no_load	3	4	0.385087938645	0.505586222209	3	27	1	
194	0	85	step_1_no_load	1	2	2	32	
194	0	85	step_2_no_load	5	6	0.692384972752	0.712989604416	6	1114	0	
194	0	86	step_1_no_load	1	2	1	13	
194	0	86	step_2_no_load	3	4	0.345323068124	0.486462788728	3	752	1	
194	0	87	step_1_no_load	1	2	2	63	
194	0	87	step_2_no_load	5	6	0.719375344246	0.690012761069	5	765	1	
194	0	88	step_1_no_load	1	2	2	69	
194	0	88	step_2_no_load	5	6	0.717410082358	0.696773608304	5	567	1	
194	0	89	step_1_no_load	1	2	2	8	
194	0	89	step_2_no_load	5	6	0.690772436485	0.660112261017	5	768	1	
194	0	90	step_1_no_load	1	2	1	12	
194	0	90	step_2_no_load	5	6	0.712247848046	0.688736868033	5	4	1	
194	0	91	step_1_no_load	1	2	2	14	
194	0	91	step_2_no_load	5	6	0.685023809334	0.657820521772	5	157	1	
194	0	92	step_1_no_load	1	2	2	55	
194	0	92	step_2_no_load	5	6	0.692406274724	0.679381608313	5	938	1	
194	0	93	step_1_no_load	1	2	2	23	
194	0	93	step_2_no_load	5	6	0.70415710998	0.662863370634	5	646	1	
194	0	94	step_1_no_load	1	2	2	16	
194	0	94	step_2_no_load	5	6	0.719464414227	0.668295023896	5	63	1	
194	0	95	step_1_no_load	1	2	2	8	
194	0	95	step_2_no_load	5	6	0.715495469274	0.640209855442	5	470	1	
194	0	96	step_1_no_load	1	2	2	9	
194	0	96	step_2_no_load	5	6	0.693739812506	0.663095813561	5	841	1	
194	0	97	step_1_no_load	1	2	2	6	
194	0	97	step_2_no_load	3	4	0.392885664353	0.455601814112	3	811	1	
194	0	98	step_1_no_load	1	2	1	5	
194	0	98	step_2_no_load	3	4	0.409778171713	0.431479829356	3	750	1	
194	0	99	step_1_no_load	1	2	2	13	
194	0	99	step_2_no_load	5	6	0.673709850038	0.645191748454	5	767	1	
194	0	100	step_1_no_load	1	2	1	3	
194	0	100	step_2_no_load	5	6	0.666227451505	0.66579920021	5	132	0	
194	0	101	step_1_no_load	1	2	1	6	
194	0	101	step_2_no_load	3	4	0.497432607584	0.366879421891	3	559	0	
194	0	102	step_1_no_load	1	2	1	4	
194	0	102	step_2_no_load	3	4	0.494584754513	0.326080462175	3	520	0	
194	0	103	step_1_no_load	1	2	1	11	
194	0	103	step_2_no_load	3	4	0.481975449893	0.322834495838	3	621	1	
194	0	104	step_1_no_load	1	2	1	18	
194	0	104	step_2_no_load	5	6	0.703870701136	0.743372642809	5	71	1	
194	0	105	step_1_no_load	1	2	1	7	
194	0	105	step_2_no_load	3	4	0.514318365187	0.352639603242	3	89	0	
194	0	106	step_1_no_load	1	2	1	11	
194	0	106	step_2_no_load	3	4	0.508908032404	0.374131494222	3	58	1	
194	0	107	step_1_no_load	1	2	2	4	
194	0	107	step_2_no_load	5	6	0.692607431435	0.677514185929	5	62	1	
194	0	108	step_1_no_load	1	2	1	7	
194	0	108	step_2_no_load	3	4	0.526955028982	0.388185708856	3	0	0	
194	0	109	step_1_no_load	1	2	1	0	
194	0	109	step_2_no_load	3	4	0.479977531501	0.372328831887	3	726	0	
194	0	110	step_1_no_load	1	2	1	7	
194	0	110	step_2_no_load	3	4	0.432626681236	0.395544455384	3	855	1	
194	0	111	step_1_no_load	1	2	2	82	
194	0	111	step_2_no_load	3	4	0.384948378665	0.407158158569	3	652	1	
194	0	112	step_1_no_load	1	2	1	0	
194	0	112	step_2_no_load	5	6	0.725701866094	0.635252945963	6	882	0	
194	0	113	step_1_no_load	1	2	1	879	
194	0	113	step_2_no_load	5	6	0.719324307956	0.634627459817	5	526	1	
194	0	114	step_1_no_load	1	2	1	0	
194	0	114	step_2_no_load	3	4	0.380324086676	0.384736699284	3	823	1	
194	0	115	step_1_no_load	1	2	1	451	
194	0	115	step_2_no_load	3	4	0.390027643099	0.357661171116	3	703	0	
194	0	116	step_1_no_load	1	2	1	664	
194	0	116	step_2_no_load	3	4	0.378149844807	0.369438791876	3	683	0	
194	0	117	step_1_no_load	1	2	2	0	
194	0	117	step_2_no_load	5	6	0.747012267642	0.671842537277	5	570	0	
194	0	118	step_1_no_load	1	2	1	0	
194	0	118	step_2_no_load	3	4	0.357645851833	0.362977115924	3	675	0	
194	0	119	step_1_no_load	1	2	1	6	
194	0	119	step_2_no_load	5	6	0.690424535099	0.661177321751	-1	-1	-1	
194	0	120	step_1_no_load	1	2	1	7	
194	0	120	step_2_no_load	3	4	0.370150243662	0.333809617664	3	638	0	
194	0	121	step_1_no_load	1	2	2	0	
194	0	121	step_2_no_load	3	4	0.352721767208	0.310775244958	3	742	0	
194	0	122	step_1_no_load	1	2	1	0	
194	0	122	step_2_no_load	3	4	0.329624572119	0.266650857402	3	335	0	
194	0	123	step_1_no_load	1	2	1	0	
194	0	123	step_2_no_load	3	4	0.337526896345	0.269780614928	3	799	1	
194	0	124	step_1_no_load	1	2	1	0	
194	0	124	step_2_no_load	3	4	0.309430836661	0.26095206597	3	859	1	
194	0	125	step_1_no_load	1	2	1	1	
194	0	125	step_2_no_load	5	6	0.559596800931	0.633566302563	-1	-1	-1	
194	0	126	step_1_no_load	1	2	2	3	
194	0	126	step_2_no_load	5	6	0.537863824328	0.600985760967	5	795	1	
194	0	127	step_1_no_load	1	2	1	1	
194	0	127	step_2_no_load	5	6	0.560824094575	0.646945556251	5	1000	0	
194	0	128	step_1_no_load	1	2	1	0	
194	0	128	step_2_no_load	3	4	0.250790232267	0.260252451606	4	470	0	
194	0	129	step_1_no_load	1	2	2	373	
194	0	129	step_2_no_load	5	6	0.685297910719	0.632682846317	-1	-1	-1	
194	0	130	step_1_no_load	1	2	2	494	
194	0	130	step_2_no_load	5	6	0.682031489739	0.630285316669	6	722	1	
194	0	131	step_1_no_load	1	2	1	380	
194	0	131	step_2_no_load	5	6	0.678044920845	0.638450601212	5	624	1	
194	0	132	step_1_no_load	1	2	1	735	
194	0	132	step_2_no_load	5	6	0.668578020634	0.660013924697	5	1462	1	
194	0	133	step_1_no_load	1	2	1	1	
194	0	133	step_2_no_load	3	4	0.312642735495	0.315608831386	-1	-1	-1	
194	0	134	step_1_no_load	1	2	1	0	
194	0	134	step_2_no_load	3	4	0.302839427162	0.287393715313	3	1319	0	
194	0	135	step_1_no_load	1	2	2	330	
194	0	135	step_2_no_load	5	6	0.593710006149	0.700779221781	5	520	1	
194	0	136	step_1_no_load	1	2	1	0	
194	0	136	step_2_no_load	5	6	0.597814413435	0.674914008636	5	988	1	
194	0	137	step_1_no_load	1	2	1	2	
194	0	137	step_2_no_load	3	4	0.325016613024	0.346433498467	3	869	1	
194	0	138	step_1_no_load	1	2	1	1	
194	0	138	step_2_no_load	5	6	0.63240964674	0.688182193337	5	703	1	
194	0	139	step_1_no_load	1	2	1	343	
194	0	139	step_2_no_load	3	4	0.323660750961	0.325611400511	3	632	1	
194	0	140	step_1_no_load	1	2	1	417	
194	0	140	step_2_no_load	5	6	0.671213945178	0.637682840728	-1	-1	-1	
194	0	141	step_1_no_load	1	2	1	6	
194	0	141	step_2_no_load	3	4	0.311809871418	0.390227133375	3	597	1	
194	0	142	step_1_no_load	1	2	2	463	
194	0	142	step_2_no_load	5	6	0.690276058009	0.627356259123	6	1486	1	
194	0	143	step_1_no_load	1	2	1	402	
194	0	143	step_2_no_load	5	6	0.661365099615	0.610219102298	6	624	1	
194	0	144	step_1_no_load	1	2	1	441	
194	0	144	step_2_no_load	3	4	0.275932517017	0.389234194056	4	612	0	
194	0	145	step_1_no_load	1	2	2	308	
194	0	145	step_2_no_load	5	6	0.6669125229	0.606515632748	5	587	1	
194	0	146	step_1_no_load	1	2	1	469	
194	0	146	step_2_no_load	5	6	0.681611991725	0.593778463268	5	571	1	
194	0	147	step_1_no_load	1	2	1	380	
194	0	147	step_2_no_load	5	6	0.647798886916	0.594861186319	6	620	0	
194	0	148	step_1_no_load	1	2	1	290	
194	0	148	step_2_no_load	3	4	0.305288021243	0.311162711725	3	589	1	
194	0	149	step_1_no_load	1	2	1	381	
194	0	149	step_2_no_load	5	6	0.601870110183	0.623203869836	5	369	0	
194	0	150	step_1_no_load	1	2	1	451	
194	0	150	step_2_no_load	3	4	0.305587692243	0.306860041627	3	482	0	
194	0	151	step_1_no_load	1	2	1	0	
194	0	151	step_2_no_load	3	4	0.348172164421	0.310557101463	3	918	0	
194	0	152	step_1_no_load	1	2	1	543	
194	0	152	step_2_no_load	3	4	0.307702500543	0.323194010514	3	167	0	
194	0	153	step_1_no_load	1	2	1	386	
194	0	153	step_2_no_load	5	6	0.613336203392	0.681559292085	5	549	0	
194	0	154	step_1_no_load	1	2	1	381	
194	0	154	step_2_no_load	5	6	0.638934099562	0.671672162443	5	597	0	
194	0	155	step_1_no_load	1	2	1	359	
194	0	155	step_2_no_load	3	4	0.296093457977	0.372188990474	3	849	1	
194	0	156	step_1_no_load	1	2	1	636	
194	0	156	step_2_no_load	3	4	0.32564867104	0.368378667812	3	168	1	
194	0	157	step_1_no_load	1	2	1	3	
194	0	157	step_2_no_load	3	4	0.350909357271	0.324728201487	3	653	0	
194	0	158	step_1_no_load	1	2	1	481	
194	0	158	step_2_no_load	3	4	0.408728803896	0.334595868098	3	89	1	
194	0	159	step_1_no_load	1	2	1	384	
194	0	159	step_2_no_load	5	6	0.541222065796	0.697903160072	5	621	1	
194	0	160	step_1_no_load	1	2	1	380	
194	0	160	step_2_no_load	3	4	0.415052912783	0.355992626298	3	501	0	
194	0	161	step_1_no_load	1	2	1	364	
194	0	161	step_2_no_load	3	4	0.407025633682	0.438878285506	3	556	0	
194	0	162	step_1_no_load	1	2	1	449	
194	0	162	step_2_no_load	3	4	0.3926701003	0.455329532209	3	707	0	
194	0	163	step_1_no_load	1	2	1	3	
194	0	163	step_2_no_load	3	4	0.395221309311	0.430920885959	3	1	0	
194	0	164	step_1_no_load	1	2	1	1	
194	0	164	step_2_no_load	3	4	0.432761720497	0.430844125626	3	768	0	
194	0	165	step_1_no_load	1	2	1	4	
194	0	165	step_2_no_load	3	4	0.463777557969	0.347974240867	4	637	1	
194	0	166	step_1_no_load	1	2	1	14	
194	0	166	step_2_no_load	3	4	0.422282731054	0.356317216644	-1	-1	-1	
194	0	167	step_1_no_load	1	2	2	390	
194	0	167	step_2_no_load	5	6	0.585131062446	0.706271792549	5	410	0	
194	0	168	step_1_no_load	1	2	1	634	
194	0	168	step_2_no_load	5	6	0.613361520676	0.67192508984	5	494	0	
194	0	169	step_1_no_load	1	2	1	0	
194	0	169	step_2_no_load	3	4	0.42098542374	0.365156560071	3	519	1	
194	0	170	step_1_no_load	1	2	1	543	
194	0	170	step_2_no_load	3	4	0.411067820436	0.364989630435	3	932	0	
194	0	171	step_1_no_load	1	2	2	0	
194	0	171	step_2_no_load	5	6	0.553314431843	0.727248140829	5	1093	1	
194	0	172	step_1_no_load	1	2	1	672	
194	0	172	step_2_no_load	3	4	0.363617002148	0.490120307546	3	503	1	
194	0	173	step_1_no_load	1	2	1	511	
194	0	173	step_2_no_load	3	4	0.385349297983	0.462866379815	3	615	0	
194	0	174	step_1_no_load	1	2	2	0	
194	0	174	step_2_no_load	5	6	0.472729524832	0.729877433725	5	117	0	
194	0	175	step_1_no_load	1	2	1	0	
194	0	175	step_2_no_load	5	6	0.52644949356	0.693968268443	5	447	0	
194	0	176	step_1_no_load	1	2	2	517	
194	0	176	step_2_no_load	3	4	0.383231572002	0.500856457218	3	937	0	
194	0	177	step_1_no_load	1	2	1	488	
194	0	177	step_2_no_load	3	4	0.357425668099	0.4798184927	3	688	0	
194	0	178	step_1_no_load	1	2	1	417	
194	0	178	step_2_no_load	3	4	0.36473828006	0.49020858644	3	33	0	
194	0	179	step_1_no_load	1	2	1	384	
194	0	179	step_2_no_load	3	4	0.324685418097	0.493565996034	3	584	1	
194	0	180	step_1_no_load	1	2	1	431	
194	0	180	step_2_no_load	3	4	0.341214611607	0.489345734128	3	472	0	
194	0	181	step_1_no_load	1	2	1	358	
194	0	181	step_2_no_load	3	4	0.342402764747	0.480141179559	3	752	0	
194	0	182	step_1_no_load	1	2	1	0	
194	0	182	step_2_no_load	5	6	0.506773281362	0.72717560423	5	749	1	
194	0	183	step_1_no_load	1	2	1	3	
194	0	183	step_2_no_load	3	4	0.350175837802	0.492742497507	3	91	0	
194	0	184	step_1_no_load	1	2	-1	-1	
194	0	185	step_1_no_load	1	2	1	1337	
194	0	185	step_2_no_load	5	6	0.479703516092	0.665622647081	5	765	1	
194	0	186	step_1_no_load	1	2	1	3	
194	0	186	step_2_no_load	3	4	0.332733011923	0.484672582719	3	820	0	
194	0	187	step_1_no_load	1	2	2	0	
194	0	187	step_2_no_load	5	6	0.443962917772	0.678211978625	5	1465	1	
194	0	188	step_1_no_load	1	2	1	348	
194	0	188	step_2_no_load	5	6	0.471319680586	0.696362660087	5	738	0	
194	0	189	step_1_no_load	1	2	1	402	
194	0	189	step_2_no_load	3	4	0.285168135955	0.534753756004	3	717	1	
194	0	190	step_1_no_load	1	2	2	0	
194	0	190	step_2_no_load	3	4	0.304557739386	0.505820429042	3	660	1	
194	0	191	step_1_no_load	1	2	1	367	
194	0	191	step_2_no_load	3	4	0.318839908867	0.512103523931	3	236	0	
194	0	192	step_1_no_load	1	2	2	3	
194	0	192	step_2_no_load	5	6	0.450791310283	0.705517419189	5	639	0	
194	0	193	step_1_no_load	1	2	1	382	
194	0	193	step_2_no_load	3	4	0.321008037746	0.504944704439	-1	-1	-1	
194	0	194	step_1_no_load	1	2	1	0	
194	0	194	step_2_no_load	3	4	0.342437174514	0.505359594715	3	1192	0	
194	0	195	step_1_no_load	1	2	2	0	
194	0	195	step_2_no_load	5	6	0.466795336969	0.646280688878	5	332	0	
194	0	196	step_1_no_load	1	2	1	3	
194	0	196	step_2_no_load	3	4	0.365373286058	0.496717662777	3	1279	0	
194	0	197	step_1_no_load	1	2	1	627	
194	0	197	step_2_no_load	3	4	0.316987700969	0.47786945426	3	724	0	
194	0	198	step_1_no_load	1	2	1	1	
194	0	198	step_2_no_load	3	4	0.303352625941	0.485065498391	-1	-1	-1	
194	0	199	step_1_no_load	1	2	1	1198	
194	0	199	step_2_no_load	3	4	0.292861528884	0.529438031858	3	210	0	
194	0	200	step_1_no_load	1	2	1	3	
194	0	200	step_2_no_load	3	4	0.299128796668	0.507902534353	3	689	0	

Thu Feb 21 17:31:30 2019
