Fri Feb 22 16:57:26 2019	
195	0	1	step_1_no_load	1	2	-1	-1	
195	0	2	step_1_no_load	1	2	1	466	
195	0	2	step_2_no_load	3	4	0.610961032466	0.533203491871	3	1411	0	
195	0	3	step_1_no_load	1	2	1	565	
195	0	3	step_2_no_load	3	4	0.589215227351	0.516002945397	4	497	0	
195	0	4	step_1_no_load	1	2	2	502	
195	0	4	step_2_no_load	3	4	0.564086293706	0.494597764192	3	1126	0	
195	0	5	step_1_no_load	1	2	2	1282	
195	0	5	step_2_no_load	3	4	0.576104915614	0.543908521457	4	658	1	
195	0	6	step_1_no_load	1	2	2	452	
195	0	6	step_2_no_load	5	6	0.585722686883	0.506877622204	6	368	1	
195	0	7	step_1_no_load	1	2	2	1077	
195	0	7	step_2_no_load	3	4	0.622642364361	0.506408070053	-1	-1	-1	
195	0	8	step_1_no_load	1	2	2	949	
195	0	8	step_2_no_load	5	6	0.59128639594	0.489816616396	6	1343	0	
195	0	9	step_1_no_load	1	2	2	500	
195	0	9	step_2_no_load	3	4	0.641106877158	0.54429228266	3	455	1	
195	0	10	step_1_no_load	1	2	2	570	
195	0	10	step_2_no_load	3	4	0.636063269715	0.576063520885	3	796	0	
195	0	11	step_1_no_load	1	2	2	346	
195	0	11	step_2_no_load	3	4	0.609191465743	0.59022801242	4	452	0	
195	0	12	step_1_no_load	1	2	1	529	
195	0	12	step_2_no_load	3	4	0.552770607849	0.597131918027	3	545	0	
195	0	13	step_1_no_load	1	2	1	577	
195	0	13	step_2_no_load	3	4	0.558313135925	0.595790490356	4	641	0	
195	0	14	step_1_no_load	1	2	2	616	
195	0	14	step_2_no_load	5	6	0.629137942344	0.491234392147	5	631	1	
195	0	15	step_1_no_load	1	2	2	684	
195	0	15	step_2_no_load	5	6	0.612260006668	0.505377237737	-1	-1	-1	
195	0	16	step_1_no_load	1	2	2	356	
195	0	16	step_2_no_load	3	4	0.553308964466	0.626326396372	3	424	1	
195	0	17	step_1_no_load	1	2	2	843	
195	0	17	step_2_no_load	5	6	0.633350170016	0.535958400205	-1	-1	-1	
195	0	18	step_1_no_load	1	2	2	307	
195	0	18	step_2_no_load	5	6	0.626834332012	0.517514133912	5	436	1	
195	0	19	step_1_no_load	1	2	2	1172	
195	0	19	step_2_no_load	5	6	0.619895761657	0.498240186199	5	522	1	
195	0	20	step_1_no_load	1	2	1	738	
195	0	20	step_2_no_load	3	4	0.491720931314	0.60665343963	4	458	1	
195	0	21	step_1_no_load	1	2	1	558	
195	0	21	step_2_no_load	5	6	0.630305464549	0.49769376036	6	637	1	
195	0	22	step_1_no_load	1	2	2	693	
195	0	22	step_2_no_load	5	6	0.621949894727	0.506100011497	5	525	1	
195	0	23	step_1_no_load	1	2	1	546	
195	0	23	step_2_no_load	3	4	0.513759772011	0.604065470975	4	435	0	
195	0	24	step_1_no_load	1	2	2	451	
195	0	24	step_2_no_load	5	6	0.582115115688	0.505388876622	5	470	0	
195	0	25	step_1_no_load	1	2	2	377	
195	0	25	step_2_no_load	3	4	0.503605105412	0.629917901014	4	358	1	
195	0	26	step_1_no_load	1	2	1	463	
195	0	26	step_2_no_load	3	4	0.532884212818	0.640635035276	3	416	1	
195	0	27	step_1_no_load	1	2	1	501	
195	0	27	step_2_no_load	3	4	0.54756089792	0.642144756622	4	643	0	
195	0	28	step_1_no_load	1	2	2	398	
195	0	28	step_2_no_load	5	6	0.588356036098	0.520177259699	6	354	0	
195	0	29	step_1_no_load	1	2	2	444	
195	0	29	step_2_no_load	3	4	0.561957580386	0.618626354124	3	433	1	
195	0	30	step_1_no_load	1	2	2	885	
195	0	30	step_2_no_load	3	4	0.574272497114	0.610227092493	3	511	1	
195	0	31	step_1_no_load	1	2	2	911	
195	0	31	step_2_no_load	5	6	0.636602545794	0.483156722265	5	574	1	
195	0	32	step_1_no_load	1	2	1	419	
195	0	32	step_2_no_load	3	4	0.522993086096	0.605616211083	4	462	1	
195	0	33	step_1_no_load	1	2	2	388	
195	0	33	step_2_no_load	5	6	0.611700032906	0.487664344039	5	397	1	
195	0	34	step_1_no_load	1	2	1	402	
195	0	34	step_2_no_load	5	6	0.575802910074	0.454565258478	6	420	0	
195	0	35	step_1_no_load	1	2	1	415	
195	0	35	step_2_no_load	3	4	0.594167768198	0.649776015006	4	612	0	
195	0	36	step_1_no_load	1	2	1	385	
195	0	36	step_2_no_load	3	4	0.611274573488	0.661229326326	3	374	0	
195	0	37	step_1_no_load	1	2	2	355	
195	0	37	step_2_no_load	5	6	0.513822304161	0.543074626387	6	299	1	
195	0	38	step_1_no_load	1	2	2	525	
195	0	38	step_2_no_load	5	6	0.539078491643	0.553931241266	6	716	1	
195	0	39	step_1_no_load	1	2	2	465	
195	0	39	step_2_no_load	5	6	0.557005857101	0.578640235206	6	535	1	
195	0	40	step_1_no_load	1	2	2	383	
195	0	40	step_2_no_load	5	6	0.580760785074	0.5691386571	6	710	1	
195	0	41	step_1_no_load	1	2	2	602	
195	0	41	step_2_no_load	5	6	0.524862294848	0.583829055298	6	482	1	
195	0	42	step_1_no_load	1	2	2	409	
195	0	42	step_2_no_load	3	4	0.609164606591	0.606696263624	4	300	1	
195	0	43	step_1_no_load	1	2	2	444	
195	0	43	step_2_no_load	5	6	0.553703096215	0.548128010644	5	831	0	
195	0	44	step_1_no_load	1	2	2	344	
195	0	44	step_2_no_load	5	6	0.541854396676	0.537842745081	6	368	0	
195	0	45	step_1_no_load	1	2	2	709	
195	0	45	step_2_no_load	3	4	0.632991467829	0.620699591043	3	1005	1	
195	0	46	step_1_no_load	1	2	2	461	
195	0	46	step_2_no_load	3	4	0.600964500555	0.654261318712	3	589	1	
195	0	47	step_1_no_load	1	2	2	406	
195	0	47	step_2_no_load	5	6	0.546259467838	0.493112702321	6	1055	0	
195	0	48	step_1_no_load	1	2	1	646	
195	0	48	step_2_no_load	3	4	0.615767119776	0.657624935632	3	384	1	
195	0	49	step_1_no_load	1	2	2	1129	
195	0	49	step_2_no_load	5	6	0.512405963374	0.489287375157	6	672	1	
195	0	50	step_1_no_load	1	2	2	602	
195	0	50	step_2_no_load	3	4	0.606862017918	0.593458480934	-1	-1	-1	
195	0	51	step_1_no_load	1	2	1	486	
195	0	51	step_2_no_load	3	4	0.564866799699	0.613357430892	3	598	0	
195	0	52	step_1_no_load	1	2	1	424	
195	0	52	step_2_no_load	3	4	0.539065404057	0.613408921915	4	349	1	
195	0	53	step_1_no_load	1	2	1	419	
195	0	53	step_2_no_load	3	4	0.551457882502	0.630956764252	4	431	0	
195	0	54	step_1_no_load	1	2	2	661	
195	0	54	step_2_no_load	5	6	0.493362545513	0.491512498697	6	526	0	
195	0	55	step_1_no_load	1	2	2	346	
195	0	55	step_2_no_load	5	6	0.526704292526	0.487025527704	5	406	1	
195	0	56	step_1_no_load	1	2	2	454	
195	0	56	step_2_no_load	3	4	0.601856598146	0.60038825769	3	1144	0	
195	0	57	step_1_no_load	1	2	2	359	
195	0	57	step_2_no_load	3	4	0.641849303307	0.586335094239	4	155	1	
195	0	58	step_1_no_load	1	2	2	418	
195	0	58	step_2_no_load	3	4	0.664682809182	0.610896130115	-1	-1	-1	
195	0	59	step_1_no_load	1	2	1	1208	
195	0	59	step_2_no_load	5	6	0.537400760025	0.480274332693	5	388	0	
195	0	60	step_1_no_load	1	2	1	417	
195	0	60	step_2_no_load	5	6	0.479287247283	0.491916707098	6	285	0	
195	0	61	step_1_no_load	1	2	2	415	
195	0	61	step_2_no_load	5	6	0.527144452559	0.464268875813	5	368	1	
195	0	62	step_1_no_load	1	2	2	420	
195	0	62	step_2_no_load	5	6	0.533031417444	0.50724109756	6	972	0	
195	0	63	step_1_no_load	1	2	2	535	
195	0	63	step_2_no_load	5	6	0.519445130796	0.53192660365	5	350	0	
195	0	64	step_1_no_load	1	2	2	403	
195	0	64	step_2_no_load	5	6	0.533849886794	0.555062911513	6	309	1	
195	0	65	step_1_no_load	1	2	2	806	
195	0	65	step_2_no_load	5	6	0.517687993213	0.569109504048	6	513	1	
195	0	66	step_1_no_load	1	2	2	862	
195	0	66	step_2_no_load	3	4	0.606938648072	0.630357351236	4	832	0	
195	0	67	step_1_no_load	1	2	2	608	
195	0	67	step_2_no_load	5	6	0.538279387614	0.542076810516	6	554	1	
195	0	68	step_1_no_load	1	2	2	791	
195	0	68	step_2_no_load	5	6	0.523301545299	0.509127161919	6	727	1	
195	0	69	step_1_no_load	1	2	-1	-1	
195	0	70	step_1_no_load	1	2	2	475	
195	0	70	step_2_no_load	5	6	0.548075770764	0.498834901463	6	450	0	
195	0	71	step_1_no_load	1	2	2	702	
195	0	71	step_2_no_load	5	6	0.546215110045	0.482863323776	6	397	1	
195	0	72	step_1_no_load	1	2	1	929	
195	0	72	step_2_no_load	3	4	0.626024641967	0.705884789502	3	697	1	
195	0	73	step_1_no_load	1	2	-1	-1	
195	0	74	step_1_no_load	1	2	1	487	
195	0	74	step_2_no_load	3	4	0.614462146454	0.693624670847	3	426	1	
195	0	75	step_1_no_load	1	2	1	507	
195	0	75	step_2_no_load	5	6	0.483983914712	0.44832280175	-1	-1	-1	
195	0	76	step_1_no_load	1	2	1	511	
195	0	76	step_2_no_load	3	4	0.62770291155	0.690117652944	3	522	0	
195	0	77	step_1_no_load	1	2	2	750	
195	0	77	step_2_no_load	5	6	0.538119616568	0.446809557226	6	727	1	
195	0	78	step_1_no_load	1	2	2	801	
195	0	78	step_2_no_load	5	6	0.538654072849	0.435911167612	6	708	1	
195	0	79	step_1_no_load	1	2	1	783	
195	0	79	step_2_no_load	3	4	0.513695512795	0.647841624544	4	1020	1	
195	0	80	step_1_no_load	1	2	1	630	
195	0	80	step_2_no_load	3	4	0.518583383166	0.703969305517	4	432	1	
195	0	81	step_1_no_load	1	2	1	450	
195	0	81	step_2_no_load	3	4	0.529745690463	0.702400933084	4	492	0	
195	0	82	step_1_no_load	1	2	1	494	
195	0	82	step_2_no_load	3	4	0.564729328387	0.688340116885	3	369	0	
195	0	83	step_1_no_load	1	2	2	427	
195	0	83	step_2_no_load	5	6	0.483255412498	0.382772464038	6	444	1	
195	0	84	step_1_no_load	1	2	2	571	
195	0	84	step_2_no_load	5	6	0.505586222209	0.385087938645	6	435	0	
195	0	85	step_1_no_load	1	2	2	434	
195	0	85	step_2_no_load	5	6	0.485785534744	0.384458259121	5	297	0	
195	0	86	step_1_no_load	1	2	2	416	
195	0	86	step_2_no_load	3	4	0.691782850001	0.721207648497	4	244	1	
195	0	87	step_1_no_load	1	2	2	1024	
195	0	87	step_2_no_load	5	6	0.493867001103	0.40000499778	6	829	1	
195	0	88	step_1_no_load	1	2	2	553	
195	0	88	step_2_no_load	5	6	0.509563243675	0.377947492322	6	528	1	
195	0	89	step_1_no_load	1	2	2	384	
195	0	89	step_2_no_load	3	4	0.690772436485	0.660112261017	4	439	0	
195	0	90	step_1_no_load	1	2	1	603	
195	0	90	step_2_no_load	5	6	0.530126112124	0.411459496853	5	1158	0	
195	0	91	step_1_no_load	1	2	1	703	
195	0	91	step_2_no_load	5	6	0.479087223222	0.43534164751	-1	-1	-1	
195	0	92	step_1_no_load	1	2	2	695	
195	0	92	step_2_no_load	5	6	0.484260039873	0.444368850664	6	424	0	
195	0	93	step_1_no_load	1	2	2	266	
195	0	93	step_2_no_load	5	6	0.473273727684	0.439878153082	5	339	0	
195	0	94	step_1_no_load	1	2	2	552	
195	0	94	step_2_no_load	5	6	0.468637558205	0.429211756872	6	425	0	
195	0	95	step_1_no_load	1	2	2	432	
195	0	95	step_2_no_load	3	4	0.715495469274	0.640209855442	3	811	1	
195	0	96	step_1_no_load	1	2	2	606	
195	0	96	step_2_no_load	5	6	0.437558890646	0.383038640121	6	992	0	
195	0	97	step_1_no_load	1	2	-1	-1	
195	0	98	step_1_no_load	1	2	-1	-1	
195	0	99	step_1_no_load	1	2	-1	-1	
195	0	100	step_1_no_load	1	2	1	525	
195	0	100	step_2_no_load	3	4	0.666227451505	0.66579920021	3	463	1	
195	0	101	step_1_no_load	1	2	1	487	
195	0	101	step_2_no_load	3	4	0.623812401974	0.655903528958	3	457	1	
195	0	102	step_1_no_load	1	2	1	375	
195	0	102	step_2_no_load	5	6	0.326080462175	0.494584754513	6	1023	0	
195	0	103	step_1_no_load	1	2	2	357	
195	0	103	step_2_no_load	5	6	0.322834495838	0.481975449893	5	505	1	
195	0	104	step_1_no_load	1	2	2	440	
195	0	104	step_2_no_load	5	6	0.303696146503	0.521047445908	5	484	1	
195	0	105	step_1_no_load	1	2	2	908	
195	0	105	step_2_no_load	3	4	0.689135357059	0.722851301692	3	442	0	
195	0	106	step_1_no_load	1	2	2	463	
195	0	106	step_2_no_load	5	6	0.374131494222	0.508908032404	6	331	1	
195	0	107	step_1_no_load	1	2	2	826	
195	0	107	step_2_no_load	5	6	0.388257337796	0.565220528809	6	430	0	
195	0	108	step_1_no_load	1	2	2	395	
195	0	108	step_2_no_load	3	4	0.695928523711	0.681491063126	4	212	1	
195	0	109	step_1_no_load	1	2	2	361	
195	0	109	step_2_no_load	3	4	0.71632547018	0.68658494263	3	630	0	
195	0	110	step_1_no_load	1	2	1	254	
195	0	110	step_2_no_load	5	6	0.395544455384	0.432626681236	6	689	0	
195	0	111	step_1_no_load	1	2	1	236	
195	0	111	step_2_no_load	3	4	0.724852671171	0.634599547742	3	198	0	
195	0	112	step_1_no_load	1	2	1	81	
195	0	112	step_2_no_load	3	4	0.725701866094	0.635252945963	3	415	1	
195	0	113	step_1_no_load	1	2	1	535	
195	0	113	step_2_no_load	5	6	0.387112818105	0.370697120277	6	802	0	
195	0	114	step_1_no_load	1	2	1	450	
195	0	114	step_2_no_load	3	4	0.718213323791	0.657654904272	4	402	0	
195	0	115	step_1_no_load	1	2	1	502	
195	0	115	step_2_no_load	3	4	0.739704344621	0.645721217949	3	393	1	
195	0	116	step_1_no_load	1	2	1	334	
195	0	116	step_2_no_load	5	6	0.369438791876	0.378149844807	5	832	0	
195	0	117	step_1_no_load	1	2	2	339	
195	0	117	step_2_no_load	3	4	0.747012267642	0.671842537277	3	1289	1	
195	0	118	step_1_no_load	1	2	2	439	
195	0	118	step_2_no_load	5	6	0.362977115924	0.357645851833	6	271	1	
195	0	119	step_1_no_load	1	2	2	255	
195	0	119	step_2_no_load	5	6	0.358243439099	0.357515098446	6	363	0	
195	0	120	step_1_no_load	1	2	2	195	
195	0	120	step_2_no_load	5	6	0.333809617664	0.370150243662	5	234	0	
195	0	121	step_1_no_load	1	2	1	293	
195	0	121	step_2_no_load	3	4	0.658856304095	0.671052306195	3	825	1	
195	0	122	step_1_no_load	1	2	1	545	
195	0	122	step_2_no_load	5	6	0.266650857402	0.329624572119	6	1293	0	
195	0	123	step_1_no_load	1	2	1	435	
195	0	123	step_2_no_load	5	6	0.269780614928	0.337526896345	5	1027	0	
195	0	124	step_1_no_load	1	2	2	507	
195	0	124	step_2_no_load	3	4	0.603013298253	0.624161788269	4	831	1	
195	0	125	step_1_no_load	1	2	2	356	
195	0	125	step_2_no_load	5	6	0.290374841566	0.303110862715	6	878	0	
195	0	126	step_1_no_load	1	2	1	139	
195	0	126	step_2_no_load	3	4	0.537863824328	0.600985760967	3	661	0	
195	0	127	step_1_no_load	1	2	1	565	
195	0	127	step_2_no_load	5	6	0.273483952592	0.274944938508	6	817	1	
195	0	128	step_1_no_load	1	2	1	325	
195	0	128	step_2_no_load	3	4	0.636905534066	0.620672334996	4	346	1	
195	0	129	step_1_no_load	1	2	2	253	
195	0	129	step_2_no_load	5	6	0.268213321963	0.271709703542	5	669	1	
195	0	130	step_1_no_load	1	2	1	476	
195	0	130	step_2_no_load	3	4	0.682031489739	0.630285316669	4	885	1	
195	0	131	step_1_no_load	1	2	2	399	
195	0	131	step_2_no_load	5	6	0.281500842289	0.311475039155	6	432	1	
195	0	132	step_1_no_load	1	2	1	437	
195	0	132	step_2_no_load	3	4	0.668578020634	0.660013924697	4	342	1	
195	0	133	step_1_no_load	1	2	2	278	
195	0	133	step_2_no_load	3	4	0.617383991623	0.691649444281	3	241	1	
195	0	134	step_1_no_load	1	2	1	314	
195	0	134	step_2_no_load	3	4	0.621945110858	0.685529359147	4	136	1	
195	0	135	step_1_no_load	1	2	1	628	
195	0	135	step_2_no_load	5	6	0.300079459047	0.287118934166	5	922	1	
195	0	136	step_1_no_load	1	2	1	648	
195	0	136	step_2_no_load	3	4	0.597814413435	0.674914008636	4	857	1	
195	0	137	step_1_no_load	1	2	2	378	
195	0	137	step_2_no_load	3	4	0.605896884497	0.668540846495	-1	-1	-1	
195	0	138	step_1_no_load	1	2	2	481	
195	0	138	step_2_no_load	5	6	0.366701525561	0.307694123906	6	654	0	
195	0	139	step_1_no_load	1	2	2	514	
195	0	139	step_2_no_load	5	6	0.325611400511	0.323660750961	6	410	0	
195	0	140	step_1_no_load	1	2	1	452	
195	0	140	step_2_no_load	3	4	0.671213945178	0.637682840728	3	1309	1	
195	0	141	step_1_no_load	1	2	2	1167	
195	0	141	step_2_no_load	5	6	0.390227133375	0.311809871418	6	573	0	
195	0	142	step_1_no_load	1	2	1	381	
195	0	142	step_2_no_load	3	4	0.690276058009	0.627356259123	3	916	0	
195	0	143	step_1_no_load	1	2	1	485	
195	0	143	step_2_no_load	3	4	0.661365099615	0.610219102298	4	357	1	
195	0	144	step_1_no_load	1	2	1	381	
195	0	144	step_2_no_load	5	6	0.389234194056	0.275932517017	6	1008	0	
195	0	145	step_1_no_load	1	2	2	334	
195	0	145	step_2_no_load	5	6	0.355256413269	0.266265924094	5	503	0	
195	0	146	step_1_no_load	1	2	2	245	
195	0	146	step_2_no_load	5	6	0.320877500969	0.257861956214	6	0	1	
195	0	147	step_1_no_load	1	2	2	432	
195	0	147	step_2_no_load	5	6	0.352879785946	0.265578160642	6	630	0	
195	0	148	step_1_no_load	1	2	1	360	
195	0	148	step_2_no_load	5	6	0.311162711725	0.305288021243	5	572	1	
195	0	149	step_1_no_load	1	2	2	333	
195	0	149	step_2_no_load	3	4	0.601870110183	0.623203869836	-1	-1	-1	
195	0	150	step_1_no_load	1	2	2	403	
195	0	150	step_2_no_load	5	6	0.306860041627	0.305587692243	6	464	0	
195	0	151	step_1_no_load	1	2	2	507	
195	0	151	step_2_no_load	3	4	0.59154759351	0.614159737668	4	606	1	
195	0	152	step_1_no_load	1	2	1	402	
195	0	152	step_2_no_load	3	4	0.595108765344	0.644204174791	4	489	1	
195	0	153	step_1_no_load	1	2	1	437	
195	0	153	step_2_no_load	5	6	0.343622632154	0.309356532263	5	464	0	
195	0	154	step_1_no_load	1	2	1	281	
195	0	154	step_2_no_load	5	6	0.348349389262	0.316375537537	6	599	0	
195	0	155	step_1_no_load	1	2	2	337	
195	0	155	step_2_no_load	5	6	0.372188990474	0.296093457977	6	160	1	
195	0	156	step_1_no_load	1	2	1	535	
195	0	156	step_2_no_load	3	4	0.631048201903	0.734436160799	3	669	1	
195	0	157	step_1_no_load	1	2	2	276	
195	0	157	step_2_no_load	5	6	0.324728201487	0.350909357271	6	329	1	
195	0	158	step_1_no_load	1	2	1	364	
195	0	158	step_2_no_load	3	4	0.532722108502	0.694270715354	3	183	0	
195	0	159	step_1_no_load	1	2	2	301	
195	0	159	step_2_no_load	5	6	0.321150411254	0.413026375257	6	419	0	
195	0	160	step_1_no_load	1	2	-1	-1	
195	0	161	step_1_no_load	1	2	1	823	
195	0	161	step_2_no_load	3	4	0.516036498158	0.719896286569	3	522	0	
195	0	162	step_1_no_load	1	2	2	1263	
195	0	162	step_2_no_load	5	6	0.455329532209	0.3926701003	6	569	0	
195	0	163	step_1_no_load	1	2	2	365	
195	0	163	step_2_no_load	5	6	0.430920885959	0.395221309311	6	267	1	
195	0	164	step_1_no_load	1	2	-1	-1	
195	0	165	step_1_no_load	1	2	-1	-1	
195	0	166	step_1_no_load	1	2	1	1320	
195	0	166	step_2_no_load	5	6	0.356317216644	0.422282731054	5	755	0	
195	0	167	step_1_no_load	1	2	2	531	
195	0	167	step_2_no_load	5	6	0.331115714939	0.38753671275	6	386	0	
195	0	168	step_1_no_load	1	2	1	538	
195	0	168	step_2_no_load	3	4	0.613361520676	0.67192508984	4	432	1	
195	0	169	step_1_no_load	1	2	2	660	
195	0	169	step_2_no_load	3	4	0.586049140041	0.704981910944	3	390	1	
195	0	170	step_1_no_load	1	2	1	675	
195	0	170	step_2_no_load	5	6	0.364989630435	0.411067820436	6	1067	1	
195	0	171	step_1_no_load	1	2	2	500	
195	0	171	step_2_no_load	3	4	0.553314431843	0.727248140829	4	372	1	
195	0	172	step_1_no_load	1	2	2	435	
195	0	172	step_2_no_load	3	4	0.519090471457	0.668669556875	3	721	1	
195	0	173	step_1_no_load	1	2	2	560	
195	0	173	step_2_no_load	5	6	0.462866379815	0.385349297983	6	493	0	
195	0	174	step_1_no_load	1	2	1	351	
195	0	174	step_2_no_load	3	4	0.472729524832	0.729877433725	3	448	0	
195	0	175	step_1_no_load	1	2	1	443	
195	0	175	step_2_no_load	5	6	0.484825491933	0.426185553904	6	440	1	
195	0	176	step_1_no_load	1	2	2	544	
195	0	176	step_2_no_load	5	6	0.500856457218	0.383231572002	6	305	1	
195	0	177	step_1_no_load	1	2	1	459	
195	0	177	step_2_no_load	3	4	0.501268576771	0.714070205704	3	461	1	
195	0	178	step_1_no_load	1	2	2	460	
195	0	178	step_2_no_load	5	6	0.49020858644	0.36473828006	6	1458	0	
195	0	179	step_1_no_load	1	2	1	132	
195	0	179	step_2_no_load	3	4	0.457298770028	0.709345707515	4	939	0	
195	0	180	step_1_no_load	1	2	1	430	
195	0	180	step_2_no_load	3	4	0.482853857291	0.719795072986	3	796	1	
195	0	181	step_1_no_load	1	2	2	587	
195	0	181	step_2_no_load	3	4	0.508735114046	0.746910336326	4	746	0	
195	0	182	step_1_no_load	1	2	1	474	
195	0	182	step_2_no_load	5	6	0.49907747228	0.340533666308	5	1321	0	
195	0	183	step_1_no_load	1	2	2	480	
195	0	183	step_2_no_load	5	6	0.492742497507	0.350175837802	6	774	0	
195	0	184	step_1_no_load	1	2	1	728	
195	0	184	step_2_no_load	3	4	0.460890977786	0.657291439324	3	519	0	
195	0	185	step_1_no_load	1	2	2	475	
195	0	185	step_2_no_load	5	6	0.482228039858	0.362611152222	6	341	1	
195	0	186	step_1_no_load	1	2	2	272	
195	0	186	step_2_no_load	5	6	0.484672582719	0.332733011923	6	497	0	
195	0	187	step_1_no_load	1	2	1	558	
195	0	187	step_2_no_load	3	4	0.443962917772	0.678211978625	3	236	1	
195	0	188	step_1_no_load	1	2	1	440	
195	0	188	step_2_no_load	3	4	0.471319680586	0.696362660087	3	423	1	
195	0	189	step_1_no_load	1	2	1	405	
195	0	189	step_2_no_load	3	4	0.448897869069	0.688353284054	4	356	1	
195	0	190	step_1_no_load	1	2	1	283	
195	0	190	step_2_no_load	3	4	0.433568856946	0.667655825994	4	1017	0	
195	0	191	step_1_no_load	1	2	2	486	
195	0	191	step_2_no_load	5	6	0.512103523931	0.318839908867	6	960	1	
195	0	192	step_1_no_load	1	2	2	490	
195	0	192	step_2_no_load	5	6	0.493851022417	0.299297135717	5	516	1	
195	0	193	step_1_no_load	1	2	-1	-1	
195	0	194	step_1_no_load	1	2	1	539	
195	0	194	step_2_no_load	5	6	0.505359594715	0.342437174514	-1	-1	-1	
195	0	195	step_1_no_load	1	2	2	459	
195	0	195	step_2_no_load	5	6	0.494102184238	0.348571348505	6	1428	0	
195	0	196	step_1_no_load	1	2	2	655	
195	0	196	step_2_no_load	5	6	0.496717662777	0.365373286058	6	493	1	
195	0	197	step_1_no_load	1	2	2	423	
195	0	197	step_2_no_load	5	6	0.47786945426	0.316987700969	5	455	1	
195	0	198	step_1_no_load	1	2	1	690	
195	0	198	step_2_no_load	3	4	0.397292432346	0.68660989813	4	718	0	
195	0	199	step_1_no_load	1	2	1	520	
195	0	199	step_2_no_load	3	4	0.39793773834	0.73697129762	3	403	0	
195	0	200	step_1_no_load	1	2	2	481	
195	0	200	step_2_no_load	5	6	0.507902534353	0.299128796668	6	889	0	

Fri Feb 22 17:16:13 2019
