Thu Feb 28 17:36:53 2019	
197	0	1	step_1_no_load	1	2	-1	-1	
197	0	2	step_1_no_load	1	2	-1	-1	
197	0	3	step_1_no_load	1	2	1	1	
197	0	3	step_2_no_load	3	4	0.476767372206	0.589215227351	3	1362	0	
197	0	4	step_1_no_load	1	2	1	306	
197	0	4	step_2_no_load	5	6	0.494597764192	0.597491569846	5	630	1	
197	0	5	step_1_no_load	1	2	1	364	
197	0	5	step_2_no_load	3	4	0.495568760483	0.576104915614	-1	-1	-1	
197	0	6	step_1_no_load	1	2	1	917	
197	0	6	step_2_no_load	3	4	0.506877622204	0.603642866427	3	116	1	
197	0	7	step_1_no_load	1	2	1	453	
197	0	7	step_2_no_load	3	4	0.500071913476	0.622642364361	-1	-1	-1	
197	0	8	step_1_no_load	1	2	1	946	
197	0	8	step_2_no_load	3	4	0.489816616396	0.624210374623	4	1043	1	
197	0	9	step_1_no_load	1	2	-1	-1	
197	0	10	step_1_no_load	1	2	1	833	
197	0	10	step_2_no_load	5	6	0.576063520885	0.652626043146	-1	-1	-1	
197	0	11	step_1_no_load	1	2	1	637	
197	0	11	step_2_no_load	3	4	0.477013315682	0.609191465743	4	1402	1	
197	0	12	step_1_no_load	1	2	1	863	
197	0	12	step_2_no_load	3	4	0.48457206759	0.552770607849	4	940	1	
197	0	13	step_1_no_load	1	2	1	895	
197	0	13	step_2_no_load	3	4	0.52012981853	0.558313135925	4	870	1	
197	0	14	step_1_no_load	1	2	1	744	
197	0	14	step_2_no_load	3	4	0.491234392147	0.545555696267	4	885	1	
197	0	15	step_1_no_load	1	2	1	772	
197	0	15	step_2_no_load	3	4	0.505377237737	0.570419113221	4	821	0	
197	0	16	step_1_no_load	1	2	1	872	
197	0	16	step_2_no_load	5	6	0.626326396372	0.628091198119	6	970	0	
197	0	17	step_1_no_load	1	2	1	103	
197	0	17	step_2_no_load	3	4	0.535958400205	0.562895132605	3	1205	0	
197	0	18	step_1_no_load	1	2	1	767	
197	0	18	step_2_no_load	3	4	0.517514133912	0.553554620302	4	1224	1	
197	0	19	step_1_no_load	1	2	1	615	
197	0	19	step_2_no_load	3	4	0.498240186199	0.536502319591	4	989	1	
197	0	20	step_1_no_load	1	2	1	466	
197	0	20	step_2_no_load	3	4	0.478025448397	0.491720931314	4	618	1	
197	0	21	step_1_no_load	1	2	1	465	
197	0	21	step_2_no_load	5	6	0.611328949295	0.630305464549	6	626	0	
197	0	22	step_1_no_load	1	2	1	468	
197	0	22	step_2_no_load	5	6	0.618527126547	0.621949894727	5	1008	0	
197	0	23	step_1_no_load	1	2	1	713	
197	0	23	step_2_no_load	3	4	0.520606588181	0.513759772011	4	870	0	
197	0	24	step_1_no_load	1	2	1	667	
197	0	24	step_2_no_load	3	4	0.505388876622	0.503316199018	4	929	1	
197	0	25	step_1_no_load	1	2	1	701	
197	0	25	step_2_no_load	3	4	0.503316372362	0.503605105412	4	514	0	
197	0	26	step_1_no_load	1	2	1	752	
197	0	26	step_2_no_load	3	4	0.511744353778	0.532884212818	4	1050	1	
197	0	27	step_1_no_load	1	2	1	637	
197	0	27	step_2_no_load	5	6	0.642144756622	0.57860777711	6	917	0	
197	0	28	step_1_no_load	1	2	1	345	
197	0	28	step_2_no_load	3	4	0.520177259699	0.553259388875	4	835	1	
197	0	29	step_1_no_load	1	2	1	702	
197	0	29	step_2_no_load	5	6	0.618626354124	0.606613029227	5	1050	0	
197	0	30	step_1_no_load	1	2	1	860	
197	0	30	step_2_no_load	3	4	0.4919199548	0.574272497114	4	1238	0	
197	0	31	step_1_no_load	1	2	1	545	
197	0	31	step_2_no_load	3	4	0.483156722265	0.541819886458	4	813	1	
197	0	32	step_1_no_load	1	2	1	729	
197	0	32	step_2_no_load	3	4	0.520318771114	0.522993086096	4	782	1	
197	0	33	step_1_no_load	1	2	1	653	
197	0	33	step_2_no_load	3	4	0.487664344039	0.542309898544	4	839	0	
197	0	34	step_1_no_load	1	2	1	583	
197	0	34	step_2_no_load	3	4	0.454565258478	0.538523758058	4	478	0	
197	0	35	step_1_no_load	1	2	1	661	
197	0	35	step_2_no_load	3	4	0.491437207585	0.594167768198	4	1193	0	
197	0	36	step_1_no_load	1	2	1	613	
197	0	36	step_2_no_load	3	4	0.513210053121	0.611274573488	4	957	0	
197	0	37	step_1_no_load	1	2	1	698	
197	0	37	step_2_no_load	5	6	0.660658056664	0.513822304161	6	443	1	
197	0	38	step_1_no_load	1	2	1	508	
197	0	38	step_2_no_load	3	4	0.553931241266	0.595113730206	4	971	0	
197	0	39	step_1_no_load	1	2	1	1353	
197	0	39	step_2_no_load	3	4	0.578640235206	0.610601635554	4	1038	1	
197	0	40	step_1_no_load	1	2	1	894	
197	0	40	step_2_no_load	5	6	0.636994900683	0.580760785074	5	1022	0	
197	0	41	step_1_no_load	1	2	1	806	
197	0	41	step_2_no_load	3	4	0.583829055298	0.588857868869	4	596	0	
197	0	42	step_1_no_load	1	2	1	63	
197	0	42	step_2_no_load	3	4	0.553461946234	0.609164606591	4	1002	0	
197	0	43	step_1_no_load	1	2	1	517	
197	0	43	step_2_no_load	3	4	0.548128010644	0.612705031264	4	976	1	
197	0	44	step_1_no_load	1	2	1	415	
197	0	44	step_2_no_load	5	6	0.589653131867	0.541854396676	6	1349	1	
197	0	45	step_1_no_load	1	2	1	568	
197	0	45	step_2_no_load	3	4	0.5288039409	0.632991467829	4	977	1	
197	0	46	step_1_no_load	1	2	1	740	
197	0	46	step_2_no_load	3	4	0.532238720495	0.600964500555	4	1157	1	
197	0	47	step_1_no_load	1	2	1	489	
197	0	47	step_2_no_load	3	4	0.493112702321	0.598724660986	4	856	1	
197	0	48	step_1_no_load	1	2	1	766	
197	0	48	step_2_no_load	3	4	0.488280685105	0.615767119776	4	998	1	
197	0	49	step_1_no_load	1	2	1	438	
197	0	49	step_2_no_load	3	4	0.489287375157	0.610193185592	4	430	0	
197	0	50	step_1_no_load	1	2	1	434	
197	0	50	step_2_no_load	3	4	0.47381367271	0.606862017918	3	1099	0	
197	0	51	step_1_no_load	1	2	1	955	
197	0	51	step_2_no_load	3	4	0.469943944943	0.564866799699	4	1018	1	
197	0	52	step_1_no_load	1	2	1	796	
197	0	52	step_2_no_load	5	6	0.613408921915	0.513589895419	6	939	1	
197	0	53	step_1_no_load	1	2	1	450	
197	0	53	step_2_no_load	3	4	0.451905460347	0.551457882502	3	1038	0	
197	0	54	step_1_no_load	1	2	1	811	
197	0	54	step_2_no_load	3	4	0.491512498697	0.570223904064	4	986	1	
197	0	55	step_1_no_load	1	2	1	560	
197	0	55	step_2_no_load	3	4	0.487025527704	0.574045915747	4	797	1	
197	0	56	step_1_no_load	1	2	1	721	
197	0	56	step_2_no_load	3	4	0.459773408493	0.601856598146	4	964	0	
197	0	57	step_1_no_load	1	2	1	526	
197	0	57	step_2_no_load	3	4	0.466449077359	0.641849303307	4	497	0	
197	0	58	step_1_no_load	1	2	1	453	
197	0	58	step_2_no_load	3	4	0.478335218822	0.664682809182	3	949	0	
197	0	59	step_1_no_load	1	2	1	492	
197	0	59	step_2_no_load	3	4	0.480274332693	0.632500293208	4	1257	0	
197	0	60	step_1_no_load	1	2	1	1148	
197	0	60	step_2_no_load	3	4	0.491916707098	0.623687406259	4	977	1	
197	0	61	step_1_no_load	1	2	1	0	
197	0	61	step_2_no_load	3	4	0.464268875813	0.669587072502	-1	-1	-1	
197	0	62	step_1_no_load	1	2	1	520	
197	0	62	step_2_no_load	3	4	0.50724109756	0.691137204746	4	441	1	
197	0	63	step_1_no_load	1	2	1	0	
197	0	63	step_2_no_load	3	4	0.53192660365	0.664284493458	4	962	1	
197	0	64	step_1_no_load	1	2	1	438	
197	0	64	step_2_no_load	3	4	0.555062911513	0.642369708469	4	671	0	
197	0	65	step_1_no_load	1	2	1	768	
197	0	65	step_2_no_load	3	4	0.569109504048	0.612660225018	4	864	1	
197	0	66	step_1_no_load	1	2	1	841	
197	0	66	step_2_no_load	5	6	0.630357351236	0.555324764318	-1	-1	-1	
197	0	67	step_1_no_load	1	2	1	687	
197	0	67	step_2_no_load	5	6	0.674463681351	0.538279387614	6	587	0	
197	0	68	step_1_no_load	1	2	1	1148	
197	0	68	step_2_no_load	3	4	0.509127161919	0.622963076372	3	1349	0	
197	0	69	step_1_no_load	1	2	1	647	
197	0	69	step_2_no_load	3	4	0.499137600991	0.622221685203	4	275	0	
197	0	70	step_1_no_load	1	2	1	410	
197	0	70	step_2_no_load	5	6	0.697741832068	0.548075770764	6	389	0	
197	0	71	step_1_no_load	1	2	1	418	
197	0	71	step_2_no_load	5	6	0.706816191949	0.546215110045	5	602	1	
197	0	72	step_1_no_load	1	2	1	516	
197	0	72	step_2_no_load	3	4	0.47409116389	0.626024641967	-1	-1	-1	
197	0	73	step_1_no_load	1	2	1	870	
197	0	73	step_2_no_load	3	4	0.435957313805	0.657126403029	4	1076	1	
197	0	74	step_1_no_load	1	2	1	514	
197	0	74	step_2_no_load	5	6	0.693624670847	0.491044983779	6	1301	1	
197	0	75	step_1_no_load	1	2	1	562	
197	0	75	step_2_no_load	3	4	0.44832280175	0.615552849174	4	624	0	
197	0	76	step_1_no_load	1	2	1	591	
197	0	76	step_2_no_load	5	6	0.690117652944	0.518881389358	6	1216	0	
197	0	77	step_1_no_load	1	2	1	1069	
197	0	77	step_2_no_load	5	6	0.679737625371	0.538119616568	-1	-1	-1	
197	0	78	step_1_no_load	1	2	1	1022	
197	0	78	step_2_no_load	3	4	0.435911167612	0.536711448352	4	278	0	
197	0	79	step_1_no_load	1	2	1	996	
197	0	79	step_2_no_load	3	4	0.389124152368	0.513695512795	3	894	0	
197	0	80	step_1_no_load	1	2	1	491	
197	0	80	step_2_no_load	3	4	0.396016175285	0.518583383166	4	1077	1	
197	0	81	step_1_no_load	1	2	1	421	
197	0	81	step_2_no_load	3	4	0.419265522488	0.529745690463	4	504	0	
197	0	82	step_1_no_load	1	2	1	380	
197	0	82	step_2_no_load	3	4	0.395813831323	0.564729328387	4	1204	1	
197	0	83	step_1_no_load	1	2	1	503	
197	0	83	step_2_no_load	3	4	0.382772464038	0.607907985871	4	438	0	
197	0	84	step_1_no_load	1	2	-1	-1	
197	0	85	step_1_no_load	1	2	1	438	
197	0	85	step_2_no_load	3	4	0.384458259121	0.692384972752	4	1268	1	
197	0	86	step_1_no_load	1	2	1	0	
197	0	86	step_2_no_load	5	6	0.721207648497	0.486462788728	6	1178	1	
197	0	87	step_1_no_load	1	2	1	465	
197	0	87	step_2_no_load	3	4	0.40000499778	0.719375344246	4	545	1	
197	0	88	step_1_no_load	1	2	1	706	
197	0	88	step_2_no_load	5	6	0.696773608304	0.509563243675	6	1074	0	
197	0	89	step_1_no_load	1	2	1	453	
197	0	89	step_2_no_load	5	6	0.660112261017	0.490019385174	6	869	0	
197	0	90	step_1_no_load	1	2	1	424	
197	0	90	step_2_no_load	3	4	0.411459496853	0.712247848046	4	959	1	
197	0	91	step_1_no_load	1	2	1	0	
197	0	91	step_2_no_load	5	6	0.657820521772	0.479087223222	6	842	1	
197	0	92	step_1_no_load	1	2	1	1	
197	0	92	step_2_no_load	3	4	0.444368850664	0.692406274724	4	890	0	
197	0	93	step_1_no_load	1	2	1	477	
197	0	93	step_2_no_load	5	6	0.662863370634	0.473273727684	6	628	1	
197	0	94	step_1_no_load	1	2	1	355	
197	0	94	step_2_no_load	3	4	0.429211756872	0.719464414227	4	884	1	
197	0	95	step_1_no_load	1	2	1	572	
197	0	95	step_2_no_load	3	4	0.427150666411	0.715495469274	4	614	1	
197	0	96	step_1_no_load	1	2	1	564	
197	0	96	step_2_no_load	3	4	0.383038640121	0.693739812506	4	926	1	
197	0	97	step_1_no_load	1	2	1	727	
197	0	97	step_2_no_load	3	4	0.392885664353	0.681272614291	4	830	1	
197	0	98	step_1_no_load	1	2	1	665	
197	0	98	step_2_no_load	5	6	0.646040060297	0.431479829356	6	595	1	
197	0	99	step_1_no_load	1	2	1	607	
197	0	99	step_2_no_load	3	4	0.397561363605	0.673709850038	4	953	1	
197	0	100	step_1_no_load	1	2	1	527	
197	0	100	step_2_no_load	3	4	0.4333505304	0.666227451505	4	442	1	
197	0	101	step_1_no_load	1	2	1	480	
197	0	101	step_2_no_load	5	6	0.655903528958	0.366879421891	6	905	1	
197	0	102	step_1_no_load	1	2	1	463	
197	0	102	step_2_no_load	5	6	0.663124617603	0.326080462175	6	691	0	
197	0	103	step_1_no_load	1	2	1	422	
197	0	103	step_2_no_load	5	6	0.69058998368	0.322834495838	6	514	0	
197	0	104	step_1_no_load	1	2	1	189	
197	0	104	step_2_no_load	3	4	0.521047445908	0.703870701136	4	1057	1	
197	0	105	step_1_no_load	1	2	1	658	
197	0	105	step_2_no_load	3	4	0.514318365187	0.689135357059	4	721	0	
197	0	106	step_1_no_load	1	2	1	452	
197	0	106	step_2_no_load	3	4	0.508908032404	0.712883638252	4	629	1	
197	0	107	step_1_no_load	1	2	-1	-1	
197	0	108	step_1_no_load	1	2	1	1044	
197	0	108	step_2_no_load	5	6	0.681491063126	0.388185708856	6	866	1	
197	0	109	step_1_no_load	1	2	2	579	
197	0	109	step_2_no_load	3	4	0.479977531501	0.71632547018	3	790	0	
197	0	110	step_1_no_load	1	2	1	443	
197	0	110	step_2_no_load	3	4	0.432626681236	0.729599891941	4	372	1	
197	0	111	step_1_no_load	1	2	1	434	
197	0	111	step_2_no_load	5	6	0.634599547742	0.407158158569	-1	-1	-1	
197	0	112	step_1_no_load	1	2	1	384	
197	0	112	step_2_no_load	3	4	0.392887565883	0.725701866094	4	910	1	
197	0	113	step_1_no_load	1	2	1	445	
197	0	113	step_2_no_load	5	6	0.634627459817	0.387112818105	6	545	0	
197	0	114	step_1_no_load	1	2	1	392	
197	0	114	step_2_no_load	3	4	0.380324086676	0.718213323791	4	791	1	
197	0	115	step_1_no_load	1	2	1	421	
197	0	115	step_2_no_load	5	6	0.645721217949	0.357661171116	6	551	1	
197	0	116	step_1_no_load	1	2	1	647	
197	0	116	step_2_no_load	3	4	0.378149844807	0.706736514943	4	512	1	
197	0	117	step_1_no_load	1	2	1	399	
197	0	117	step_2_no_load	3	4	0.374621793791	0.747012267642	4	505	1	
197	0	118	step_1_no_load	1	2	1	404	
197	0	118	step_2_no_load	3	4	0.357645851833	0.740051715856	4	755	1	
197	0	119	step_1_no_load	1	2	1	382	
197	0	119	step_2_no_load	3	4	0.357515098446	0.690424535099	4	954	0	
197	0	120	step_1_no_load	1	2	1	651	
197	0	120	step_2_no_load	3	4	0.370150243662	0.70587238626	4	528	1	
197	0	121	step_1_no_load	1	2	1	414	
197	0	121	step_2_no_load	3	4	0.352721767208	0.658856304095	4	447	0	
197	0	122	step_1_no_load	1	2	1	426	
197	0	122	step_2_no_load	3	4	0.329624572119	0.6136886145	4	453	1	
197	0	123	step_1_no_load	1	2	1	370	
197	0	123	step_2_no_load	3	4	0.337526896345	0.583607229978	4	381	1	
197	0	124	step_1_no_load	1	2	1	413	
197	0	124	step_2_no_load	3	4	0.309430836661	0.603013298253	4	485	1	
197	0	125	step_1_no_load	1	2	1	657	
197	0	125	step_2_no_load	3	4	0.303110862715	0.559596800931	4	424	1	
197	0	126	step_1_no_load	1	2	1	434	
197	0	126	step_2_no_load	3	4	0.300846667696	0.537863824328	4	475	1	
197	0	127	step_1_no_load	1	2	1	422	
197	0	127	step_2_no_load	3	4	0.274944938508	0.560824094575	4	456	1	
197	0	128	step_1_no_load	1	2	1	435	
197	0	128	step_2_no_load	3	4	0.250790232267	0.636905534066	4	465	1	
197	0	129	step_1_no_load	1	2	1	410	
197	0	129	step_2_no_load	3	4	0.271709703542	0.685297910719	4	384	0	
197	0	130	step_1_no_load	1	2	1	387	
197	0	130	step_2_no_load	5	6	0.630285316669	0.267460866951	6	445	1	
197	0	131	step_1_no_load	1	2	1	364	
197	0	131	step_2_no_load	3	4	0.311475039155	0.678044920845	4	388	1	
197	0	132	step_1_no_load	1	2	1	427	
197	0	132	step_2_no_load	5	6	0.660013924697	0.27986961048	6	419	0	
197	0	133	step_1_no_load	1	2	2	1112	
197	0	133	step_2_no_load	5	6	0.691649444281	0.315608831386	-1	-1	-1	
197	0	134	step_1_no_load	1	2	1	378	
197	0	134	step_2_no_load	5	6	0.685529359147	0.287393715313	6	547	1	
197	0	135	step_1_no_load	1	2	1	1242	
197	0	135	step_2_no_load	3	4	0.287118934166	0.593710006149	4	1237	0	
197	0	136	step_1_no_load	1	2	1	506	
197	0	136	step_2_no_load	5	6	0.674914008636	0.307766925452	6	405	0	
197	0	137	step_1_no_load	1	2	1	406	
197	0	137	step_2_no_load	3	4	0.325016613024	0.605896884497	4	599	1	
197	0	138	step_1_no_load	1	2	1	387	
197	0	138	step_2_no_load	3	4	0.307694123906	0.63240964674	4	466	1	
197	0	139	step_1_no_load	1	2	1	487	
197	0	139	step_2_no_load	3	4	0.323660750961	0.636630981281	4	437	1	
197	0	140	step_1_no_load	1	2	1	0	
197	0	140	step_2_no_load	3	4	0.328174526491	0.671213945178	4	593	1	
197	0	141	step_1_no_load	1	2	1	371	
197	0	141	step_2_no_load	3	4	0.311809871418	0.711987889705	4	463	1	
197	0	142	step_1_no_load	1	2	1	388	
197	0	142	step_2_no_load	5	6	0.627356259123	0.397052682821	6	462	1	
197	0	143	step_1_no_load	1	2	1	440	
197	0	143	step_2_no_load	5	6	0.610219102298	0.410970957547	6	441	0	
197	0	144	step_1_no_load	1	2	1	380	
197	0	144	step_2_no_load	3	4	0.275932517017	0.626443722248	4	394	0	
197	0	145	step_1_no_load	1	2	1	360	
197	0	145	step_2_no_load	3	4	0.266265924094	0.6669125229	4	393	1	
197	0	146	step_1_no_load	1	2	1	402	
197	0	146	step_2_no_load	3	4	0.257861956214	0.681611991725	4	447	0	
197	0	147	step_1_no_load	1	2	1	580	
197	0	147	step_2_no_load	3	4	0.265578160642	0.647798886916	4	488	1	
197	0	148	step_1_no_load	1	2	1	402	
197	0	148	step_2_no_load	3	4	0.305288021243	0.619272702026	4	413	0	
197	0	149	step_1_no_load	1	2	1	406	
197	0	149	step_2_no_load	3	4	0.269951834184	0.601870110183	4	418	1	
197	0	150	step_1_no_load	1	2	1	463	
197	0	150	step_2_no_load	5	6	0.605912419156	0.306860041627	6	487	0	
197	0	151	step_1_no_load	1	2	1	406	
197	0	151	step_2_no_load	3	4	0.348172164421	0.59154759351	4	383	1	
197	0	152	step_1_no_load	1	2	1	460	
197	0	152	step_2_no_load	3	4	0.307702500543	0.595108765344	4	498	1	
197	0	153	step_1_no_load	1	2	1	494	
197	0	153	step_2_no_load	5	6	0.681559292085	0.343622632154	6	613	0	
197	0	154	step_1_no_load	1	2	1	434	
197	0	154	step_2_no_load	3	4	0.316375537537	0.638934099562	4	454	0	
197	0	155	step_1_no_load	1	2	1	467	
197	0	155	step_2_no_load	5	6	0.716100930629	0.372188990474	6	752	0	
197	0	156	step_1_no_load	1	2	1	446	
197	0	156	step_2_no_load	5	6	0.734436160799	0.368378667812	6	383	0	
197	0	157	step_1_no_load	1	2	-1	-1	
197	0	158	step_1_no_load	1	2	1	738	
197	0	158	step_2_no_load	5	6	0.694270715354	0.334595868098	6	464	0	
197	0	159	step_1_no_load	1	2	1	1076	
197	0	159	step_2_no_load	5	6	0.697903160072	0.321150411254	6	735	1	
197	0	160	step_1_no_load	1	2	1	420	
197	0	160	step_2_no_load	3	4	0.415052912783	0.521229931064	4	391	0	
197	0	161	step_1_no_load	1	2	1	447	
197	0	161	step_2_no_load	3	4	0.407025633682	0.516036498158	4	410	1	
197	0	162	step_1_no_load	1	2	1	445	
197	0	162	step_2_no_load	3	4	0.3926701003	0.566496468084	4	552	1	
197	0	163	step_1_no_load	1	2	1	412	
197	0	163	step_2_no_load	5	6	0.697095951435	0.430920885959	6	524	0	
197	0	164	step_1_no_load	1	2	1	483	
197	0	164	step_2_no_load	3	4	0.432761720497	0.585961845322	4	517	0	
197	0	165	step_1_no_load	1	2	1	495	
197	0	165	step_2_no_load	5	6	0.717506143195	0.347974240867	6	390	0	
197	0	166	step_1_no_load	1	2	1	378	
197	0	166	step_2_no_load	3	4	0.422282731054	0.549095060025	4	385	1	
197	0	167	step_1_no_load	1	2	1	0	
197	0	167	step_2_no_load	5	6	0.706271792549	0.331115714939	6	288	0	
197	0	168	step_1_no_load	1	2	1	500	
197	0	168	step_2_no_load	3	4	0.400817642375	0.613361520676	4	451	1	
197	0	169	step_1_no_load	1	2	1	470	
197	0	169	step_2_no_load	3	4	0.42098542374	0.586049140041	4	385	1	
197	0	170	step_1_no_load	1	2	1	474	
197	0	170	step_2_no_load	5	6	0.67334314737	0.364989630435	6	401	1	
197	0	171	step_1_no_load	1	2	1	454	
197	0	171	step_2_no_load	3	4	0.386979310814	0.553314431843	4	457	1	
197	0	172	step_1_no_load	1	2	1	432	
197	0	172	step_2_no_load	3	4	0.363617002148	0.519090471457	4	414	1	
197	0	173	step_1_no_load	1	2	1	451	
197	0	173	step_2_no_load	3	4	0.385349297983	0.484428109849	4	481	0	
197	0	174	step_1_no_load	1	2	1	425	
197	0	174	step_2_no_load	3	4	0.387867297446	0.472729524832	4	382	0	
197	0	175	step_1_no_load	1	2	1	432	
197	0	175	step_2_no_load	3	4	0.426185553904	0.52644949356	4	497	0	
197	0	176	step_1_no_load	1	2	1	417	
197	0	176	step_2_no_load	3	4	0.383231572002	0.474046874473	4	357	1	
197	0	177	step_1_no_load	1	2	1	381	
197	0	177	step_2_no_load	5	6	0.714070205704	0.4798184927	6	442	1	
197	0	178	step_1_no_load	1	2	1	401	
197	0	178	step_2_no_load	5	6	0.705993797498	0.49020858644	6	447	1	
197	0	179	step_1_no_load	1	2	1	431	
197	0	179	step_2_no_load	3	4	0.324685418097	0.457298770028	4	487	1	
197	0	180	step_1_no_load	1	2	1	434	
197	0	180	step_2_no_load	3	4	0.341214611607	0.482853857291	4	594	1	
197	0	181	step_1_no_load	1	2	1	606	
197	0	181	step_2_no_load	3	4	0.342402764747	0.508735114046	4	480	0	
197	0	182	step_1_no_load	1	2	1	412	
197	0	182	step_2_no_load	5	6	0.72717560423	0.49907747228	6	410	1	
197	0	183	step_1_no_load	1	2	1	479	
197	0	183	step_2_no_load	3	4	0.350175837802	0.502991759047	4	597	1	
197	0	184	step_1_no_load	1	2	1	473	
197	0	184	step_2_no_load	3	4	0.362743255194	0.460890977786	4	806	0	
197	0	185	step_1_no_load	1	2	1	516	
197	0	185	step_2_no_load	3	4	0.362611152222	0.479703516092	4	481	1	
197	0	186	step_1_no_load	1	2	1	461	
197	0	186	step_2_no_load	3	4	0.332733011923	0.46870859828	4	794	0	
197	0	187	step_1_no_load	1	2	1	388	
197	0	187	step_2_no_load	3	4	0.328890769988	0.443962917772	4	419	1	
197	0	188	step_1_no_load	1	2	1	459	
197	0	188	step_2_no_load	5	6	0.696362660087	0.548350535247	6	541	1	
197	0	189	step_1_no_load	1	2	1	484	
197	0	189	step_2_no_load	3	4	0.285168135955	0.448897869069	4	437	0	
197	0	190	step_1_no_load	1	2	1	472	
197	0	190	step_2_no_load	3	4	0.304557739386	0.433568856946	4	483	0	
197	0	191	step_1_no_load	1	2	1	488	
197	0	191	step_2_no_load	5	6	0.664271461991	0.512103523931	6	351	0	
197	0	192	step_1_no_load	1	2	1	416	
197	0	192	step_2_no_load	5	6	0.705517419189	0.493851022417	6	406	0	
197	0	193	step_1_no_load	1	2	1	645	
197	0	193	step_2_no_load	5	6	0.679792491164	0.504944704439	6	446	1	
197	0	194	step_1_no_load	1	2	1	422	
197	0	194	step_2_no_load	5	6	0.655261361454	0.505359594715	6	341	0	
197	0	195	step_1_no_load	1	2	1	500	
197	0	195	step_2_no_load	3	4	0.348571348505	0.466795336969	4	371	0	
197	0	196	step_1_no_load	1	2	1	406	
197	0	196	step_2_no_load	3	4	0.365373286058	0.421761207498	4	394	0	
197	0	197	step_1_no_load	1	2	1	458	
197	0	197	step_2_no_load	3	4	0.316987700969	0.422511153127	4	363	1	
197	0	198	step_1_no_load	1	2	1	731	
197	0	198	step_2_no_load	5	6	0.68660989813	0.485065498391	6	475	1	
197	0	199	step_1_no_load	1	2	1	427	
197	0	199	step_2_no_load	5	6	0.73697129762	0.529438031858	6	907	1	
197	0	200	step_1_no_load	1	2	1	398	
197	0	200	step_2_no_load	5	6	0.728996708473	0.507902534353	6	539	0	

Thu Feb 28 17:58:11 2019
