Fri Mar  1 16:50:05 2019	
199	0	1	step_1_no_load	1	2	1	748	
199	0	1	step_2_no_load	3	4	0.511789129507	0.598297890399	3	1021	0	
199	0	2	step_1_no_load	1	2	1	572	
199	0	2	step_2_no_load	3	4	0.533203491871	0.580156942153	4	418	1	
199	0	3	step_1_no_load	1	2	1	628	
199	0	3	step_2_no_load	3	4	0.516002945397	0.584197065669	4	595	0	
199	0	4	step_1_no_load	1	2	1	704	
199	0	4	step_2_no_load	3	4	0.494597764192	0.597491569846	3	811	1	
199	0	5	step_1_no_load	1	2	1	443	
199	0	5	step_2_no_load	3	4	0.543908521457	0.623810210114	4	804	1	
199	0	6	step_1_no_load	1	2	1	518	
199	0	6	step_2_no_load	3	4	0.490454120702	0.585722686883	3	482	0	
199	0	7	step_1_no_load	1	2	1	514	
199	0	7	step_2_no_load	3	4	0.506408070053	0.568656746487	3	290	0	
199	0	8	step_1_no_load	1	2	1	302	
199	0	8	step_2_no_load	3	4	0.499203529332	0.59128639594	4	349	0	
199	0	9	step_1_no_load	1	2	2	276	
199	0	9	step_2_no_load	5	6	0.641106877158	0.496546708465	5	480	1	
199	0	10	step_1_no_load	1	2	2	410	
199	0	10	step_2_no_load	5	6	0.636063269715	0.482364178155	5	528	0	
199	0	11	step_1_no_load	1	2	2	300	
199	0	11	step_2_no_load	5	6	0.609191465743	0.477013315682	6	734	0	
199	0	12	step_1_no_load	1	2	2	530	
199	0	12	step_2_no_load	5	6	0.552770607849	0.48457206759	5	787	1	
199	0	13	step_1_no_load	1	2	2	425	
199	0	13	step_2_no_load	5	6	0.558313135925	0.52012981853	6	578	0	
199	0	14	step_1_no_load	1	2	1	494	
199	0	14	step_2_no_load	3	4	0.611256675753	0.629137942344	3	1441	0	
199	0	15	step_1_no_load	1	2	2	1119	
199	0	15	step_2_no_load	5	6	0.570419113221	0.505377237737	5	1342	0	
199	0	16	step_1_no_load	1	2	2	689	
199	0	16	step_2_no_load	3	4	0.626326396372	0.628091198119	4	478	0	
199	0	17	step_1_no_load	1	2	1	563	
199	0	17	step_2_no_load	3	4	0.643116883134	0.633350170016	3	460	1	
199	0	18	step_1_no_load	1	2	1	419	
199	0	18	step_2_no_load	3	4	0.626895526976	0.626834332012	3	430	1	
199	0	19	step_1_no_load	1	2	1	479	
199	0	19	step_2_no_load	3	4	0.644773170243	0.619895761657	3	420	0	
199	0	20	step_1_no_load	1	2	1	566	
199	0	20	step_2_no_load	3	4	0.60665343963	0.636521555122	4	472	1	
199	0	21	step_1_no_load	1	2	2	415	
199	0	21	step_2_no_load	5	6	0.470207377245	0.49769376036	5	551	1	
199	0	22	step_1_no_load	1	2	2	439	
199	0	22	step_2_no_load	3	4	0.618527126547	0.621949894727	3	857	1	
199	0	23	step_1_no_load	1	2	2	390	
199	0	23	step_2_no_load	5	6	0.513759772011	0.520606588181	5	1363	0	
199	0	24	step_1_no_load	1	2	2	510	
199	0	24	step_2_no_load	3	4	0.5800912085	0.582115115688	3	1118	0	
199	0	25	step_1_no_load	1	2	1	386	
199	0	25	step_2_no_load	5	6	0.503605105412	0.503316372362	6	900	0	
199	0	26	step_1_no_load	1	2	1	594	
199	0	26	step_2_no_load	3	4	0.640635035276	0.592410219737	4	809	0	
199	0	27	step_1_no_load	1	2	2	460	
199	0	27	step_2_no_load	5	6	0.54756089792	0.507272671939	6	1142	0	
199	0	28	step_1_no_load	1	2	1	510	
199	0	28	step_2_no_load	3	4	0.647441527317	0.588356036098	4	931	1	
199	0	29	step_1_no_load	1	2	2	551	
199	0	29	step_2_no_load	5	6	0.561957580386	0.521159009103	5	1404	0	
199	0	30	step_1_no_load	1	2	2	399	
199	0	30	step_2_no_load	5	6	0.574272497114	0.4919199548	5	402	1	
199	0	31	step_1_no_load	1	2	2	637	
199	0	31	step_2_no_load	3	4	0.606122691795	0.636602545794	3	1330	0	
199	0	32	step_1_no_load	1	2	1	349	
199	0	32	step_2_no_load	3	4	0.605616211083	0.634585171267	4	545	0	
199	0	33	step_1_no_load	1	2	1	450	
199	0	33	step_2_no_load	3	4	0.618000238621	0.611700032906	4	964	0	
199	0	34	step_1_no_load	1	2	1	473	
199	0	34	step_2_no_load	3	4	0.670290552209	0.575802910074	3	315	0	
199	0	35	step_1_no_load	1	2	1	526	
199	0	35	step_2_no_load	5	6	0.594167768198	0.491437207585	5	587	0	
199	0	36	step_1_no_load	1	2	2	814	
199	0	36	step_2_no_load	5	6	0.611274573488	0.513210053121	5	1030	1	
199	0	37	step_1_no_load	1	2	2	533	
199	0	37	step_2_no_load	5	6	0.598446394142	0.543074626387	5	288	0	
199	0	38	step_1_no_load	1	2	2	496	
199	0	38	step_2_no_load	3	4	0.651263699161	0.539078491643	3	477	1	
199	0	39	step_1_no_load	1	2	2	429	
199	0	39	step_2_no_load	5	6	0.610601635554	0.578640235206	5	286	1	
199	0	40	step_1_no_load	1	2	2	620	
199	0	40	step_2_no_load	5	6	0.607992802154	0.5691386571	5	292	0	
199	0	41	step_1_no_load	1	2	2	451	
199	0	41	step_2_no_load	5	6	0.588857868869	0.583829055298	5	242	0	
199	0	42	step_1_no_load	1	2	2	640	
199	0	42	step_2_no_load	5	6	0.609164606591	0.553461946234	5	440	1	
199	0	43	step_1_no_load	1	2	2	495	
199	0	43	step_2_no_load	5	6	0.612705031264	0.548128010644	5	318	1	
199	0	44	step_1_no_load	1	2	1	764	
199	0	44	step_2_no_load	3	4	0.589653131867	0.541854396676	4	938	1	
199	0	45	step_1_no_load	1	2	2	501	
199	0	45	step_2_no_load	5	6	0.632991467829	0.5288039409	5	397	1	
199	0	46	step_1_no_load	1	2	2	548	
199	0	46	step_2_no_load	5	6	0.600964500555	0.532238720495	5	499	0	
199	0	47	step_1_no_load	1	2	1	394	
199	0	47	step_2_no_load	3	4	0.634373567175	0.546259467838	4	438	1	
199	0	48	step_1_no_load	1	2	2	459	
199	0	48	step_2_no_load	5	6	0.615767119776	0.488280685105	5	590	0	
199	0	49	step_1_no_load	1	2	2	499	
199	0	49	step_2_no_load	5	6	0.610193185592	0.489287375157	5	574	0	
199	0	50	step_1_no_load	1	2	1	354	
199	0	50	step_2_no_load	5	6	0.606862017918	0.47381367271	5	417	1	
199	0	51	step_1_no_load	1	2	2	605	
199	0	51	step_2_no_load	5	6	0.564866799699	0.469943944943	6	774	0	
199	0	52	step_1_no_load	1	2	1	385	
199	0	52	step_2_no_load	3	4	0.613408921915	0.513589895419	4	1068	1	
199	0	53	step_1_no_load	1	2	2	498	
199	0	53	step_2_no_load	5	6	0.551457882502	0.451905460347	5	648	1	
199	0	54	step_1_no_load	1	2	2	580	
199	0	54	step_2_no_load	3	4	0.652515308527	0.493362545513	4	1110	0	
199	0	55	step_1_no_load	1	2	2	450	
199	0	55	step_2_no_load	3	4	0.639840796975	0.526704292526	3	842	1	
199	0	56	step_1_no_load	1	2	1	365	
199	0	56	step_2_no_load	5	6	0.601856598146	0.459773408493	6	535	0	
199	0	57	step_1_no_load	1	2	2	549	
199	0	57	step_2_no_load	5	6	0.641849303307	0.466449077359	5	321	1	
199	0	58	step_1_no_load	1	2	2	556	
199	0	58	step_2_no_load	3	4	0.610896130115	0.528376440027	4	1098	1	
199	0	59	step_1_no_load	1	2	2	667	
199	0	59	step_2_no_load	3	4	0.608951267756	0.537400760025	4	974	1	
199	0	60	step_1_no_load	1	2	2	1493	
199	0	60	step_2_no_load	5	6	0.623687406259	0.491916707098	5	640	1	
199	0	61	step_1_no_load	1	2	2	781	
199	0	61	step_2_no_load	5	6	0.669587072502	0.464268875813	5	1079	0	
199	0	62	step_1_no_load	1	2	2	731	
199	0	62	step_2_no_load	5	6	0.691137204746	0.50724109756	5	772	1	
199	0	63	step_1_no_load	1	2	2	878	
199	0	63	step_2_no_load	5	6	0.664284493458	0.53192660365	5	729	1	
199	0	64	step_1_no_load	1	2	2	678	
199	0	64	step_2_no_load	3	4	0.626149195169	0.533849886794	4	1070	1	
199	0	65	step_1_no_load	1	2	2	530	
199	0	65	step_2_no_load	5	6	0.612660225018	0.569109504048	5	621	1	
199	0	66	step_1_no_load	1	2	2	477	
199	0	66	step_2_no_load	5	6	0.606938648072	0.573761869714	5	734	1	
199	0	67	step_1_no_load	1	2	2	501	
199	0	67	step_2_no_load	3	4	0.674463681351	0.538279387614	4	669	1	
199	0	68	step_1_no_load	1	2	1	1336	
199	0	68	step_2_no_load	5	6	0.622963076372	0.509127161919	5	1236	1	
199	0	69	step_1_no_load	1	2	1	425	
199	0	69	step_2_no_load	3	4	0.718756538957	0.560462111264	3	255	1	
199	0	70	step_1_no_load	1	2	1	420	
199	0	70	step_2_no_load	5	6	0.637556284465	0.498834901463	5	391	1	
199	0	71	step_1_no_load	1	2	1	566	
199	0	71	step_2_no_load	3	4	0.706816191949	0.546215110045	4	707	0	
199	0	72	step_1_no_load	1	2	1	515	
199	0	72	step_2_no_load	3	4	0.705884789502	0.556486305476	3	464	1	
199	0	73	step_1_no_load	1	2	1	317	
199	0	73	step_2_no_load	3	4	0.727961155836	0.50185699984	3	567	1	
199	0	74	step_1_no_load	1	2	1	579	
199	0	74	step_2_no_load	3	4	0.693624670847	0.491044983779	3	488	0	
199	0	75	step_1_no_load	1	2	1	365	
199	0	75	step_2_no_load	3	4	0.697629587097	0.483983914712	3	274	1	
199	0	76	step_1_no_load	1	2	1	361	
199	0	76	step_2_no_load	5	6	0.62770291155	0.488583631821	5	367	1	
199	0	77	step_1_no_load	1	2	1	449	
199	0	77	step_2_no_load	5	6	0.564257587118	0.446809557226	5	681	0	
199	0	78	step_1_no_load	1	2	1	477	
199	0	78	step_2_no_load	3	4	0.647586191228	0.538654072849	3	493	1	
199	0	79	step_1_no_load	1	2	2	1087	
199	0	79	step_2_no_load	3	4	0.647841624544	0.540085062695	3	401	1	
199	0	80	step_1_no_load	1	2	1	383	
199	0	80	step_2_no_load	3	4	0.703969305517	0.49921021142	3	613	1	
199	0	81	step_1_no_load	1	2	1	353	
199	0	81	step_2_no_load	3	4	0.702400933084	0.494116554432	3	452	0	
199	0	82	step_1_no_load	1	2	1	413	
199	0	82	step_2_no_load	5	6	0.564729328387	0.395813831323	5	434	1	
199	0	83	step_1_no_load	1	2	1	889	
199	0	83	step_2_no_load	3	4	0.726885136842	0.483255412498	3	806	1	
199	0	84	step_1_no_load	1	2	1	551	
199	0	84	step_2_no_load	5	6	0.65843840156	0.385087938645	5	652	1	
199	0	85	step_1_no_load	1	2	1	538	
199	0	85	step_2_no_load	3	4	0.712989604416	0.485785534744	3	493	1	
199	0	86	step_1_no_load	1	2	1	579	
199	0	86	step_2_no_load	3	4	0.721207648497	0.486462788728	3	673	0	
199	0	87	step_1_no_load	1	2	1	772	
199	0	87	step_2_no_load	5	6	0.719375344246	0.40000499778	5	1127	1	
199	0	88	step_1_no_load	1	2	1	573	
199	0	88	step_2_no_load	3	4	0.696773608304	0.509563243675	3	559	1	
199	0	89	step_1_no_load	1	2	1	586	
199	0	89	step_2_no_load	3	4	0.660112261017	0.490019385174	3	511	1	
199	0	90	step_1_no_load	1	2	1	507	
199	0	90	step_2_no_load	5	6	0.712247848046	0.411459496853	5	609	0	
199	0	91	step_1_no_load	1	2	1	560	
199	0	91	step_2_no_load	5	6	0.685023809334	0.43534164751	5	609	1	
199	0	92	step_1_no_load	1	2	1	1337	
199	0	92	step_2_no_load	5	6	0.692406274724	0.444368850664	5	1226	1	
199	0	93	step_1_no_load	1	2	1	555	
199	0	93	step_2_no_load	3	4	0.662863370634	0.473273727684	3	477	0	
199	0	94	step_1_no_load	1	2	1	521	
199	0	94	step_2_no_load	3	4	0.668295023896	0.468637558205	4	1429	0	
199	0	95	step_1_no_load	1	2	1	484	
199	0	95	step_2_no_load	3	4	0.640209855442	0.42505578884	3	645	0	
199	0	96	step_1_no_load	1	2	1	380	
199	0	96	step_2_no_load	3	4	0.663095813561	0.437558890646	3	1049	1	
199	0	97	step_1_no_load	1	2	2	491	
199	0	97	step_2_no_load	3	4	0.651202057411	0.455601814112	4	612	0	
199	0	98	step_1_no_load	1	2	1	522	
199	0	98	step_2_no_load	3	4	0.646040060297	0.431479829356	3	1437	0	
199	0	99	step_1_no_load	1	2	1	451	
199	0	99	step_2_no_load	3	4	0.645191748454	0.375249961522	3	362	0	
199	0	100	step_1_no_load	1	2	1	1448	
199	0	100	step_2_no_load	5	6	0.666227451505	0.4333505304	5	1198	1	
199	0	101	step_1_no_load	1	2	1	325	
199	0	101	step_2_no_load	3	4	0.655903528958	0.366879421891	3	314	1	
199	0	102	step_1_no_load	1	2	1	643	
199	0	102	step_2_no_load	5	6	0.666304534392	0.494584754513	5	428	1	
199	0	103	step_1_no_load	1	2	1	356	
199	0	103	step_2_no_load	5	6	0.663997796029	0.481975449893	5	367	1	
199	0	104	step_1_no_load	1	2	1	443	
199	0	104	step_2_no_load	5	6	0.703870701136	0.521047445908	5	424	0	
199	0	105	step_1_no_load	1	2	1	514	
199	0	105	step_2_no_load	3	4	0.722851301692	0.352639603242	3	527	1	
199	0	106	step_1_no_load	1	2	1	866	
199	0	106	step_2_no_load	3	4	0.699623252899	0.374131494222	3	558	0	
199	0	107	step_1_no_load	1	2	1	266	
199	0	107	step_2_no_load	3	4	0.677514185929	0.388257337796	3	348	0	
199	0	108	step_1_no_load	1	2	1	362	
199	0	108	step_2_no_load	3	4	0.681491063126	0.388185708856	3	425	1	
199	0	109	step_1_no_load	1	2	1	624	
199	0	109	step_2_no_load	3	4	0.68658494263	0.372328831887	3	671	1	
199	0	110	step_1_no_load	1	2	1	423	
199	0	110	step_2_no_load	3	4	0.65455226558	0.395544455384	3	368	0	
199	0	111	step_1_no_load	1	2	1	460	
199	0	111	step_2_no_load	3	4	0.634599547742	0.407158158569	3	440	0	
199	0	112	step_1_no_load	1	2	2	1099	
199	0	112	step_2_no_load	5	6	0.725701866094	0.392887565883	5	381	1	
199	0	113	step_1_no_load	1	2	2	468	
199	0	113	step_2_no_load	5	6	0.719324307956	0.370697120277	5	301	1	
199	0	114	step_1_no_load	1	2	2	472	
199	0	114	step_2_no_load	3	4	0.657654904272	0.384736699284	4	1079	0	
199	0	115	step_1_no_load	1	2	2	392	
199	0	115	step_2_no_load	3	4	0.645721217949	0.357661171116	3	1454	0	
199	0	116	step_1_no_load	1	2	1	302	
199	0	116	step_2_no_load	3	4	0.680124293449	0.369438791876	4	761	0	
199	0	117	step_1_no_load	1	2	2	470	
199	0	117	step_2_no_load	3	4	0.671842537277	0.363056877927	3	754	1	
199	0	118	step_1_no_load	1	2	2	513	
199	0	118	step_2_no_load	5	6	0.740051715856	0.357645851833	5	416	1	
199	0	119	step_1_no_load	1	2	2	1013	
199	0	119	step_2_no_load	3	4	0.661177321751	0.358243439099	3	1243	0	
199	0	120	step_1_no_load	1	2	1	396	
199	0	120	step_2_no_load	3	4	0.666433355915	0.333809617664	4	485	0	
199	0	121	step_1_no_load	1	2	1	406	
199	0	121	step_2_no_load	5	6	0.658856304095	0.352721767208	5	291	1	
199	0	122	step_1_no_load	1	2	1	368	
199	0	122	step_2_no_load	3	4	0.672193618854	0.266650857402	3	744	1	
199	0	123	step_1_no_load	1	2	1	615	
199	0	123	step_2_no_load	3	4	0.664849878232	0.269780614928	3	615	0	
199	0	124	step_1_no_load	1	2	1	413	
199	0	124	step_2_no_load	3	4	0.624161788269	0.26095206597	3	388	0	
199	0	125	step_1_no_load	1	2	2	983	
199	0	125	step_2_no_load	5	6	0.559596800931	0.303110862715	5	323	0	
199	0	126	step_1_no_load	1	2	2	652	
199	0	126	step_2_no_load	3	4	0.600985760967	0.267206368684	3	450	1	
199	0	127	step_1_no_load	1	2	2	723	
199	0	127	step_2_no_load	5	6	0.560824094575	0.274944938508	5	524	0	
199	0	128	step_1_no_load	1	2	2	432	
199	0	128	step_2_no_load	3	4	0.620672334996	0.260252451606	3	404	1	
199	0	129	step_1_no_load	1	2	2	530	
199	0	129	step_2_no_load	5	6	0.685297910719	0.271709703542	5	581	0	
199	0	130	step_1_no_load	1	2	1	377	
199	0	130	step_2_no_load	5	6	0.682031489739	0.274560758494	5	635	1	
199	0	131	step_1_no_load	1	2	1	980	
199	0	131	step_2_no_load	5	6	0.678044920845	0.311475039155	-1	-1	-1	
199	0	132	step_1_no_load	1	2	1	420	
199	0	132	step_2_no_load	3	4	0.660013924697	0.27986961048	3	348	0	
199	0	133	step_1_no_load	1	2	1	428	
199	0	133	step_2_no_load	3	4	0.691649444281	0.315608831386	3	570	0	
199	0	134	step_1_no_load	1	2	2	711	
199	0	134	step_2_no_load	5	6	0.621945110858	0.302839427162	5	448	0	
199	0	135	step_1_no_load	1	2	-1	-1	
199	0	136	step_1_no_load	1	2	1	535	
199	0	136	step_2_no_load	5	6	0.597814413435	0.284521085726	5	470	1	
199	0	137	step_1_no_load	1	2	1	789	
199	0	137	step_2_no_load	3	4	0.668540846495	0.346433498467	-1	-1	-1	
199	0	138	step_1_no_load	1	2	1	0	
199	0	138	step_2_no_load	5	6	0.63240964674	0.307694123906	5	361	1	
199	0	139	step_1_no_load	1	2	1	428	
199	0	139	step_2_no_load	3	4	0.696355985729	0.325611400511	4	424	0	
199	0	140	step_1_no_load	1	2	2	649	
199	0	140	step_2_no_load	3	4	0.637682840728	0.348740542008	4	739	0	
199	0	141	step_1_no_load	1	2	2	1	
199	0	141	step_2_no_load	5	6	0.711987889705	0.311809871418	5	674	0	
199	0	142	step_1_no_load	1	2	1	600	
199	0	142	step_2_no_load	3	4	0.627356259123	0.397052682821	3	1412	1	
199	0	143	step_1_no_load	1	2	1	464	
199	0	143	step_2_no_load	3	4	0.610219102298	0.410970957547	3	372	1	
199	0	144	step_1_no_load	1	2	1	319	
199	0	144	step_2_no_load	3	4	0.639347300184	0.389234194056	3	361	0	
199	0	145	step_1_no_load	1	2	2	265	
199	0	145	step_2_no_load	3	4	0.606515632748	0.355256413269	3	746	1	
199	0	146	step_1_no_load	1	2	1	365	
199	0	146	step_2_no_load	3	4	0.593778463268	0.320877500969	3	381	1	
199	0	147	step_1_no_load	1	2	1	385	
199	0	147	step_2_no_load	3	4	0.594861186319	0.352879785946	3	615	0	
199	0	148	step_1_no_load	1	2	-1	-1	
199	0	149	step_1_no_load	1	2	1	328	
199	0	149	step_2_no_load	3	4	0.623203869836	0.300290206122	3	828	0	
199	0	150	step_1_no_load	1	2	1	132	
199	0	150	step_2_no_load	3	4	0.605912419156	0.306860041627	3	510	1	
199	0	151	step_1_no_load	1	2	1	437	
199	0	151	step_2_no_load	3	4	0.614159737668	0.310557101463	3	567	1	
199	0	152	step_1_no_load	1	2	1	529	
199	0	152	step_2_no_load	3	4	0.644204174791	0.323194010514	3	510	0	
199	0	153	step_1_no_load	1	2	1	484	
199	0	153	step_2_no_load	3	4	0.681559292085	0.343622632154	3	430	1	
199	0	154	step_1_no_load	1	2	1	543	
199	0	154	step_2_no_load	3	4	0.671672162443	0.348349389262	3	427	0	
199	0	155	step_1_no_load	1	2	1	1284	
199	0	155	step_2_no_load	5	6	0.632486591889	0.296093457977	5	693	1	
199	0	156	step_1_no_load	1	2	1	499	
199	0	156	step_2_no_load	3	4	0.734436160799	0.368378667812	3	493	1	
199	0	157	step_1_no_load	1	2	1	403	
199	0	157	step_2_no_load	3	4	0.720725456325	0.324728201487	3	560	1	
199	0	158	step_1_no_load	1	2	1	447	
199	0	158	step_2_no_load	3	4	0.694270715354	0.334595868098	3	393	0	
199	0	159	step_1_no_load	1	2	1	465	
199	0	159	step_2_no_load	3	4	0.697903160072	0.321150411254	3	736	1	
199	0	160	step_1_no_load	1	2	1	528	
199	0	160	step_2_no_load	5	6	0.521229931064	0.415052912783	5	374	0	
199	0	161	step_1_no_load	1	2	2	400	
199	0	161	step_2_no_load	3	4	0.719896286569	0.438878285506	3	750	1	
199	0	162	step_1_no_load	1	2	2	421	
199	0	162	step_2_no_load	5	6	0.566496468084	0.3926701003	5	330	0	
199	0	163	step_1_no_load	1	2	2	456	
199	0	163	step_2_no_load	5	6	0.5863391277	0.395221309311	5	409	1	
199	0	164	step_1_no_load	1	2	1	0	
199	0	164	step_2_no_load	3	4	0.692137394606	0.430844125626	4	894	1	
199	0	165	step_1_no_load	1	2	2	486	
199	0	165	step_2_no_load	3	4	0.717506143195	0.347974240867	3	359	1	
199	0	166	step_1_no_load	1	2	2	373	
199	0	166	step_2_no_load	5	6	0.549095060025	0.422282731054	5	347	1	
199	0	167	step_1_no_load	1	2	2	1100	
199	0	167	step_2_no_load	5	6	0.585131062446	0.38753671275	5	692	1	
199	0	168	step_1_no_load	1	2	2	456	
199	0	168	step_2_no_load	5	6	0.613361520676	0.400817642375	5	680	1	
199	0	169	step_1_no_load	1	2	2	540	
199	0	169	step_2_no_load	5	6	0.586049140041	0.42098542374	5	543	0	
199	0	170	step_1_no_load	1	2	2	476	
199	0	170	step_2_no_load	3	4	0.67334314737	0.364989630435	3	475	1	
199	0	171	step_1_no_load	1	2	2	955	
199	0	171	step_2_no_load	5	6	0.553314431843	0.386979310814	5	940	1	
199	0	172	step_1_no_load	1	2	2	336	
199	0	172	step_2_no_load	5	6	0.519090471457	0.363617002148	5	1105	0	
199	0	173	step_1_no_load	1	2	2	393	
199	0	173	step_2_no_load	5	6	0.484428109849	0.385349297983	5	812	1	
199	0	174	step_1_no_load	1	2	2	710	
199	0	174	step_2_no_load	3	4	0.729877433725	0.46236234172	3	646	1	
199	0	175	step_1_no_load	1	2	2	462	
199	0	175	step_2_no_load	5	6	0.52644949356	0.426185553904	5	1011	1	
199	0	176	step_1_no_load	1	2	2	698	
199	0	176	step_2_no_load	5	6	0.474046874473	0.383231572002	5	663	1	
199	0	177	step_1_no_load	1	2	2	487	
199	0	177	step_2_no_load	5	6	0.501268576771	0.357425668099	5	434	1	
199	0	178	step_1_no_load	1	2	2	867	
199	0	178	step_2_no_load	5	6	0.493712351915	0.36473828006	5	529	1	
199	0	179	step_1_no_load	1	2	2	480	
199	0	179	step_2_no_load	3	4	0.709345707515	0.493565996034	4	663	1	
199	0	180	step_1_no_load	1	2	2	320	
199	0	180	step_2_no_load	3	4	0.719795072986	0.489345734128	3	512	1	
199	0	181	step_1_no_load	1	2	2	565	
199	0	181	step_2_no_load	5	6	0.508735114046	0.342402764747	-1	-1	-1	
199	0	182	step_1_no_load	1	2	1	0	
199	0	182	step_2_no_load	3	4	0.72717560423	0.49907747228	3	408	1	
199	0	183	step_1_no_load	1	2	1	0	
199	0	183	step_2_no_load	3	4	0.720388040749	0.492742497507	3	503	1	
199	0	184	step_1_no_load	1	2	1	535	
199	0	184	step_2_no_load	5	6	0.460890977786	0.362743255194	5	506	1	
199	0	185	step_1_no_load	1	2	1	497	
199	0	185	step_2_no_load	5	6	0.479703516092	0.362611152222	5	629	0	
199	0	186	step_1_no_load	1	2	1	390	
199	0	186	step_2_no_load	3	4	0.656308636836	0.484672582719	3	1286	0	
199	0	187	step_1_no_load	1	2	2	390	
199	0	187	step_2_no_load	5	6	0.443962917772	0.328890769988	6	446	0	
199	0	188	step_1_no_load	1	2	2	327	
199	0	188	step_2_no_load	5	6	0.471319680586	0.291508050861	5	447	0	
199	0	189	step_1_no_load	1	2	2	491	
199	0	189	step_2_no_load	3	4	0.688353284054	0.534753756004	3	1331	1	
199	0	190	step_1_no_load	1	2	2	638	
199	0	190	step_2_no_load	5	6	0.433568856946	0.304557739386	5	455	1	
199	0	191	step_1_no_load	1	2	1	414	
199	0	191	step_2_no_load	5	6	0.435748387321	0.318839908867	5	302	0	
199	0	192	step_1_no_load	1	2	1	637	
199	0	192	step_2_no_load	5	6	0.450791310283	0.299297135717	5	404	1	
199	0	193	step_1_no_load	1	2	1	638	
199	0	193	step_2_no_load	3	4	0.679792491164	0.504944704439	3	375	1	
199	0	194	step_1_no_load	1	2	1	259	
199	0	194	step_2_no_load	3	4	0.655261361454	0.505359594715	3	505	1	
199	0	195	step_1_no_load	1	2	1	330	
199	0	195	step_2_no_load	3	4	0.646280688878	0.494102184238	3	340	1	
199	0	196	step_1_no_load	1	2	1	439	
199	0	196	step_2_no_load	3	4	0.695101215304	0.496717662777	-1	-1	-1	
199	0	197	step_1_no_load	1	2	-1	-1	
199	0	198	step_1_no_load	1	2	1	214	
199	0	198	step_2_no_load	3	4	0.68660989813	0.485065498391	3	693	0	
199	0	199	step_1_no_load	1	2	1	487	
199	0	199	step_2_no_load	3	4	0.73697129762	0.529438031858	3	361	1	
199	0	200	step_1_no_load	1	2	1	391	
199	0	200	step_2_no_load	3	4	0.728996708473	0.507902534353	3	493	1	

Fri Mar  1 17:08:15 2019
