Mon Mar  4 14:54:39 2019	
200	0	1	step_1_no_load	1	2	1	689	
200	0	1	step_2_no_load	5	6	0.457620150462	0.594299910136	5	625	0	
200	0	2	step_1_no_load	1	2	1	647	
200	0	2	step_2_no_load	5	6	0.474613197709	0.610961032466	5	481	0	
200	0	3	step_1_no_load	1	2	2	746	
200	0	3	step_2_no_load	5	6	0.476767372206	0.589215227351	5	527	1	
200	0	4	step_1_no_load	1	2	2	604	
200	0	4	step_2_no_load	3	4	0.494597764192	0.597491569846	3	516	1	
200	0	5	step_1_no_load	1	2	1	778	
200	0	5	step_2_no_load	3	4	0.543908521457	0.623810210114	3	792	0	
200	0	6	step_1_no_load	1	2	2	409	
200	0	6	step_2_no_load	5	6	0.506877622204	0.603642866427	5	402	1	
200	0	7	step_1_no_load	1	2	2	370	
200	0	7	step_2_no_load	5	6	0.500071913476	0.622642364361	5	328	0	
200	0	8	step_1_no_load	1	2	2	900	
200	0	8	step_2_no_load	5	6	0.489816616396	0.624210374623	6	473	0	
200	0	9	step_1_no_load	1	2	2	359	
200	0	9	step_2_no_load	3	4	0.54429228266	0.598049061473	3	420	1	
200	0	10	step_1_no_load	1	2	1	610	
200	0	10	step_2_no_load	3	4	0.576063520885	0.652626043146	3	298	0	
200	0	11	step_1_no_load	1	2	1	386	
200	0	11	step_2_no_load	3	4	0.59022801242	0.69163818036	3	483	0	
200	0	12	step_1_no_load	1	2	1	916	
200	0	12	step_2_no_load	5	6	0.48457206759	0.552770607849	6	311	1	
200	0	13	step_1_no_load	1	2	1	101	
200	0	13	step_2_no_load	3	4	0.595790490356	0.653587098421	3	474	1	
200	0	14	step_1_no_load	1	2	1	657	
200	0	14	step_2_no_load	3	4	0.611256675753	0.629137942344	4	343	1	
200	0	15	step_1_no_load	1	2	1	574	
200	0	15	step_2_no_load	3	4	0.633564630036	0.612260006668	3	366	1	
200	0	16	step_1_no_load	1	2	1	474	
200	0	16	step_2_no_load	3	4	0.626326396372	0.628091198119	3	387	0	
200	0	17	step_1_no_load	1	2	1	528	
200	0	17	step_2_no_load	3	4	0.643116883134	0.633350170016	4	360	1	
200	0	18	step_1_no_load	1	2	1	403	
200	0	18	step_2_no_load	3	4	0.626895526976	0.626834332012	3	463	0	
200	0	19	step_1_no_load	1	2	1	448	
200	0	19	step_2_no_load	5	6	0.498240186199	0.536502319591	6	266	0	
200	0	20	step_1_no_load	1	2	1	407	
200	0	20	step_2_no_load	3	4	0.60665343963	0.636521555122	4	913	1	
200	0	21	step_1_no_load	1	2	1	380	
200	0	21	step_2_no_load	3	4	0.611328949295	0.630305464549	4	349	0	
200	0	22	step_1_no_load	1	2	1	356	
200	0	22	step_2_no_load	3	4	0.618527126547	0.621949894727	4	374	0	
200	0	23	step_1_no_load	1	2	1	364	
200	0	23	step_2_no_load	3	4	0.604065470975	0.640163623731	3	357	1	
200	0	24	step_1_no_load	1	2	1	442	
200	0	24	step_2_no_load	5	6	0.505388876622	0.503316199018	5	309	1	
200	0	25	step_1_no_load	1	2	1	649	
200	0	25	step_2_no_load	3	4	0.629917901014	0.565698722896	3	329	1	
200	0	26	step_1_no_load	1	2	1	237	
200	0	26	step_2_no_load	5	6	0.511744353778	0.532884212818	5	272	0	
200	0	27	step_1_no_load	1	2	1	387	
200	0	27	step_2_no_load	5	6	0.507272671939	0.54756089792	5	265	1	
200	0	28	step_1_no_load	1	2	1	320	
200	0	28	step_2_no_load	3	4	0.647441527317	0.588356036098	3	313	0	
200	0	29	step_1_no_load	1	2	1	325	
200	0	29	step_2_no_load	5	6	0.521159009103	0.561957580386	5	24	0	
200	0	30	step_1_no_load	1	2	1	871	
200	0	30	step_2_no_load	5	6	0.4919199548	0.574272497114	6	487	0	
200	0	31	step_1_no_load	1	2	2	343	
200	0	31	step_2_no_load	5	6	0.483156722265	0.541819886458	5	483	0	
200	0	32	step_1_no_load	1	2	2	277	
200	0	32	step_2_no_load	3	4	0.605616211083	0.634585171267	4	297	0	
200	0	33	step_1_no_load	1	2	2	276	
200	0	33	step_2_no_load	3	4	0.618000238621	0.611700032906	3	441	0	
200	0	34	step_1_no_load	1	2	2	819	
200	0	34	step_2_no_load	5	6	0.454565258478	0.538523758058	5	637	1	
200	0	35	step_1_no_load	1	2	1	705	
200	0	35	step_2_no_load	3	4	0.649776015006	0.566827313385	3	467	1	
200	0	36	step_1_no_load	1	2	1	671	
200	0	36	step_2_no_load	3	4	0.661229326326	0.527635087561	3	562	1	
200	0	37	step_1_no_load	1	2	1	550	
200	0	37	step_2_no_load	3	4	0.660658056664	0.513822304161	3	617	0	
200	0	38	step_1_no_load	1	2	1	473	
200	0	38	step_2_no_load	3	4	0.651263699161	0.539078491643	3	262	1	
200	0	39	step_1_no_load	1	2	1	541	
200	0	39	step_2_no_load	3	4	0.634483337633	0.557005857101	3	308	1	
200	0	40	step_1_no_load	1	2	1	387	
200	0	40	step_2_no_load	3	4	0.636994900683	0.580760785074	3	393	1	
200	0	41	step_1_no_load	1	2	1	407	
200	0	41	step_2_no_load	3	4	0.633285941184	0.524862294848	3	329	1	
200	0	42	step_1_no_load	1	2	1	311	
200	0	42	step_2_no_load	5	6	0.553461946234	0.609164606591	5	828	1	
200	0	43	step_1_no_load	1	2	1	346	
200	0	43	step_2_no_load	3	4	0.581931546759	0.553703096215	3	290	1	
200	0	44	step_1_no_load	1	2	1	297	
200	0	44	step_2_no_load	5	6	0.537842745081	0.611481438855	5	354	1	
200	0	45	step_1_no_load	1	2	1	294	
200	0	45	step_2_no_load	3	4	0.620699591043	0.579346234508	3	406	1	
200	0	46	step_1_no_load	1	2	1	310	
200	0	46	step_2_no_load	5	6	0.532238720495	0.600964500555	5	336	1	
200	0	47	step_1_no_load	1	2	1	305	
200	0	47	step_2_no_load	3	4	0.634373567175	0.546259467838	3	330	1	
200	0	48	step_1_no_load	1	2	1	412	
200	0	48	step_2_no_load	3	4	0.657624935632	0.534690828011	3	309	0	
200	0	49	step_1_no_load	1	2	1	345	
200	0	49	step_2_no_load	5	6	0.489287375157	0.610193185592	5	301	0	
200	0	50	step_1_no_load	1	2	1	409	
200	0	50	step_2_no_load	3	4	0.593458480934	0.481616544184	3	277	0	
200	0	51	step_1_no_load	1	2	1	313	
200	0	51	step_2_no_load	3	4	0.613357430892	0.508197321577	4	409	1	
200	0	52	step_1_no_load	1	2	1	1	
200	0	52	step_2_no_load	3	4	0.613408921915	0.513589895419	4	449	0	
200	0	53	step_1_no_load	1	2	1	712	
200	0	53	step_2_no_load	5	6	0.451905460347	0.551457882502	6	351	0	
200	0	54	step_1_no_load	1	2	1	752	
200	0	54	step_2_no_load	3	4	0.652515308527	0.493362545513	4	727	0	
200	0	55	step_1_no_load	1	2	1	315	
200	0	55	step_2_no_load	3	4	0.639840796975	0.526704292526	3	322	0	
200	0	56	step_1_no_load	1	2	2	289	
200	0	56	step_2_no_load	5	6	0.459773408493	0.601856598146	5	374	1	
200	0	57	step_1_no_load	1	2	2	274	
200	0	57	step_2_no_load	5	6	0.466449077359	0.641849303307	5	344	0	
200	0	58	step_1_no_load	1	2	2	433	
200	0	58	step_2_no_load	5	6	0.478335218822	0.664682809182	5	248	1	
200	0	59	step_1_no_load	1	2	2	372	
200	0	59	step_2_no_load	5	6	0.480274332693	0.632500293208	5	366	0	
200	0	60	step_1_no_load	1	2	2	381	
200	0	60	step_2_no_load	5	6	0.491916707098	0.623687406259	5	448	1	
200	0	61	step_1_no_load	1	2	2	377	
200	0	61	step_2_no_load	5	6	0.464268875813	0.669587072502	5	339	1	
200	0	62	step_1_no_load	1	2	2	287	
200	0	62	step_2_no_load	5	6	0.50724109756	0.691137204746	5	401	0	
200	0	63	step_1_no_load	1	2	2	203	
200	0	63	step_2_no_load	5	6	0.53192660365	0.664284493458	5	337	1	
200	0	64	step_1_no_load	1	2	2	267	
200	0	64	step_2_no_load	5	6	0.555062911513	0.642369708469	5	490	0	
200	0	65	step_1_no_load	1	2	2	437	
200	0	65	step_2_no_load	3	4	0.619953360065	0.517687993213	3	617	1	
200	0	66	step_1_no_load	1	2	2	290	
200	0	66	step_2_no_load	3	4	0.630357351236	0.555324764318	3	440	1	
200	0	67	step_1_no_load	1	2	2	285	
200	0	67	step_2_no_load	3	4	0.674463681351	0.538279387614	3	343	0	
200	0	68	step_1_no_load	1	2	1	871	
200	0	68	step_2_no_load	5	6	0.509127161919	0.622963076372	5	413	0	
200	0	69	step_1_no_load	1	2	1	461	
200	0	69	step_2_no_load	3	4	0.718756538957	0.560462111264	3	338	1	
200	0	70	step_1_no_load	1	2	1	388	
200	0	70	step_2_no_load	3	4	0.697741832068	0.548075770764	3	465	1	
200	0	71	step_1_no_load	1	2	1	332	
200	0	71	step_2_no_load	5	6	0.482863323776	0.639174917797	5	294	1	
200	0	72	step_1_no_load	1	2	1	356	
200	0	72	step_2_no_load	3	4	0.705884789502	0.556486305476	3	327	0	
200	0	73	step_1_no_load	1	2	1	388	
200	0	73	step_2_no_load	3	4	0.727961155836	0.50185699984	3	297	1	
200	0	74	step_1_no_load	1	2	1	460	
200	0	74	step_2_no_load	3	4	0.693624670847	0.491044983779	3	337	1	
200	0	75	step_1_no_load	1	2	1	332	
200	0	75	step_2_no_load	5	6	0.44832280175	0.615552849174	5	412	1	
200	0	76	step_1_no_load	1	2	1	517	
200	0	76	step_2_no_load	3	4	0.690117652944	0.518881389358	3	296	0	
200	0	77	step_1_no_load	1	2	1	357	
200	0	77	step_2_no_load	3	4	0.679737625371	0.538119616568	3	334	0	
200	0	78	step_1_no_load	1	2	1	614	
200	0	78	step_2_no_load	5	6	0.435911167612	0.536711448352	5	293	0	
200	0	79	step_1_no_load	1	2	2	516	
200	0	79	step_2_no_load	3	4	0.647841624544	0.540085062695	3	574	1	
200	0	80	step_1_no_load	1	2	2	408	
200	0	80	step_2_no_load	3	4	0.703969305517	0.49921021142	3	439	1	
200	0	81	step_1_no_load	1	2	2	251	
200	0	81	step_2_no_load	5	6	0.419265522488	0.529745690463	5	292	1	
200	0	82	step_1_no_load	1	2	2	237	
200	0	82	step_2_no_load	5	6	0.395813831323	0.564729328387	5	666	1	
200	0	83	step_1_no_load	1	2	2	534	
200	0	83	step_2_no_load	5	6	0.382772464038	0.607907985871	5	391	1	
200	0	84	step_1_no_load	1	2	2	238	
200	0	84	step_2_no_load	5	6	0.385087938645	0.65843840156	5	312	1	
200	0	85	step_1_no_load	1	2	2	254	
200	0	85	step_2_no_load	5	6	0.384458259121	0.692384972752	5	379	0	
200	0	86	step_1_no_load	1	2	2	269	
200	0	86	step_2_no_load	5	6	0.345323068124	0.691782850001	5	589	0	
200	0	87	step_1_no_load	1	2	1	392	
200	0	87	step_2_no_load	3	4	0.690012761069	0.493867001103	3	272	1	
200	0	88	step_1_no_load	1	2	1	405	
200	0	88	step_2_no_load	3	4	0.696773608304	0.509563243675	3	440	0	
200	0	89	step_1_no_load	1	2	1	307	
200	0	89	step_2_no_load	3	4	0.660112261017	0.490019385174	3	237	1	
200	0	90	step_1_no_load	1	2	1	244	
200	0	90	step_2_no_load	3	4	0.688736868033	0.530126112124	3	353	1	
200	0	91	step_1_no_load	1	2	1	452	
200	0	91	step_2_no_load	3	4	0.657820521772	0.479087223222	3	424	1	
200	0	92	step_1_no_load	1	2	1	400	
200	0	92	step_2_no_load	3	4	0.679381608313	0.484260039873	3	342	0	
200	0	93	step_1_no_load	1	2	1	398	
200	0	93	step_2_no_load	3	4	0.662863370634	0.473273727684	3	316	0	
200	0	94	step_1_no_load	1	2	1	541	
200	0	94	step_2_no_load	3	4	0.668295023896	0.468637558205	4	348	1	
200	0	95	step_1_no_load	1	2	1	334	
200	0	95	step_2_no_load	5	6	0.427150666411	0.715495469274	6	350	0	
200	0	96	step_1_no_load	1	2	1	247	
200	0	96	step_2_no_load	3	4	0.663095813561	0.437558890646	3	372	1	
200	0	97	step_1_no_load	1	2	1	297	
200	0	97	step_2_no_load	3	4	0.651202057411	0.455601814112	3	503	1	
200	0	98	step_1_no_load	1	2	1	690	
200	0	98	step_2_no_load	3	4	0.646040060297	0.431479829356	3	540	1	
200	0	99	step_1_no_load	1	2	1	705	
200	0	99	step_2_no_load	3	4	0.645191748454	0.375249961522	3	558	1	
200	0	100	step_1_no_load	1	2	1	374	
200	0	100	step_2_no_load	3	4	0.66579920021	0.363162156005	3	443	1	
200	0	101	step_1_no_load	1	2	1	462	
200	0	101	step_2_no_load	3	4	0.655903528958	0.366879421891	3	414	1	
200	0	102	step_1_no_load	1	2	1	365	
200	0	102	step_2_no_load	3	4	0.663124617603	0.326080462175	3	267	1	
200	0	103	step_1_no_load	1	2	1	583	
200	0	103	step_2_no_load	5	6	0.481975449893	0.663997796029	5	411	0	
200	0	104	step_1_no_load	1	2	1	540	
200	0	104	step_2_no_load	5	6	0.521047445908	0.703870701136	5	612	1	
200	0	105	step_1_no_load	1	2	1	341	
200	0	105	step_2_no_load	5	6	0.514318365187	0.689135357059	5	347	1	
200	0	106	step_1_no_load	1	2	1	1443	
200	0	106	step_2_no_load	3	4	0.699623252899	0.374131494222	3	619	0	
200	0	107	step_1_no_load	1	2	1	383	
200	0	107	step_2_no_load	3	4	0.677514185929	0.388257337796	3	457	1	
200	0	108	step_1_no_load	1	2	1	287	
200	0	108	step_2_no_load	5	6	0.526955028982	0.695928523711	5	498	1	
200	0	109	step_1_no_load	1	2	1	376	
200	0	109	step_2_no_load	5	6	0.479977531501	0.71632547018	5	382	1	
200	0	110	step_1_no_load	1	2	1	361	
200	0	110	step_2_no_load	5	6	0.432626681236	0.729599891941	5	434	1	
200	0	111	step_1_no_load	1	2	1	273	
200	0	111	step_2_no_load	3	4	0.634599547742	0.407158158569	3	280	1	
200	0	112	step_1_no_load	1	2	1	427	
200	0	112	step_2_no_load	3	4	0.635252945963	0.413393106784	3	335	1	
200	0	113	step_1_no_load	1	2	1	402	
200	0	113	step_2_no_load	3	4	0.634627459817	0.387112818105	3	509	0	
200	0	114	step_1_no_load	1	2	1	366	
200	0	114	step_2_no_load	5	6	0.380324086676	0.718213323791	5	277	0	
200	0	115	step_1_no_load	1	2	2	309	
200	0	115	step_2_no_load	5	6	0.390027643099	0.739704344621	5	410	1	
200	0	116	step_1_no_load	1	2	2	256	
200	0	116	step_2_no_load	5	6	0.378149844807	0.706736514943	5	437	0	
200	0	117	step_1_no_load	1	2	1	663	
200	0	117	step_2_no_load	3	4	0.671842537277	0.363056877927	3	298	1	
200	0	118	step_1_no_load	1	2	1	423	
200	0	118	step_2_no_load	3	4	0.690484235012	0.362977115924	3	330	1	
200	0	119	step_1_no_load	1	2	1	386	
200	0	119	step_2_no_load	5	6	0.357515098446	0.690424535099	5	285	0	
200	0	120	step_1_no_load	1	2	1	189	
200	0	120	step_2_no_load	3	4	0.666433355915	0.333809617664	3	389	0	
200	0	121	step_1_no_load	1	2	1	592	
200	0	121	step_2_no_load	3	4	0.671052306195	0.310775244958	3	639	0	
200	0	122	step_1_no_load	1	2	2	35	
200	0	122	step_2_no_load	5	6	0.329624572119	0.6136886145	5	333	0	
200	0	123	step_1_no_load	1	2	2	255	
200	0	123	step_2_no_load	5	6	0.337526896345	0.583607229978	5	267	1	
200	0	124	step_1_no_load	1	2	2	285	
200	0	124	step_2_no_load	5	6	0.309430836661	0.603013298253	5	477	1	
200	0	125	step_1_no_load	1	2	2	282	
200	0	125	step_2_no_load	5	6	0.303110862715	0.559596800931	5	1075	1	
200	0	126	step_1_no_load	1	2	2	306	
200	0	126	step_2_no_load	5	6	0.300846667696	0.537863824328	5	326	0	
200	0	127	step_1_no_load	1	2	2	255	
200	0	127	step_2_no_load	5	6	0.274944938508	0.560824094575	5	515	0	
200	0	128	step_1_no_load	1	2	1	241	
200	0	128	step_2_no_load	3	4	0.620672334996	0.260252451606	3	452	1	
200	0	129	step_1_no_load	1	2	1	481	
200	0	129	step_2_no_load	3	4	0.632682846317	0.268213321963	3	570	1	
200	0	130	step_1_no_load	1	2	1	474	
200	0	130	step_2_no_load	5	6	0.274560758494	0.682031489739	5	487	0	
200	0	131	step_1_no_load	1	2	1	422	
200	0	131	step_2_no_load	3	4	0.638450601212	0.281500842289	3	705	1	
200	0	132	step_1_no_load	1	2	1	339	
200	0	132	step_2_no_load	5	6	0.315328810424	0.668578020634	5	364	1	
200	0	133	step_1_no_load	1	2	1	392	
200	0	133	step_2_no_load	3	4	0.691649444281	0.315608831386	3	392	1	
200	0	134	step_1_no_load	1	2	1	513	
200	0	134	step_2_no_load	3	4	0.685529359147	0.287393715313	3	403	0	
200	0	135	step_1_no_load	1	2	1	350	
200	0	135	step_2_no_load	3	4	0.700779221781	0.300079459047	3	719	1	
200	0	136	step_1_no_load	1	2	1	371	
200	0	136	step_2_no_load	3	4	0.674914008636	0.307766925452	3	272	0	
200	0	137	step_1_no_load	1	2	1	348	
200	0	137	step_2_no_load	3	4	0.668540846495	0.346433498467	3	377	0	
200	0	138	step_1_no_load	1	2	2	241	
200	0	138	step_2_no_load	5	6	0.307694123906	0.63240964674	5	293	0	
200	0	139	step_1_no_load	1	2	2	398	
200	0	139	step_2_no_load	5	6	0.323660750961	0.636630981281	5	324	0	
200	0	140	step_1_no_load	1	2	2	232	
200	0	140	step_2_no_load	5	6	0.328174526491	0.671213945178	6	504	0	
200	0	141	step_1_no_load	1	2	1	576	
200	0	141	step_2_no_load	5	6	0.311809871418	0.711987889705	6	485	1	
200	0	142	step_1_no_load	1	2	2	514	
200	0	142	step_2_no_load	5	6	0.304203281606	0.690276058009	5	483	0	
200	0	143	step_1_no_load	1	2	2	241	
200	0	143	step_2_no_load	3	4	0.610219102298	0.410970957547	4	1142	0	
200	0	144	step_1_no_load	1	2	2	273	
200	0	144	step_2_no_load	5	6	0.275932517017	0.626443722248	6	392	1	
200	0	145	step_1_no_load	1	2	2	245	
200	0	145	step_2_no_load	5	6	0.266265924094	0.6669125229	6	454	1	
200	0	146	step_1_no_load	1	2	2	786	
200	0	146	step_2_no_load	5	6	0.257861956214	0.681611991725	6	473	1	
200	0	147	step_1_no_load	1	2	2	389	
200	0	147	step_2_no_load	5	6	0.265578160642	0.647798886916	6	443	1	
200	0	148	step_1_no_load	1	2	2	328	
200	0	148	step_2_no_load	3	4	0.648050021239	0.311162711725	4	745	0	
200	0	149	step_1_no_load	1	2	2	271	
200	0	149	step_2_no_load	5	6	0.269951834184	0.601870110183	6	435	0	
200	0	150	step_1_no_load	1	2	1	468	
200	0	150	step_2_no_load	5	6	0.305587692243	0.575985663078	5	627	0	
200	0	151	step_1_no_load	1	2	1	428	
200	0	151	step_2_no_load	5	6	0.348172164421	0.59154759351	6	455	1	
200	0	152	step_1_no_load	1	2	1	283	
200	0	152	step_2_no_load	5	6	0.307702500543	0.595108765344	6	374	0	
200	0	153	step_1_no_load	1	2	2	1057	
200	0	153	step_2_no_load	5	6	0.309356532263	0.613336203392	6	608	0	
200	0	154	step_1_no_load	1	2	2	389	
200	0	154	step_2_no_load	3	4	0.671672162443	0.348349389262	3	408	0	
200	0	155	step_1_no_load	1	2	2	516	
200	0	155	step_2_no_load	3	4	0.716100930629	0.372188990474	4	785	0	
200	0	156	step_1_no_load	1	2	1	300	
200	0	156	step_2_no_load	5	6	0.32564867104	0.631048201903	6	1105	1	
200	0	157	step_1_no_load	1	2	1	338	
200	0	157	step_2_no_load	3	4	0.720725456325	0.324728201487	3	1023	1	
200	0	158	step_1_no_load	1	2	1	307	
200	0	158	step_2_no_load	3	4	0.694270715354	0.334595868098	3	547	1	
200	0	159	step_1_no_load	1	2	1	252	
200	0	159	step_2_no_load	3	4	0.697903160072	0.321150411254	3	733	1	
200	0	160	step_1_no_load	1	2	1	398	
200	0	160	step_2_no_load	3	4	0.710728171711	0.355992626298	3	607	1	
200	0	161	step_1_no_load	1	2	1	459	
200	0	161	step_2_no_load	5	6	0.407025633682	0.516036498158	6	886	0	
200	0	162	step_1_no_load	1	2	1	241	
200	0	162	step_2_no_load	5	6	0.3926701003	0.566496468084	5	296	0	
200	0	163	step_1_no_load	1	2	1	242	
200	0	163	step_2_no_load	3	4	0.697095951435	0.430920885959	3	657	1	
200	0	164	step_1_no_load	1	2	1	479	
200	0	164	step_2_no_load	3	4	0.692137394606	0.430844125626	3	752	1	
200	0	165	step_1_no_load	1	2	1	412	
200	0	165	step_2_no_load	5	6	0.463777557969	0.538026607649	5	696	0	
200	0	166	step_1_no_load	1	2	1	270	
200	0	166	step_2_no_load	3	4	0.686594248975	0.356317216644	3	597	0	
200	0	167	step_1_no_load	1	2	1	249	
200	0	167	step_2_no_load	5	6	0.38753671275	0.585131062446	5	246	1	
200	0	168	step_1_no_load	1	2	1	386	
200	0	168	step_2_no_load	3	4	0.67192508984	0.335777599654	3	349	1	
200	0	169	step_1_no_load	1	2	1	344	
200	0	169	step_2_no_load	3	4	0.704981910944	0.365156560071	3	449	1	
200	0	170	step_1_no_load	1	2	1	349	
200	0	170	step_2_no_load	5	6	0.411067820436	0.57151385403	5	29	0	
200	0	171	step_1_no_load	1	2	1	713	
200	0	171	step_2_no_load	3	4	0.727248140829	0.425122034074	3	623	1	
200	0	172	step_1_no_load	1	2	1	748	
200	0	172	step_2_no_load	3	4	0.668669556875	0.490120307546	3	716	1	
200	0	173	step_1_no_load	1	2	1	458	
200	0	173	step_2_no_load	3	4	0.667027212577	0.462866379815	3	445	0	
200	0	174	step_1_no_load	1	2	1	340	
200	0	174	step_2_no_load	5	6	0.387867297446	0.472729524832	6	568	0	
200	0	175	step_1_no_load	1	2	1	252	
200	0	175	step_2_no_load	3	4	0.693968268443	0.484825491933	3	495	0	
200	0	176	step_1_no_load	1	2	1	390	
200	0	176	step_2_no_load	3	4	0.679250000396	0.500856457218	3	454	1	
200	0	177	step_1_no_load	1	2	1	331	
200	0	177	step_2_no_load	3	4	0.714070205704	0.4798184927	3	408	0	
200	0	178	step_1_no_load	1	2	1	843	
200	0	178	step_2_no_load	3	4	0.705993797498	0.49020858644	3	352	1	
200	0	179	step_1_no_load	1	2	1	462	
200	0	179	step_2_no_load	3	4	0.709345707515	0.493565996034	3	357	1	
200	0	180	step_1_no_load	1	2	1	268	
200	0	180	step_2_no_load	3	4	0.719795072986	0.489345734128	3	280	0	
200	0	181	step_1_no_load	1	2	1	293	
200	0	181	step_2_no_load	3	4	0.746910336326	0.480141179559	3	260	1	
200	0	182	step_1_no_load	1	2	1	383	
200	0	182	step_2_no_load	5	6	0.340533666308	0.506773281362	5	318	0	
200	0	183	step_1_no_load	1	2	1	287	
200	0	183	step_2_no_load	5	6	0.350175837802	0.502991759047	5	352	0	
200	0	184	step_1_no_load	1	2	1	267	
200	0	184	step_2_no_load	3	4	0.657291439324	0.480863422096	3	400	0	
200	0	185	step_1_no_load	1	2	1	312	
200	0	185	step_2_no_load	3	4	0.665622647081	0.482228039858	3	308	1	
200	0	186	step_1_no_load	1	2	1	1321	
200	0	186	step_2_no_load	3	4	0.656308636836	0.484672582719	3	836	1	
200	0	187	step_1_no_load	1	2	1	1221	
200	0	187	step_2_no_load	5	6	0.328890769988	0.443962917772	5	673	0	
200	0	188	step_1_no_load	1	2	1	614	
200	0	188	step_2_no_load	3	4	0.696362660087	0.548350535247	4	740	0	
200	0	189	step_1_no_load	1	2	1	497	
200	0	189	step_2_no_load	3	4	0.688353284054	0.534753756004	3	524	1	
200	0	190	step_1_no_load	1	2	1	420	
200	0	190	step_2_no_load	5	6	0.304557739386	0.433568856946	5	560	1	
200	0	191	step_1_no_load	1	2	1	607	
200	0	191	step_2_no_load	5	6	0.318839908867	0.435748387321	5	343	1	
200	0	192	step_1_no_load	1	2	1	323	
200	0	192	step_2_no_load	3	4	0.705517419189	0.493851022417	3	777	1	
200	0	193	step_1_no_load	1	2	1	459	
200	0	193	step_2_no_load	3	4	0.679792491164	0.504944704439	3	440	1	
200	0	194	step_1_no_load	1	2	1	293	
200	0	194	step_2_no_load	3	4	0.655261361454	0.505359594715	3	298	0	
200	0	195	step_1_no_load	1	2	1	397	
200	0	195	step_2_no_load	3	4	0.646280688878	0.494102184238	3	266	1	
200	0	196	step_1_no_load	1	2	1	440	
200	0	196	step_2_no_load	5	6	0.365373286058	0.421761207498	5	373	0	
200	0	197	step_1_no_load	1	2	1	293	
200	0	197	step_2_no_load	5	6	0.316987700969	0.422511153127	5	374	0	
200	0	198	step_1_no_load	1	2	1	561	
200	0	198	step_2_no_load	3	4	0.68660989813	0.485065498391	3	717	1	
200	0	199	step_1_no_load	1	2	1	522	
200	0	199	step_2_no_load	3	4	0.73697129762	0.529438031858	3	463	1	
200	0	200	step_1_no_load	1	2	1	477	
200	0	200	step_2_no_load	3	4	0.728996708473	0.507902534353	3	443	1	

Mon Mar  4 15:16:47 2019
