Mon Mar  4 16:58:09 2019	
201	0	1	step_1_no_load	1	2	1	534	
201	0	1	step_2_no_load	5	6	0.598297890399	0.457620150462	5	717	0	
201	0	2	step_1_no_load	1	2	1	356	
201	0	2	step_2_no_load	5	6	0.580156942153	0.474613197709	6	712	0	
201	0	3	step_1_no_load	1	2	1	848	
201	0	3	step_2_no_load	5	6	0.584197065669	0.476767372206	5	476	1	
201	0	4	step_1_no_load	1	2	1	0	
201	0	4	step_2_no_load	3	4	0.564086293706	0.494597764192	3	458	1	
201	0	5	step_1_no_load	1	2	1	104	
201	0	5	step_2_no_load	3	4	0.576104915614	0.543908521457	3	534	0	
201	0	6	step_1_no_load	1	2	1	782	
201	0	6	step_2_no_load	5	6	0.585722686883	0.506877622204	6	723	0	
201	0	7	step_1_no_load	1	2	1	788	
201	0	7	step_2_no_load	3	4	0.622642364361	0.506408070053	4	611	1	
201	0	8	step_1_no_load	1	2	2	618	
201	0	8	step_2_no_load	3	4	0.624210374623	0.499203529332	3	583	1	
201	0	9	step_1_no_load	1	2	2	969	
201	0	9	step_2_no_load	3	4	0.641106877158	0.54429228266	3	464	0	
201	0	10	step_1_no_load	1	2	2	306	
201	0	10	step_2_no_load	5	6	0.652626043146	0.482364178155	5	985	1	
201	0	11	step_1_no_load	1	2	1	113	
201	0	11	step_2_no_load	5	6	0.69163818036	0.477013315682	5	454	1	
201	0	12	step_1_no_load	1	2	1	446	
201	0	12	step_2_no_load	3	4	0.552770607849	0.597131918027	4	755	1	
201	0	13	step_1_no_load	1	2	1	425	
201	0	13	step_2_no_load	3	4	0.558313135925	0.595790490356	4	759	1	
201	0	14	step_1_no_load	1	2	1	324	
201	0	14	step_2_no_load	5	6	0.629137942344	0.491234392147	6	794	1	
201	0	15	step_1_no_load	1	2	1	0	
201	0	15	step_2_no_load	3	4	0.570419113221	0.633564630036	4	633	0	
201	0	16	step_1_no_load	1	2	1	528	
201	0	16	step_2_no_load	3	4	0.553308964466	0.626326396372	4	975	1	
201	0	17	step_1_no_load	1	2	1	391	
201	0	17	step_2_no_load	3	4	0.562895132605	0.643116883134	4	744	1	
201	0	18	step_1_no_load	1	2	2	447	
201	0	18	step_2_no_load	3	4	0.553554620302	0.626895526976	4	709	1	
201	0	19	step_1_no_load	1	2	2	720	
201	0	19	step_2_no_load	5	6	0.619895761657	0.498240186199	5	665	0	
201	0	20	step_1_no_load	1	2	2	338	
201	0	20	step_2_no_load	5	6	0.636521555122	0.478025448397	5	606	1	
201	0	21	step_1_no_load	1	2	2	472	
201	0	21	step_2_no_load	5	6	0.630305464549	0.49769376036	6	462	0	
201	0	22	step_1_no_load	1	2	1	768	
201	0	22	step_2_no_load	5	6	0.621949894727	0.506100011497	5	1360	1	
201	0	23	step_1_no_load	1	2	1	258	
201	0	23	step_2_no_load	3	4	0.513759772011	0.604065470975	4	572	0	
201	0	24	step_1_no_load	1	2	1	327	
201	0	24	step_2_no_load	3	4	0.503316199018	0.5800912085	4	710	1	
201	0	25	step_1_no_load	1	2	1	281	
201	0	25	step_2_no_load	3	4	0.503605105412	0.629917901014	4	379	1	
201	0	26	step_1_no_load	1	2	2	811	
201	0	26	step_2_no_load	5	6	0.592410219737	0.511744353778	5	665	1	
201	0	27	step_1_no_load	1	2	1	361	
201	0	27	step_2_no_load	3	4	0.54756089792	0.642144756622	4	856	0	
201	0	28	step_1_no_load	1	2	2	232	
201	0	28	step_2_no_load	5	6	0.588356036098	0.520177259699	5	500	1	
201	0	29	step_1_no_load	1	2	1	278	
201	0	29	step_2_no_load	3	4	0.561957580386	0.618626354124	4	635	0	
201	0	30	step_1_no_load	1	2	2	0	
201	0	30	step_2_no_load	5	6	0.608245979832	0.4919199548	5	414	0	
201	0	31	step_1_no_load	1	2	1	13	
201	0	31	step_2_no_load	5	6	0.636602545794	0.483156722265	6	340	0	
201	0	32	step_1_no_load	1	2	1	90	
201	0	32	step_2_no_load	5	6	0.634585171267	0.520318771114	6	1031	1	
201	0	33	step_1_no_load	1	2	1	435	
201	0	33	step_2_no_load	3	4	0.542309898544	0.618000238621	4	733	0	
201	0	34	step_1_no_load	1	2	1	1	
201	0	34	step_2_no_load	3	4	0.538523758058	0.670290552209	4	441	1	
201	0	35	step_1_no_load	1	2	1	526	
201	0	35	step_2_no_load	3	4	0.594167768198	0.649776015006	4	478	0	
201	0	36	step_1_no_load	1	2	1	0	
201	0	36	step_2_no_load	3	4	0.611274573488	0.661229326326	3	503	0	
201	0	37	step_1_no_load	1	2	1	413	
201	0	37	step_2_no_load	3	4	0.598446394142	0.660658056664	4	391	1	
201	0	38	step_1_no_load	1	2	2	135	
201	0	38	step_2_no_load	3	4	0.595113730206	0.651263699161	3	743	1	
201	0	39	step_1_no_load	1	2	2	411	
201	0	39	step_2_no_load	5	6	0.557005857101	0.578640235206	5	836	0	
201	0	40	step_1_no_load	1	2	1	1	
201	0	40	step_2_no_load	3	4	0.607992802154	0.636994900683	3	954	1	
201	0	41	step_1_no_load	1	2	1	565	
201	0	41	step_2_no_load	3	4	0.588857868869	0.633285941184	4	684	0	
201	0	42	step_1_no_load	1	2	1	123	
201	0	42	step_2_no_load	5	6	0.533857158543	0.553461946234	5	765	0	
201	0	43	step_1_no_load	1	2	1	275	
201	0	43	step_2_no_load	3	4	0.612705031264	0.581931546759	4	640	1	
201	0	44	step_1_no_load	1	2	2	437	
201	0	44	step_2_no_load	3	4	0.611481438855	0.589653131867	4	499	0	
201	0	45	step_1_no_load	1	2	1	291	
201	0	45	step_2_no_load	3	4	0.632991467829	0.620699591043	4	877	1	
201	0	46	step_1_no_load	1	2	1	1	
201	0	46	step_2_no_load	3	4	0.600964500555	0.654261318712	4	406	1	
201	0	47	step_1_no_load	1	2	1	404	
201	0	47	step_2_no_load	3	4	0.598724660986	0.634373567175	4	469	1	
201	0	48	step_1_no_load	1	2	2	786	
201	0	48	step_2_no_load	5	6	0.534690828011	0.488280685105	5	789	1	
201	0	49	step_1_no_load	1	2	1	356	
201	0	49	step_2_no_load	3	4	0.610193185592	0.614679490594	4	311	1	
201	0	50	step_1_no_load	1	2	1	312	
201	0	50	step_2_no_load	3	4	0.606862017918	0.593458480934	4	372	0	
201	0	51	step_1_no_load	1	2	1	6	
201	0	51	step_2_no_load	5	6	0.508197321577	0.469943944943	6	312	1	
201	0	52	step_1_no_load	1	2	1	117	
201	0	52	step_2_no_load	3	4	0.539065404057	0.613408921915	4	517	0	
201	0	53	step_1_no_load	1	2	1	0	
201	0	53	step_2_no_load	3	4	0.551457882502	0.630956764252	4	454	1	
201	0	54	step_1_no_load	1	2	1	10	
201	0	54	step_2_no_load	5	6	0.493362545513	0.491512498697	6	365	0	
201	0	55	step_1_no_load	1	2	1	54	
201	0	55	step_2_no_load	5	6	0.526704292526	0.487025527704	5	458	0	
201	0	56	step_1_no_load	1	2	1	4	
201	0	56	step_2_no_load	3	4	0.601856598146	0.60038825769	4	584	0	
201	0	57	step_1_no_load	1	2	1	125	
201	0	57	step_2_no_load	3	4	0.641849303307	0.586335094239	4	387	1	
201	0	58	step_1_no_load	1	2	1	493	
201	0	58	step_2_no_load	3	4	0.664682809182	0.610896130115	4	540	1	
201	0	59	step_1_no_load	1	2	1	193	
201	0	59	step_2_no_load	3	4	0.632500293208	0.608951267756	4	598	1	
201	0	60	step_1_no_load	1	2	1	369	
201	0	60	step_2_no_load	5	6	0.479287247283	0.491916707098	6	391	0	
201	0	61	step_1_no_load	1	2	1	309	
201	0	61	step_2_no_load	3	4	0.669587072502	0.602879526975	4	576	0	
201	0	62	step_1_no_load	1	2	2	29	
201	0	62	step_2_no_load	5	6	0.533031417444	0.50724109756	6	662	0	
201	0	63	step_1_no_load	1	2	2	305	
201	0	63	step_2_no_load	3	4	0.664284493458	0.642623127313	4	866	1	
201	0	64	step_1_no_load	1	2	2	0	
201	0	64	step_2_no_load	5	6	0.533849886794	0.555062911513	5	760	1	
201	0	65	step_1_no_load	1	2	2	1	
201	0	65	step_2_no_load	5	6	0.517687993213	0.569109504048	5	460	0	
201	0	66	step_1_no_load	1	2	2	223	
201	0	66	step_2_no_load	5	6	0.555324764318	0.573761869714	5	502	0	
201	0	67	step_1_no_load	1	2	1	332	
201	0	67	step_2_no_load	3	4	0.597650193897	0.674463681351	4	439	0	
201	0	68	step_1_no_load	1	2	1	909	
201	0	68	step_2_no_load	5	6	0.523301545299	0.509127161919	5	798	1	
201	0	69	step_1_no_load	1	2	1	399	
201	0	69	step_2_no_load	5	6	0.560462111264	0.499137600991	5	533	1	
201	0	70	step_1_no_load	1	2	1	334	
201	0	70	step_2_no_load	5	6	0.548075770764	0.498834901463	5	471	1	
201	0	71	step_1_no_load	1	2	1	0	
201	0	71	step_2_no_load	3	4	0.639174917797	0.706816191949	3	286	1	
201	0	72	step_1_no_load	1	2	1	334	
201	0	72	step_2_no_load	3	4	0.626024641967	0.705884789502	3	805	0	
201	0	73	step_1_no_load	1	2	1	421	
201	0	73	step_2_no_load	3	4	0.657126403029	0.727961155836	3	503	1	
201	0	74	step_1_no_load	1	2	1	267	
201	0	74	step_2_no_load	5	6	0.491044983779	0.453420386428	5	398	0	
201	0	75	step_1_no_load	1	2	1	371	
201	0	75	step_2_no_load	5	6	0.483983914712	0.44832280175	5	641	0	
201	0	76	step_1_no_load	1	2	1	288	
201	0	76	step_2_no_load	5	6	0.518881389358	0.488583631821	5	543	0	
201	0	77	step_1_no_load	1	2	1	314	
201	0	77	step_2_no_load	5	6	0.538119616568	0.446809557226	5	373	0	
201	0	78	step_1_no_load	1	2	1	257	
201	0	78	step_2_no_load	5	6	0.538654072849	0.435911167612	5	318	0	
201	0	79	step_1_no_load	1	2	2	495	
201	0	79	step_2_no_load	5	6	0.540085062695	0.389124152368	5	1003	0	
201	0	80	step_1_no_load	1	2	2	343	
201	0	80	step_2_no_load	3	4	0.518583383166	0.703969305517	4	816	1	
201	0	81	step_1_no_load	1	2	2	233	
201	0	81	step_2_no_load	5	6	0.494116554432	0.419265522488	5	748	0	
201	0	82	step_1_no_load	1	2	1	236	
201	0	82	step_2_no_load	5	6	0.482727017837	0.395813831323	6	785	0	
201	0	83	step_1_no_load	1	2	1	292	
201	0	83	step_2_no_load	3	4	0.607907985871	0.726885136842	4	670	1	
201	0	84	step_1_no_load	1	2	2	236	
201	0	84	step_2_no_load	3	4	0.65843840156	0.731466635793	4	596	1	
201	0	85	step_1_no_load	1	2	2	317	
201	0	85	step_2_no_load	5	6	0.485785534744	0.384458259121	5	1002	0	
201	0	86	step_1_no_load	1	2	1	313	
201	0	86	step_2_no_load	5	6	0.486462788728	0.345323068124	5	792	1	
201	0	87	step_1_no_load	1	2	1	746	
201	0	87	step_2_no_load	3	4	0.719375344246	0.690012761069	4	539	0	
201	0	88	step_1_no_load	1	2	1	459	
201	0	88	step_2_no_load	3	4	0.717410082358	0.696773608304	4	450	1	
201	0	89	step_1_no_load	1	2	1	414	
201	0	89	step_2_no_load	5	6	0.490019385174	0.415882489686	5	875	0	
201	0	90	step_1_no_load	1	2	2	573	
201	0	90	step_2_no_load	5	6	0.530126112124	0.411459496853	5	756	1	
201	0	91	step_1_no_load	1	2	1	322	
201	0	91	step_2_no_load	3	4	0.685023809334	0.657820521772	4	423	1	
201	0	92	step_1_no_load	1	2	1	415	
201	0	92	step_2_no_load	3	4	0.692406274724	0.679381608313	4	567	1	
201	0	93	step_1_no_load	1	2	1	461	
201	0	93	step_2_no_load	3	4	0.70415710998	0.662863370634	4	706	1	
201	0	94	step_1_no_load	1	2	1	350	
201	0	94	step_2_no_load	5	6	0.468637558205	0.429211756872	5	915	0	
201	0	95	step_1_no_load	1	2	1	324	
201	0	95	step_2_no_load	3	4	0.715495469274	0.640209855442	4	607	0	
201	0	96	step_1_no_load	1	2	1	358	
201	0	96	step_2_no_load	5	6	0.437558890646	0.383038640121	5	941	1	
201	0	97	step_1_no_load	1	2	2	1046	
201	0	97	step_2_no_load	5	6	0.455601814112	0.392885664353	5	827	1	
201	0	98	step_1_no_load	1	2	1	330	
201	0	98	step_2_no_load	5	6	0.431479829356	0.409778171713	5	615	1	
201	0	99	step_1_no_load	1	2	1	360	
201	0	99	step_2_no_load	3	4	0.673709850038	0.645191748454	4	596	1	
201	0	100	step_1_no_load	1	2	1	239	
201	0	100	step_2_no_load	3	4	0.666227451505	0.66579920021	4	651	1	
201	0	101	step_1_no_load	1	2	1	412	
201	0	101	step_2_no_load	3	4	0.623812401974	0.655903528958	4	550	1	
201	0	102	step_1_no_load	1	2	1	288	
201	0	102	step_2_no_load	3	4	0.666304534392	0.663124617603	4	580	0	
201	0	103	step_1_no_load	1	2	1	0	
201	0	103	step_2_no_load	3	4	0.663997796029	0.69058998368	4	627	0	
201	0	104	step_1_no_load	1	2	1	418	
201	0	104	step_2_no_load	3	4	0.703870701136	0.743372642809	4	559	1	
201	0	105	step_1_no_load	1	2	1	308	
201	0	105	step_2_no_load	3	4	0.689135357059	0.722851301692	4	541	1	
201	0	106	step_1_no_load	1	2	1	461	
201	0	106	step_2_no_load	3	4	0.712883638252	0.699623252899	4	516	1	
201	0	107	step_1_no_load	1	2	1	393	
201	0	107	step_2_no_load	3	4	0.692607431435	0.677514185929	4	762	0	
201	0	108	step_1_no_load	1	2	1	299	
201	0	108	step_2_no_load	3	4	0.695928523711	0.681491063126	4	370	1	
201	0	109	step_1_no_load	1	2	1	328	
201	0	109	step_2_no_load	5	6	0.372328831887	0.479977531501	5	716	0	
201	0	110	step_1_no_load	1	2	1	285	
201	0	110	step_2_no_load	3	4	0.729599891941	0.65455226558	4	758	1	
201	0	111	step_1_no_load	1	2	1	497	
201	0	111	step_2_no_load	3	4	0.724852671171	0.634599547742	4	725	1	
201	0	112	step_1_no_load	1	2	1	405	
201	0	112	step_2_no_load	3	4	0.725701866094	0.635252945963	4	546	1	
201	0	113	step_1_no_load	1	2	1	335	
201	0	113	step_2_no_load	3	4	0.719324307956	0.634627459817	4	690	0	
201	0	114	step_1_no_load	1	2	1	366	
201	0	114	step_2_no_load	3	4	0.718213323791	0.657654904272	4	709	1	
201	0	115	step_1_no_load	1	2	1	573	
201	0	115	step_2_no_load	3	4	0.739704344621	0.645721217949	4	359	1	
201	0	116	step_1_no_load	1	2	1	283	
201	0	116	step_2_no_load	3	4	0.706736514943	0.680124293449	4	461	1	
201	0	117	step_1_no_load	1	2	1	347	
201	0	117	step_2_no_load	3	4	0.747012267642	0.671842537277	4	483	1	
201	0	118	step_1_no_load	1	2	1	372	
201	0	118	step_2_no_load	3	4	0.740051715856	0.690484235012	4	426	1	
201	0	119	step_1_no_load	1	2	1	344	
201	0	119	step_2_no_load	3	4	0.690424535099	0.661177321751	4	508	1	
201	0	120	step_1_no_load	1	2	1	225	
201	0	120	step_2_no_load	3	4	0.70587238626	0.666433355915	4	543	0	
201	0	121	step_1_no_load	1	2	1	279	
201	0	121	step_2_no_load	3	4	0.658856304095	0.671052306195	4	393	0	
201	0	122	step_1_no_load	1	2	1	254	
201	0	122	step_2_no_load	3	4	0.6136886145	0.672193618854	4	448	1	
201	0	123	step_1_no_load	1	2	1	251	
201	0	123	step_2_no_load	3	4	0.583607229978	0.664849878232	4	425	1	
201	0	124	step_1_no_load	1	2	1	265	
201	0	124	step_2_no_load	3	4	0.603013298253	0.624161788269	4	552	1	
201	0	125	step_1_no_load	1	2	1	343	
201	0	125	step_2_no_load	3	4	0.559596800931	0.633566302563	4	362	0	
201	0	126	step_1_no_load	1	2	1	262	
201	0	126	step_2_no_load	3	4	0.537863824328	0.600985760967	4	382	0	
201	0	127	step_1_no_load	1	2	1	177	
201	0	127	step_2_no_load	3	4	0.560824094575	0.646945556251	4	357	1	
201	0	128	step_1_no_load	1	2	1	416	
201	0	128	step_2_no_load	3	4	0.636905534066	0.620672334996	4	481	1	
201	0	129	step_1_no_load	1	2	1	409	
201	0	129	step_2_no_load	5	6	0.268213321963	0.271709703542	5	798	0	
201	0	130	step_1_no_load	1	2	1	62	
201	0	130	step_2_no_load	5	6	0.267460866951	0.274560758494	5	658	1	
201	0	131	step_1_no_load	1	2	1	351	
201	0	131	step_2_no_load	3	4	0.678044920845	0.638450601212	4	551	1	
201	0	132	step_1_no_load	1	2	1	382	
201	0	132	step_2_no_load	3	4	0.668578020634	0.660013924697	3	652	1	
201	0	133	step_1_no_load	1	2	1	307	
201	0	133	step_2_no_load	5	6	0.315608831386	0.312642735495	5	780	0	
201	0	134	step_1_no_load	1	2	1	606	
201	0	134	step_2_no_load	3	4	0.621945110858	0.685529359147	4	516	1	
201	0	135	step_1_no_load	1	2	1	601	
201	0	135	step_2_no_load	3	4	0.593710006149	0.700779221781	4	420	1	
201	0	136	step_1_no_load	1	2	1	280	
201	0	136	step_2_no_load	3	4	0.597814413435	0.674914008636	4	626	1	
201	0	137	step_1_no_load	1	2	1	408	
201	0	137	step_2_no_load	5	6	0.346433498467	0.325016613024	5	604	1	
201	0	138	step_1_no_load	1	2	1	441	
201	0	138	step_2_no_load	5	6	0.366701525561	0.307694123906	5	576	0	
201	0	139	step_1_no_load	1	2	1	287	
201	0	139	step_2_no_load	5	6	0.325611400511	0.323660750961	5	579	1	
201	0	140	step_1_no_load	1	2	1	93	
201	0	140	step_2_no_load	3	4	0.671213945178	0.637682840728	4	561	1	
201	0	141	step_1_no_load	1	2	1	284	
201	0	141	step_2_no_load	3	4	0.711987889705	0.616803346728	4	631	1	
201	0	142	step_1_no_load	1	2	1	367	
201	0	142	step_2_no_load	3	4	0.690276058009	0.627356259123	4	521	0	
201	0	143	step_1_no_load	1	2	1	354	
201	0	143	step_2_no_load	3	4	0.661365099615	0.610219102298	4	574	1	
201	0	144	step_1_no_load	1	2	1	424	
201	0	144	step_2_no_load	3	4	0.626443722248	0.639347300184	4	530	1	
201	0	145	step_1_no_load	1	2	1	325	
201	0	145	step_2_no_load	3	4	0.6669125229	0.606515632748	4	528	1	
201	0	146	step_1_no_load	1	2	1	552	
201	0	146	step_2_no_load	5	6	0.320877500969	0.257861956214	5	1002	0	
201	0	147	step_1_no_load	1	2	2	491	
201	0	147	step_2_no_load	5	6	0.352879785946	0.265578160642	5	645	1	
201	0	148	step_1_no_load	1	2	1	106	
201	0	148	step_2_no_load	3	4	0.619272702026	0.648050021239	4	425	1	
201	0	149	step_1_no_load	1	2	1	368	
201	0	149	step_2_no_load	3	4	0.601870110183	0.623203869836	4	539	0	
201	0	150	step_1_no_load	1	2	1	328	
201	0	150	step_2_no_load	3	4	0.575985663078	0.605912419156	4	493	1	
201	0	151	step_1_no_load	1	2	1	340	
201	0	151	step_2_no_load	3	4	0.59154759351	0.614159737668	4	478	0	
201	0	152	step_1_no_load	1	2	1	278	
201	0	152	step_2_no_load	5	6	0.323194010514	0.307702500543	6	418	0	
201	0	153	step_1_no_load	1	2	1	112	
201	0	153	step_2_no_load	5	6	0.343622632154	0.309356532263	5	594	0	
201	0	154	step_1_no_load	1	2	1	347	
201	0	154	step_2_no_load	3	4	0.638934099562	0.671672162443	4	534	1	
201	0	155	step_1_no_load	1	2	1	330	
201	0	155	step_2_no_load	3	4	0.632486591889	0.716100930629	4	616	1	
201	0	156	step_1_no_load	1	2	1	413	
201	0	156	step_2_no_load	3	4	0.631048201903	0.734436160799	4	640	1	
201	0	157	step_1_no_load	1	2	1	369	
201	0	157	step_2_no_load	5	6	0.324728201487	0.350909357271	5	990	0	
201	0	158	step_1_no_load	1	2	1	339	
201	0	158	step_2_no_load	3	4	0.532722108502	0.694270715354	4	593	1	
201	0	159	step_1_no_load	1	2	1	395	
201	0	159	step_2_no_load	3	4	0.541222065796	0.697903160072	4	723	1	
201	0	160	step_1_no_load	1	2	1	435	
201	0	160	step_2_no_load	3	4	0.521229931064	0.710728171711	4	616	1	
201	0	161	step_1_no_load	1	2	1	317	
201	0	161	step_2_no_load	3	4	0.516036498158	0.719896286569	4	651	1	
201	0	162	step_1_no_load	1	2	1	554	
201	0	162	step_2_no_load	5	6	0.455329532209	0.3926701003	5	1004	1	
201	0	163	step_1_no_load	1	2	1	382	
201	0	163	step_2_no_load	5	6	0.430920885959	0.395221309311	5	713	0	
201	0	164	step_1_no_load	1	2	1	382	
201	0	164	step_2_no_load	5	6	0.430844125626	0.432761720497	5	652	1	
201	0	165	step_1_no_load	1	2	1	383	
201	0	165	step_2_no_load	3	4	0.538026607649	0.717506143195	4	542	1	
201	0	166	step_1_no_load	1	2	1	338	
201	0	166	step_2_no_load	3	4	0.549095060025	0.686594248975	4	552	1	
201	0	167	step_1_no_load	1	2	1	282	
201	0	167	step_2_no_load	3	4	0.585131062446	0.706271792549	4	593	0	
201	0	168	step_1_no_load	1	2	1	339	
201	0	168	step_2_no_load	3	4	0.613361520676	0.67192508984	4	609	1	
201	0	169	step_1_no_load	1	2	1	402	
201	0	169	step_2_no_load	3	4	0.586049140041	0.704981910944	4	672	1	
201	0	170	step_1_no_load	1	2	1	308	
201	0	170	step_2_no_load	3	4	0.57151385403	0.67334314737	4	447	0	
201	0	171	step_1_no_load	1	2	1	382	
201	0	171	step_2_no_load	3	4	0.553314431843	0.727248140829	4	408	1	
201	0	172	step_1_no_load	1	2	1	692	
201	0	172	step_2_no_load	3	4	0.519090471457	0.668669556875	4	496	1	
201	0	173	step_1_no_load	1	2	1	337	
201	0	173	step_2_no_load	3	4	0.484428109849	0.667027212577	4	625	0	
201	0	174	step_1_no_load	1	2	1	262	
201	0	174	step_2_no_load	5	6	0.46236234172	0.387867297446	5	617	0	
201	0	175	step_1_no_load	1	2	1	132	
201	0	175	step_2_no_load	3	4	0.52644949356	0.693968268443	4	558	1	
201	0	176	step_1_no_load	1	2	1	327	
201	0	176	step_2_no_load	5	6	0.500856457218	0.383231572002	5	720	1	
201	0	177	step_1_no_load	1	2	1	605	
201	0	177	step_2_no_load	3	4	0.501268576771	0.714070205704	4	496	0	
201	0	178	step_1_no_load	1	2	1	626	
201	0	178	step_2_no_load	3	4	0.493712351915	0.705993797498	4	651	0	
201	0	179	step_1_no_load	1	2	1	306	
201	0	179	step_2_no_load	3	4	0.457298770028	0.709345707515	4	393	0	
201	0	180	step_1_no_load	1	2	1	208	
201	0	180	step_2_no_load	3	4	0.482853857291	0.719795072986	4	545	1	
201	0	181	step_1_no_load	1	2	1	307	
201	0	181	step_2_no_load	5	6	0.480141179559	0.342402764747	5	583	1	
201	0	182	step_1_no_load	1	2	1	273	
201	0	182	step_2_no_load	5	6	0.49907747228	0.340533666308	5	635	1	
201	0	183	step_1_no_load	1	2	1	565	
201	0	183	step_2_no_load	5	6	0.492742497507	0.350175837802	5	665	1	
201	0	184	step_1_no_load	1	2	1	585	
201	0	184	step_2_no_load	5	6	0.480863422096	0.362743255194	5	521	1	
201	0	185	step_1_no_load	1	2	1	402	
201	0	185	step_2_no_load	3	4	0.479703516092	0.665622647081	4	671	1	
201	0	186	step_1_no_load	1	2	1	506	
201	0	186	step_2_no_load	3	4	0.46870859828	0.656308636836	3	578	1	
201	0	187	step_1_no_load	1	2	1	333	
201	0	187	step_2_no_load	3	4	0.443962917772	0.678211978625	4	394	0	
201	0	188	step_1_no_load	1	2	1	306	
201	0	188	step_2_no_load	5	6	0.548350535247	0.291508050861	5	843	0	
201	0	189	step_1_no_load	1	2	1	457	
201	0	189	step_2_no_load	3	4	0.448897869069	0.688353284054	4	525	1	
201	0	190	step_1_no_load	1	2	1	358	
201	0	190	step_2_no_load	5	6	0.505820429042	0.304557739386	5	797	0	
201	0	191	step_1_no_load	1	2	1	531	
201	0	191	step_2_no_load	5	6	0.512103523931	0.318839908867	5	981	0	
201	0	192	step_1_no_load	1	2	1	705	
201	0	192	step_2_no_load	3	4	0.450791310283	0.705517419189	4	415	1	
201	0	193	step_1_no_load	1	2	1	420	
201	0	193	step_2_no_load	3	4	0.440813209638	0.679792491164	4	578	1	
201	0	194	step_1_no_load	1	2	1	379	
201	0	194	step_2_no_load	3	4	0.433250459893	0.655261361454	4	665	1	
201	0	195	step_1_no_load	1	2	1	473	
201	0	195	step_2_no_load	3	4	0.466795336969	0.646280688878	4	590	1	
201	0	196	step_1_no_load	1	2	1	605	
201	0	196	step_2_no_load	5	6	0.496717662777	0.365373286058	5	703	0	
201	0	197	step_1_no_load	1	2	1	511	
201	0	197	step_2_no_load	3	4	0.422511153127	0.686552522522	4	486	0	
201	0	198	step_1_no_load	1	2	1	344	
201	0	198	step_2_no_load	3	4	0.397292432346	0.68660989813	4	1297	1	
201	0	199	step_1_no_load	1	2	1	300	
201	0	199	step_2_no_load	3	4	0.39793773834	0.73697129762	4	483	1	
201	0	200	step_1_no_load	1	2	1	415	
201	0	200	step_2_no_load	3	4	0.372436949782	0.728996708473	4	712	1	

Mon Mar  4 17:19:22 2019
