Fri Mar  8 15:09:11 2019	
203	0	1	step_1_no_load	1	2	-1	-1	
203	0	2	step_1_no_load	1	2	2	794	
203	0	2	step_2_no_load	3	4	0.533203491871	0.580156942153	4	410	1	
203	0	3	step_1_no_load	1	2	2	694	
203	0	3	step_2_no_load	5	6	0.589215227351	0.476767372206	5	893	1	
203	0	4	step_1_no_load	1	2	2	455	
203	0	4	step_2_no_load	3	4	0.494597764192	0.597491569846	4	776	1	
203	0	5	step_1_no_load	1	2	2	847	
203	0	5	step_2_no_load	3	4	0.543908521457	0.623810210114	4	631	0	
203	0	6	step_1_no_load	1	2	2	318	
203	0	6	step_2_no_load	5	6	0.603642866427	0.506877622204	5	1042	1	
203	0	7	step_1_no_load	1	2	2	839	
203	0	7	step_2_no_load	5	6	0.622642364361	0.500071913476	6	995	1	
203	0	8	step_1_no_load	1	2	2	613	
203	0	8	step_2_no_load	5	6	0.624210374623	0.489816616396	6	568	0	
203	0	9	step_1_no_load	1	2	2	322	
203	0	9	step_2_no_load	5	6	0.641106877158	0.496546708465	5	518	1	
203	0	10	step_1_no_load	1	2	2	409	
203	0	10	step_2_no_load	5	6	0.636063269715	0.482364178155	5	618	0	
203	0	11	step_1_no_load	1	2	2	460	
203	0	11	step_2_no_load	5	6	0.609191465743	0.477013315682	5	850	1	
203	0	12	step_1_no_load	1	2	2	649	
203	0	12	step_2_no_load	5	6	0.552770607849	0.48457206759	6	661	0	
203	0	13	step_1_no_load	1	2	2	397	
203	0	13	step_2_no_load	3	4	0.595790490356	0.653587098421	4	967	1	
203	0	14	step_1_no_load	1	2	2	356	
203	0	14	step_2_no_load	3	4	0.611256675753	0.629137942344	4	704	1	
203	0	15	step_1_no_load	1	2	2	668	
203	0	15	step_2_no_load	3	4	0.633564630036	0.612260006668	4	690	1	
203	0	16	step_1_no_load	1	2	2	355	
203	0	16	step_2_no_load	5	6	0.553308964466	0.510958036527	5	636	1	
203	0	17	step_1_no_load	1	2	2	410	
203	0	17	step_2_no_load	5	6	0.562895132605	0.535958400205	5	685	1	
203	0	18	step_1_no_load	1	2	2	506	
203	0	18	step_2_no_load	3	4	0.626895526976	0.626834332012	-1	-1	-1	
203	0	19	step_1_no_load	1	2	2	214	
203	0	19	step_2_no_load	5	6	0.536502319591	0.498240186199	6	786	0	
203	0	20	step_1_no_load	1	2	2	329	
203	0	20	step_2_no_load	5	6	0.491720931314	0.478025448397	5	796	1	
203	0	21	step_1_no_load	1	2	2	299	
203	0	21	step_2_no_load	3	4	0.611328949295	0.630305464549	4	877	0	
203	0	22	step_1_no_load	1	2	2	535	
203	0	22	step_2_no_load	3	4	0.618527126547	0.621949894727	3	896	1	
203	0	23	step_1_no_load	1	2	2	383	
203	0	23	step_2_no_load	5	6	0.513759772011	0.520606588181	5	683	0	
203	0	24	step_1_no_load	1	2	2	445	
203	0	24	step_2_no_load	5	6	0.503316199018	0.505388876622	5	621	0	
203	0	25	step_1_no_load	1	2	2	411	
203	0	25	step_2_no_load	5	6	0.503605105412	0.503316372362	5	735	0	
203	0	26	step_1_no_load	1	2	2	250	
203	0	26	step_2_no_load	3	4	0.640635035276	0.592410219737	4	1085	0	
203	0	27	step_1_no_load	1	2	2	353	
203	0	27	step_2_no_load	5	6	0.54756089792	0.507272671939	5	675	0	
203	0	28	step_1_no_load	1	2	2	373	
203	0	28	step_2_no_load	3	4	0.647441527317	0.588356036098	4	653	0	
203	0	29	step_1_no_load	1	2	2	1328	
203	0	29	step_2_no_load	5	6	0.561957580386	0.521159009103	5	653	0	
203	0	30	step_1_no_load	1	2	1	441	
203	0	30	step_2_no_load	3	4	0.610227092493	0.608245979832	3	412	1	
203	0	31	step_1_no_load	1	2	1	361	
203	0	31	step_2_no_load	3	4	0.606122691795	0.636602545794	4	821	1	
203	0	32	step_1_no_load	1	2	1	536	
203	0	32	step_2_no_load	5	6	0.522993086096	0.520318771114	5	645	0	
203	0	33	step_1_no_load	1	2	1	341	
203	0	33	step_2_no_load	5	6	0.542309898544	0.487664344039	6	312	0	
203	0	34	step_1_no_load	1	2	1	398	
203	0	34	step_2_no_load	3	4	0.670290552209	0.575802910074	3	428	1	
203	0	35	step_1_no_load	1	2	1	560	
203	0	35	step_2_no_load	5	6	0.594167768198	0.491437207585	6	683	1	
203	0	36	step_1_no_load	1	2	1	389	
203	0	36	step_2_no_load	3	4	0.661229326326	0.527635087561	4	970	0	
203	0	37	step_1_no_load	1	2	1	312	
203	0	37	step_2_no_load	3	4	0.660658056664	0.513822304161	4	894	1	
203	0	38	step_1_no_load	1	2	1	675	
203	0	38	step_2_no_load	3	4	0.651263699161	0.539078491643	3	355	0	
203	0	39	step_1_no_load	1	2	1	60	
203	0	39	step_2_no_load	3	4	0.634483337633	0.557005857101	3	52	0	
203	0	40	step_1_no_load	1	2	1	573	
203	0	40	step_2_no_load	5	6	0.607992802154	0.5691386571	5	1203	0	
203	0	41	step_1_no_load	1	2	1	471	
203	0	41	step_2_no_load	5	6	0.588857868869	0.583829055298	6	335	1	
203	0	42	step_1_no_load	1	2	1	1071	
203	0	42	step_2_no_load	3	4	0.606696263624	0.533857158543	4	1033	1	
203	0	43	step_1_no_load	1	2	1	406	
203	0	43	step_2_no_load	3	4	0.581931546759	0.553703096215	4	335	0	
203	0	44	step_1_no_load	1	2	1	249	
203	0	44	step_2_no_load	5	6	0.611481438855	0.537842745081	5	381	1	
203	0	45	step_1_no_load	1	2	1	365	
203	0	45	step_2_no_load	3	4	0.620699591043	0.579346234508	3	584	1	
203	0	46	step_1_no_load	1	2	1	808	
203	0	46	step_2_no_load	3	4	0.654261318712	0.55511883717	4	360	1	
203	0	47	step_1_no_load	1	2	1	591	
203	0	47	step_2_no_load	3	4	0.634373567175	0.546259467838	4	421	1	
203	0	48	step_1_no_load	1	2	1	356	
203	0	48	step_2_no_load	5	6	0.615767119776	0.488280685105	5	298	1	
203	0	49	step_1_no_load	1	2	1	355	
203	0	49	step_2_no_load	3	4	0.614679490594	0.512405963374	3	409	1	
203	0	50	step_1_no_load	1	2	1	257	
203	0	50	step_2_no_load	3	4	0.593458480934	0.481616544184	4	302	0	
203	0	51	step_1_no_load	1	2	1	456	
203	0	51	step_2_no_load	3	4	0.613357430892	0.508197321577	3	440	1	
203	0	52	step_1_no_load	1	2	1	375	
203	0	52	step_2_no_load	3	4	0.613408921915	0.513589895419	3	1102	1	
203	0	53	step_1_no_load	1	2	1	467	
203	0	53	step_2_no_load	5	6	0.551457882502	0.451905460347	6	342	1	
203	0	54	step_1_no_load	1	2	1	609	
203	0	54	step_2_no_load	5	6	0.570223904064	0.491512498697	6	346	1	
203	0	55	step_1_no_load	1	2	1	386	
203	0	55	step_2_no_load	3	4	0.639840796975	0.526704292526	4	356	0	
203	0	56	step_1_no_load	1	2	1	338	
203	0	56	step_2_no_load	5	6	0.601856598146	0.459773408493	5	383	0	
203	0	57	step_1_no_load	1	2	1	462	
203	0	57	step_2_no_load	3	4	0.586335094239	0.516475618243	3	419	1	
203	0	58	step_1_no_load	1	2	1	392	
203	0	58	step_2_no_load	3	4	0.610896130115	0.528376440027	4	190	0	
203	0	59	step_1_no_load	1	2	1	345	
203	0	59	step_2_no_load	3	4	0.608951267756	0.537400760025	3	434	1	
203	0	60	step_1_no_load	1	2	1	368	
203	0	60	step_2_no_load	3	4	0.599559577859	0.479287247283	3	364	0	
203	0	61	step_1_no_load	1	2	1	355	
203	0	61	step_2_no_load	3	4	0.602879526975	0.527144452559	4	426	0	
203	0	62	step_1_no_load	1	2	2	303	
203	0	62	step_2_no_load	3	4	0.622820395113	0.533031417444	4	455	1	
203	0	63	step_1_no_load	1	2	2	595	
203	0	63	step_2_no_load	5	6	0.664284493458	0.53192660365	5	406	0	
203	0	64	step_1_no_load	1	2	2	122	
203	0	64	step_2_no_load	3	4	0.626149195169	0.533849886794	4	203	0	
203	0	65	step_1_no_load	1	2	2	1248	
203	0	65	step_2_no_load	5	6	0.612660225018	0.569109504048	6	952	1	
203	0	66	step_1_no_load	1	2	2	286	
203	0	66	step_2_no_load	5	6	0.606938648072	0.573761869714	5	276	1	
203	0	67	step_1_no_load	1	2	2	357	
203	0	67	step_2_no_load	5	6	0.597650193897	0.542076810516	6	476	0	
203	0	68	step_1_no_load	1	2	2	974	
203	0	68	step_2_no_load	5	6	0.622963076372	0.509127161919	6	621	1	
203	0	69	step_1_no_load	1	2	2	224	
203	0	69	step_2_no_load	5	6	0.622221685203	0.499137600991	6	612	0	
203	0	70	step_1_no_load	1	2	2	342	
203	0	70	step_2_no_load	5	6	0.637556284465	0.498834901463	5	466	1	
203	0	71	step_1_no_load	1	2	2	809	
203	0	71	step_2_no_load	3	4	0.706816191949	0.546215110045	3	793	0	
203	0	72	step_1_no_load	1	2	1	473	
203	0	72	step_2_no_load	3	4	0.705884789502	0.556486305476	4	802	0	
203	0	73	step_1_no_load	1	2	2	412	
203	0	73	step_2_no_load	5	6	0.657126403029	0.435957313805	5	1042	0	
203	0	74	step_1_no_load	1	2	2	157	
203	0	74	step_2_no_load	3	4	0.693624670847	0.491044983779	4	691	1	
203	0	75	step_1_no_load	1	2	2	1234	
203	0	75	step_2_no_load	5	6	0.615552849174	0.44832280175	5	906	1	
203	0	76	step_1_no_load	1	2	2	680	
203	0	76	step_2_no_load	5	6	0.62770291155	0.488583631821	5	923	0	
203	0	77	step_1_no_load	1	2	1	1157	
203	0	77	step_2_no_load	5	6	0.564257587118	0.446809557226	5	740	1	
203	0	78	step_1_no_load	1	2	1	609	
203	0	78	step_2_no_load	3	4	0.647586191228	0.538654072849	4	900	1	
203	0	79	step_1_no_load	1	2	1	1087	
203	0	79	step_2_no_load	5	6	0.513695512795	0.389124152368	5	683	1	
203	0	80	step_1_no_load	1	2	1	691	
203	0	80	step_2_no_load	3	4	0.703969305517	0.49921021142	3	770	1	
203	0	81	step_1_no_load	1	2	1	725	
203	0	81	step_2_no_load	3	4	0.702400933084	0.494116554432	4	666	0	
203	0	82	step_1_no_load	1	2	1	748	
203	0	82	step_2_no_load	3	4	0.688340116885	0.482727017837	3	379	0	
203	0	83	step_1_no_load	1	2	1	365	
203	0	83	step_2_no_load	3	4	0.726885136842	0.483255412498	4	336	1	
203	0	84	step_1_no_load	1	2	1	516	
203	0	84	step_2_no_load	3	4	0.731466635793	0.505586222209	3	498	0	
203	0	85	step_1_no_load	1	2	1	265	
203	0	85	step_2_no_load	3	4	0.712989604416	0.485785534744	4	496	1	
203	0	86	step_1_no_load	1	2	1	414	
203	0	86	step_2_no_load	3	4	0.721207648497	0.486462788728	4	565	1	
203	0	87	step_1_no_load	1	2	1	246	
203	0	87	step_2_no_load	3	4	0.690012761069	0.493867001103	4	462	0	
203	0	88	step_1_no_load	1	2	1	260	
203	0	88	step_2_no_load	5	6	0.717410082358	0.377947492322	5	327	1	
203	0	89	step_1_no_load	1	2	1	214	
203	0	89	step_2_no_load	3	4	0.660112261017	0.490019385174	4	1111	1	
203	0	90	step_1_no_load	1	2	1	298	
203	0	90	step_2_no_load	3	4	0.688736868033	0.530126112124	4	553	1	
203	0	91	step_1_no_load	1	2	1	363	
203	0	91	step_2_no_load	3	4	0.657820521772	0.479087223222	4	763	1	
203	0	92	step_1_no_load	1	2	1	376	
203	0	92	step_2_no_load	3	4	0.679381608313	0.484260039873	4	675	0	
203	0	93	step_1_no_load	1	2	2	1064	
203	0	93	step_2_no_load	5	6	0.70415710998	0.439878153082	5	768	1	
203	0	94	step_1_no_load	1	2	2	824	
203	0	94	step_2_no_load	5	6	0.719464414227	0.429211756872	5	590	1	
203	0	95	step_1_no_load	1	2	2	613	
203	0	95	step_2_no_load	5	6	0.715495469274	0.427150666411	5	373	1	
203	0	96	step_1_no_load	1	2	2	362	
203	0	96	step_2_no_load	5	6	0.693739812506	0.383038640121	5	319	0	
203	0	97	step_1_no_load	1	2	1	393	
203	0	97	step_2_no_load	3	4	0.651202057411	0.455601814112	4	496	0	
203	0	98	step_1_no_load	1	2	1	304	
203	0	98	step_2_no_load	3	4	0.646040060297	0.431479829356	4	513	0	
203	0	99	step_1_no_load	1	2	1	292	
203	0	99	step_2_no_load	5	6	0.673709850038	0.397561363605	5	296	1	
203	0	100	step_1_no_load	1	2	1	82	
203	0	100	step_2_no_load	3	4	0.66579920021	0.363162156005	4	466	1	
203	0	101	step_1_no_load	1	2	1	341	
203	0	101	step_2_no_load	3	4	0.655903528958	0.366879421891	4	721	0	
203	0	102	step_1_no_load	1	2	1	354	
203	0	102	step_2_no_load	3	4	0.663124617603	0.326080462175	4	433	0	
203	0	103	step_1_no_load	1	2	2	0	
203	0	103	step_2_no_load	5	6	0.663997796029	0.481975449893	5	588	1	
203	0	104	step_1_no_load	1	2	2	393	
203	0	104	step_2_no_load	5	6	0.703870701136	0.521047445908	5	569	1	
203	0	105	step_1_no_load	1	2	1	214	
203	0	105	step_2_no_load	3	4	0.722851301692	0.352639603242	4	464	0	
203	0	106	step_1_no_load	1	2	2	205	
203	0	106	step_2_no_load	3	4	0.699623252899	0.374131494222	4	875	1	
203	0	107	step_1_no_load	1	2	2	70	
203	0	107	step_2_no_load	5	6	0.692607431435	0.565220528809	5	664	0	
203	0	108	step_1_no_load	1	2	1	225	
203	0	108	step_2_no_load	3	4	0.681491063126	0.388185708856	4	571	1	
203	0	109	step_1_no_load	1	2	2	467	
203	0	109	step_2_no_load	5	6	0.71632547018	0.479977531501	5	645	1	
203	0	110	step_1_no_load	1	2	2	415	
203	0	110	step_2_no_load	5	6	0.729599891941	0.432626681236	5	562	1	
203	0	111	step_1_no_load	1	2	2	417	
203	0	111	step_2_no_load	5	6	0.724852671171	0.384948378665	5	403	1	
203	0	112	step_1_no_load	1	2	1	229	
203	0	112	step_2_no_load	5	6	0.725701866094	0.392887565883	5	330	1	
203	0	113	step_1_no_load	1	2	1	385	
203	0	113	step_2_no_load	3	4	0.634627459817	0.387112818105	3	337	1	
203	0	114	step_1_no_load	1	2	1	326	
203	0	114	step_2_no_load	3	4	0.657654904272	0.384736699284	4	132	0	
203	0	115	step_1_no_load	1	2	2	89	
203	0	115	step_2_no_load	5	6	0.739704344621	0.390027643099	5	636	1	
203	0	116	step_1_no_load	1	2	2	304	
203	0	116	step_2_no_load	5	6	0.706736514943	0.378149844807	5	411	1	
203	0	117	step_1_no_load	1	2	2	141	
203	0	117	step_2_no_load	5	6	0.747012267642	0.374621793791	5	296	1	
203	0	118	step_1_no_load	1	2	1	207	
203	0	118	step_2_no_load	5	6	0.740051715856	0.357645851833	6	653	1	
203	0	119	step_1_no_load	1	2	1	361	
203	0	119	step_2_no_load	5	6	0.690424535099	0.357515098446	6	320	1	
203	0	120	step_1_no_load	1	2	1	210	
203	0	120	step_2_no_load	3	4	0.666433355915	0.333809617664	4	261	0	
203	0	121	step_1_no_load	1	2	1	442	
203	0	121	step_2_no_load	3	4	0.671052306195	0.310775244958	3	436	1	
203	0	122	step_1_no_load	1	2	1	468	
203	0	122	step_2_no_load	3	4	0.672193618854	0.266650857402	3	523	1	
203	0	123	step_1_no_load	1	2	2	380	
203	0	123	step_2_no_load	5	6	0.583607229978	0.337526896345	5	815	1	
203	0	124	step_1_no_load	1	2	2	778	
203	0	124	step_2_no_load	5	6	0.603013298253	0.309430836661	5	523	0	
203	0	125	step_1_no_load	1	2	2	294	
203	0	125	step_2_no_load	3	4	0.633566302563	0.290374841566	3	602	1	
203	0	126	step_1_no_load	1	2	2	301	
203	0	126	step_2_no_load	3	4	0.600985760967	0.267206368684	3	546	1	
203	0	127	step_1_no_load	1	2	2	456	
203	0	127	step_2_no_load	5	6	0.560824094575	0.274944938508	6	972	1	
203	0	128	step_1_no_load	1	2	2	326	
203	0	128	step_2_no_load	3	4	0.620672334996	0.260252451606	3	548	0	
203	0	129	step_1_no_load	1	2	1	289	
203	0	129	step_2_no_load	3	4	0.632682846317	0.268213321963	-1	-1	-1	
203	0	130	step_1_no_load	1	2	1	478	
203	0	130	step_2_no_load	3	4	0.630285316669	0.267460866951	3	376	1	
203	0	131	step_1_no_load	1	2	1	448	
203	0	131	step_2_no_load	3	4	0.638450601212	0.281500842289	3	445	1	
203	0	132	step_1_no_load	1	2	2	439	
203	0	132	step_2_no_load	5	6	0.668578020634	0.315328810424	6	608	1	
203	0	133	step_1_no_load	1	2	2	453	
203	0	133	step_2_no_load	3	4	0.691649444281	0.315608831386	3	424	1	
203	0	134	step_1_no_load	1	2	2	300	
203	0	134	step_2_no_load	5	6	0.621945110858	0.302839427162	6	120	1	
203	0	135	step_1_no_load	1	2	2	838	
203	0	135	step_2_no_load	5	6	0.593710006149	0.287118934166	5	751	0	
203	0	136	step_1_no_load	1	2	1	358	
203	0	136	step_2_no_load	5	6	0.597814413435	0.284521085726	5	655	0	
203	0	137	step_1_no_load	1	2	2	364	
203	0	137	step_2_no_load	5	6	0.605896884497	0.325016613024	6	448	0	
203	0	138	step_1_no_load	1	2	1	343	
203	0	138	step_2_no_load	3	4	0.688182193337	0.366701525561	3	786	1	
203	0	139	step_1_no_load	1	2	1	293	
203	0	139	step_2_no_load	3	4	0.696355985729	0.325611400511	3	344	0	
203	0	140	step_1_no_load	1	2	1	253	
203	0	140	step_2_no_load	5	6	0.671213945178	0.328174526491	6	551	0	
203	0	141	step_1_no_load	1	2	1	593	
203	0	141	step_2_no_load	5	6	0.711987889705	0.311809871418	5	657	1	
203	0	142	step_1_no_load	1	2	1	230	
203	0	142	step_2_no_load	3	4	0.627356259123	0.397052682821	4	660	0	
203	0	143	step_1_no_load	1	2	1	235	
203	0	143	step_2_no_load	3	4	0.610219102298	0.410970957547	4	539	0	
203	0	144	step_1_no_load	1	2	1	147	
203	0	144	step_2_no_load	3	4	0.639347300184	0.389234194056	3	535	1	
203	0	145	step_1_no_load	1	2	1	364	
203	0	145	step_2_no_load	3	4	0.606515632748	0.355256413269	3	570	0	
203	0	146	step_1_no_load	1	2	2	81	
203	0	146	step_2_no_load	3	4	0.593778463268	0.320877500969	4	575	0	
203	0	147	step_1_no_load	1	2	2	479	
203	0	147	step_2_no_load	5	6	0.647798886916	0.265578160642	6	826	0	
203	0	148	step_1_no_load	1	2	2	289	
203	0	148	step_2_no_load	5	6	0.619272702026	0.305288021243	5	638	1	
203	0	149	step_1_no_load	1	2	2	327	
203	0	149	step_2_no_load	5	6	0.601870110183	0.269951834184	6	887	1	
203	0	150	step_1_no_load	1	2	2	172	
203	0	150	step_2_no_load	5	6	0.575985663078	0.305587692243	6	551	0	
203	0	151	step_1_no_load	1	2	2	300	
203	0	151	step_2_no_load	5	6	0.59154759351	0.348172164421	5	573	0	
203	0	152	step_1_no_load	1	2	2	287	
203	0	152	step_2_no_load	5	6	0.595108765344	0.307702500543	6	480	0	
203	0	153	step_1_no_load	1	2	2	508	
203	0	153	step_2_no_load	5	6	0.613336203392	0.309356532263	6	650	1	
203	0	154	step_1_no_load	1	2	2	102	
203	0	154	step_2_no_load	3	4	0.671672162443	0.348349389262	3	256	1	
203	0	155	step_1_no_load	1	2	2	70	
203	0	155	step_2_no_load	3	4	0.716100930629	0.372188990474	4	560	0	
203	0	156	step_1_no_load	1	2	2	337	
203	0	156	step_2_no_load	3	4	0.734436160799	0.368378667812	3	326	1	
203	0	157	step_1_no_load	1	2	2	358	
203	0	157	step_2_no_load	5	6	0.585191807512	0.350909357271	6	1145	0	
203	0	158	step_1_no_load	1	2	2	0	
203	0	158	step_2_no_load	5	6	0.532722108502	0.408728803896	5	297	0	
203	0	159	step_1_no_load	1	2	1	0	
203	0	159	step_2_no_load	5	6	0.541222065796	0.413026375257	6	900	0	
203	0	160	step_1_no_load	1	2	1	623	
203	0	160	step_2_no_load	3	4	0.710728171711	0.355992626298	4	806	0	
203	0	161	step_1_no_load	1	2	1	155	
203	0	161	step_2_no_load	3	4	0.719896286569	0.438878285506	3	214	0	
203	0	162	step_1_no_load	1	2	2	296	
203	0	162	step_2_no_load	5	6	0.566496468084	0.3926701003	6	728	0	
203	0	163	step_1_no_load	1	2	2	612	
203	0	163	step_2_no_load	5	6	0.5863391277	0.395221309311	6	687	0	
203	0	164	step_1_no_load	1	2	2	895	
203	0	164	step_2_no_load	5	6	0.585961845322	0.432761720497	6	835	1	
203	0	165	step_1_no_load	1	2	2	972	
203	0	165	step_2_no_load	5	6	0.538026607649	0.463777557969	5	973	1	
203	0	166	step_1_no_load	1	2	2	143	
203	0	166	step_2_no_load	5	6	0.549095060025	0.422282731054	5	491	1	
203	0	167	step_1_no_load	1	2	2	298	
203	0	167	step_2_no_load	3	4	0.706271792549	0.331115714939	4	706	0	
203	0	168	step_1_no_load	1	2	2	55	
203	0	168	step_2_no_load	5	6	0.613361520676	0.400817642375	6	639	0	
203	0	169	step_1_no_load	1	2	2	597	
203	0	169	step_2_no_load	5	6	0.586049140041	0.42098542374	5	401	0	
203	0	170	step_1_no_load	1	2	1	310	
203	0	170	step_2_no_load	3	4	0.67334314737	0.364989630435	4	342	0	
203	0	171	step_1_no_load	1	2	1	782	
203	0	171	step_2_no_load	5	6	0.553314431843	0.386979310814	5	557	1	
203	0	172	step_1_no_load	1	2	2	237	
203	0	172	step_2_no_load	3	4	0.668669556875	0.490120307546	3	308	0	
203	0	173	step_1_no_load	1	2	2	271	
203	0	173	step_2_no_load	5	6	0.484428109849	0.385349297983	6	850	1	
203	0	174	step_1_no_load	1	2	1	419	
203	0	174	step_2_no_load	3	4	0.729877433725	0.46236234172	3	780	0	
203	0	175	step_1_no_load	1	2	2	264	
203	0	175	step_2_no_load	5	6	0.52644949356	0.426185553904	5	359	1	
203	0	176	step_1_no_load	1	2	2	234	
203	0	176	step_2_no_load	3	4	0.679250000396	0.500856457218	4	847	0	
203	0	177	step_1_no_load	1	2	2	469	
203	0	177	step_2_no_load	5	6	0.501268576771	0.357425668099	5	783	0	
203	0	178	step_1_no_load	1	2	2	516	
203	0	178	step_2_no_load	3	4	0.705993797498	0.49020858644	4	519	0	
203	0	179	step_1_no_load	1	2	2	434	
203	0	179	step_2_no_load	5	6	0.457298770028	0.324685418097	5	1066	0	
203	0	180	step_1_no_load	1	2	1	148	
203	0	180	step_2_no_load	3	4	0.719795072986	0.489345734128	4	605	1	
203	0	181	step_1_no_load	1	2	1	24	
203	0	181	step_2_no_load	5	6	0.508735114046	0.342402764747	6	287	0	
203	0	182	step_1_no_load	1	2	1	441	
203	0	182	step_2_no_load	5	6	0.506773281362	0.340533666308	5	387	0	
203	0	183	step_1_no_load	1	2	2	312	
203	0	183	step_2_no_load	5	6	0.502991759047	0.350175837802	6	432	0	
203	0	184	step_1_no_load	1	2	2	489	
203	0	184	step_2_no_load	5	6	0.460890977786	0.362743255194	5	851	0	
203	0	185	step_1_no_load	1	2	1	445	
203	0	185	step_2_no_load	3	4	0.665622647081	0.482228039858	3	373	0	
203	0	186	step_1_no_load	1	2	2	495	
203	0	186	step_2_no_load	3	4	0.656308636836	0.484672582719	4	522	1	
203	0	187	step_1_no_load	1	2	2	334	
203	0	187	step_2_no_load	3	4	0.678211978625	0.498596507669	4	364	1	
203	0	188	step_1_no_load	1	2	2	100	
203	0	188	step_2_no_load	3	4	0.696362660087	0.548350535247	4	552	0	
203	0	189	step_1_no_load	1	2	2	182	
203	0	189	step_2_no_load	5	6	0.448897869069	0.285168135955	5	948	0	
203	0	190	step_1_no_load	1	2	2	314	
203	0	190	step_2_no_load	5	6	0.433568856946	0.304557739386	6	906	0	
203	0	191	step_1_no_load	1	2	2	165	
203	0	191	step_2_no_load	5	6	0.435748387321	0.318839908867	6	185	0	
203	0	192	step_1_no_load	1	2	2	582	
203	0	192	step_2_no_load	5	6	0.450791310283	0.299297135717	6	597	0	
203	0	193	step_1_no_load	1	2	2	0	
203	0	193	step_2_no_load	5	6	0.440813209638	0.321008037746	5	333	0	
203	0	194	step_1_no_load	1	2	1	96	
203	0	194	step_2_no_load	5	6	0.433250459893	0.342437174514	6	667	0	
203	0	195	step_1_no_load	1	2	1	624	
203	0	195	step_2_no_load	5	6	0.466795336969	0.348571348505	5	332	1	
203	0	196	step_1_no_load	1	2	1	520	
203	0	196	step_2_no_load	3	4	0.695101215304	0.496717662777	3	742	1	
203	0	197	step_1_no_load	1	2	1	670	
203	0	197	step_2_no_load	5	6	0.422511153127	0.316987700969	6	713	0	
203	0	198	step_1_no_load	1	2	2	248	
203	0	198	step_2_no_load	3	4	0.68660989813	0.485065498391	3	550	1	
203	0	199	step_1_no_load	1	2	2	364	
203	0	199	step_2_no_load	5	6	0.39793773834	0.292861528884	6	558	0	
203	0	200	step_1_no_load	1	2	-1	-1	

Fri Mar  8 15:29:09 2019
