Tue Mar 12 14:44:23 2019	
204	0	1	step_1_no_load	1	2	1	479	
204	0	1	step_2_no_load	3	4	0.594299910136	0.598297890399	3	965	1	
204	0	2	step_1_no_load	1	2	1	614	
204	0	2	step_2_no_load	3	4	0.610961032466	0.580156942153	3	740	0	
204	0	3	step_1_no_load	1	2	1	505	
204	0	3	step_2_no_load	5	6	0.476767372206	0.516002945397	6	748	0	
204	0	4	step_1_no_load	1	2	2	1093	
204	0	4	step_2_no_load	5	6	0.478607661228	0.494597764192	6	833	0	
204	0	5	step_1_no_load	1	2	1	618	
204	0	5	step_2_no_load	3	4	0.576104915614	0.623810210114	3	992	1	
204	0	6	step_1_no_load	1	2	1	577	
204	0	6	step_2_no_load	3	4	0.603642866427	0.585722686883	-1	-1	-1	
204	0	7	step_1_no_load	1	2	1	577	
204	0	7	step_2_no_load	3	4	0.622642364361	0.568656746487	3	543	0	
204	0	8	step_1_no_load	1	2	1	490	
204	0	8	step_2_no_load	3	4	0.624210374623	0.59128639594	3	1195	0	
204	0	9	step_1_no_load	1	2	1	1046	
204	0	9	step_2_no_load	3	4	0.641106877158	0.598049061473	3	888	1	
204	0	10	step_1_no_load	1	2	1	542	
204	0	10	step_2_no_load	3	4	0.636063269715	0.652626043146	3	609	0	
204	0	11	step_1_no_load	1	2	1	344	
204	0	11	step_2_no_load	5	6	0.477013315682	0.59022801242	5	516	0	
204	0	12	step_1_no_load	1	2	1	392	
204	0	12	step_2_no_load	3	4	0.552770607849	0.682786328054	3	1011	1	
204	0	13	step_1_no_load	1	2	1	474	
204	0	13	step_2_no_load	5	6	0.52012981853	0.595790490356	6	835	1	
204	0	14	step_1_no_load	1	2	1	499	
204	0	14	step_2_no_load	3	4	0.545555696267	0.629137942344	3	1109	0	
204	0	15	step_1_no_load	1	2	1	605	
204	0	15	step_2_no_load	3	4	0.570419113221	0.612260006668	3	1134	0	
204	0	16	step_1_no_load	1	2	1	337	
204	0	16	step_2_no_load	3	4	0.553308964466	0.628091198119	3	917	1	
204	0	17	step_1_no_load	1	2	1	350	
204	0	17	step_2_no_load	3	4	0.562895132605	0.633350170016	-1	-1	-1	
204	0	18	step_1_no_load	1	2	1	1204	
204	0	18	step_2_no_load	3	4	0.553554620302	0.626834332012	3	704	0	
204	0	19	step_1_no_load	1	2	1	336	
204	0	19	step_2_no_load	5	6	0.498240186199	0.644773170243	6	853	1	
204	0	20	step_1_no_load	1	2	2	1118	
204	0	20	step_2_no_load	5	6	0.478025448397	0.60665343963	6	1241	1	
204	0	21	step_1_no_load	1	2	1	546	
204	0	21	step_2_no_load	3	4	0.470207377245	0.630305464549	-1	-1	-1	
204	0	22	step_1_no_load	1	2	1	602	
204	0	22	step_2_no_load	3	4	0.468700882609	0.621949894727	3	1125	1	
204	0	23	step_1_no_load	1	2	1	1371	
204	0	23	step_2_no_load	3	4	0.513759772011	0.640163623731	4	708	0	
204	0	24	step_1_no_load	1	2	1	250	
204	0	24	step_2_no_load	3	4	0.503316199018	0.582115115688	3	944	0	
204	0	25	step_1_no_load	1	2	1	243	
204	0	25	step_2_no_load	5	6	0.503316372362	0.629917901014	6	991	1	
204	0	26	step_1_no_load	1	2	1	356	
204	0	26	step_2_no_load	5	6	0.511744353778	0.640635035276	6	754	1	
204	0	27	step_1_no_load	1	2	1	576	
204	0	27	step_2_no_load	5	6	0.507272671939	0.642144756622	6	611	1	
204	0	28	step_1_no_load	1	2	1	265	
204	0	28	step_2_no_load	5	6	0.520177259699	0.647441527317	6	647	1	
204	0	29	step_1_no_load	1	2	1	271	
204	0	29	step_2_no_load	3	4	0.561957580386	0.606613029227	4	1498	1	
204	0	30	step_1_no_load	1	2	1	360	
204	0	30	step_2_no_load	3	4	0.574272497114	0.608245979832	4	1112	1	
204	0	31	step_1_no_load	1	2	1	294	
204	0	31	step_2_no_load	3	4	0.541819886458	0.636602545794	4	922	1	
204	0	32	step_1_no_load	1	2	1	251	
204	0	32	step_2_no_load	5	6	0.520318771114	0.605616211083	6	752	0	
204	0	33	step_1_no_load	1	2	1	302	
204	0	33	step_2_no_load	3	4	0.542309898544	0.611700032906	4	965	1	
204	0	34	step_1_no_load	1	2	1	332	
204	0	34	step_2_no_load	5	6	0.454565258478	0.670290552209	6	721	1	
204	0	35	step_1_no_load	1	2	1	306	
204	0	35	step_2_no_load	3	4	0.594167768198	0.566827313385	3	954	1	
204	0	36	step_1_no_load	1	2	1	283	
204	0	36	step_2_no_load	3	4	0.611274573488	0.527635087561	3	825	1	
204	0	37	step_1_no_load	1	2	1	228	
204	0	37	step_2_no_load	5	6	0.543074626387	0.660658056664	6	683	1	
204	0	38	step_1_no_load	1	2	1	320	
204	0	38	step_2_no_load	3	4	0.595113730206	0.539078491643	4	1252	1	
204	0	39	step_1_no_load	1	2	1	405	
204	0	39	step_2_no_load	3	4	0.610601635554	0.557005857101	4	748	1	
204	0	40	step_1_no_load	1	2	1	307	
204	0	40	step_2_no_load	3	4	0.607992802154	0.580760785074	4	627	1	
204	0	41	step_1_no_load	1	2	1	216	
204	0	41	step_2_no_load	3	4	0.588857868869	0.524862294848	4	573	1	
204	0	42	step_1_no_load	1	2	1	261	
204	0	42	step_2_no_load	3	4	0.609164606591	0.533857158543	3	796	1	
204	0	43	step_1_no_load	1	2	1	275	
204	0	43	step_2_no_load	5	6	0.548128010644	0.581931546759	6	636	1	
204	0	44	step_1_no_load	1	2	1	474	
204	0	44	step_2_no_load	3	4	0.611481438855	0.541854396676	3	939	1	
204	0	45	step_1_no_load	1	2	1	376	
204	0	45	step_2_no_load	5	6	0.5288039409	0.620699591043	6	587	1	
204	0	46	step_1_no_load	1	2	1	274	
204	0	46	step_2_no_load	3	4	0.600964500555	0.55511883717	3	646	1	
204	0	47	step_1_no_load	1	2	1	324	
204	0	47	step_2_no_load	5	6	0.493112702321	0.634373567175	6	606	0	
204	0	48	step_1_no_load	1	2	1	424	
204	0	48	step_2_no_load	3	4	0.615767119776	0.534690828011	3	860	1	
204	0	49	step_1_no_load	1	2	1	427	
204	0	49	step_2_no_load	3	4	0.610193185592	0.512405963374	4	655	1	
204	0	50	step_1_no_load	1	2	1	304	
204	0	50	step_2_no_load	5	6	0.47381367271	0.593458480934	6	716	0	
204	0	51	step_1_no_load	1	2	1	272	
204	0	51	step_2_no_load	3	4	0.564866799699	0.508197321577	3	891	0	
204	0	52	step_1_no_load	1	2	1	390	
204	0	52	step_2_no_load	3	4	0.539065404057	0.513589895419	4	789	0	
204	0	53	step_1_no_load	1	2	1	272	
204	0	53	step_2_no_load	3	4	0.551457882502	0.475342927439	3	713	1	
204	0	54	step_1_no_load	1	2	1	515	
204	0	54	step_2_no_load	5	6	0.491512498697	0.652515308527	6	927	1	
204	0	55	step_1_no_load	1	2	1	239	
204	0	55	step_2_no_load	3	4	0.574045915747	0.526704292526	4	937	0	
204	0	56	step_1_no_load	1	2	1	278	
204	0	56	step_2_no_load	3	4	0.601856598146	0.538512915562	4	540	1	
204	0	57	step_1_no_load	1	2	1	319	
204	0	57	step_2_no_load	5	6	0.466449077359	0.586335094239	6	652	0	
204	0	58	step_1_no_load	1	2	1	314	
204	0	58	step_2_no_load	3	4	0.664682809182	0.528376440027	4	942	0	
204	0	59	step_1_no_load	1	2	1	302	
204	0	59	step_2_no_load	3	4	0.632500293208	0.537400760025	3	716	0	
204	0	60	step_1_no_load	1	2	1	360	
204	0	60	step_2_no_load	3	4	0.623687406259	0.479287247283	3	850	1	
204	0	61	step_1_no_load	1	2	1	301	
204	0	61	step_2_no_load	3	4	0.669587072502	0.527144452559	4	1041	0	
204	0	62	step_1_no_load	1	2	1	285	
204	0	62	step_2_no_load	3	4	0.691137204746	0.533031417444	4	1125	0	
204	0	63	step_1_no_load	1	2	1	303	
204	0	63	step_2_no_load	3	4	0.664284493458	0.519445130796	3	432	1	
204	0	64	step_1_no_load	1	2	1	317	
204	0	64	step_2_no_load	3	4	0.642369708469	0.533849886794	3	529	1	
204	0	65	step_1_no_load	1	2	1	401	
204	0	65	step_2_no_load	5	6	0.569109504048	0.619953360065	6	700	1	
204	0	66	step_1_no_load	1	2	1	286	
204	0	66	step_2_no_load	3	4	0.606938648072	0.555324764318	4	925	1	
204	0	67	step_1_no_load	1	2	1	435	
204	0	67	step_2_no_load	3	4	0.597650193897	0.538279387614	4	470	1	
204	0	68	step_1_no_load	1	2	1	505	
204	0	68	step_2_no_load	3	4	0.622963076372	0.523301545299	3	788	0	
204	0	69	step_1_no_load	1	2	1	282	
204	0	69	step_2_no_load	5	6	0.499137600991	0.718756538957	6	685	1	
204	0	70	step_1_no_load	1	2	1	366	
204	0	70	step_2_no_load	3	4	0.637556284465	0.548075770764	3	1002	1	
204	0	71	step_1_no_load	1	2	1	323	
204	0	71	step_2_no_load	3	4	0.639174917797	0.546215110045	3	352	1	
204	0	72	step_1_no_load	1	2	1	310	
204	0	72	step_2_no_load	3	4	0.626024641967	0.556486305476	3	481	0	
204	0	73	step_1_no_load	1	2	1	426	
204	0	73	step_2_no_load	5	6	0.435957313805	0.727961155836	6	657	1	
204	0	74	step_1_no_load	1	2	1	471	
204	0	74	step_2_no_load	3	4	0.614462146454	0.491044983779	3	899	1	
204	0	75	step_1_no_load	1	2	1	342	
204	0	75	step_2_no_load	3	4	0.615552849174	0.483983914712	3	549	0	
204	0	76	step_1_no_load	1	2	1	319	
204	0	76	step_2_no_load	3	4	0.62770291155	0.518881389358	3	474	0	
204	0	77	step_1_no_load	1	2	1	302	
204	0	77	step_2_no_load	3	4	0.564257587118	0.538119616568	4	558	0	
204	0	78	step_1_no_load	1	2	1	298	
204	0	78	step_2_no_load	5	6	0.435911167612	0.647586191228	6	682	0	
204	0	79	step_1_no_load	1	2	1	325	
204	0	79	step_2_no_load	5	6	0.389124152368	0.647841624544	6	1013	0	
204	0	80	step_1_no_load	1	2	1	349	
204	0	80	step_2_no_load	5	6	0.396016175285	0.703969305517	5	429	0	
204	0	81	step_1_no_load	1	2	1	357	
204	0	81	step_2_no_load	3	4	0.529745690463	0.494116554432	3	978	1	
204	0	82	step_1_no_load	1	2	1	365	
204	0	82	step_2_no_load	3	4	0.564729328387	0.482727017837	3	554	0	
204	0	83	step_1_no_load	1	2	1	309	
204	0	83	step_2_no_load	3	4	0.607907985871	0.483255412498	3	396	1	
204	0	84	step_1_no_load	1	2	1	288	
204	0	84	step_2_no_load	3	4	0.65843840156	0.505586222209	3	892	0	
204	0	85	step_1_no_load	1	2	1	313	
204	0	85	step_2_no_load	3	4	0.692384972752	0.485785534744	3	898	1	
204	0	86	step_1_no_load	1	2	1	239	
204	0	86	step_2_no_load	3	4	0.691782850001	0.486462788728	4	464	1	
204	0	87	step_1_no_load	1	2	1	332	
204	0	87	step_2_no_load	3	4	0.719375344246	0.493867001103	3	954	1	
204	0	88	step_1_no_load	1	2	1	379	
204	0	88	step_2_no_load	3	4	0.717410082358	0.509563243675	4	610	1	
204	0	89	step_1_no_load	1	2	1	442	
204	0	89	step_2_no_load	3	4	0.690772436485	0.490019385174	3	1110	0	
204	0	90	step_1_no_load	1	2	1	279	
204	0	90	step_2_no_load	3	4	0.712247848046	0.530126112124	3	425	1	
204	0	91	step_1_no_load	1	2	1	354	
204	0	91	step_2_no_load	3	4	0.685023809334	0.479087223222	4	581	1	
204	0	92	step_1_no_load	1	2	1	291	
204	0	92	step_2_no_load	3	4	0.692406274724	0.484260039873	3	419	0	
204	0	93	step_1_no_load	1	2	1	320	
204	0	93	step_2_no_load	5	6	0.439878153082	0.662863370634	6	611	1	
204	0	94	step_1_no_load	1	2	1	289	
204	0	94	step_2_no_load	5	6	0.429211756872	0.668295023896	6	635	1	
204	0	95	step_1_no_load	1	2	1	460	
204	0	95	step_2_no_load	5	6	0.427150666411	0.640209855442	6	578	0	
204	0	96	step_1_no_load	1	2	1	278	
204	0	96	step_2_no_load	3	4	0.693739812506	0.437558890646	3	903	1	
204	0	97	step_1_no_load	1	2	1	557	
204	0	97	step_2_no_load	3	4	0.681272614291	0.455601814112	3	678	1	
204	0	98	step_1_no_load	1	2	1	364	
204	0	98	step_2_no_load	3	4	0.70287861952	0.431479829356	3	681	1	
204	0	99	step_1_no_load	1	2	1	328	
204	0	99	step_2_no_load	5	6	0.397561363605	0.645191748454	6	682	1	
204	0	100	step_1_no_load	1	2	1	326	
204	0	100	step_2_no_load	3	4	0.666227451505	0.363162156005	3	941	0	
204	0	101	step_1_no_load	1	2	1	366	
204	0	101	step_2_no_load	3	4	0.623812401974	0.366879421891	3	418	1	
204	0	102	step_1_no_load	1	2	1	300	
204	0	102	step_2_no_load	3	4	0.666304534392	0.326080462175	4	710	1	
204	0	103	step_1_no_load	1	2	1	283	
204	0	103	step_2_no_load	3	4	0.663997796029	0.322834495838	3	410	1	
204	0	104	step_1_no_load	1	2	1	365	
204	0	104	step_2_no_load	3	4	0.703870701136	0.303696146503	4	432	0	
204	0	105	step_1_no_load	1	2	1	397	
204	0	105	step_2_no_load	5	6	0.514318365187	0.722851301692	6	771	0	
204	0	106	step_1_no_load	1	2	1	312	
204	0	106	step_2_no_load	3	4	0.712883638252	0.374131494222	3	1071	1	
204	0	107	step_1_no_load	1	2	1	532	
204	0	107	step_2_no_load	3	4	0.692607431435	0.388257337796	4	718	0	
204	0	108	step_1_no_load	1	2	1	411	
204	0	108	step_2_no_load	3	4	0.695928523711	0.388185708856	4	556	1	
204	0	109	step_1_no_load	1	2	1	397	
204	0	109	step_2_no_load	5	6	0.479977531501	0.68658494263	6	705	1	
204	0	110	step_1_no_load	1	2	1	440	
204	0	110	step_2_no_load	3	4	0.729599891941	0.395544455384	3	938	0	
204	0	111	step_1_no_load	1	2	1	797	
204	0	111	step_2_no_load	5	6	0.384948378665	0.634599547742	6	587	1	
204	0	112	step_1_no_load	1	2	1	299	
204	0	112	step_2_no_load	3	4	0.725701866094	0.413393106784	4	806	0	
204	0	113	step_1_no_load	1	2	1	370	
204	0	113	step_2_no_load	5	6	0.370697120277	0.634627459817	6	1010	0	
204	0	114	step_1_no_load	1	2	1	379	
204	0	114	step_2_no_load	3	4	0.718213323791	0.384736699284	4	1158	1	
204	0	115	step_1_no_load	1	2	1	332	
204	0	115	step_2_no_load	5	6	0.390027643099	0.645721217949	6	681	1	
204	0	116	step_1_no_load	1	2	1	328	
204	0	116	step_2_no_load	3	4	0.706736514943	0.369438791876	4	1146	0	
204	0	117	step_1_no_load	1	2	1	474	
204	0	117	step_2_no_load	3	4	0.747012267642	0.363056877927	3	627	1	
204	0	118	step_1_no_load	1	2	1	597	
204	0	118	step_2_no_load	3	4	0.740051715856	0.362977115924	3	444	1	
204	0	119	step_1_no_load	1	2	1	469	
204	0	119	step_2_no_load	5	6	0.357515098446	0.661177321751	6	716	0	
204	0	120	step_1_no_load	1	2	1	232	
204	0	120	step_2_no_load	3	4	0.70587238626	0.333809617664	3	476	1	
204	0	121	step_1_no_load	1	2	1	878	
204	0	121	step_2_no_load	5	6	0.352721767208	0.671052306195	5	1204	0	
204	0	122	step_1_no_load	1	2	1	348	
204	0	122	step_2_no_load	3	4	0.6136886145	0.266650857402	3	707	1	
204	0	123	step_1_no_load	1	2	1	357	
204	0	123	step_2_no_load	5	6	0.337526896345	0.664849878232	6	538	0	
204	0	124	step_1_no_load	1	2	1	457	
204	0	124	step_2_no_load	5	6	0.309430836661	0.624161788269	6	1028	1	
204	0	125	step_1_no_load	1	2	1	274	
204	0	125	step_2_no_load	5	6	0.303110862715	0.633566302563	5	501	0	
204	0	126	step_1_no_load	1	2	1	316	
204	0	126	step_2_no_load	3	4	0.537863824328	0.267206368684	3	1119	0	
204	0	127	step_1_no_load	1	2	1	477	
204	0	127	step_2_no_load	3	4	0.560824094575	0.273483952592	4	891	0	
204	0	128	step_1_no_load	1	2	1	347	
204	0	128	step_2_no_load	3	4	0.636905534066	0.260252451606	4	429	0	
204	0	129	step_1_no_load	1	2	1	493	
204	0	129	step_2_no_load	5	6	0.271709703542	0.632682846317	6	853	0	
204	0	130	step_1_no_load	1	2	1	1123	
204	0	130	step_2_no_load	3	4	0.682031489739	0.267460866951	3	744	1	
204	0	131	step_1_no_load	1	2	1	424	
204	0	131	step_2_no_load	3	4	0.678044920845	0.281500842289	3	525	1	
204	0	132	step_1_no_load	1	2	1	555	
204	0	132	step_2_no_load	5	6	0.315328810424	0.660013924697	5	408	0	
204	0	133	step_1_no_load	1	2	1	450	
204	0	133	step_2_no_load	3	4	0.617383991623	0.315608831386	3	639	1	
204	0	134	step_1_no_load	1	2	1	310	
204	0	134	step_2_no_load	3	4	0.621945110858	0.287393715313	3	711	1	
204	0	135	step_1_no_load	1	2	1	678	
204	0	135	step_2_no_load	3	4	0.593710006149	0.300079459047	3	625	1	
204	0	136	step_1_no_load	1	2	1	322	
204	0	136	step_2_no_load	3	4	0.597814413435	0.307766925452	3	586	1	
204	0	137	step_1_no_load	1	2	1	342	
204	0	137	step_2_no_load	5	6	0.325016613024	0.668540846495	6	895	0	
204	0	138	step_1_no_load	1	2	1	303	
204	0	138	step_2_no_load	3	4	0.63240964674	0.366701525561	3	443	1	
204	0	139	step_1_no_load	1	2	1	284	
204	0	139	step_2_no_load	3	4	0.636630981281	0.325611400511	3	637	1	
204	0	140	step_1_no_load	1	2	1	262	
204	0	140	step_2_no_load	3	4	0.671213945178	0.348740542008	3	780	1	
204	0	141	step_1_no_load	1	2	1	285	
204	0	141	step_2_no_load	3	4	0.711987889705	0.390227133375	3	409	0	
204	0	142	step_1_no_load	1	2	1	0	
204	0	142	step_2_no_load	3	4	0.690276058009	0.397052682821	3	906	1	
204	0	143	step_1_no_load	1	2	1	427	
204	0	143	step_2_no_load	3	4	0.661365099615	0.410970957547	4	569	1	
204	0	144	step_1_no_load	1	2	1	449	
204	0	144	step_2_no_load	3	4	0.626443722248	0.389234194056	4	643	1	
204	0	145	step_1_no_load	1	2	1	360	
204	0	145	step_2_no_load	5	6	0.266265924094	0.606515632748	6	1319	0	
204	0	146	step_1_no_load	1	2	1	316	
204	0	146	step_2_no_load	3	4	0.681611991725	0.320877500969	4	1114	1	
204	0	147	step_1_no_load	1	2	1	512	
204	0	147	step_2_no_load	3	4	0.647798886916	0.352879785946	4	782	0	
204	0	148	step_1_no_load	1	2	1	375	
204	0	148	step_2_no_load	3	4	0.619272702026	0.311162711725	4	491	0	
204	0	149	step_1_no_load	1	2	1	425	
204	0	149	step_2_no_load	3	4	0.601870110183	0.300290206122	3	435	0	
204	0	150	step_1_no_load	1	2	1	355	
204	0	150	step_2_no_load	3	4	0.575985663078	0.306860041627	3	484	1	
204	0	151	step_1_no_load	1	2	1	430	
204	0	151	step_2_no_load	3	4	0.59154759351	0.310557101463	3	318	1	
204	0	152	step_1_no_load	1	2	1	286	
204	0	152	step_2_no_load	5	6	0.307702500543	0.644204174791	6	1351	0	
204	0	153	step_1_no_load	1	2	1	374	
204	0	153	step_2_no_load	3	4	0.613336203392	0.343622632154	3	413	1	
204	0	154	step_1_no_load	1	2	1	481	
204	0	154	step_2_no_load	3	4	0.638934099562	0.348349389262	3	634	1	
204	0	155	step_1_no_load	1	2	1	374	
204	0	155	step_2_no_load	3	4	0.632486591889	0.372188990474	3	462	0	
204	0	156	step_1_no_load	1	2	1	326	
204	0	156	step_2_no_load	3	4	0.631048201903	0.368378667812	4	735	1	
204	0	157	step_1_no_load	1	2	2	367	
204	0	157	step_2_no_load	5	6	0.350909357271	0.720725456325	6	706	1	
204	0	158	step_1_no_load	1	2	1	350	
204	0	158	step_2_no_load	3	4	0.532722108502	0.334595868098	4	874	0	
204	0	159	step_1_no_load	1	2	1	319	
204	0	159	step_2_no_load	5	6	0.413026375257	0.697903160072	5	392	0	
204	0	160	step_1_no_load	1	2	-1	-1	
204	0	161	step_1_no_load	1	2	1	394	
204	0	161	step_2_no_load	5	6	0.407025633682	0.719896286569	6	1129	1	
204	0	162	step_1_no_load	1	2	1	388	
204	0	162	step_2_no_load	3	4	0.566496468084	0.455329532209	3	688	1	
204	0	163	step_1_no_load	1	2	1	292	
204	0	163	step_2_no_load	3	4	0.5863391277	0.430920885959	3	556	1	
204	0	164	step_1_no_load	1	2	1	353	
204	0	164	step_2_no_load	3	4	0.585961845322	0.430844125626	3	452	0	
204	0	165	step_1_no_load	1	2	1	453	
204	0	165	step_2_no_load	3	4	0.538026607649	0.347974240867	3	720	1	
204	0	166	step_1_no_load	1	2	1	383	
204	0	166	step_2_no_load	3	4	0.549095060025	0.356317216644	3	536	0	
204	0	167	step_1_no_load	1	2	1	331	
204	0	167	step_2_no_load	5	6	0.38753671275	0.706271792549	6	954	1	
204	0	168	step_1_no_load	1	2	1	408	
204	0	168	step_2_no_load	5	6	0.400817642375	0.67192508984	6	671	0	
204	0	169	step_1_no_load	1	2	1	300	
204	0	169	step_2_no_load	3	4	0.586049140041	0.365156560071	4	401	1	
204	0	170	step_1_no_load	1	2	1	356	
204	0	170	step_2_no_load	3	4	0.57151385403	0.364989630435	3	438	0	
204	0	171	step_1_no_load	1	2	1	335	
204	0	171	step_2_no_load	3	4	0.553314431843	0.425122034074	3	613	0	
204	0	172	step_1_no_load	1	2	1	356	
204	0	172	step_2_no_load	5	6	0.363617002148	0.668669556875	6	842	1	
204	0	173	step_1_no_load	1	2	1	382	
204	0	173	step_2_no_load	3	4	0.484428109849	0.462866379815	4	1128	0	
204	0	174	step_1_no_load	1	2	1	342	
204	0	174	step_2_no_load	3	4	0.472729524832	0.46236234172	3	501	1	
204	0	175	step_1_no_load	1	2	1	419	
204	0	175	step_2_no_load	3	4	0.52644949356	0.484825491933	3	492	1	
204	0	176	step_1_no_load	1	2	1	306	
204	0	176	step_2_no_load	3	4	0.474046874473	0.500856457218	3	759	1	
204	0	177	step_1_no_load	1	2	1	309	
204	0	177	step_2_no_load	3	4	0.501268576771	0.4798184927	3	650	0	
204	0	178	step_1_no_load	1	2	1	336	
204	0	178	step_2_no_load	3	4	0.493712351915	0.49020858644	3	497	0	
204	0	179	step_1_no_load	1	2	1	374	
204	0	179	step_2_no_load	5	6	0.324685418097	0.709345707515	6	713	1	
204	0	180	step_1_no_load	1	2	1	300	
204	0	180	step_2_no_load	5	6	0.341214611607	0.719795072986	6	612	1	
204	0	181	step_1_no_load	1	2	1	420	
204	0	181	step_2_no_load	5	6	0.342402764747	0.746910336326	6	497	1	
204	0	182	step_1_no_load	1	2	1	825	
204	0	182	step_2_no_load	5	6	0.340533666308	0.72717560423	6	637	1	
204	0	183	step_1_no_load	1	2	1	444	
204	0	183	step_2_no_load	5	6	0.350175837802	0.720388040749	6	417	1	
204	0	184	step_1_no_load	1	2	1	352	
204	0	184	step_2_no_load	3	4	0.460890977786	0.480863422096	3	635	0	
204	0	185	step_1_no_load	1	2	1	388	
204	0	185	step_2_no_load	3	4	0.479703516092	0.482228039858	3	601	0	
204	0	186	step_1_no_load	1	2	1	536	
204	0	186	step_2_no_load	3	4	0.46870859828	0.484672582719	4	430	1	
204	0	187	step_1_no_load	1	2	1	873	
204	0	187	step_2_no_load	5	6	0.328890769988	0.678211978625	6	757	1	
204	0	188	step_1_no_load	1	2	1	531	
204	0	188	step_2_no_load	3	4	0.471319680586	0.548350535247	3	879	0	
204	0	189	step_1_no_load	1	2	1	628	
204	0	189	step_2_no_load	3	4	0.448897869069	0.534753756004	4	485	0	
204	0	190	step_1_no_load	1	2	1	333	
204	0	190	step_2_no_load	5	6	0.304557739386	0.667655825994	6	748	1	
204	0	191	step_1_no_load	1	2	1	704	
204	0	191	step_2_no_load	5	6	0.318839908867	0.664271461991	6	630	0	
204	0	192	step_1_no_load	1	2	1	394	
204	0	192	step_2_no_load	5	6	0.299297135717	0.705517419189	5	465	1	
204	0	193	step_1_no_load	1	2	1	411	
204	0	193	step_2_no_load	3	4	0.440813209638	0.504944704439	3	820	0	
204	0	194	step_1_no_load	1	2	1	418	
204	0	194	step_2_no_load	3	4	0.433250459893	0.505359594715	3	800	1	
204	0	195	step_1_no_load	1	2	1	393	
204	0	195	step_2_no_load	5	6	0.348571348505	0.646280688878	6	688	1	
204	0	196	step_1_no_load	1	2	1	333	
204	0	196	step_2_no_load	5	6	0.365373286058	0.695101215304	6	630	0	
204	0	197	step_1_no_load	1	2	1	318	
204	0	197	step_2_no_load	3	4	0.422511153127	0.47786945426	3	601	0	
204	0	198	step_1_no_load	1	2	1	420	
204	0	198	step_2_no_load	5	6	0.303352625941	0.68660989813	6	613	0	
204	0	199	step_1_no_load	1	2	1	325	
204	0	199	step_2_no_load	3	4	0.39793773834	0.529438031858	3	35	0	
204	0	200	step_1_no_load	1	2	1	320	
204	0	200	step_2_no_load	3	4	0.372436949782	0.507902534353	3	670	0	

Tue Mar 12 15:04:23 2019
