Thu Mar 14 14:55:48 2019	
205	0	1	step_1_no_load	1	2	1	722	
205	0	1	step_2_no_load	5	6	0.457620150462	0.598297890399	5	566	0	
205	0	2	step_1_no_load	1	2	2	587	
205	0	2	step_2_no_load	3	4	0.610961032466	0.533203491871	4	969	1	
205	0	3	step_1_no_load	1	2	1	1045	
205	0	3	step_2_no_load	5	6	0.476767372206	0.584197065669	5	1036	0	
205	0	4	step_1_no_load	1	2	2	503	
205	0	4	step_2_no_load	5	6	0.478607661228	0.597491569846	6	1131	1	
205	0	5	step_1_no_load	1	2	1	1101	
205	0	5	step_2_no_load	3	4	0.576104915614	0.543908521457	3	1055	1	
205	0	6	step_1_no_load	1	2	1	538	
205	0	6	step_2_no_load	3	4	0.603642866427	0.490454120702	3	738	1	
205	0	7	step_1_no_load	1	2	1	428	
205	0	7	step_2_no_load	3	4	0.622642364361	0.506408070053	3	700	0	
205	0	8	step_1_no_load	1	2	1	615	
205	0	8	step_2_no_load	3	4	0.624210374623	0.499203529332	3	747	1	
205	0	9	step_1_no_load	1	2	1	454	
205	0	9	step_2_no_load	5	6	0.496546708465	0.598049061473	6	1215	0	
205	0	10	step_1_no_load	1	2	1	388	
205	0	10	step_2_no_load	3	4	0.636063269715	0.576063520885	3	696	0	
205	0	11	step_1_no_load	1	2	1	822	
205	0	11	step_2_no_load	3	4	0.609191465743	0.59022801242	4	582	1	
205	0	12	step_1_no_load	1	2	1	538	
205	0	12	step_2_no_load	3	4	0.552770607849	0.597131918027	4	858	0	
205	0	13	step_1_no_load	1	2	1	539	
205	0	13	step_2_no_load	3	4	0.558313135925	0.595790490356	3	1287	1	
205	0	14	step_1_no_load	1	2	1	404	
205	0	14	step_2_no_load	5	6	0.491234392147	0.629137942344	5	1290	0	
205	0	15	step_1_no_load	1	2	1	439	
205	0	15	step_2_no_load	3	4	0.570419113221	0.633564630036	3	746	0	
205	0	16	step_1_no_load	1	2	1	349	
205	0	16	step_2_no_load	5	6	0.510958036527	0.628091198119	6	1042	0	
205	0	17	step_1_no_load	1	2	1	260	
205	0	17	step_2_no_load	3	4	0.562895132605	0.643116883134	3	1048	0	
205	0	18	step_1_no_load	1	2	1	319	
205	0	18	step_2_no_load	3	4	0.553554620302	0.626895526976	4	1284	1	
205	0	19	step_1_no_load	1	2	1	378	
205	0	19	step_2_no_load	3	4	0.536502319591	0.644773170243	4	539	1	
205	0	20	step_1_no_load	1	2	1	397	
205	0	20	step_2_no_load	3	4	0.491720931314	0.60665343963	4	586	1	
205	0	21	step_1_no_load	1	2	1	384	
205	0	21	step_2_no_load	3	4	0.470207377245	0.611328949295	4	492	1	
205	0	22	step_1_no_load	1	2	1	422	
205	0	22	step_2_no_load	3	4	0.468700882609	0.618527126547	4	550	0	
205	0	23	step_1_no_load	1	2	1	379	
205	0	23	step_2_no_load	3	4	0.513759772011	0.604065470975	3	1179	0	
205	0	24	step_1_no_load	1	2	1	329	
205	0	24	step_2_no_load	3	4	0.503316199018	0.5800912085	4	565	1	
205	0	25	step_1_no_load	1	2	1	359	
205	0	25	step_2_no_load	5	6	0.503316372362	0.565698722896	5	1251	0	
205	0	26	step_1_no_load	1	2	1	399	
205	0	26	step_2_no_load	3	4	0.532884212818	0.640635035276	4	464	1	
205	0	27	step_1_no_load	1	2	1	426	
205	0	27	step_2_no_load	3	4	0.54756089792	0.642144756622	4	544	1	
205	0	28	step_1_no_load	1	2	1	357	
205	0	28	step_2_no_load	5	6	0.520177259699	0.588356036098	6	1095	1	
205	0	29	step_1_no_load	1	2	1	402	
205	0	29	step_2_no_load	5	6	0.521159009103	0.606613029227	6	651	0	
205	0	30	step_1_no_load	1	2	1	244	
205	0	30	step_2_no_load	3	4	0.574272497114	0.610227092493	4	916	1	
205	0	31	step_1_no_load	1	2	1	302	
205	0	31	step_2_no_load	5	6	0.483156722265	0.636602545794	6	1073	0	
205	0	32	step_1_no_load	1	2	1	290	
205	0	32	step_2_no_load	3	4	0.522993086096	0.605616211083	4	1069	0	
205	0	33	step_1_no_load	1	2	1	355	
205	0	33	step_2_no_load	3	4	0.542309898544	0.618000238621	4	882	0	
205	0	34	step_1_no_load	1	2	1	270	
205	0	34	step_2_no_load	3	4	0.538523758058	0.670290552209	3	389	1	
205	0	35	step_1_no_load	1	2	1	360	
205	0	35	step_2_no_load	3	4	0.594167768198	0.649776015006	3	503	0	
205	0	36	step_1_no_load	1	2	1	270	
205	0	36	step_2_no_load	3	4	0.611274573488	0.661229326326	3	505	1	
205	0	37	step_1_no_load	1	2	1	342	
205	0	37	step_2_no_load	5	6	0.543074626387	0.513822304161	6	1001	1	
205	0	38	step_1_no_load	1	2	1	272	
205	0	38	step_2_no_load	3	4	0.595113730206	0.651263699161	3	708	1	
205	0	39	step_1_no_load	1	2	1	324	
205	0	39	step_2_no_load	3	4	0.610601635554	0.634483337633	3	864	1	
205	0	40	step_1_no_load	1	2	1	341	
205	0	40	step_2_no_load	3	4	0.607992802154	0.636994900683	3	458	1	
205	0	41	step_1_no_load	1	2	1	355	
205	0	41	step_2_no_load	5	6	0.583829055298	0.524862294848	6	978	1	
205	0	42	step_1_no_load	1	2	1	260	
205	0	42	step_2_no_load	5	6	0.553461946234	0.533857158543	6	611	1	
205	0	43	step_1_no_load	1	2	1	313	
205	0	43	step_2_no_load	3	4	0.612705031264	0.581931546759	4	970	0	
205	0	44	step_1_no_load	1	2	1	424	
205	0	44	step_2_no_load	3	4	0.611481438855	0.589653131867	3	371	1	
205	0	45	step_1_no_load	1	2	1	368	
205	0	45	step_2_no_load	5	6	0.5288039409	0.579346234508	6	539	0	
205	0	46	step_1_no_load	1	2	1	337	
205	0	46	step_2_no_load	3	4	0.600964500555	0.654261318712	3	666	0	
205	0	47	step_1_no_load	1	2	1	331	
205	0	47	step_2_no_load	5	6	0.493112702321	0.546259467838	5	1099	1	
205	0	48	step_1_no_load	1	2	1	354	
205	0	48	step_2_no_load	3	4	0.615767119776	0.657624935632	4	1260	0	
205	0	49	step_1_no_load	1	2	1	296	
205	0	49	step_2_no_load	3	4	0.610193185592	0.614679490594	3	952	0	
205	0	50	step_1_no_load	1	2	1	290	
205	0	50	step_2_no_load	5	6	0.47381367271	0.481616544184	5	464	0	
205	0	51	step_1_no_load	1	2	1	278	
205	0	51	step_2_no_load	5	6	0.469943944943	0.508197321577	5	600	0	
205	0	52	step_1_no_load	1	2	1	385	
205	0	52	step_2_no_load	5	6	0.429622901875	0.513589895419	6	917	1	
205	0	53	step_1_no_load	1	2	1	293	
205	0	53	step_2_no_load	3	4	0.551457882502	0.630956764252	4	912	1	
205	0	54	step_1_no_load	1	2	1	363	
205	0	54	step_2_no_load	3	4	0.570223904064	0.652515308527	4	635	1	
205	0	55	step_1_no_load	1	2	1	343	
205	0	55	step_2_no_load	5	6	0.487025527704	0.526704292526	6	1049	1	
205	0	56	step_1_no_load	1	2	1	314	
205	0	56	step_2_no_load	5	6	0.459773408493	0.538512915562	6	634	1	
205	0	57	step_1_no_load	1	2	1	273	
205	0	57	step_2_no_load	3	4	0.641849303307	0.586335094239	4	414	1	
205	0	58	step_1_no_load	1	2	1	396	
205	0	58	step_2_no_load	5	6	0.478335218822	0.528376440027	6	715	0	
205	0	59	step_1_no_load	1	2	1	295	
205	0	59	step_2_no_load	3	4	0.632500293208	0.608951267756	4	1019	1	
205	0	60	step_1_no_load	1	2	1	222	
205	0	60	step_2_no_load	3	4	0.623687406259	0.599559577859	4	1378	1	
205	0	61	step_1_no_load	1	2	1	248	
205	0	61	step_2_no_load	3	4	0.669587072502	0.602879526975	4	548	1	
205	0	62	step_1_no_load	1	2	1	248	
205	0	62	step_2_no_load	3	4	0.691137204746	0.622820395113	4	454	1	
205	0	63	step_1_no_load	1	2	1	325	
205	0	63	step_2_no_load	5	6	0.53192660365	0.519445130796	6	802	1	
205	0	64	step_1_no_load	1	2	1	323	
205	0	64	step_2_no_load	3	4	0.642369708469	0.626149195169	4	548	0	
205	0	65	step_1_no_load	1	2	1	264	
205	0	65	step_2_no_load	5	6	0.569109504048	0.517687993213	6	596	1	
205	0	66	step_1_no_load	1	2	1	367	
205	0	66	step_2_no_load	3	4	0.606938648072	0.630357351236	3	785	1	
205	0	67	step_1_no_load	1	2	1	240	
205	0	67	step_2_no_load	3	4	0.597650193897	0.674463681351	3	455	1	
205	0	68	step_1_no_load	1	2	1	583	
205	0	68	step_2_no_load	3	4	0.622963076372	0.719455209845	3	646	0	
205	0	69	step_1_no_load	1	2	2	376	
205	0	69	step_2_no_load	3	4	0.622221685203	0.718756538957	4	1114	1	
205	0	70	step_1_no_load	1	2	2	681	
205	0	70	step_2_no_load	5	6	0.498834901463	0.548075770764	6	1043	1	
205	0	71	step_1_no_load	1	2	2	274	
205	0	71	step_2_no_load	3	4	0.639174917797	0.706816191949	4	928	1	
205	0	72	step_1_no_load	1	2	2	320	
205	0	72	step_2_no_load	3	4	0.626024641967	0.705884789502	4	610	1	
205	0	73	step_1_no_load	1	2	2	322	
205	0	73	step_2_no_load	5	6	0.435957313805	0.50185699984	6	1062	0	
205	0	74	step_1_no_load	1	2	2	282	
205	0	74	step_2_no_load	3	4	0.614462146454	0.693624670847	4	790	0	
205	0	75	step_1_no_load	1	2	2	223	
205	0	75	step_2_no_load	5	6	0.44832280175	0.483983914712	5	887	0	
205	0	76	step_1_no_load	1	2	2	267	
205	0	76	step_2_no_load	5	6	0.488583631821	0.518881389358	6	952	0	
205	0	77	step_1_no_load	1	2	1	256	
205	0	77	step_2_no_load	3	4	0.564257587118	0.679737625371	4	700	1	
205	0	78	step_1_no_load	1	2	1	253	
205	0	78	step_2_no_load	3	4	0.536711448352	0.647586191228	4	510	1	
205	0	79	step_1_no_load	1	2	1	224	
205	0	79	step_2_no_load	3	4	0.513695512795	0.647841624544	4	416	1	
205	0	80	step_1_no_load	1	2	1	220	
205	0	80	step_2_no_load	3	4	0.518583383166	0.703969305517	4	420	1	
205	0	81	step_1_no_load	1	2	1	216	
205	0	81	step_2_no_load	3	4	0.529745690463	0.702400933084	4	394	1	
205	0	82	step_1_no_load	1	2	1	219	
205	0	82	step_2_no_load	3	4	0.564729328387	0.688340116885	4	402	1	
205	0	83	step_1_no_load	1	2	1	221	
205	0	83	step_2_no_load	3	4	0.607907985871	0.726885136842	4	398	0	
205	0	84	step_1_no_load	1	2	1	230	
205	0	84	step_2_no_load	3	4	0.65843840156	0.731466635793	4	443	1	
205	0	85	step_1_no_load	1	2	1	255	
205	0	85	step_2_no_load	3	4	0.692384972752	0.712989604416	4	361	1	
205	0	86	step_1_no_load	1	2	1	226	
205	0	86	step_2_no_load	3	4	0.691782850001	0.721207648497	4	351	1	
205	0	87	step_1_no_load	1	2	1	230	
205	0	87	step_2_no_load	3	4	0.719375344246	0.690012761069	4	396	1	
205	0	88	step_1_no_load	1	2	1	276	
205	0	88	step_2_no_load	3	4	0.717410082358	0.696773608304	4	352	1	
205	0	89	step_1_no_load	1	2	1	342	
205	0	89	step_2_no_load	5	6	0.415882489686	0.490019385174	5	720	0	
205	0	90	step_1_no_load	1	2	1	219	
205	0	90	step_2_no_load	5	6	0.411459496853	0.530126112124	6	603	0	
205	0	91	step_1_no_load	1	2	1	235	
205	0	91	step_2_no_load	3	4	0.685023809334	0.657820521772	4	685	0	
205	0	92	step_1_no_load	1	2	1	227	
205	0	92	step_2_no_load	3	4	0.692406274724	0.679381608313	3	486	1	
205	0	93	step_1_no_load	1	2	1	228	
205	0	93	step_2_no_load	3	4	0.70415710998	0.662863370634	3	406	1	
205	0	94	step_1_no_load	1	2	1	243	
205	0	94	step_2_no_load	5	6	0.429211756872	0.468637558205	6	398	0	
205	0	95	step_1_no_load	1	2	1	306	
205	0	95	step_2_no_load	3	4	0.715495469274	0.640209855442	3	377	1	
205	0	96	step_1_no_load	1	2	1	332	
205	0	96	step_2_no_load	3	4	0.693739812506	0.663095813561	3	415	0	
205	0	97	step_1_no_load	1	2	1	236	
205	0	97	step_2_no_load	3	4	0.681272614291	0.651202057411	3	417	1	
205	0	98	step_1_no_load	1	2	1	210	
205	0	98	step_2_no_load	5	6	0.409778171713	0.431479829356	5	327	0	
205	0	99	step_1_no_load	1	2	1	225	
205	0	99	step_2_no_load	5	6	0.397561363605	0.375249961522	6	793	0	
205	0	100	step_1_no_load	1	2	1	177	
205	0	100	step_2_no_load	3	4	0.666227451505	0.66579920021	3	517	1	
205	0	101	step_1_no_load	1	2	1	265	
205	0	101	step_2_no_load	5	6	0.497432607584	0.366879421891	5	843	1	
205	0	102	step_1_no_load	1	2	1	212	
205	0	102	step_2_no_load	3	4	0.666304534392	0.663124617603	3	339	1	
205	0	103	step_1_no_load	1	2	1	266	
205	0	103	step_2_no_load	3	4	0.663997796029	0.69058998368	3	406	0	
205	0	104	step_1_no_load	1	2	1	223	
205	0	104	step_2_no_load	3	4	0.703870701136	0.743372642809	4	356	1	
205	0	105	step_1_no_load	1	2	1	353	
205	0	105	step_2_no_load	5	6	0.514318365187	0.352639603242	6	300	1	
205	0	106	step_1_no_load	1	2	1	271	
205	0	106	step_2_no_load	3	4	0.712883638252	0.699623252899	4	394	1	
205	0	107	step_1_no_load	1	2	1	286	
205	0	107	step_2_no_load	3	4	0.692607431435	0.677514185929	4	525	1	
205	0	108	step_1_no_load	1	2	1	221	
205	0	108	step_2_no_load	3	4	0.695928523711	0.681491063126	4	376	1	
205	0	109	step_1_no_load	1	2	1	270	
205	0	109	step_2_no_load	3	4	0.71632547018	0.68658494263	4	370	1	
205	0	110	step_1_no_load	1	2	1	212	
205	0	110	step_2_no_load	5	6	0.432626681236	0.395544455384	6	931	1	
205	0	111	step_1_no_load	1	2	1	229	
205	0	111	step_2_no_load	3	4	0.724852671171	0.634599547742	4	408	1	
205	0	112	step_1_no_load	1	2	1	228	
205	0	112	step_2_no_load	5	6	0.392887565883	0.413393106784	6	662	0	
205	0	113	step_1_no_load	1	2	1	216	
205	0	113	step_2_no_load	5	6	0.370697120277	0.387112818105	5	54	0	
205	0	114	step_1_no_load	1	2	1	294	
205	0	114	step_2_no_load	5	6	0.380324086676	0.384736699284	6	766	1	
205	0	115	step_1_no_load	1	2	1	215	
205	0	115	step_2_no_load	5	6	0.390027643099	0.357661171116	6	648	1	
205	0	116	step_1_no_load	1	2	1	308	
205	0	116	step_2_no_load	5	6	0.378149844807	0.369438791876	6	434	0	
205	0	117	step_1_no_load	1	2	1	414	
205	0	117	step_2_no_load	3	4	0.747012267642	0.671842537277	3	393	1	
205	0	118	step_1_no_load	1	2	1	222	
205	0	118	step_2_no_load	3	4	0.740051715856	0.690484235012	3	574	1	
205	0	119	step_1_no_load	1	2	1	296	
205	0	119	step_2_no_load	3	4	0.690424535099	0.661177321751	3	338	0	
205	0	120	step_1_no_load	1	2	1	197	
205	0	120	step_2_no_load	5	6	0.370150243662	0.333809617664	5	82	1	
205	0	121	step_1_no_load	1	2	1	371	
205	0	121	step_2_no_load	3	4	0.658856304095	0.671052306195	4	884	0	
205	0	122	step_1_no_load	1	2	1	284	
205	0	122	step_2_no_load	3	4	0.6136886145	0.672193618854	3	531	1	
205	0	123	step_1_no_load	1	2	1	470	
205	0	123	step_2_no_load	3	4	0.583607229978	0.664849878232	3	505	1	
205	0	124	step_1_no_load	1	2	1	295	
205	0	124	step_2_no_load	3	4	0.603013298253	0.624161788269	3	383	1	
205	0	125	step_1_no_load	1	2	1	283	
205	0	125	step_2_no_load	3	4	0.559596800931	0.633566302563	3	425	1	
205	0	126	step_1_no_load	1	2	1	286	
205	0	126	step_2_no_load	3	4	0.537863824328	0.600985760967	3	351	0	
205	0	127	step_1_no_load	1	2	1	300	
205	0	127	step_2_no_load	3	4	0.560824094575	0.646945556251	3	401	1	
205	0	128	step_1_no_load	1	2	1	254	
205	0	128	step_2_no_load	3	4	0.636905534066	0.620672334996	3	334	1	
205	0	129	step_1_no_load	1	2	1	256	
205	0	129	step_2_no_load	3	4	0.685297910719	0.632682846317	3	405	1	
205	0	130	step_1_no_load	1	2	1	215	
205	0	130	step_2_no_load	3	4	0.682031489739	0.630285316669	3	381	1	
205	0	131	step_1_no_load	1	2	1	263	
205	0	131	step_2_no_load	3	4	0.678044920845	0.638450601212	3	346	1	
205	0	132	step_1_no_load	1	2	1	231	
205	0	132	step_2_no_load	3	4	0.668578020634	0.660013924697	3	410	1	
205	0	133	step_1_no_load	1	2	1	239	
205	0	133	step_2_no_load	3	4	0.617383991623	0.691649444281	3	327	1	
205	0	134	step_1_no_load	1	2	1	282	
205	0	134	step_2_no_load	5	6	0.302839427162	0.287393715313	6	512	0	
205	0	135	step_1_no_load	1	2	1	477	
205	0	135	step_2_no_load	3	4	0.593710006149	0.700779221781	3	551	1	
205	0	136	step_1_no_load	1	2	1	266	
205	0	136	step_2_no_load	3	4	0.597814413435	0.674914008636	3	671	1	
205	0	137	step_1_no_load	1	2	1	323	
205	0	137	step_2_no_load	5	6	0.325016613024	0.346433498467	6	913	1	
205	0	138	step_1_no_load	1	2	1	304	
205	0	138	step_2_no_load	5	6	0.307694123906	0.366701525561	6	442	0	
205	0	139	step_1_no_load	1	2	1	308	
205	0	139	step_2_no_load	3	4	0.636630981281	0.696355985729	3	475	1	
205	0	140	step_1_no_load	1	2	1	281	
205	0	140	step_2_no_load	5	6	0.328174526491	0.348740542008	6	569	0	
205	0	141	step_1_no_load	1	2	1	275	
205	0	141	step_2_no_load	3	4	0.711987889705	0.616803346728	3	424	1	
205	0	142	step_1_no_load	1	2	1	317	
205	0	142	step_2_no_load	3	4	0.690276058009	0.627356259123	3	426	1	
205	0	143	step_1_no_load	1	2	1	299	
205	0	143	step_2_no_load	3	4	0.661365099615	0.610219102298	3	427	1	
205	0	144	step_1_no_load	1	2	1	291	
205	0	144	step_2_no_load	3	4	0.626443722248	0.639347300184	3	542	1	
205	0	145	step_1_no_load	1	2	1	259	
205	0	145	step_2_no_load	5	6	0.266265924094	0.355256413269	5	623	0	
205	0	146	step_1_no_load	1	2	1	241	
205	0	146	step_2_no_load	3	4	0.681611991725	0.593778463268	3	445	1	
205	0	147	step_1_no_load	1	2	1	223	
205	0	147	step_2_no_load	3	4	0.647798886916	0.594861186319	3	347	1	
205	0	148	step_1_no_load	1	2	1	293	
205	0	148	step_2_no_load	5	6	0.305288021243	0.311162711725	5	580	1	
205	0	149	step_1_no_load	1	2	1	273	
205	0	149	step_2_no_load	3	4	0.601870110183	0.623203869836	3	393	0	
205	0	150	step_1_no_load	1	2	1	268	
205	0	150	step_2_no_load	5	6	0.305587692243	0.306860041627	5	363	1	
205	0	151	step_1_no_load	1	2	1	250	
205	0	151	step_2_no_load	3	4	0.59154759351	0.614159737668	4	356	1	
205	0	152	step_1_no_load	1	2	1	299	
205	0	152	step_2_no_load	3	4	0.595108765344	0.644204174791	4	375	1	
205	0	153	step_1_no_load	1	2	1	285	
205	0	153	step_2_no_load	3	4	0.613336203392	0.681559292085	4	340	1	
205	0	154	step_1_no_load	1	2	1	281	
205	0	154	step_2_no_load	3	4	0.638934099562	0.671672162443	4	346	1	
205	0	155	step_1_no_load	1	2	1	298	
205	0	155	step_2_no_load	3	4	0.632486591889	0.716100930629	4	467	1	
205	0	156	step_1_no_load	1	2	1	285	
205	0	156	step_2_no_load	3	4	0.631048201903	0.734436160799	4	476	1	
205	0	157	step_1_no_load	1	2	1	309	
205	0	157	step_2_no_load	3	4	0.585191807512	0.720725456325	4	380	1	
205	0	158	step_1_no_load	1	2	1	278	
205	0	158	step_2_no_load	5	6	0.408728803896	0.334595868098	5	651	1	
205	0	159	step_1_no_load	1	2	1	269	
205	0	159	step_2_no_load	5	6	0.413026375257	0.321150411254	5	587	1	
205	0	160	step_1_no_load	1	2	1	283	
205	0	160	step_2_no_load	3	4	0.521229931064	0.710728171711	4	370	0	
205	0	161	step_1_no_load	1	2	1	261	
205	0	161	step_2_no_load	3	4	0.516036498158	0.719896286569	3	439	1	
205	0	162	step_1_no_load	1	2	1	256	
205	0	162	step_2_no_load	3	4	0.566496468084	0.695144769903	3	445	0	
205	0	163	step_1_no_load	1	2	1	242	
205	0	163	step_2_no_load	3	4	0.5863391277	0.697095951435	3	434	0	
205	0	164	step_1_no_load	1	2	1	275	
205	0	164	step_2_no_load	3	4	0.585961845322	0.692137394606	4	343	1	
205	0	165	step_1_no_load	1	2	1	260	
205	0	165	step_2_no_load	3	4	0.538026607649	0.717506143195	4	398	0	
205	0	166	step_1_no_load	1	2	1	257	
205	0	166	step_2_no_load	5	6	0.422282731054	0.356317216644	5	962	1	
205	0	167	step_1_no_load	1	2	1	315	
205	0	167	step_2_no_load	3	4	0.585131062446	0.706271792549	4	362	1	
205	0	168	step_1_no_load	1	2	1	265	
205	0	168	step_2_no_load	3	4	0.613361520676	0.67192508984	4	405	1	
205	0	169	step_1_no_load	1	2	1	281	
205	0	169	step_2_no_load	3	4	0.586049140041	0.704981910944	4	320	0	
205	0	170	step_1_no_load	1	2	1	291	
205	0	170	step_2_no_load	5	6	0.411067820436	0.364989630435	6	891	0	
205	0	171	step_1_no_load	1	2	1	274	
205	0	171	step_2_no_load	3	4	0.553314431843	0.727248140829	4	281	0	
205	0	172	step_1_no_load	1	2	1	302	
205	0	172	step_2_no_load	3	4	0.519090471457	0.668669556875	3	311	1	
205	0	173	step_1_no_load	1	2	1	332	
205	0	173	step_2_no_load	3	4	0.484428109849	0.667027212577	3	462	1	
205	0	174	step_1_no_load	1	2	1	357	
205	0	174	step_2_no_load	3	4	0.472729524832	0.729877433725	3	387	0	
205	0	175	step_1_no_load	1	2	1	301	
205	0	175	step_2_no_load	5	6	0.426185553904	0.484825491933	6	665	0	
205	0	176	step_1_no_load	1	2	1	275	
205	0	176	step_2_no_load	3	4	0.474046874473	0.679250000396	3	331	1	
205	0	177	step_1_no_load	1	2	1	297	
205	0	177	step_2_no_load	3	4	0.501268576771	0.714070205704	3	738	0	
205	0	178	step_1_no_load	1	2	1	332	
205	0	178	step_2_no_load	3	4	0.493712351915	0.705993797498	3	357	1	
205	0	179	step_1_no_load	1	2	1	254	
205	0	179	step_2_no_load	5	6	0.324685418097	0.493565996034	5	789	0	
205	0	180	step_1_no_load	1	2	1	242	
205	0	180	step_2_no_load	3	4	0.482853857291	0.719795072986	3	234	1	
205	0	181	step_1_no_load	1	2	1	245	
205	0	181	step_2_no_load	5	6	0.342402764747	0.480141179559	6	830	1	
205	0	182	step_1_no_load	1	2	1	331	
205	0	182	step_2_no_load	3	4	0.506773281362	0.72717560423	3	378	1	
205	0	183	step_1_no_load	1	2	1	253	
205	0	183	step_2_no_load	5	6	0.350175837802	0.492742497507	6	633	0	
205	0	184	step_1_no_load	1	2	1	287	
205	0	184	step_2_no_load	3	4	0.460890977786	0.657291439324	3	436	0	
205	0	185	step_1_no_load	1	2	1	257	
205	0	185	step_2_no_load	3	4	0.479703516092	0.665622647081	4	580	1	
205	0	186	step_1_no_load	1	2	1	268	
205	0	186	step_2_no_load	3	4	0.46870859828	0.656308636836	4	420	1	
205	0	187	step_1_no_load	1	2	1	259	
205	0	187	step_2_no_load	3	4	0.443962917772	0.678211978625	4	346	1	
205	0	188	step_1_no_load	1	2	1	269	
205	0	188	step_2_no_load	3	4	0.471319680586	0.696362660087	4	337	1	
205	0	189	step_1_no_load	1	2	1	343	
205	0	189	step_2_no_load	5	6	0.285168135955	0.534753756004	5	1093	1	
205	0	190	step_1_no_load	1	2	1	259	
205	0	190	step_2_no_load	5	6	0.304557739386	0.505820429042	5	572	0	
205	0	191	step_1_no_load	1	2	1	261	
205	0	191	step_2_no_load	5	6	0.318839908867	0.512103523931	6	854	0	
205	0	192	step_1_no_load	1	2	1	264	
205	0	192	step_2_no_load	3	4	0.450791310283	0.705517419189	4	372	1	
205	0	193	step_1_no_load	1	2	1	238	
205	0	193	step_2_no_load	3	4	0.440813209638	0.679792491164	4	407	1	
205	0	194	step_1_no_load	1	2	1	254	
205	0	194	step_2_no_load	3	4	0.433250459893	0.655261361454	4	390	1	
205	0	195	step_1_no_load	1	2	1	260	
205	0	195	step_2_no_load	3	4	0.466795336969	0.646280688878	4	356	1	
205	0	196	step_1_no_load	1	2	1	282	
205	0	196	step_2_no_load	3	4	0.421761207498	0.695101215304	4	345	1	
205	0	197	step_1_no_load	1	2	1	288	
205	0	197	step_2_no_load	5	6	0.316987700969	0.47786945426	6	655	0	
205	0	198	step_1_no_load	1	2	1	507	
205	0	198	step_2_no_load	3	4	0.397292432346	0.68660989813	4	562	1	
205	0	199	step_1_no_load	1	2	1	271	
205	0	199	step_2_no_load	3	4	0.39793773834	0.73697129762	4	422	1	
205	0	200	step_1_no_load	1	2	1	229	
205	0	200	step_2_no_load	3	4	0.372436949782	0.728996708473	4	400	0	

Thu Mar 14 15:14:25 2019
