Thu Mar 14 17:39:45 2019	
206	0	1	step_1_no_load	1	2	-1	-1	
206	0	2	step_1_no_load	1	2	1	659	
206	0	2	step_2_no_load	5	6	0.610961032466	0.580156942153	-1	-1	-1	
206	0	3	step_1_no_load	1	2	2	484	
206	0	3	step_2_no_load	3	4	0.516002945397	0.476767372206	4	1069	1	
206	0	4	step_1_no_load	1	2	2	701	
206	0	4	step_2_no_load	3	4	0.494597764192	0.478607661228	4	1307	1	
206	0	5	step_1_no_load	1	2	2	552	
206	0	5	step_2_no_load	3	4	0.543908521457	0.495568760483	4	1340	0	
206	0	6	step_1_no_load	1	2	1	540	
206	0	6	step_2_no_load	3	4	0.490454120702	0.506877622204	3	53	1	
206	0	7	step_1_no_load	1	2	1	430	
206	0	7	step_2_no_load	3	4	0.506408070053	0.500071913476	3	917	0	
206	0	8	step_1_no_load	1	2	2	452	
206	0	8	step_2_no_load	5	6	0.624210374623	0.59128639594	6	680	0	
206	0	9	step_1_no_load	1	2	1	446	
206	0	9	step_2_no_load	3	4	0.54429228266	0.496546708465	3	1417	0	
206	0	10	step_1_no_load	1	2	1	360	
206	0	10	step_2_no_load	5	6	0.636063269715	0.652626043146	5	777	1	
206	0	11	step_1_no_load	1	2	1	340	
206	0	11	step_2_no_load	3	4	0.59022801242	0.477013315682	3	449	1	
206	0	12	step_1_no_load	1	2	1	289	
206	0	12	step_2_no_load	3	4	0.597131918027	0.48457206759	3	411	0	
206	0	13	step_1_no_load	1	2	1	334	
206	0	13	step_2_no_load	3	4	0.595790490356	0.52012981853	3	24	1	
206	0	14	step_1_no_load	1	2	2	624	
206	0	14	step_2_no_load	5	6	0.545555696267	0.629137942344	6	604	0	
206	0	15	step_1_no_load	1	2	1	493	
206	0	15	step_2_no_load	3	4	0.633564630036	0.505377237737	3	95	1	
206	0	16	step_1_no_load	1	2	2	494	
206	0	16	step_2_no_load	5	6	0.553308964466	0.628091198119	6	538	1	
206	0	17	step_1_no_load	1	2	1	439	
206	0	17	step_2_no_load	3	4	0.643116883134	0.535958400205	3	0	0	
206	0	18	step_1_no_load	1	2	1	336	
206	0	18	step_2_no_load	5	6	0.553554620302	0.626834332012	5	96	0	
206	0	19	step_1_no_load	1	2	1	283	
206	0	19	step_2_no_load	3	4	0.644773170243	0.498240186199	3	476	1	
206	0	20	step_1_no_load	1	2	1	364	
206	0	20	step_2_no_load	3	4	0.60665343963	0.478025448397	3	435	1	
206	0	21	step_1_no_load	1	2	1	394	
206	0	21	step_2_no_load	3	4	0.611328949295	0.49769376036	3	184	0	
206	0	22	step_1_no_load	1	2	2	625	
206	0	22	step_2_no_load	5	6	0.468700882609	0.621949894727	6	0	1	
206	0	23	step_1_no_load	1	2	1	391	
206	0	23	step_2_no_load	3	4	0.604065470975	0.520606588181	3	448	1	
206	0	24	step_1_no_load	1	2	2	328	
206	0	24	step_2_no_load	5	6	0.503316199018	0.582115115688	6	465	1	
206	0	25	step_1_no_load	1	2	1	244	
206	0	25	step_2_no_load	5	6	0.503605105412	0.565698722896	5	453	0	
206	0	26	step_1_no_load	1	2	1	251	
206	0	26	step_2_no_load	3	4	0.640635035276	0.511744353778	3	375	1	
206	0	27	step_1_no_load	1	2	2	351	
206	0	27	step_2_no_load	5	6	0.54756089792	0.57860777711	6	306	1	
206	0	28	step_1_no_load	1	2	2	352	
206	0	28	step_2_no_load	5	6	0.553259388875	0.588356036098	6	68	0	
206	0	29	step_1_no_load	1	2	2	288	
206	0	29	step_2_no_load	5	6	0.561957580386	0.606613029227	6	405	1	
206	0	30	step_1_no_load	1	2	2	371	
206	0	30	step_2_no_load	5	6	0.574272497114	0.608245979832	6	392	0	
206	0	31	step_1_no_load	1	2	2	238	
206	0	31	step_2_no_load	5	6	0.541819886458	0.636602545794	6	80	1	
206	0	32	step_1_no_load	1	2	2	395	
206	0	32	step_2_no_load	5	6	0.522993086096	0.634585171267	6	329	1	
206	0	33	step_1_no_load	1	2	2	285	
206	0	33	step_2_no_load	5	6	0.542309898544	0.611700032906	6	275	1	
206	0	34	step_1_no_load	1	2	2	326	
206	0	34	step_2_no_load	5	6	0.538523758058	0.575802910074	6	125	0	
206	0	35	step_1_no_load	1	2	1	252	
206	0	35	step_2_no_load	3	4	0.649776015006	0.491437207585	3	482	1	
206	0	36	step_1_no_load	1	2	1	260	
206	0	36	step_2_no_load	3	4	0.661229326326	0.513210053121	3	408	0	
206	0	37	step_1_no_load	1	2	1	276	
206	0	37	step_2_no_load	3	4	0.660658056664	0.543074626387	3	147	0	
206	0	38	step_1_no_load	1	2	1	304	
206	0	38	step_2_no_load	3	4	0.651263699161	0.553931241266	3	0	1	
206	0	39	step_1_no_load	1	2	1	366	
206	0	39	step_2_no_load	5	6	0.610601635554	0.557005857101	5	116	0	
206	0	40	step_1_no_load	1	2	1	364	
206	0	40	step_2_no_load	3	4	0.636994900683	0.5691386571	3	137	1	
206	0	41	step_1_no_load	1	2	1	289	
206	0	41	step_2_no_load	5	6	0.588857868869	0.524862294848	5	108	0	
206	0	42	step_1_no_load	1	2	1	583	
206	0	42	step_2_no_load	5	6	0.609164606591	0.533857158543	5	130	1	
206	0	43	step_1_no_load	1	2	1	267	
206	0	43	step_2_no_load	5	6	0.612705031264	0.553703096215	5	69	1	
206	0	44	step_1_no_load	1	2	1	290	
206	0	44	step_2_no_load	3	4	0.589653131867	0.537842745081	3	119	0	
206	0	45	step_1_no_load	1	2	2	370	
206	0	45	step_2_no_load	3	4	0.620699591043	0.5288039409	4	0	0	
206	0	46	step_1_no_load	1	2	2	267	
206	0	46	step_2_no_load	3	4	0.654261318712	0.532238720495	4	432	0	
206	0	47	step_1_no_load	1	2	2	215	
206	0	47	step_2_no_load	5	6	0.598724660986	0.546259467838	6	182	0	
206	0	48	step_1_no_load	1	2	1	462	
206	0	48	step_2_no_load	3	4	0.657624935632	0.488280685105	3	76	1	
206	0	49	step_1_no_load	1	2	2	305	
206	0	49	step_2_no_load	5	6	0.610193185592	0.512405963374	6	43	0	
206	0	50	step_1_no_load	1	2	1	257	
206	0	50	step_2_no_load	5	6	0.606862017918	0.481616544184	5	67	1	
206	0	51	step_1_no_load	1	2	2	450	
206	0	51	step_2_no_load	5	6	0.564866799699	0.508197321577	6	74	0	
206	0	52	step_1_no_load	1	2	2	342	
206	0	52	step_2_no_load	3	4	0.613408921915	0.429622901875	4	147	0	
206	0	53	step_1_no_load	1	2	2	323	
206	0	53	step_2_no_load	3	4	0.630956764252	0.451905460347	4	172	0	
206	0	54	step_1_no_load	1	2	2	239	
206	0	54	step_2_no_load	5	6	0.570223904064	0.493362545513	6	58	0	
206	0	55	step_1_no_load	1	2	2	257	
206	0	55	step_2_no_load	5	6	0.574045915747	0.526704292526	6	145	1	
206	0	56	step_1_no_load	1	2	2	276	
206	0	56	step_2_no_load	5	6	0.601856598146	0.538512915562	6	162	1	
206	0	57	step_1_no_load	1	2	2	324	
206	0	57	step_2_no_load	5	6	0.641849303307	0.516475618243	6	0	0	
206	0	58	step_1_no_load	1	2	1	319	
206	0	58	step_2_no_load	3	4	0.610896130115	0.478335218822	3	362	0	
206	0	59	step_1_no_load	1	2	1	432	
206	0	59	step_2_no_load	5	6	0.632500293208	0.537400760025	5	131	0	
206	0	60	step_1_no_load	1	2	1	339	
206	0	60	step_2_no_load	3	4	0.599559577859	0.491916707098	3	103	1	
206	0	61	step_1_no_load	1	2	1	259	
206	0	61	step_2_no_load	3	4	0.602879526975	0.464268875813	3	52	1	
206	0	62	step_1_no_load	1	2	2	336	
206	0	62	step_2_no_load	5	6	0.691137204746	0.533031417444	6	56	1	
206	0	63	step_1_no_load	1	2	2	302	
206	0	63	step_2_no_load	5	6	0.664284493458	0.519445130796	6	10	1	
206	0	64	step_1_no_load	1	2	1	234	
206	0	64	step_2_no_load	3	4	0.626149195169	0.555062911513	3	326	0	
206	0	65	step_1_no_load	1	2	1	226	
206	0	65	step_2_no_load	3	4	0.619953360065	0.569109504048	3	311	0	
206	0	66	step_1_no_load	1	2	1	286	
206	0	66	step_2_no_load	3	4	0.630357351236	0.573761869714	3	374	1	
206	0	67	step_1_no_load	1	2	2	259	
206	0	67	step_2_no_load	5	6	0.597650193897	0.538279387614	6	132	0	
206	0	68	step_1_no_load	1	2	2	882	
206	0	68	step_2_no_load	5	6	0.622963076372	0.523301545299	6	111	1	
206	0	69	step_1_no_load	1	2	1	273	
206	0	69	step_2_no_load	3	4	0.718756538957	0.499137600991	3	175	1	
206	0	70	step_1_no_load	1	2	1	349	
206	0	70	step_2_no_load	5	6	0.637556284465	0.548075770764	5	156	0	
206	0	71	step_1_no_load	1	2	2	370	
206	0	71	step_2_no_load	5	6	0.639174917797	0.546215110045	6	256	1	
206	0	72	step_1_no_load	1	2	2	537	
206	0	72	step_2_no_load	5	6	0.626024641967	0.556486305476	6	14	1	
206	0	73	step_1_no_load	1	2	1	496	
206	0	73	step_2_no_load	5	6	0.657126403029	0.50185699984	5	72	0	
206	0	74	step_1_no_load	1	2	1	224	
206	0	74	step_2_no_load	3	4	0.693624670847	0.453420386428	3	161	1	
206	0	75	step_1_no_load	1	2	1	217	
206	0	75	step_2_no_load	3	4	0.697629587097	0.44832280175	3	174	1	
206	0	76	step_1_no_load	1	2	1	246	
206	0	76	step_2_no_load	3	4	0.690117652944	0.488583631821	3	120	1	
206	0	77	step_1_no_load	1	2	1	297	
206	0	77	step_2_no_load	3	4	0.679737625371	0.446809557226	3	37	1	
206	0	78	step_1_no_load	1	2	1	371	
206	0	78	step_2_no_load	3	4	0.647586191228	0.435911167612	3	0	0	
206	0	79	step_1_no_load	1	2	2	564	
206	0	79	step_2_no_load	5	6	0.513695512795	0.540085062695	6	124	1	
206	0	80	step_1_no_load	1	2	2	259	
206	0	80	step_2_no_load	5	6	0.518583383166	0.49921021142	6	105	1	
206	0	81	step_1_no_load	1	2	2	262	
206	0	81	step_2_no_load	5	6	0.529745690463	0.494116554432	6	89	0	
206	0	82	step_1_no_load	1	2	1	288	
206	0	82	step_2_no_load	3	4	0.688340116885	0.395813831323	3	282	0	
206	0	83	step_1_no_load	1	2	2	245	
206	0	83	step_2_no_load	5	6	0.607907985871	0.483255412498	6	35	1	
206	0	84	step_1_no_load	1	2	2	363	
206	0	84	step_2_no_load	5	6	0.65843840156	0.505586222209	6	60	1	
206	0	85	step_1_no_load	1	2	1	265	
206	0	85	step_2_no_load	5	6	0.692384972752	0.485785534744	5	243	1	
206	0	86	step_1_no_load	1	2	1	404	
206	0	86	step_2_no_load	3	4	0.721207648497	0.345323068124	3	6	1	
206	0	87	step_1_no_load	1	2	1	303	
206	0	87	step_2_no_load	5	6	0.719375344246	0.493867001103	5	12	1	
206	0	88	step_1_no_load	1	2	2	223	
206	0	88	step_2_no_load	5	6	0.717410082358	0.509563243675	6	125	1	
206	0	89	step_1_no_load	1	2	2	128	
206	0	89	step_2_no_load	5	6	0.690772436485	0.490019385174	6	34	0	
206	0	90	step_1_no_load	1	2	1	43	
206	0	90	step_2_no_load	3	4	0.688736868033	0.411459496853	3	1	0	
206	0	91	step_1_no_load	1	2	1	287	
206	0	91	step_2_no_load	5	6	0.685023809334	0.479087223222	5	244	1	
206	0	92	step_1_no_load	1	2	1	272	
206	0	92	step_2_no_load	3	4	0.679381608313	0.444368850664	3	17	1	
206	0	93	step_1_no_load	1	2	1	297	
206	0	93	step_2_no_load	3	4	0.662863370634	0.439878153082	3	186	1	
206	0	94	step_1_no_load	1	2	1	217	
206	0	94	step_2_no_load	3	4	0.668295023896	0.429211756872	3	133	0	
206	0	95	step_1_no_load	1	2	2	299	
206	0	95	step_2_no_load	5	6	0.715495469274	0.42505578884	6	94	0	
206	0	96	step_1_no_load	1	2	2	418	
206	0	96	step_2_no_load	3	4	0.663095813561	0.383038640121	4	135	0	
206	0	97	step_1_no_load	1	2	2	58	
206	0	97	step_2_no_load	3	4	0.651202057411	0.392885664353	4	691	0	
206	0	98	step_1_no_load	1	2	2	363	
206	0	98	step_2_no_load	5	6	0.70287861952	0.431479829356	6	736	0	
206	0	99	step_1_no_load	1	2	2	277	
206	0	99	step_2_no_load	5	6	0.673709850038	0.375249961522	6	494	1	
206	0	100	step_1_no_load	1	2	2	279	
206	0	100	step_2_no_load	5	6	0.666227451505	0.363162156005	6	427	1	
206	0	101	step_1_no_load	1	2	2	291	
206	0	101	step_2_no_load	5	6	0.623812401974	0.366879421891	6	44	1	
206	0	102	step_1_no_load	1	2	2	287	
206	0	102	step_2_no_load	5	6	0.666304534392	0.326080462175	6	48	0	
206	0	103	step_1_no_load	1	2	2	332	
206	0	103	step_2_no_load	3	4	0.69058998368	0.481975449893	4	0	0	
206	0	104	step_1_no_load	1	2	2	104	
206	0	104	step_2_no_load	3	4	0.743372642809	0.521047445908	4	0	0	
206	0	105	step_1_no_load	1	2	1	792	
206	0	105	step_2_no_load	3	4	0.722851301692	0.514318365187	3	155	0	
206	0	106	step_1_no_load	1	2	1	10	
206	0	106	step_2_no_load	3	4	0.699623252899	0.508908032404	-1	-1	-1	
206	0	107	step_1_no_load	1	2	1	632	
206	0	107	step_2_no_load	3	4	0.677514185929	0.565220528809	3	59	1	
206	0	108	step_1_no_load	1	2	1	755	
206	0	108	step_2_no_load	3	4	0.681491063126	0.526955028982	3	115	1	
206	0	109	step_1_no_load	1	2	1	432	
206	0	109	step_2_no_load	5	6	0.71632547018	0.372328831887	5	627	1	
206	0	110	step_1_no_load	1	2	1	691	
206	0	110	step_2_no_load	3	4	0.65455226558	0.432626681236	3	419	1	
206	0	111	step_1_no_load	1	2	1	237	
206	0	111	step_2_no_load	3	4	0.634599547742	0.384948378665	3	30	0	
206	0	112	step_1_no_load	1	2	1	224	
206	0	112	step_2_no_load	3	4	0.635252945963	0.392887565883	3	84	1	
206	0	113	step_1_no_load	1	2	1	295	
206	0	113	step_2_no_load	3	4	0.634627459817	0.370697120277	3	430	1	
206	0	114	step_1_no_load	1	2	1	63	
206	0	114	step_2_no_load	5	6	0.718213323791	0.384736699284	5	278	1	
206	0	115	step_1_no_load	1	2	1	237	
206	0	115	step_2_no_load	5	6	0.739704344621	0.357661171116	5	97	0	
206	0	116	step_1_no_load	1	2	1	555	
206	0	116	step_2_no_load	5	6	0.706736514943	0.369438791876	5	1	1	
206	0	117	step_1_no_load	1	2	1	223	
206	0	117	step_2_no_load	3	4	0.671842537277	0.374621793791	3	386	0	
206	0	118	step_1_no_load	1	2	1	336	
206	0	118	step_2_no_load	3	4	0.690484235012	0.357645851833	3	15	1	
206	0	119	step_1_no_load	1	2	1	0	
206	0	119	step_2_no_load	5	6	0.690424535099	0.358243439099	5	33	0	
206	0	120	step_1_no_load	1	2	1	669	
206	0	120	step_2_no_load	3	4	0.666433355915	0.370150243662	3	52	1	
206	0	121	step_1_no_load	1	2	1	340	
206	0	121	step_2_no_load	3	4	0.671052306195	0.352721767208	3	125	0	
206	0	122	step_1_no_load	1	2	2	528	
206	0	122	step_2_no_load	5	6	0.6136886145	0.266650857402	6	534	1	
206	0	123	step_1_no_load	1	2	1	256	
206	0	123	step_2_no_load	3	4	0.664849878232	0.337526896345	3	132	1	
206	0	124	step_1_no_load	1	2	2	272	
206	0	124	step_2_no_load	5	6	0.603013298253	0.26095206597	6	7	0	
206	0	125	step_1_no_load	1	2	2	283	
206	0	125	step_2_no_load	5	6	0.559596800931	0.290374841566	6	0	0	
206	0	126	step_1_no_load	1	2	2	528	
206	0	126	step_2_no_load	5	6	0.537863824328	0.267206368684	6	173	0	
206	0	127	step_1_no_load	1	2	2	356	
206	0	127	step_2_no_load	3	4	0.646945556251	0.274944938508	4	253	0	
206	0	128	step_1_no_load	1	2	1	429	
206	0	128	step_2_no_load	3	4	0.620672334996	0.250790232267	3	297	1	
206	0	129	step_1_no_load	1	2	1	319	
206	0	129	step_2_no_load	5	6	0.685297910719	0.268213321963	5	444	0	
206	0	130	step_1_no_load	1	2	2	0	
206	0	130	step_2_no_load	3	4	0.630285316669	0.274560758494	4	402	1	
206	0	131	step_1_no_load	1	2	2	373	
206	0	131	step_2_no_load	5	6	0.678044920845	0.281500842289	6	65	0	
206	0	132	step_1_no_load	1	2	2	489	
206	0	132	step_2_no_load	5	6	0.668578020634	0.27986961048	6	116	0	
206	0	133	step_1_no_load	1	2	1	384	
206	0	133	step_2_no_load	5	6	0.617383991623	0.315608831386	5	101	1	
206	0	134	step_1_no_load	1	2	1	363	
206	0	134	step_2_no_load	5	6	0.621945110858	0.287393715313	5	68	1	
206	0	135	step_1_no_load	1	2	1	958	
206	0	135	step_2_no_load	3	4	0.700779221781	0.287118934166	3	235	1	
206	0	136	step_1_no_load	1	2	1	309	
206	0	136	step_2_no_load	3	4	0.674914008636	0.284521085726	3	307	1	
206	0	137	step_1_no_load	1	2	1	239	
206	0	137	step_2_no_load	3	4	0.668540846495	0.325016613024	3	476	1	
206	0	138	step_1_no_load	1	2	1	297	
206	0	138	step_2_no_load	5	6	0.63240964674	0.366701525561	5	395	1	
206	0	139	step_1_no_load	1	2	1	281	
206	0	139	step_2_no_load	3	4	0.696355985729	0.323660750961	3	126	1	
206	0	140	step_1_no_load	1	2	1	171	
206	0	140	step_2_no_load	5	6	0.671213945178	0.348740542008	5	150	1	
206	0	141	step_1_no_load	1	2	1	398	
206	0	141	step_2_no_load	3	4	0.616803346728	0.311809871418	3	120	1	
206	0	142	step_1_no_load	1	2	1	279	
206	0	142	step_2_no_load	3	4	0.627356259123	0.304203281606	3	347	0	
206	0	143	step_1_no_load	1	2	1	440	
206	0	143	step_2_no_load	3	4	0.610219102298	0.313516825296	3	211	1	
206	0	144	step_1_no_load	1	2	1	323	
206	0	144	step_2_no_load	3	4	0.639347300184	0.275932517017	3	14	0	
206	0	145	step_1_no_load	1	2	1	319	
206	0	145	step_2_no_load	5	6	0.6669125229	0.355256413269	5	321	1	
206	0	146	step_1_no_load	1	2	1	245	
206	0	146	step_2_no_load	3	4	0.593778463268	0.257861956214	3	23	1	
206	0	147	step_1_no_load	1	2	1	275	
206	0	147	step_2_no_load	3	4	0.594861186319	0.265578160642	3	161	1	
206	0	148	step_1_no_load	1	2	1	193	
206	0	148	step_2_no_load	3	4	0.648050021239	0.305288021243	3	164	1	
206	0	149	step_1_no_load	1	2	1	276	
206	0	149	step_2_no_load	5	6	0.601870110183	0.300290206122	5	199	0	
206	0	150	step_1_no_load	1	2	1	219	
206	0	150	step_2_no_load	5	6	0.575985663078	0.306860041627	5	293	1	
206	0	151	step_1_no_load	1	2	1	107	
206	0	151	step_2_no_load	5	6	0.59154759351	0.310557101463	5	90	1	
206	0	152	step_1_no_load	1	2	1	250	
206	0	152	step_2_no_load	3	4	0.644204174791	0.307702500543	3	143	1	
206	0	153	step_1_no_load	1	2	1	428	
206	0	153	step_2_no_load	3	4	0.681559292085	0.309356532263	3	240	0	
206	0	154	step_1_no_load	1	2	1	220	
206	0	154	step_2_no_load	3	4	0.671672162443	0.316375537537	3	277	0	
206	0	155	step_1_no_load	1	2	1	140	
206	0	155	step_2_no_load	5	6	0.632486591889	0.372188990474	5	242	1	
206	0	156	step_1_no_load	1	2	1	195	
206	0	156	step_2_no_load	3	4	0.734436160799	0.32564867104	3	0	1	
206	0	157	step_1_no_load	1	2	1	72	
206	0	157	step_2_no_load	5	6	0.585191807512	0.324728201487	5	41	0	
206	0	158	step_1_no_load	1	2	1	256	
206	0	158	step_2_no_load	3	4	0.694270715354	0.408728803896	3	120	1	
206	0	159	step_1_no_load	1	2	1	312	
206	0	159	step_2_no_load	5	6	0.541222065796	0.321150411254	5	65	0	
206	0	160	step_1_no_load	1	2	1	251	
206	0	160	step_2_no_load	5	6	0.521229931064	0.355992626298	5	51	1	
206	0	161	step_1_no_load	1	2	1	480	
206	0	161	step_2_no_load	5	6	0.516036498158	0.438878285506	5	454	1	
206	0	162	step_1_no_load	1	2	1	338	
206	0	162	step_2_no_load	5	6	0.566496468084	0.455329532209	5	121	1	
206	0	163	step_1_no_load	1	2	1	230	
206	0	163	step_2_no_load	3	4	0.697095951435	0.395221309311	3	91	1	
206	0	164	step_1_no_load	1	2	1	276	
206	0	164	step_2_no_load	3	4	0.692137394606	0.432761720497	3	395	1	
206	0	165	step_1_no_load	1	2	1	140	
206	0	165	step_2_no_load	3	4	0.717506143195	0.463777557969	3	63	1	
206	0	166	step_1_no_load	1	2	1	223	
206	0	166	step_2_no_load	5	6	0.549095060025	0.356317216644	5	246	1	
206	0	167	step_1_no_load	1	2	1	342	
206	0	167	step_2_no_load	3	4	0.706271792549	0.38753671275	3	366	0	
206	0	168	step_1_no_load	1	2	1	315	
206	0	168	step_2_no_load	3	4	0.67192508984	0.400817642375	3	49	1	
206	0	169	step_1_no_load	1	2	1	377	
206	0	169	step_2_no_load	5	6	0.586049140041	0.365156560071	5	88	1	
206	0	170	step_1_no_load	1	2	1	93	
206	0	170	step_2_no_load	3	4	0.67334314737	0.411067820436	3	201	1	
206	0	171	step_1_no_load	1	2	1	240	
206	0	171	step_2_no_load	3	4	0.727248140829	0.386979310814	3	182	1	
206	0	172	step_1_no_load	1	2	1	270	
206	0	172	step_2_no_load	5	6	0.519090471457	0.490120307546	5	334	0	
206	0	173	step_1_no_load	1	2	1	230	
206	0	173	step_2_no_load	3	4	0.667027212577	0.385349297983	3	78	0	
206	0	174	step_1_no_load	1	2	1	293	
206	0	174	step_2_no_load	5	6	0.472729524832	0.46236234172	5	81	1	
206	0	175	step_1_no_load	1	2	1	320	
206	0	175	step_2_no_load	5	6	0.52644949356	0.484825491933	5	341	1	
206	0	176	step_1_no_load	1	2	1	338	
206	0	176	step_2_no_load	5	6	0.474046874473	0.500856457218	5	46	1	
206	0	177	step_1_no_load	1	2	1	237	
206	0	177	step_2_no_load	3	4	0.714070205704	0.357425668099	3	261	0	
206	0	178	step_1_no_load	1	2	2	335	
206	0	178	step_2_no_load	5	6	0.493712351915	0.49020858644	6	130	0	
206	0	179	step_1_no_load	1	2	2	273	
206	0	179	step_2_no_load	5	6	0.457298770028	0.493565996034	6	146	0	
206	0	180	step_1_no_load	1	2	1	695	
206	0	180	step_2_no_load	3	4	0.719795072986	0.341214611607	3	175	1	
206	0	181	step_1_no_load	1	2	1	327	
206	0	181	step_2_no_load	5	6	0.508735114046	0.480141179559	5	11	0	
206	0	182	step_1_no_load	1	2	1	272	
206	0	182	step_2_no_load	5	6	0.506773281362	0.49907747228	5	271	0	
206	0	183	step_1_no_load	1	2	2	607	
206	0	183	step_2_no_load	3	4	0.720388040749	0.350175837802	4	73	0	
206	0	184	step_1_no_load	1	2	2	321	
206	0	184	step_2_no_load	5	6	0.460890977786	0.480863422096	6	268	0	
206	0	185	step_1_no_load	1	2	2	266	
206	0	185	step_2_no_load	5	6	0.479703516092	0.482228039858	6	192	1	
206	0	186	step_1_no_load	1	2	2	264	
206	0	186	step_2_no_load	5	6	0.46870859828	0.484672582719	6	179	1	
206	0	187	step_1_no_load	1	2	2	294	
206	0	187	step_2_no_load	5	6	0.443962917772	0.498596507669	6	66	0	
206	0	188	step_1_no_load	1	2	2	456	
206	0	188	step_2_no_load	5	6	0.471319680586	0.548350535247	6	60	0	
206	0	189	step_1_no_load	1	2	1	319	
206	0	189	step_2_no_load	3	4	0.688353284054	0.285168135955	3	263	1	
206	0	190	step_1_no_load	1	2	2	406	
206	0	190	step_2_no_load	5	6	0.433568856946	0.505820429042	6	467	0	
206	0	191	step_1_no_load	1	2	2	272	
206	0	191	step_2_no_load	5	6	0.435748387321	0.512103523931	6	43	1	
206	0	192	step_1_no_load	1	2	2	406	
206	0	192	step_2_no_load	3	4	0.705517419189	0.299297135717	4	281	0	
206	0	193	step_1_no_load	1	2	1	155	
206	0	193	step_2_no_load	5	6	0.440813209638	0.504944704439	5	37	0	
206	0	194	step_1_no_load	1	2	1	274	
206	0	194	step_2_no_load	5	6	0.433250459893	0.505359594715	5	295	1	
206	0	195	step_1_no_load	1	2	1	236	
206	0	195	step_2_no_load	3	4	0.646280688878	0.348571348505	3	255	1	
206	0	196	step_1_no_load	1	2	1	358	
206	0	196	step_2_no_load	3	4	0.695101215304	0.365373286058	3	162	1	
206	0	197	step_1_no_load	1	2	1	250	
206	0	197	step_2_no_load	3	4	0.686552522522	0.316987700969	3	66	1	
206	0	198	step_1_no_load	1	2	1	231	
206	0	198	step_2_no_load	3	4	0.68660989813	0.303352625941	3	48	0	
206	0	199	step_1_no_load	1	2	2	246	
206	0	199	step_2_no_load	5	6	0.39793773834	0.529438031858	6	77	0	
206	0	200	step_1_no_load	1	2	1	300	
206	0	200	step_2_no_load	3	4	0.728996708473	0.299128796668	3	125	0	

Thu Mar 14 18:05:14 2019
