Fri Mar 15 14:54:48 2019	
207	0	1	step_1_no_load	1	2	-1	-1	
207	0	2	step_1_no_load	1	2	1	570	
207	0	2	step_2_no_load	5	6	0.533203491871	0.610961032466	-1	-1	-1	
207	0	3	step_1_no_load	1	2	1	99	
207	0	3	step_2_no_load	3	4	0.476767372206	0.584197065669	4	788	1	
207	0	4	step_1_no_load	1	2	2	904	
207	0	4	step_2_no_load	5	6	0.494597764192	0.564086293706	6	1208	0	
207	0	5	step_1_no_load	1	2	2	1192	
207	0	5	step_2_no_load	5	6	0.543908521457	0.576104915614	6	31	1	
207	0	6	step_1_no_load	1	2	2	1236	
207	0	6	step_2_no_load	3	4	0.506877622204	0.585722686883	4	1250	0	
207	0	7	step_1_no_load	1	2	2	838	
207	0	7	step_2_no_load	5	6	0.506408070053	0.622642364361	5	678	1	
207	0	8	step_1_no_load	1	2	2	1143	
207	0	8	step_2_no_load	5	6	0.499203529332	0.624210374623	6	1236	0	
207	0	9	step_1_no_load	1	2	2	721	
207	0	9	step_2_no_load	5	6	0.54429228266	0.641106877158	5	794	0	
207	0	10	step_1_no_load	1	2	2	576	
207	0	10	step_2_no_load	3	4	0.482364178155	0.652626043146	4	291	1	
207	0	11	step_1_no_load	1	2	2	448	
207	0	11	step_2_no_load	3	4	0.477013315682	0.69163818036	4	404	1	
207	0	12	step_1_no_load	1	2	2	367	
207	0	12	step_2_no_load	5	6	0.597131918027	0.552770607849	6	0	0	
207	0	13	step_1_no_load	1	2	2	972	
207	0	13	step_2_no_load	3	4	0.52012981853	0.653587098421	3	499	0	
207	0	14	step_1_no_load	1	2	2	253	
207	0	14	step_2_no_load	5	6	0.611256675753	0.545555696267	6	694	0	
207	0	15	step_1_no_load	1	2	1	410	
207	0	15	step_2_no_load	3	4	0.505377237737	0.612260006668	3	59	0	
207	0	16	step_1_no_load	1	2	1	361	
207	0	16	step_2_no_load	3	4	0.510958036527	0.628091198119	4	309	1	
207	0	17	step_1_no_load	1	2	1	324	
207	0	17	step_2_no_load	3	4	0.535958400205	0.633350170016	4	740	1	
207	0	18	step_1_no_load	1	2	1	627	
207	0	18	step_2_no_load	3	4	0.517514133912	0.626834332012	3	414	1	
207	0	19	step_1_no_load	1	2	1	383	
207	0	19	step_2_no_load	5	6	0.644773170243	0.536502319591	5	423	1	
207	0	20	step_1_no_load	1	2	2	776	
207	0	20	step_2_no_load	5	6	0.60665343963	0.491720931314	5	551	0	
207	0	21	step_1_no_load	1	2	2	443	
207	0	21	step_2_no_load	3	4	0.49769376036	0.630305464549	4	337	1	
207	0	22	step_1_no_load	1	2	2	235	
207	0	22	step_2_no_load	5	6	0.618527126547	0.468700882609	6	292	1	
207	0	23	step_1_no_load	1	2	2	467	
207	0	23	step_2_no_load	5	6	0.604065470975	0.513759772011	5	353	1	
207	0	24	step_1_no_load	1	2	2	280	
207	0	24	step_2_no_load	5	6	0.5800912085	0.503316199018	5	338	1	
207	0	25	step_1_no_load	1	2	1	257	
207	0	25	step_2_no_load	3	4	0.503316372362	0.565698722896	4	355	0	
207	0	26	step_1_no_load	1	2	1	223	
207	0	26	step_2_no_load	5	6	0.640635035276	0.532884212818	5	896	1	
207	0	27	step_1_no_load	1	2	1	277	
207	0	27	step_2_no_load	3	4	0.507272671939	0.57860777711	4	454	1	
207	0	28	step_1_no_load	1	2	1	310	
207	0	28	step_2_no_load	3	4	0.520177259699	0.588356036098	4	331	1	
207	0	29	step_1_no_load	1	2	2	268	
207	0	29	step_2_no_load	3	4	0.521159009103	0.606613029227	4	337	0	
207	0	30	step_1_no_load	1	2	2	222	
207	0	30	step_2_no_load	3	4	0.4919199548	0.608245979832	4	304	1	
207	0	31	step_1_no_load	1	2	2	335	
207	0	31	step_2_no_load	5	6	0.606122691795	0.541819886458	6	576	1	
207	0	32	step_1_no_load	1	2	2	294	
207	0	32	step_2_no_load	3	4	0.520318771114	0.634585171267	3	377	1	
207	0	33	step_1_no_load	1	2	2	479	
207	0	33	step_2_no_load	5	6	0.618000238621	0.542309898544	5	295	0	
207	0	34	step_1_no_load	1	2	1	272	
207	0	34	step_2_no_load	3	4	0.454565258478	0.575802910074	4	704	0	
207	0	35	step_1_no_load	1	2	1	43	
207	0	35	step_2_no_load	3	4	0.491437207585	0.566827313385	3	354	1	
207	0	36	step_1_no_load	1	2	1	349	
207	0	36	step_2_no_load	3	4	0.513210053121	0.527635087561	4	281	0	
207	0	37	step_1_no_load	1	2	1	107	
207	0	37	step_2_no_load	3	4	0.543074626387	0.513822304161	4	277	1	
207	0	38	step_1_no_load	1	2	1	953	
207	0	38	step_2_no_load	3	4	0.553931241266	0.539078491643	4	570	1	
207	0	39	step_1_no_load	1	2	1	350	
207	0	39	step_2_no_load	3	4	0.578640235206	0.557005857101	4	553	1	
207	0	40	step_1_no_load	1	2	2	279	
207	0	40	step_2_no_load	3	4	0.5691386571	0.580760785074	4	363	0	
207	0	41	step_1_no_load	1	2	2	0	
207	0	41	step_2_no_load	5	6	0.633285941184	0.588857868869	6	237	0	
207	0	42	step_1_no_load	1	2	2	385	
207	0	42	step_2_no_load	5	6	0.606696263624	0.609164606591	5	314	0	
207	0	43	step_1_no_load	1	2	2	267	
207	0	43	step_2_no_load	5	6	0.581931546759	0.612705031264	6	273	1	
207	0	44	step_1_no_load	1	2	2	276	
207	0	44	step_2_no_load	3	4	0.537842745081	0.541854396676	4	215	1	
207	0	45	step_1_no_load	1	2	2	322	
207	0	45	step_2_no_load	5	6	0.620699591043	0.632991467829	5	277	1	
207	0	46	step_1_no_load	1	2	2	844	
207	0	46	step_2_no_load	3	4	0.532238720495	0.55511883717	3	363	0	
207	0	47	step_1_no_load	1	2	1	399	
207	0	47	step_2_no_load	3	4	0.493112702321	0.546259467838	4	300	1	
207	0	48	step_1_no_load	1	2	1	553	
207	0	48	step_2_no_load	3	4	0.488280685105	0.534690828011	4	507	1	
207	0	49	step_1_no_load	1	2	1	229	
207	0	49	step_2_no_load	3	4	0.489287375157	0.512405963374	3	231	1	
207	0	50	step_1_no_load	1	2	1	384	
207	0	50	step_2_no_load	5	6	0.593458480934	0.606862017918	-1	-1	-1	
207	0	51	step_1_no_load	1	2	1	344	
207	0	51	step_2_no_load	3	4	0.469943944943	0.508197321577	3	203	1	
207	0	52	step_1_no_load	1	2	1	346	
207	0	52	step_2_no_load	3	4	0.429622901875	0.513589895419	3	303	1	
207	0	53	step_1_no_load	1	2	1	432	
207	0	53	step_2_no_load	3	4	0.451905460347	0.475342927439	3	227	0	
207	0	54	step_1_no_load	1	2	2	192	
207	0	54	step_2_no_load	5	6	0.652515308527	0.570223904064	6	188	1	
207	0	55	step_1_no_load	1	2	2	233	
207	0	55	step_2_no_load	5	6	0.639840796975	0.574045915747	6	408	0	
207	0	56	step_1_no_load	1	2	2	577	
207	0	56	step_2_no_load	3	4	0.459773408493	0.538512915562	3	284	1	
207	0	57	step_1_no_load	1	2	2	948	
207	0	57	step_2_no_load	5	6	0.586335094239	0.641849303307	6	5	0	
207	0	58	step_1_no_load	1	2	2	445	
207	0	58	step_2_no_load	3	4	0.478335218822	0.528376440027	4	302	1	
207	0	59	step_1_no_load	1	2	2	360	
207	0	59	step_2_no_load	3	4	0.480274332693	0.537400760025	4	751	1	
207	0	60	step_1_no_load	1	2	2	27	
207	0	60	step_2_no_load	5	6	0.599559577859	0.623687406259	5	696	1	
207	0	61	step_1_no_load	1	2	2	429	
207	0	61	step_2_no_load	5	6	0.602879526975	0.669587072502	5	298	1	
207	0	62	step_1_no_load	1	2	1	635	
207	0	62	step_2_no_load	3	4	0.50724109756	0.533031417444	4	403	1	
207	0	63	step_1_no_load	1	2	1	355	
207	0	63	step_2_no_load	3	4	0.53192660365	0.519445130796	4	603	0	
207	0	64	step_1_no_load	1	2	1	7	
207	0	64	step_2_no_load	3	4	0.555062911513	0.533849886794	3	438	0	
207	0	65	step_1_no_load	1	2	1	643	
207	0	65	step_2_no_load	3	4	0.569109504048	0.517687993213	3	303	1	
207	0	66	step_1_no_load	1	2	1	844	
207	0	66	step_2_no_load	3	4	0.573761869714	0.555324764318	3	385	0	
207	0	67	step_1_no_load	1	2	1	259	
207	0	67	step_2_no_load	3	4	0.542076810516	0.538279387614	3	212	0	
207	0	68	step_1_no_load	1	2	2	414	
207	0	68	step_2_no_load	5	6	0.719455209845	0.622963076372	6	736	1	
207	0	69	step_1_no_load	1	2	2	322	
207	0	69	step_2_no_load	5	6	0.718756538957	0.622221685203	6	447	1	
207	0	70	step_1_no_load	1	2	2	624	
207	0	70	step_2_no_load	5	6	0.697741832068	0.637556284465	5	390	0	
207	0	71	step_1_no_load	1	2	2	881	
207	0	71	step_2_no_load	5	6	0.706816191949	0.639174917797	-1	-1	-1	
207	0	72	step_1_no_load	1	2	2	603	
207	0	72	step_2_no_load	5	6	0.705884789502	0.626024641967	5	807	1	
207	0	73	step_1_no_load	1	2	1	347	
207	0	73	step_2_no_load	3	4	0.435957313805	0.50185699984	4	572	1	
207	0	74	step_1_no_load	1	2	2	817	
207	0	74	step_2_no_load	5	6	0.693624670847	0.614462146454	5	840	1	
207	0	75	step_1_no_load	1	2	2	469	
207	0	75	step_2_no_load	5	6	0.697629587097	0.615552849174	6	679	0	
207	0	76	step_1_no_load	1	2	1	1	
207	0	76	step_2_no_load	5	6	0.690117652944	0.62770291155	5	155	1	
207	0	77	step_1_no_load	1	2	-1	-1	
207	0	78	step_1_no_load	1	2	2	5	
207	0	78	step_2_no_load	5	6	0.647586191228	0.536711448352	6	912	0	
207	0	79	step_1_no_load	1	2	1	1252	
207	0	79	step_2_no_load	3	4	0.389124152368	0.540085062695	3	165	0	
207	0	80	step_1_no_load	1	2	2	561	
207	0	80	step_2_no_load	3	4	0.396016175285	0.49921021142	4	704	0	
207	0	81	step_1_no_load	1	2	2	280	
207	0	81	step_2_no_load	5	6	0.702400933084	0.529745690463	5	421	0	
207	0	82	step_1_no_load	1	2	2	953	
207	0	82	step_2_no_load	3	4	0.395813831323	0.482727017837	4	134	0	
207	0	83	step_1_no_load	1	2	1	232	
207	0	83	step_2_no_load	3	4	0.382772464038	0.483255412498	4	295	0	
207	0	84	step_1_no_load	1	2	1	320	
207	0	84	step_2_no_load	3	4	0.385087938645	0.505586222209	3	355	0	
207	0	85	step_1_no_load	1	2	1	103	
207	0	85	step_2_no_load	3	4	0.384458259121	0.485785534744	3	387	0	
207	0	86	step_1_no_load	1	2	2	262	
207	0	86	step_2_no_load	5	6	0.721207648497	0.691782850001	6	235	0	
207	0	87	step_1_no_load	1	2	2	461	
207	0	87	step_2_no_load	5	6	0.690012761069	0.719375344246	6	735	1	
207	0	88	step_1_no_load	1	2	2	66	
207	0	88	step_2_no_load	3	4	0.377947492322	0.509563243675	3	326	0	
207	0	89	step_1_no_load	1	2	2	8	
207	0	89	step_2_no_load	5	6	0.660112261017	0.690772436485	6	415	1	
207	0	90	step_1_no_load	1	2	2	618	
207	0	90	step_2_no_load	5	6	0.688736868033	0.712247848046	6	302	1	
207	0	91	step_1_no_load	1	2	2	548	
207	0	91	step_2_no_load	5	6	0.657820521772	0.685023809334	5	864	1	
207	0	92	step_1_no_load	1	2	2	319	
207	0	92	step_2_no_load	5	6	0.679381608313	0.692406274724	5	325	0	
207	0	93	step_1_no_load	1	2	2	420	
207	0	93	step_2_no_load	3	4	0.439878153082	0.473273727684	3	548	1	
207	0	94	step_1_no_load	1	2	2	94	
207	0	94	step_2_no_load	5	6	0.668295023896	0.719464414227	5	743	0	
207	0	95	step_1_no_load	1	2	2	325	
207	0	95	step_2_no_load	3	4	0.427150666411	0.42505578884	3	760	0	
207	0	96	step_1_no_load	1	2	2	754	
207	0	96	step_2_no_load	3	4	0.383038640121	0.437558890646	-1	-1	-1	
207	0	97	step_1_no_load	1	2	1	788	
207	0	97	step_2_no_load	5	6	0.651202057411	0.681272614291	6	357	1	
207	0	98	step_1_no_load	1	2	1	102	
207	0	98	step_2_no_load	3	4	0.409778171713	0.431479829356	4	294	0	
207	0	99	step_1_no_load	1	2	1	1045	
207	0	99	step_2_no_load	5	6	0.645191748454	0.673709850038	5	507	1	
207	0	100	step_1_no_load	1	2	1	234	
207	0	100	step_2_no_load	3	4	0.4333505304	0.363162156005	3	466	1	
207	0	101	step_1_no_load	1	2	-1	-1	
207	0	102	step_1_no_load	1	2	2	6	
207	0	102	step_2_no_load	5	6	0.663124617603	0.666304534392	6	6	1	
207	0	103	step_1_no_load	1	2	2	439	
207	0	103	step_2_no_load	5	6	0.69058998368	0.663997796029	5	538	1	
207	0	104	step_1_no_load	1	2	2	419	
207	0	104	step_2_no_load	3	4	0.521047445908	0.303696146503	4	679	0	
207	0	105	step_1_no_load	1	2	1	400	
207	0	105	step_2_no_load	3	4	0.514318365187	0.352639603242	3	77	0	
207	0	106	step_1_no_load	1	2	2	244	
207	0	106	step_2_no_load	5	6	0.699623252899	0.712883638252	6	650	1	
207	0	107	step_1_no_load	1	2	2	487	
207	0	107	step_2_no_load	3	4	0.565220528809	0.388257337796	3	176	1	
207	0	108	step_1_no_load	1	2	1	501	
207	0	108	step_2_no_load	3	4	0.526955028982	0.388185708856	3	129	0	
207	0	109	step_1_no_load	1	2	2	470	
207	0	109	step_2_no_load	3	4	0.479977531501	0.372328831887	4	467	1	
207	0	110	step_1_no_load	1	2	2	412	
207	0	110	step_2_no_load	3	4	0.432626681236	0.395544455384	3	713	0	
207	0	111	step_1_no_load	1	2	2	6	
207	0	111	step_2_no_load	5	6	0.634599547742	0.724852671171	6	110	1	
207	0	112	step_1_no_load	1	2	2	421	
207	0	112	step_2_no_load	5	6	0.635252945963	0.725701866094	6	77	0	
207	0	113	step_1_no_load	1	2	2	0	
207	0	113	step_2_no_load	5	6	0.634627459817	0.719324307956	5	131	0	
207	0	114	step_1_no_load	1	2	2	604	
207	0	114	step_2_no_load	3	4	0.380324086676	0.384736699284	4	514	1	
207	0	115	step_1_no_load	1	2	2	16	
207	0	115	step_2_no_load	5	6	0.645721217949	0.739704344621	5	778	1	
207	0	116	step_1_no_load	1	2	2	5	
207	0	116	step_2_no_load	3	4	0.378149844807	0.369438791876	3	561	1	
207	0	117	step_1_no_load	1	2	1	8	
207	0	117	step_2_no_load	5	6	0.671842537277	0.747012267642	5	501	1	
207	0	118	step_1_no_load	1	2	2	145	
207	0	118	step_2_no_load	3	4	0.357645851833	0.362977115924	3	174	0	
207	0	119	step_1_no_load	1	2	2	287	
207	0	119	step_2_no_load	3	4	0.357515098446	0.358243439099	3	259	0	
207	0	120	step_1_no_load	1	2	2	33	
207	0	120	step_2_no_load	5	6	0.666433355915	0.70587238626	5	272	0	
207	0	121	step_1_no_load	1	2	1	532	
207	0	121	step_2_no_load	5	6	0.671052306195	0.658856304095	6	1219	1	
207	0	122	step_1_no_load	1	2	1	714	
207	0	122	step_2_no_load	3	4	0.329624572119	0.266650857402	3	16	0	
207	0	123	step_1_no_load	1	2	2	299	
207	0	123	step_2_no_load	5	6	0.664849878232	0.583607229978	6	76	1	
207	0	124	step_1_no_load	1	2	1	808	
207	0	124	step_2_no_load	3	4	0.309430836661	0.26095206597	3	58	1	
207	0	125	step_1_no_load	1	2	2	557	
207	0	125	step_2_no_load	5	6	0.633566302563	0.559596800931	5	861	1	
207	0	126	step_1_no_load	1	2	2	561	
207	0	126	step_2_no_load	5	6	0.600985760967	0.537863824328	6	176	1	
207	0	127	step_1_no_load	1	2	2	560	
207	0	127	step_2_no_load	5	6	0.646945556251	0.560824094575	6	112	0	
207	0	128	step_1_no_load	1	2	2	535	
207	0	128	step_2_no_load	5	6	0.620672334996	0.636905534066	6	667	1	
207	0	129	step_1_no_load	1	2	1	195	
207	0	129	step_2_no_load	5	6	0.632682846317	0.685297910719	6	270	1	
207	0	130	step_1_no_load	1	2	2	510	
207	0	130	step_2_no_load	3	4	0.274560758494	0.267460866951	3	540	0	
207	0	131	step_1_no_load	1	2	2	348	
207	0	131	step_2_no_load	3	4	0.311475039155	0.281500842289	3	790	0	
207	0	132	step_1_no_load	1	2	1	701	
207	0	132	step_2_no_load	3	4	0.315328810424	0.27986961048	4	20	0	
207	0	133	step_1_no_load	1	2	2	81	
207	0	133	step_2_no_load	3	4	0.312642735495	0.315608831386	4	206	0	
207	0	134	step_1_no_load	1	2	2	17	
207	0	134	step_2_no_load	5	6	0.685529359147	0.621945110858	6	101	1	
207	0	135	step_1_no_load	1	2	1	434	
207	0	135	step_2_no_load	3	4	0.287118934166	0.300079459047	3	13	0	
207	0	136	step_1_no_load	1	2	2	584	
207	0	136	step_2_no_load	5	6	0.674914008636	0.597814413435	6	125	1	
207	0	137	step_1_no_load	1	2	2	293	
207	0	137	step_2_no_load	3	4	0.325016613024	0.346433498467	4	46	1	
207	0	138	step_1_no_load	1	2	2	0	
207	0	138	step_2_no_load	5	6	0.688182193337	0.63240964674	6	482	1	
207	0	139	step_1_no_load	1	2	2	84	
207	0	139	step_2_no_load	5	6	0.696355985729	0.636630981281	5	544	0	
207	0	140	step_1_no_load	1	2	2	89	
207	0	140	step_2_no_load	5	6	0.637682840728	0.671213945178	5	647	1	
207	0	141	step_1_no_load	1	2	1	642	
207	0	141	step_2_no_load	3	4	0.311809871418	0.390227133375	3	40	1	
207	0	142	step_1_no_load	1	2	1	12	
207	0	142	step_2_no_load	3	4	0.304203281606	0.397052682821	3	172	0	
207	0	143	step_1_no_load	1	2	1	1	
207	0	143	step_2_no_load	3	4	0.313516825296	0.410970957547	3	8	1	
207	0	144	step_1_no_load	1	2	2	349	
207	0	144	step_2_no_load	5	6	0.639347300184	0.626443722248	6	683	0	
207	0	145	step_1_no_load	1	2	1	18	
207	0	145	step_2_no_load	5	6	0.606515632748	0.6669125229	5	220	0	
207	0	146	step_1_no_load	1	2	2	333	
207	0	146	step_2_no_load	3	4	0.257861956214	0.320877500969	4	54	0	
207	0	147	step_1_no_load	1	2	1	308	
207	0	147	step_2_no_load	3	4	0.265578160642	0.352879785946	4	500	0	
207	0	148	step_1_no_load	1	2	1	280	
207	0	148	step_2_no_load	5	6	0.648050021239	0.619272702026	5	130	1	
207	0	149	step_1_no_load	1	2	2	398	
207	0	149	step_2_no_load	5	6	0.623203869836	0.601870110183	6	18	0	
207	0	150	step_1_no_load	1	2	2	82	
207	0	150	step_2_no_load	3	4	0.305587692243	0.306860041627	4	567	1	
207	0	151	step_1_no_load	1	2	1	177	
207	0	151	step_2_no_load	3	4	0.348172164421	0.310557101463	3	544	0	
207	0	152	step_1_no_load	1	2	2	15	
207	0	152	step_2_no_load	5	6	0.644204174791	0.595108765344	6	501	0	
207	0	153	step_1_no_load	1	2	1	11	
207	0	153	step_2_no_load	3	4	0.309356532263	0.343622632154	3	623	1	
207	0	154	step_1_no_load	1	2	1	157	
207	0	154	step_2_no_load	3	4	0.316375537537	0.348349389262	3	489	0	
207	0	155	step_1_no_load	1	2	1	205	
207	0	155	step_2_no_load	3	4	0.296093457977	0.372188990474	4	101	0	
207	0	156	step_1_no_load	1	2	2	273	
207	0	156	step_2_no_load	3	4	0.32564867104	0.368378667812	3	382	0	
207	0	157	step_1_no_load	1	2	1	0	
207	0	157	step_2_no_load	3	4	0.350909357271	0.324728201487	4	183	1	
207	0	158	step_1_no_load	1	2	1	989	
207	0	158	step_2_no_load	3	4	0.408728803896	0.334595868098	4	1012	0	
207	0	159	step_1_no_load	1	2	1	39	
207	0	159	step_2_no_load	3	4	0.413026375257	0.321150411254	3	68	1	
207	0	160	step_1_no_load	1	2	1	28	
207	0	160	step_2_no_load	3	4	0.415052912783	0.355992626298	4	217	0	
207	0	161	step_1_no_load	1	2	2	21	
207	0	161	step_2_no_load	3	4	0.407025633682	0.438878285506	3	919	1	
207	0	162	step_1_no_load	1	2	1	726	
207	0	162	step_2_no_load	3	4	0.3926701003	0.455329532209	3	58	0	
207	0	163	step_1_no_load	1	2	2	25	
207	0	163	step_2_no_load	5	6	0.697095951435	0.5863391277	6	141	1	
207	0	164	step_1_no_load	1	2	2	354	
207	0	164	step_2_no_load	5	6	0.692137394606	0.585961845322	6	84	0	
207	0	165	step_1_no_load	1	2	2	36	
207	0	165	step_2_no_load	3	4	0.463777557969	0.347974240867	4	89	0	
207	0	166	step_1_no_load	1	2	1	119	
207	0	166	step_2_no_load	5	6	0.686594248975	0.549095060025	6	159	0	
207	0	167	step_1_no_load	1	2	1	17	
207	0	167	step_2_no_load	3	4	0.38753671275	0.331115714939	4	0	1	
207	0	168	step_1_no_load	1	2	2	74	
207	0	168	step_2_no_load	5	6	0.67192508984	0.613361520676	6	203	1	
207	0	169	step_1_no_load	1	2	2	988	
207	0	169	step_2_no_load	5	6	0.704981910944	0.586049140041	6	65	1	
207	0	170	step_1_no_load	1	2	2	19	
207	0	170	step_2_no_load	5	6	0.67334314737	0.57151385403	5	646	0	
207	0	171	step_1_no_load	1	2	2	23	
207	0	171	step_2_no_load	3	4	0.386979310814	0.425122034074	4	94	1	
207	0	172	step_1_no_load	1	2	2	6	
207	0	172	step_2_no_load	5	6	0.668669556875	0.519090471457	6	47	1	
207	0	173	step_1_no_load	1	2	2	318	
207	0	173	step_2_no_load	5	6	0.667027212577	0.484428109849	6	159	0	
207	0	174	step_1_no_load	1	2	1	1286	
207	0	174	step_2_no_load	3	4	0.387867297446	0.46236234172	3	19	0	
207	0	175	step_1_no_load	1	2	2	649	
207	0	175	step_2_no_load	5	6	0.693968268443	0.52644949356	6	129	0	
207	0	176	step_1_no_load	1	2	-1	-1	
207	0	177	step_1_no_load	1	2	2	15	
207	0	177	step_2_no_load	5	6	0.714070205704	0.501268576771	5	462	1	
207	0	178	step_1_no_load	1	2	1	421	
207	0	178	step_2_no_load	5	6	0.705993797498	0.493712351915	5	552	1	
207	0	179	step_1_no_load	1	2	1	410	
207	0	179	step_2_no_load	5	6	0.709345707515	0.457298770028	5	475	1	
207	0	180	step_1_no_load	1	2	1	6	
207	0	180	step_2_no_load	5	6	0.719795072986	0.482853857291	5	19	1	
207	0	181	step_1_no_load	1	2	1	6	
207	0	181	step_2_no_load	3	4	0.342402764747	0.480141179559	3	227	0	
207	0	182	step_1_no_load	1	2	2	438	
207	0	182	step_2_no_load	3	4	0.340533666308	0.49907747228	4	117	0	
207	0	183	step_1_no_load	1	2	1	20	
207	0	183	step_2_no_load	5	6	0.720388040749	0.502991759047	5	605	1	
207	0	184	step_1_no_load	1	2	1	716	
207	0	184	step_2_no_load	3	4	0.362743255194	0.480863422096	4	459	0	
207	0	185	step_1_no_load	1	2	1	485	
207	0	185	step_2_no_load	3	4	0.362611152222	0.482228039858	3	514	0	
207	0	186	step_1_no_load	1	2	2	12	
207	0	186	step_2_no_load	5	6	0.656308636836	0.46870859828	6	76	0	
207	0	187	step_1_no_load	1	2	1	12	
207	0	187	step_2_no_load	5	6	0.678211978625	0.443962917772	5	1308	0	
207	0	188	step_1_no_load	1	2	2	549	
207	0	188	step_2_no_load	5	6	0.696362660087	0.471319680586	6	0	1	
207	0	189	step_1_no_load	1	2	1	78	
207	0	189	step_2_no_load	5	6	0.688353284054	0.448897869069	5	833	1	
207	0	190	step_1_no_load	1	2	2	69	
207	0	190	step_2_no_load	5	6	0.667655825994	0.433568856946	6	649	1	
207	0	191	step_1_no_load	1	2	2	698	
207	0	191	step_2_no_load	5	6	0.664271461991	0.435748387321	6	13	0	
207	0	192	step_1_no_load	1	2	1	18	
207	0	192	step_2_no_load	5	6	0.705517419189	0.450791310283	6	515	1	
207	0	193	step_1_no_load	1	2	2	508	
207	0	193	step_2_no_load	5	6	0.679792491164	0.440813209638	6	0	1	
207	0	194	step_1_no_load	1	2	2	652	
207	0	194	step_2_no_load	5	6	0.655261361454	0.433250459893	6	163	1	
207	0	195	step_1_no_load	1	2	2	54	
207	0	195	step_2_no_load	3	4	0.348571348505	0.494102184238	3	138	0	
207	0	196	step_1_no_load	1	2	2	39	
207	0	196	step_2_no_load	5	6	0.695101215304	0.421761207498	6	202	0	
207	0	197	step_1_no_load	1	2	1	13	
207	0	197	step_2_no_load	3	4	0.316987700969	0.47786945426	3	45	0	
207	0	198	step_1_no_load	1	2	2	25	
207	0	198	step_2_no_load	5	6	0.68660989813	0.397292432346	6	0	0	
207	0	199	step_1_no_load	1	2	2	551	
207	0	199	step_2_no_load	5	6	0.73697129762	0.39793773834	6	232	0	
207	0	200	step_1_no_load	1	2	1	0	
207	0	200	step_2_no_load	3	4	0.299128796668	0.507902534353	4	146	0	

Fri Mar 15 15:14:02 2019
