Mon Mar 18 16:43:28 2019	
208	0	1	step_1_no_load	1	2	1	606	
208	0	1	step_2_no_load	3	4	0.457620150462	0.598297890399	3	579	1	
208	0	2	step_1_no_load	1	2	1	426	
208	0	2	step_2_no_load	3	4	0.474613197709	0.580156942153	3	487	0	
208	0	3	step_1_no_load	1	2	1	308	
208	0	3	step_2_no_load	5	6	0.516002945397	0.589215227351	6	609	1	
208	0	4	step_1_no_load	1	2	1	74	
208	0	4	step_2_no_load	5	6	0.494597764192	0.564086293706	6	654	1	
208	0	5	step_1_no_load	1	2	2	322	
208	0	5	step_2_no_load	5	6	0.543908521457	0.576104915614	6	464	1	
208	0	6	step_1_no_load	1	2	2	415	
208	0	6	step_2_no_load	3	4	0.506877622204	0.585722686883	3	508	1	
208	0	7	step_1_no_load	1	2	2	369	
208	0	7	step_2_no_load	5	6	0.506408070053	0.622642364361	6	631	1	
208	0	8	step_1_no_load	1	2	2	450	
208	0	8	step_2_no_load	5	6	0.499203529332	0.624210374623	6	544	1	
208	0	9	step_1_no_load	1	2	1	449	
208	0	9	step_2_no_load	3	4	0.496546708465	0.598049061473	3	527	1	
208	0	10	step_1_no_load	1	2	2	373	
208	0	10	step_2_no_load	5	6	0.576063520885	0.636063269715	6	547	1	
208	0	11	step_1_no_load	1	2	2	358	
208	0	11	step_2_no_load	5	6	0.59022801242	0.609191465743	6	548	0	
208	0	12	step_1_no_load	1	2	1	369	
208	0	12	step_2_no_load	3	4	0.48457206759	0.682786328054	3	517	0	
208	0	13	step_1_no_load	1	2	2	487	
208	0	13	step_2_no_load	3	4	0.52012981853	0.653587098421	3	834	1	
208	0	14	step_1_no_load	1	2	2	363	
208	0	14	step_2_no_load	3	4	0.491234392147	0.629137942344	3	804	0	
208	0	15	step_1_no_load	1	2	2	416	
208	0	15	step_2_no_load	5	6	0.633564630036	0.570419113221	6	584	0	
208	0	16	step_1_no_load	1	2	2	260	
208	0	16	step_2_no_load	5	6	0.626326396372	0.553308964466	6	507	1	
208	0	17	step_1_no_load	1	2	2	362	
208	0	17	step_2_no_load	5	6	0.643116883134	0.562895132605	6	578	0	
208	0	18	step_1_no_load	1	2	2	293	
208	0	18	step_2_no_load	5	6	0.626895526976	0.553554620302	6	557	1	
208	0	19	step_1_no_load	1	2	2	357	
208	0	19	step_2_no_load	5	6	0.644773170243	0.536502319591	6	625	0	
208	0	20	step_1_no_load	1	2	2	360	
208	0	20	step_2_no_load	3	4	0.478025448397	0.636521555122	4	882	0	
208	0	21	step_1_no_load	1	2	1	278	
208	0	21	step_2_no_load	3	4	0.49769376036	0.630305464549	3	477	1	
208	0	22	step_1_no_load	1	2	2	272	
208	0	22	step_2_no_load	3	4	0.506100011497	0.621949894727	3	646	1	
208	0	23	step_1_no_load	1	2	1	263	
208	0	23	step_2_no_load	3	4	0.520606588181	0.640163623731	3	460	1	
208	0	24	step_1_no_load	1	2	2	254	
208	0	24	step_2_no_load	5	6	0.5800912085	0.503316199018	6	479	1	
208	0	25	step_1_no_load	1	2	2	441	
208	0	25	step_2_no_load	5	6	0.629917901014	0.503605105412	6	549	0	
208	0	26	step_1_no_load	1	2	2	370	
208	0	26	step_2_no_load	5	6	0.640635035276	0.532884212818	6	605	0	
208	0	27	step_1_no_load	1	2	2	367	
208	0	27	step_2_no_load	3	4	0.507272671939	0.57860777711	3	700	1	
208	0	28	step_1_no_load	1	2	1	290	
208	0	28	step_2_no_load	5	6	0.647441527317	0.553259388875	6	498	1	
208	0	29	step_1_no_load	1	2	1	257	
208	0	29	step_2_no_load	3	4	0.521159009103	0.606613029227	3	437	1	
208	0	30	step_1_no_load	1	2	2	340	
208	0	30	step_2_no_load	5	6	0.610227092493	0.574272497114	6	520	1	
208	0	31	step_1_no_load	1	2	1	354	
208	0	31	step_2_no_load	5	6	0.606122691795	0.541819886458	5	444	1	
208	0	32	step_1_no_load	1	2	1	294	
208	0	32	step_2_no_load	3	4	0.520318771114	0.634585171267	3	515	1	
208	0	33	step_1_no_load	1	2	2	290	
208	0	33	step_2_no_load	3	4	0.487664344039	0.611700032906	3	536	1	
208	0	34	step_1_no_load	1	2	2	281	
208	0	34	step_2_no_load	3	4	0.454565258478	0.575802910074	3	440	1	
208	0	35	step_1_no_load	1	2	1	277	
208	0	35	step_2_no_load	5	6	0.649776015006	0.594167768198	6	642	0	
208	0	36	step_1_no_load	1	2	2	288	
208	0	36	step_2_no_load	5	6	0.661229326326	0.611274573488	6	364	0	
208	0	37	step_1_no_load	1	2	2	492	
208	0	37	step_2_no_load	5	6	0.660658056664	0.598446394142	6	538	1	
208	0	38	step_1_no_load	1	2	2	408	
208	0	38	step_2_no_load	5	6	0.651263699161	0.595113730206	6	536	1	
208	0	39	step_1_no_load	1	2	1	287	
208	0	39	step_2_no_load	5	6	0.634483337633	0.610601635554	6	551	0	
208	0	40	step_1_no_load	1	2	2	518	
208	0	40	step_2_no_load	5	6	0.636994900683	0.607992802154	6	616	1	
208	0	41	step_1_no_load	1	2	2	267	
208	0	41	step_2_no_load	3	4	0.583829055298	0.524862294848	3	502	1	
208	0	42	step_1_no_load	1	2	2	287	
208	0	42	step_2_no_load	5	6	0.606696263624	0.609164606591	6	486	0	
208	0	43	step_1_no_load	1	2	2	340	
208	0	43	step_2_no_load	5	6	0.581931546759	0.612705031264	6	535	0	
208	0	44	step_1_no_load	1	2	2	332	
208	0	44	step_2_no_load	5	6	0.589653131867	0.611481438855	6	617	0	
208	0	45	step_1_no_load	1	2	2	281	
208	0	45	step_2_no_load	5	6	0.620699591043	0.632991467829	6	573	1	
208	0	46	step_1_no_load	1	2	1	232	
208	0	46	step_2_no_load	3	4	0.532238720495	0.55511883717	3	506	1	
208	0	47	step_1_no_load	1	2	1	225	
208	0	47	step_2_no_load	3	4	0.493112702321	0.546259467838	3	445	0	
208	0	48	step_1_no_load	1	2	1	265	
208	0	48	step_2_no_load	5	6	0.657624935632	0.615767119776	6	567	1	
208	0	49	step_1_no_load	1	2	1	464	
208	0	49	step_2_no_load	3	4	0.489287375157	0.512405963374	3	486	1	
208	0	50	step_1_no_load	1	2	2	259	
208	0	50	step_2_no_load	5	6	0.593458480934	0.606862017918	6	570	0	
208	0	51	step_1_no_load	1	2	1	289	
208	0	51	step_2_no_load	3	4	0.469943944943	0.508197321577	3	460	1	
208	0	52	step_1_no_load	1	2	1	298	
208	0	52	step_2_no_load	3	4	0.429622901875	0.513589895419	3	397	0	
208	0	53	step_1_no_load	1	2	1	288	
208	0	53	step_2_no_load	5	6	0.630956764252	0.551457882502	5	393	0	
208	0	54	step_1_no_load	1	2	1	313	
208	0	54	step_2_no_load	3	4	0.491512498697	0.493362545513	3	454	0	
208	0	55	step_1_no_load	1	2	2	322	
208	0	55	step_2_no_load	5	6	0.639840796975	0.574045915747	6	545	1	
208	0	56	step_1_no_load	1	2	1	359	
208	0	56	step_2_no_load	5	6	0.60038825769	0.601856598146	6	571	1	
208	0	57	step_1_no_load	1	2	2	348	
208	0	57	step_2_no_load	5	6	0.586335094239	0.641849303307	6	467	1	
208	0	58	step_1_no_load	1	2	1	247	
208	0	58	step_2_no_load	3	4	0.478335218822	0.528376440027	3	661	0	
208	0	59	step_1_no_load	1	2	2	340	
208	0	59	step_2_no_load	5	6	0.608951267756	0.632500293208	6	491	0	
208	0	60	step_1_no_load	1	2	1	428	
208	0	60	step_2_no_load	5	6	0.599559577859	0.623687406259	6	748	1	
208	0	61	step_1_no_load	1	2	1	260	
208	0	61	step_2_no_load	5	6	0.602879526975	0.669587072502	6	491	1	
208	0	62	step_1_no_load	1	2	2	258	
208	0	62	step_2_no_load	3	4	0.50724109756	0.533031417444	3	431	0	
208	0	63	step_1_no_load	1	2	2	278	
208	0	63	step_2_no_load	5	6	0.642623127313	0.664284493458	6	383	0	
208	0	64	step_1_no_load	1	2	1	214	
208	0	64	step_2_no_load	5	6	0.626149195169	0.642369708469	6	500	0	
208	0	65	step_1_no_load	1	2	1	318	
208	0	65	step_2_no_load	3	4	0.569109504048	0.517687993213	3	404	1	
208	0	66	step_1_no_load	1	2	1	429	
208	0	66	step_2_no_load	5	6	0.630357351236	0.606938648072	6	469	1	
208	0	67	step_1_no_load	1	2	1	263	
208	0	67	step_2_no_load	5	6	0.674463681351	0.597650193897	6	567	0	
208	0	68	step_1_no_load	1	2	2	423	
208	0	68	step_2_no_load	5	6	0.719455209845	0.622963076372	6	507	1	
208	0	69	step_1_no_load	1	2	1	283	
208	0	69	step_2_no_load	3	4	0.499137600991	0.560462111264	3	442	1	
208	0	70	step_1_no_load	1	2	1	253	
208	0	70	step_2_no_load	3	4	0.498834901463	0.548075770764	3	427	0	
208	0	71	step_1_no_load	1	2	2	296	
208	0	71	step_2_no_load	5	6	0.706816191949	0.639174917797	6	506	1	
208	0	72	step_1_no_load	1	2	2	290	
208	0	72	step_2_no_load	5	6	0.705884789502	0.626024641967	6	464	0	
208	0	73	step_1_no_load	1	2	2	395	
208	0	73	step_2_no_load	5	6	0.727961155836	0.657126403029	5	521	1	
208	0	74	step_1_no_load	1	2	2	410	
208	0	74	step_2_no_load	5	6	0.693624670847	0.614462146454	5	413	1	
208	0	75	step_1_no_load	1	2	2	286	
208	0	75	step_2_no_load	5	6	0.697629587097	0.615552849174	5	510	1	
208	0	76	step_1_no_load	1	2	1	347	
208	0	76	step_2_no_load	3	4	0.488583631821	0.518881389358	3	479	1	
208	0	77	step_1_no_load	1	2	2	320	
208	0	77	step_2_no_load	5	6	0.679737625371	0.564257587118	5	438	0	
208	0	78	step_1_no_load	1	2	1	382	
208	0	78	step_2_no_load	5	6	0.647586191228	0.536711448352	6	762	0	
208	0	79	step_1_no_load	1	2	2	269	
208	0	79	step_2_no_load	5	6	0.647841624544	0.513695512795	5	421	0	
208	0	80	step_1_no_load	1	2	2	271	
208	0	80	step_2_no_load	5	6	0.703969305517	0.518583383166	5	307	1	
208	0	81	step_1_no_load	1	2	1	270	
208	0	81	step_2_no_load	3	4	0.419265522488	0.494116554432	3	382	0	
208	0	82	step_1_no_load	1	2	1	318	
208	0	82	step_2_no_load	3	4	0.395813831323	0.482727017837	3	380	1	
208	0	83	step_1_no_load	1	2	1	299	
208	0	83	step_2_no_load	3	4	0.382772464038	0.483255412498	3	419	0	
208	0	84	step_1_no_load	1	2	1	246	
208	0	84	step_2_no_load	3	4	0.385087938645	0.505586222209	3	295	1	
208	0	85	step_1_no_load	1	2	2	281	
208	0	85	step_2_no_load	5	6	0.712989604416	0.692384972752	6	616	0	
208	0	86	step_1_no_load	1	2	2	283	
208	0	86	step_2_no_load	3	4	0.345323068124	0.486462788728	3	500	0	
208	0	87	step_1_no_load	1	2	1	307	
208	0	87	step_2_no_load	3	4	0.40000499778	0.493867001103	3	305	0	
208	0	88	step_1_no_load	1	2	1	294	
208	0	88	step_2_no_load	5	6	0.696773608304	0.717410082358	5	675	1	
208	0	89	step_1_no_load	1	2	1	288	
208	0	89	step_2_no_load	3	4	0.415882489686	0.490019385174	3	438	1	
208	0	90	step_1_no_load	1	2	1	249	
208	0	90	step_2_no_load	5	6	0.688736868033	0.712247848046	5	406	1	
208	0	91	step_1_no_load	1	2	1	282	
208	0	91	step_2_no_load	3	4	0.43534164751	0.479087223222	3	412	0	
208	0	92	step_1_no_load	1	2	1	302	
208	0	92	step_2_no_load	3	4	0.444368850664	0.484260039873	3	430	0	
208	0	93	step_1_no_load	1	2	1	285	
208	0	93	step_2_no_load	3	4	0.439878153082	0.473273727684	3	295	1	
208	0	94	step_1_no_load	1	2	1	364	
208	0	94	step_2_no_load	3	4	0.429211756872	0.468637558205	3	358	1	
208	0	95	step_1_no_load	1	2	1	326	
208	0	95	step_2_no_load	5	6	0.640209855442	0.715495469274	6	537	0	
208	0	96	step_1_no_load	1	2	1	288	
208	0	96	step_2_no_load	3	4	0.383038640121	0.437558890646	3	416	0	
208	0	97	step_1_no_load	1	2	1	320	
208	0	97	step_2_no_load	3	4	0.392885664353	0.455601814112	3	516	0	
208	0	98	step_1_no_load	1	2	2	404	
208	0	98	step_2_no_load	5	6	0.646040060297	0.70287861952	5	398	1	
208	0	99	step_1_no_load	1	2	2	327	
208	0	99	step_2_no_load	5	6	0.645191748454	0.673709850038	5	503	1	
208	0	100	step_1_no_load	1	2	2	285	
208	0	100	step_2_no_load	5	6	0.66579920021	0.666227451505	5	399	1	
208	0	101	step_1_no_load	1	2	2	241	
208	0	101	step_2_no_load	5	6	0.655903528958	0.623812401974	5	403	1	
208	0	102	step_1_no_load	1	2	2	327	
208	0	102	step_2_no_load	3	4	0.494584754513	0.326080462175	3	429	0	
208	0	103	step_1_no_load	1	2	2	292	
208	0	103	step_2_no_load	5	6	0.69058998368	0.663997796029	5	409	0	
208	0	104	step_1_no_load	1	2	1	329	
208	0	104	step_2_no_load	3	4	0.521047445908	0.303696146503	3	462	0	
208	0	105	step_1_no_load	1	2	1	283	
208	0	105	step_2_no_load	3	4	0.514318365187	0.352639603242	4	361	1	
208	0	106	step_1_no_load	1	2	1	243	
208	0	106	step_2_no_load	3	4	0.508908032404	0.374131494222	4	398	0	
208	0	107	step_1_no_load	1	2	1	246	
208	0	107	step_2_no_load	3	4	0.565220528809	0.388257337796	4	499	0	
208	0	108	step_1_no_load	1	2	1	244	
208	0	108	step_2_no_load	3	4	0.526955028982	0.388185708856	3	309	0	
208	0	109	step_1_no_load	1	2	1	264	
208	0	109	step_2_no_load	3	4	0.479977531501	0.372328831887	3	309	0	
208	0	110	step_1_no_load	1	2	2	255	
208	0	110	step_2_no_load	5	6	0.65455226558	0.729599891941	6	338	1	
208	0	111	step_1_no_load	1	2	2	227	
208	0	111	step_2_no_load	3	4	0.384948378665	0.407158158569	4	282	0	
208	0	112	step_1_no_load	1	2	2	270	
208	0	112	step_2_no_load	5	6	0.635252945963	0.725701866094	6	566	1	
208	0	113	step_1_no_load	1	2	2	310	
208	0	113	step_2_no_load	3	4	0.370697120277	0.387112818105	3	609	0	
208	0	114	step_1_no_load	1	2	2	289	
208	0	114	step_2_no_load	5	6	0.657654904272	0.718213323791	6	416	1	
208	0	115	step_1_no_load	1	2	2	291	
208	0	115	step_2_no_load	5	6	0.645721217949	0.739704344621	6	554	1	
208	0	116	step_1_no_load	1	2	2	340	
208	0	116	step_2_no_load	5	6	0.680124293449	0.706736514943	6	800	1	
208	0	117	step_1_no_load	1	2	2	289	
208	0	117	step_2_no_load	5	6	0.671842537277	0.747012267642	6	727	0	
208	0	118	step_1_no_load	1	2	2	272	
208	0	118	step_2_no_load	5	6	0.690484235012	0.740051715856	6	566	1	
208	0	119	step_1_no_load	1	2	2	334	
208	0	119	step_2_no_load	5	6	0.661177321751	0.690424535099	6	441	1	
208	0	120	step_1_no_load	1	2	2	394	
208	0	120	step_2_no_load	5	6	0.666433355915	0.70587238626	6	535	1	
208	0	121	step_1_no_load	1	2	2	314	
208	0	121	step_2_no_load	5	6	0.671052306195	0.658856304095	6	344	1	
208	0	122	step_1_no_load	1	2	2	343	
208	0	122	step_2_no_load	5	6	0.672193618854	0.6136886145	6	520	0	
208	0	123	step_1_no_load	1	2	2	390	
208	0	123	step_2_no_load	5	6	0.664849878232	0.583607229978	6	428	1	
208	0	124	step_1_no_load	1	2	2	273	
208	0	124	step_2_no_load	5	6	0.624161788269	0.603013298253	6	529	0	
208	0	125	step_1_no_load	1	2	2	279	
208	0	125	step_2_no_load	5	6	0.633566302563	0.559596800931	6	553	1	
208	0	126	step_1_no_load	1	2	2	376	
208	0	126	step_2_no_load	5	6	0.600985760967	0.537863824328	6	395	1	
208	0	127	step_1_no_load	1	2	2	536	
208	0	127	step_2_no_load	5	6	0.646945556251	0.560824094575	6	595	1	
208	0	128	step_1_no_load	1	2	2	310	
208	0	128	step_2_no_load	5	6	0.620672334996	0.636905534066	6	379	1	
208	0	129	step_1_no_load	1	2	2	273	
208	0	129	step_2_no_load	3	4	0.271709703542	0.268213321963	4	378	1	
208	0	130	step_1_no_load	1	2	2	325	
208	0	130	step_2_no_load	3	4	0.274560758494	0.267460866951	3	526	0	
208	0	131	step_1_no_load	1	2	2	286	
208	0	131	step_2_no_load	5	6	0.638450601212	0.678044920845	6	353	0	
208	0	132	step_1_no_load	1	2	2	295	
208	0	132	step_2_no_load	3	4	0.315328810424	0.27986961048	4	502	0	
208	0	133	step_1_no_load	1	2	2	292	
208	0	133	step_2_no_load	5	6	0.691649444281	0.617383991623	6	695	1	
208	0	134	step_1_no_load	1	2	2	408	
208	0	134	step_2_no_load	5	6	0.685529359147	0.621945110858	6	645	1	
208	0	135	step_1_no_load	1	2	2	709	
208	0	135	step_2_no_load	3	4	0.287118934166	0.300079459047	4	327	1	
208	0	136	step_1_no_load	1	2	2	284	
208	0	136	step_2_no_load	5	6	0.674914008636	0.597814413435	6	396	0	
208	0	137	step_1_no_load	1	2	2	306	
208	0	137	step_2_no_load	5	6	0.668540846495	0.605896884497	6	288	0	
208	0	138	step_1_no_load	1	2	2	276	
208	0	138	step_2_no_load	3	4	0.307694123906	0.366701525561	4	246	0	
208	0	139	step_1_no_load	1	2	2	289	
208	0	139	step_2_no_load	3	4	0.323660750961	0.325611400511	4	228	1	
208	0	140	step_1_no_load	1	2	2	284	
208	0	140	step_2_no_load	5	6	0.637682840728	0.671213945178	6	440	0	
208	0	141	step_1_no_load	1	2	2	263	
208	0	141	step_2_no_load	5	6	0.616803346728	0.711987889705	5	611	0	
208	0	142	step_1_no_load	1	2	2	384	
208	0	142	step_2_no_load	3	4	0.304203281606	0.397052682821	4	569	1	
208	0	143	step_1_no_load	1	2	2	265	
208	0	143	step_2_no_load	5	6	0.610219102298	0.661365099615	6	631	1	
208	0	144	step_1_no_load	1	2	2	288	
208	0	144	step_2_no_load	3	4	0.275932517017	0.389234194056	4	669	0	
208	0	145	step_1_no_load	1	2	2	408	
208	0	145	step_2_no_load	5	6	0.606515632748	0.6669125229	6	643	1	
208	0	146	step_1_no_load	1	2	2	377	
208	0	146	step_2_no_load	5	6	0.593778463268	0.681611991725	6	803	1	
208	0	147	step_1_no_load	1	2	2	346	
208	0	147	step_2_no_load	5	6	0.594861186319	0.647798886916	6	306	1	
208	0	148	step_1_no_load	1	2	2	390	
208	0	148	step_2_no_load	5	6	0.648050021239	0.619272702026	6	581	0	
208	0	149	step_1_no_load	1	2	2	352	
208	0	149	step_2_no_load	3	4	0.269951834184	0.300290206122	4	472	0	
208	0	150	step_1_no_load	1	2	2	417	
208	0	150	step_2_no_load	5	6	0.605912419156	0.575985663078	6	544	1	
208	0	151	step_1_no_load	1	2	1	272	
208	0	151	step_2_no_load	3	4	0.348172164421	0.310557101463	3	370	1	
208	0	152	step_1_no_load	1	2	1	316	
208	0	152	step_2_no_load	3	4	0.307702500543	0.323194010514	3	351	0	
208	0	153	step_1_no_load	1	2	1	268	
208	0	153	step_2_no_load	5	6	0.681559292085	0.613336203392	5	285	0	
208	0	154	step_1_no_load	1	2	1	216	
208	0	154	step_2_no_load	3	4	0.316375537537	0.348349389262	3	481	0	
208	0	155	step_1_no_load	1	2	2	276	
208	0	155	step_2_no_load	5	6	0.716100930629	0.632486591889	6	297	0	
208	0	156	step_1_no_load	1	2	1	342	
208	0	156	step_2_no_load	5	6	0.734436160799	0.631048201903	6	382	1	
208	0	157	step_1_no_load	1	2	1	300	
208	0	157	step_2_no_load	5	6	0.720725456325	0.585191807512	6	75	0	
208	0	158	step_1_no_load	1	2	1	355	
208	0	158	step_2_no_load	3	4	0.408728803896	0.334595868098	4	526	0	
208	0	159	step_1_no_load	1	2	1	293	
208	0	159	step_2_no_load	3	4	0.413026375257	0.321150411254	4	360	0	
208	0	160	step_1_no_load	1	2	2	275	
208	0	160	step_2_no_load	5	6	0.710728171711	0.521229931064	6	292	1	
208	0	161	step_1_no_load	1	2	2	276	
208	0	161	step_2_no_load	5	6	0.719896286569	0.516036498158	6	357	1	
208	0	162	step_1_no_load	1	2	2	326	
208	0	162	step_2_no_load	3	4	0.3926701003	0.455329532209	4	339	0	
208	0	163	step_1_no_load	1	2	2	276	
208	0	163	step_2_no_load	5	6	0.697095951435	0.5863391277	6	412	1	
208	0	164	step_1_no_load	1	2	2	255	
208	0	164	step_2_no_load	5	6	0.692137394606	0.585961845322	6	392	1	
208	0	165	step_1_no_load	1	2	2	270	
208	0	165	step_2_no_load	3	4	0.463777557969	0.347974240867	3	416	1	
208	0	166	step_1_no_load	1	2	2	282	
208	0	166	step_2_no_load	3	4	0.422282731054	0.356317216644	3	429	0	
208	0	167	step_1_no_load	1	2	2	303	
208	0	167	step_2_no_load	5	6	0.706271792549	0.585131062446	6	654	1	
208	0	168	step_1_no_load	1	2	2	292	
208	0	168	step_2_no_load	5	6	0.67192508984	0.613361520676	6	467	0	
208	0	169	step_1_no_load	1	2	2	261	
208	0	169	step_2_no_load	5	6	0.704981910944	0.586049140041	6	535	1	
208	0	170	step_1_no_load	1	2	2	287	
208	0	170	step_2_no_load	3	4	0.411067820436	0.364989630435	3	416	0	
208	0	171	step_1_no_load	1	2	2	289	
208	0	171	step_2_no_load	3	4	0.386979310814	0.425122034074	3	502	0	
208	0	172	step_1_no_load	1	2	2	284	
208	0	172	step_2_no_load	3	4	0.363617002148	0.490120307546	3	466	0	
208	0	173	step_1_no_load	1	2	2	329	
208	0	173	step_2_no_load	5	6	0.667027212577	0.484428109849	6	486	0	
208	0	174	step_1_no_load	1	2	2	263	
208	0	174	step_2_no_load	5	6	0.729877433725	0.472729524832	6	584	1	
208	0	175	step_1_no_load	1	2	1	380	
208	0	175	step_2_no_load	3	4	0.426185553904	0.484825491933	3	410	1	
208	0	176	step_1_no_load	1	2	2	276	
208	0	176	step_2_no_load	5	6	0.679250000396	0.474046874473	6	508	1	
208	0	177	step_1_no_load	1	2	1	245	
208	0	177	step_2_no_load	5	6	0.714070205704	0.501268576771	6	637	1	
208	0	178	step_1_no_load	1	2	2	285	
208	0	178	step_2_no_load	5	6	0.705993797498	0.493712351915	6	455	0	
208	0	179	step_1_no_load	1	2	1	242	
208	0	179	step_2_no_load	3	4	0.324685418097	0.493565996034	3	664	1	
208	0	180	step_1_no_load	1	2	2	265	
208	0	180	step_2_no_load	3	4	0.341214611607	0.489345734128	3	452	0	
208	0	181	step_1_no_load	1	2	2	278	
208	0	181	step_2_no_load	5	6	0.746910336326	0.508735114046	6	472	1	
208	0	182	step_1_no_load	1	2	1	319	
208	0	182	step_2_no_load	5	6	0.72717560423	0.506773281362	6	719	1	
208	0	183	step_1_no_load	1	2	2	293	
208	0	183	step_2_no_load	3	4	0.350175837802	0.492742497507	3	581	0	
208	0	184	step_1_no_load	1	2	2	279	
208	0	184	step_2_no_load	5	6	0.657291439324	0.460890977786	6	664	0	
208	0	185	step_1_no_load	1	2	2	261	
208	0	185	step_2_no_load	3	4	0.362611152222	0.482228039858	4	723	1	
208	0	186	step_1_no_load	1	2	2	273	
208	0	186	step_2_no_load	5	6	0.656308636836	0.46870859828	6	526	0	
208	0	187	step_1_no_load	1	2	2	317	
208	0	187	step_2_no_load	5	6	0.678211978625	0.443962917772	5	415	1	
208	0	188	step_1_no_load	1	2	2	420	
208	0	188	step_2_no_load	5	6	0.696362660087	0.471319680586	5	532	1	
208	0	189	step_1_no_load	1	2	2	264	
208	0	189	step_2_no_load	5	6	0.688353284054	0.448897869069	5	557	1	
208	0	190	step_1_no_load	1	2	2	291	
208	0	190	step_2_no_load	5	6	0.667655825994	0.433568856946	6	486	1	
208	0	191	step_1_no_load	1	2	2	254	
208	0	191	step_2_no_load	5	6	0.664271461991	0.435748387321	6	413	1	
208	0	192	step_1_no_load	1	2	2	267	
208	0	192	step_2_no_load	3	4	0.299297135717	0.493851022417	3	832	0	
208	0	193	step_1_no_load	1	2	2	249	
208	0	193	step_2_no_load	3	4	0.321008037746	0.504944704439	4	378	0	
208	0	194	step_1_no_load	1	2	2	247	
208	0	194	step_2_no_load	5	6	0.655261361454	0.433250459893	6	527	1	
208	0	195	step_1_no_load	1	2	2	401	
208	0	195	step_2_no_load	3	4	0.348571348505	0.494102184238	3	366	0	
208	0	196	step_1_no_load	1	2	2	514	
208	0	196	step_2_no_load	3	4	0.365373286058	0.496717662777	4	421	1	
208	0	197	step_1_no_load	1	2	2	253	
208	0	197	step_2_no_load	5	6	0.686552522522	0.422511153127	6	316	1	
208	0	198	step_1_no_load	1	2	2	437	
208	0	198	step_2_no_load	5	6	0.68660989813	0.397292432346	6	357	1	
208	0	199	step_1_no_load	1	2	2	323	
208	0	199	step_2_no_load	3	4	0.292861528884	0.529438031858	4	642	1	
208	0	200	step_1_no_load	1	2	2	471	
208	0	200	step_2_no_load	5	6	0.728996708473	0.372436949782	6	505	1	

Mon Mar 18 17:02:05 2019
