Tue Mar 19 14:48:48 2019	
209	0	1	step_1_no_load	1	2	1	1301	
209	0	1	step_2_no_load	5	6	0.594299910136	0.598297890399	6	930	1	
209	0	2	step_1_no_load	1	2	1	814	
209	0	2	step_2_no_load	3	4	0.474613197709	0.533203491871	-1	-1	-1	
209	0	3	step_1_no_load	1	2	1	840	
209	0	3	step_2_no_load	3	4	0.476767372206	0.516002945397	4	1107	1	
209	0	4	step_1_no_load	1	2	1	603	
209	0	4	step_2_no_load	3	4	0.478607661228	0.494597764192	4	912	1	
209	0	5	step_1_no_load	1	2	1	509	
209	0	5	step_2_no_load	3	4	0.495568760483	0.543908521457	4	694	1	
209	0	6	step_1_no_load	1	2	1	385	
209	0	6	step_2_no_load	3	4	0.506877622204	0.490454120702	4	561	0	
209	0	7	step_1_no_load	1	2	2	495	
209	0	7	step_2_no_load	5	6	0.622642364361	0.568656746487	6	961	1	
209	0	8	step_1_no_load	1	2	2	455	
209	0	8	step_2_no_load	3	4	0.489816616396	0.499203529332	4	985	0	
209	0	9	step_1_no_load	1	2	2	533	
209	0	9	step_2_no_load	5	6	0.641106877158	0.598049061473	6	800	0	
209	0	10	step_1_no_load	1	2	1	522	
209	0	10	step_2_no_load	3	4	0.482364178155	0.576063520885	4	905	1	
209	0	11	step_1_no_load	1	2	1	712	
209	0	11	step_2_no_load	3	4	0.477013315682	0.59022801242	4	739	0	
209	0	12	step_1_no_load	1	2	1	868	
209	0	12	step_2_no_load	3	4	0.48457206759	0.597131918027	4	730	0	
209	0	13	step_1_no_load	1	2	1	453	
209	0	13	step_2_no_load	5	6	0.558313135925	0.653587098421	6	648	1	
209	0	14	step_1_no_load	1	2	1	1111	
209	0	14	step_2_no_load	3	4	0.491234392147	0.611256675753	3	1188	0	
209	0	15	step_1_no_load	1	2	2	688	
209	0	15	step_2_no_load	5	6	0.570419113221	0.612260006668	6	562	1	
209	0	16	step_1_no_load	1	2	2	488	
209	0	16	step_2_no_load	3	4	0.510958036527	0.626326396372	4	1378	1	
209	0	17	step_1_no_load	1	2	1	576	
209	0	17	step_2_no_load	3	4	0.535958400205	0.643116883134	4	824	1	
209	0	18	step_1_no_load	1	2	1	744	
209	0	18	step_2_no_load	5	6	0.553554620302	0.626834332012	6	623	1	
209	0	19	step_1_no_load	1	2	2	576	
209	0	19	step_2_no_load	5	6	0.536502319591	0.619895761657	6	667	0	
209	0	20	step_1_no_load	1	2	2	395	
209	0	20	step_2_no_load	5	6	0.491720931314	0.636521555122	6	525	1	
209	0	21	step_1_no_load	1	2	1	796	
209	0	21	step_2_no_load	3	4	0.49769376036	0.611328949295	4	529	0	
209	0	22	step_1_no_load	1	2	1	400	
209	0	22	step_2_no_load	3	4	0.506100011497	0.618527126547	3	636	0	
209	0	23	step_1_no_load	1	2	1	462	
209	0	23	step_2_no_load	3	4	0.520606588181	0.604065470975	4	543	1	
209	0	24	step_1_no_load	1	2	2	269	
209	0	24	step_2_no_load	5	6	0.503316199018	0.582115115688	6	506	1	
209	0	25	step_1_no_load	1	2	2	271	
209	0	25	step_2_no_load	5	6	0.503605105412	0.565698722896	6	458	1	
209	0	26	step_1_no_load	1	2	2	213	
209	0	26	step_2_no_load	3	4	0.511744353778	0.640635035276	4	1291	1	
209	0	27	step_1_no_load	1	2	2	237	
209	0	27	step_2_no_load	5	6	0.54756089792	0.57860777711	6	390	0	
209	0	28	step_1_no_load	1	2	2	304	
209	0	28	step_2_no_load	5	6	0.553259388875	0.588356036098	6	373	0	
209	0	29	step_1_no_load	1	2	1	56	
209	0	29	step_2_no_load	5	6	0.561957580386	0.606613029227	6	726	1	
209	0	30	step_1_no_load	1	2	1	491	
209	0	30	step_2_no_load	3	4	0.4919199548	0.610227092493	3	550	1	
209	0	31	step_1_no_load	1	2	1	464	
209	0	31	step_2_no_load	3	4	0.483156722265	0.606122691795	3	417	0	
209	0	32	step_1_no_load	1	2	1	540	
209	0	32	step_2_no_load	3	4	0.520318771114	0.605616211083	4	452	1	
209	0	33	step_1_no_load	1	2	2	258	
209	0	33	step_2_no_load	3	4	0.487664344039	0.618000238621	3	1034	0	
209	0	34	step_1_no_load	1	2	2	593	
209	0	34	step_2_no_load	5	6	0.538523758058	0.575802910074	6	576	1	
209	0	35	step_1_no_load	1	2	2	401	
209	0	35	step_2_no_load	5	6	0.594167768198	0.566827313385	6	417	1	
209	0	36	step_1_no_load	1	2	2	275	
209	0	36	step_2_no_load	3	4	0.513210053121	0.661229326326	3	1176	1	
209	0	37	step_1_no_load	1	2	1	680	
209	0	37	step_2_no_load	3	4	0.543074626387	0.660658056664	4	951	1	
209	0	38	step_1_no_load	1	2	2	387	
209	0	38	step_2_no_load	5	6	0.595113730206	0.539078491643	6	437	1	
209	0	39	step_1_no_load	1	2	1	307	
209	0	39	step_2_no_load	3	4	0.578640235206	0.634483337633	3	724	0	
209	0	40	step_1_no_load	1	2	1	371	
209	0	40	step_2_no_load	5	6	0.607992802154	0.580760785074	6	881	0	
209	0	41	step_1_no_load	1	2	2	1033	
209	0	41	step_2_no_load	5	6	0.588857868869	0.524862294848	6	1385	1	
209	0	42	step_1_no_load	1	2	1	501	
209	0	42	step_2_no_load	3	4	0.553461946234	0.606696263624	4	703	1	
209	0	43	step_1_no_load	1	2	2	203	
209	0	43	step_2_no_load	5	6	0.612705031264	0.553703096215	6	454	0	
209	0	44	step_1_no_load	1	2	2	199	
209	0	44	step_2_no_load	3	4	0.537842745081	0.589653131867	4	1473	0	
209	0	45	step_1_no_load	1	2	2	14	
209	0	45	step_2_no_load	5	6	0.632991467829	0.579346234508	6	362	1	
209	0	46	step_1_no_load	1	2	1	339	
209	0	46	step_2_no_load	5	6	0.600964500555	0.55511883717	6	726	0	
209	0	47	step_1_no_load	1	2	1	404	
209	0	47	step_2_no_load	3	4	0.493112702321	0.634373567175	4	652	1	
209	0	48	step_1_no_load	1	2	2	599	
209	0	48	step_2_no_load	5	6	0.615767119776	0.534690828011	6	405	1	
209	0	49	step_1_no_load	1	2	1	1274	
209	0	49	step_2_no_load	5	6	0.610193185592	0.512405963374	5	1330	0	
209	0	50	step_1_no_load	1	2	1	591	
209	0	50	step_2_no_load	3	4	0.47381367271	0.593458480934	4	740	0	
209	0	51	step_1_no_load	1	2	2	133	
209	0	51	step_2_no_load	5	6	0.564866799699	0.508197321577	6	597	1	
209	0	52	step_1_no_load	1	2	1	249	
209	0	52	step_2_no_load	3	4	0.429622901875	0.613408921915	3	613	0	
209	0	53	step_1_no_load	1	2	1	262	
209	0	53	step_2_no_load	5	6	0.551457882502	0.475342927439	6	551	0	
209	0	54	step_1_no_load	1	2	2	0	
209	0	54	step_2_no_load	5	6	0.570223904064	0.493362545513	6	597	1	
209	0	55	step_1_no_load	1	2	2	292	
209	0	55	step_2_no_load	3	4	0.487025527704	0.639840796975	3	1184	1	
209	0	56	step_1_no_load	1	2	1	363	
209	0	56	step_2_no_load	3	4	0.459773408493	0.60038825769	4	1301	0	
209	0	57	step_1_no_load	1	2	2	288	
209	0	57	step_2_no_load	3	4	0.466449077359	0.586335094239	4	1317	1	
209	0	58	step_1_no_load	1	2	2	283	
209	0	58	step_2_no_load	5	6	0.664682809182	0.528376440027	6	330	1	
209	0	59	step_1_no_load	1	2	1	274	
209	0	59	step_2_no_load	3	4	0.480274332693	0.608951267756	4	817	1	
209	0	60	step_1_no_load	1	2	1	1182	
209	0	60	step_2_no_load	3	4	0.491916707098	0.599559577859	3	503	0	
209	0	61	step_1_no_load	1	2	2	527	
209	0	61	step_2_no_load	5	6	0.669587072502	0.527144452559	6	306	1	
209	0	62	step_1_no_load	1	2	2	374	
209	0	62	step_2_no_load	3	4	0.50724109756	0.622820395113	4	703	1	
209	0	63	step_1_no_load	1	2	1	579	
209	0	63	step_2_no_load	3	4	0.53192660365	0.642623127313	4	615	1	
209	0	64	step_1_no_load	1	2	1	302	
209	0	64	step_2_no_load	3	4	0.555062911513	0.626149195169	4	490	1	
209	0	65	step_1_no_load	1	2	2	243	
209	0	65	step_2_no_load	5	6	0.612660225018	0.517687993213	6	352	1	
209	0	66	step_1_no_load	1	2	1	658	
209	0	66	step_2_no_load	3	4	0.573761869714	0.630357351236	4	628	1	
209	0	67	step_1_no_load	1	2	1	824	
209	0	67	step_2_no_load	5	6	0.597650193897	0.538279387614	6	571	1	
209	0	68	step_1_no_load	1	2	1	433	
209	0	68	step_2_no_load	3	4	0.509127161919	0.719455209845	3	800	0	
209	0	69	step_1_no_load	1	2	1	354	
209	0	69	step_2_no_load	5	6	0.622221685203	0.560462111264	6	424	1	
209	0	70	step_1_no_load	1	2	2	251	
209	0	70	step_2_no_load	5	6	0.637556284465	0.548075770764	6	502	0	
209	0	71	step_1_no_load	1	2	2	240	
209	0	71	step_2_no_load	5	6	0.639174917797	0.546215110045	6	554	0	
209	0	72	step_1_no_load	1	2	2	186	
209	0	72	step_2_no_load	3	4	0.47409116389	0.705884789502	4	1126	1	
209	0	73	step_1_no_load	1	2	2	327	
209	0	73	step_2_no_load	5	6	0.657126403029	0.50185699984	5	379	1	
209	0	74	step_1_no_load	1	2	1	218	
209	0	74	step_2_no_load	5	6	0.614462146454	0.491044983779	6	645	0	
209	0	75	step_1_no_load	1	2	1	228	
209	0	75	step_2_no_load	3	4	0.44832280175	0.697629587097	4	1001	1	
209	0	76	step_1_no_load	1	2	2	212	
209	0	76	step_2_no_load	5	6	0.62770291155	0.518881389358	5	857	0	
209	0	77	step_1_no_load	1	2	1	718	
209	0	77	step_2_no_load	5	6	0.564257587118	0.538119616568	6	880	1	
209	0	78	step_1_no_load	1	2	1	566	
209	0	78	step_2_no_load	3	4	0.435911167612	0.647586191228	3	1402	0	
209	0	79	step_1_no_load	1	2	2	533	
209	0	79	step_2_no_load	5	6	0.513695512795	0.540085062695	6	290	1	
209	0	80	step_1_no_load	1	2	2	768	
209	0	80	step_2_no_load	5	6	0.518583383166	0.49921021142	5	879	1	
209	0	81	step_1_no_load	1	2	1	1133	
209	0	81	step_2_no_load	3	4	0.419265522488	0.702400933084	3	1165	0	
209	0	82	step_1_no_load	1	2	1	436	
209	0	82	step_2_no_load	3	4	0.395813831323	0.688340116885	4	365	1	
209	0	83	step_1_no_load	1	2	2	296	
209	0	83	step_2_no_load	5	6	0.607907985871	0.483255412498	5	766	0	
209	0	84	step_1_no_load	1	2	2	320	
209	0	84	step_2_no_load	5	6	0.65843840156	0.505586222209	5	490	0	
209	0	85	step_1_no_load	1	2	1	423	
209	0	85	step_2_no_load	3	4	0.384458259121	0.712989604416	4	556	1	
209	0	86	step_1_no_load	1	2	2	217	
209	0	86	step_2_no_load	5	6	0.691782850001	0.486462788728	6	344	0	
209	0	87	step_1_no_load	1	2	2	218	
209	0	87	step_2_no_load	5	6	0.719375344246	0.493867001103	6	353	1	
209	0	88	step_1_no_load	1	2	1	360	
209	0	88	step_2_no_load	3	4	0.377947492322	0.696773608304	4	324	0	
209	0	89	step_1_no_load	1	2	1	245	
209	0	89	step_2_no_load	3	4	0.415882489686	0.660112261017	4	347	1	
209	0	90	step_1_no_load	1	2	1	519	
209	0	90	step_2_no_load	3	4	0.411459496853	0.688736868033	4	527	0	
209	0	91	step_1_no_load	1	2	1	250	
209	0	91	step_2_no_load	3	4	0.43534164751	0.657820521772	4	490	1	
209	0	92	step_1_no_load	1	2	2	251	
209	0	92	step_2_no_load	5	6	0.692406274724	0.484260039873	6	1254	1	
209	0	93	step_1_no_load	1	2	1	321	
209	0	93	step_2_no_load	3	4	0.439878153082	0.662863370634	4	379	1	
209	0	94	step_1_no_load	1	2	2	240	
209	0	94	step_2_no_load	5	6	0.719464414227	0.468637558205	6	776	1	
209	0	95	step_1_no_load	1	2	1	393	
209	0	95	step_2_no_load	3	4	0.427150666411	0.640209855442	4	469	1	
209	0	96	step_1_no_load	1	2	2	284	
209	0	96	step_2_no_load	3	4	0.383038640121	0.663095813561	4	514	1	
209	0	97	step_1_no_load	1	2	1	1309	
209	0	97	step_2_no_load	3	4	0.392885664353	0.651202057411	4	872	0	
209	0	98	step_1_no_load	1	2	2	213	
209	0	98	step_2_no_load	3	4	0.409778171713	0.646040060297	4	715	1	
209	0	99	step_1_no_load	1	2	1	357	
209	0	99	step_2_no_load	5	6	0.673709850038	0.375249961522	6	401	1	
209	0	100	step_1_no_load	1	2	1	351	
209	0	100	step_2_no_load	3	4	0.4333505304	0.66579920021	4	415	1	
209	0	101	step_1_no_load	1	2	2	253	
209	0	101	step_2_no_load	3	4	0.497432607584	0.655903528958	4	1123	1	
209	0	102	step_1_no_load	1	2	1	579	
209	0	102	step_2_no_load	3	4	0.494584754513	0.663124617603	4	770	1	
209	0	103	step_1_no_load	1	2	2	52	
209	0	103	step_2_no_load	3	4	0.481975449893	0.69058998368	4	565	1	
209	0	104	step_1_no_load	1	2	1	217	
209	0	104	step_2_no_load	3	4	0.521047445908	0.743372642809	4	398	1	
209	0	105	step_1_no_load	1	2	2	229	
209	0	105	step_2_no_load	5	6	0.689135357059	0.352639603242	6	1349	0	
209	0	106	step_1_no_load	1	2	1	346	
209	0	106	step_2_no_load	5	6	0.712883638252	0.374131494222	6	1244	1	
209	0	107	step_1_no_load	1	2	-1	-1	
209	0	108	step_1_no_load	1	2	1	282	
209	0	108	step_2_no_load	3	4	0.526955028982	0.681491063126	4	249	1	
209	0	109	step_1_no_load	1	2	2	485	
209	0	109	step_2_no_load	5	6	0.71632547018	0.372328831887	6	518	0	
209	0	110	step_1_no_load	1	2	1	366	
209	0	110	step_2_no_load	3	4	0.432626681236	0.65455226558	4	267	1	
209	0	111	step_1_no_load	1	2	2	250	
209	0	111	step_2_no_load	5	6	0.724852671171	0.407158158569	5	342	1	
209	0	112	step_1_no_load	1	2	1	378	
209	0	112	step_2_no_load	3	4	0.392887565883	0.635252945963	4	406	1	
209	0	113	step_1_no_load	1	2	2	383	
209	0	113	step_2_no_load	5	6	0.719324307956	0.387112818105	5	551	0	
209	0	114	step_1_no_load	1	2	2	231	
209	0	114	step_2_no_load	3	4	0.380324086676	0.657654904272	4	522	0	
209	0	115	step_1_no_load	1	2	2	3	
209	0	115	step_2_no_load	3	4	0.390027643099	0.645721217949	3	990	0	
209	0	116	step_1_no_load	1	2	2	305	
209	0	116	step_2_no_load	5	6	0.706736514943	0.369438791876	5	785	1	
209	0	117	step_1_no_load	1	2	1	207	
209	0	117	step_2_no_load	3	4	0.374621793791	0.671842537277	4	842	1	
209	0	118	step_1_no_load	1	2	1	221	
209	0	118	step_2_no_load	5	6	0.740051715856	0.362977115924	5	1048	0	
209	0	119	step_1_no_load	1	2	2	74	
209	0	119	step_2_no_load	3	4	0.357515098446	0.661177321751	4	556	1	
209	0	120	step_1_no_load	1	2	2	393	
209	0	120	step_2_no_load	3	4	0.370150243662	0.666433355915	4	438	1	
209	0	121	step_1_no_load	1	2	1	130	
209	0	121	step_2_no_load	3	4	0.352721767208	0.671052306195	3	1233	0	
209	0	122	step_1_no_load	1	2	1	375	
209	0	122	step_2_no_load	3	4	0.329624572119	0.672193618854	4	316	1	
209	0	123	step_1_no_load	1	2	2	3	
209	0	123	step_2_no_load	5	6	0.583607229978	0.269780614928	5	862	1	
209	0	124	step_1_no_load	1	2	1	297	
209	0	124	step_2_no_load	3	4	0.309430836661	0.624161788269	4	316	0	
209	0	125	step_1_no_load	1	2	2	230	
209	0	125	step_2_no_load	5	6	0.559596800931	0.290374841566	5	624	1	
209	0	126	step_1_no_load	1	2	1	467	
209	0	126	step_2_no_load	3	4	0.300846667696	0.600985760967	4	362	0	
209	0	127	step_1_no_load	1	2	2	371	
209	0	127	step_2_no_load	5	6	0.560824094575	0.273483952592	5	558	1	
209	0	128	step_1_no_load	1	2	1	240	
209	0	128	step_2_no_load	5	6	0.636905534066	0.260252451606	6	1083	0	
209	0	129	step_1_no_load	1	2	2	207	
209	0	129	step_2_no_load	5	6	0.685297910719	0.268213321963	5	846	1	
209	0	130	step_1_no_load	1	2	1	347	
209	0	130	step_2_no_load	3	4	0.274560758494	0.630285316669	3	921	1	
209	0	131	step_1_no_load	1	2	1	378	
209	0	131	step_2_no_load	3	4	0.311475039155	0.638450601212	3	680	0	
209	0	132	step_1_no_load	1	2	1	199	
209	0	132	step_2_no_load	5	6	0.668578020634	0.27986961048	5	895	0	
209	0	133	step_1_no_load	1	2	1	438	
209	0	133	step_2_no_load	3	4	0.312642735495	0.691649444281	3	779	1	
209	0	134	step_1_no_load	1	2	-1	-1	
209	0	135	step_1_no_load	1	2	1	855	
209	0	135	step_2_no_load	5	6	0.593710006149	0.300079459047	5	683	1	
209	0	136	step_1_no_load	1	2	2	411	
209	0	136	step_2_no_load	5	6	0.597814413435	0.307766925452	5	778	1	
209	0	137	step_1_no_load	1	2	1	239	
209	0	137	step_2_no_load	3	4	0.325016613024	0.668540846495	3	570	0	
209	0	138	step_1_no_load	1	2	2	229	
209	0	138	step_2_no_load	5	6	0.63240964674	0.366701525561	5	797	1	
209	0	139	step_1_no_load	1	2	1	369	
209	0	139	step_2_no_load	3	4	0.323660750961	0.696355985729	3	416	0	
209	0	140	step_1_no_load	1	2	2	465	
209	0	140	step_2_no_load	3	4	0.328174526491	0.637682840728	3	693	0	
209	0	141	step_1_no_load	1	2	1	271	
209	0	141	step_2_no_load	5	6	0.711987889705	0.390227133375	6	511	0	
209	0	142	step_1_no_load	1	2	2	239	
209	0	142	step_2_no_load	5	6	0.690276058009	0.397052682821	-1	-1	-1	
209	0	143	step_1_no_load	1	2	1	203	
209	0	143	step_2_no_load	3	4	0.313516825296	0.610219102298	3	1053	0	
209	0	144	step_1_no_load	1	2	2	516	
209	0	144	step_2_no_load	5	6	0.626443722248	0.389234194056	5	698	1	
209	0	145	step_1_no_load	1	2	1	699	
209	0	145	step_2_no_load	3	4	0.266265924094	0.606515632748	4	733	0	
209	0	146	step_1_no_load	1	2	2	638	
209	0	146	step_2_no_load	5	6	0.681611991725	0.320877500969	5	637	1	
209	0	147	step_1_no_load	1	2	1	101	
209	0	147	step_2_no_load	5	6	0.647798886916	0.352879785946	-1	-1	-1	
209	0	148	step_1_no_load	1	2	2	186	
209	0	148	step_2_no_load	3	4	0.305288021243	0.648050021239	-1	-1	-1	
209	0	149	step_1_no_load	1	2	1	636	
209	0	149	step_2_no_load	3	4	0.269951834184	0.623203869836	4	838	0	
209	0	150	step_1_no_load	1	2	2	310	
209	0	150	step_2_no_load	5	6	0.575985663078	0.306860041627	5	505	1	
209	0	151	step_1_no_load	1	2	2	361	
209	0	151	step_2_no_load	5	6	0.59154759351	0.310557101463	5	518	1	
209	0	152	step_1_no_load	1	2	1	497	
209	0	152	step_2_no_load	5	6	0.595108765344	0.323194010514	5	878	1	
209	0	153	step_1_no_load	1	2	2	392	
209	0	153	step_2_no_load	5	6	0.613336203392	0.343622632154	5	755	1	
209	0	154	step_1_no_load	1	2	1	306	
209	0	154	step_2_no_load	5	6	0.638934099562	0.348349389262	5	669	0	
209	0	155	step_1_no_load	1	2	2	241	
209	0	155	step_2_no_load	3	4	0.296093457977	0.716100930629	4	1214	1	
209	0	156	step_1_no_load	1	2	1	286	
209	0	156	step_2_no_load	5	6	0.631048201903	0.368378667812	5	801	0	
209	0	157	step_1_no_load	1	2	2	15	
209	0	157	step_2_no_load	3	4	0.350909357271	0.720725456325	4	495	1	
209	0	158	step_1_no_load	1	2	2	245	
209	0	158	step_2_no_load	5	6	0.532722108502	0.334595868098	5	1023	1	
209	0	159	step_1_no_load	1	2	1	758	
209	0	159	step_2_no_load	3	4	0.413026375257	0.697903160072	4	670	1	
209	0	160	step_1_no_load	1	2	1	338	
209	0	160	step_2_no_load	3	4	0.415052912783	0.710728171711	4	802	1	
209	0	161	step_1_no_load	1	2	2	238	
209	0	161	step_2_no_load	5	6	0.516036498158	0.438878285506	5	981	0	
209	0	162	step_1_no_load	1	2	1	375	
209	0	162	step_2_no_load	3	4	0.3926701003	0.695144769903	-1	-1	-1	
209	0	163	step_1_no_load	1	2	1	891	
209	0	163	step_2_no_load	3	4	0.395221309311	0.697095951435	4	624	0	
209	0	164	step_1_no_load	1	2	1	144	
209	0	164	step_2_no_load	3	4	0.432761720497	0.692137394606	4	912	0	
209	0	165	step_1_no_load	1	2	2	357	
209	0	165	step_2_no_load	5	6	0.538026607649	0.347974240867	6	773	1	
209	0	166	step_1_no_load	1	2	1	297	
209	0	166	step_2_no_load	5	6	0.549095060025	0.356317216644	6	608	0	
209	0	167	step_1_no_load	1	2	2	220	
209	0	167	step_2_no_load	5	6	0.585131062446	0.331115714939	6	433	0	
209	0	168	step_1_no_load	1	2	2	323	
209	0	168	step_2_no_load	3	4	0.400817642375	0.67192508984	4	958	0	
209	0	169	step_1_no_load	1	2	1	682	
209	0	169	step_2_no_load	3	4	0.42098542374	0.704981910944	4	552	1	
209	0	170	step_1_no_load	1	2	1	110	
209	0	170	step_2_no_load	3	4	0.411067820436	0.67334314737	3	473	1	
209	0	171	step_1_no_load	1	2	2	275	
209	0	171	step_2_no_load	5	6	0.553314431843	0.425122034074	5	1216	1	
209	0	172	step_1_no_load	1	2	1	10	
209	0	172	step_2_no_load	3	4	0.363617002148	0.668669556875	3	1056	0	
209	0	173	step_1_no_load	1	2	2	640	
209	0	173	step_2_no_load	5	6	0.484428109849	0.462866379815	6	663	0	
209	0	174	step_1_no_load	1	2	1	250	
209	0	174	step_2_no_load	5	6	0.472729524832	0.46236234172	5	751	1	
209	0	175	step_1_no_load	1	2	2	255	
209	0	175	step_2_no_load	5	6	0.52644949356	0.484825491933	5	815	1	
209	0	176	step_1_no_load	1	2	2	233	
209	0	176	step_2_no_load	3	4	0.383231572002	0.679250000396	3	1132	0	
209	0	177	step_1_no_load	1	2	1	182	
209	0	177	step_2_no_load	5	6	0.501268576771	0.4798184927	5	941	0	
209	0	178	step_1_no_load	1	2	2	259	
209	0	178	step_2_no_load	3	4	0.36473828006	0.705993797498	3	1170	1	
209	0	179	step_1_no_load	1	2	2	542	
209	0	179	step_2_no_load	5	6	0.457298770028	0.493565996034	6	525	0	
209	0	180	step_1_no_load	1	2	1	316	
209	0	180	step_2_no_load	3	4	0.341214611607	0.719795072986	3	904	0	
209	0	181	step_1_no_load	1	2	2	319	
209	0	181	step_2_no_load	5	6	0.508735114046	0.480141179559	5	602	1	
209	0	182	step_1_no_load	1	2	2	208	
209	0	182	step_2_no_load	5	6	0.506773281362	0.49907747228	5	439	0	
209	0	183	step_1_no_load	1	2	1	348	
209	0	183	step_2_no_load	3	4	0.350175837802	0.720388040749	3	711	1	
209	0	184	step_1_no_load	1	2	1	464	
209	0	184	step_2_no_load	5	6	0.460890977786	0.480863422096	5	1139	0	
209	0	185	step_1_no_load	1	2	1	389	
209	0	185	step_2_no_load	3	4	0.362611152222	0.665622647081	3	1223	0	
209	0	186	step_1_no_load	1	2	2	316	
209	0	186	step_2_no_load	5	6	0.46870859828	0.484672582719	6	514	1	
209	0	187	step_1_no_load	1	2	1	677	
209	0	187	step_2_no_load	5	6	0.443962917772	0.498596507669	5	910	0	
209	0	188	step_1_no_load	1	2	2	648	
209	0	188	step_2_no_load	3	4	0.291508050861	0.696362660087	3	377	0	
209	0	189	step_1_no_load	1	2	1	357	
209	0	189	step_2_no_load	3	4	0.285168135955	0.688353284054	4	733	0	
209	0	190	step_1_no_load	1	2	1	446	
209	0	190	step_2_no_load	3	4	0.304557739386	0.667655825994	4	686	1	
209	0	191	step_1_no_load	1	2	2	673	
209	0	191	step_2_no_load	5	6	0.435748387321	0.512103523931	6	914	0	
209	0	192	step_1_no_load	1	2	2	255	
209	0	192	step_2_no_load	5	6	0.450791310283	0.493851022417	5	928	0	
209	0	193	step_1_no_load	1	2	2	593	
209	0	193	step_2_no_load	5	6	0.440813209638	0.504944704439	6	371	0	
209	0	194	step_1_no_load	1	2	1	3	
209	0	194	step_2_no_load	3	4	0.342437174514	0.655261361454	4	739	1	
209	0	195	step_1_no_load	1	2	1	448	
209	0	195	step_2_no_load	5	6	0.466795336969	0.494102184238	5	805	1	
209	0	196	step_1_no_load	1	2	1	293	
209	0	196	step_2_no_load	5	6	0.421761207498	0.496717662777	5	787	0	
209	0	197	step_1_no_load	1	2	1	378	
209	0	197	step_2_no_load	3	4	0.316987700969	0.686552522522	4	433	1	
209	0	198	step_1_no_load	1	2	1	1009	
209	0	198	step_2_no_load	5	6	0.397292432346	0.485065498391	5	848	1	
209	0	199	step_1_no_load	1	2	2	205	
209	0	199	step_2_no_load	3	4	0.292861528884	0.73697129762	4	974	1	
209	0	200	step_1_no_load	1	2	1	412	
209	0	200	step_2_no_load	5	6	0.372436949782	0.507902534353	5	526	0	

Tue Mar 19 15:07:30 2019
