Fri Mar 22 15:13:59 2019	
212	0	1	step_1_no_load	1	2	2	879	
212	0	1	step_2_no_load	5	6	0.457620150462	0.511789129507	6	568	0	
212	0	2	step_1_no_load	1	2	2	617	
212	0	2	step_2_no_load	5	6	0.474613197709	0.533203491871	5	767	1	
212	0	3	step_1_no_load	1	2	2	642	
212	0	3	step_2_no_load	5	6	0.476767372206	0.516002945397	5	760	0	
212	0	4	step_1_no_load	1	2	2	515	
212	0	4	step_2_no_load	5	6	0.478607661228	0.494597764192	5	661	0	
212	0	5	step_1_no_load	1	2	2	494	
212	0	5	step_2_no_load	3	4	0.623810210114	0.576104915614	3	882	0	
212	0	6	step_1_no_load	1	2	1	463	
212	0	6	step_2_no_load	5	6	0.506877622204	0.490454120702	6	582	0	
212	0	7	step_1_no_load	1	2	2	283	
212	0	7	step_2_no_load	5	6	0.500071913476	0.506408070053	6	533	0	
212	0	8	step_1_no_load	1	2	2	497	
212	0	8	step_2_no_load	5	6	0.489816616396	0.499203529332	6	538	0	
212	0	9	step_1_no_load	1	2	2	319	
212	0	9	step_2_no_load	5	6	0.496546708465	0.54429228266	5	662	1	
212	0	10	step_1_no_load	1	2	1	504	
212	0	10	step_2_no_load	5	6	0.482364178155	0.576063520885	5	557	1	
212	0	11	step_1_no_load	1	2	1	319	
212	0	11	step_2_no_load	5	6	0.477013315682	0.59022801242	5	583	0	
212	0	12	step_1_no_load	1	2	1	374	
212	0	12	step_2_no_load	3	4	0.682786328054	0.552770607849	4	791	0	
212	0	13	step_1_no_load	1	2	1	391	
212	0	13	step_2_no_load	5	6	0.52012981853	0.595790490356	5	448	0	
212	0	14	step_1_no_load	1	2	1	317	
212	0	14	step_2_no_load	5	6	0.491234392147	0.611256675753	6	906	0	
212	0	15	step_1_no_load	1	2	1	240	
212	0	15	step_2_no_load	3	4	0.612260006668	0.570419113221	3	320	1	
212	0	16	step_1_no_load	1	2	1	512	
212	0	16	step_2_no_load	5	6	0.510958036527	0.626326396372	6	826	1	
212	0	17	step_1_no_load	1	2	2	528	
212	0	17	step_2_no_load	5	6	0.535958400205	0.643116883134	6	953	0	
212	0	18	step_1_no_load	1	2	2	312	
212	0	18	step_2_no_load	5	6	0.517514133912	0.626895526976	6	906	1	
212	0	19	step_1_no_load	1	2	1	764	
212	0	19	step_2_no_load	5	6	0.498240186199	0.644773170243	6	1069	1	
212	0	20	step_1_no_load	1	2	2	517	
212	0	20	step_2_no_load	5	6	0.478025448397	0.60665343963	6	839	0	
212	0	21	step_1_no_load	1	2	2	269	
212	0	21	step_2_no_load	3	4	0.630305464549	0.470207377245	3	863	1	
212	0	22	step_1_no_load	1	2	2	483	
212	0	22	step_2_no_load	5	6	0.506100011497	0.618527126547	6	683	1	
212	0	23	step_1_no_load	1	2	1	280	
212	0	23	step_2_no_load	3	4	0.640163623731	0.513759772011	3	860	0	
212	0	24	step_1_no_load	1	2	2	289	
212	0	24	step_2_no_load	3	4	0.582115115688	0.503316199018	3	481	0	
212	0	25	step_1_no_load	1	2	2	286	
212	0	25	step_2_no_load	5	6	0.503316372362	0.629917901014	6	543	1	
212	0	26	step_1_no_load	1	2	1	464	
212	0	26	step_2_no_load	3	4	0.592410219737	0.532884212818	4	996	0	
212	0	27	step_1_no_load	1	2	2	278	
212	0	27	step_2_no_load	5	6	0.507272671939	0.642144756622	6	608	1	
212	0	28	step_1_no_load	1	2	2	619	
212	0	28	step_2_no_load	3	4	0.588356036098	0.553259388875	4	912	1	
212	0	29	step_1_no_load	1	2	2	440	
212	0	29	step_2_no_load	5	6	0.521159009103	0.618626354124	5	715	1	
212	0	30	step_1_no_load	1	2	2	392	
212	0	30	step_2_no_load	5	6	0.4919199548	0.610227092493	5	874	1	
212	0	31	step_1_no_load	1	2	2	572	
212	0	31	step_2_no_load	5	6	0.483156722265	0.606122691795	6	839	1	
212	0	32	step_1_no_load	1	2	2	498	
212	0	32	step_2_no_load	3	4	0.634585171267	0.522993086096	4	877	0	
212	0	33	step_1_no_load	1	2	2	473	
212	0	33	step_2_no_load	5	6	0.487664344039	0.618000238621	6	712	0	
212	0	34	step_1_no_load	1	2	2	275	
212	0	34	step_2_no_load	5	6	0.454565258478	0.670290552209	5	1086	0	
212	0	35	step_1_no_load	1	2	2	265	
212	0	35	step_2_no_load	5	6	0.491437207585	0.649776015006	6	1042	0	
212	0	36	step_1_no_load	1	2	2	242	
212	0	36	step_2_no_load	3	4	0.527635087561	0.611274573488	4	820	0	
212	0	37	step_1_no_load	1	2	2	304	
212	0	37	step_2_no_load	5	6	0.543074626387	0.660658056664	6	349	0	
212	0	38	step_1_no_load	1	2	1	278	
212	0	38	step_2_no_load	3	4	0.539078491643	0.595113730206	3	602	1	
212	0	39	step_1_no_load	1	2	1	550	
212	0	39	step_2_no_load	3	4	0.557005857101	0.610601635554	4	634	1	
212	0	40	step_1_no_load	1	2	1	316	
212	0	40	step_2_no_load	5	6	0.5691386571	0.636994900683	6	859	1	
212	0	41	step_1_no_load	1	2	2	423	
212	0	41	step_2_no_load	3	4	0.524862294848	0.588857868869	3	622	1	
212	0	42	step_1_no_load	1	2	2	344	
212	0	42	step_2_no_load	5	6	0.553461946234	0.606696263624	6	600	0	
212	0	43	step_1_no_load	1	2	2	293	
212	0	43	step_2_no_load	5	6	0.548128010644	0.581931546759	5	219	0	
212	0	44	step_1_no_load	1	2	1	272	
212	0	44	step_2_no_load	5	6	0.537842745081	0.589653131867	6	381	1	
212	0	45	step_1_no_load	1	2	2	908	
212	0	45	step_2_no_load	5	6	0.5288039409	0.620699591043	5	549	0	
212	0	46	step_1_no_load	1	2	1	614	
212	0	46	step_2_no_load	3	4	0.55511883717	0.600964500555	3	786	1	
212	0	47	step_1_no_load	1	2	2	230	
212	0	47	step_2_no_load	5	6	0.493112702321	0.634373567175	6	476	1	
212	0	48	step_1_no_load	1	2	1	976	
212	0	48	step_2_no_load	3	4	0.534690828011	0.615767119776	4	958	1	
212	0	49	step_1_no_load	1	2	2	744	
212	0	49	step_2_no_load	3	4	0.512405963374	0.610193185592	3	758	1	
212	0	50	step_1_no_load	1	2	1	516	
212	0	50	step_2_no_load	3	4	0.481616544184	0.606862017918	4	665	0	
212	0	51	step_1_no_load	1	2	1	403	
212	0	51	step_2_no_load	3	4	0.508197321577	0.564866799699	3	788	0	
212	0	52	step_1_no_load	1	2	1	316	
212	0	52	step_2_no_load	3	4	0.513589895419	0.539065404057	4	501	1	
212	0	53	step_1_no_load	1	2	1	276	
212	0	53	step_2_no_load	5	6	0.451905460347	0.630956764252	6	752	1	
212	0	54	step_1_no_load	1	2	1	364	
212	0	54	step_2_no_load	3	4	0.493362545513	0.570223904064	3	1168	1	
212	0	55	step_1_no_load	1	2	2	655	
212	0	55	step_2_no_load	5	6	0.487025527704	0.639840796975	6	868	1	
212	0	56	step_1_no_load	1	2	2	596	
212	0	56	step_2_no_load	5	6	0.459773408493	0.60038825769	6	823	1	
212	0	57	step_1_no_load	1	2	2	348	
212	0	57	step_2_no_load	5	6	0.466449077359	0.586335094239	6	735	1	
212	0	58	step_1_no_load	1	2	2	569	
212	0	58	step_2_no_load	3	4	0.528376440027	0.664682809182	4	1048	0	
212	0	59	step_1_no_load	1	2	2	339	
212	0	59	step_2_no_load	5	6	0.480274332693	0.608951267756	6	706	1	
212	0	60	step_1_no_load	1	2	2	592	
212	0	60	step_2_no_load	3	4	0.479287247283	0.623687406259	3	891	1	
212	0	61	step_1_no_load	1	2	2	500	
212	0	61	step_2_no_load	5	6	0.464268875813	0.602879526975	6	688	1	
212	0	62	step_1_no_load	1	2	2	513	
212	0	62	step_2_no_load	5	6	0.50724109756	0.622820395113	6	639	1	
212	0	63	step_1_no_load	1	2	2	584	
212	0	63	step_2_no_load	5	6	0.53192660365	0.642623127313	6	725	0	
212	0	64	step_1_no_load	1	2	2	284	
212	0	64	step_2_no_load	5	6	0.555062911513	0.626149195169	6	628	0	
212	0	65	step_1_no_load	1	2	1	519	
212	0	65	step_2_no_load	3	4	0.517687993213	0.612660225018	3	739	1	
212	0	66	step_1_no_load	1	2	2	513	
212	0	66	step_2_no_load	5	6	0.573761869714	0.630357351236	6	864	0	
212	0	67	step_1_no_load	1	2	1	292	
212	0	67	step_2_no_load	3	4	0.538279387614	0.597650193897	4	959	1	
212	0	68	step_1_no_load	1	2	2	673	
212	0	68	step_2_no_load	5	6	0.509127161919	0.719455209845	6	578	0	
212	0	69	step_1_no_load	1	2	1	399	
212	0	69	step_2_no_load	5	6	0.499137600991	0.718756538957	5	370	0	
212	0	70	step_1_no_load	1	2	2	714	
212	0	70	step_2_no_load	5	6	0.498834901463	0.697741832068	6	675	0	
212	0	71	step_1_no_load	1	2	2	333	
212	0	71	step_2_no_load	3	4	0.546215110045	0.639174917797	3	507	0	
212	0	72	step_1_no_load	1	2	2	248	
212	0	72	step_2_no_load	5	6	0.47409116389	0.705884789502	6	405	1	
212	0	73	step_1_no_load	1	2	1	646	
212	0	73	step_2_no_load	3	4	0.50185699984	0.657126403029	3	825	0	
212	0	74	step_1_no_load	1	2	2	248	
212	0	74	step_2_no_load	3	4	0.491044983779	0.614462146454	3	766	1	
212	0	75	step_1_no_load	1	2	1	797	
212	0	75	step_2_no_load	5	6	0.44832280175	0.697629587097	6	626	1	
212	0	76	step_1_no_load	1	2	2	759	
212	0	76	step_2_no_load	5	6	0.488583631821	0.690117652944	6	1019	1	
212	0	77	step_1_no_load	1	2	2	375	
212	0	77	step_2_no_load	3	4	0.538119616568	0.564257587118	3	841	0	
212	0	78	step_1_no_load	1	2	2	272	
212	0	78	step_2_no_load	5	6	0.435911167612	0.647586191228	6	678	0	
212	0	79	step_1_no_load	1	2	2	171	
212	0	79	step_2_no_load	5	6	0.389124152368	0.647841624544	6	730	1	
212	0	80	step_1_no_load	1	2	1	791	
212	0	80	step_2_no_load	3	4	0.49921021142	0.518583383166	4	892	1	
212	0	81	step_1_no_load	1	2	1	600	
212	0	81	step_2_no_load	3	4	0.494116554432	0.529745690463	4	680	1	
212	0	82	step_1_no_load	1	2	1	497	
212	0	82	step_2_no_load	3	4	0.482727017837	0.564729328387	4	605	1	
212	0	83	step_1_no_load	1	2	1	330	
212	0	83	step_2_no_load	3	4	0.483255412498	0.607907985871	4	703	0	
212	0	84	step_1_no_load	1	2	1	270	
212	0	84	step_2_no_load	3	4	0.505586222209	0.65843840156	4	828	1	
212	0	85	step_1_no_load	1	2	1	350	
212	0	85	step_2_no_load	3	4	0.485785534744	0.692384972752	4	699	0	
212	0	86	step_1_no_load	1	2	1	282	
212	0	86	step_2_no_load	3	4	0.486462788728	0.691782850001	4	450	1	
212	0	87	step_1_no_load	1	2	1	304	
212	0	87	step_2_no_load	3	4	0.493867001103	0.719375344246	3	528	1	
212	0	88	step_1_no_load	1	2	1	292	
212	0	88	step_2_no_load	3	4	0.509563243675	0.717410082358	4	452	0	
212	0	89	step_1_no_load	1	2	1	270	
212	0	89	step_2_no_load	5	6	0.415882489686	0.660112261017	6	611	1	
212	0	90	step_1_no_load	1	2	1	365	
212	0	90	step_2_no_load	5	6	0.411459496853	0.688736868033	6	793	1	
212	0	91	step_1_no_load	1	2	1	630	
212	0	91	step_2_no_load	5	6	0.43534164751	0.657820521772	6	670	0	
212	0	92	step_1_no_load	1	2	1	731	
212	0	92	step_2_no_load	3	4	0.484260039873	0.692406274724	3	901	1	
212	0	93	step_1_no_load	1	2	1	444	
212	0	93	step_2_no_load	3	4	0.473273727684	0.70415710998	3	698	1	
212	0	94	step_1_no_load	1	2	1	292	
212	0	94	step_2_no_load	3	4	0.468637558205	0.719464414227	3	752	1	
212	0	95	step_1_no_load	1	2	1	283	
212	0	95	step_2_no_load	3	4	0.42505578884	0.715495469274	4	981	1	
212	0	96	step_1_no_load	1	2	1	354	
212	0	96	step_2_no_load	5	6	0.383038640121	0.663095813561	6	878	1	
212	0	97	step_1_no_load	1	2	1	487	
212	0	97	step_2_no_load	5	6	0.392885664353	0.651202057411	6	649	1	
212	0	98	step_1_no_load	1	2	1	427	
212	0	98	step_2_no_load	5	6	0.409778171713	0.646040060297	5	869	1	
212	0	99	step_1_no_load	1	2	1	310	
212	0	99	step_2_no_load	5	6	0.397561363605	0.645191748454	6	323	1	
212	0	100	step_1_no_load	1	2	1	197	
212	0	100	step_2_no_load	3	4	0.363162156005	0.666227451505	3	381	1	
212	0	101	step_1_no_load	1	2	1	315	
212	0	101	step_2_no_load	3	4	0.366879421891	0.623812401974	4	839	0	
212	0	102	step_1_no_load	1	2	1	244	
212	0	102	step_2_no_load	3	4	0.326080462175	0.666304534392	3	752	0	
212	0	103	step_1_no_load	1	2	2	175	
212	0	103	step_2_no_load	3	4	0.322834495838	0.663997796029	3	741	1	
212	0	104	step_1_no_load	1	2	1	614	
212	0	104	step_2_no_load	3	4	0.303696146503	0.703870701136	4	856	1	
212	0	105	step_1_no_load	1	2	1	746	
212	0	105	step_2_no_load	3	4	0.352639603242	0.689135357059	4	947	1	
212	0	106	step_1_no_load	1	2	1	301	
212	0	106	step_2_no_load	3	4	0.374131494222	0.712883638252	3	793	1	
212	0	107	step_1_no_load	1	2	1	291	
212	0	107	step_2_no_load	3	4	0.388257337796	0.692607431435	4	874	1	
212	0	108	step_1_no_load	1	2	1	289	
212	0	108	step_2_no_load	3	4	0.388185708856	0.695928523711	3	577	1	
212	0	109	step_1_no_load	1	2	1	262	
212	0	109	step_2_no_load	5	6	0.479977531501	0.68658494263	6	778	1	
212	0	110	step_1_no_load	1	2	1	322	
212	0	110	step_2_no_load	3	4	0.395544455384	0.729599891941	3	599	0	
212	0	111	step_1_no_load	1	2	2	263	
212	0	111	step_2_no_load	5	6	0.384948378665	0.634599547742	6	490	1	
212	0	112	step_1_no_load	1	2	2	666	
212	0	112	step_2_no_load	5	6	0.392887565883	0.635252945963	6	664	1	
212	0	113	step_1_no_load	1	2	2	575	
212	0	113	step_2_no_load	5	6	0.370697120277	0.634627459817	6	726	1	
212	0	114	step_1_no_load	1	2	2	366	
212	0	114	step_2_no_load	5	6	0.380324086676	0.657654904272	6	582	1	
212	0	115	step_1_no_load	1	2	2	560	
212	0	115	step_2_no_load	3	4	0.357661171116	0.739704344621	3	774	0	
212	0	116	step_1_no_load	1	2	2	300	
212	0	116	step_2_no_load	5	6	0.378149844807	0.680124293449	6	426	1	
212	0	117	step_1_no_load	1	2	2	288	
212	0	117	step_2_no_load	5	6	0.374621793791	0.671842537277	6	514	1	
212	0	118	step_1_no_load	1	2	2	449	
212	0	118	step_2_no_load	5	6	0.357645851833	0.690484235012	6	583	1	
212	0	119	step_1_no_load	1	2	2	348	
212	0	119	step_2_no_load	5	6	0.357515098446	0.661177321751	6	514	0	
212	0	120	step_1_no_load	1	2	2	249	
212	0	120	step_2_no_load	5	6	0.370150243662	0.666433355915	6	438	1	
212	0	121	step_1_no_load	1	2	2	428	
212	0	121	step_2_no_load	5	6	0.352721767208	0.671052306195	6	496	1	
212	0	122	step_1_no_load	1	2	2	325	
212	0	122	step_2_no_load	5	6	0.329624572119	0.672193618854	6	517	0	
212	0	123	step_1_no_load	1	2	2	201	
212	0	123	step_2_no_load	5	6	0.337526896345	0.664849878232	6	363	1	
212	0	124	step_1_no_load	1	2	2	344	
212	0	124	step_2_no_load	3	4	0.26095206597	0.603013298253	3	862	1	
212	0	125	step_1_no_load	1	2	2	622	
212	0	125	step_2_no_load	5	6	0.303110862715	0.633566302563	6	636	1	
212	0	126	step_1_no_load	1	2	2	447	
212	0	126	step_2_no_load	5	6	0.300846667696	0.600985760967	6	523	1	
212	0	127	step_1_no_load	1	2	2	383	
212	0	127	step_2_no_load	5	6	0.274944938508	0.646945556251	6	604	1	
212	0	128	step_1_no_load	1	2	2	757	
212	0	128	step_2_no_load	5	6	0.250790232267	0.620672334996	6	598	1	
212	0	129	step_1_no_load	1	2	2	475	
212	0	129	step_2_no_load	5	6	0.271709703542	0.632682846317	6	529	1	
212	0	130	step_1_no_load	1	2	2	310	
212	0	130	step_2_no_load	5	6	0.274560758494	0.630285316669	6	798	1	
212	0	131	step_1_no_load	1	2	2	254	
212	0	131	step_2_no_load	3	4	0.281500842289	0.678044920845	4	389	1	
212	0	132	step_1_no_load	1	2	2	232	
212	0	132	step_2_no_load	5	6	0.315328810424	0.660013924697	6	431	1	
212	0	133	step_1_no_load	1	2	2	215	
212	0	133	step_2_no_load	5	6	0.312642735495	0.691649444281	6	452	0	
212	0	134	step_1_no_load	1	2	2	247	
212	0	134	step_2_no_load	3	4	0.287393715313	0.621945110858	3	621	1	
212	0	135	step_1_no_load	1	2	2	518	
212	0	135	step_2_no_load	5	6	0.287118934166	0.700779221781	6	509	1	
212	0	136	step_1_no_load	1	2	2	499	
212	0	136	step_2_no_load	5	6	0.284521085726	0.674914008636	6	536	1	
212	0	137	step_1_no_load	1	2	2	504	
212	0	137	step_2_no_load	5	6	0.325016613024	0.668540846495	6	505	0	
212	0	138	step_1_no_load	1	2	2	309	
212	0	138	step_2_no_load	5	6	0.307694123906	0.688182193337	6	514	0	
212	0	139	step_1_no_load	1	2	2	101	
212	0	139	step_2_no_load	3	4	0.325611400511	0.636630981281	3	553	0	
212	0	140	step_1_no_load	1	2	2	247	
212	0	140	step_2_no_load	5	6	0.328174526491	0.637682840728	6	346	0	
212	0	141	step_1_no_load	1	2	2	284	
212	0	141	step_2_no_load	3	4	0.390227133375	0.711987889705	4	436	1	
212	0	142	step_1_no_load	1	2	2	468	
212	0	142	step_2_no_load	3	4	0.397052682821	0.690276058009	3	860	1	
212	0	143	step_1_no_load	1	2	2	483	
212	0	143	step_2_no_load	3	4	0.410970957547	0.661365099615	3	994	0	
212	0	144	step_1_no_load	1	2	1	255	
212	0	144	step_2_no_load	3	4	0.389234194056	0.626443722248	3	646	1	
212	0	145	step_1_no_load	1	2	1	259	
212	0	145	step_2_no_load	3	4	0.355256413269	0.6669125229	3	570	0	
212	0	146	step_1_no_load	1	2	2	304	
212	0	146	step_2_no_load	5	6	0.257861956214	0.593778463268	6	466	1	
212	0	147	step_1_no_load	1	2	2	212	
212	0	147	step_2_no_load	5	6	0.265578160642	0.594861186319	6	476	0	
212	0	148	step_1_no_load	1	2	2	257	
212	0	148	step_2_no_load	5	6	0.305288021243	0.648050021239	6	563	1	
212	0	149	step_1_no_load	1	2	2	272	
212	0	149	step_2_no_load	3	4	0.300290206122	0.601870110183	3	699	0	
212	0	150	step_1_no_load	1	2	2	275	
212	0	150	step_2_no_load	5	6	0.305587692243	0.605912419156	6	487	1	
212	0	151	step_1_no_load	1	2	2	586	
212	0	151	step_2_no_load	5	6	0.348172164421	0.614159737668	6	549	0	
212	0	152	step_1_no_load	1	2	1	350	
212	0	152	step_2_no_load	5	6	0.307702500543	0.644204174791	6	1005	0	
212	0	153	step_1_no_load	1	2	1	235	
212	0	153	step_2_no_load	3	4	0.343622632154	0.613336203392	3	516	0	
212	0	154	step_1_no_load	1	2	2	289	
212	0	154	step_2_no_load	5	6	0.316375537537	0.671672162443	6	371	0	
212	0	155	step_1_no_load	1	2	2	151	
212	0	155	step_2_no_load	5	6	0.296093457977	0.716100930629	5	235	0	
212	0	156	step_1_no_load	1	2	2	281	
212	0	156	step_2_no_load	5	6	0.32564867104	0.734436160799	6	498	0	
212	0	157	step_1_no_load	1	2	2	270	
212	0	157	step_2_no_load	3	4	0.324728201487	0.585191807512	3	407	0	
212	0	158	step_1_no_load	1	2	2	242	
212	0	158	step_2_no_load	5	6	0.408728803896	0.694270715354	6	644	1	
212	0	159	step_1_no_load	1	2	2	405	
212	0	159	step_2_no_load	5	6	0.413026375257	0.697903160072	6	579	1	
212	0	160	step_1_no_load	1	2	2	507	
212	0	160	step_2_no_load	3	4	0.355992626298	0.521229931064	3	905	0	
212	0	161	step_1_no_load	1	2	2	12	
212	0	161	step_2_no_load	5	6	0.407025633682	0.719896286569	6	158	1	
212	0	162	step_1_no_load	1	2	2	362	
212	0	162	step_2_no_load	3	4	0.455329532209	0.566496468084	4	941	1	
212	0	163	step_1_no_load	1	2	2	298	
212	0	163	step_2_no_load	5	6	0.395221309311	0.697095951435	6	667	0	
212	0	164	step_1_no_load	1	2	2	118	
212	0	164	step_2_no_load	5	6	0.432761720497	0.692137394606	6	465	1	
212	0	165	step_1_no_load	1	2	2	683	
212	0	165	step_2_no_load	5	6	0.463777557969	0.717506143195	6	854	0	
212	0	166	step_1_no_load	1	2	2	1	
212	0	166	step_2_no_load	3	4	0.356317216644	0.549095060025	3	534	0	
212	0	167	step_1_no_load	1	2	1	263	
212	0	167	step_2_no_load	3	4	0.331115714939	0.585131062446	3	689	0	
212	0	168	step_1_no_load	1	2	2	210	
212	0	168	step_2_no_load	5	6	0.400817642375	0.67192508984	6	401	1	
212	0	169	step_1_no_load	1	2	-1	-1	
212	0	170	step_1_no_load	1	2	1	277	
212	0	170	step_2_no_load	5	6	0.411067820436	0.67334314737	6	124	0	
212	0	171	step_1_no_load	1	2	2	222	
212	0	171	step_2_no_load	5	6	0.386979310814	0.727248140829	5	352	1	
212	0	172	step_1_no_load	1	2	1	205	
212	0	172	step_2_no_load	5	6	0.363617002148	0.668669556875	6	357	1	
212	0	173	step_1_no_load	1	2	2	0	
212	0	173	step_2_no_load	5	6	0.385349297983	0.667027212577	5	380	0	
212	0	174	step_1_no_load	1	2	2	9	
212	0	174	step_2_no_load	3	4	0.46236234172	0.472729524832	4	516	1	
212	0	175	step_1_no_load	1	2	2	321	
212	0	175	step_2_no_load	5	6	0.426185553904	0.693968268443	5	450	1	
212	0	176	step_1_no_load	1	2	1	161	
212	0	176	step_2_no_load	5	6	0.383231572002	0.679250000396	6	494	0	
212	0	177	step_1_no_load	1	2	1	165	
212	0	177	step_2_no_load	3	4	0.4798184927	0.501268576771	3	962	0	
212	0	178	step_1_no_load	1	2	2	119	
212	0	178	step_2_no_load	5	6	0.36473828006	0.705993797498	6	494	1	
212	0	179	step_1_no_load	1	2	2	316	
212	0	179	step_2_no_load	5	6	0.324685418097	0.709345707515	6	453	1	
212	0	180	step_1_no_load	1	2	2	534	
212	0	180	step_2_no_load	3	4	0.489345734128	0.482853857291	3	769	1	
212	0	181	step_1_no_load	1	2	1	281	
212	0	181	step_2_no_load	3	4	0.480141179559	0.508735114046	4	434	0	
212	0	182	step_1_no_load	1	2	2	291	
212	0	182	step_2_no_load	3	4	0.49907747228	0.506773281362	4	375	0	
212	0	183	step_1_no_load	1	2	1	353	
212	0	183	step_2_no_load	3	4	0.492742497507	0.502991759047	4	418	1	
212	0	184	step_1_no_load	1	2	2	274	
212	0	184	step_2_no_load	5	6	0.362743255194	0.657291439324	6	490	0	
212	0	185	step_1_no_load	1	2	2	242	
212	0	185	step_2_no_load	5	6	0.362611152222	0.665622647081	6	268	1	
212	0	186	step_1_no_load	1	2	2	364	
212	0	186	step_2_no_load	5	6	0.332733011923	0.656308636836	5	381	1	
212	0	187	step_1_no_load	1	2	2	292	
212	0	187	step_2_no_load	3	4	0.498596507669	0.443962917772	3	492	1	
212	0	188	step_1_no_load	1	2	1	264	
212	0	188	step_2_no_load	3	4	0.548350535247	0.471319680586	3	427	0	
212	0	189	step_1_no_load	1	2	2	240	
212	0	189	step_2_no_load	5	6	0.285168135955	0.688353284054	6	349	0	
212	0	190	step_1_no_load	1	2	2	493	
212	0	190	step_2_no_load	3	4	0.505820429042	0.433568856946	4	898	1	
212	0	191	step_1_no_load	1	2	2	613	
212	0	191	step_2_no_load	3	4	0.512103523931	0.435748387321	4	762	0	
212	0	192	step_1_no_load	1	2	2	522	
212	0	192	step_2_no_load	5	6	0.299297135717	0.705517419189	6	474	1	
212	0	193	step_1_no_load	1	2	2	597	
212	0	193	step_2_no_load	5	6	0.321008037746	0.679792491164	6	719	1	
212	0	194	step_1_no_load	1	2	2	387	
212	0	194	step_2_no_load	3	4	0.505359594715	0.433250459893	3	691	1	
212	0	195	step_1_no_load	1	2	1	299	
212	0	195	step_2_no_load	3	4	0.494102184238	0.466795336969	3	696	0	
212	0	196	step_1_no_load	1	2	2	259	
212	0	196	step_2_no_load	5	6	0.365373286058	0.695101215304	6	524	0	
212	0	197	step_1_no_load	1	2	1	346	
212	0	197	step_2_no_load	3	4	0.47786945426	0.422511153127	4	298	1	
212	0	198	step_1_no_load	1	2	2	247	
212	0	198	step_2_no_load	5	6	0.303352625941	0.68660989813	5	480	1	
212	0	199	step_1_no_load	1	2	1	314	
212	0	199	step_2_no_load	5	6	0.292861528884	0.73697129762	6	544	1	
212	0	200	step_1_no_load	1	2	2	177	
212	0	200	step_2_no_load	3	4	0.507902534353	0.372436949782	4	513	0	

Fri Mar 22 15:39:21 2019
