Tue Mar 26 14:53:16 2019	
214	0	1	step_1_no_load	1	2	1	1281	
214	0	1	step_2_no_load	3	4	0.511789129507	0.457620150462	4	1083	1	
214	0	2	step_1_no_load	1	2	1	517	
214	0	2	step_2_no_load	3	4	0.533203491871	0.474613197709	4	298	0	
214	0	3	step_1_no_load	1	2	1	467	
214	0	3	step_2_no_load	5	6	0.589215227351	0.584197065669	6	417	1	
214	0	4	step_1_no_load	1	2	1	428	
214	0	4	step_2_no_load	3	4	0.494597764192	0.478607661228	4	475	0	
214	0	5	step_1_no_load	1	2	1	353	
214	0	5	step_2_no_load	3	4	0.543908521457	0.495568760483	4	418	0	
214	0	6	step_1_no_load	1	2	1	1050	
214	0	6	step_2_no_load	5	6	0.603642866427	0.585722686883	5	1137	0	
214	0	7	step_1_no_load	1	2	2	382	
214	0	7	step_2_no_load	3	4	0.506408070053	0.500071913476	3	651	1	
214	0	8	step_1_no_load	1	2	2	239	
214	0	8	step_2_no_load	5	6	0.624210374623	0.59128639594	5	522	1	
214	0	9	step_1_no_load	1	2	2	246	
214	0	9	step_2_no_load	5	6	0.641106877158	0.598049061473	5	570	1	
214	0	10	step_1_no_load	1	2	2	251	
214	0	10	step_2_no_load	3	4	0.576063520885	0.482364178155	3	496	1	
214	0	11	step_1_no_load	1	2	2	297	
214	0	11	step_2_no_load	5	6	0.609191465743	0.69163818036	5	473	1	
214	0	12	step_1_no_load	1	2	2	409	
214	0	12	step_2_no_load	3	4	0.597131918027	0.48457206759	3	656	1	
214	0	13	step_1_no_load	1	2	2	315	
214	0	13	step_2_no_load	5	6	0.558313135925	0.653587098421	5	478	0	
214	0	14	step_1_no_load	1	2	2	290	
214	0	14	step_2_no_load	5	6	0.545555696267	0.629137942344	6	293	1	
214	0	15	step_1_no_load	1	2	2	293	
214	0	15	step_2_no_load	5	6	0.570419113221	0.612260006668	6	376	1	
214	0	16	step_1_no_load	1	2	2	503	
214	0	16	step_2_no_load	5	6	0.553308964466	0.628091198119	6	292	1	
214	0	17	step_1_no_load	1	2	2	270	
214	0	17	step_2_no_load	5	6	0.562895132605	0.633350170016	6	466	0	
214	0	18	step_1_no_load	1	2	2	265	
214	0	18	step_2_no_load	5	6	0.553554620302	0.626834332012	5	357	0	
214	0	19	step_1_no_load	1	2	1	311	
214	0	19	step_2_no_load	3	4	0.644773170243	0.498240186199	4	663	1	
214	0	20	step_1_no_load	1	2	1	304	
214	0	20	step_2_no_load	5	6	0.491720931314	0.636521555122	6	474	1	
214	0	21	step_1_no_load	1	2	1	304	
214	0	21	step_2_no_load	3	4	0.611328949295	0.49769376036	4	337	1	
214	0	22	step_1_no_load	1	2	1	425	
214	0	22	step_2_no_load	3	4	0.618527126547	0.506100011497	4	485	1	
214	0	23	step_1_no_load	1	2	1	297	
214	0	23	step_2_no_load	3	4	0.604065470975	0.520606588181	4	368	0	
214	0	24	step_1_no_load	1	2	1	307	
214	0	24	step_2_no_load	3	4	0.5800912085	0.505388876622	3	345	0	
214	0	25	step_1_no_load	1	2	2	283	
214	0	25	step_2_no_load	5	6	0.503605105412	0.565698722896	5	278	1	
214	0	26	step_1_no_load	1	2	2	306	
214	0	26	step_2_no_load	5	6	0.532884212818	0.592410219737	5	349	1	
214	0	27	step_1_no_load	1	2	2	267	
214	0	27	step_2_no_load	3	4	0.642144756622	0.507272671939	3	371	1	
214	0	28	step_1_no_load	1	2	2	354	
214	0	28	step_2_no_load	3	4	0.647441527317	0.520177259699	3	388	1	
214	0	29	step_1_no_load	1	2	2	239	
214	0	29	step_2_no_load	5	6	0.561957580386	0.606613029227	5	433	1	
214	0	30	step_1_no_load	1	2	2	269	
214	0	30	step_2_no_load	5	6	0.574272497114	0.608245979832	5	459	0	
214	0	31	step_1_no_load	1	2	2	389	
214	0	31	step_2_no_load	5	6	0.541819886458	0.636602545794	6	430	1	
214	0	32	step_1_no_load	1	2	2	256	
214	0	32	step_2_no_load	5	6	0.522993086096	0.634585171267	6	274	0	
214	0	33	step_1_no_load	1	2	1	615	
214	0	33	step_2_no_load	5	6	0.542309898544	0.611700032906	5	1064	0	
214	0	34	step_1_no_load	1	2	1	274	
214	0	34	step_2_no_load	3	4	0.670290552209	0.454565258478	4	342	0	
214	0	35	step_1_no_load	1	2	2	607	
214	0	35	step_2_no_load	5	6	0.594167768198	0.566827313385	5	879	0	
214	0	36	step_1_no_load	1	2	1	847	
214	0	36	step_2_no_load	3	4	0.661229326326	0.513210053121	3	507	1	
214	0	37	step_1_no_load	1	2	1	311	
214	0	37	step_2_no_load	3	4	0.660658056664	0.543074626387	3	413	1	
214	0	38	step_1_no_load	1	2	1	333	
214	0	38	step_2_no_load	3	4	0.651263699161	0.553931241266	3	532	0	
214	0	39	step_1_no_load	1	2	1	429	
214	0	39	step_2_no_load	3	4	0.634483337633	0.578640235206	4	336	1	
214	0	40	step_1_no_load	1	2	1	262	
214	0	40	step_2_no_load	3	4	0.636994900683	0.5691386571	4	379	0	
214	0	41	step_1_no_load	1	2	2	570	
214	0	41	step_2_no_load	5	6	0.588857868869	0.524862294848	5	450	0	
214	0	42	step_1_no_load	1	2	2	317	
214	0	42	step_2_no_load	5	6	0.609164606591	0.533857158543	6	262	1	
214	0	43	step_1_no_load	1	2	2	589	
214	0	43	step_2_no_load	5	6	0.612705031264	0.553703096215	6	299	1	
214	0	44	step_1_no_load	1	2	2	333	
214	0	44	step_2_no_load	5	6	0.611481438855	0.541854396676	6	542	1	
214	0	45	step_1_no_load	1	2	2	252	
214	0	45	step_2_no_load	3	4	0.620699591043	0.5288039409	4	519	0	
214	0	46	step_1_no_load	1	2	2	284	
214	0	46	step_2_no_load	5	6	0.600964500555	0.55511883717	5	285	0	
214	0	47	step_1_no_load	1	2	1	224	
214	0	47	step_2_no_load	3	4	0.634373567175	0.493112702321	4	450	1	
214	0	48	step_1_no_load	1	2	1	275	
214	0	48	step_2_no_load	3	4	0.657624935632	0.488280685105	4	279	1	
214	0	49	step_1_no_load	1	2	1	305	
214	0	49	step_2_no_load	3	4	0.614679490594	0.489287375157	4	389	1	
214	0	50	step_1_no_load	1	2	1	285	
214	0	50	step_2_no_load	5	6	0.606862017918	0.481616544184	6	267	1	
214	0	51	step_1_no_load	1	2	1	441	
214	0	51	step_2_no_load	5	6	0.564866799699	0.508197321577	6	529	1	
214	0	52	step_1_no_load	1	2	1	335	
214	0	52	step_2_no_load	3	4	0.613408921915	0.429622901875	4	385	0	
214	0	53	step_1_no_load	1	2	1	1135	
214	0	53	step_2_no_load	5	6	0.551457882502	0.475342927439	5	635	1	
214	0	54	step_1_no_load	1	2	1	329	
214	0	54	step_2_no_load	3	4	0.652515308527	0.491512498697	3	255	1	
214	0	55	step_1_no_load	1	2	1	269	
214	0	55	step_2_no_load	5	6	0.574045915747	0.526704292526	5	244	0	
214	0	56	step_1_no_load	1	2	2	286	
214	0	56	step_2_no_load	5	6	0.601856598146	0.538512915562	6	315	1	
214	0	57	step_1_no_load	1	2	2	286	
214	0	57	step_2_no_load	5	6	0.641849303307	0.516475618243	6	240	0	
214	0	58	step_1_no_load	1	2	2	316	
214	0	58	step_2_no_load	5	6	0.664682809182	0.528376440027	5	258	1	
214	0	59	step_1_no_load	1	2	2	359	
214	0	59	step_2_no_load	5	6	0.632500293208	0.537400760025	5	231	0	
214	0	60	step_1_no_load	1	2	1	327	
214	0	60	step_2_no_load	5	6	0.623687406259	0.479287247283	5	539	1	
214	0	61	step_1_no_load	1	2	1	342	
214	0	61	step_2_no_load	3	4	0.602879526975	0.464268875813	3	273	0	
214	0	62	step_1_no_load	1	2	1	744	
214	0	62	step_2_no_load	3	4	0.622820395113	0.50724109756	4	450	0	
214	0	63	step_1_no_load	1	2	2	1069	
214	0	63	step_2_no_load	5	6	0.664284493458	0.519445130796	6	695	1	
214	0	64	step_1_no_load	1	2	2	1051	
214	0	64	step_2_no_load	3	4	0.626149195169	0.555062911513	4	543	0	
214	0	65	step_1_no_load	1	2	1	286	
214	0	65	step_2_no_load	3	4	0.619953360065	0.569109504048	3	322	1	
214	0	66	step_1_no_load	1	2	2	307	
214	0	66	step_2_no_load	5	6	0.606938648072	0.555324764318	6	395	1	
214	0	67	step_1_no_load	1	2	2	356	
214	0	67	step_2_no_load	5	6	0.597650193897	0.538279387614	5	380	0	
214	0	68	step_1_no_load	1	2	2	997	
214	0	68	step_2_no_load	5	6	0.622963076372	0.523301545299	6	667	1	
214	0	69	step_1_no_load	1	2	2	415	
214	0	69	step_2_no_load	3	4	0.718756538957	0.499137600991	4	304	1	
214	0	70	step_1_no_load	1	2	2	252	
214	0	70	step_2_no_load	5	6	0.637556284465	0.548075770764	6	260	1	
214	0	71	step_1_no_load	1	2	2	255	
214	0	71	step_2_no_load	3	4	0.706816191949	0.482863323776	4	281	0	
214	0	72	step_1_no_load	1	2	1	996	
214	0	72	step_2_no_load	3	4	0.705884789502	0.47409116389	4	666	0	
214	0	73	step_1_no_load	1	2	2	265	
214	0	73	step_2_no_load	5	6	0.657126403029	0.50185699984	5	299	1	
214	0	74	step_1_no_load	1	2	2	229	
214	0	74	step_2_no_load	3	4	0.693624670847	0.453420386428	3	295	1	
214	0	75	step_1_no_load	1	2	2	425	
214	0	75	step_2_no_load	5	6	0.615552849174	0.483983914712	5	340	1	
214	0	76	step_1_no_load	1	2	2	1302	
214	0	76	step_2_no_load	3	4	0.690117652944	0.488583631821	3	637	1	
214	0	77	step_1_no_load	1	2	2	354	
214	0	77	step_2_no_load	5	6	0.564257587118	0.538119616568	5	450	1	
214	0	78	step_1_no_load	1	2	2	312	
214	0	78	step_2_no_load	3	4	0.647586191228	0.435911167612	3	296	1	
214	0	79	step_1_no_load	1	2	2	388	
214	0	79	step_2_no_load	3	4	0.647841624544	0.389124152368	3	515	0	
214	0	80	step_1_no_load	1	2	1	429	
214	0	80	step_2_no_load	3	4	0.703969305517	0.396016175285	4	758	0	
214	0	81	step_1_no_load	1	2	1	358	
214	0	81	step_2_no_load	3	4	0.702400933084	0.419265522488	3	321	1	
214	0	82	step_1_no_load	1	2	2	410	
214	0	82	step_2_no_load	3	4	0.688340116885	0.395813831323	4	317	0	
214	0	83	step_1_no_load	1	2	1	229	
214	0	83	step_2_no_load	3	4	0.726885136842	0.382772464038	3	333	1	
214	0	84	step_1_no_load	1	2	1	305	
214	0	84	step_2_no_load	3	4	0.731466635793	0.385087938645	3	304	0	
214	0	85	step_1_no_load	1	2	2	240	
214	0	85	step_2_no_load	5	6	0.692384972752	0.485785534744	6	687	0	
214	0	86	step_1_no_load	1	2	2	331	
214	0	86	step_2_no_load	5	6	0.691782850001	0.486462788728	5	334	1	
214	0	87	step_1_no_load	1	2	2	295	
214	0	87	step_2_no_load	5	6	0.719375344246	0.493867001103	5	281	1	
214	0	88	step_1_no_load	1	2	2	321	
214	0	88	step_2_no_load	5	6	0.717410082358	0.509563243675	5	389	1	
214	0	89	step_1_no_load	1	2	2	578	
214	0	89	step_2_no_load	3	4	0.660112261017	0.415882489686	3	458	1	
214	0	90	step_1_no_load	1	2	2	334	
214	0	90	step_2_no_load	5	6	0.712247848046	0.530126112124	5	438	1	
214	0	91	step_1_no_load	1	2	2	330	
214	0	91	step_2_no_load	5	6	0.685023809334	0.479087223222	5	301	1	
214	0	92	step_1_no_load	1	2	2	267	
214	0	92	step_2_no_load	5	6	0.692406274724	0.484260039873	5	311	1	
214	0	93	step_1_no_load	1	2	2	401	
214	0	93	step_2_no_load	5	6	0.70415710998	0.473273727684	5	590	1	
214	0	94	step_1_no_load	1	2	2	514	
214	0	94	step_2_no_load	3	4	0.668295023896	0.429211756872	3	324	0	
214	0	95	step_1_no_load	1	2	1	639	
214	0	95	step_2_no_load	5	6	0.715495469274	0.42505578884	6	474	0	
214	0	96	step_1_no_load	1	2	1	1271	
214	0	96	step_2_no_load	5	6	0.693739812506	0.437558890646	5	655	1	
214	0	97	step_1_no_load	1	2	1	293	
214	0	97	step_2_no_load	5	6	0.681272614291	0.455601814112	5	255	1	
214	0	98	step_1_no_load	1	2	1	432	
214	0	98	step_2_no_load	5	6	0.70287861952	0.431479829356	5	399	1	
214	0	99	step_1_no_load	1	2	1	533	
214	0	99	step_2_no_load	3	4	0.645191748454	0.397561363605	3	618	1	
214	0	100	step_1_no_load	1	2	1	543	
214	0	100	step_2_no_load	3	4	0.66579920021	0.4333505304	3	468	1	
214	0	101	step_1_no_load	1	2	1	336	
214	0	101	step_2_no_load	3	4	0.655903528958	0.497432607584	3	485	0	
214	0	102	step_1_no_load	1	2	2	489	
214	0	102	step_2_no_load	3	4	0.663124617603	0.494584754513	4	784	1	
214	0	103	step_1_no_load	1	2	2	392	
214	0	103	step_2_no_load	3	4	0.69058998368	0.481975449893	4	449	0	
214	0	104	step_1_no_load	1	2	1	1320	
214	0	104	step_2_no_load	5	6	0.703870701136	0.303696146503	6	842	0	
214	0	105	step_1_no_load	1	2	2	349	
214	0	105	step_2_no_load	5	6	0.689135357059	0.352639603242	5	301	1	
214	0	106	step_1_no_load	1	2	2	291	
214	0	106	step_2_no_load	5	6	0.712883638252	0.374131494222	5	294	1	
214	0	107	step_1_no_load	1	2	2	353	
214	0	107	step_2_no_load	3	4	0.677514185929	0.565220528809	3	387	0	
214	0	108	step_1_no_load	1	2	1	505	
214	0	108	step_2_no_load	3	4	0.681491063126	0.526955028982	4	469	1	
214	0	109	step_1_no_load	1	2	1	376	
214	0	109	step_2_no_load	3	4	0.68658494263	0.479977531501	4	286	0	
214	0	110	step_1_no_load	1	2	1	493	
214	0	110	step_2_no_load	3	4	0.65455226558	0.432626681236	3	281	1	
214	0	111	step_1_no_load	1	2	1	375	
214	0	111	step_2_no_load	5	6	0.724852671171	0.407158158569	5	292	1	
214	0	112	step_1_no_load	1	2	1	339	
214	0	112	step_2_no_load	3	4	0.635252945963	0.392887565883	-1	-1	-1	
214	0	113	step_1_no_load	1	2	1	526	
214	0	113	step_2_no_load	3	4	0.634627459817	0.370697120277	3	315	1	
214	0	114	step_1_no_load	1	2	1	276	
214	0	114	step_2_no_load	5	6	0.718213323791	0.384736699284	5	235	1	
214	0	115	step_1_no_load	1	2	1	303	
214	0	115	step_2_no_load	3	4	0.645721217949	0.390027643099	3	539	1	
214	0	116	step_1_no_load	1	2	1	979	
214	0	116	step_2_no_load	3	4	0.680124293449	0.378149844807	3	551	0	
214	0	117	step_1_no_load	1	2	1	799	
214	0	117	step_2_no_load	3	4	0.671842537277	0.374621793791	4	468	1	
214	0	118	step_1_no_load	1	2	1	337	
214	0	118	step_2_no_load	5	6	0.740051715856	0.362977115924	6	329	0	
214	0	119	step_1_no_load	1	2	2	400	
214	0	119	step_2_no_load	5	6	0.690424535099	0.358243439099	5	282	1	
214	0	120	step_1_no_load	1	2	2	556	
214	0	120	step_2_no_load	5	6	0.70587238626	0.333809617664	5	321	1	
214	0	121	step_1_no_load	1	2	2	315	
214	0	121	step_2_no_load	5	6	0.658856304095	0.310775244958	5	333	1	
214	0	122	step_1_no_load	1	2	2	291	
214	0	122	step_2_no_load	3	4	0.672193618854	0.329624572119	3	468	1	
214	0	123	step_1_no_load	1	2	2	500	
214	0	123	step_2_no_load	5	6	0.583607229978	0.269780614928	5	320	0	
214	0	124	step_1_no_load	1	2	2	378	
214	0	124	step_2_no_load	3	4	0.624161788269	0.309430836661	4	384	0	
214	0	125	step_1_no_load	1	2	1	702	
214	0	125	step_2_no_load	5	6	0.559596800931	0.290374841566	5	542	1	
214	0	126	step_1_no_load	1	2	1	426	
214	0	126	step_2_no_load	5	6	0.537863824328	0.267206368684	5	396	1	
214	0	127	step_1_no_load	1	2	1	485	
214	0	127	step_2_no_load	3	4	0.646945556251	0.274944938508	3	515	1	
214	0	128	step_1_no_load	1	2	1	484	
214	0	128	step_2_no_load	3	4	0.620672334996	0.250790232267	3	503	0	
214	0	129	step_1_no_load	1	2	1	500	
214	0	129	step_2_no_load	5	6	0.685297910719	0.268213321963	6	364	0	
214	0	130	step_1_no_load	1	2	2	395	
214	0	130	step_2_no_load	5	6	0.682031489739	0.267460866951	6	668	0	
214	0	131	step_1_no_load	1	2	2	308	
214	0	131	step_2_no_load	5	6	0.678044920845	0.281500842289	5	151	1	
214	0	132	step_1_no_load	1	2	2	283	
214	0	132	step_2_no_load	3	4	0.660013924697	0.315328810424	3	424	1	
214	0	133	step_1_no_load	1	2	2	415	
214	0	133	step_2_no_load	5	6	0.617383991623	0.315608831386	5	337	0	
214	0	134	step_1_no_load	1	2	2	340	
214	0	134	step_2_no_load	5	6	0.621945110858	0.287393715313	6	343	0	
214	0	135	step_1_no_load	1	2	1	683	
214	0	135	step_2_no_load	3	4	0.700779221781	0.287118934166	4	483	1	
214	0	136	step_1_no_load	1	2	1	339	
214	0	136	step_2_no_load	3	4	0.674914008636	0.284521085726	4	355	0	
214	0	137	step_1_no_load	1	2	1	344	
214	0	137	step_2_no_load	3	4	0.668540846495	0.325016613024	3	283	1	
214	0	138	step_1_no_load	1	2	1	278	
214	0	138	step_2_no_load	5	6	0.63240964674	0.366701525561	5	421	0	
214	0	139	step_1_no_load	1	2	2	670	
214	0	139	step_2_no_load	3	4	0.696355985729	0.323660750961	3	493	1	
214	0	140	step_1_no_load	1	2	2	263	
214	0	140	step_2_no_load	5	6	0.671213945178	0.348740542008	5	289	1	
214	0	141	step_1_no_load	1	2	2	306	
214	0	141	step_2_no_load	3	4	0.616803346728	0.311809871418	3	448	0	
214	0	142	step_1_no_load	1	2	2	411	
214	0	142	step_2_no_load	3	4	0.627356259123	0.304203281606	4	295	1	
214	0	143	step_1_no_load	1	2	2	236	
214	0	143	step_2_no_load	3	4	0.610219102298	0.313516825296	4	277	1	
214	0	144	step_1_no_load	1	2	2	366	
214	0	144	step_2_no_load	5	6	0.626443722248	0.389234194056	6	445	1	
214	0	145	step_1_no_load	1	2	2	360	
214	0	145	step_2_no_load	5	6	0.6669125229	0.355256413269	6	459	0	
214	0	146	step_1_no_load	1	2	1	557	
214	0	146	step_2_no_load	5	6	0.681611991725	0.320877500969	6	472	0	
214	0	147	step_1_no_load	1	2	1	303	
214	0	147	step_2_no_load	3	4	0.594861186319	0.265578160642	3	350	0	
214	0	148	step_1_no_load	1	2	1	821	
214	0	148	step_2_no_load	5	6	0.619272702026	0.311162711725	5	590	1	
214	0	149	step_1_no_load	1	2	1	521	
214	0	149	step_2_no_load	3	4	0.623203869836	0.269951834184	3	793	0	
214	0	150	step_1_no_load	1	2	2	368	
214	0	150	step_2_no_load	5	6	0.575985663078	0.306860041627	5	522	0	
214	0	151	step_1_no_load	1	2	2	278	
214	0	151	step_2_no_load	5	6	0.59154759351	0.310557101463	6	437	0	
214	0	152	step_1_no_load	1	2	1	390	
214	0	152	step_2_no_load	3	4	0.644204174791	0.307702500543	4	390	0	
214	0	153	step_1_no_load	1	2	1	366	
214	0	153	step_2_no_load	3	4	0.681559292085	0.309356532263	3	320	1	
214	0	154	step_1_no_load	1	2	1	423	
214	0	154	step_2_no_load	3	4	0.671672162443	0.316375537537	3	424	0	
214	0	155	step_1_no_load	1	2	2	303	
214	0	155	step_2_no_load	5	6	0.632486591889	0.372188990474	6	290	0	
214	0	156	step_1_no_load	1	2	2	339	
214	0	156	step_2_no_load	5	6	0.631048201903	0.368378667812	5	274	1	
214	0	157	step_1_no_load	1	2	2	266	
214	0	157	step_2_no_load	5	6	0.585191807512	0.324728201487	5	277	1	
214	0	158	step_1_no_load	1	2	2	251	
214	0	158	step_2_no_load	3	4	0.694270715354	0.408728803896	3	383	0	
214	0	159	step_1_no_load	1	2	1	359	
214	0	159	step_2_no_load	3	4	0.697903160072	0.413026375257	3	465	1	
214	0	160	step_1_no_load	1	2	1	981	
214	0	160	step_2_no_load	5	6	0.521229931064	0.355992626298	5	895	1	
214	0	161	step_1_no_load	1	2	1	379	
214	0	161	step_2_no_load	3	4	0.719896286569	0.407025633682	3	460	1	
214	0	162	step_1_no_load	1	2	1	346	
214	0	162	step_2_no_load	5	6	0.566496468084	0.455329532209	5	452	0	
214	0	163	step_1_no_load	1	2	2	364	
214	0	163	step_2_no_load	5	6	0.5863391277	0.430920885959	5	415	0	
214	0	164	step_1_no_load	1	2	1	508	
214	0	164	step_2_no_load	3	4	0.692137394606	0.432761720497	4	342	0	
214	0	165	step_1_no_load	1	2	2	502	
214	0	165	step_2_no_load	5	6	0.538026607649	0.347974240867	5	866	1	
214	0	166	step_1_no_load	1	2	2	277	
214	0	166	step_2_no_load	3	4	0.686594248975	0.422282731054	3	312	1	
214	0	167	step_1_no_load	1	2	2	285	
214	0	167	step_2_no_load	5	6	0.585131062446	0.331115714939	5	292	0	
214	0	168	step_1_no_load	1	2	2	552	
214	0	168	step_2_no_load	3	4	0.67192508984	0.400817642375	4	296	0	
214	0	169	step_1_no_load	1	2	1	308	
214	0	169	step_2_no_load	3	4	0.704981910944	0.42098542374	4	314	1	
214	0	170	step_1_no_load	1	2	1	453	
214	0	170	step_2_no_load	3	4	0.67334314737	0.411067820436	4	257	0	
214	0	171	step_1_no_load	1	2	1	473	
214	0	171	step_2_no_load	3	4	0.727248140829	0.386979310814	3	450	0	
214	0	172	step_1_no_load	1	2	2	381	
214	0	172	step_2_no_load	5	6	0.519090471457	0.490120307546	6	299	1	
214	0	173	step_1_no_load	1	2	2	469	
214	0	173	step_2_no_load	5	6	0.484428109849	0.462866379815	5	414	0	
214	0	174	step_1_no_load	1	2	2	276	
214	0	174	step_2_no_load	3	4	0.729877433725	0.387867297446	4	267	0	
214	0	175	step_1_no_load	1	2	1	964	
214	0	175	step_2_no_load	5	6	0.52644949356	0.484825491933	6	427	1	
214	0	176	step_1_no_load	1	2	1	363	
214	0	176	step_2_no_load	5	6	0.474046874473	0.500856457218	6	326	1	
214	0	177	step_1_no_load	1	2	1	319	
214	0	177	step_2_no_load	3	4	0.714070205704	0.357425668099	4	318	0	
214	0	178	step_1_no_load	1	2	1	410	
214	0	178	step_2_no_load	3	4	0.705993797498	0.36473828006	3	280	1	
214	0	179	step_1_no_load	1	2	1	394	
214	0	179	step_2_no_load	3	4	0.709345707515	0.324685418097	3	275	0	
214	0	180	step_1_no_load	1	2	2	292	
214	0	180	step_2_no_load	5	6	0.482853857291	0.489345734128	6	662	1	
214	0	181	step_1_no_load	1	2	2	372	
214	0	181	step_2_no_load	3	4	0.746910336326	0.342402764747	4	253	0	
214	0	182	step_1_no_load	1	2	2	683	
214	0	182	step_2_no_load	5	6	0.506773281362	0.49907747228	5	422	1	
214	0	183	step_1_no_load	1	2	2	298	
214	0	183	step_2_no_load	5	6	0.502991759047	0.492742497507	5	508	1	
214	0	184	step_1_no_load	1	2	2	288	
214	0	184	step_2_no_load	5	6	0.460890977786	0.480863422096	5	725	1	
214	0	185	step_1_no_load	1	2	2	283	
214	0	185	step_2_no_load	5	6	0.479703516092	0.482228039858	5	365	1	
214	0	186	step_1_no_load	1	2	2	290	
214	0	186	step_2_no_load	3	4	0.656308636836	0.332733011923	3	333	1	
214	0	187	step_1_no_load	1	2	2	425	
214	0	187	step_2_no_load	5	6	0.443962917772	0.498596507669	5	299	0	
214	0	188	step_1_no_load	1	2	1	324	
214	0	188	step_2_no_load	3	4	0.696362660087	0.291508050861	3	406	1	
214	0	189	step_1_no_load	1	2	1	518	
214	0	189	step_2_no_load	3	4	0.688353284054	0.285168135955	4	551	0	
214	0	190	step_1_no_load	1	2	1	270	
214	0	190	step_2_no_load	3	4	0.667655825994	0.304557739386	3	343	1	
214	0	191	step_1_no_load	1	2	1	563	
214	0	191	step_2_no_load	3	4	0.664271461991	0.318839908867	3	284	1	
214	0	192	step_1_no_load	1	2	1	319	
214	0	192	step_2_no_load	3	4	0.705517419189	0.299297135717	3	446	1	
214	0	193	step_1_no_load	1	2	1	399	
214	0	193	step_2_no_load	3	4	0.679792491164	0.321008037746	3	532	0	
214	0	194	step_1_no_load	1	2	2	333	
214	0	194	step_2_no_load	5	6	0.433250459893	0.505359594715	5	493	1	
214	0	195	step_1_no_load	1	2	2	325	
214	0	195	step_2_no_load	5	6	0.466795336969	0.494102184238	5	314	0	
214	0	196	step_1_no_load	1	2	2	470	
214	0	196	step_2_no_load	5	6	0.421761207498	0.496717662777	6	344	0	
214	0	197	step_1_no_load	1	2	1	267	
214	0	197	step_2_no_load	3	4	0.686552522522	0.316987700969	4	471	1	
214	0	198	step_1_no_load	1	2	1	307	
214	0	198	step_2_no_load	5	6	0.397292432346	0.485065498391	6	429	1	
214	0	199	step_1_no_load	1	2	1	513	
214	0	199	step_2_no_load	3	4	0.73697129762	0.292861528884	4	345	0	
214	0	200	step_1_no_load	1	2	1	374	
214	0	200	step_2_no_load	3	4	0.728996708473	0.299128796668	3	379	0	

Tue Mar 26 15:17:51 2019
