Thu Mar 28 14:48:13 2019	
217	0	1	step_1_no_load	1	2	1	992	
217	0	1	step_2_no_load	3	4	0.598297890399	0.457620150462	3	622	0	
217	0	2	step_1_no_load	1	2	1	270	
217	0	2	step_2_no_load	3	4	0.580156942153	0.474613197709	4	346	0	
217	0	3	step_1_no_load	1	2	1	370	
217	0	3	step_2_no_load	3	4	0.584197065669	0.476767372206	3	263	0	
217	0	4	step_1_no_load	1	2	1	284	
217	0	4	step_2_no_load	3	4	0.597491569846	0.478607661228	4	423	0	
217	0	5	step_1_no_load	1	2	2	346	
217	0	5	step_2_no_load	3	4	0.623810210114	0.495568760483	4	426	0	
217	0	6	step_1_no_load	1	2	2	312	
217	0	6	step_2_no_load	3	4	0.585722686883	0.506877622204	3	394	1	
217	0	7	step_1_no_load	1	2	1	1007	
217	0	7	step_2_no_load	3	4	0.568656746487	0.500071913476	3	563	0	
217	0	8	step_1_no_load	1	2	2	391	
217	0	8	step_2_no_load	5	6	0.624210374623	0.499203529332	6	532	0	
217	0	9	step_1_no_load	1	2	2	340	
217	0	9	step_2_no_load	5	6	0.641106877158	0.54429228266	5	398	1	
217	0	10	step_1_no_load	1	2	2	615	
217	0	10	step_2_no_load	5	6	0.636063269715	0.576063520885	5	936	1	
217	0	11	step_1_no_load	1	2	2	591	
217	0	11	step_2_no_load	5	6	0.609191465743	0.59022801242	5	903	1	
217	0	12	step_1_no_load	1	2	2	284	
217	0	12	step_2_no_load	5	6	0.552770607849	0.597131918027	5	1038	1	
217	0	13	step_1_no_load	1	2	2	429	
217	0	13	step_2_no_load	5	6	0.558313135925	0.595790490356	5	441	0	
217	0	14	step_1_no_load	1	2	1	685	
217	0	14	step_2_no_load	3	4	0.629137942344	0.491234392147	3	555	0	
217	0	15	step_1_no_load	1	2	1	337	
217	0	15	step_2_no_load	5	6	0.570419113221	0.633564630036	6	383	1	
217	0	16	step_1_no_load	1	2	1	317	
217	0	16	step_2_no_load	3	4	0.628091198119	0.510958036527	3	1116	1	
217	0	17	step_1_no_load	1	2	2	601	
217	0	17	step_2_no_load	5	6	0.562895132605	0.643116883134	6	637	1	
217	0	18	step_1_no_load	1	2	1	386	
217	0	18	step_2_no_load	5	6	0.553554620302	0.626895526976	6	737	0	
217	0	19	step_1_no_load	1	2	2	381	
217	0	19	step_2_no_load	3	4	0.619895761657	0.498240186199	3	631	1	
217	0	20	step_1_no_load	1	2	2	684	
217	0	20	step_2_no_load	5	6	0.491720931314	0.60665343963	5	1028	0	
217	0	21	step_1_no_load	1	2	1	305	
217	0	21	step_2_no_load	5	6	0.470207377245	0.611328949295	5	660	1	
217	0	22	step_1_no_load	1	2	2	359	
217	0	22	step_2_no_load	3	4	0.621949894727	0.506100011497	3	641	1	
217	0	23	step_1_no_load	1	2	1	360	
217	0	23	step_2_no_load	3	4	0.640163623731	0.520606588181	3	540	1	
217	0	24	step_1_no_load	1	2	2	309	
217	0	24	step_2_no_load	5	6	0.503316199018	0.5800912085	6	1108	0	
217	0	25	step_1_no_load	1	2	1	406	
217	0	25	step_2_no_load	5	6	0.503605105412	0.629917901014	5	548	1	
217	0	26	step_1_no_load	1	2	2	388	
217	0	26	step_2_no_load	5	6	0.532884212818	0.640635035276	6	420	0	
217	0	27	step_1_no_load	1	2	1	770	
217	0	27	step_2_no_load	3	4	0.57860777711	0.507272671939	3	602	1	
217	0	28	step_1_no_load	1	2	2	350	
217	0	28	step_2_no_load	5	6	0.553259388875	0.647441527317	5	310	1	
217	0	29	step_1_no_load	1	2	1	326	
217	0	29	step_2_no_load	5	6	0.561957580386	0.618626354124	5	373	1	
217	0	30	step_1_no_load	1	2	2	281	
217	0	30	step_2_no_load	5	6	0.574272497114	0.610227092493	5	293	0	
217	0	31	step_1_no_load	1	2	1	241	
217	0	31	step_2_no_load	3	4	0.636602545794	0.483156722265	4	460	1	
217	0	32	step_1_no_load	1	2	2	275	
217	0	32	step_2_no_load	3	4	0.634585171267	0.520318771114	3	574	1	
217	0	33	step_1_no_load	1	2	2	289	
217	0	33	step_2_no_load	5	6	0.542309898544	0.618000238621	5	596	0	
217	0	34	step_1_no_load	1	2	1	263	
217	0	34	step_2_no_load	3	4	0.575802910074	0.454565258478	4	414	1	
217	0	35	step_1_no_load	1	2	2	408	
217	0	35	step_2_no_load	5	6	0.594167768198	0.649776015006	5	500	0	
217	0	36	step_1_no_load	1	2	2	25	
217	0	36	step_2_no_load	5	6	0.611274573488	0.661229326326	6	390	1	
217	0	37	step_1_no_load	1	2	1	270	
217	0	37	step_2_no_load	3	4	0.513822304161	0.543074626387	3	423	1	
217	0	38	step_1_no_load	1	2	2	268	
217	0	38	step_2_no_load	5	6	0.595113730206	0.651263699161	6	377	0	
217	0	39	step_1_no_load	1	2	1	256	
217	0	39	step_2_no_load	3	4	0.557005857101	0.578640235206	3	484	1	
217	0	40	step_1_no_load	1	2	2	315	
217	0	40	step_2_no_load	5	6	0.607992802154	0.636994900683	5	393	1	
217	0	41	step_1_no_load	1	2	2	275	
217	0	41	step_2_no_load	5	6	0.588857868869	0.633285941184	5	508	1	
217	0	42	step_1_no_load	1	2	1	336	
217	0	42	step_2_no_load	3	4	0.533857158543	0.553461946234	3	350	1	
217	0	43	step_1_no_load	1	2	2	251	
217	0	43	step_2_no_load	5	6	0.612705031264	0.581931546759	5	1207	0	
217	0	44	step_1_no_load	1	2	2	249	
217	0	44	step_2_no_load	5	6	0.611481438855	0.589653131867	6	216	1	
217	0	45	step_1_no_load	1	2	1	319	
217	0	45	step_2_no_load	3	4	0.579346234508	0.5288039409	4	312	1	
217	0	46	step_1_no_load	1	2	2	283	
217	0	46	step_2_no_load	3	4	0.55511883717	0.532238720495	4	1248	1	
217	0	47	step_1_no_load	1	2	2	407	
217	0	47	step_2_no_load	3	4	0.546259467838	0.493112702321	4	428	1	
217	0	48	step_1_no_load	1	2	1	279	
217	0	48	step_2_no_load	5	6	0.615767119776	0.657624935632	5	762	1	
217	0	49	step_1_no_load	1	2	2	561	
217	0	49	step_2_no_load	5	6	0.610193185592	0.614679490594	5	257	1	
217	0	50	step_1_no_load	1	2	1	319	
217	0	50	step_2_no_load	3	4	0.481616544184	0.47381367271	3	254	1	
217	0	51	step_1_no_load	1	2	2	335	
217	0	51	step_2_no_load	3	4	0.508197321577	0.469943944943	4	382	1	
217	0	52	step_1_no_load	1	2	1	260	
217	0	52	step_2_no_load	3	4	0.513589895419	0.429622901875	3	429	1	
217	0	53	step_1_no_load	1	2	2	320	
217	0	53	step_2_no_load	5	6	0.551457882502	0.630956764252	6	378	1	
217	0	54	step_1_no_load	1	2	1	485	
217	0	54	step_2_no_load	3	4	0.493362545513	0.491512498697	3	806	1	
217	0	55	step_1_no_load	1	2	2	305	
217	0	55	step_2_no_load	5	6	0.574045915747	0.639840796975	6	316	1	
217	0	56	step_1_no_load	1	2	1	287	
217	0	56	step_2_no_load	3	4	0.538512915562	0.459773408493	3	778	1	
217	0	57	step_1_no_load	1	2	2	304	
217	0	57	step_2_no_load	5	6	0.641849303307	0.586335094239	5	468	0	
217	0	58	step_1_no_load	1	2	2	308	
217	0	58	step_2_no_load	5	6	0.664682809182	0.610896130115	6	326	1	
217	0	59	step_1_no_load	1	2	1	245	
217	0	59	step_2_no_load	5	6	0.632500293208	0.608951267756	6	671	0	
217	0	60	step_1_no_load	1	2	1	809	
217	0	60	step_2_no_load	5	6	0.623687406259	0.599559577859	5	610	0	
217	0	61	step_1_no_load	1	2	2	273	
217	0	61	step_2_no_load	5	6	0.669587072502	0.602879526975	6	411	1	
217	0	62	step_1_no_load	1	2	1	308	
217	0	62	step_2_no_load	3	4	0.533031417444	0.50724109756	4	367	0	
217	0	63	step_1_no_load	1	2	2	488	
217	0	63	step_2_no_load	5	6	0.664284493458	0.642623127313	5	372	0	
217	0	64	step_1_no_load	1	2	2	263	
217	0	64	step_2_no_load	5	6	0.642369708469	0.626149195169	6	291	1	
217	0	65	step_1_no_load	1	2	1	454	
217	0	65	step_2_no_load	5	6	0.612660225018	0.619953360065	5	859	1	
217	0	66	step_1_no_load	1	2	2	210	
217	0	66	step_2_no_load	5	6	0.606938648072	0.630357351236	6	554	0	
217	0	67	step_1_no_load	1	2	2	220	
217	0	67	step_2_no_load	5	6	0.597650193897	0.674463681351	5	272	1	
217	0	68	step_1_no_load	1	2	1	1220	
217	0	68	step_2_no_load	3	4	0.523301545299	0.509127161919	4	667	0	
217	0	69	step_1_no_load	1	2	1	307	
217	0	69	step_2_no_load	3	4	0.560462111264	0.499137600991	3	311	1	
217	0	70	step_1_no_load	1	2	1	251	
217	0	70	step_2_no_load	3	4	0.548075770764	0.498834901463	3	251	1	
217	0	71	step_1_no_load	1	2	1	423	
217	0	71	step_2_no_load	3	4	0.546215110045	0.482863323776	3	232	1	
217	0	72	step_1_no_load	1	2	1	309	
217	0	72	step_2_no_load	3	4	0.556486305476	0.47409116389	3	295	1	
217	0	73	step_1_no_load	1	2	1	260	
217	0	73	step_2_no_load	3	4	0.50185699984	0.435957313805	3	253	1	
217	0	74	step_1_no_load	1	2	1	276	
217	0	74	step_2_no_load	3	4	0.491044983779	0.453420386428	3	264	1	
217	0	75	step_1_no_load	1	2	1	251	
217	0	75	step_2_no_load	3	4	0.483983914712	0.44832280175	3	296	1	
217	0	76	step_1_no_load	1	2	1	241	
217	0	76	step_2_no_load	3	4	0.518881389358	0.488583631821	3	331	1	
217	0	77	step_1_no_load	1	2	1	306	
217	0	77	step_2_no_load	5	6	0.564257587118	0.679737625371	5	287	1	
217	0	78	step_1_no_load	1	2	1	306	
217	0	78	step_2_no_load	5	6	0.536711448352	0.647586191228	5	289	1	
217	0	79	step_1_no_load	1	2	1	443	
217	0	79	step_2_no_load	3	4	0.540085062695	0.389124152368	3	304	1	
217	0	80	step_1_no_load	1	2	1	317	
217	0	80	step_2_no_load	3	4	0.49921021142	0.396016175285	3	86	1	
217	0	81	step_1_no_load	1	2	1	317	
217	0	81	step_2_no_load	5	6	0.529745690463	0.702400933084	5	409	1	
217	0	82	step_1_no_load	1	2	1	395	
217	0	82	step_2_no_load	5	6	0.564729328387	0.688340116885	5	544	0	
217	0	83	step_1_no_load	1	2	1	385	
217	0	83	step_2_no_load	3	4	0.483255412498	0.382772464038	4	272	0	
217	0	84	step_1_no_load	1	2	1	244	
217	0	84	step_2_no_load	3	4	0.505586222209	0.385087938645	3	1402	0	
217	0	85	step_1_no_load	1	2	2	323	
217	0	85	step_2_no_load	5	6	0.692384972752	0.712989604416	6	495	0	
217	0	86	step_1_no_load	1	2	2	263	
217	0	86	step_2_no_load	5	6	0.691782850001	0.721207648497	5	338	0	
217	0	87	step_1_no_load	1	2	2	293	
217	0	87	step_2_no_load	5	6	0.719375344246	0.690012761069	6	422	0	
217	0	88	step_1_no_load	1	2	2	279	
217	0	88	step_2_no_load	5	6	0.717410082358	0.696773608304	5	871	0	
217	0	89	step_1_no_load	1	2	2	236	
217	0	89	step_2_no_load	5	6	0.690772436485	0.660112261017	6	255	0	
217	0	90	step_1_no_load	1	2	1	285	
217	0	90	step_2_no_load	3	4	0.530126112124	0.411459496853	4	997	0	
217	0	91	step_1_no_load	1	2	1	312	
217	0	91	step_2_no_load	3	4	0.479087223222	0.43534164751	3	352	0	
217	0	92	step_1_no_load	1	2	1	354	
217	0	92	step_2_no_load	3	4	0.484260039873	0.444368850664	3	756	0	
217	0	93	step_1_no_load	1	2	1	334	
217	0	93	step_2_no_load	3	4	0.473273727684	0.439878153082	4	403	1	
217	0	94	step_1_no_load	1	2	1	293	
217	0	94	step_2_no_load	5	6	0.719464414227	0.668295023896	6	847	1	
217	0	95	step_1_no_load	1	2	1	536	
217	0	95	step_2_no_load	5	6	0.715495469274	0.640209855442	6	433	1	
217	0	96	step_1_no_load	1	2	1	398	
217	0	96	step_2_no_load	3	4	0.437558890646	0.383038640121	4	721	0	
217	0	97	step_1_no_load	1	2	1	486	
217	0	97	step_2_no_load	5	6	0.681272614291	0.651202057411	5	753	1	
217	0	98	step_1_no_load	1	2	1	587	
217	0	98	step_2_no_load	5	6	0.70287861952	0.646040060297	5	505	0	
217	0	99	step_1_no_load	1	2	1	259	
217	0	99	step_2_no_load	3	4	0.375249961522	0.397561363605	4	378	0	
217	0	100	step_1_no_load	1	2	1	288	
217	0	100	step_2_no_load	3	4	0.363162156005	0.4333505304	4	464	0	
217	0	101	step_1_no_load	1	2	1	385	
217	0	101	step_2_no_load	5	6	0.623812401974	0.655903528958	5	249	1	
217	0	102	step_1_no_load	1	2	1	346	
217	0	102	step_2_no_load	3	4	0.326080462175	0.494584754513	3	493	0	
217	0	103	step_1_no_load	1	2	2	246	
217	0	103	step_2_no_load	5	6	0.663997796029	0.69058998368	5	580	1	
217	0	104	step_1_no_load	1	2	2	222	
217	0	104	step_2_no_load	5	6	0.703870701136	0.743372642809	5	372	1	
217	0	105	step_1_no_load	1	2	2	215	
217	0	105	step_2_no_load	3	4	0.352639603242	0.514318365187	3	484	0	
217	0	106	step_1_no_load	1	2	2	301	
217	0	106	step_2_no_load	3	4	0.374131494222	0.508908032404	4	880	0	
217	0	107	step_1_no_load	1	2	2	281	
217	0	107	step_2_no_load	5	6	0.692607431435	0.677514185929	5	517	0	
217	0	108	step_1_no_load	1	2	1	471	
217	0	108	step_2_no_load	5	6	0.695928523711	0.681491063126	6	310	0	
217	0	109	step_1_no_load	1	2	1	243	
217	0	109	step_2_no_load	3	4	0.372328831887	0.479977531501	3	363	0	
217	0	110	step_1_no_load	1	2	1	414	
217	0	110	step_2_no_load	3	4	0.395544455384	0.432626681236	4	473	0	
217	0	111	step_1_no_load	1	2	1	257	
217	0	111	step_2_no_load	3	4	0.407158158569	0.384948378665	3	29	1	
217	0	112	step_1_no_load	1	2	1	289	
217	0	112	step_2_no_load	3	4	0.413393106784	0.392887565883	3	361	0	
217	0	113	step_1_no_load	1	2	2	777	
217	0	113	step_2_no_load	3	4	0.387112818105	0.370697120277	3	445	0	
217	0	114	step_1_no_load	1	2	2	225	
217	0	114	step_2_no_load	3	4	0.384736699284	0.380324086676	4	297	0	
217	0	115	step_1_no_load	1	2	2	222	
217	0	115	step_2_no_load	5	6	0.739704344621	0.645721217949	5	285	0	
217	0	116	step_1_no_load	1	2	2	323	
217	0	116	step_2_no_load	3	4	0.369438791876	0.378149844807	4	360	1	
217	0	117	step_1_no_load	1	2	2	474	
217	0	117	step_2_no_load	5	6	0.747012267642	0.671842537277	5	425	0	
217	0	118	step_1_no_load	1	2	2	297	
217	0	118	step_2_no_load	5	6	0.740051715856	0.690484235012	6	368	0	
217	0	119	step_1_no_load	1	2	2	250	
217	0	119	step_2_no_load	5	6	0.690424535099	0.661177321751	5	296	1	
217	0	120	step_1_no_load	1	2	1	323	
217	0	120	step_2_no_load	3	4	0.333809617664	0.370150243662	4	398	0	
217	0	121	step_1_no_load	1	2	1	261	
217	0	121	step_2_no_load	3	4	0.310775244958	0.352721767208	3	376	1	
217	0	122	step_1_no_load	1	2	1	237	
217	0	122	step_2_no_load	3	4	0.266650857402	0.329624572119	3	354	0	
217	0	123	step_1_no_load	1	2	1	215	
217	0	123	step_2_no_load	5	6	0.583607229978	0.664849878232	6	249	1	
217	0	124	step_1_no_load	1	2	1	464	
217	0	124	step_2_no_load	3	4	0.26095206597	0.309430836661	4	468	0	
217	0	125	step_1_no_load	1	2	1	301	
217	0	125	step_2_no_load	3	4	0.290374841566	0.303110862715	3	388	0	
217	0	126	step_1_no_load	1	2	1	308	
217	0	126	step_2_no_load	3	4	0.267206368684	0.300846667696	4	462	0	
217	0	127	step_1_no_load	1	2	1	308	
217	0	127	step_2_no_load	5	6	0.560824094575	0.646945556251	5	383	0	
217	0	128	step_1_no_load	1	2	2	236	
217	0	128	step_2_no_load	5	6	0.636905534066	0.620672334996	6	681	0	
217	0	129	step_1_no_load	1	2	2	285	
217	0	129	step_2_no_load	5	6	0.685297910719	0.632682846317	5	468	0	
217	0	130	step_1_no_load	1	2	2	153	
217	0	130	step_2_no_load	3	4	0.267460866951	0.274560758494	4	1062	0	
217	0	131	step_1_no_load	1	2	2	405	
217	0	131	step_2_no_load	3	4	0.281500842289	0.311475039155	3	533	0	
217	0	132	step_1_no_load	1	2	2	233	
217	0	132	step_2_no_load	5	6	0.668578020634	0.660013924697	5	1187	1	
217	0	133	step_1_no_load	1	2	2	278	
217	0	133	step_2_no_load	5	6	0.617383991623	0.691649444281	5	388	1	
217	0	134	step_1_no_load	1	2	2	320	
217	0	134	step_2_no_load	5	6	0.621945110858	0.685529359147	5	372	1	
217	0	135	step_1_no_load	1	2	1	715	
217	0	135	step_2_no_load	3	4	0.300079459047	0.287118934166	3	547	0	
217	0	136	step_1_no_load	1	2	1	292	
217	0	136	step_2_no_load	5	6	0.597814413435	0.674914008636	6	279	1	
217	0	137	step_1_no_load	1	2	1	532	
217	0	137	step_2_no_load	3	4	0.346433498467	0.325016613024	3	730	1	
217	0	138	step_1_no_load	1	2	1	510	
217	0	138	step_2_no_load	3	4	0.366701525561	0.307694123906	3	623	0	
217	0	139	step_1_no_load	1	2	1	562	
217	0	139	step_2_no_load	3	4	0.325611400511	0.323660750961	4	651	0	
217	0	140	step_1_no_load	1	2	2	131	
217	0	140	step_2_no_load	5	6	0.671213945178	0.637682840728	5	473	0	
217	0	141	step_1_no_load	1	2	2	306	
217	0	141	step_2_no_load	5	6	0.711987889705	0.616803346728	6	470	1	
217	0	142	step_1_no_load	1	2	2	530	
217	0	142	step_2_no_load	5	6	0.690276058009	0.627356259123	6	395	1	
217	0	143	step_1_no_load	1	2	2	215	
217	0	143	step_2_no_load	3	4	0.410970957547	0.313516825296	4	311	0	
217	0	144	step_1_no_load	1	2	2	292	
217	0	144	step_2_no_load	5	6	0.626443722248	0.639347300184	5	410	0	
217	0	145	step_1_no_load	1	2	2	249	
217	0	145	step_2_no_load	3	4	0.355256413269	0.266265924094	4	251	0	
217	0	146	step_1_no_load	1	2	2	329	
217	0	146	step_2_no_load	5	6	0.681611991725	0.593778463268	5	282	0	
217	0	147	step_1_no_load	1	2	2	448	
217	0	147	step_2_no_load	5	6	0.647798886916	0.594861186319	6	500	0	
217	0	148	step_1_no_load	1	2	2	217	
217	0	148	step_2_no_load	5	6	0.619272702026	0.648050021239	5	415	0	
217	0	149	step_1_no_load	1	2	1	133	
217	0	149	step_2_no_load	5	6	0.601870110183	0.623203869836	6	472	1	
217	0	150	step_1_no_load	1	2	1	329	
217	0	150	step_2_no_load	3	4	0.306860041627	0.305587692243	3	624	0	
217	0	151	step_1_no_load	1	2	1	248	
217	0	151	step_2_no_load	5	6	0.59154759351	0.614159737668	6	318	0	
217	0	152	step_1_no_load	1	2	1	246	
217	0	152	step_2_no_load	3	4	0.323194010514	0.307702500543	3	312	0	
217	0	153	step_1_no_load	1	2	1	242	
217	0	153	step_2_no_load	3	4	0.343622632154	0.309356532263	4	376	0	
217	0	154	step_1_no_load	1	2	1	254	
217	0	154	step_2_no_load	5	6	0.638934099562	0.671672162443	5	358	1	
217	0	155	step_1_no_load	1	2	1	286	
217	0	155	step_2_no_load	3	4	0.372188990474	0.296093457977	4	414	1	
217	0	156	step_1_no_load	1	2	1	416	
217	0	156	step_2_no_load	3	4	0.368378667812	0.32564867104	4	440	1	
217	0	157	step_1_no_load	1	2	2	282	
217	0	157	step_2_no_load	3	4	0.324728201487	0.350909357271	3	399	0	
217	0	158	step_1_no_load	1	2	2	0	
217	0	158	step_2_no_load	3	4	0.334595868098	0.408728803896	4	339	0	
217	0	159	step_1_no_load	1	2	1	0	
217	0	159	step_2_no_load	3	4	0.321150411254	0.413026375257	3	341	0	
217	0	160	step_1_no_load	1	2	2	316	
217	0	160	step_2_no_load	5	6	0.521229931064	0.710728171711	6	340	1	
217	0	161	step_1_no_load	1	2	1	412	
217	0	161	step_2_no_load	3	4	0.438878285506	0.407025633682	4	420	0	
217	0	162	step_1_no_load	1	2	2	325	
217	0	162	step_2_no_load	5	6	0.566496468084	0.695144769903	5	429	1	
217	0	163	step_1_no_load	1	2	2	414	
217	0	163	step_2_no_load	3	4	0.430920885959	0.395221309311	3	659	0	
217	0	164	step_1_no_load	1	2	2	221	
217	0	164	step_2_no_load	5	6	0.585961845322	0.692137394606	6	610	1	
217	0	165	step_1_no_load	1	2	2	447	
217	0	165	step_2_no_load	3	4	0.347974240867	0.463777557969	3	472	0	
217	0	166	step_1_no_load	1	2	2	403	
217	0	166	step_2_no_load	5	6	0.549095060025	0.686594248975	5	367	0	
217	0	167	step_1_no_load	1	2	2	96	
217	0	167	step_2_no_load	5	6	0.585131062446	0.706271792549	6	399	0	
217	0	168	step_1_no_load	1	2	1	0	
217	0	168	step_2_no_load	3	4	0.335777599654	0.400817642375	3	334	1	
217	0	169	step_1_no_load	1	2	1	292	
217	0	169	step_2_no_load	5	6	0.586049140041	0.704981910944	5	284	0	
217	0	170	step_1_no_load	1	2	2	290	
217	0	170	step_2_no_load	3	4	0.364989630435	0.411067820436	4	506	0	
217	0	171	step_1_no_load	1	2	2	0	
217	0	171	step_2_no_load	3	4	0.425122034074	0.386979310814	3	445	1	
217	0	172	step_1_no_load	1	2	2	257	
217	0	172	step_2_no_load	3	4	0.490120307546	0.363617002148	3	290	1	
217	0	173	step_1_no_load	1	2	2	279	
217	0	173	step_2_no_load	3	4	0.462866379815	0.385349297983	3	374	1	
217	0	174	step_1_no_load	1	2	2	288	
217	0	174	step_2_no_load	5	6	0.472729524832	0.729877433725	5	275	1	
217	0	175	step_1_no_load	1	2	2	393	
217	0	175	step_2_no_load	5	6	0.52644949356	0.693968268443	5	400	1	
217	0	176	step_1_no_load	1	2	2	257	
217	0	176	step_2_no_load	5	6	0.474046874473	0.679250000396	5	421	0	
217	0	177	step_1_no_load	1	2	2	0	
217	0	177	step_2_no_load	3	4	0.4798184927	0.357425668099	3	247	0	
217	0	178	step_1_no_load	1	2	2	276	
217	0	178	step_2_no_load	5	6	0.493712351915	0.705993797498	6	480	1	
217	0	179	step_1_no_load	1	2	2	0	
217	0	179	step_2_no_load	5	6	0.457298770028	0.709345707515	6	109	1	
217	0	180	step_1_no_load	1	2	2	279	
217	0	180	step_2_no_load	5	6	0.482853857291	0.719795072986	6	323	0	
217	0	181	step_1_no_load	1	2	2	343	
217	0	181	step_2_no_load	3	4	0.480141179559	0.342402764747	3	366	1	
217	0	182	step_1_no_load	1	2	2	214	
217	0	182	step_2_no_load	3	4	0.49907747228	0.340533666308	3	264	1	
217	0	183	step_1_no_load	1	2	2	249	
217	0	183	step_2_no_load	3	4	0.492742497507	0.350175837802	3	532	0	
217	0	184	step_1_no_load	1	2	2	290	
217	0	184	step_2_no_load	5	6	0.460890977786	0.657291439324	5	572	0	
217	0	185	step_1_no_load	1	2	2	184	
217	0	185	step_2_no_load	3	4	0.482228039858	0.362611152222	4	415	0	
217	0	186	step_1_no_load	1	2	1	58	
217	0	186	step_2_no_load	3	4	0.484672582719	0.332733011923	4	128	1	
217	0	187	step_1_no_load	1	2	1	309	
217	0	187	step_2_no_load	3	4	0.498596507669	0.328890769988	4	1165	1	
217	0	188	step_1_no_load	1	2	1	404	
217	0	188	step_2_no_load	5	6	0.471319680586	0.696362660087	6	418	1	
217	0	189	step_1_no_load	1	2	1	666	
217	0	189	step_2_no_load	3	4	0.534753756004	0.285168135955	4	739	1	
217	0	190	step_1_no_load	1	2	1	333	
217	0	190	step_2_no_load	5	6	0.433568856946	0.667655825994	6	523	1	
217	0	191	step_1_no_load	1	2	1	399	
217	0	191	step_2_no_load	5	6	0.435748387321	0.664271461991	6	271	0	
217	0	192	step_1_no_load	1	2	1	259	
217	0	192	step_2_no_load	3	4	0.493851022417	0.299297135717	3	209	0	
217	0	193	step_1_no_load	1	2	2	254	
217	0	193	step_2_no_load	3	4	0.504944704439	0.321008037746	3	229	0	
217	0	194	step_1_no_load	1	2	2	192	
217	0	194	step_2_no_load	5	6	0.433250459893	0.655261361454	6	287	1	
217	0	195	step_1_no_load	1	2	2	261	
217	0	195	step_2_no_load	5	6	0.466795336969	0.646280688878	6	342	1	
217	0	196	step_1_no_load	1	2	2	247	
217	0	196	step_2_no_load	5	6	0.421761207498	0.695101215304	6	190	1	
217	0	197	step_1_no_load	1	2	2	295	
217	0	197	step_2_no_load	5	6	0.422511153127	0.686552522522	6	393	0	
217	0	198	step_1_no_load	1	2	1	326	
217	0	198	step_2_no_load	3	4	0.485065498391	0.303352625941	3	471	0	
217	0	199	step_1_no_load	1	2	2	3	
217	0	199	step_2_no_load	5	6	0.39793773834	0.73697129762	6	385	1	
217	0	200	step_1_no_load	1	2	2	671	
217	0	200	step_2_no_load	5	6	0.372436949782	0.728996708473	6	326	1	

Thu Mar 28 15:10:45 2019
