Mon Apr  1 14:54:49 2019	
218	0	1	step_1_no_load	1	2	1	546	
218	0	1	step_2_no_load	3	4	0.594299910136	0.457620150462	3	532	0	
218	0	2	step_1_no_load	1	2	2	411	
218	0	2	step_2_no_load	5	6	0.533203491871	0.580156942153	5	521	0	
218	0	3	step_1_no_load	1	2	1	454	
218	0	3	step_2_no_load	3	4	0.589215227351	0.476767372206	4	394	0	
218	0	4	step_1_no_load	1	2	2	303	
218	0	4	step_2_no_load	5	6	0.494597764192	0.597491569846	6	429	1	
218	0	5	step_1_no_load	1	2	2	421	
218	0	5	step_2_no_load	5	6	0.543908521457	0.623810210114	6	415	1	
218	0	6	step_1_no_load	1	2	1	904	
218	0	6	step_2_no_load	3	4	0.603642866427	0.506877622204	4	720	1	
218	0	7	step_1_no_load	1	2	2	1023	
218	0	7	step_2_no_load	5	6	0.506408070053	0.568656746487	6	509	0	
218	0	8	step_1_no_load	1	2	2	299	
218	0	8	step_2_no_load	3	4	0.624210374623	0.489816616396	4	448	0	
218	0	9	step_1_no_load	1	2	1	680	
218	0	9	step_2_no_load	3	4	0.641106877158	0.496546708465	3	751	1	
218	0	10	step_1_no_load	1	2	2	438	
218	0	10	step_2_no_load	5	6	0.576063520885	0.652626043146	6	388	0	
218	0	11	step_1_no_load	1	2	2	316	
218	0	11	step_2_no_load	5	6	0.59022801242	0.69163818036	6	390	0	
218	0	12	step_1_no_load	1	2	1	308	
218	0	12	step_2_no_load	5	6	0.597131918027	0.682786328054	6	650	1	
218	0	13	step_1_no_load	1	2	1	701	
218	0	13	step_2_no_load	3	4	0.558313135925	0.52012981853	4	572	1	
218	0	14	step_1_no_load	1	2	1	547	
218	0	14	step_2_no_load	3	4	0.545555696267	0.491234392147	4	580	1	
218	0	15	step_1_no_load	1	2	1	803	
218	0	15	step_2_no_load	3	4	0.570419113221	0.505377237737	4	737	0	
218	0	16	step_1_no_load	1	2	2	269	
218	0	16	step_2_no_load	5	6	0.626326396372	0.628091198119	6	374	1	
218	0	17	step_1_no_load	1	2	2	252	
218	0	17	step_2_no_load	5	6	0.643116883134	0.633350170016	6	471	0	
218	0	18	step_1_no_load	1	2	2	445	
218	0	18	step_2_no_load	3	4	0.553554620302	0.517514133912	3	356	1	
218	0	19	step_1_no_load	1	2	2	300	
218	0	19	step_2_no_load	5	6	0.644773170243	0.619895761657	6	330	0	
218	0	20	step_1_no_load	1	2	2	255	
218	0	20	step_2_no_load	5	6	0.60665343963	0.636521555122	6	387	1	
218	0	21	step_1_no_load	1	2	2	332	
218	0	21	step_2_no_load	5	6	0.611328949295	0.630305464549	6	459	1	
218	0	22	step_1_no_load	1	2	1	317	
218	0	22	step_2_no_load	3	4	0.468700882609	0.506100011497	4	384	1	
218	0	23	step_1_no_load	1	2	1	381	
218	0	23	step_2_no_load	3	4	0.513759772011	0.520606588181	4	275	1	
218	0	24	step_1_no_load	1	2	2	547	
218	0	24	step_2_no_load	3	4	0.503316199018	0.505388876622	4	412	1	
218	0	25	step_1_no_load	1	2	2	737	
218	0	25	step_2_no_load	3	4	0.503605105412	0.503316372362	4	841	0	
218	0	26	step_1_no_load	1	2	2	413	
218	0	26	step_2_no_load	3	4	0.532884212818	0.511744353778	4	722	1	
218	0	27	step_1_no_load	1	2	2	662	
218	0	27	step_2_no_load	3	4	0.54756089792	0.507272671939	4	888	0	
218	0	28	step_1_no_load	1	2	1	640	
218	0	28	step_2_no_load	3	4	0.553259388875	0.520177259699	3	871	0	
218	0	29	step_1_no_load	1	2	2	593	
218	0	29	step_2_no_load	5	6	0.618626354124	0.606613029227	6	383	1	
218	0	30	step_1_no_load	1	2	2	386	
218	0	30	step_2_no_load	5	6	0.610227092493	0.608245979832	6	430	1	
218	0	31	step_1_no_load	1	2	2	590	
218	0	31	step_2_no_load	5	6	0.606122691795	0.636602545794	6	501	1	
218	0	32	step_1_no_load	1	2	1	295	
218	0	32	step_2_no_load	3	4	0.522993086096	0.520318771114	4	480	1	
218	0	33	step_1_no_load	1	2	1	451	
218	0	33	step_2_no_load	5	6	0.618000238621	0.611700032906	6	416	0	
218	0	34	step_1_no_load	1	2	2	344	
218	0	34	step_2_no_load	5	6	0.670290552209	0.575802910074	5	447	0	
218	0	35	step_1_no_load	1	2	2	307	
218	0	35	step_2_no_load	5	6	0.649776015006	0.566827313385	6	406	0	
218	0	36	step_1_no_load	1	2	2	481	
218	0	36	step_2_no_load	5	6	0.661229326326	0.527635087561	6	393	0	
218	0	37	step_1_no_load	1	2	2	423	
218	0	37	step_2_no_load	5	6	0.660658056664	0.513822304161	6	393	1	
218	0	38	step_1_no_load	1	2	2	467	
218	0	38	step_2_no_load	3	4	0.595113730206	0.553931241266	4	719	1	
218	0	39	step_1_no_load	1	2	2	314	
218	0	39	step_2_no_load	5	6	0.634483337633	0.557005857101	6	314	1	
218	0	40	step_1_no_load	1	2	2	327	
218	0	40	step_2_no_load	5	6	0.636994900683	0.580760785074	6	275	1	
218	0	41	step_1_no_load	1	2	2	392	
218	0	41	step_2_no_load	5	6	0.633285941184	0.524862294848	6	530	1	
218	0	42	step_1_no_load	1	2	2	371	
218	0	42	step_2_no_load	5	6	0.606696263624	0.533857158543	6	524	1	
218	0	43	step_1_no_load	1	2	2	348	
218	0	43	step_2_no_load	5	6	0.581931546759	0.553703096215	6	492	1	
218	0	44	step_1_no_load	1	2	2	689	
218	0	44	step_2_no_load	5	6	0.589653131867	0.541854396676	6	602	0	
218	0	45	step_1_no_load	1	2	1	417	
218	0	45	step_2_no_load	5	6	0.620699591043	0.579346234508	6	447	0	
218	0	46	step_1_no_load	1	2	2	279	
218	0	46	step_2_no_load	5	6	0.654261318712	0.55511883717	6	544	0	
218	0	47	step_1_no_load	1	2	1	437	
218	0	47	step_2_no_load	3	4	0.598724660986	0.493112702321	3	622	1	
218	0	48	step_1_no_load	1	2	1	662	
218	0	48	step_2_no_load	3	4	0.615767119776	0.488280685105	4	478	0	
218	0	49	step_1_no_load	1	2	2	378	
218	0	49	step_2_no_load	3	4	0.610193185592	0.489287375157	4	795	1	
218	0	50	step_1_no_load	1	2	2	572	
218	0	50	step_2_no_load	3	4	0.606862017918	0.47381367271	4	416	0	
218	0	51	step_1_no_load	1	2	2	695	
218	0	51	step_2_no_load	3	4	0.564866799699	0.469943944943	3	756	0	
218	0	52	step_1_no_load	1	2	2	329	
218	0	52	step_2_no_load	3	4	0.539065404057	0.429622901875	4	441	1	
218	0	53	step_1_no_load	1	2	2	323	
218	0	53	step_2_no_load	5	6	0.630956764252	0.475342927439	6	510	1	
218	0	54	step_1_no_load	1	2	2	335	
218	0	54	step_2_no_load	5	6	0.652515308527	0.493362545513	6	384	0	
218	0	55	step_1_no_load	1	2	2	218	
218	0	55	step_2_no_load	5	6	0.639840796975	0.526704292526	6	355	0	
218	0	56	step_1_no_load	1	2	2	371	
218	0	56	step_2_no_load	5	6	0.60038825769	0.538512915562	6	428	0	
218	0	57	step_1_no_load	1	2	2	679	
218	0	57	step_2_no_load	5	6	0.586335094239	0.516475618243	6	507	1	
218	0	58	step_1_no_load	1	2	2	458	
218	0	58	step_2_no_load	5	6	0.610896130115	0.528376440027	6	337	1	
218	0	59	step_1_no_load	1	2	2	452	
218	0	59	step_2_no_load	3	4	0.632500293208	0.480274332693	4	352	1	
218	0	60	step_1_no_load	1	2	2	270	
218	0	60	step_2_no_load	5	6	0.599559577859	0.479287247283	6	292	1	
218	0	61	step_1_no_load	1	2	2	385	
218	0	61	step_2_no_load	5	6	0.602879526975	0.527144452559	6	469	0	
218	0	62	step_1_no_load	1	2	1	333	
218	0	62	step_2_no_load	3	4	0.691137204746	0.50724109756	4	438	0	
218	0	63	step_1_no_load	1	2	1	431	
218	0	63	step_2_no_load	3	4	0.664284493458	0.53192660365	4	464	1	
218	0	64	step_1_no_load	1	2	1	295	
218	0	64	step_2_no_load	5	6	0.626149195169	0.533849886794	6	314	0	
218	0	65	step_1_no_load	1	2	1	461	
218	0	65	step_2_no_load	3	4	0.612660225018	0.569109504048	4	591	1	
218	0	66	step_1_no_load	1	2	1	440	
218	0	66	step_2_no_load	5	6	0.630357351236	0.555324764318	6	519	0	
218	0	67	step_1_no_load	1	2	2	377	
218	0	67	step_2_no_load	5	6	0.674463681351	0.538279387614	6	365	0	
218	0	68	step_1_no_load	1	2	1	688	
218	0	68	step_2_no_load	5	6	0.719455209845	0.523301545299	6	451	1	
218	0	69	step_1_no_load	1	2	1	314	
218	0	69	step_2_no_load	5	6	0.718756538957	0.560462111264	6	420	1	
218	0	70	step_1_no_load	1	2	1	524	
218	0	70	step_2_no_load	5	6	0.697741832068	0.548075770764	6	508	1	
218	0	71	step_1_no_load	1	2	1	610	
218	0	71	step_2_no_load	3	4	0.639174917797	0.482863323776	4	693	1	
218	0	72	step_1_no_load	1	2	1	521	
218	0	72	step_2_no_load	5	6	0.705884789502	0.556486305476	6	469	0	
218	0	73	step_1_no_load	1	2	2	437	
218	0	73	step_2_no_load	5	6	0.727961155836	0.50185699984	6	396	0	
218	0	74	step_1_no_load	1	2	2	309	
218	0	74	step_2_no_load	5	6	0.693624670847	0.491044983779	6	424	1	
218	0	75	step_1_no_load	1	2	2	444	
218	0	75	step_2_no_load	5	6	0.697629587097	0.483983914712	6	426	1	
218	0	76	step_1_no_load	1	2	2	430	
218	0	76	step_2_no_load	3	4	0.62770291155	0.488583631821	4	658	1	
218	0	77	step_1_no_load	1	2	2	433	
218	0	77	step_2_no_load	5	6	0.679737625371	0.538119616568	6	589	0	
218	0	78	step_1_no_load	1	2	1	94	
218	0	78	step_2_no_load	3	4	0.536711448352	0.435911167612	4	427	0	
218	0	79	step_1_no_load	1	2	1	384	
218	0	79	step_2_no_load	3	4	0.513695512795	0.389124152368	4	518	0	
218	0	80	step_1_no_load	1	2	2	369	
218	0	80	step_2_no_load	5	6	0.703969305517	0.49921021142	6	328	0	
218	0	81	step_1_no_load	1	2	2	384	
218	0	81	step_2_no_load	5	6	0.702400933084	0.494116554432	6	470	0	
218	0	82	step_1_no_load	1	2	2	517	
218	0	82	step_2_no_load	5	6	0.688340116885	0.482727017837	6	433	0	
218	0	83	step_1_no_load	1	2	2	780	
218	0	83	step_2_no_load	3	4	0.607907985871	0.382772464038	4	710	0	
218	0	84	step_1_no_load	1	2	1	442	
218	0	84	step_2_no_load	5	6	0.731466635793	0.505586222209	6	360	0	
218	0	85	step_1_no_load	1	2	2	332	
218	0	85	step_2_no_load	5	6	0.712989604416	0.485785534744	6	469	0	
218	0	86	step_1_no_load	1	2	2	490	
218	0	86	step_2_no_load	3	4	0.691782850001	0.345323068124	3	384	1	
218	0	87	step_1_no_load	1	2	2	721	
218	0	87	step_2_no_load	5	6	0.690012761069	0.493867001103	5	627	1	
218	0	88	step_1_no_load	1	2	2	739	
218	0	88	step_2_no_load	5	6	0.696773608304	0.509563243675	5	476	1	
218	0	89	step_1_no_load	1	2	2	597	
218	0	89	step_2_no_load	5	6	0.660112261017	0.490019385174	5	331	0	
218	0	90	step_1_no_load	1	2	2	751	
218	0	90	step_2_no_load	5	6	0.688736868033	0.530126112124	5	490	1	
218	0	91	step_1_no_load	1	2	2	451	
218	0	91	step_2_no_load	3	4	0.685023809334	0.43534164751	3	629	1	
218	0	92	step_1_no_load	1	2	2	558	
218	0	92	step_2_no_load	5	6	0.679381608313	0.484260039873	5	376	1	
218	0	93	step_1_no_load	1	2	2	390	
218	0	93	step_2_no_load	5	6	0.662863370634	0.473273727684	5	524	1	
218	0	94	step_1_no_load	1	2	2	454	
218	0	94	step_2_no_load	5	6	0.668295023896	0.468637558205	5	318	1	
218	0	95	step_1_no_load	1	2	2	840	
218	0	95	step_2_no_load	5	6	0.640209855442	0.42505578884	5	679	0	
218	0	96	step_1_no_load	1	2	2	435	
218	0	96	step_2_no_load	5	6	0.663095813561	0.437558890646	6	602	0	
218	0	97	step_1_no_load	1	2	1	387	
218	0	97	step_2_no_load	5	6	0.651202057411	0.455601814112	5	470	1	
218	0	98	step_1_no_load	1	2	1	401	
218	0	98	step_2_no_load	5	6	0.646040060297	0.431479829356	5	396	0	
218	0	99	step_1_no_load	1	2	1	487	
218	0	99	step_2_no_load	5	6	0.645191748454	0.375249961522	5	478	1	
218	0	100	step_1_no_load	1	2	1	733	
218	0	100	step_2_no_load	3	4	0.666227451505	0.4333505304	4	785	0	
218	0	101	step_1_no_load	1	2	1	580	
218	0	101	step_2_no_load	3	4	0.623812401974	0.497432607584	3	493	1	
218	0	102	step_1_no_load	1	2	2	468	
218	0	102	step_2_no_load	3	4	0.666304534392	0.494584754513	3	701	0	
218	0	103	step_1_no_load	1	2	2	551	
218	0	103	step_2_no_load	5	6	0.69058998368	0.322834495838	5	797	0	
218	0	104	step_1_no_load	1	2	2	373	
218	0	104	step_2_no_load	5	6	0.743372642809	0.303696146503	5	862	1	
218	0	105	step_1_no_load	1	2	2	562	
218	0	105	step_2_no_load	5	6	0.722851301692	0.352639603242	5	630	1	
218	0	106	step_1_no_load	1	2	2	333	
218	0	106	step_2_no_load	5	6	0.699623252899	0.374131494222	5	460	1	
218	0	107	step_1_no_load	1	2	2	431	
218	0	107	step_2_no_load	5	6	0.677514185929	0.388257337796	5	399	1	
218	0	108	step_1_no_load	1	2	2	619	
218	0	108	step_2_no_load	5	6	0.681491063126	0.388185708856	5	535	1	
218	0	109	step_1_no_load	1	2	2	438	
218	0	109	step_2_no_load	5	6	0.68658494263	0.372328831887	5	343	1	
218	0	110	step_1_no_load	1	2	2	395	
218	0	110	step_2_no_load	3	4	0.729599891941	0.432626681236	3	365	0	
218	0	111	step_1_no_load	1	2	1	341	
218	0	111	step_2_no_load	5	6	0.634599547742	0.407158158569	5	399	1	
218	0	112	step_1_no_load	1	2	1	419	
218	0	112	step_2_no_load	3	4	0.725701866094	0.392887565883	4	852	1	
218	0	113	step_1_no_load	1	2	2	1046	
218	0	113	step_2_no_load	3	4	0.719324307956	0.370697120277	4	735	0	
218	0	114	step_1_no_load	1	2	1	260	
218	0	114	step_2_no_load	3	4	0.718213323791	0.380324086676	4	420	0	
218	0	115	step_1_no_load	1	2	1	372	
218	0	115	step_2_no_load	3	4	0.739704344621	0.390027643099	3	727	1	
218	0	116	step_1_no_load	1	2	1	583	
218	0	116	step_2_no_load	3	4	0.706736514943	0.378149844807	3	620	1	
218	0	117	step_1_no_load	1	2	1	521	
218	0	117	step_2_no_load	3	4	0.747012267642	0.374621793791	3	565	1	
218	0	118	step_1_no_load	1	2	1	567	
218	0	118	step_2_no_load	3	4	0.740051715856	0.357645851833	3	553	0	
218	0	119	step_1_no_load	1	2	1	512	
218	0	119	step_2_no_load	3	4	0.690424535099	0.357515098446	4	500	0	
218	0	120	step_1_no_load	1	2	2	260	
218	0	120	step_2_no_load	5	6	0.666433355915	0.333809617664	6	432	0	
218	0	121	step_1_no_load	1	2	2	319	
218	0	121	step_2_no_load	5	6	0.671052306195	0.310775244958	5	339	0	
218	0	122	step_1_no_load	1	2	2	387	
218	0	122	step_2_no_load	5	6	0.672193618854	0.266650857402	5	353	1	
218	0	123	step_1_no_load	1	2	2	413	
218	0	123	step_2_no_load	3	4	0.583607229978	0.337526896345	3	527	0	
218	0	124	step_1_no_load	1	2	2	400	
218	0	124	step_2_no_load	5	6	0.624161788269	0.26095206597	5	551	1	
218	0	125	step_1_no_load	1	2	2	405	
218	0	125	step_2_no_load	5	6	0.633566302563	0.290374841566	5	520	1	
218	0	126	step_1_no_load	1	2	2	595	
218	0	126	step_2_no_load	3	4	0.537863824328	0.300846667696	3	466	1	
218	0	127	step_1_no_load	1	2	2	298	
218	0	127	step_2_no_load	5	6	0.646945556251	0.273483952592	5	539	1	
218	0	128	step_1_no_load	1	2	2	276	
218	0	128	step_2_no_load	3	4	0.636905534066	0.250790232267	3	422	0	
218	0	129	step_1_no_load	1	2	2	312	
218	0	129	step_2_no_load	5	6	0.632682846317	0.268213321963	5	601	1	
218	0	130	step_1_no_load	1	2	2	400	
218	0	130	step_2_no_load	5	6	0.630285316669	0.267460866951	5	529	1	
218	0	131	step_1_no_load	1	2	2	363	
218	0	131	step_2_no_load	5	6	0.638450601212	0.281500842289	5	456	0	
218	0	132	step_1_no_load	1	2	2	358	
218	0	132	step_2_no_load	5	6	0.660013924697	0.27986961048	6	623	1	
218	0	133	step_1_no_load	1	2	2	377	
218	0	133	step_2_no_load	5	6	0.691649444281	0.315608831386	6	456	0	
218	0	134	step_1_no_load	1	2	2	233	
218	0	134	step_2_no_load	3	4	0.621945110858	0.302839427162	3	399	1	
218	0	135	step_1_no_load	1	2	1	584	
218	0	135	step_2_no_load	5	6	0.700779221781	0.300079459047	5	563	1	
218	0	136	step_1_no_load	1	2	1	604	
218	0	136	step_2_no_load	5	6	0.674914008636	0.307766925452	5	534	1	
218	0	137	step_1_no_load	1	2	1	316	
218	0	137	step_2_no_load	3	4	0.605896884497	0.325016613024	4	670	0	
218	0	138	step_1_no_load	1	2	2	310	
218	0	138	step_2_no_load	5	6	0.688182193337	0.366701525561	5	427	1	
218	0	139	step_1_no_load	1	2	2	287	
218	0	139	step_2_no_load	5	6	0.696355985729	0.325611400511	5	486	0	
218	0	140	step_1_no_load	1	2	2	545	
218	0	140	step_2_no_load	5	6	0.637682840728	0.348740542008	5	689	1	
218	0	141	step_1_no_load	1	2	2	511	
218	0	141	step_2_no_load	5	6	0.616803346728	0.390227133375	5	517	1	
218	0	142	step_1_no_load	1	2	2	458	
218	0	142	step_2_no_load	5	6	0.627356259123	0.397052682821	5	501	1	
218	0	143	step_1_no_load	1	2	2	392	
218	0	143	step_2_no_load	3	4	0.661365099615	0.313516825296	4	829	1	
218	0	144	step_1_no_load	1	2	2	624	
218	0	144	step_2_no_load	3	4	0.626443722248	0.275932517017	3	514	0	
218	0	145	step_1_no_load	1	2	2	302	
218	0	145	step_2_no_load	3	4	0.6669125229	0.266265924094	4	458	0	
218	0	146	step_1_no_load	1	2	2	295	
218	0	146	step_2_no_load	5	6	0.593778463268	0.320877500969	6	453	0	
218	0	147	step_1_no_load	1	2	2	297	
218	0	147	step_2_no_load	5	6	0.594861186319	0.352879785946	5	422	1	
218	0	148	step_1_no_load	1	2	2	324	
218	0	148	step_2_no_load	3	4	0.619272702026	0.305288021243	3	354	1	
218	0	149	step_1_no_load	1	2	2	296	
218	0	149	step_2_no_load	3	4	0.601870110183	0.269951834184	3	624	1	
218	0	150	step_1_no_load	1	2	2	393	
218	0	150	step_2_no_load	3	4	0.575985663078	0.305587692243	3	531	1	
218	0	151	step_1_no_load	1	2	2	427	
218	0	151	step_2_no_load	5	6	0.614159737668	0.310557101463	5	666	1	
218	0	152	step_1_no_load	1	2	2	471	
218	0	152	step_2_no_load	5	6	0.644204174791	0.323194010514	5	482	1	
218	0	153	step_1_no_load	1	2	2	536	
218	0	153	step_2_no_load	5	6	0.681559292085	0.343622632154	5	516	0	
218	0	154	step_1_no_load	1	2	2	504	
218	0	154	step_2_no_load	5	6	0.671672162443	0.348349389262	5	476	1	
218	0	155	step_1_no_load	1	2	2	560	
218	0	155	step_2_no_load	5	6	0.716100930629	0.372188990474	5	521	1	
218	0	156	step_1_no_load	1	2	2	776	
218	0	156	step_2_no_load	5	6	0.734436160799	0.368378667812	5	658	1	
218	0	157	step_1_no_load	1	2	2	556	
218	0	157	step_2_no_load	5	6	0.720725456325	0.324728201487	5	490	1	
218	0	158	step_1_no_load	1	2	2	522	
218	0	158	step_2_no_load	5	6	0.694270715354	0.334595868098	5	454	1	
218	0	159	step_1_no_load	1	2	2	600	
218	0	159	step_2_no_load	3	4	0.541222065796	0.413026375257	4	917	0	
218	0	160	step_1_no_load	1	2	2	468	
218	0	160	step_2_no_load	5	6	0.710728171711	0.355992626298	5	577	1	
218	0	161	step_1_no_load	1	2	2	663	
218	0	161	step_2_no_load	3	4	0.516036498158	0.407025633682	4	853	1	
218	0	162	step_1_no_load	1	2	2	501	
218	0	162	step_2_no_load	5	6	0.695144769903	0.455329532209	5	423	1	
218	0	163	step_1_no_load	1	2	2	513	
218	0	163	step_2_no_load	5	6	0.697095951435	0.430920885959	5	400	1	
218	0	164	step_1_no_load	1	2	2	378	
218	0	164	step_2_no_load	5	6	0.692137394606	0.430844125626	5	505	1	
218	0	165	step_1_no_load	1	2	2	427	
218	0	165	step_2_no_load	5	6	0.717506143195	0.347974240867	5	481	1	
218	0	166	step_1_no_load	1	2	2	493	
218	0	166	step_2_no_load	3	4	0.549095060025	0.422282731054	4	724	1	
218	0	167	step_1_no_load	1	2	2	579	
218	0	167	step_2_no_load	5	6	0.706271792549	0.331115714939	5	716	0	
218	0	168	step_1_no_load	1	2	2	647	
218	0	168	step_2_no_load	5	6	0.67192508984	0.335777599654	5	612	1	
218	0	169	step_1_no_load	1	2	2	472	
218	0	169	step_2_no_load	5	6	0.704981910944	0.365156560071	5	432	1	
218	0	170	step_1_no_load	1	2	2	462	
218	0	170	step_2_no_load	5	6	0.67334314737	0.364989630435	5	480	1	
218	0	171	step_1_no_load	1	2	2	288	
218	0	171	step_2_no_load	3	4	0.553314431843	0.386979310814	4	700	0	
218	0	172	step_1_no_load	1	2	2	572	
218	0	172	step_2_no_load	5	6	0.668669556875	0.490120307546	5	415	1	
218	0	173	step_1_no_load	1	2	2	473	
218	0	173	step_2_no_load	3	4	0.484428109849	0.385349297983	3	827	1	
218	0	174	step_1_no_load	1	2	2	374	
218	0	174	step_2_no_load	3	4	0.472729524832	0.387867297446	3	548	0	
218	0	175	step_1_no_load	1	2	2	470	
218	0	175	step_2_no_load	3	4	0.52644949356	0.426185553904	4	651	1	
218	0	176	step_1_no_load	1	2	2	408	
218	0	176	step_2_no_load	5	6	0.679250000396	0.500856457218	5	668	1	
218	0	177	step_1_no_load	1	2	2	444	
218	0	177	step_2_no_load	5	6	0.714070205704	0.4798184927	5	440	1	
218	0	178	step_1_no_load	1	2	2	221	
218	0	178	step_2_no_load	3	4	0.493712351915	0.36473828006	3	451	1	
218	0	179	step_1_no_load	1	2	2	410	
218	0	179	step_2_no_load	5	6	0.709345707515	0.493565996034	5	479	1	
218	0	180	step_1_no_load	1	2	2	382	
218	0	180	step_2_no_load	5	6	0.719795072986	0.489345734128	5	413	1	
218	0	181	step_1_no_load	1	2	2	510	
218	0	181	step_2_no_load	5	6	0.746910336326	0.480141179559	5	383	1	
218	0	182	step_1_no_load	1	2	2	449	
218	0	182	step_2_no_load	3	4	0.506773281362	0.340533666308	4	626	0	
218	0	183	step_1_no_load	1	2	2	498	
218	0	183	step_2_no_load	5	6	0.720388040749	0.492742497507	5	465	1	
218	0	184	step_1_no_load	1	2	2	441	
218	0	184	step_2_no_load	5	6	0.657291439324	0.480863422096	5	567	1	
218	0	185	step_1_no_load	1	2	2	354	
218	0	185	step_2_no_load	5	6	0.665622647081	0.482228039858	5	576	1	
218	0	186	step_1_no_load	1	2	2	446	
218	0	186	step_2_no_load	3	4	0.46870859828	0.332733011923	3	804	0	
218	0	187	step_1_no_load	1	2	2	404	
218	0	187	step_2_no_load	5	6	0.678211978625	0.498596507669	5	628	1	
218	0	188	step_1_no_load	1	2	2	413	
218	0	188	step_2_no_load	3	4	0.471319680586	0.291508050861	3	610	1	
218	0	189	step_1_no_load	1	2	2	331	
218	0	189	step_2_no_load	5	6	0.688353284054	0.534753756004	5	475	1	
218	0	190	step_1_no_load	1	2	2	605	
218	0	190	step_2_no_load	5	6	0.667655825994	0.505820429042	5	505	0	
218	0	191	step_1_no_load	1	2	2	410	
218	0	191	step_2_no_load	3	4	0.435748387321	0.318839908867	4	617	0	
218	0	192	step_1_no_load	1	2	-1	-1	
218	0	193	step_1_no_load	1	2	2	467	
218	0	193	step_2_no_load	3	4	0.440813209638	0.321008037746	3	693	1	
218	0	194	step_1_no_load	1	2	2	424	
218	0	194	step_2_no_load	3	4	0.433250459893	0.342437174514	3	513	1	
218	0	195	step_1_no_load	1	2	2	378	
218	0	195	step_2_no_load	3	4	0.466795336969	0.348571348505	3	404	0	
218	0	196	step_1_no_load	1	2	2	352	
218	0	196	step_2_no_load	5	6	0.695101215304	0.496717662777	5	517	1	
218	0	197	step_1_no_load	1	2	2	315	
218	0	197	step_2_no_load	5	6	0.686552522522	0.47786945426	5	395	0	
218	0	198	step_1_no_load	1	2	2	308	
218	0	198	step_2_no_load	5	6	0.68660989813	0.485065498391	5	460	0	
218	0	199	step_1_no_load	1	2	2	326	
218	0	199	step_2_no_load	5	6	0.73697129762	0.529438031858	5	450	1	
218	0	200	step_1_no_load	1	2	2	627	
218	0	200	step_2_no_load	5	6	0.728996708473	0.507902534353	5	413	1	

Mon Apr  1 15:12:43 2019
