Tue Apr  2 14:53:42 2019	
219	0	1	step_1_no_load	1	2	1	716	
219	0	1	step_2_no_load	5	6	0.511789129507	0.598297890399	5	766	0	
219	0	2	step_1_no_load	1	2	1	828	
219	0	2	step_2_no_load	3	4	0.610961032466	0.474613197709	3	790	1	
219	0	3	step_1_no_load	1	2	1	846	
219	0	3	step_2_no_load	3	4	0.589215227351	0.476767372206	4	839	0	
219	0	4	step_1_no_load	1	2	2	952	
219	0	4	step_2_no_load	3	4	0.564086293706	0.478607661228	3	924	1	
219	0	5	step_1_no_load	1	2	2	815	
219	0	5	step_2_no_load	5	6	0.543908521457	0.623810210114	6	1170	1	
219	0	6	step_1_no_load	1	2	1	709	
219	0	6	step_2_no_load	5	6	0.490454120702	0.585722686883	6	1076	0	
219	0	7	step_1_no_load	1	2	1	800	
219	0	7	step_2_no_load	5	6	0.506408070053	0.568656746487	5	969	0	
219	0	8	step_1_no_load	1	2	2	616	
219	0	8	step_2_no_load	5	6	0.499203529332	0.59128639594	6	1407	0	
219	0	9	step_1_no_load	1	2	2	603	
219	0	9	step_2_no_load	5	6	0.54429228266	0.598049061473	5	838	0	
219	0	10	step_1_no_load	1	2	1	279	
219	0	10	step_2_no_load	5	6	0.576063520885	0.652626043146	6	665	1	
219	0	11	step_1_no_load	1	2	1	611	
219	0	11	step_2_no_load	3	4	0.609191465743	0.477013315682	3	489	1	
219	0	12	step_1_no_load	1	2	1	899	
219	0	12	step_2_no_load	5	6	0.597131918027	0.682786328054	6	888	1	
219	0	13	step_1_no_load	1	2	1	314	
219	0	13	step_2_no_load	5	6	0.595790490356	0.653587098421	6	776	0	
219	0	14	step_1_no_load	1	2	2	351	
219	0	14	step_2_no_load	3	4	0.545555696267	0.491234392147	3	1176	1	
219	0	15	step_1_no_load	1	2	2	1130	
219	0	15	step_2_no_load	5	6	0.633564630036	0.612260006668	5	1039	1	
219	0	16	step_1_no_load	1	2	2	434	
219	0	16	step_2_no_load	5	6	0.626326396372	0.628091198119	5	1002	0	
219	0	17	step_1_no_load	1	2	1	814	
219	0	17	step_2_no_load	5	6	0.643116883134	0.633350170016	6	781	0	
219	0	18	step_1_no_load	1	2	1	551	
219	0	18	step_2_no_load	3	4	0.553554620302	0.517514133912	4	725	1	
219	0	19	step_1_no_load	1	2	1	675	
219	0	19	step_2_no_load	5	6	0.644773170243	0.619895761657	5	829	0	
219	0	20	step_1_no_load	1	2	1	396	
219	0	20	step_2_no_load	3	4	0.491720931314	0.478025448397	4	858	0	
219	0	21	step_1_no_load	1	2	1	450	
219	0	21	step_2_no_load	5	6	0.611328949295	0.630305464549	5	752	1	
219	0	22	step_1_no_load	1	2	2	354	
219	0	22	step_2_no_load	5	6	0.618527126547	0.621949894727	5	640	1	
219	0	23	step_1_no_load	1	2	1	434	
219	0	23	step_2_no_load	5	6	0.604065470975	0.640163623731	6	600	0	
219	0	24	step_1_no_load	1	2	1	666	
219	0	24	step_2_no_load	3	4	0.503316199018	0.505388876622	4	508	1	
219	0	25	step_1_no_load	1	2	2	1162	
219	0	25	step_2_no_load	5	6	0.629917901014	0.565698722896	5	921	0	
219	0	26	step_1_no_load	1	2	2	796	
219	0	26	step_2_no_load	3	4	0.532884212818	0.511744353778	4	652	1	
219	0	27	step_1_no_load	1	2	2	1099	
219	0	27	step_2_no_load	5	6	0.642144756622	0.57860777711	5	811	1	
219	0	28	step_1_no_load	1	2	1	482	
219	0	28	step_2_no_load	5	6	0.647441527317	0.588356036098	5	1456	1	
219	0	29	step_1_no_load	1	2	1	636	
219	0	29	step_2_no_load	5	6	0.618626354124	0.606613029227	5	1118	1	
219	0	30	step_1_no_load	1	2	1	591	
219	0	30	step_2_no_load	5	6	0.610227092493	0.608245979832	5	750	0	
219	0	31	step_1_no_load	1	2	1	1195	
219	0	31	step_2_no_load	3	4	0.541819886458	0.483156722265	4	828	1	
219	0	32	step_1_no_load	1	2	1	917	
219	0	32	step_2_no_load	3	4	0.522993086096	0.520318771114	4	986	0	
219	0	33	step_1_no_load	1	2	1	627	
219	0	33	step_2_no_load	3	4	0.542309898544	0.487664344039	4	695	1	
219	0	34	step_1_no_load	1	2	1	633	
219	0	34	step_2_no_load	3	4	0.538523758058	0.454565258478	4	652	1	
219	0	35	step_1_no_load	1	2	1	517	
219	0	35	step_2_no_load	3	4	0.594167768198	0.491437207585	4	624	1	
219	0	36	step_1_no_load	1	2	1	381	
219	0	36	step_2_no_load	3	4	0.611274573488	0.513210053121	4	366	0	
219	0	37	step_1_no_load	1	2	1	468	
219	0	37	step_2_no_load	3	4	0.598446394142	0.543074626387	4	494	0	
219	0	38	step_1_no_load	1	2	1	385	
219	0	38	step_2_no_load	3	4	0.595113730206	0.553931241266	3	616	1	
219	0	39	step_1_no_load	1	2	1	482	
219	0	39	step_2_no_load	3	4	0.610601635554	0.578640235206	3	646	1	
219	0	40	step_1_no_load	1	2	1	621	
219	0	40	step_2_no_load	5	6	0.636994900683	0.580760785074	6	1362	0	
219	0	41	step_1_no_load	1	2	1	544	
219	0	41	step_2_no_load	5	6	0.633285941184	0.524862294848	5	845	0	
219	0	42	step_1_no_load	1	2	2	626	
219	0	42	step_2_no_load	5	6	0.606696263624	0.533857158543	6	1103	0	
219	0	43	step_1_no_load	1	2	2	469	
219	0	43	step_2_no_load	5	6	0.581931546759	0.553703096215	5	630	1	
219	0	44	step_1_no_load	1	2	1	572	
219	0	44	step_2_no_load	3	4	0.611481438855	0.537842745081	3	422	1	
219	0	45	step_1_no_load	1	2	1	384	
219	0	45	step_2_no_load	3	4	0.632991467829	0.5288039409	3	423	0	
219	0	46	step_1_no_load	1	2	1	439	
219	0	46	step_2_no_load	3	4	0.600964500555	0.532238720495	3	377	1	
219	0	47	step_1_no_load	1	2	1	373	
219	0	47	step_2_no_load	3	4	0.598724660986	0.493112702321	3	437	1	
219	0	48	step_1_no_load	1	2	1	350	
219	0	48	step_2_no_load	3	4	0.615767119776	0.488280685105	3	492	1	
219	0	49	step_1_no_load	1	2	1	566	
219	0	49	step_2_no_load	3	4	0.610193185592	0.489287375157	3	537	1	
219	0	50	step_1_no_load	1	2	1	588	
219	0	50	step_2_no_load	5	6	0.593458480934	0.481616544184	5	994	0	
219	0	51	step_1_no_load	1	2	1	286	
219	0	51	step_2_no_load	3	4	0.564866799699	0.469943944943	3	986	1	
219	0	52	step_1_no_load	1	2	1	867	
219	0	52	step_2_no_load	3	4	0.539065404057	0.429622901875	3	636	0	
219	0	53	step_1_no_load	1	2	1	1070	
219	0	53	step_2_no_load	3	4	0.551457882502	0.451905460347	3	1205	0	
219	0	54	step_1_no_load	1	2	1	419	
219	0	54	step_2_no_load	5	6	0.652515308527	0.493362545513	6	878	0	
219	0	55	step_1_no_load	1	2	1	272	
219	0	55	step_2_no_load	3	4	0.574045915747	0.487025527704	4	332	1	
219	0	56	step_1_no_load	1	2	1	618	
219	0	56	step_2_no_load	3	4	0.601856598146	0.459773408493	4	374	1	
219	0	57	step_1_no_load	1	2	1	355	
219	0	57	step_2_no_load	3	4	0.641849303307	0.466449077359	4	430	0	
219	0	58	step_1_no_load	1	2	1	277	
219	0	58	step_2_no_load	3	4	0.664682809182	0.478335218822	4	506	0	
219	0	59	step_1_no_load	1	2	1	305	
219	0	59	step_2_no_load	3	4	0.632500293208	0.480274332693	3	394	1	
219	0	60	step_1_no_load	1	2	1	388	
219	0	60	step_2_no_load	3	4	0.623687406259	0.491916707098	3	378	0	
219	0	61	step_1_no_load	1	2	1	352	
219	0	61	step_2_no_load	5	6	0.602879526975	0.527144452559	6	664	1	
219	0	62	step_1_no_load	1	2	1	351	
219	0	62	step_2_no_load	3	4	0.691137204746	0.50724109756	3	370	0	
219	0	63	step_1_no_load	1	2	1	300	
219	0	63	step_2_no_load	3	4	0.664284493458	0.53192660365	4	328	0	
219	0	64	step_1_no_load	1	2	2	739	
219	0	64	step_2_no_load	5	6	0.626149195169	0.533849886794	5	346	1	
219	0	65	step_1_no_load	1	2	2	348	
219	0	65	step_2_no_load	5	6	0.619953360065	0.517687993213	5	349	1	
219	0	66	step_1_no_load	1	2	2	322	
219	0	66	step_2_no_load	5	6	0.630357351236	0.555324764318	5	512	0	
219	0	67	step_1_no_load	1	2	2	343	
219	0	67	step_2_no_load	5	6	0.674463681351	0.538279387614	5	629	1	
219	0	68	step_1_no_load	1	2	2	926	
219	0	68	step_2_no_load	3	4	0.622963076372	0.509127161919	4	1267	1	
219	0	69	step_1_no_load	1	2	2	826	
219	0	69	step_2_no_load	5	6	0.718756538957	0.560462111264	6	353	0	
219	0	70	step_1_no_load	1	2	2	285	
219	0	70	step_2_no_load	5	6	0.697741832068	0.548075770764	5	297	1	
219	0	71	step_1_no_load	1	2	2	340	
219	0	71	step_2_no_load	5	6	0.706816191949	0.546215110045	5	356	1	
219	0	72	step_1_no_load	1	2	2	286	
219	0	72	step_2_no_load	5	6	0.705884789502	0.556486305476	5	393	1	
219	0	73	step_1_no_load	1	2	2	307	
219	0	73	step_2_no_load	5	6	0.727961155836	0.50185699984	5	386	1	
219	0	74	step_1_no_load	1	2	2	291	
219	0	74	step_2_no_load	5	6	0.693624670847	0.491044983779	5	636	1	
219	0	75	step_1_no_load	1	2	2	310	
219	0	75	step_2_no_load	3	4	0.615552849174	0.44832280175	3	493	1	
219	0	76	step_1_no_load	1	2	2	498	
219	0	76	step_2_no_load	5	6	0.690117652944	0.518881389358	5	297	0	
219	0	77	step_1_no_load	1	2	2	673	
219	0	77	step_2_no_load	5	6	0.679737625371	0.538119616568	6	389	1	
219	0	78	step_1_no_load	1	2	2	504	
219	0	78	step_2_no_load	5	6	0.647586191228	0.538654072849	6	400	1	
219	0	79	step_1_no_load	1	2	2	318	
219	0	79	step_2_no_load	5	6	0.647841624544	0.540085062695	6	396	1	
219	0	80	step_1_no_load	1	2	2	377	
219	0	80	step_2_no_load	5	6	0.703969305517	0.49921021142	6	655	0	
219	0	81	step_1_no_load	1	2	2	282	
219	0	81	step_2_no_load	5	6	0.702400933084	0.494116554432	5	473	0	
219	0	82	step_1_no_load	1	2	2	406	
219	0	82	step_2_no_load	3	4	0.564729328387	0.395813831323	4	326	0	
219	0	83	step_1_no_load	1	2	2	302	
219	0	83	step_2_no_load	5	6	0.726885136842	0.483255412498	6	435	1	
219	0	84	step_1_no_load	1	2	2	385	
219	0	84	step_2_no_load	3	4	0.65843840156	0.385087938645	4	335	0	
219	0	85	step_1_no_load	1	2	2	359	
219	0	85	step_2_no_load	5	6	0.712989604416	0.485785534744	6	342	1	
219	0	86	step_1_no_load	1	2	2	379	
219	0	86	step_2_no_load	3	4	0.691782850001	0.345323068124	4	516	0	
219	0	87	step_1_no_load	1	2	2	1050	
219	0	87	step_2_no_load	3	4	0.719375344246	0.40000499778	3	992	1	
219	0	88	step_1_no_load	1	2	2	422	
219	0	88	step_2_no_load	5	6	0.696773608304	0.509563243675	6	759	1	
219	0	89	step_1_no_load	1	2	2	452	
219	0	89	step_2_no_load	5	6	0.660112261017	0.490019385174	6	873	0	
219	0	90	step_1_no_load	1	2	2	434	
219	0	90	step_2_no_load	5	6	0.688736868033	0.530126112124	6	500	1	
219	0	91	step_1_no_load	1	2	2	1394	
219	0	91	step_2_no_load	5	6	0.657820521772	0.479087223222	6	1053	0	
219	0	92	step_1_no_load	1	2	2	650	
219	0	92	step_2_no_load	3	4	0.692406274724	0.444368850664	3	425	1	
219	0	93	step_1_no_load	1	2	1	289	
219	0	93	step_2_no_load	3	4	0.70415710998	0.439878153082	3	422	0	
219	0	94	step_1_no_load	1	2	1	790	
219	0	94	step_2_no_load	5	6	0.668295023896	0.468637558205	6	941	0	
219	0	95	step_1_no_load	1	2	2	446	
219	0	95	step_2_no_load	3	4	0.715495469274	0.427150666411	3	376	0	
219	0	96	step_1_no_load	1	2	2	376	
219	0	96	step_2_no_load	3	4	0.693739812506	0.383038640121	4	892	0	
219	0	97	step_1_no_load	1	2	2	470	
219	0	97	step_2_no_load	5	6	0.651202057411	0.455601814112	6	525	1	
219	0	98	step_1_no_load	1	2	2	0	
219	0	98	step_2_no_load	3	4	0.70287861952	0.409778171713	3	1182	0	
219	0	99	step_1_no_load	1	2	2	557	
219	0	99	step_2_no_load	5	6	0.645191748454	0.375249961522	6	648	1	
219	0	100	step_1_no_load	1	2	2	1212	
219	0	100	step_2_no_load	5	6	0.66579920021	0.363162156005	6	996	0	
219	0	101	step_1_no_load	1	2	1	940	
219	0	101	step_2_no_load	3	4	0.623812401974	0.497432607584	3	909	1	
219	0	102	step_1_no_load	1	2	1	326	
219	0	102	step_2_no_load	3	4	0.666304534392	0.494584754513	3	405	0	
219	0	103	step_1_no_load	1	2	1	289	
219	0	103	step_2_no_load	3	4	0.663997796029	0.481975449893	3	586	1	
219	0	104	step_1_no_load	1	2	1	336	
219	0	104	step_2_no_load	3	4	0.703870701136	0.521047445908	3	387	1	
219	0	105	step_1_no_load	1	2	1	397	
219	0	105	step_2_no_load	3	4	0.689135357059	0.514318365187	3	476	1	
219	0	106	step_1_no_load	1	2	1	343	
219	0	106	step_2_no_load	3	4	0.712883638252	0.508908032404	3	390	1	
219	0	107	step_1_no_load	1	2	1	300	
219	0	107	step_2_no_load	3	4	0.692607431435	0.565220528809	3	791	0	
219	0	108	step_1_no_load	1	2	1	638	
219	0	108	step_2_no_load	3	4	0.695928523711	0.526955028982	3	1064	1	
219	0	109	step_1_no_load	1	2	1	383	
219	0	109	step_2_no_load	3	4	0.71632547018	0.479977531501	3	421	0	
219	0	110	step_1_no_load	1	2	1	358	
219	0	110	step_2_no_load	3	4	0.729599891941	0.432626681236	4	364	0	
219	0	111	step_1_no_load	1	2	1	410	
219	0	111	step_2_no_load	3	4	0.724852671171	0.384948378665	4	483	0	
219	0	112	step_1_no_load	1	2	1	272	
219	0	112	step_2_no_load	5	6	0.635252945963	0.413393106784	5	323	1	
219	0	113	step_1_no_load	1	2	1	706	
219	0	113	step_2_no_load	3	4	0.719324307956	0.370697120277	3	718	1	
219	0	114	step_1_no_load	1	2	1	336	
219	0	114	step_2_no_load	3	4	0.718213323791	0.380324086676	3	501	1	
219	0	115	step_1_no_load	1	2	1	678	
219	0	115	step_2_no_load	3	4	0.739704344621	0.390027643099	3	653	1	
219	0	116	step_1_no_load	1	2	1	718	
219	0	116	step_2_no_load	5	6	0.680124293449	0.369438791876	6	1306	1	
219	0	117	step_1_no_load	1	2	1	522	
219	0	117	step_2_no_load	5	6	0.671842537277	0.363056877927	6	851	1	
219	0	118	step_1_no_load	1	2	1	400	
219	0	118	step_2_no_load	5	6	0.690484235012	0.362977115924	6	707	0	
219	0	119	step_1_no_load	1	2	1	318	
219	0	119	step_2_no_load	5	6	0.661177321751	0.358243439099	6	643	0	
219	0	120	step_1_no_load	1	2	2	295	
219	0	120	step_2_no_load	5	6	0.666433355915	0.333809617664	5	1224	1	
219	0	121	step_1_no_load	1	2	2	587	
219	0	121	step_2_no_load	3	4	0.658856304095	0.352721767208	3	569	1	
219	0	122	step_1_no_load	1	2	2	345	
219	0	122	step_2_no_load	5	6	0.672193618854	0.266650857402	5	502	0	
219	0	123	step_1_no_load	1	2	2	324	
219	0	123	step_2_no_load	3	4	0.583607229978	0.337526896345	3	359	0	
219	0	124	step_1_no_load	1	2	2	340	
219	0	124	step_2_no_load	5	6	0.624161788269	0.26095206597	5	462	1	
219	0	125	step_1_no_load	1	2	2	376	
219	0	125	step_2_no_load	5	6	0.633566302563	0.290374841566	5	453	1	
219	0	126	step_1_no_load	1	2	2	248	
219	0	126	step_2_no_load	5	6	0.600985760967	0.267206368684	5	470	1	
219	0	127	step_1_no_load	1	2	2	344	
219	0	127	step_2_no_load	5	6	0.646945556251	0.273483952592	5	384	1	
219	0	128	step_1_no_load	1	2	2	309	
219	0	128	step_2_no_load	5	6	0.620672334996	0.260252451606	5	389	1	
219	0	129	step_1_no_load	1	2	2	308	
219	0	129	step_2_no_load	5	6	0.632682846317	0.268213321963	5	424	1	
219	0	130	step_1_no_load	1	2	2	349	
219	0	130	step_2_no_load	5	6	0.630285316669	0.267460866951	5	349	1	
219	0	131	step_1_no_load	1	2	2	330	
219	0	131	step_2_no_load	5	6	0.638450601212	0.281500842289	5	356	0	
219	0	132	step_1_no_load	1	2	2	269	
219	0	132	step_2_no_load	3	4	0.668578020634	0.315328810424	3	347	1	
219	0	133	step_1_no_load	1	2	2	341	
219	0	133	step_2_no_load	5	6	0.691649444281	0.315608831386	5	388	0	
219	0	134	step_1_no_load	1	2	2	763	
219	0	134	step_2_no_load	5	6	0.685529359147	0.287393715313	5	348	0	
219	0	135	step_1_no_load	1	2	1	772	
219	0	135	step_2_no_load	3	4	0.593710006149	0.287118934166	3	366	1	
219	0	136	step_1_no_load	1	2	1	308	
219	0	136	step_2_no_load	3	4	0.597814413435	0.284521085726	3	391	1	
219	0	137	step_1_no_load	1	2	1	323	
219	0	137	step_2_no_load	5	6	0.668540846495	0.346433498467	6	923	1	
219	0	138	step_1_no_load	1	2	1	374	
219	0	138	step_2_no_load	3	4	0.63240964674	0.307694123906	3	497	0	
219	0	139	step_1_no_load	1	2	1	389	
219	0	139	step_2_no_load	3	4	0.636630981281	0.323660750961	3	311	1	
219	0	140	step_1_no_load	1	2	1	411	
219	0	140	step_2_no_load	3	4	0.671213945178	0.328174526491	3	408	1	
219	0	141	step_1_no_load	1	2	1	289	
219	0	141	step_2_no_load	3	4	0.711987889705	0.311809871418	3	395	1	
219	0	142	step_1_no_load	1	2	1	444	
219	0	142	step_2_no_load	3	4	0.690276058009	0.304203281606	3	325	1	
219	0	143	step_1_no_load	1	2	1	565	
219	0	143	step_2_no_load	3	4	0.661365099615	0.313516825296	4	468	0	
219	0	144	step_1_no_load	1	2	1	408	
219	0	144	step_2_no_load	3	4	0.626443722248	0.275932517017	3	505	1	
219	0	145	step_1_no_load	1	2	1	1019	
219	0	145	step_2_no_load	5	6	0.606515632748	0.355256413269	6	708	1	
219	0	146	step_1_no_load	1	2	1	378	
219	0	146	step_2_no_load	5	6	0.593778463268	0.320877500969	6	516	0	
219	0	147	step_1_no_load	1	2	1	276	
219	0	147	step_2_no_load	5	6	0.594861186319	0.352879785946	6	730	0	
219	0	148	step_1_no_load	1	2	2	321	
219	0	148	step_2_no_load	5	6	0.648050021239	0.311162711725	5	375	1	
219	0	149	step_1_no_load	1	2	2	351	
219	0	149	step_2_no_load	3	4	0.601870110183	0.269951834184	3	346	0	
219	0	150	step_1_no_load	1	2	1	396	
219	0	150	step_2_no_load	5	6	0.605912419156	0.306860041627	5	547	1	
219	0	151	step_1_no_load	1	2	1	684	
219	0	151	step_2_no_load	3	4	0.59154759351	0.348172164421	3	657	1	
219	0	152	step_1_no_load	1	2	1	348	
219	0	152	step_2_no_load	3	4	0.595108765344	0.307702500543	3	358	0	
219	0	153	step_1_no_load	1	2	2	722	
219	0	153	step_2_no_load	5	6	0.681559292085	0.343622632154	5	359	0	
219	0	154	step_1_no_load	1	2	2	242	
219	0	154	step_2_no_load	5	6	0.671672162443	0.348349389262	5	392	1	
219	0	155	step_1_no_load	1	2	2	321	
219	0	155	step_2_no_load	5	6	0.716100930629	0.372188990474	5	282	1	
219	0	156	step_1_no_load	1	2	2	353	
219	0	156	step_2_no_load	3	4	0.631048201903	0.32564867104	3	362	1	
219	0	157	step_1_no_load	1	2	2	303	
219	0	157	step_2_no_load	5	6	0.720725456325	0.324728201487	5	291	0	
219	0	158	step_1_no_load	1	2	1	274	
219	0	158	step_2_no_load	5	6	0.694270715354	0.334595868098	5	597	0	
219	0	159	step_1_no_load	1	2	1	374	
219	0	159	step_2_no_load	3	4	0.541222065796	0.413026375257	3	558	0	
219	0	160	step_1_no_load	1	2	1	303	
219	0	160	step_2_no_load	3	4	0.521229931064	0.415052912783	3	404	1	
219	0	161	step_1_no_load	1	2	1	275	
219	0	161	step_2_no_load	3	4	0.516036498158	0.407025633682	3	284	0	
219	0	162	step_1_no_load	1	2	2	291	
219	0	162	step_2_no_load	5	6	0.695144769903	0.455329532209	5	345	0	
219	0	163	step_1_no_load	1	2	2	316	
219	0	163	step_2_no_load	5	6	0.697095951435	0.430920885959	5	350	0	
219	0	164	step_1_no_load	1	2	2	310	
219	0	164	step_2_no_load	3	4	0.585961845322	0.432761720497	4	953	1	
219	0	165	step_1_no_load	1	2	2	325	
219	0	165	step_2_no_load	5	6	0.717506143195	0.347974240867	6	350	0	
219	0	166	step_1_no_load	1	2	1	859	
219	0	166	step_2_no_load	3	4	0.549095060025	0.422282731054	4	397	0	
219	0	167	step_1_no_load	1	2	2	305	
219	0	167	step_2_no_load	5	6	0.706271792549	0.331115714939	6	657	0	
219	0	168	step_1_no_load	1	2	2	297	
219	0	168	step_2_no_load	3	4	0.613361520676	0.400817642375	4	378	0	
219	0	169	step_1_no_load	1	2	1	302	
219	0	169	step_2_no_load	5	6	0.704981910944	0.365156560071	5	390	1	
219	0	170	step_1_no_load	1	2	1	896	
219	0	170	step_2_no_load	3	4	0.57151385403	0.411067820436	3	851	1	
219	0	171	step_1_no_load	1	2	1	742	
219	0	171	step_2_no_load	3	4	0.553314431843	0.386979310814	3	677	1	
219	0	172	step_1_no_load	1	2	1	362	
219	0	172	step_2_no_load	3	4	0.519090471457	0.363617002148	3	324	1	
219	0	173	step_1_no_load	1	2	1	266	
219	0	173	step_2_no_load	3	4	0.484428109849	0.385349297983	3	360	0	
219	0	174	step_1_no_load	1	2	1	373	
219	0	174	step_2_no_load	3	4	0.472729524832	0.387867297446	3	501	0	
219	0	175	step_1_no_load	1	2	1	297	
219	0	175	step_2_no_load	5	6	0.693968268443	0.484825491933	6	285	1	
219	0	176	step_1_no_load	1	2	1	320	
219	0	176	step_2_no_load	5	6	0.679250000396	0.500856457218	6	350	0	
219	0	177	step_1_no_load	1	2	1	274	
219	0	177	step_2_no_load	5	6	0.714070205704	0.4798184927	6	503	0	
219	0	178	step_1_no_load	1	2	2	320	
219	0	178	step_2_no_load	5	6	0.705993797498	0.49020858644	6	373	0	
219	0	179	step_1_no_load	1	2	2	251	
219	0	179	step_2_no_load	5	6	0.709345707515	0.493565996034	5	274	0	
219	0	180	step_1_no_load	1	2	1	765	
219	0	180	step_2_no_load	5	6	0.719795072986	0.489345734128	5	364	1	
219	0	181	step_1_no_load	1	2	1	304	
219	0	181	step_2_no_load	3	4	0.508735114046	0.342402764747	3	378	1	
219	0	182	step_1_no_load	1	2	1	332	
219	0	182	step_2_no_load	3	4	0.506773281362	0.340533666308	3	301	0	
219	0	183	step_1_no_load	1	2	1	1015	
219	0	183	step_2_no_load	3	4	0.502991759047	0.350175837802	4	1153	1	
219	0	184	step_1_no_load	1	2	1	372	
219	0	184	step_2_no_load	3	4	0.460890977786	0.362743255194	4	448	0	
219	0	185	step_1_no_load	1	2	2	286	
219	0	185	step_2_no_load	3	4	0.479703516092	0.362611152222	4	885	1	
219	0	186	step_1_no_load	1	2	2	362	
219	0	186	step_2_no_load	3	4	0.46870859828	0.332733011923	3	685	1	
219	0	187	step_1_no_load	1	2	2	429	
219	0	187	step_2_no_load	3	4	0.443962917772	0.328890769988	3	694	0	
219	0	188	step_1_no_load	1	2	2	383	
219	0	188	step_2_no_load	5	6	0.696362660087	0.548350535247	5	418	1	
219	0	189	step_1_no_load	1	2	2	248	
219	0	189	step_2_no_load	5	6	0.688353284054	0.534753756004	5	434	1	
219	0	190	step_1_no_load	1	2	2	500	
219	0	190	step_2_no_load	5	6	0.667655825994	0.505820429042	5	922	0	
219	0	191	step_1_no_load	1	2	2	349	
219	0	191	step_2_no_load	3	4	0.435748387321	0.318839908867	3	350	0	
219	0	192	step_1_no_load	1	2	1	277	
219	0	192	step_2_no_load	3	4	0.450791310283	0.299297135717	4	428	1	
219	0	193	step_1_no_load	1	2	1	302	
219	0	193	step_2_no_load	3	4	0.440813209638	0.321008037746	3	383	0	
219	0	194	step_1_no_load	1	2	1	334	
219	0	194	step_2_no_load	3	4	0.433250459893	0.342437174514	4	335	0	
219	0	195	step_1_no_load	1	2	1	519	
219	0	195	step_2_no_load	3	4	0.466795336969	0.348571348505	4	280	0	
219	0	196	step_1_no_load	1	2	1	285	
219	0	196	step_2_no_load	5	6	0.695101215304	0.496717662777	5	298	1	
219	0	197	step_1_no_load	1	2	1	471	
219	0	197	step_2_no_load	3	4	0.422511153127	0.316987700969	3	467	0	
219	0	198	step_1_no_load	1	2	2	289	
219	0	198	step_2_no_load	5	6	0.68660989813	0.485065498391	5	308	1	
219	0	199	step_1_no_load	1	2	2	497	
219	0	199	step_2_no_load	5	6	0.73697129762	0.529438031858	5	412	0	
219	0	200	step_1_no_load	1	2	2	1	
219	0	200	step_2_no_load	5	6	0.728996708473	0.507902534353	5	1311	0	

Tue Apr  2 15:11:20 2019
