Tue Apr  2 16:44:43 2019	
220	0	1	step_1_no_load	1	2	1	687	
220	0	1	step_2_no_load	3	4	0.511789129507	0.457620150462	-1	-1	-1	
220	0	2	step_1_no_load	1	2	1	796	
220	0	2	step_2_no_load	3	4	0.533203491871	0.474613197709	4	675	1	
220	0	3	step_1_no_load	1	2	1	128	
220	0	3	step_2_no_load	5	6	0.584197065669	0.589215227351	6	896	0	
220	0	4	step_1_no_load	1	2	1	409	
220	0	4	step_2_no_load	5	6	0.597491569846	0.564086293706	6	898	1	
220	0	5	step_1_no_load	1	2	1	0	
220	0	5	step_2_no_load	3	4	0.543908521457	0.495568760483	4	309	0	
220	0	6	step_1_no_load	1	2	1	6	
220	0	6	step_2_no_load	3	4	0.490454120702	0.506877622204	4	874	0	
220	0	7	step_1_no_load	1	2	1	614	
220	0	7	step_2_no_load	5	6	0.568656746487	0.622642364361	5	812	0	
220	0	8	step_1_no_load	1	2	1	465	
220	0	8	step_2_no_load	3	4	0.499203529332	0.489816616396	3	968	0	
220	0	9	step_1_no_load	1	2	2	457	
220	0	9	step_2_no_load	5	6	0.598049061473	0.641106877158	6	834	1	
220	0	10	step_1_no_load	1	2	1	560	
220	0	10	step_2_no_load	3	4	0.576063520885	0.482364178155	3	939	1	
220	0	11	step_1_no_load	1	2	1	439	
220	0	11	step_2_no_load	3	4	0.59022801242	0.477013315682	3	1422	0	
220	0	12	step_1_no_load	1	2	2	665	
220	0	12	step_2_no_load	3	4	0.597131918027	0.48457206759	4	912	0	
220	0	13	step_1_no_load	1	2	1	475	
220	0	13	step_2_no_load	3	4	0.595790490356	0.52012981853	4	605	1	
220	0	14	step_1_no_load	1	2	1	450	
220	0	14	step_2_no_load	3	4	0.611256675753	0.491234392147	4	402	0	
220	0	15	step_1_no_load	1	2	1	535	
220	0	15	step_2_no_load	5	6	0.612260006668	0.570419113221	6	535	1	
220	0	16	step_1_no_load	1	2	1	0	
220	0	16	step_2_no_load	3	4	0.626326396372	0.510958036527	4	589	1	
220	0	17	step_1_no_load	1	2	1	635	
220	0	17	step_2_no_load	3	4	0.643116883134	0.535958400205	3	783	1	
220	0	18	step_1_no_load	1	2	1	644	
220	0	18	step_2_no_load	3	4	0.626895526976	0.517514133912	3	1118	0	
220	0	19	step_1_no_load	1	2	1	604	
220	0	19	step_2_no_load	3	4	0.644773170243	0.498240186199	3	1127	1	
220	0	20	step_1_no_load	1	2	2	581	
220	0	20	step_2_no_load	5	6	0.636521555122	0.491720931314	6	888	0	
220	0	21	step_1_no_load	1	2	1	297	
220	0	21	step_2_no_load	3	4	0.611328949295	0.49769376036	3	763	0	
220	0	22	step_1_no_load	1	2	2	26	
220	0	22	step_2_no_load	5	6	0.621949894727	0.468700882609	6	597	0	
220	0	23	step_1_no_load	1	2	1	1066	
220	0	23	step_2_no_load	5	6	0.640163623731	0.513759772011	5	939	1	
220	0	24	step_1_no_load	1	2	2	528	
220	0	24	step_2_no_load	3	4	0.5800912085	0.505388876622	4	646	1	
220	0	25	step_1_no_load	1	2	2	478	
220	0	25	step_2_no_load	5	6	0.565698722896	0.503605105412	6	916	1	
220	0	26	step_1_no_load	1	2	1	528	
220	0	26	step_2_no_load	3	4	0.640635035276	0.511744353778	3	746	1	
220	0	27	step_1_no_load	1	2	2	660	
220	0	27	step_2_no_load	5	6	0.57860777711	0.54756089792	5	595	1	
220	0	28	step_1_no_load	1	2	2	616	
220	0	28	step_2_no_load	3	4	0.647441527317	0.520177259699	3	1070	1	
220	0	29	step_1_no_load	1	2	2	778	
220	0	29	step_2_no_load	5	6	0.606613029227	0.561957580386	5	970	0	
220	0	30	step_1_no_load	1	2	2	745	
220	0	30	step_2_no_load	5	6	0.608245979832	0.574272497114	5	841	1	
220	0	31	step_1_no_load	1	2	2	582	
220	0	31	step_2_no_load	3	4	0.606122691795	0.483156722265	3	561	0	
220	0	32	step_1_no_load	1	2	2	382	
220	0	32	step_2_no_load	5	6	0.634585171267	0.522993086096	6	1019	0	
220	0	33	step_1_no_load	1	2	2	621	
220	0	33	step_2_no_load	5	6	0.611700032906	0.542309898544	6	869	1	
220	0	34	step_1_no_load	1	2	2	846	
220	0	34	step_2_no_load	5	6	0.575802910074	0.538523758058	6	1040	0	
220	0	35	step_1_no_load	1	2	1	624	
220	0	35	step_2_no_load	5	6	0.566827313385	0.594167768198	5	830	1	
220	0	36	step_1_no_load	1	2	1	543	
220	0	36	step_2_no_load	5	6	0.527635087561	0.611274573488	5	546	0	
220	0	37	step_1_no_load	1	2	2	484	
220	0	37	step_2_no_load	5	6	0.513822304161	0.598446394142	6	1022	1	
220	0	38	step_1_no_load	1	2	2	1055	
220	0	38	step_2_no_load	5	6	0.539078491643	0.595113730206	6	863	0	
220	0	39	step_1_no_load	1	2	2	896	
220	0	39	step_2_no_load	5	6	0.557005857101	0.610601635554	5	1091	1	
220	0	40	step_1_no_load	1	2	2	832	
220	0	40	step_2_no_load	5	6	0.580760785074	0.607992802154	5	1055	0	
220	0	41	step_1_no_load	1	2	2	534	
220	0	41	step_2_no_load	3	4	0.633285941184	0.583829055298	4	805	0	
220	0	42	step_1_no_load	1	2	2	708	
220	0	42	step_2_no_load	5	6	0.533857158543	0.609164606591	-1	-1	-1	
220	0	43	step_1_no_load	1	2	2	392	
220	0	43	step_2_no_load	3	4	0.581931546759	0.548128010644	4	862	1	
220	0	44	step_1_no_load	1	2	2	121	
220	0	44	step_2_no_load	3	4	0.589653131867	0.537842745081	3	1488	1	
220	0	45	step_1_no_load	1	2	2	588	
220	0	45	step_2_no_load	3	4	0.620699591043	0.5288039409	4	821	0	
220	0	46	step_1_no_load	1	2	1	353	
220	0	46	step_2_no_load	3	4	0.654261318712	0.532238720495	3	740	1	
220	0	47	step_1_no_load	1	2	2	133	
220	0	47	step_2_no_load	3	4	0.634373567175	0.493112702321	4	730	0	
220	0	48	step_1_no_load	1	2	2	490	
220	0	48	step_2_no_load	5	6	0.534690828011	0.615767119776	6	775	1	
220	0	49	step_1_no_load	1	2	2	117	
220	0	49	step_2_no_load	3	4	0.614679490594	0.489287375157	3	815	1	
220	0	50	step_1_no_load	1	2	2	499	
220	0	50	step_2_no_load	5	6	0.481616544184	0.606862017918	5	792	0	
220	0	51	step_1_no_load	1	2	2	399	
220	0	51	step_2_no_load	3	4	0.613357430892	0.469943944943	4	745	1	
220	0	52	step_1_no_load	1	2	2	856	
220	0	52	step_2_no_load	3	4	0.613408921915	0.429622901875	3	888	1	
220	0	53	step_1_no_load	1	2	2	476	
220	0	53	step_2_no_load	3	4	0.630956764252	0.451905460347	3	1065	1	
220	0	54	step_1_no_load	1	2	2	799	
220	0	54	step_2_no_load	5	6	0.493362545513	0.570223904064	5	948	0	
220	0	55	step_1_no_load	1	2	1	672	
220	0	55	step_2_no_load	3	4	0.639840796975	0.487025527704	4	998	0	
220	0	56	step_1_no_load	1	2	1	411	
220	0	56	step_2_no_load	5	6	0.538512915562	0.601856598146	6	799	1	
220	0	57	step_1_no_load	1	2	1	89	
220	0	57	step_2_no_load	3	4	0.586335094239	0.466449077359	4	919	1	
220	0	58	step_1_no_load	1	2	1	483	
220	0	58	step_2_no_load	3	4	0.610896130115	0.478335218822	4	677	0	
220	0	59	step_1_no_load	1	2	1	371	
220	0	59	step_2_no_load	3	4	0.608951267756	0.480274332693	4	946	1	
220	0	60	step_1_no_load	1	2	2	571	
220	0	60	step_2_no_load	3	4	0.599559577859	0.491916707098	3	551	0	
220	0	61	step_1_no_load	1	2	2	421	
220	0	61	step_2_no_load	5	6	0.527144452559	0.669587072502	5	426	1	
220	0	62	step_1_no_load	1	2	1	428	
220	0	62	step_2_no_load	5	6	0.533031417444	0.691137204746	6	749	0	
220	0	63	step_1_no_load	1	2	1	488	
220	0	63	step_2_no_load	5	6	0.519445130796	0.664284493458	5	536	1	
220	0	64	step_1_no_load	1	2	1	906	
220	0	64	step_2_no_load	5	6	0.533849886794	0.642369708469	6	1305	1	
220	0	65	step_1_no_load	1	2	1	1	
220	0	65	step_2_no_load	3	4	0.619953360065	0.569109504048	4	1180	1	
220	0	66	step_1_no_load	1	2	1	549	
220	0	66	step_2_no_load	3	4	0.630357351236	0.573761869714	4	702	1	
220	0	67	step_1_no_load	1	2	1	675	
220	0	67	step_2_no_load	3	4	0.674463681351	0.542076810516	4	502	0	
220	0	68	step_1_no_load	1	2	-1	-1	
220	0	69	step_1_no_load	1	2	1	871	
220	0	69	step_2_no_load	3	4	0.718756538957	0.499137600991	4	1346	0	
220	0	70	step_1_no_load	1	2	1	674	
220	0	70	step_2_no_load	3	4	0.697741832068	0.498834901463	4	509	0	
220	0	71	step_1_no_load	1	2	1	734	
220	0	71	step_2_no_load	3	4	0.706816191949	0.482863323776	4	948	1	
220	0	72	step_1_no_load	1	2	1	635	
220	0	72	step_2_no_load	3	4	0.705884789502	0.47409116389	4	725	0	
220	0	73	step_1_no_load	1	2	1	786	
220	0	73	step_2_no_load	3	4	0.727961155836	0.435957313805	4	784	0	
220	0	74	step_1_no_load	1	2	1	810	
220	0	74	step_2_no_load	5	6	0.491044983779	0.614462146454	6	1003	0	
220	0	75	step_1_no_load	1	2	1	11	
220	0	75	step_2_no_load	5	6	0.483983914712	0.615552849174	5	627	1	
220	0	76	step_1_no_load	1	2	1	530	
220	0	76	step_2_no_load	3	4	0.690117652944	0.488583631821	4	1413	1	
220	0	77	step_1_no_load	1	2	1	825	
220	0	77	step_2_no_load	3	4	0.679737625371	0.446809557226	4	967	0	
220	0	78	step_1_no_load	1	2	1	468	
220	0	78	step_2_no_load	3	4	0.647586191228	0.435911167612	4	952	0	
220	0	79	step_1_no_load	1	2	1	517	
220	0	79	step_2_no_load	5	6	0.540085062695	0.513695512795	5	1386	1	
220	0	80	step_1_no_load	1	2	2	693	
220	0	80	step_2_no_load	5	6	0.49921021142	0.518583383166	6	858	0	
220	0	81	step_1_no_load	1	2	1	456	
220	0	81	step_2_no_load	5	6	0.494116554432	0.529745690463	6	743	0	
220	0	82	step_1_no_load	1	2	2	472	
220	0	82	step_2_no_load	5	6	0.482727017837	0.564729328387	5	913	0	
220	0	83	step_1_no_load	1	2	2	570	
220	0	83	step_2_no_load	5	6	0.483255412498	0.607907985871	6	683	0	
220	0	84	step_1_no_load	1	2	-1	-1	
220	0	85	step_1_no_load	1	2	1	395	
220	0	85	step_2_no_load	3	4	0.712989604416	0.384458259121	4	633	0	
220	0	86	step_1_no_load	1	2	1	541	
220	0	86	step_2_no_load	3	4	0.721207648497	0.345323068124	3	784	1	
220	0	87	step_1_no_load	1	2	1	702	
220	0	87	step_2_no_load	5	6	0.493867001103	0.719375344246	6	525	1	
220	0	88	step_1_no_load	1	2	1	592	
220	0	88	step_2_no_load	3	4	0.696773608304	0.377947492322	3	871	1	
220	0	89	step_1_no_load	1	2	2	650	
220	0	89	step_2_no_load	3	4	0.660112261017	0.415882489686	4	966	0	
220	0	90	step_1_no_load	1	2	1	710	
220	0	90	step_2_no_load	3	4	0.688736868033	0.411459496853	4	856	0	
220	0	91	step_1_no_load	1	2	1	754	
220	0	91	step_2_no_load	3	4	0.657820521772	0.43534164751	3	958	0	
220	0	92	step_1_no_load	1	2	1	441	
220	0	92	step_2_no_load	5	6	0.484260039873	0.692406274724	5	1094	1	
220	0	93	step_1_no_load	1	2	1	787	
220	0	93	step_2_no_load	3	4	0.662863370634	0.439878153082	3	1426	1	
220	0	94	step_1_no_load	1	2	1	541	
220	0	94	step_2_no_load	5	6	0.468637558205	0.719464414227	6	1054	1	
220	0	95	step_1_no_load	1	2	1	449	
220	0	95	step_2_no_load	3	4	0.640209855442	0.427150666411	4	978	0	
220	0	96	step_1_no_load	1	2	1	471	
220	0	96	step_2_no_load	5	6	0.437558890646	0.693739812506	5	868	0	
220	0	97	step_1_no_load	1	2	1	541	
220	0	97	step_2_no_load	5	6	0.455601814112	0.681272614291	6	1139	0	
220	0	98	step_1_no_load	1	2	1	364	
220	0	98	step_2_no_load	3	4	0.646040060297	0.409778171713	3	783	1	
220	0	99	step_1_no_load	1	2	1	543	
220	0	99	step_2_no_load	5	6	0.375249961522	0.673709850038	6	1004	0	
220	0	100	step_1_no_load	1	2	1	206	
220	0	100	step_2_no_load	3	4	0.66579920021	0.4333505304	3	630	1	
220	0	101	step_1_no_load	1	2	1	579	
220	0	101	step_2_no_load	3	4	0.655903528958	0.497432607584	-1	-1	-1	
220	0	102	step_1_no_load	1	2	1	446	
220	0	102	step_2_no_load	3	4	0.663124617603	0.494584754513	4	633	0	
220	0	103	step_1_no_load	1	2	1	512	
220	0	103	step_2_no_load	3	4	0.69058998368	0.481975449893	3	1019	1	
220	0	104	step_1_no_load	1	2	1	609	
220	0	104	step_2_no_load	3	4	0.743372642809	0.521047445908	3	1122	1	
220	0	105	step_1_no_load	1	2	1	1013	
220	0	105	step_2_no_load	3	4	0.722851301692	0.514318365187	3	1075	1	
220	0	106	step_1_no_load	1	2	1	740	
220	0	106	step_2_no_load	5	6	0.374131494222	0.712883638252	-1	-1	-1	
220	0	107	step_1_no_load	1	2	1	673	
220	0	107	step_2_no_load	5	6	0.388257337796	0.692607431435	6	518	1	
220	0	108	step_1_no_load	1	2	1	507	
220	0	108	step_2_no_load	3	4	0.681491063126	0.526955028982	4	543	0	
220	0	109	step_1_no_load	1	2	1	637	
220	0	109	step_2_no_load	3	4	0.68658494263	0.479977531501	3	795	1	
220	0	110	step_1_no_load	1	2	1	626	
220	0	110	step_2_no_load	5	6	0.395544455384	0.729599891941	6	1072	1	
220	0	111	step_1_no_load	1	2	1	582	
220	0	111	step_2_no_load	3	4	0.634599547742	0.384948378665	3	1284	1	
220	0	112	step_1_no_load	1	2	1	801	
220	0	112	step_2_no_load	3	4	0.635252945963	0.392887565883	-1	-1	-1	
220	0	113	step_1_no_load	1	2	1	589	
220	0	113	step_2_no_load	3	4	0.634627459817	0.370697120277	4	748	0	
220	0	114	step_1_no_load	1	2	1	478	
220	0	114	step_2_no_load	3	4	0.657654904272	0.380324086676	3	778	1	
220	0	115	step_1_no_load	1	2	1	839	
220	0	115	step_2_no_load	3	4	0.645721217949	0.390027643099	-1	-1	-1	
220	0	116	step_1_no_load	1	2	1	531	
220	0	116	step_2_no_load	3	4	0.680124293449	0.378149844807	4	708	0	
220	0	117	step_1_no_load	1	2	1	484	
220	0	117	step_2_no_load	3	4	0.671842537277	0.374621793791	3	1059	1	
220	0	118	step_1_no_load	1	2	1	854	
220	0	118	step_2_no_load	3	4	0.690484235012	0.357645851833	3	749	1	
220	0	119	step_1_no_load	1	2	1	527	
220	0	119	step_2_no_load	5	6	0.358243439099	0.690424535099	6	1298	1	
220	0	120	step_1_no_load	1	2	1	538	
220	0	120	step_2_no_load	3	4	0.666433355915	0.370150243662	3	1078	1	
220	0	121	step_1_no_load	1	2	1	833	
220	0	121	step_2_no_load	3	4	0.671052306195	0.352721767208	3	970	0	
220	0	122	step_1_no_load	1	2	1	498	
220	0	122	step_2_no_load	3	4	0.672193618854	0.329624572119	3	1397	0	
220	0	123	step_1_no_load	1	2	1	644	
220	0	123	step_2_no_load	3	4	0.664849878232	0.337526896345	3	725	0	
220	0	124	step_1_no_load	1	2	1	610	
220	0	124	step_2_no_load	5	6	0.26095206597	0.603013298253	5	1078	1	
220	0	125	step_1_no_load	1	2	1	568	
220	0	125	step_2_no_load	3	4	0.633566302563	0.303110862715	3	1271	0	
220	0	126	step_1_no_load	1	2	1	561	
220	0	126	step_2_no_load	5	6	0.267206368684	0.537863824328	5	1145	0	
220	0	127	step_1_no_load	1	2	1	529	
220	0	127	step_2_no_load	5	6	0.273483952592	0.560824094575	6	691	1	
220	0	128	step_1_no_load	1	2	1	582	
220	0	128	step_2_no_load	5	6	0.260252451606	0.636905534066	6	653	0	
220	0	129	step_1_no_load	1	2	1	458	
220	0	129	step_2_no_load	3	4	0.632682846317	0.271709703542	3	881	1	
220	0	130	step_1_no_load	1	2	1	539	
220	0	130	step_2_no_load	3	4	0.630285316669	0.274560758494	3	844	1	
220	0	131	step_1_no_load	1	2	1	530	
220	0	131	step_2_no_load	5	6	0.281500842289	0.678044920845	6	852	0	
220	0	132	step_1_no_load	1	2	1	500	
220	0	132	step_2_no_load	3	4	0.660013924697	0.315328810424	3	877	1	
220	0	133	step_1_no_load	1	2	1	784	
220	0	133	step_2_no_load	5	6	0.315608831386	0.617383991623	6	1023	0	
220	0	134	step_1_no_load	1	2	1	490	
220	0	134	step_2_no_load	3	4	0.685529359147	0.302839427162	4	834	0	
220	0	135	step_1_no_load	1	2	-1	-1	
220	0	136	step_1_no_load	1	2	1	57	
220	0	136	step_2_no_load	3	4	0.674914008636	0.284521085726	4	271	0	
220	0	137	step_1_no_load	1	2	1	594	
220	0	137	step_2_no_load	3	4	0.668540846495	0.325016613024	3	765	0	
220	0	138	step_1_no_load	1	2	1	642	
220	0	138	step_2_no_load	3	4	0.688182193337	0.307694123906	3	950	1	
220	0	139	step_1_no_load	1	2	1	443	
220	0	139	step_2_no_load	5	6	0.325611400511	0.636630981281	6	1214	1	
220	0	140	step_1_no_load	1	2	1	374	
220	0	140	step_2_no_load	3	4	0.637682840728	0.328174526491	3	1047	0	
220	0	141	step_1_no_load	1	2	1	620	
220	0	141	step_2_no_load	3	4	0.616803346728	0.311809871418	3	1020	1	
220	0	142	step_1_no_load	1	2	1	367	
220	0	142	step_2_no_load	3	4	0.627356259123	0.304203281606	3	1264	1	
220	0	143	step_1_no_load	1	2	1	475	
220	0	143	step_2_no_load	3	4	0.610219102298	0.313516825296	3	1054	1	
220	0	144	step_1_no_load	1	2	1	658	
220	0	144	step_2_no_load	3	4	0.639347300184	0.275932517017	3	1172	1	
220	0	145	step_1_no_load	1	2	1	576	
220	0	145	step_2_no_load	5	6	0.355256413269	0.6669125229	6	1186	1	
220	0	146	step_1_no_load	1	2	1	515	
220	0	146	step_2_no_load	3	4	0.593778463268	0.257861956214	3	1017	1	
220	0	147	step_1_no_load	1	2	1	486	
220	0	147	step_2_no_load	3	4	0.594861186319	0.265578160642	4	1336	0	
220	0	148	step_1_no_load	1	2	1	696	
220	0	148	step_2_no_load	3	4	0.648050021239	0.305288021243	3	989	1	
220	0	149	step_1_no_load	1	2	1	658	
220	0	149	step_2_no_load	3	4	0.623203869836	0.269951834184	3	1140	1	
220	0	150	step_1_no_load	1	2	1	1209	
220	0	150	step_2_no_load	3	4	0.605912419156	0.305587692243	3	1258	1	
220	0	151	step_1_no_load	1	2	1	641	
220	0	151	step_2_no_load	3	4	0.614159737668	0.348172164421	3	921	0	
220	0	152	step_1_no_load	1	2	1	475	
220	0	152	step_2_no_load	3	4	0.644204174791	0.307702500543	3	1239	1	
220	0	153	step_1_no_load	1	2	1	462	
220	0	153	step_2_no_load	3	4	0.681559292085	0.309356532263	3	1079	0	
220	0	154	step_1_no_load	1	2	1	534	
220	0	154	step_2_no_load	3	4	0.671672162443	0.316375537537	3	930	1	
220	0	155	step_1_no_load	1	2	1	500	
220	0	155	step_2_no_load	3	4	0.716100930629	0.296093457977	3	911	1	
220	0	156	step_1_no_load	1	2	1	419	
220	0	156	step_2_no_load	3	4	0.734436160799	0.32564867104	3	791	1	
220	0	157	step_1_no_load	1	2	1	759	
220	0	157	step_2_no_load	3	4	0.720725456325	0.350909357271	3	1015	0	
220	0	158	step_1_no_load	1	2	1	56	
220	0	158	step_2_no_load	5	6	0.334595868098	0.532722108502	6	1053	1	
220	0	159	step_1_no_load	1	2	1	563	
220	0	159	step_2_no_load	3	4	0.697903160072	0.413026375257	3	841	1	
220	0	160	step_1_no_load	1	2	1	623	
220	0	160	step_2_no_load	3	4	0.710728171711	0.415052912783	3	1167	0	
220	0	161	step_1_no_load	1	2	1	525	
220	0	161	step_2_no_load	3	4	0.719896286569	0.407025633682	3	958	1	
220	0	162	step_1_no_load	1	2	1	593	
220	0	162	step_2_no_load	3	4	0.695144769903	0.3926701003	3	970	1	
220	0	163	step_1_no_load	1	2	1	695	
220	0	163	step_2_no_load	3	4	0.697095951435	0.395221309311	3	1127	0	
220	0	164	step_1_no_load	1	2	1	583	
220	0	164	step_2_no_load	3	4	0.692137394606	0.432761720497	-1	-1	-1	
220	0	165	step_1_no_load	1	2	1	698	
220	0	165	step_2_no_load	3	4	0.717506143195	0.463777557969	3	805	0	
220	0	166	step_1_no_load	1	2	1	487	
220	0	166	step_2_no_load	3	4	0.686594248975	0.422282731054	3	924	1	
220	0	167	step_1_no_load	1	2	1	1241	
220	0	167	step_2_no_load	5	6	0.331115714939	0.585131062446	6	1128	0	
220	0	168	step_1_no_load	1	2	1	510	
220	0	168	step_2_no_load	5	6	0.335777599654	0.613361520676	6	929	0	
220	0	169	step_1_no_load	1	2	1	875	
220	0	169	step_2_no_load	3	4	0.704981910944	0.42098542374	4	1177	1	
220	0	170	step_1_no_load	1	2	1	555	
220	0	170	step_2_no_load	3	4	0.67334314737	0.411067820436	4	851	1	
220	0	171	step_1_no_load	1	2	1	447	
220	0	171	step_2_no_load	5	6	0.425122034074	0.553314431843	6	980	0	
220	0	172	step_1_no_load	1	2	1	507	
220	0	172	step_2_no_load	3	4	0.668669556875	0.363617002148	3	1010	1	
220	0	173	step_1_no_load	1	2	1	698	
220	0	173	step_2_no_load	5	6	0.462866379815	0.484428109849	5	1053	0	
220	0	174	step_1_no_load	1	2	1	578	
220	0	174	step_2_no_load	3	4	0.729877433725	0.387867297446	3	786	1	
220	0	175	step_1_no_load	1	2	1	337	
220	0	175	step_2_no_load	5	6	0.484825491933	0.52644949356	6	974	0	
220	0	176	step_1_no_load	1	2	1	491	
220	0	176	step_2_no_load	5	6	0.500856457218	0.474046874473	5	723	1	
220	0	177	step_1_no_load	1	2	1	483	
220	0	177	step_2_no_load	3	4	0.714070205704	0.357425668099	3	865	1	
220	0	178	step_1_no_load	1	2	1	467	
220	0	178	step_2_no_load	3	4	0.705993797498	0.36473828006	3	829	1	
220	0	179	step_1_no_load	1	2	1	421	
220	0	179	step_2_no_load	3	4	0.709345707515	0.324685418097	4	832	0	
220	0	180	step_1_no_load	1	2	1	583	
220	0	180	step_2_no_load	5	6	0.489345734128	0.482853857291	5	927	0	
220	0	181	step_1_no_load	1	2	1	616	
220	0	181	step_2_no_load	5	6	0.480141179559	0.508735114046	5	1453	1	
220	0	182	step_1_no_load	1	2	1	461	
220	0	182	step_2_no_load	5	6	0.49907747228	0.506773281362	6	1379	0	
220	0	183	step_1_no_load	1	2	1	880	
220	0	183	step_2_no_load	5	6	0.492742497507	0.502991759047	-1	-1	-1	
220	0	184	step_1_no_load	1	2	1	568	
220	0	184	step_2_no_load	3	4	0.657291439324	0.362743255194	3	761	1	
220	0	185	step_1_no_load	1	2	1	705	
220	0	185	step_2_no_load	3	4	0.665622647081	0.362611152222	3	762	1	
220	0	186	step_1_no_load	1	2	1	651	
220	0	186	step_2_no_load	3	4	0.656308636836	0.332733011923	3	939	0	
220	0	187	step_1_no_load	1	2	1	511	
220	0	187	step_2_no_load	3	4	0.678211978625	0.328890769988	3	702	1	
220	0	188	step_1_no_load	1	2	1	483	
220	0	188	step_2_no_load	3	4	0.696362660087	0.291508050861	3	931	1	
220	0	189	step_1_no_load	1	2	1	806	
220	0	189	step_2_no_load	3	4	0.688353284054	0.285168135955	4	976	1	
220	0	190	step_1_no_load	1	2	1	495	
220	0	190	step_2_no_load	3	4	0.667655825994	0.304557739386	3	882	1	
220	0	191	step_1_no_load	1	2	1	441	
220	0	191	step_2_no_load	3	4	0.664271461991	0.318839908867	3	786	0	
220	0	192	step_1_no_load	1	2	1	573	
220	0	192	step_2_no_load	3	4	0.705517419189	0.299297135717	3	1494	1	
220	0	193	step_1_no_load	1	2	1	831	
220	0	193	step_2_no_load	3	4	0.679792491164	0.321008037746	3	1111	0	
220	0	194	step_1_no_load	1	2	1	514	
220	0	194	step_2_no_load	3	4	0.655261361454	0.342437174514	3	1087	1	
220	0	195	step_1_no_load	1	2	1	440	
220	0	195	step_2_no_load	3	4	0.646280688878	0.348571348505	4	638	1	
220	0	196	step_1_no_load	1	2	1	642	
220	0	196	step_2_no_load	3	4	0.695101215304	0.365373286058	4	830	0	
220	0	197	step_1_no_load	1	2	1	601	
220	0	197	step_2_no_load	5	6	0.47786945426	0.422511153127	6	1028	0	
220	0	198	step_1_no_load	1	2	1	583	
220	0	198	step_2_no_load	3	4	0.68660989813	0.303352625941	3	512	1	
220	0	199	step_1_no_load	1	2	1	530	
220	0	199	step_2_no_load	3	4	0.73697129762	0.292861528884	3	672	1	
220	0	200	step_1_no_load	1	2	1	513	
220	0	200	step_2_no_load	3	4	0.728996708473	0.299128796668	4	1223	0	

Tue Apr  2 17:03:56 2019
