Wed Apr  3 14:42:08 2019	
222	0	1	step_1_no_load	1	2	2	475	
222	0	1	step_2_no_load	5	6	0.594299910136	0.511789129507	5	728	0	
222	0	2	step_1_no_load	1	2	2	408	
222	0	2	step_2_no_load	5	6	0.610961032466	0.533203491871	6	426	1	
222	0	3	step_1_no_load	1	2	2	581	
222	0	3	step_2_no_load	5	6	0.589215227351	0.516002945397	6	912	0	
222	0	4	step_1_no_load	1	2	2	535	
222	0	4	step_2_no_load	5	6	0.564086293706	0.494597764192	6	964	1	
222	0	5	step_1_no_load	1	2	2	454	
222	0	5	step_2_no_load	5	6	0.576104915614	0.543908521457	6	825	0	
222	0	6	step_1_no_load	1	2	2	386	
222	0	6	step_2_no_load	3	4	0.585722686883	0.506877622204	4	1041	0	
222	0	7	step_1_no_load	1	2	2	566	
222	0	7	step_2_no_load	5	6	0.622642364361	0.506408070053	5	627	1	
222	0	8	step_1_no_load	1	2	2	520	
222	0	8	step_2_no_load	3	4	0.59128639594	0.489816616396	3	1078	1	
222	0	9	step_1_no_load	1	2	2	609	
222	0	9	step_2_no_load	3	4	0.598049061473	0.496546708465	3	704	1	
222	0	10	step_1_no_load	1	2	2	539	
222	0	10	step_2_no_load	3	4	0.652626043146	0.482364178155	3	608	1	
222	0	11	step_1_no_load	1	2	2	405	
222	0	11	step_2_no_load	3	4	0.69163818036	0.477013315682	3	735	0	
222	0	12	step_1_no_load	1	2	2	441	
222	0	12	step_2_no_load	5	6	0.552770607849	0.597131918027	6	997	1	
222	0	13	step_1_no_load	1	2	2	503	
222	0	13	step_2_no_load	5	6	0.558313135925	0.595790490356	6	908	1	
222	0	14	step_1_no_load	1	2	2	503	
222	0	14	step_2_no_load	5	6	0.545555696267	0.611256675753	6	935	0	
222	0	15	step_1_no_load	1	2	2	564	
222	0	15	step_2_no_load	5	6	0.570419113221	0.633564630036	5	1388	1	
222	0	16	step_1_no_load	1	2	2	411	
222	0	16	step_2_no_load	5	6	0.553308964466	0.626326396372	5	825	1	
222	0	17	step_1_no_load	1	2	2	493	
222	0	17	step_2_no_load	5	6	0.562895132605	0.643116883134	5	826	0	
222	0	18	step_1_no_load	1	2	2	481	
222	0	18	step_2_no_load	5	6	0.553554620302	0.626895526976	6	538	0	
222	0	19	step_1_no_load	1	2	1	809	
222	0	19	step_2_no_load	3	4	0.619895761657	0.498240186199	3	870	0	
222	0	20	step_1_no_load	1	2	1	727	
222	0	20	step_2_no_load	5	6	0.491720931314	0.60665343963	6	1030	0	
222	0	21	step_1_no_load	1	2	1	413	
222	0	21	step_2_no_load	5	6	0.470207377245	0.611328949295	5	613	1	
222	0	22	step_1_no_load	1	2	1	517	
222	0	22	step_2_no_load	3	4	0.621949894727	0.506100011497	4	1294	1	
222	0	23	step_1_no_load	1	2	1	462	
222	0	23	step_2_no_load	3	4	0.640163623731	0.520606588181	4	760	0	
222	0	24	step_1_no_load	1	2	1	433	
222	0	24	step_2_no_load	5	6	0.503316199018	0.5800912085	5	1232	0	
222	0	25	step_1_no_load	1	2	1	467	
222	0	25	step_2_no_load	3	4	0.565698722896	0.503316372362	4	1024	0	
222	0	26	step_1_no_load	1	2	1	513	
222	0	26	step_2_no_load	3	4	0.592410219737	0.511744353778	3	1045	1	
222	0	27	step_1_no_load	1	2	1	383	
222	0	27	step_2_no_load	3	4	0.57860777711	0.507272671939	3	544	1	
222	0	28	step_1_no_load	1	2	1	397	
222	0	28	step_2_no_load	5	6	0.553259388875	0.647441527317	6	724	1	
222	0	29	step_1_no_load	1	2	1	756	
222	0	29	step_2_no_load	3	4	0.606613029227	0.521159009103	3	1303	1	
222	0	30	step_1_no_load	1	2	1	426	
222	0	30	step_2_no_load	5	6	0.574272497114	0.610227092493	6	605	1	
222	0	31	step_1_no_load	1	2	1	422	
222	0	31	step_2_no_load	5	6	0.541819886458	0.606122691795	6	710	1	
222	0	32	step_1_no_load	1	2	1	421	
222	0	32	step_2_no_load	3	4	0.634585171267	0.520318771114	3	515	0	
222	0	33	step_1_no_load	1	2	1	561	
222	0	33	step_2_no_load	3	4	0.611700032906	0.487664344039	4	700	1	
222	0	34	step_1_no_load	1	2	1	26	
222	0	34	step_2_no_load	3	4	0.575802910074	0.454565258478	4	864	1	
222	0	35	step_1_no_load	1	2	1	450	
222	0	35	step_2_no_load	5	6	0.594167768198	0.649776015006	5	1028	1	
222	0	36	step_1_no_load	1	2	1	393	
222	0	36	step_2_no_load	5	6	0.611274573488	0.661229326326	6	1145	0	
222	0	37	step_1_no_load	1	2	1	482	
222	0	37	step_2_no_load	3	4	0.513822304161	0.543074626387	3	1319	1	
222	0	38	step_1_no_load	1	2	1	438	
222	0	38	step_2_no_load	3	4	0.539078491643	0.553931241266	3	609	1	
222	0	39	step_1_no_load	1	2	1	438	
222	0	39	step_2_no_load	5	6	0.610601635554	0.634483337633	6	776	0	
222	0	40	step_1_no_load	1	2	1	379	
222	0	40	step_2_no_load	3	4	0.580760785074	0.5691386571	4	1114	0	
222	0	41	step_1_no_load	1	2	1	1	
222	0	41	step_2_no_load	3	4	0.524862294848	0.583829055298	3	509	1	
222	0	42	step_1_no_load	1	2	1	537	
222	0	42	step_2_no_load	3	4	0.533857158543	0.553461946234	3	923	1	
222	0	43	step_1_no_load	1	2	1	365	
222	0	43	step_2_no_load	3	4	0.553703096215	0.548128010644	4	1040	0	
222	0	44	step_1_no_load	1	2	1	392	
222	0	44	step_2_no_load	3	4	0.541854396676	0.537842745081	3	868	1	
222	0	45	step_1_no_load	1	2	1	418	
222	0	45	step_2_no_load	5	6	0.632991467829	0.620699591043	5	937	1	
222	0	46	step_1_no_load	1	2	1	442	
222	0	46	step_2_no_load	5	6	0.600964500555	0.654261318712	5	523	0	
222	0	47	step_1_no_load	1	2	1	376	
222	0	47	step_2_no_load	3	4	0.546259467838	0.493112702321	4	1150	1	
222	0	48	step_1_no_load	1	2	1	418	
222	0	48	step_2_no_load	3	4	0.534690828011	0.488280685105	4	764	0	
222	0	49	step_1_no_load	1	2	1	409	
222	0	49	step_2_no_load	3	4	0.512405963374	0.489287375157	4	1465	0	
222	0	50	step_1_no_load	1	2	1	351	
222	0	50	step_2_no_load	5	6	0.606862017918	0.593458480934	6	1278	1	
222	0	51	step_1_no_load	1	2	1	454	
222	0	51	step_2_no_load	3	4	0.508197321577	0.469943944943	3	981	1	
222	0	52	step_1_no_load	1	2	1	418	
222	0	52	step_2_no_load	3	4	0.513589895419	0.429622901875	3	720	1	
222	0	53	step_1_no_load	1	2	1	577	
222	0	53	step_2_no_load	5	6	0.551457882502	0.630956764252	5	1177	0	
222	0	54	step_1_no_load	1	2	1	385	
222	0	54	step_2_no_load	3	4	0.493362545513	0.491512498697	3	1220	0	
222	0	55	step_1_no_load	1	2	1	526	
222	0	55	step_2_no_load	3	4	0.526704292526	0.487025527704	4	480	1	
222	0	56	step_1_no_load	1	2	1	372	
222	0	56	step_2_no_load	3	4	0.538512915562	0.459773408493	4	588	0	
222	0	57	step_1_no_load	1	2	1	341	
222	0	57	step_2_no_load	3	4	0.516475618243	0.466449077359	4	1008	0	
222	0	58	step_1_no_load	1	2	1	545	
222	0	58	step_2_no_load	3	4	0.528376440027	0.478335218822	3	478	0	
222	0	59	step_1_no_load	1	2	1	889	
222	0	59	step_2_no_load	5	6	0.632500293208	0.608951267756	5	931	0	
222	0	60	step_1_no_load	1	2	2	347	
222	0	60	step_2_no_load	5	6	0.623687406259	0.599559577859	6	887	1	
222	0	61	step_1_no_load	1	2	1	395	
222	0	61	step_2_no_load	3	4	0.527144452559	0.464268875813	3	756	0	
222	0	62	step_1_no_load	1	2	1	609	
222	0	62	step_2_no_load	5	6	0.691137204746	0.622820395113	6	827	0	
222	0	63	step_1_no_load	1	2	1	556	
222	0	63	step_2_no_load	3	4	0.519445130796	0.53192660365	4	1030	0	
222	0	64	step_1_no_load	1	2	1	374	
222	0	64	step_2_no_load	3	4	0.533849886794	0.555062911513	3	471	1	
222	0	65	step_1_no_load	1	2	1	565	
222	0	65	step_2_no_load	5	6	0.612660225018	0.619953360065	6	920	1	
222	0	66	step_1_no_load	1	2	1	386	
222	0	66	step_2_no_load	3	4	0.555324764318	0.573761869714	3	763	0	
222	0	67	step_1_no_load	1	2	2	368	
222	0	67	step_2_no_load	3	4	0.538279387614	0.542076810516	3	868	0	
222	0	68	step_1_no_load	1	2	1	748	
222	0	68	step_2_no_load	5	6	0.622963076372	0.719455209845	5	799	0	
222	0	69	step_1_no_load	1	2	1	403	
222	0	69	step_2_no_load	3	4	0.560462111264	0.499137600991	3	837	1	
222	0	70	step_1_no_load	1	2	1	379	
222	0	70	step_2_no_load	5	6	0.637556284465	0.697741832068	5	1064	0	
222	0	71	step_1_no_load	1	2	1	613	
222	0	71	step_2_no_load	5	6	0.639174917797	0.706816191949	6	720	1	
222	0	72	step_1_no_load	1	2	1	415	
222	0	72	step_2_no_load	5	6	0.626024641967	0.705884789502	6	980	0	
222	0	73	step_1_no_load	1	2	1	306	
222	0	73	step_2_no_load	5	6	0.657126403029	0.727961155836	5	979	0	
222	0	74	step_1_no_load	1	2	1	495	
222	0	74	step_2_no_load	5	6	0.614462146454	0.693624670847	5	1016	1	
222	0	75	step_1_no_load	1	2	1	385	
222	0	75	step_2_no_load	3	4	0.483983914712	0.44832280175	4	756	0	
222	0	76	step_1_no_load	1	2	1	488	
222	0	76	step_2_no_load	5	6	0.62770291155	0.690117652944	6	1215	1	
222	0	77	step_1_no_load	1	2	1	421	
222	0	77	step_2_no_load	3	4	0.538119616568	0.446809557226	3	579	1	
222	0	78	step_1_no_load	1	2	1	416	
222	0	78	step_2_no_load	3	4	0.538654072849	0.435911167612	4	1025	0	
222	0	79	step_1_no_load	1	2	1	405	
222	0	79	step_2_no_load	3	4	0.540085062695	0.389124152368	3	912	1	
222	0	80	step_1_no_load	1	2	1	434	
222	0	80	step_2_no_load	3	4	0.49921021142	0.396016175285	3	1185	0	
222	0	81	step_1_no_load	1	2	1	608	
222	0	81	step_2_no_load	3	4	0.494116554432	0.419265522488	3	846	1	
222	0	82	step_1_no_load	1	2	1	454	
222	0	82	step_2_no_load	3	4	0.482727017837	0.395813831323	3	839	1	
222	0	83	step_1_no_load	1	2	2	477	
222	0	83	step_2_no_load	5	6	0.607907985871	0.726885136842	6	1012	0	
222	0	84	step_1_no_load	1	2	2	350	
222	0	84	step_2_no_load	5	6	0.65843840156	0.731466635793	5	682	0	
222	0	85	step_1_no_load	1	2	2	338	
222	0	85	step_2_no_load	5	6	0.692384972752	0.712989604416	6	617	1	
222	0	86	step_1_no_load	1	2	2	325	
222	0	86	step_2_no_load	3	4	0.486462788728	0.345323068124	3	1197	0	
222	0	87	step_1_no_load	1	2	2	448	
222	0	87	step_2_no_load	3	4	0.493867001103	0.40000499778	4	864	1	
222	0	88	step_1_no_load	1	2	2	411	
222	0	88	step_2_no_load	5	6	0.717410082358	0.696773608304	5	686	0	
222	0	89	step_1_no_load	1	2	2	400	
222	0	89	step_2_no_load	5	6	0.690772436485	0.660112261017	5	977	1	
222	0	90	step_1_no_load	1	2	2	378	
222	0	90	step_2_no_load	5	6	0.712247848046	0.688736868033	6	757	1	
222	0	91	step_1_no_load	1	2	2	338	
222	0	91	step_2_no_load	5	6	0.685023809334	0.657820521772	5	728	1	
222	0	92	step_1_no_load	1	2	2	414	
222	0	92	step_2_no_load	5	6	0.692406274724	0.679381608313	6	800	0	
222	0	93	step_1_no_load	1	2	2	349	
222	0	93	step_2_no_load	5	6	0.70415710998	0.662863370634	5	513	1	
222	0	94	step_1_no_load	1	2	2	486	
222	0	94	step_2_no_load	5	6	0.719464414227	0.668295023896	6	1008	0	
222	0	95	step_1_no_load	1	2	2	527	
222	0	95	step_2_no_load	5	6	0.715495469274	0.640209855442	5	693	1	
222	0	96	step_1_no_load	1	2	2	461	
222	0	96	step_2_no_load	5	6	0.693739812506	0.663095813561	5	918	1	
222	0	97	step_1_no_load	1	2	2	518	
222	0	97	step_2_no_load	5	6	0.681272614291	0.651202057411	5	622	1	
222	0	98	step_1_no_load	1	2	2	582	
222	0	98	step_2_no_load	3	4	0.431479829356	0.409778171713	-1	-1	-1	
222	0	99	step_1_no_load	1	2	2	401	
222	0	99	step_2_no_load	3	4	0.375249961522	0.397561363605	3	579	0	
222	0	100	step_1_no_load	1	2	2	331	
222	0	100	step_2_no_load	5	6	0.666227451505	0.66579920021	5	860	1	
222	0	101	step_1_no_load	1	2	2	326	
222	0	101	step_2_no_load	3	4	0.366879421891	0.497432607584	4	709	1	
222	0	102	step_1_no_load	1	2	2	625	
222	0	102	step_2_no_load	5	6	0.666304534392	0.663124617603	5	962	0	
222	0	103	step_1_no_load	1	2	2	338	
222	0	103	step_2_no_load	3	4	0.322834495838	0.481975449893	4	770	0	
222	0	104	step_1_no_load	1	2	2	427	
222	0	104	step_2_no_load	5	6	0.703870701136	0.743372642809	5	1015	1	
222	0	105	step_1_no_load	1	2	2	458	
222	0	105	step_2_no_load	3	4	0.352639603242	0.514318365187	3	900	0	
222	0	106	step_1_no_load	1	2	2	369	
222	0	106	step_2_no_load	3	4	0.374131494222	0.508908032404	4	741	1	
222	0	107	step_1_no_load	1	2	2	615	
222	0	107	step_2_no_load	5	6	0.692607431435	0.677514185929	5	768	0	
222	0	108	step_1_no_load	1	2	2	375	
222	0	108	step_2_no_load	5	6	0.695928523711	0.681491063126	6	503	0	
222	0	109	step_1_no_load	1	2	2	294	
222	0	109	step_2_no_load	5	6	0.71632547018	0.68658494263	6	755	0	
222	0	110	step_1_no_load	1	2	2	371	
222	0	110	step_2_no_load	5	6	0.729599891941	0.65455226558	5	411	1	
222	0	111	step_1_no_load	1	2	2	470	
222	0	111	step_2_no_load	3	4	0.407158158569	0.384948378665	4	680	0	
222	0	112	step_1_no_load	1	2	2	321	
222	0	112	step_2_no_load	3	4	0.413393106784	0.392887565883	3	783	0	
222	0	113	step_1_no_load	1	2	2	387	
222	0	113	step_2_no_load	5	6	0.719324307956	0.634627459817	5	898	0	
222	0	114	step_1_no_load	1	2	2	306	
222	0	114	step_2_no_load	5	6	0.718213323791	0.657654904272	6	583	1	
222	0	115	step_1_no_load	1	2	2	335	
222	0	115	step_2_no_load	5	6	0.739704344621	0.645721217949	5	583	1	
222	0	116	step_1_no_load	1	2	2	659	
222	0	116	step_2_no_load	5	6	0.706736514943	0.680124293449	6	516	1	
222	0	117	step_1_no_load	1	2	2	458	
222	0	117	step_2_no_load	5	6	0.747012267642	0.671842537277	5	658	0	
222	0	118	step_1_no_load	1	2	2	398	
222	0	118	step_2_no_load	5	6	0.740051715856	0.690484235012	6	609	1	
222	0	119	step_1_no_load	1	2	2	406	
222	0	119	step_2_no_load	5	6	0.690424535099	0.661177321751	6	782	1	
222	0	120	step_1_no_load	1	2	2	569	
222	0	120	step_2_no_load	5	6	0.70587238626	0.666433355915	5	961	1	
222	0	121	step_1_no_load	1	2	2	347	
222	0	121	step_2_no_load	5	6	0.658856304095	0.671052306195	5	889	1	
222	0	122	step_1_no_load	1	2	2	512	
222	0	122	step_2_no_load	3	4	0.266650857402	0.329624572119	3	926	1	
222	0	123	step_1_no_load	1	2	2	380	
222	0	123	step_2_no_load	3	4	0.269780614928	0.337526896345	3	554	0	
222	0	124	step_1_no_load	1	2	2	321	
222	0	124	step_2_no_load	5	6	0.603013298253	0.624161788269	5	1006	1	
222	0	125	step_1_no_load	1	2	2	406	
222	0	125	step_2_no_load	5	6	0.559596800931	0.633566302563	5	824	0	
222	0	126	step_1_no_load	1	2	2	318	
222	0	126	step_2_no_load	5	6	0.537863824328	0.600985760967	5	1146	1	
222	0	127	step_1_no_load	1	2	2	623	
222	0	127	step_2_no_load	3	4	0.273483952592	0.274944938508	4	1117	0	
222	0	128	step_1_no_load	1	2	2	437	
222	0	128	step_2_no_load	5	6	0.636905534066	0.620672334996	6	644	1	
222	0	129	step_1_no_load	1	2	2	493	
222	0	129	step_2_no_load	5	6	0.685297910719	0.632682846317	6	996	1	
222	0	130	step_1_no_load	1	2	2	655	
222	0	130	step_2_no_load	5	6	0.682031489739	0.630285316669	5	682	1	
222	0	131	step_1_no_load	1	2	2	339	
222	0	131	step_2_no_load	5	6	0.678044920845	0.638450601212	5	521	0	
222	0	132	step_1_no_load	1	2	2	437	
222	0	132	step_2_no_load	3	4	0.27986961048	0.315328810424	4	923	1	
222	0	133	step_1_no_load	1	2	2	477	
222	0	133	step_2_no_load	5	6	0.617383991623	0.691649444281	5	949	0	
222	0	134	step_1_no_load	1	2	2	332	
222	0	134	step_2_no_load	5	6	0.621945110858	0.685529359147	6	1189	1	
222	0	135	step_1_no_load	1	2	2	783	
222	0	135	step_2_no_load	5	6	0.593710006149	0.700779221781	6	919	1	
222	0	136	step_1_no_load	1	2	2	421	
222	0	136	step_2_no_load	5	6	0.597814413435	0.674914008636	5	551	0	
222	0	137	step_1_no_load	1	2	2	450	
222	0	137	step_2_no_load	3	4	0.346433498467	0.325016613024	3	969	1	
222	0	138	step_1_no_load	1	2	2	572	
222	0	138	step_2_no_load	5	6	0.63240964674	0.688182193337	5	1093	0	
222	0	139	step_1_no_load	1	2	2	598	
222	0	139	step_2_no_load	5	6	0.636630981281	0.696355985729	6	856	0	
222	0	140	step_1_no_load	1	2	2	474	
222	0	140	step_2_no_load	3	4	0.348740542008	0.328174526491	4	496	1	
222	0	141	step_1_no_load	1	2	2	535	
222	0	141	step_2_no_load	3	4	0.390227133375	0.311809871418	3	827	0	
222	0	142	step_1_no_load	1	2	2	823	
222	0	142	step_2_no_load	5	6	0.690276058009	0.627356259123	6	832	1	
222	0	143	step_1_no_load	1	2	2	423	
222	0	143	step_2_no_load	5	6	0.661365099615	0.610219102298	5	901	1	
222	0	144	step_1_no_load	1	2	2	490	
222	0	144	step_2_no_load	5	6	0.626443722248	0.639347300184	6	691	1	
222	0	145	step_1_no_load	1	2	2	651	
222	0	145	step_2_no_load	5	6	0.6669125229	0.606515632748	6	593	1	
222	0	146	step_1_no_load	1	2	2	397	
222	0	146	step_2_no_load	3	4	0.320877500969	0.257861956214	4	987	0	
222	0	147	step_1_no_load	1	2	2	865	
222	0	147	step_2_no_load	5	6	0.647798886916	0.594861186319	6	1275	1	
222	0	148	step_1_no_load	1	2	2	436	
222	0	148	step_2_no_load	5	6	0.619272702026	0.648050021239	5	727	1	
222	0	149	step_1_no_load	1	2	2	331	
222	0	149	step_2_no_load	5	6	0.601870110183	0.623203869836	5	602	0	
222	0	150	step_1_no_load	1	2	-1	-1	
222	0	151	step_1_no_load	1	2	2	536	
222	0	151	step_2_no_load	3	4	0.310557101463	0.348172164421	3	855	1	
222	0	152	step_1_no_load	1	2	2	515	
222	0	152	step_2_no_load	5	6	0.595108765344	0.644204174791	5	1111	1	
222	0	153	step_1_no_load	1	2	2	515	
222	0	153	step_2_no_load	3	4	0.343622632154	0.309356532263	4	1014	1	
222	0	154	step_1_no_load	1	2	2	660	
222	0	154	step_2_no_load	3	4	0.348349389262	0.316375537537	3	1039	0	
222	0	155	step_1_no_load	1	2	2	332	
222	0	155	step_2_no_load	5	6	0.632486591889	0.716100930629	6	879	0	
222	0	156	step_1_no_load	1	2	2	613	
222	0	156	step_2_no_load	5	6	0.631048201903	0.734436160799	6	793	1	
222	0	157	step_1_no_load	1	2	2	492	
222	0	157	step_2_no_load	5	6	0.585191807512	0.720725456325	5	743	0	
222	0	158	step_1_no_load	1	2	2	558	
222	0	158	step_2_no_load	5	6	0.532722108502	0.694270715354	6	832	1	
222	0	159	step_1_no_load	1	2	2	451	
222	0	159	step_2_no_load	5	6	0.541222065796	0.697903160072	5	724	1	
222	0	160	step_1_no_load	1	2	2	460	
222	0	160	step_2_no_load	3	4	0.355992626298	0.415052912783	4	841	0	
222	0	161	step_1_no_load	1	2	2	412	
222	0	161	step_2_no_load	5	6	0.516036498158	0.719896286569	6	923	1	
222	0	162	step_1_no_load	1	2	2	522	
222	0	162	step_2_no_load	3	4	0.455329532209	0.3926701003	3	776	0	
222	0	163	step_1_no_load	1	2	2	620	
222	0	163	step_2_no_load	5	6	0.5863391277	0.697095951435	5	1041	0	
222	0	164	step_1_no_load	1	2	2	468	
222	0	164	step_2_no_load	5	6	0.585961845322	0.692137394606	5	739	1	
222	0	165	step_1_no_load	1	2	2	529	
222	0	165	step_2_no_load	5	6	0.538026607649	0.717506143195	6	1039	1	
222	0	166	step_1_no_load	1	2	1	636	
222	0	166	step_2_no_load	3	4	0.356317216644	0.422282731054	3	741	0	
222	0	167	step_1_no_load	1	2	1	874	
222	0	167	step_2_no_load	3	4	0.331115714939	0.38753671275	4	1007	0	
222	0	168	step_1_no_load	1	2	1	877	
222	0	168	step_2_no_load	3	4	0.335777599654	0.400817642375	4	1107	0	
222	0	169	step_1_no_load	1	2	1	606	
222	0	169	step_2_no_load	5	6	0.586049140041	0.704981910944	6	787	1	
222	0	170	step_1_no_load	1	2	1	548	
222	0	170	step_2_no_load	5	6	0.57151385403	0.67334314737	6	799	1	
222	0	171	step_1_no_load	1	2	1	606	
222	0	171	step_2_no_load	5	6	0.553314431843	0.727248140829	6	828	1	
222	0	172	step_1_no_load	1	2	1	573	
222	0	172	step_2_no_load	5	6	0.519090471457	0.668669556875	6	971	1	
222	0	173	step_1_no_load	1	2	1	828	
222	0	173	step_2_no_load	3	4	0.462866379815	0.385349297983	3	927	0	
222	0	174	step_1_no_load	1	2	1	549	
222	0	174	step_2_no_load	3	4	0.46236234172	0.387867297446	3	1032	0	
222	0	175	step_1_no_load	1	2	1	486	
222	0	175	step_2_no_load	3	4	0.484825491933	0.426185553904	4	837	0	
222	0	176	step_1_no_load	1	2	1	508	
222	0	176	step_2_no_load	3	4	0.500856457218	0.383231572002	4	860	0	
222	0	177	step_1_no_load	1	2	1	514	
222	0	177	step_2_no_load	3	4	0.4798184927	0.357425668099	3	715	1	
222	0	178	step_1_no_load	1	2	1	875	
222	0	178	step_2_no_load	3	4	0.49020858644	0.36473828006	3	873	0	
222	0	179	step_1_no_load	1	2	1	571	
222	0	179	step_2_no_load	3	4	0.493565996034	0.324685418097	4	1270	0	
222	0	180	step_1_no_load	1	2	1	399	
222	0	180	step_2_no_load	3	4	0.489345734128	0.341214611607	4	1204	0	
222	0	181	step_1_no_load	1	2	1	456	
222	0	181	step_2_no_load	5	6	0.508735114046	0.746910336326	5	991	0	
222	0	182	step_1_no_load	1	2	1	582	
222	0	182	step_2_no_load	3	4	0.49907747228	0.340533666308	4	515	0	
222	0	183	step_1_no_load	1	2	1	303	
222	0	183	step_2_no_load	3	4	0.492742497507	0.350175837802	3	719	1	
222	0	184	step_1_no_load	1	2	1	437	
222	0	184	step_2_no_load	3	4	0.480863422096	0.362743255194	4	595	1	
222	0	185	step_1_no_load	1	2	1	420	
222	0	185	step_2_no_load	5	6	0.479703516092	0.665622647081	6	959	1	
222	0	186	step_1_no_load	1	2	1	405	
222	0	186	step_2_no_load	3	4	0.484672582719	0.332733011923	3	1019	0	
222	0	187	step_1_no_load	1	2	1	515	
222	0	187	step_2_no_load	3	4	0.498596507669	0.328890769988	3	738	0	
222	0	188	step_1_no_load	1	2	1	328	
222	0	188	step_2_no_load	3	4	0.548350535247	0.291508050861	4	543	0	
222	0	189	step_1_no_load	1	2	1	340	
222	0	189	step_2_no_load	3	4	0.534753756004	0.285168135955	4	1000	1	
222	0	190	step_1_no_load	1	2	1	426	
222	0	190	step_2_no_load	3	4	0.505820429042	0.304557739386	4	621	0	
222	0	191	step_1_no_load	1	2	1	367	
222	0	191	step_2_no_load	3	4	0.512103523931	0.318839908867	4	652	0	
222	0	192	step_1_no_load	1	2	1	360	
222	0	192	step_2_no_load	5	6	0.450791310283	0.705517419189	5	944	1	
222	0	193	step_1_no_load	1	2	1	452	
222	0	193	step_2_no_load	5	6	0.440813209638	0.679792491164	6	1014	1	
222	0	194	step_1_no_load	1	2	1	342	
222	0	194	step_2_no_load	3	4	0.505359594715	0.342437174514	3	801	1	
222	0	195	step_1_no_load	1	2	1	424	
222	0	195	step_2_no_load	3	4	0.494102184238	0.348571348505	3	704	1	
222	0	196	step_1_no_load	1	2	1	585	
222	0	196	step_2_no_load	3	4	0.496717662777	0.365373286058	4	778	0	
222	0	197	step_1_no_load	1	2	1	341	
222	0	197	step_2_no_load	3	4	0.47786945426	0.316987700969	3	641	1	
222	0	198	step_1_no_load	1	2	1	439	
222	0	198	step_2_no_load	3	4	0.485065498391	0.303352625941	4	857	1	
222	0	199	step_1_no_load	1	2	1	345	
222	0	199	step_2_no_load	3	4	0.529438031858	0.292861528884	4	562	0	
222	0	200	step_1_no_load	1	2	1	397	
222	0	200	step_2_no_load	3	4	0.507902534353	0.299128796668	4	823	1	

Wed Apr  3 15:00:03 2019
