Wed Apr  3 16:57:07 2019	
223	0	1	step_1_no_load	1	2	2	919	
223	0	1	step_2_no_load	5	6	0.511789129507	0.457620150462	6	1229	1	
223	0	2	step_1_no_load	1	2	2	584	
223	0	2	step_2_no_load	5	6	0.533203491871	0.474613197709	6	849	1	
223	0	3	step_1_no_load	1	2	2	1414	
223	0	3	step_2_no_load	5	6	0.516002945397	0.476767372206	6	1110	0	
223	0	4	step_1_no_load	1	2	2	692	
223	0	4	step_2_no_load	3	4	0.597491569846	0.564086293706	-1	-1	-1	
223	0	5	step_1_no_load	1	2	2	297	
223	0	5	step_2_no_load	5	6	0.543908521457	0.495568760483	6	719	0	
223	0	6	step_1_no_load	1	2	1	563	
223	0	6	step_2_no_load	5	6	0.490454120702	0.506877622204	6	702	1	
223	0	7	step_1_no_load	1	2	1	399	
223	0	7	step_2_no_load	3	4	0.568656746487	0.622642364361	3	662	0	
223	0	8	step_1_no_load	1	2	2	294	
223	0	8	step_2_no_load	3	4	0.59128639594	0.624210374623	3	704	1	
223	0	9	step_1_no_load	1	2	2	653	
223	0	9	step_2_no_load	5	6	0.54429228266	0.496546708465	6	842	0	
223	0	10	step_1_no_load	1	2	1	906	
223	0	10	step_2_no_load	3	4	0.652626043146	0.636063269715	4	692	0	
223	0	11	step_1_no_load	1	2	1	522	
223	0	11	step_2_no_load	3	4	0.69163818036	0.609191465743	4	635	0	
223	0	12	step_1_no_load	1	2	1	631	
223	0	12	step_2_no_load	3	4	0.682786328054	0.552770607849	3	718	0	
223	0	13	step_1_no_load	1	2	2	324	
223	0	13	step_2_no_load	5	6	0.595790490356	0.52012981853	6	693	0	
223	0	14	step_1_no_load	1	2	2	296	
223	0	14	step_2_no_load	3	4	0.629137942344	0.545555696267	4	915	0	
223	0	15	step_1_no_load	1	2	2	776	
223	0	15	step_2_no_load	3	4	0.612260006668	0.570419113221	3	697	1	
223	0	16	step_1_no_load	1	2	2	787	
223	0	16	step_2_no_load	5	6	0.626326396372	0.510958036527	6	640	1	
223	0	17	step_1_no_load	1	2	2	770	
223	0	17	step_2_no_load	5	6	0.643116883134	0.535958400205	6	893	1	
223	0	18	step_1_no_load	1	2	2	820	
223	0	18	step_2_no_load	5	6	0.626895526976	0.517514133912	6	737	1	
223	0	19	step_1_no_load	1	2	2	624	
223	0	19	step_2_no_load	5	6	0.644773170243	0.498240186199	6	883	1	
223	0	20	step_1_no_load	1	2	1	918	
223	0	20	step_2_no_load	3	4	0.636521555122	0.491720931314	3	713	0	
223	0	21	step_1_no_load	1	2	1	438	
223	0	21	step_2_no_load	3	4	0.630305464549	0.470207377245	4	534	1	
223	0	22	step_1_no_load	1	2	1	348	
223	0	22	step_2_no_load	3	4	0.621949894727	0.468700882609	4	496	1	
223	0	23	step_1_no_load	1	2	1	394	
223	0	23	step_2_no_load	3	4	0.640163623731	0.513759772011	3	629	0	
223	0	24	step_1_no_load	1	2	1	390	
223	0	24	step_2_no_load	3	4	0.582115115688	0.503316199018	4	563	1	
223	0	25	step_1_no_load	1	2	1	433	
223	0	25	step_2_no_load	5	6	0.629917901014	0.503316372362	6	480	0	
223	0	26	step_1_no_load	1	2	1	248	
223	0	26	step_2_no_load	3	4	0.592410219737	0.532884212818	3	579	1	
223	0	27	step_1_no_load	1	2	1	343	
223	0	27	step_2_no_load	3	4	0.57860777711	0.54756089792	3	565	1	
223	0	28	step_1_no_load	1	2	2	711	
223	0	28	step_2_no_load	5	6	0.647441527317	0.520177259699	6	500	0	
223	0	29	step_1_no_load	1	2	2	319	
223	0	29	step_2_no_load	5	6	0.618626354124	0.521159009103	5	566	0	
223	0	30	step_1_no_load	1	2	1	350	
223	0	30	step_2_no_load	5	6	0.610227092493	0.4919199548	6	969	0	
223	0	31	step_1_no_load	1	2	1	483	
223	0	31	step_2_no_load	3	4	0.636602545794	0.541819886458	3	439	1	
223	0	32	step_1_no_load	1	2	1	368	
223	0	32	step_2_no_load	3	4	0.634585171267	0.522993086096	3	468	1	
223	0	33	step_1_no_load	1	2	2	413	
223	0	33	step_2_no_load	3	4	0.611700032906	0.542309898544	4	654	0	
223	0	34	step_1_no_load	1	2	2	267	
223	0	34	step_2_no_load	5	6	0.670290552209	0.454565258478	6	641	0	
223	0	35	step_1_no_load	1	2	1	353	
223	0	35	step_2_no_load	3	4	0.566827313385	0.594167768198	3	878	1	
223	0	36	step_1_no_load	1	2	2	593	
223	0	36	step_2_no_load	3	4	0.527635087561	0.611274573488	3	574	0	
223	0	37	step_1_no_load	1	2	2	533	
223	0	37	step_2_no_load	5	6	0.660658056664	0.543074626387	6	549	1	
223	0	38	step_1_no_load	1	2	2	306	
223	0	38	step_2_no_load	5	6	0.651263699161	0.553931241266	5	680	0	
223	0	39	step_1_no_load	1	2	2	238	
223	0	39	step_2_no_load	5	6	0.634483337633	0.578640235206	6	271	1	
223	0	40	step_1_no_load	1	2	2	398	
223	0	40	step_2_no_load	5	6	0.636994900683	0.5691386571	6	337	0	
223	0	41	step_1_no_load	1	2	1	412	
223	0	41	step_2_no_load	3	4	0.524862294848	0.588857868869	3	834	0	
223	0	42	step_1_no_load	1	2	1	327	
223	0	42	step_2_no_load	3	4	0.533857158543	0.609164606591	3	839	0	
223	0	43	step_1_no_load	1	2	1	265	
223	0	43	step_2_no_load	5	6	0.581931546759	0.548128010644	6	343	1	
223	0	44	step_1_no_load	1	2	1	609	
223	0	44	step_2_no_load	3	4	0.541854396676	0.611481438855	3	678	1	
223	0	45	step_1_no_load	1	2	1	717	
223	0	45	step_2_no_load	5	6	0.620699591043	0.5288039409	6	609	1	
223	0	46	step_1_no_load	1	2	1	418	
223	0	46	step_2_no_load	3	4	0.55511883717	0.600964500555	3	430	0	
223	0	47	step_1_no_load	1	2	1	630	
223	0	47	step_2_no_load	3	4	0.546259467838	0.598724660986	3	575	1	
223	0	48	step_1_no_load	1	2	2	678	
223	0	48	step_2_no_load	5	6	0.657624935632	0.488280685105	6	582	0	
223	0	49	step_1_no_load	1	2	2	318	
223	0	49	step_2_no_load	3	4	0.512405963374	0.610193185592	3	801	0	
223	0	50	step_1_no_load	1	2	2	281	
223	0	50	step_2_no_load	3	4	0.481616544184	0.606862017918	4	703	0	
223	0	51	step_1_no_load	1	2	2	266	
223	0	51	step_2_no_load	5	6	0.613357430892	0.469943944943	6	735	0	
223	0	52	step_1_no_load	1	2	2	254	
223	0	52	step_2_no_load	5	6	0.613408921915	0.429622901875	5	486	1	
223	0	53	step_1_no_load	1	2	2	310	
223	0	53	step_2_no_load	5	6	0.630956764252	0.451905460347	5	502	0	
223	0	54	step_1_no_load	1	2	1	379	
223	0	54	step_2_no_load	3	4	0.493362545513	0.570223904064	3	695	1	
223	0	55	step_1_no_load	1	2	1	449	
223	0	55	step_2_no_load	5	6	0.639840796975	0.487025527704	6	610	1	
223	0	56	step_1_no_load	1	2	1	500	
223	0	56	step_2_no_load	5	6	0.60038825769	0.459773408493	6	664	0	
223	0	57	step_1_no_load	1	2	1	323	
223	0	57	step_2_no_load	3	4	0.516475618243	0.641849303307	3	686	0	
223	0	58	step_1_no_load	1	2	1	873	
223	0	58	step_2_no_load	3	4	0.528376440027	0.664682809182	3	521	1	
223	0	59	step_1_no_load	1	2	1	623	
223	0	59	step_2_no_load	3	4	0.537400760025	0.632500293208	3	333	0	
223	0	60	step_1_no_load	1	2	1	278	
223	0	60	step_2_no_load	3	4	0.479287247283	0.623687406259	3	272	1	
223	0	61	step_1_no_load	1	2	1	437	
223	0	61	step_2_no_load	3	4	0.527144452559	0.669587072502	4	336	1	
223	0	62	step_1_no_load	1	2	2	882	
223	0	62	step_2_no_load	3	4	0.533031417444	0.691137204746	4	831	1	
223	0	63	step_1_no_load	1	2	2	557	
223	0	63	step_2_no_load	5	6	0.642623127313	0.53192660365	5	367	1	
223	0	64	step_1_no_load	1	2	1	513	
223	0	64	step_2_no_load	5	6	0.626149195169	0.555062911513	5	367	0	
223	0	65	step_1_no_load	1	2	1	514	
223	0	65	step_2_no_load	3	4	0.517687993213	0.612660225018	3	541	0	
223	0	66	step_1_no_load	1	2	1	375	
223	0	66	step_2_no_load	3	4	0.555324764318	0.606938648072	3	961	0	
223	0	67	step_1_no_load	1	2	1	684	
223	0	67	step_2_no_load	3	4	0.538279387614	0.597650193897	4	404	1	
223	0	68	step_1_no_load	1	2	1	681	
223	0	68	step_2_no_load	3	4	0.523301545299	0.622963076372	3	605	1	
223	0	69	step_1_no_load	1	2	1	412	
223	0	69	step_2_no_load	5	6	0.718756538957	0.499137600991	6	286	0	
223	0	70	step_1_no_load	1	2	1	431	
223	0	70	step_2_no_load	5	6	0.697741832068	0.498834901463	5	731	1	
223	0	71	step_1_no_load	1	2	1	408	
223	0	71	step_2_no_load	5	6	0.706816191949	0.482863323776	6	584	0	
223	0	72	step_1_no_load	1	2	2	384	
223	0	72	step_2_no_load	3	4	0.556486305476	0.626024641967	3	630	1	
223	0	73	step_1_no_load	1	2	2	395	
223	0	73	step_2_no_load	3	4	0.50185699984	0.657126403029	4	365	0	
223	0	74	step_1_no_load	1	2	1	529	
223	0	74	step_2_no_load	3	4	0.491044983779	0.614462146454	4	685	1	
223	0	75	step_1_no_load	1	2	2	312	
223	0	75	step_2_no_load	3	4	0.483983914712	0.615552849174	4	455	1	
223	0	76	step_1_no_load	1	2	2	325	
223	0	76	step_2_no_load	5	6	0.690117652944	0.488583631821	6	753	1	
223	0	77	step_1_no_load	1	2	1	393	
223	0	77	step_2_no_load	3	4	0.538119616568	0.564257587118	4	658	0	
223	0	78	step_1_no_load	1	2	1	231	
223	0	78	step_2_no_load	3	4	0.538654072849	0.536711448352	3	584	0	
223	0	79	step_1_no_load	1	2	2	346	
223	0	79	step_2_no_load	5	6	0.647841624544	0.389124152368	5	638	0	
223	0	80	step_1_no_load	1	2	2	230	
223	0	80	step_2_no_load	3	4	0.49921021142	0.518583383166	4	894	0	
223	0	81	step_1_no_load	1	2	2	484	
223	0	81	step_2_no_load	3	4	0.494116554432	0.529745690463	4	462	0	
223	0	82	step_1_no_load	1	2	2	337	
223	0	82	step_2_no_load	3	4	0.482727017837	0.564729328387	3	312	1	
223	0	83	step_1_no_load	1	2	1	415	
223	0	83	step_2_no_load	3	4	0.483255412498	0.607907985871	3	622	1	
223	0	84	step_1_no_load	1	2	2	422	
223	0	84	step_2_no_load	5	6	0.731466635793	0.385087938645	6	683	0	
223	0	85	step_1_no_load	1	2	2	256	
223	0	85	step_2_no_load	3	4	0.485785534744	0.692384972752	4	546	1	
223	0	86	step_1_no_load	1	2	1	410	
223	0	86	step_2_no_load	3	4	0.486462788728	0.691782850001	4	605	1	
223	0	87	step_1_no_load	1	2	2	291	
223	0	87	step_2_no_load	5	6	0.690012761069	0.40000499778	5	713	1	
223	0	88	step_1_no_load	1	2	1	384	
223	0	88	step_2_no_load	5	6	0.696773608304	0.377947492322	5	494	0	
223	0	89	step_1_no_load	1	2	2	371	
223	0	89	step_2_no_load	5	6	0.660112261017	0.415882489686	5	817	1	
223	0	90	step_1_no_load	1	2	1	520	
223	0	90	step_2_no_load	3	4	0.530126112124	0.712247848046	4	829	1	
223	0	91	step_1_no_load	1	2	2	366	
223	0	91	step_2_no_load	5	6	0.657820521772	0.43534164751	6	430	0	
223	0	92	step_1_no_load	1	2	1	814	
223	0	92	step_2_no_load	3	4	0.484260039873	0.692406274724	3	715	1	
223	0	93	step_1_no_load	1	2	2	312	
223	0	93	step_2_no_load	5	6	0.662863370634	0.439878153082	6	1009	1	
223	0	94	step_1_no_load	1	2	1	384	
223	0	94	step_2_no_load	5	6	0.668295023896	0.429211756872	6	822	0	
223	0	95	step_1_no_load	1	2	1	430	
223	0	95	step_2_no_load	5	6	0.640209855442	0.427150666411	6	400	1	
223	0	96	step_1_no_load	1	2	1	976	
223	0	96	step_2_no_load	3	4	0.437558890646	0.693739812506	4	784	1	
223	0	97	step_1_no_load	1	2	1	1050	
223	0	97	step_2_no_load	5	6	0.651202057411	0.392885664353	6	805	0	
223	0	98	step_1_no_load	1	2	1	225	
223	0	98	step_2_no_load	3	4	0.431479829356	0.70287861952	3	508	0	
223	0	99	step_1_no_load	1	2	1	470	
223	0	99	step_2_no_load	3	4	0.375249961522	0.673709850038	3	517	1	
223	0	100	step_1_no_load	1	2	2	457	
223	0	100	step_2_no_load	3	4	0.363162156005	0.666227451505	3	513	0	
223	0	101	step_1_no_load	1	2	2	385	
223	0	101	step_2_no_load	5	6	0.655903528958	0.497432607584	6	626	1	
223	0	102	step_1_no_load	1	2	1	676	
223	0	102	step_2_no_load	3	4	0.326080462175	0.666304534392	4	1011	0	
223	0	103	step_1_no_load	1	2	2	378	
223	0	103	step_2_no_load	5	6	0.69058998368	0.481975449893	6	817	0	
223	0	104	step_1_no_load	1	2	2	371	
223	0	104	step_2_no_load	5	6	0.743372642809	0.521047445908	5	567	1	
223	0	105	step_1_no_load	1	2	1	459	
223	0	105	step_2_no_load	3	4	0.352639603242	0.689135357059	3	620	1	
223	0	106	step_1_no_load	1	2	2	494	
223	0	106	step_2_no_load	5	6	0.699623252899	0.508908032404	6	690	0	
223	0	107	step_1_no_load	1	2	2	285	
223	0	107	step_2_no_load	5	6	0.677514185929	0.565220528809	6	442	1	
223	0	108	step_1_no_load	1	2	1	767	
223	0	108	step_2_no_load	3	4	0.388185708856	0.695928523711	4	623	0	
223	0	109	step_1_no_load	1	2	2	400	
223	0	109	step_2_no_load	3	4	0.372328831887	0.71632547018	4	632	1	
223	0	110	step_1_no_load	1	2	1	554	
223	0	110	step_2_no_load	5	6	0.65455226558	0.432626681236	5	607	0	
223	0	111	step_1_no_load	1	2	2	329	
223	0	111	step_2_no_load	5	6	0.634599547742	0.384948378665	6	299	0	
223	0	112	step_1_no_load	1	2	2	284	
223	0	112	step_2_no_load	5	6	0.635252945963	0.392887565883	6	339	1	
223	0	113	step_1_no_load	1	2	2	931	
223	0	113	step_2_no_load	3	4	0.387112818105	0.719324307956	4	959	0	
223	0	114	step_1_no_load	1	2	2	240	
223	0	114	step_2_no_load	3	4	0.384736699284	0.718213323791	3	852	0	
223	0	115	step_1_no_load	1	2	-1	-1	
223	0	116	step_1_no_load	1	2	2	293	
223	0	116	step_2_no_load	3	4	0.369438791876	0.706736514943	4	647	0	
223	0	117	step_1_no_load	1	2	2	477	
223	0	117	step_2_no_load	3	4	0.363056877927	0.747012267642	3	505	0	
223	0	118	step_1_no_load	1	2	2	1	
223	0	118	step_2_no_load	5	6	0.690484235012	0.357645851833	5	587	1	
223	0	119	step_1_no_load	1	2	2	349	
223	0	119	step_2_no_load	3	4	0.358243439099	0.690424535099	3	667	0	
223	0	120	step_1_no_load	1	2	1	816	
223	0	120	step_2_no_load	3	4	0.333809617664	0.70587238626	3	734	0	
223	0	121	step_1_no_load	1	2	1	359	
223	0	121	step_2_no_load	3	4	0.310775244958	0.658856304095	4	415	1	
223	0	122	step_1_no_load	1	2	2	244	
223	0	122	step_2_no_load	5	6	0.672193618854	0.329624572119	6	551	1	
223	0	123	step_1_no_load	1	2	2	265	
223	0	123	step_2_no_load	5	6	0.664849878232	0.337526896345	6	972	0	
223	0	124	step_1_no_load	1	2	1	614	
223	0	124	step_2_no_load	3	4	0.26095206597	0.603013298253	3	803	0	
223	0	125	step_1_no_load	1	2	1	315	
223	0	125	step_2_no_load	3	4	0.290374841566	0.559596800931	3	535	1	
223	0	126	step_1_no_load	1	2	1	477	
223	0	126	step_2_no_load	3	4	0.267206368684	0.537863824328	3	614	1	
223	0	127	step_1_no_load	1	2	1	877	
223	0	127	step_2_no_load	3	4	0.273483952592	0.560824094575	3	576	1	
223	0	128	step_1_no_load	1	2	2	694	
223	0	128	step_2_no_load	5	6	0.620672334996	0.250790232267	6	596	0	
223	0	129	step_1_no_load	1	2	1	675	
223	0	129	step_2_no_load	3	4	0.268213321963	0.685297910719	3	491	0	
223	0	130	step_1_no_load	1	2	1	502	
223	0	130	step_2_no_load	3	4	0.267460866951	0.682031489739	4	437	1	
223	0	131	step_1_no_load	1	2	1	263	
223	0	131	step_2_no_load	3	4	0.281500842289	0.678044920845	4	298	1	
223	0	132	step_1_no_load	1	2	1	826	
223	0	132	step_2_no_load	3	4	0.27986961048	0.668578020634	3	1246	1	
223	0	133	step_1_no_load	1	2	2	1032	
223	0	133	step_2_no_load	5	6	0.691649444281	0.312642735495	5	590	1	
223	0	134	step_1_no_load	1	2	2	477	
223	0	134	step_2_no_load	5	6	0.685529359147	0.302839427162	5	535	0	
223	0	135	step_1_no_load	1	2	2	947	
223	0	135	step_2_no_load	5	6	0.700779221781	0.287118934166	6	696	0	
223	0	136	step_1_no_load	1	2	2	274	
223	0	136	step_2_no_load	5	6	0.674914008636	0.284521085726	5	465	1	
223	0	137	step_1_no_load	1	2	2	444	
223	0	137	step_2_no_load	5	6	0.668540846495	0.325016613024	5	312	1	
223	0	138	step_1_no_load	1	2	1	460	
223	0	138	step_2_no_load	3	4	0.366701525561	0.63240964674	4	644	0	
223	0	139	step_1_no_load	1	2	2	247	
223	0	139	step_2_no_load	5	6	0.696355985729	0.323660750961	5	353	1	
223	0	140	step_1_no_load	1	2	2	625	
223	0	140	step_2_no_load	3	4	0.348740542008	0.671213945178	4	358	1	
223	0	141	step_1_no_load	1	2	1	1325	
223	0	141	step_2_no_load	3	4	0.390227133375	0.711987889705	4	996	0	
223	0	142	step_1_no_load	1	2	1	513	
223	0	142	step_2_no_load	5	6	0.627356259123	0.304203281606	6	1056	0	
223	0	143	step_1_no_load	1	2	1	891	
223	0	143	step_2_no_load	3	4	0.410970957547	0.661365099615	3	825	0	
223	0	144	step_1_no_load	1	2	2	695	
223	0	144	step_2_no_load	5	6	0.639347300184	0.275932517017	6	732	0	
223	0	145	step_1_no_load	1	2	2	338	
223	0	145	step_2_no_load	5	6	0.606515632748	0.266265924094	5	862	0	
223	0	146	step_1_no_load	1	2	1	269	
223	0	146	step_2_no_load	5	6	0.593778463268	0.257861956214	6	648	0	
223	0	147	step_1_no_load	1	2	1	339	
223	0	147	step_2_no_load	3	4	0.352879785946	0.647798886916	3	283	0	
223	0	148	step_1_no_load	1	2	1	476	
223	0	148	step_2_no_load	3	4	0.311162711725	0.619272702026	3	549	0	
223	0	149	step_1_no_load	1	2	1	790	
223	0	149	step_2_no_load	5	6	0.623203869836	0.269951834184	5	303	1	
223	0	150	step_1_no_load	1	2	1	367	
223	0	150	step_2_no_load	3	4	0.306860041627	0.575985663078	3	380	0	
223	0	151	step_1_no_load	1	2	2	443	
223	0	151	step_2_no_load	3	4	0.310557101463	0.59154759351	3	618	0	
223	0	152	step_1_no_load	1	2	2	619	
223	0	152	step_2_no_load	5	6	0.644204174791	0.307702500543	5	886	1	
223	0	153	step_1_no_load	1	2	2	697	
223	0	153	step_2_no_load	5	6	0.681559292085	0.309356532263	5	408	1	
223	0	154	step_1_no_load	1	2	2	945	
223	0	154	step_2_no_load	5	6	0.671672162443	0.316375537537	6	506	1	
223	0	155	step_1_no_load	1	2	2	241	
223	0	155	step_2_no_load	5	6	0.716100930629	0.296093457977	6	364	0	
223	0	156	step_1_no_load	1	2	2	323	
223	0	156	step_2_no_load	5	6	0.734436160799	0.32564867104	5	277	1	
223	0	157	step_1_no_load	1	2	2	285	
223	0	157	step_2_no_load	5	6	0.720725456325	0.350909357271	5	301	1	
223	0	158	step_1_no_load	1	2	1	306	
223	0	158	step_2_no_load	3	4	0.334595868098	0.532722108502	4	644	1	
223	0	159	step_1_no_load	1	2	1	424	
223	0	159	step_2_no_load	3	4	0.321150411254	0.541222065796	4	413	0	
223	0	160	step_1_no_load	1	2	2	668	
223	0	160	step_2_no_load	5	6	0.710728171711	0.415052912783	5	667	1	
223	0	161	step_1_no_load	1	2	2	269	
223	0	161	step_2_no_load	5	6	0.719896286569	0.407025633682	5	341	0	
223	0	162	step_1_no_load	1	2	2	562	
223	0	162	step_2_no_load	5	6	0.695144769903	0.3926701003	5	307	0	
223	0	163	step_1_no_load	1	2	2	405	
223	0	163	step_2_no_load	3	4	0.430920885959	0.5863391277	3	932	0	
223	0	164	step_1_no_load	1	2	2	375	
223	0	164	step_2_no_load	5	6	0.692137394606	0.432761720497	6	683	0	
223	0	165	step_1_no_load	1	2	1	324	
223	0	165	step_2_no_load	5	6	0.717506143195	0.463777557969	6	612	1	
223	0	166	step_1_no_load	1	2	1	420	
223	0	166	step_2_no_load	3	4	0.356317216644	0.549095060025	3	321	1	
223	0	167	step_1_no_load	1	2	1	1316	
223	0	167	step_2_no_load	3	4	0.331115714939	0.585131062446	3	768	0	
223	0	168	step_1_no_load	1	2	1	386	
223	0	168	step_2_no_load	3	4	0.335777599654	0.613361520676	4	529	0	
223	0	169	step_1_no_load	1	2	1	216	
223	0	169	step_2_no_load	3	4	0.365156560071	0.586049140041	3	253	0	
223	0	170	step_1_no_load	1	2	2	398	
223	0	170	step_2_no_load	5	6	0.67334314737	0.411067820436	5	782	1	
223	0	171	step_1_no_load	1	2	2	299	
223	0	171	step_2_no_load	5	6	0.727248140829	0.386979310814	5	268	1	
223	0	172	step_1_no_load	1	2	1	399	
223	0	172	step_2_no_load	5	6	0.668669556875	0.363617002148	5	824	1	
223	0	173	step_1_no_load	1	2	1	449	
223	0	173	step_2_no_load	3	4	0.462866379815	0.484428109849	4	1422	0	
223	0	174	step_1_no_load	1	2	2	717	
223	0	174	step_2_no_load	5	6	0.729877433725	0.387867297446	5	649	1	
223	0	175	step_1_no_load	1	2	2	661	
223	0	175	step_2_no_load	5	6	0.693968268443	0.426185553904	5	777	1	
223	0	176	step_1_no_load	1	2	1	426	
223	0	176	step_2_no_load	3	4	0.500856457218	0.474046874473	3	928	1	
223	0	177	step_1_no_load	1	2	1	517	
223	0	177	step_2_no_load	5	6	0.714070205704	0.357425668099	5	1243	1	
223	0	178	step_1_no_load	1	2	2	794	
223	0	178	step_2_no_load	3	4	0.49020858644	0.493712351915	3	697	1	
223	0	179	step_1_no_load	1	2	1	741	
223	0	179	step_2_no_load	5	6	0.709345707515	0.324685418097	6	691	0	
223	0	180	step_1_no_load	1	2	1	453	
223	0	180	step_2_no_load	5	6	0.719795072986	0.341214611607	5	381	1	
223	0	181	step_1_no_load	1	2	1	386	
223	0	181	step_2_no_load	5	6	0.746910336326	0.342402764747	5	387	1	
223	0	182	step_1_no_load	1	2	2	299	
223	0	182	step_2_no_load	5	6	0.72717560423	0.340533666308	5	823	0	
223	0	183	step_1_no_load	1	2	2	435	
223	0	183	step_2_no_load	5	6	0.720388040749	0.350175837802	5	931	1	
223	0	184	step_1_no_load	1	2	2	264	
223	0	184	step_2_no_load	5	6	0.657291439324	0.362743255194	5	774	1	
223	0	185	step_1_no_load	1	2	1	275	
223	0	185	step_2_no_load	3	4	0.482228039858	0.479703516092	3	562	1	
223	0	186	step_1_no_load	1	2	2	579	
223	0	186	step_2_no_load	5	6	0.656308636836	0.332733011923	5	540	1	
223	0	187	step_1_no_load	1	2	1	449	
223	0	187	step_2_no_load	3	4	0.498596507669	0.443962917772	3	510	1	
223	0	188	step_1_no_load	1	2	2	962	
223	0	188	step_2_no_load	3	4	0.548350535247	0.471319680586	4	567	0	
223	0	189	step_1_no_load	1	2	2	365	
223	0	189	step_2_no_load	3	4	0.534753756004	0.448897869069	3	409	0	
223	0	190	step_1_no_load	1	2	1	500	
223	0	190	step_2_no_load	3	4	0.505820429042	0.433568856946	4	761	1	
223	0	191	step_1_no_load	1	2	1	466	
223	0	191	step_2_no_load	5	6	0.664271461991	0.318839908867	6	1272	1	
223	0	192	step_1_no_load	1	2	2	765	
223	0	192	step_2_no_load	5	6	0.705517419189	0.299297135717	6	822	0	
223	0	193	step_1_no_load	1	2	2	866	
223	0	193	step_2_no_load	5	6	0.679792491164	0.321008037746	6	981	0	
223	0	194	step_1_no_load	1	2	1	860	
223	0	194	step_2_no_load	3	4	0.505359594715	0.433250459893	3	1168	0	
223	0	195	step_1_no_load	1	2	1	334	
223	0	195	step_2_no_load	5	6	0.646280688878	0.348571348505	5	668	1	
223	0	196	step_1_no_load	1	2	1	294	
223	0	196	step_2_no_load	3	4	0.496717662777	0.421761207498	3	893	1	
223	0	197	step_1_no_load	1	2	1	531	
223	0	197	step_2_no_load	5	6	0.686552522522	0.316987700969	5	540	0	
223	0	198	step_1_no_load	1	2	1	485	
223	0	198	step_2_no_load	3	4	0.485065498391	0.397292432346	3	475	0	
223	0	199	step_1_no_load	1	2	1	247	
223	0	199	step_2_no_load	5	6	0.73697129762	0.292861528884	5	416	1	
223	0	200	step_1_no_load	1	2	1	501	
223	0	200	step_2_no_load	5	6	0.728996708473	0.299128796668	5	692	1	

Wed Apr  3 17:14:57 2019
