Thu Apr  4 14:44:07 2019	
224	0	1	step_1_no_load	1	2	1	906	
224	0	1	step_2_no_load	3	4	0.511789129507	0.594299910136	3	784	1	
224	0	2	step_1_no_load	1	2	1	712	
224	0	2	step_2_no_load	5	6	0.580156942153	0.474613197709	6	905	0	
224	0	3	step_1_no_load	1	2	1	451	
224	0	3	step_2_no_load	5	6	0.584197065669	0.476767372206	5	1072	0	
224	0	4	step_1_no_load	1	2	1	47	
224	0	4	step_2_no_load	3	4	0.494597764192	0.564086293706	4	576	0	
224	0	5	step_1_no_load	1	2	2	761	
224	0	5	step_2_no_load	5	6	0.623810210114	0.495568760483	5	768	1	
224	0	6	step_1_no_load	1	2	2	614	
224	0	6	step_2_no_load	5	6	0.585722686883	0.506877622204	5	1293	1	
224	0	7	step_1_no_load	1	2	2	501	
224	0	7	step_2_no_load	3	4	0.506408070053	0.622642364361	4	1195	0	
224	0	8	step_1_no_load	1	2	2	491	
224	0	8	step_2_no_load	5	6	0.59128639594	0.489816616396	5	1114	1	
224	0	9	step_1_no_load	1	2	1	1305	
224	0	9	step_2_no_load	3	4	0.54429228266	0.641106877158	4	1212	1	
224	0	10	step_1_no_load	1	2	2	1203	
224	0	10	step_2_no_load	5	6	0.652626043146	0.482364178155	-1	-1	-1	
224	0	11	step_1_no_load	1	2	2	537	
224	0	11	step_2_no_load	5	6	0.69163818036	0.477013315682	5	711	1	
224	0	12	step_1_no_load	1	2	2	567	
224	0	12	step_2_no_load	5	6	0.682786328054	0.48457206759	5	1025	0	
224	0	13	step_1_no_load	1	2	2	536	
224	0	13	step_2_no_load	5	6	0.653587098421	0.52012981853	6	1003	1	
224	0	14	step_1_no_load	1	2	2	452	
224	0	14	step_2_no_load	3	4	0.611256675753	0.545555696267	3	949	0	
224	0	15	step_1_no_load	1	2	2	525	
224	0	15	step_2_no_load	5	6	0.612260006668	0.505377237737	6	826	1	
224	0	16	step_1_no_load	1	2	2	427	
224	0	16	step_2_no_load	3	4	0.626326396372	0.553308964466	3	816	1	
224	0	17	step_1_no_load	1	2	1	805	
224	0	17	step_2_no_load	5	6	0.633350170016	0.535958400205	5	988	1	
224	0	18	step_1_no_load	1	2	1	1057	
224	0	18	step_2_no_load	3	4	0.626895526976	0.553554620302	4	854	1	
224	0	19	step_1_no_load	1	2	2	827	
224	0	19	step_2_no_load	3	4	0.644773170243	0.536502319591	4	1086	1	
224	0	20	step_1_no_load	1	2	2	771	
224	0	20	step_2_no_load	5	6	0.636521555122	0.478025448397	5	1055	0	
224	0	21	step_1_no_load	1	2	2	527	
224	0	21	step_2_no_load	5	6	0.630305464549	0.49769376036	6	1064	0	
224	0	22	step_1_no_load	1	2	2	433	
224	0	22	step_2_no_load	5	6	0.621949894727	0.506100011497	5	603	1	
224	0	23	step_1_no_load	1	2	2	384	
224	0	23	step_2_no_load	3	4	0.604065470975	0.513759772011	4	945	1	
224	0	24	step_1_no_load	1	2	2	630	
224	0	24	step_2_no_load	5	6	0.582115115688	0.505388876622	6	716	0	
224	0	25	step_1_no_load	1	2	2	457	
224	0	25	step_2_no_load	5	6	0.565698722896	0.503316372362	5	810	1	
224	0	26	step_1_no_load	1	2	2	518	
224	0	26	step_2_no_load	5	6	0.592410219737	0.511744353778	5	1158	1	
224	0	27	step_1_no_load	1	2	2	356	
224	0	27	step_2_no_load	5	6	0.57860777711	0.507272671939	5	945	0	
224	0	28	step_1_no_load	1	2	2	379	
224	0	28	step_2_no_load	5	6	0.588356036098	0.520177259699	6	1247	1	
224	0	29	step_1_no_load	1	2	2	526	
224	0	29	step_2_no_load	5	6	0.606613029227	0.521159009103	6	827	1	
224	0	30	step_1_no_load	1	2	2	549	
224	0	30	step_2_no_load	5	6	0.608245979832	0.4919199548	6	756	1	
224	0	31	step_1_no_load	1	2	2	383	
224	0	31	step_2_no_load	5	6	0.636602545794	0.483156722265	6	690	0	
224	0	32	step_1_no_load	1	2	2	416	
224	0	32	step_2_no_load	5	6	0.634585171267	0.520318771114	5	887	1	
224	0	33	step_1_no_load	1	2	2	446	
224	0	33	step_2_no_load	5	6	0.611700032906	0.487664344039	5	1221	0	
224	0	34	step_1_no_load	1	2	2	268	
224	0	34	step_2_no_load	5	6	0.575802910074	0.454565258478	6	533	1	
224	0	35	step_1_no_load	1	2	2	428	
224	0	35	step_2_no_load	3	4	0.649776015006	0.594167768198	4	1328	1	
224	0	36	step_1_no_load	1	2	2	380	
224	0	36	step_2_no_load	5	6	0.527635087561	0.513210053121	6	926	0	
224	0	37	step_1_no_load	1	2	2	386	
224	0	37	step_2_no_load	3	4	0.660658056664	0.598446394142	4	960	1	
224	0	38	step_1_no_load	1	2	2	499	
224	0	38	step_2_no_load	5	6	0.539078491643	0.553931241266	5	536	0	
224	0	39	step_1_no_load	1	2	2	315	
224	0	39	step_2_no_load	5	6	0.557005857101	0.578640235206	6	1248	0	
224	0	40	step_1_no_load	1	2	2	412	
224	0	40	step_2_no_load	5	6	0.580760785074	0.5691386571	5	804	0	
224	0	41	step_1_no_load	1	2	2	277	
224	0	41	step_2_no_load	5	6	0.524862294848	0.583829055298	6	579	1	
224	0	42	step_1_no_load	1	2	2	408	
224	0	42	step_2_no_load	5	6	0.533857158543	0.553461946234	6	649	1	
224	0	43	step_1_no_load	1	2	2	348	
224	0	43	step_2_no_load	5	6	0.553703096215	0.548128010644	5	856	0	
224	0	44	step_1_no_load	1	2	2	286	
224	0	44	step_2_no_load	3	4	0.589653131867	0.611481438855	4	506	0	
224	0	45	step_1_no_load	1	2	2	392	
224	0	45	step_2_no_load	3	4	0.620699591043	0.632991467829	3	971	0	
224	0	46	step_1_no_load	1	2	2	333	
224	0	46	step_2_no_load	5	6	0.55511883717	0.532238720495	6	999	0	
224	0	47	step_1_no_load	1	2	2	710	
224	0	47	step_2_no_load	3	4	0.634373567175	0.598724660986	4	933	1	
224	0	48	step_1_no_load	1	2	2	386	
224	0	48	step_2_no_load	5	6	0.534690828011	0.488280685105	6	792	0	
224	0	49	step_1_no_load	1	2	2	409	
224	0	49	step_2_no_load	3	4	0.614679490594	0.610193185592	4	895	1	
224	0	50	step_1_no_load	1	2	2	271	
224	0	50	step_2_no_load	3	4	0.593458480934	0.606862017918	3	1471	0	
224	0	51	step_1_no_load	1	2	2	288	
224	0	51	step_2_no_load	5	6	0.508197321577	0.469943944943	6	593	0	
224	0	52	step_1_no_load	1	2	2	399	
224	0	52	step_2_no_load	5	6	0.513589895419	0.429622901875	6	940	0	
224	0	53	step_1_no_load	1	2	2	354	
224	0	53	step_2_no_load	3	4	0.630956764252	0.551457882502	3	365	1	
224	0	54	step_1_no_load	1	2	2	390	
224	0	54	step_2_no_load	3	4	0.652515308527	0.570223904064	3	559	1	
224	0	55	step_1_no_load	1	2	2	259	
224	0	55	step_2_no_load	5	6	0.526704292526	0.487025527704	6	768	1	
224	0	56	step_1_no_load	1	2	2	362	
224	0	56	step_2_no_load	5	6	0.538512915562	0.459773408493	6	1465	1	
224	0	57	step_1_no_load	1	2	2	402	
224	0	57	step_2_no_load	3	4	0.586335094239	0.641849303307	3	688	1	
224	0	58	step_1_no_load	1	2	2	288	
224	0	58	step_2_no_load	5	6	0.528376440027	0.478335218822	5	579	1	
224	0	59	step_1_no_load	1	2	2	365	
224	0	59	step_2_no_load	3	4	0.608951267756	0.632500293208	4	779	1	
224	0	60	step_1_no_load	1	2	2	401	
224	0	60	step_2_no_load	5	6	0.479287247283	0.491916707098	-1	-1	-1	
224	0	61	step_1_no_load	1	2	2	516	
224	0	61	step_2_no_load	3	4	0.602879526975	0.669587072502	4	604	1	
224	0	62	step_1_no_load	1	2	2	347	
224	0	62	step_2_no_load	5	6	0.533031417444	0.50724109756	6	709	1	
224	0	63	step_1_no_load	1	2	2	540	
224	0	63	step_2_no_load	5	6	0.519445130796	0.53192660365	5	824	1	
224	0	64	step_1_no_load	1	2	2	318	
224	0	64	step_2_no_load	5	6	0.533849886794	0.555062911513	6	651	1	
224	0	65	step_1_no_load	1	2	2	337	
224	0	65	step_2_no_load	5	6	0.517687993213	0.569109504048	5	457	0	
224	0	66	step_1_no_load	1	2	2	274	
224	0	66	step_2_no_load	5	6	0.555324764318	0.573761869714	6	697	0	
224	0	67	step_1_no_load	1	2	2	330	
224	0	67	step_2_no_load	5	6	0.538279387614	0.542076810516	6	608	1	
224	0	68	step_1_no_load	1	2	2	1002	
224	0	68	step_2_no_load	3	4	0.719455209845	0.622963076372	3	1075	1	
224	0	69	step_1_no_load	1	2	2	491	
224	0	69	step_2_no_load	5	6	0.560462111264	0.499137600991	6	744	1	
224	0	70	step_1_no_load	1	2	2	376	
224	0	70	step_2_no_load	3	4	0.697741832068	0.637556284465	3	645	1	
224	0	71	step_1_no_load	1	2	2	327	
224	0	71	step_2_no_load	3	4	0.706816191949	0.639174917797	4	1295	1	
224	0	72	step_1_no_load	1	2	2	414	
224	0	72	step_2_no_load	5	6	0.556486305476	0.47409116389	6	817	1	
224	0	73	step_1_no_load	1	2	2	289	
224	0	73	step_2_no_load	5	6	0.50185699984	0.435957313805	5	921	1	
224	0	74	step_1_no_load	1	2	2	349	
224	0	74	step_2_no_load	5	6	0.491044983779	0.453420386428	6	1293	0	
224	0	75	step_1_no_load	1	2	2	306	
224	0	75	step_2_no_load	5	6	0.483983914712	0.44832280175	6	366	1	
224	0	76	step_1_no_load	1	2	2	333	
224	0	76	step_2_no_load	5	6	0.518881389358	0.488583631821	5	818	1	
224	0	77	step_1_no_load	1	2	2	229	
224	0	77	step_2_no_load	3	4	0.679737625371	0.564257587118	3	966	1	
224	0	78	step_1_no_load	1	2	2	274	
224	0	78	step_2_no_load	3	4	0.647586191228	0.536711448352	4	1255	1	
224	0	79	step_1_no_load	1	2	2	323	
224	0	79	step_2_no_load	3	4	0.647841624544	0.513695512795	3	1248	0	
224	0	80	step_1_no_load	1	2	2	333	
224	0	80	step_2_no_load	5	6	0.49921021142	0.396016175285	6	1080	0	
224	0	81	step_1_no_load	1	2	2	243	
224	0	81	step_2_no_load	5	6	0.494116554432	0.419265522488	6	437	0	
224	0	82	step_1_no_load	1	2	2	324	
224	0	82	step_2_no_load	5	6	0.482727017837	0.395813831323	6	507	0	
224	0	83	step_1_no_load	1	2	2	547	
224	0	83	step_2_no_load	5	6	0.483255412498	0.382772464038	6	569	0	
224	0	84	step_1_no_load	1	2	2	381	
224	0	84	step_2_no_load	5	6	0.505586222209	0.385087938645	6	364	0	
224	0	85	step_1_no_load	1	2	2	544	
224	0	85	step_2_no_load	5	6	0.485785534744	0.384458259121	5	645	1	
224	0	86	step_1_no_load	1	2	2	388	
224	0	86	step_2_no_load	3	4	0.721207648497	0.691782850001	3	933	1	
224	0	87	step_1_no_load	1	2	2	630	
224	0	87	step_2_no_load	3	4	0.690012761069	0.719375344246	3	896	1	
224	0	88	step_1_no_load	1	2	2	409	
224	0	88	step_2_no_load	5	6	0.509563243675	0.377947492322	6	853	0	
224	0	89	step_1_no_load	1	2	2	292	
224	0	89	step_2_no_load	3	4	0.660112261017	0.690772436485	3	883	1	
224	0	90	step_1_no_load	1	2	2	370	
224	0	90	step_2_no_load	3	4	0.688736868033	0.712247848046	4	889	1	
224	0	91	step_1_no_load	1	2	2	345	
224	0	91	step_2_no_load	5	6	0.479087223222	0.43534164751	6	1002	0	
224	0	92	step_1_no_load	1	2	2	306	
224	0	92	step_2_no_load	5	6	0.484260039873	0.444368850664	6	500	1	
224	0	93	step_1_no_load	1	2	2	350	
224	0	93	step_2_no_load	3	4	0.662863370634	0.70415710998	3	1155	1	
224	0	94	step_1_no_load	1	2	2	319	
224	0	94	step_2_no_load	5	6	0.468637558205	0.429211756872	6	977	1	
224	0	95	step_1_no_load	1	2	2	362	
224	0	95	step_2_no_load	5	6	0.42505578884	0.427150666411	5	898	0	
224	0	96	step_1_no_load	1	2	2	404	
224	0	96	step_2_no_load	5	6	0.437558890646	0.383038640121	6	441	0	
224	0	97	step_1_no_load	1	2	2	448	
224	0	97	step_2_no_load	5	6	0.455601814112	0.392885664353	5	590	0	
224	0	98	step_1_no_load	1	2	2	352	
224	0	98	step_2_no_load	5	6	0.431479829356	0.409778171713	6	565	1	
224	0	99	step_1_no_load	1	2	2	439	
224	0	99	step_2_no_load	5	6	0.375249961522	0.397561363605	6	661	0	
224	0	100	step_1_no_load	1	2	2	461	
224	0	100	step_2_no_load	3	4	0.66579920021	0.666227451505	3	727	1	
224	0	101	step_1_no_load	1	2	1	843	
224	0	101	step_2_no_load	3	4	0.655903528958	0.623812401974	4	1024	1	
224	0	102	step_1_no_load	1	2	1	336	
224	0	102	step_2_no_load	3	4	0.663124617603	0.666304534392	3	582	1	
224	0	103	step_1_no_load	1	2	1	382	
224	0	103	step_2_no_load	3	4	0.69058998368	0.663997796029	4	554	1	
224	0	104	step_1_no_load	1	2	1	569	
224	0	104	step_2_no_load	3	4	0.743372642809	0.703870701136	3	446	0	
224	0	105	step_1_no_load	1	2	1	561	
224	0	105	step_2_no_load	5	6	0.352639603242	0.514318365187	5	587	0	
224	0	106	step_1_no_load	1	2	1	275	
224	0	106	step_2_no_load	3	4	0.699623252899	0.712883638252	4	450	0	
224	0	107	step_1_no_load	1	2	1	471	
224	0	107	step_2_no_load	3	4	0.677514185929	0.692607431435	3	794	1	
224	0	108	step_1_no_load	1	2	1	340	
224	0	108	step_2_no_load	3	4	0.681491063126	0.695928523711	4	482	0	
224	0	109	step_1_no_load	1	2	1	318	
224	0	109	step_2_no_load	3	4	0.68658494263	0.71632547018	3	572	0	
224	0	110	step_1_no_load	1	2	1	410	
224	0	110	step_2_no_load	5	6	0.395544455384	0.432626681236	6	368	1	
224	0	111	step_1_no_load	1	2	1	469	
224	0	111	step_2_no_load	5	6	0.407158158569	0.384948378665	6	525	0	
224	0	112	step_1_no_load	1	2	1	361	
224	0	112	step_2_no_load	3	4	0.635252945963	0.725701866094	4	472	0	
224	0	113	step_1_no_load	1	2	2	373	
224	0	113	step_2_no_load	5	6	0.387112818105	0.370697120277	5	875	0	
224	0	114	step_1_no_load	1	2	2	358	
224	0	114	step_2_no_load	5	6	0.384736699284	0.380324086676	6	486	1	
224	0	115	step_1_no_load	1	2	2	445	
224	0	115	step_2_no_load	3	4	0.645721217949	0.739704344621	4	670	1	
224	0	116	step_1_no_load	1	2	2	424	
224	0	116	step_2_no_load	5	6	0.369438791876	0.378149844807	6	746	1	
224	0	117	step_1_no_load	1	2	1	563	
224	0	117	step_2_no_load	3	4	0.671842537277	0.747012267642	3	539	1	
224	0	118	step_1_no_load	1	2	2	380	
224	0	118	step_2_no_load	3	4	0.690484235012	0.740051715856	4	766	1	
224	0	119	step_1_no_load	1	2	1	355	
224	0	119	step_2_no_load	3	4	0.661177321751	0.690424535099	3	702	1	
224	0	120	step_1_no_load	1	2	2	360	
224	0	120	step_2_no_load	5	6	0.333809617664	0.370150243662	6	769	0	
224	0	121	step_1_no_load	1	2	1	540	
224	0	121	step_2_no_load	3	4	0.671052306195	0.658856304095	3	545	0	
224	0	122	step_1_no_load	1	2	1	434	
224	0	122	step_2_no_load	3	4	0.672193618854	0.6136886145	3	429	0	
224	0	123	step_1_no_load	1	2	2	317	
224	0	123	step_2_no_load	5	6	0.269780614928	0.337526896345	5	669	1	
224	0	124	step_1_no_load	1	2	1	267	
224	0	124	step_2_no_load	3	4	0.624161788269	0.603013298253	4	455	1	
224	0	125	step_1_no_load	1	2	2	387	
224	0	125	step_2_no_load	5	6	0.290374841566	0.303110862715	5	649	1	
224	0	126	step_1_no_load	1	2	1	333	
224	0	126	step_2_no_load	3	4	0.600985760967	0.537863824328	4	592	1	
224	0	127	step_1_no_load	1	2	2	323	
224	0	127	step_2_no_load	5	6	0.273483952592	0.274944938508	5	807	1	
224	0	128	step_1_no_load	1	2	1	363	
224	0	128	step_2_no_load	5	6	0.260252451606	0.250790232267	6	564	0	
224	0	129	step_1_no_load	1	2	1	316	
224	0	129	step_2_no_load	3	4	0.632682846317	0.685297910719	3	606	1	
224	0	130	step_1_no_load	1	2	2	431	
224	0	130	step_2_no_load	5	6	0.267460866951	0.274560758494	6	669	0	
224	0	131	step_1_no_load	1	2	2	458	
224	0	131	step_2_no_load	5	6	0.281500842289	0.311475039155	5	495	1	
224	0	132	step_1_no_load	1	2	1	283	
224	0	132	step_2_no_load	3	4	0.660013924697	0.668578020634	4	831	0	
224	0	133	step_1_no_load	1	2	1	352	
224	0	133	step_2_no_load	3	4	0.691649444281	0.617383991623	3	639	1	
224	0	134	step_1_no_load	1	2	2	324	
224	0	134	step_2_no_load	5	6	0.287393715313	0.302839427162	6	779	1	
224	0	135	step_1_no_load	1	2	-1	-1	
224	0	136	step_1_no_load	1	2	1	414	
224	0	136	step_2_no_load	5	6	0.307766925452	0.284521085726	6	712	0	
224	0	137	step_1_no_load	1	2	1	358	
224	0	137	step_2_no_load	5	6	0.346433498467	0.325016613024	5	553	0	
224	0	138	step_1_no_load	1	2	1	559	
224	0	138	step_2_no_load	3	4	0.688182193337	0.63240964674	3	618	1	
224	0	139	step_1_no_load	1	2	2	277	
224	0	139	step_2_no_load	5	6	0.325611400511	0.323660750961	6	475	0	
224	0	140	step_1_no_load	1	2	1	410	
224	0	140	step_2_no_load	3	4	0.637682840728	0.671213945178	4	570	1	
224	0	141	step_1_no_load	1	2	2	280	
224	0	141	step_2_no_load	5	6	0.390227133375	0.311809871418	5	403	0	
224	0	142	step_1_no_load	1	2	1	402	
224	0	142	step_2_no_load	3	4	0.627356259123	0.690276058009	4	923	1	
224	0	143	step_1_no_load	1	2	2	305	
224	0	143	step_2_no_load	5	6	0.410970957547	0.313516825296	5	630	1	
224	0	144	step_1_no_load	1	2	1	431	
224	0	144	step_2_no_load	5	6	0.389234194056	0.275932517017	-1	-1	-1	
224	0	145	step_1_no_load	1	2	1	358	
224	0	145	step_2_no_load	3	4	0.606515632748	0.6669125229	4	576	1	
224	0	146	step_1_no_load	1	2	2	320	
224	0	146	step_2_no_load	3	4	0.593778463268	0.681611991725	3	462	1	
224	0	147	step_1_no_load	1	2	1	342	
224	0	147	step_2_no_load	5	6	0.352879785946	0.265578160642	5	660	1	
224	0	148	step_1_no_load	1	2	2	326	
224	0	148	step_2_no_load	5	6	0.311162711725	0.305288021243	6	443	0	
224	0	149	step_1_no_load	1	2	1	412	
224	0	149	step_2_no_load	3	4	0.623203869836	0.601870110183	3	524	1	
224	0	150	step_1_no_load	1	2	2	410	
224	0	150	step_2_no_load	5	6	0.306860041627	0.305587692243	6	831	0	
224	0	151	step_1_no_load	1	2	1	488	
224	0	151	step_2_no_load	5	6	0.310557101463	0.348172164421	5	439	0	
224	0	152	step_1_no_load	1	2	1	374	
224	0	152	step_2_no_load	3	4	0.644204174791	0.595108765344	4	645	1	
224	0	153	step_1_no_load	1	2	2	299	
224	0	153	step_2_no_load	5	6	0.343622632154	0.309356532263	5	417	0	
224	0	154	step_1_no_load	1	2	1	339	
224	0	154	step_2_no_load	5	6	0.348349389262	0.316375537537	5	538	1	
224	0	155	step_1_no_load	1	2	2	322	
224	0	155	step_2_no_load	5	6	0.372188990474	0.296093457977	6	356	0	
224	0	156	step_1_no_load	1	2	1	299	
224	0	156	step_2_no_load	3	4	0.734436160799	0.631048201903	3	323	1	
224	0	157	step_1_no_load	1	2	2	386	
224	0	157	step_2_no_load	5	6	0.324728201487	0.350909357271	5	471	1	
224	0	158	step_1_no_load	1	2	1	331	
224	0	158	step_2_no_load	3	4	0.694270715354	0.532722108502	3	466	1	
224	0	159	step_1_no_load	1	2	2	697	
224	0	159	step_2_no_load	5	6	0.321150411254	0.413026375257	5	743	0	
224	0	160	step_1_no_load	1	2	1	674	
224	0	160	step_2_no_load	3	4	0.710728171711	0.521229931064	3	565	0	
224	0	161	step_1_no_load	1	2	1	447	
224	0	161	step_2_no_load	3	4	0.719896286569	0.516036498158	4	296	1	
224	0	162	step_1_no_load	1	2	2	455	
224	0	162	step_2_no_load	3	4	0.695144769903	0.566496468084	3	457	0	
224	0	163	step_1_no_load	1	2	1	458	
224	0	163	step_2_no_load	5	6	0.430920885959	0.395221309311	6	411	1	
224	0	164	step_1_no_load	1	2	2	0	
224	0	164	step_2_no_load	3	4	0.692137394606	0.585961845322	3	500	1	
224	0	165	step_1_no_load	1	2	1	464	
224	0	165	step_2_no_load	3	4	0.717506143195	0.538026607649	4	514	1	
224	0	166	step_1_no_load	1	2	2	430	
224	0	166	step_2_no_load	5	6	0.356317216644	0.422282731054	5	621	0	
224	0	167	step_1_no_load	1	2	1	330	
224	0	167	step_2_no_load	3	4	0.706271792549	0.585131062446	3	627	1	
224	0	168	step_1_no_load	1	2	2	696	
224	0	168	step_2_no_load	3	4	0.67192508984	0.613361520676	4	639	0	
224	0	169	step_1_no_load	1	2	1	468	
224	0	169	step_2_no_load	3	4	0.704981910944	0.586049140041	3	526	1	
224	0	170	step_1_no_load	1	2	2	362	
224	0	170	step_2_no_load	3	4	0.67334314737	0.57151385403	4	509	1	
224	0	171	step_1_no_load	1	2	1	460	
224	0	171	step_2_no_load	3	4	0.727248140829	0.553314431843	3	468	1	
224	0	172	step_1_no_load	1	2	2	354	
224	0	172	step_2_no_load	5	6	0.490120307546	0.363617002148	6	597	1	
224	0	173	step_1_no_load	1	2	1	316	
224	0	173	step_2_no_load	5	6	0.462866379815	0.385349297983	5	466	0	
224	0	174	step_1_no_load	1	2	1	732	
224	0	174	step_2_no_load	3	4	0.729877433725	0.472729524832	4	736	1	
224	0	175	step_1_no_load	1	2	2	443	
224	0	175	step_2_no_load	3	4	0.693968268443	0.52644949356	3	638	1	
224	0	176	step_1_no_load	1	2	1	435	
224	0	176	step_2_no_load	3	4	0.679250000396	0.474046874473	4	377	0	
224	0	177	step_1_no_load	1	2	1	434	
224	0	177	step_2_no_load	3	4	0.714070205704	0.501268576771	4	699	1	
224	0	178	step_1_no_load	1	2	2	413	
224	0	178	step_2_no_load	3	4	0.705993797498	0.493712351915	3	292	1	
224	0	179	step_1_no_load	1	2	1	423	
224	0	179	step_2_no_load	5	6	0.493565996034	0.324685418097	5	583	0	
224	0	180	step_1_no_load	1	2	1	281	
224	0	180	step_2_no_load	3	4	0.719795072986	0.482853857291	4	479	1	
224	0	181	step_1_no_load	1	2	2	382	
224	0	181	step_2_no_load	3	4	0.746910336326	0.508735114046	3	356	1	
224	0	182	step_1_no_load	1	2	1	486	
224	0	182	step_2_no_load	5	6	0.49907747228	0.340533666308	5	735	0	
224	0	183	step_1_no_load	1	2	2	317	
224	0	183	step_2_no_load	5	6	0.492742497507	0.350175837802	6	629	1	
224	0	184	step_1_no_load	1	2	1	1	
224	0	184	step_2_no_load	3	4	0.657291439324	0.460890977786	3	526	0	
224	0	185	step_1_no_load	1	2	1	990	
224	0	185	step_2_no_load	5	6	0.482228039858	0.362611152222	6	1127	0	
224	0	186	step_1_no_load	1	2	2	323	
224	0	186	step_2_no_load	5	6	0.484672582719	0.332733011923	6	329	0	
224	0	187	step_1_no_load	1	2	2	428	
224	0	187	step_2_no_load	5	6	0.498596507669	0.328890769988	5	483	0	
224	0	188	step_1_no_load	1	2	1	558	
224	0	188	step_2_no_load	5	6	0.548350535247	0.291508050861	6	636	1	
224	0	189	step_1_no_load	1	2	1	355	
224	0	189	step_2_no_load	3	4	0.688353284054	0.448897869069	4	623	0	
224	0	190	step_1_no_load	1	2	1	615	
224	0	190	step_2_no_load	3	4	0.667655825994	0.433568856946	3	619	0	
224	0	191	step_1_no_load	1	2	1	554	
224	0	191	step_2_no_load	3	4	0.664271461991	0.435748387321	3	745	0	
224	0	192	step_1_no_load	1	2	2	532	
224	0	192	step_2_no_load	5	6	0.493851022417	0.299297135717	6	709	1	
224	0	193	step_1_no_load	1	2	1	356	
224	0	193	step_2_no_load	3	4	0.679792491164	0.440813209638	4	630	1	
224	0	194	step_1_no_load	1	2	1	418	
224	0	194	step_2_no_load	5	6	0.505359594715	0.342437174514	6	868	0	
224	0	195	step_1_no_load	1	2	2	331	
224	0	195	step_2_no_load	5	6	0.494102184238	0.348571348505	5	387	1	
224	0	196	step_1_no_load	1	2	1	447	
224	0	196	step_2_no_load	3	4	0.695101215304	0.421761207498	4	568	0	
224	0	197	step_1_no_load	1	2	1	370	
224	0	197	step_2_no_load	5	6	0.47786945426	0.316987700969	6	507	1	
224	0	198	step_1_no_load	1	2	1	840	
224	0	198	step_2_no_load	3	4	0.68660989813	0.397292432346	3	1163	1	
224	0	199	step_1_no_load	1	2	2	351	
224	0	199	step_2_no_load	5	6	0.529438031858	0.292861528884	6	560	0	
224	0	200	step_1_no_load	1	2	1	276	
224	0	200	step_2_no_load	3	4	0.728996708473	0.372436949782	3	553	1	

Thu Apr  4 15:04:27 2019
