Thu Apr  4 16:43:27 2019	
225	0	1	step_1_no_load	1	2	1	844	
225	0	1	step_2_no_load	5	6	0.511789129507	0.457620150462	6	837	0	
225	0	2	step_1_no_load	1	2	1	812	
225	0	2	step_2_no_load	5	6	0.533203491871	0.474613197709	6	727	0	
225	0	3	step_1_no_load	1	2	2	640	
225	0	3	step_2_no_load	5	6	0.516002945397	0.476767372206	6	1342	0	
225	0	4	step_1_no_load	1	2	2	1040	
225	0	4	step_2_no_load	3	4	0.564086293706	0.597491569846	3	721	0	
225	0	5	step_1_no_load	1	2	2	983	
225	0	5	step_2_no_load	5	6	0.543908521457	0.495568760483	5	1289	1	
225	0	6	step_1_no_load	1	2	1	481	
225	0	6	step_2_no_load	3	4	0.603642866427	0.585722686883	4	824	1	
225	0	7	step_1_no_load	1	2	1	1110	
225	0	7	step_2_no_load	5	6	0.506408070053	0.500071913476	5	951	0	
225	0	8	step_1_no_load	1	2	2	812	
225	0	8	step_2_no_load	5	6	0.499203529332	0.489816616396	5	897	0	
225	0	9	step_1_no_load	1	2	2	1018	
225	0	9	step_2_no_load	5	6	0.54429228266	0.496546708465	5	873	1	
225	0	10	step_1_no_load	1	2	1	576	
225	0	10	step_2_no_load	3	4	0.636063269715	0.652626043146	4	870	0	
225	0	11	step_1_no_load	1	2	2	665	
225	0	11	step_2_no_load	5	6	0.59022801242	0.477013315682	6	853	0	
225	0	12	step_1_no_load	1	2	1	428	
225	0	12	step_2_no_load	3	4	0.552770607849	0.682786328054	3	736	1	
225	0	13	step_1_no_load	1	2	1	369	
225	0	13	step_2_no_load	5	6	0.595790490356	0.52012981853	5	679	0	
225	0	14	step_1_no_load	1	2	2	679	
225	0	14	step_2_no_load	5	6	0.611256675753	0.491234392147	5	890	0	
225	0	15	step_1_no_load	1	2	2	707	
225	0	15	step_2_no_load	5	6	0.633564630036	0.505377237737	6	632	1	
225	0	16	step_1_no_load	1	2	1	312	
225	0	16	step_2_no_load	3	4	0.553308964466	0.628091198119	3	588	0	
225	0	17	step_1_no_load	1	2	1	293	
225	0	17	step_2_no_load	5	6	0.643116883134	0.535958400205	6	717	1	
225	0	18	step_1_no_load	1	2	1	338	
225	0	18	step_2_no_load	3	4	0.553554620302	0.626834332012	3	1214	1	
225	0	19	step_1_no_load	1	2	2	400	
225	0	19	step_2_no_load	5	6	0.644773170243	0.498240186199	6	410	1	
225	0	20	step_1_no_load	1	2	1	502	
225	0	20	step_2_no_load	3	4	0.491720931314	0.636521555122	4	868	0	
225	0	21	step_1_no_load	1	2	1	763	
225	0	21	step_2_no_load	3	4	0.470207377245	0.630305464549	3	628	0	
225	0	22	step_1_no_load	1	2	1	464	
225	0	22	step_2_no_load	3	4	0.468700882609	0.621949894727	3	528	0	
225	0	23	step_1_no_load	1	2	2	801	
225	0	23	step_2_no_load	3	4	0.513759772011	0.640163623731	3	977	1	
225	0	24	step_1_no_load	1	2	2	332	
225	0	24	step_2_no_load	5	6	0.5800912085	0.505388876622	6	787	1	
225	0	25	step_1_no_load	1	2	2	607	
225	0	25	step_2_no_load	5	6	0.629917901014	0.503316372362	6	390	1	
225	0	26	step_1_no_load	1	2	2	326	
225	0	26	step_2_no_load	3	4	0.532884212818	0.592410219737	3	838	1	
225	0	27	step_1_no_load	1	2	2	408	
225	0	27	step_2_no_load	3	4	0.54756089792	0.57860777711	3	820	1	
225	0	28	step_1_no_load	1	2	2	316	
225	0	28	step_2_no_load	3	4	0.553259388875	0.588356036098	3	543	1	
225	0	29	step_1_no_load	1	2	2	249	
225	0	29	step_2_no_load	3	4	0.561957580386	0.606613029227	3	426	0	
225	0	30	step_1_no_load	1	2	2	517	
225	0	30	step_2_no_load	3	4	0.574272497114	0.608245979832	3	717	1	
225	0	31	step_1_no_load	1	2	2	594	
225	0	31	step_2_no_load	5	6	0.606122691795	0.483156722265	6	763	0	
225	0	32	step_1_no_load	1	2	1	226	
225	0	32	step_2_no_load	5	6	0.605616211083	0.520318771114	6	461	0	
225	0	33	step_1_no_load	1	2	2	458	
225	0	33	step_2_no_load	5	6	0.618000238621	0.487664344039	6	747	0	
225	0	34	step_1_no_load	1	2	1	383	
225	0	34	step_2_no_load	3	4	0.538523758058	0.575802910074	3	413	0	
225	0	35	step_1_no_load	1	2	1	364	
225	0	35	step_2_no_load	5	6	0.649776015006	0.491437207585	6	668	0	
225	0	36	step_1_no_load	1	2	2	366	
225	0	36	step_2_no_load	3	4	0.611274573488	0.527635087561	4	736	0	
225	0	37	step_1_no_load	1	2	1	183	
225	0	37	step_2_no_load	3	4	0.598446394142	0.513822304161	3	867	0	
225	0	38	step_1_no_load	1	2	1	408	
225	0	38	step_2_no_load	3	4	0.595113730206	0.539078491643	4	493	1	
225	0	39	step_1_no_load	1	2	1	281	
225	0	39	step_2_no_load	3	4	0.610601635554	0.557005857101	4	421	0	
225	0	40	step_1_no_load	1	2	1	239	
225	0	40	step_2_no_load	3	4	0.607992802154	0.580760785074	3	807	1	
225	0	41	step_1_no_load	1	2	1	273	
225	0	41	step_2_no_load	3	4	0.588857868869	0.524862294848	4	514	0	
225	0	42	step_1_no_load	1	2	1	198	
225	0	42	step_2_no_load	3	4	0.609164606591	0.533857158543	3	695	0	
225	0	43	step_1_no_load	1	2	2	0	
225	0	43	step_2_no_load	5	6	0.581931546759	0.548128010644	5	746	0	
225	0	44	step_1_no_load	1	2	1	403	
225	0	44	step_2_no_load	3	4	0.611481438855	0.541854396676	4	1292	0	
225	0	45	step_1_no_load	1	2	2	341	
225	0	45	step_2_no_load	3	4	0.632991467829	0.579346234508	3	579	1	
225	0	46	step_1_no_load	1	2	2	431	
225	0	46	step_2_no_load	5	6	0.654261318712	0.532238720495	5	1090	0	
225	0	47	step_1_no_load	1	2	2	271	
225	0	47	step_2_no_load	5	6	0.634373567175	0.493112702321	6	401	0	
225	0	48	step_1_no_load	1	2	2	389	
225	0	48	step_2_no_load	5	6	0.657624935632	0.488280685105	6	649	1	
225	0	49	step_1_no_load	1	2	2	747	
225	0	49	step_2_no_load	3	4	0.610193185592	0.512405963374	3	1469	1	
225	0	50	step_1_no_load	1	2	2	298	
225	0	50	step_2_no_load	3	4	0.606862017918	0.481616544184	4	736	0	
225	0	51	step_1_no_load	1	2	2	201	
225	0	51	step_2_no_load	5	6	0.613357430892	0.469943944943	6	1482	0	
225	0	52	step_1_no_load	1	2	1	245	
225	0	52	step_2_no_load	5	6	0.613408921915	0.429622901875	6	590	1	
225	0	53	step_1_no_load	1	2	1	1	
225	0	53	step_2_no_load	5	6	0.630956764252	0.451905460347	6	393	1	
225	0	54	step_1_no_load	1	2	1	218	
225	0	54	step_2_no_load	5	6	0.652515308527	0.491512498697	6	366	0	
225	0	55	step_1_no_load	1	2	2	244	
225	0	55	step_2_no_load	5	6	0.639840796975	0.487025527704	6	920	1	
225	0	56	step_1_no_load	1	2	2	270	
225	0	56	step_2_no_load	5	6	0.60038825769	0.459773408493	6	623	0	
225	0	57	step_1_no_load	1	2	2	236	
225	0	57	step_2_no_load	3	4	0.641849303307	0.516475618243	3	411	1	
225	0	58	step_1_no_load	1	2	2	515	
225	0	58	step_2_no_load	3	4	0.664682809182	0.528376440027	3	628	1	
225	0	59	step_1_no_load	1	2	2	511	
225	0	59	step_2_no_load	5	6	0.608951267756	0.480274332693	5	460	0	
225	0	60	step_1_no_load	1	2	1	297	
225	0	60	step_2_no_load	5	6	0.599559577859	0.491916707098	6	394	0	
225	0	61	step_1_no_load	1	2	2	306	
225	0	61	step_2_no_load	3	4	0.669587072502	0.527144452559	3	634	0	
225	0	62	step_1_no_load	1	2	1	266	
225	0	62	step_2_no_load	5	6	0.622820395113	0.50724109756	6	533	0	
225	0	63	step_1_no_load	1	2	2	352	
225	0	63	step_2_no_load	5	6	0.642623127313	0.53192660365	5	491	0	
225	0	64	step_1_no_load	1	2	2	499	
225	0	64	step_2_no_load	5	6	0.626149195169	0.555062911513	6	648	1	
225	0	65	step_1_no_load	1	2	1	298	
225	0	65	step_2_no_load	3	4	0.612660225018	0.517687993213	4	341	0	
225	0	66	step_1_no_load	1	2	2	235	
225	0	66	step_2_no_load	5	6	0.630357351236	0.573761869714	5	1103	1	
225	0	67	step_1_no_load	1	2	1	303	
225	0	67	step_2_no_load	5	6	0.674463681351	0.542076810516	6	647	0	
225	0	68	step_1_no_load	1	2	1	580	
225	0	68	step_2_no_load	3	4	0.622963076372	0.523301545299	3	516	1	
225	0	69	step_1_no_load	1	2	2	303	
225	0	69	step_2_no_load	3	4	0.622221685203	0.560462111264	4	546	0	
225	0	70	step_1_no_load	1	2	2	170	
225	0	70	step_2_no_load	5	6	0.697741832068	0.498834901463	5	536	1	
225	0	71	step_1_no_load	1	2	1	323	
225	0	71	step_2_no_load	3	4	0.639174917797	0.546215110045	4	411	1	
225	0	72	step_1_no_load	1	2	1	314	
225	0	72	step_2_no_load	5	6	0.705884789502	0.47409116389	6	523	0	
225	0	73	step_1_no_load	1	2	2	285	
225	0	73	step_2_no_load	5	6	0.727961155836	0.435957313805	6	1006	1	
225	0	74	step_1_no_load	1	2	2	280	
225	0	74	step_2_no_load	5	6	0.693624670847	0.453420386428	6	477	1	
225	0	75	step_1_no_load	1	2	1	503	
225	0	75	step_2_no_load	3	4	0.615552849174	0.483983914712	3	1078	1	
225	0	76	step_1_no_load	1	2	1	266	
225	0	76	step_2_no_load	3	4	0.62770291155	0.518881389358	3	881	1	
225	0	77	step_1_no_load	1	2	2	319	
225	0	77	step_2_no_load	3	4	0.564257587118	0.538119616568	4	1061	0	
225	0	78	step_1_no_load	1	2	2	142	
225	0	78	step_2_no_load	5	6	0.647586191228	0.435911167612	6	748	0	
225	0	79	step_1_no_load	1	2	1	325	
225	0	79	step_2_no_load	3	4	0.513695512795	0.540085062695	3	804	0	
225	0	80	step_1_no_load	1	2	1	434	
225	0	80	step_2_no_load	5	6	0.703969305517	0.396016175285	6	658	1	
225	0	81	step_1_no_load	1	2	2	590	
225	0	81	step_2_no_load	5	6	0.702400933084	0.419265522488	5	1066	1	
225	0	82	step_1_no_load	1	2	1	12	
225	0	82	step_2_no_load	5	6	0.688340116885	0.395813831323	5	806	0	
225	0	83	step_1_no_load	1	2	2	335	
225	0	83	step_2_no_load	5	6	0.726885136842	0.382772464038	6	780	1	
225	0	84	step_1_no_load	1	2	2	449	
225	0	84	step_2_no_load	5	6	0.731466635793	0.385087938645	6	646	0	
225	0	85	step_1_no_load	1	2	1	318	
225	0	85	step_2_no_load	3	4	0.692384972752	0.485785534744	4	757	1	
225	0	86	step_1_no_load	1	2	1	281	
225	0	86	step_2_no_load	3	4	0.691782850001	0.486462788728	3	1012	0	
225	0	87	step_1_no_load	1	2	1	131	
225	0	87	step_2_no_load	3	4	0.719375344246	0.493867001103	3	990	1	
225	0	88	step_1_no_load	1	2	1	444	
225	0	88	step_2_no_load	3	4	0.717410082358	0.509563243675	3	962	1	
225	0	89	step_1_no_load	1	2	2	272	
225	0	89	step_2_no_load	3	4	0.690772436485	0.490019385174	3	1225	1	
225	0	90	step_1_no_load	1	2	2	229	
225	0	90	step_2_no_load	5	6	0.688736868033	0.411459496853	6	756	1	
225	0	91	step_1_no_load	1	2	1	324	
225	0	91	step_2_no_load	5	6	0.657820521772	0.43534164751	6	769	1	
225	0	92	step_1_no_load	1	2	1	502	
225	0	92	step_2_no_load	5	6	0.679381608313	0.444368850664	5	889	0	
225	0	93	step_1_no_load	1	2	2	225	
225	0	93	step_2_no_load	5	6	0.662863370634	0.439878153082	6	888	0	
225	0	94	step_1_no_load	1	2	2	181	
225	0	94	step_2_no_load	5	6	0.668295023896	0.429211756872	6	729	0	
225	0	95	step_1_no_load	1	2	2	410	
225	0	95	step_2_no_load	5	6	0.640209855442	0.427150666411	6	1252	1	
225	0	96	step_1_no_load	1	2	1	172	
225	0	96	step_2_no_load	3	4	0.693739812506	0.437558890646	3	529	1	
225	0	97	step_1_no_load	1	2	1	296	
225	0	97	step_2_no_load	3	4	0.681272614291	0.455601814112	3	489	1	
225	0	98	step_1_no_load	1	2	2	586	
225	0	98	step_2_no_load	5	6	0.646040060297	0.409778171713	-1	-1	-1	
225	0	99	step_1_no_load	1	2	2	440	
225	0	99	step_2_no_load	3	4	0.673709850038	0.375249961522	3	361	0	
225	0	100	step_1_no_load	1	2	1	302	
225	0	100	step_2_no_load	3	4	0.666227451505	0.363162156005	4	309	0	
225	0	101	step_1_no_load	1	2	2	321	
225	0	101	step_2_no_load	5	6	0.655903528958	0.497432607584	6	590	1	
225	0	102	step_1_no_load	1	2	1	208	
225	0	102	step_2_no_load	5	6	0.663124617603	0.494584754513	5	417	1	
225	0	103	step_1_no_load	1	2	2	277	
225	0	103	step_2_no_load	5	6	0.69058998368	0.481975449893	6	687	1	
225	0	104	step_1_no_load	1	2	1	177	
225	0	104	step_2_no_load	3	4	0.703870701136	0.303696146503	3	349	0	
225	0	105	step_1_no_load	1	2	1	81	
225	0	105	step_2_no_load	3	4	0.689135357059	0.352639603242	3	515	1	
225	0	106	step_1_no_load	1	2	2	327	
225	0	106	step_2_no_load	5	6	0.699623252899	0.508908032404	6	576	1	
225	0	107	step_1_no_load	1	2	2	334	
225	0	107	step_2_no_load	5	6	0.677514185929	0.565220528809	5	519	0	
225	0	108	step_1_no_load	1	2	2	317	
225	0	108	step_2_no_load	3	4	0.695928523711	0.388185708856	3	670	0	
225	0	109	step_1_no_load	1	2	2	249	
225	0	109	step_2_no_load	3	4	0.71632547018	0.372328831887	3	667	1	
225	0	110	step_1_no_load	1	2	1	235	
225	0	110	step_2_no_load	3	4	0.729599891941	0.395544455384	4	360	0	
225	0	111	step_1_no_load	1	2	2	259	
225	0	111	step_2_no_load	5	6	0.634599547742	0.384948378665	6	717	0	
225	0	112	step_1_no_load	1	2	2	592	
225	0	112	step_2_no_load	3	4	0.725701866094	0.413393106784	3	436	1	
225	0	113	step_1_no_load	1	2	1	248	
225	0	113	step_2_no_load	5	6	0.634627459817	0.370697120277	6	627	0	
225	0	114	step_1_no_load	1	2	1	327	
225	0	114	step_2_no_load	3	4	0.718213323791	0.384736699284	3	564	1	
225	0	115	step_1_no_load	1	2	1	632	
225	0	115	step_2_no_load	5	6	0.645721217949	0.390027643099	6	513	1	
225	0	116	step_1_no_load	1	2	2	316	
225	0	116	step_2_no_load	5	6	0.680124293449	0.378149844807	5	427	1	
225	0	117	step_1_no_load	1	2	1	470	
225	0	117	step_2_no_load	3	4	0.747012267642	0.363056877927	4	602	0	
225	0	118	step_1_no_load	1	2	1	268	
225	0	118	step_2_no_load	5	6	0.690484235012	0.357645851833	6	585	0	
225	0	119	step_1_no_load	1	2	2	221	
225	0	119	step_2_no_load	5	6	0.661177321751	0.357515098446	6	713	1	
225	0	120	step_1_no_load	1	2	2	504	
225	0	120	step_2_no_load	5	6	0.666433355915	0.370150243662	5	562	1	
225	0	121	step_1_no_load	1	2	1	109	
225	0	121	step_2_no_load	3	4	0.658856304095	0.310775244958	3	451	1	
225	0	122	step_1_no_load	1	2	1	80	
225	0	122	step_2_no_load	3	4	0.6136886145	0.266650857402	3	626	1	
225	0	123	step_1_no_load	1	2	1	274	
225	0	123	step_2_no_load	3	4	0.583607229978	0.269780614928	4	861	0	
225	0	124	step_1_no_load	1	2	1	209	
225	0	124	step_2_no_load	5	6	0.624161788269	0.309430836661	5	900	1	
225	0	125	step_1_no_load	1	2	2	249	
225	0	125	step_2_no_load	5	6	0.633566302563	0.303110862715	5	911	1	
225	0	126	step_1_no_load	1	2	1	317	
225	0	126	step_2_no_load	3	4	0.537863824328	0.267206368684	3	812	1	
225	0	127	step_1_no_load	1	2	2	266	
225	0	127	step_2_no_load	5	6	0.646945556251	0.274944938508	6	1025	0	
225	0	128	step_1_no_load	1	2	1	203	
225	0	128	step_2_no_load	5	6	0.620672334996	0.250790232267	5	740	0	
225	0	129	step_1_no_load	1	2	2	367	
225	0	129	step_2_no_load	3	4	0.685297910719	0.268213321963	3	447	1	
225	0	130	step_1_no_load	1	2	2	388	
225	0	130	step_2_no_load	5	6	0.630285316669	0.274560758494	5	746	1	
225	0	131	step_1_no_load	1	2	1	209	
225	0	131	step_2_no_load	3	4	0.678044920845	0.281500842289	3	709	1	
225	0	132	step_1_no_load	1	2	1	263	
225	0	132	step_2_no_load	3	4	0.668578020634	0.27986961048	3	745	1	
225	0	133	step_1_no_load	1	2	1	578	
225	0	133	step_2_no_load	3	4	0.617383991623	0.315608831386	3	684	1	
225	0	134	step_1_no_load	1	2	1	239	
225	0	134	step_2_no_load	3	4	0.621945110858	0.287393715313	3	553	0	
225	0	135	step_1_no_load	1	2	2	710	
225	0	135	step_2_no_load	3	4	0.593710006149	0.300079459047	3	429	1	
225	0	136	step_1_no_load	1	2	1	127	
225	0	136	step_2_no_load	3	4	0.597814413435	0.307766925452	3	439	1	
225	0	137	step_1_no_load	1	2	1	252	
225	0	137	step_2_no_load	3	4	0.605896884497	0.346433498467	3	391	0	
225	0	138	step_1_no_load	1	2	2	249	
225	0	138	step_2_no_load	3	4	0.63240964674	0.366701525561	3	560	1	
225	0	139	step_1_no_load	1	2	2	351	
225	0	139	step_2_no_load	5	6	0.696355985729	0.323660750961	6	804	0	
225	0	140	step_1_no_load	1	2	1	123	
225	0	140	step_2_no_load	3	4	0.671213945178	0.348740542008	3	500	1	
225	0	141	step_1_no_load	1	2	2	274	
225	0	141	step_2_no_load	3	4	0.711987889705	0.390227133375	3	451	1	
225	0	142	step_1_no_load	1	2	1	94	
225	0	142	step_2_no_load	3	4	0.690276058009	0.397052682821	3	441	1	
225	0	143	step_1_no_load	1	2	1	428	
225	0	143	step_2_no_load	3	4	0.661365099615	0.410970957547	3	478	1	
225	0	144	step_1_no_load	1	2	1	360	
225	0	144	step_2_no_load	3	4	0.626443722248	0.389234194056	3	950	1	
225	0	145	step_1_no_load	1	2	2	227	
225	0	145	step_2_no_load	3	4	0.6669125229	0.355256413269	3	675	1	
225	0	146	step_1_no_load	1	2	2	317	
225	0	146	step_2_no_load	5	6	0.593778463268	0.257861956214	6	571	0	
225	0	147	step_1_no_load	1	2	1	360	
225	0	147	step_2_no_load	3	4	0.647798886916	0.352879785946	3	511	1	
225	0	148	step_1_no_load	1	2	2	160	
225	0	148	step_2_no_load	5	6	0.648050021239	0.305288021243	5	833	1	
225	0	149	step_1_no_load	1	2	1	280	
225	0	149	step_2_no_load	3	4	0.601870110183	0.300290206122	3	390	1	
225	0	150	step_1_no_load	1	2	2	274	
225	0	150	step_2_no_load	5	6	0.605912419156	0.305587692243	5	864	0	
225	0	151	step_1_no_load	1	2	1	492	
225	0	151	step_2_no_load	3	4	0.59154759351	0.310557101463	3	558	0	
225	0	152	step_1_no_load	1	2	2	269	
225	0	152	step_2_no_load	5	6	0.644204174791	0.307702500543	6	926	0	
225	0	153	step_1_no_load	1	2	1	252	
225	0	153	step_2_no_load	3	4	0.613336203392	0.343622632154	3	380	1	
225	0	154	step_1_no_load	1	2	1	190	
225	0	154	step_2_no_load	3	4	0.638934099562	0.348349389262	3	355	1	
225	0	155	step_1_no_load	1	2	2	262	
225	0	155	step_2_no_load	5	6	0.716100930629	0.296093457977	5	467	1	
225	0	156	step_1_no_load	1	2	1	258	
225	0	156	step_2_no_load	3	4	0.631048201903	0.368378667812	3	360	1	
225	0	157	step_1_no_load	1	2	2	77	
225	0	157	step_2_no_load	5	6	0.720725456325	0.350909357271	5	622	0	
225	0	158	step_1_no_load	1	2	1	106	
225	0	158	step_2_no_load	3	4	0.532722108502	0.334595868098	3	438	1	
225	0	159	step_1_no_load	1	2	1	216	
225	0	159	step_2_no_load	3	4	0.541222065796	0.321150411254	3	351	1	
225	0	160	step_1_no_load	1	2	1	516	
225	0	160	step_2_no_load	3	4	0.521229931064	0.355992626298	3	1094	0	
225	0	161	step_1_no_load	1	2	1	54	
225	0	161	step_2_no_load	3	4	0.516036498158	0.438878285506	3	430	1	
225	0	162	step_1_no_load	1	2	1	52	
225	0	162	step_2_no_load	3	4	0.566496468084	0.455329532209	3	447	0	
225	0	163	step_1_no_load	1	2	2	401	
225	0	163	step_2_no_load	3	4	0.5863391277	0.430920885959	3	599	1	
225	0	164	step_1_no_load	1	2	2	284	
225	0	164	step_2_no_load	3	4	0.585961845322	0.430844125626	3	476	0	
225	0	165	step_1_no_load	1	2	1	0	
225	0	165	step_2_no_load	3	4	0.538026607649	0.347974240867	3	442	0	
225	0	166	step_1_no_load	1	2	2	458	
225	0	166	step_2_no_load	5	6	0.686594248975	0.422282731054	6	664	0	
225	0	167	step_1_no_load	1	2	1	103	
225	0	167	step_2_no_load	3	4	0.585131062446	0.331115714939	3	400	1	
225	0	168	step_1_no_load	1	2	2	425	
225	0	168	step_2_no_load	5	6	0.67192508984	0.400817642375	5	794	1	
225	0	169	step_1_no_load	1	2	1	525	
225	0	169	step_2_no_load	3	4	0.586049140041	0.365156560071	3	670	0	
225	0	170	step_1_no_load	1	2	1	382	
225	0	170	step_2_no_load	5	6	0.67334314737	0.411067820436	5	734	1	
225	0	171	step_1_no_load	1	2	2	241	
225	0	171	step_2_no_load	5	6	0.727248140829	0.386979310814	5	680	1	
225	0	172	step_1_no_load	1	2	2	33	
225	0	172	step_2_no_load	5	6	0.668669556875	0.363617002148	5	484	0	
225	0	173	step_1_no_load	1	2	1	125	
225	0	173	step_2_no_load	3	4	0.484428109849	0.462866379815	3	814	0	
225	0	174	step_1_no_load	1	2	1	458	
225	0	174	step_2_no_load	5	6	0.729877433725	0.387867297446	5	828	1	
225	0	175	step_1_no_load	1	2	2	2	
225	0	175	step_2_no_load	5	6	0.693968268443	0.426185553904	5	818	1	
225	0	176	step_1_no_load	1	2	1	144	
225	0	176	step_2_no_load	5	6	0.679250000396	0.383231572002	5	764	1	
225	0	177	step_1_no_load	1	2	1	175	
225	0	177	step_2_no_load	3	4	0.501268576771	0.4798184927	4	518	0	
225	0	178	step_1_no_load	1	2	2	0	
225	0	178	step_2_no_load	5	6	0.705993797498	0.36473828006	6	919	0	
225	0	179	step_1_no_load	1	2	1	165	
225	0	179	step_2_no_load	3	4	0.457298770028	0.493565996034	3	661	0	
225	0	180	step_1_no_load	1	2	2	236	
225	0	180	step_2_no_load	5	6	0.719795072986	0.341214611607	5	790	1	
225	0	181	step_1_no_load	1	2	1	0	
225	0	181	step_2_no_load	3	4	0.508735114046	0.480141179559	4	590	1	
225	0	182	step_1_no_load	1	2	1	227	
225	0	182	step_2_no_load	3	4	0.506773281362	0.49907747228	4	511	0	
225	0	183	step_1_no_load	1	2	2	377	
225	0	183	step_2_no_load	3	4	0.502991759047	0.492742497507	3	692	0	
225	0	184	step_1_no_load	1	2	1	573	
225	0	184	step_2_no_load	3	4	0.460890977786	0.480863422096	4	511	0	
225	0	185	step_1_no_load	1	2	2	0	
225	0	185	step_2_no_load	3	4	0.479703516092	0.482228039858	4	729	0	
225	0	186	step_1_no_load	1	2	1	8	
225	0	186	step_2_no_load	3	4	0.46870859828	0.484672582719	3	410	0	
225	0	187	step_1_no_load	1	2	1	30	
225	0	187	step_2_no_load	3	4	0.443962917772	0.498596507669	3	568	1	
225	0	188	step_1_no_load	1	2	2	494	
225	0	188	step_2_no_load	5	6	0.696362660087	0.291508050861	5	385	0	
225	0	189	step_1_no_load	1	2	2	0	
225	0	189	step_2_no_load	3	4	0.448897869069	0.534753756004	3	1016	0	
225	0	190	step_1_no_load	1	2	2	441	
225	0	190	step_2_no_load	5	6	0.667655825994	0.304557739386	5	1005	0	
225	0	191	step_1_no_load	1	2	1	0	
225	0	191	step_2_no_load	3	4	0.435748387321	0.512103523931	4	698	0	
225	0	192	step_1_no_load	1	2	2	207	
225	0	192	step_2_no_load	3	4	0.450791310283	0.493851022417	4	537	1	
225	0	193	step_1_no_load	1	2	1	321	
225	0	193	step_2_no_load	3	4	0.440813209638	0.504944704439	3	429	1	
225	0	194	step_1_no_load	1	2	2	221	
225	0	194	step_2_no_load	3	4	0.433250459893	0.505359594715	4	592	1	
225	0	195	step_1_no_load	1	2	1	279	
225	0	195	step_2_no_load	3	4	0.466795336969	0.494102184238	3	468	0	
225	0	196	step_1_no_load	1	2	1	63	
225	0	196	step_2_no_load	3	4	0.421761207498	0.496717662777	3	727	0	
225	0	197	step_1_no_load	1	2	1	268	
225	0	197	step_2_no_load	3	4	0.422511153127	0.47786945426	3	927	0	
225	0	198	step_1_no_load	1	2	1	269	
225	0	198	step_2_no_load	3	4	0.397292432346	0.485065498391	4	484	0	
225	0	199	step_1_no_load	1	2	2	286	
225	0	199	step_2_no_load	5	6	0.73697129762	0.292861528884	5	733	1	
225	0	200	step_1_no_load	1	2	2	513	
225	0	200	step_2_no_load	5	6	0.728996708473	0.299128796668	5	524	1	

Thu Apr  4 17:01:33 2019
