Tue Apr  9 14:46:19 2019	
228	0	1	step_1_no_load	1	2	1	717	
228	0	1	step_2_no_load	5	6	0.598297890399	0.457620150462	5	439	1	
228	0	2	step_1_no_load	1	2	1	447	
228	0	2	step_2_no_load	3	4	0.610961032466	0.533203491871	3	800	1	
228	0	3	step_1_no_load	1	2	1	328	
228	0	3	step_2_no_load	3	4	0.589215227351	0.516002945397	3	263	0	
228	0	4	step_1_no_load	1	2	2	361	
228	0	4	step_2_no_load	3	4	0.564086293706	0.494597764192	3	374	1	
228	0	5	step_1_no_load	1	2	1	305	
228	0	5	step_2_no_load	3	4	0.576104915614	0.543908521457	3	234	1	
228	0	6	step_1_no_load	1	2	2	357	
228	0	6	step_2_no_load	5	6	0.585722686883	0.506877622204	5	278	0	
228	0	7	step_1_no_load	1	2	1	419	
228	0	7	step_2_no_load	5	6	0.568656746487	0.500071913476	6	280	1	
228	0	8	step_1_no_load	1	2	1	281	
228	0	8	step_2_no_load	5	6	0.59128639594	0.489816616396	5	232	1	
228	0	9	step_1_no_load	1	2	2	377	
228	0	9	step_2_no_load	5	6	0.598049061473	0.496546708465	5	250	0	
228	0	10	step_1_no_load	1	2	1	273	
228	0	10	step_2_no_load	5	6	0.652626043146	0.482364178155	5	203	1	
228	0	11	step_1_no_load	1	2	1	355	
228	0	11	step_2_no_load	5	6	0.69163818036	0.477013315682	6	218	0	
228	0	12	step_1_no_load	1	2	1	416	
228	0	12	step_2_no_load	3	4	0.552770607849	0.597131918027	3	305	1	
228	0	13	step_1_no_load	1	2	2	435	
228	0	13	step_2_no_load	5	6	0.653587098421	0.52012981853	5	259	0	
228	0	14	step_1_no_load	1	2	2	246	
228	0	14	step_2_no_load	5	6	0.629137942344	0.491234392147	6	1	1	
228	0	15	step_1_no_load	1	2	1	256	
228	0	15	step_2_no_load	5	6	0.612260006668	0.505377237737	5	58	1	
228	0	16	step_1_no_load	1	2	1	274	
228	0	16	step_2_no_load	3	4	0.553308964466	0.626326396372	3	102	1	
228	0	17	step_1_no_load	1	2	1	276	
228	0	17	step_2_no_load	3	4	0.562895132605	0.643116883134	3	295	0	
228	0	18	step_1_no_load	1	2	2	265	
228	0	18	step_2_no_load	3	4	0.553554620302	0.626895526976	4	267	1	
228	0	19	step_1_no_load	1	2	2	413	
228	0	19	step_2_no_load	3	4	0.536502319591	0.644773170243	3	269	0	
228	0	20	step_1_no_load	1	2	1	311	
228	0	20	step_2_no_load	3	4	0.491720931314	0.60665343963	4	246	1	
228	0	21	step_1_no_load	1	2	1	353	
228	0	21	step_2_no_load	3	4	0.470207377245	0.611328949295	4	221	1	
228	0	22	step_1_no_load	1	2	1	285	
228	0	22	step_2_no_load	3	4	0.468700882609	0.618527126547	4	268	1	
228	0	23	step_1_no_load	1	2	1	449	
228	0	23	step_2_no_load	5	6	0.640163623731	0.520606588181	6	238	0	
228	0	24	step_1_no_load	1	2	1	319	
228	0	24	step_2_no_load	3	4	0.503316199018	0.5800912085	4	1303	0	
228	0	25	step_1_no_load	1	2	1	486	
228	0	25	step_2_no_load	3	4	0.503605105412	0.629917901014	3	1251	0	
228	0	26	step_1_no_load	1	2	2	599	
228	0	26	step_2_no_load	5	6	0.592410219737	0.511744353778	5	530	0	
228	0	27	step_1_no_load	1	2	1	414	
228	0	27	step_2_no_load	3	4	0.54756089792	0.642144756622	4	639	0	
228	0	28	step_1_no_load	1	2	1	502	
228	0	28	step_2_no_load	3	4	0.553259388875	0.647441527317	3	1346	1	
228	0	29	step_1_no_load	1	2	1	623	
228	0	29	step_2_no_load	5	6	0.606613029227	0.521159009103	5	717	1	
228	0	30	step_1_no_load	1	2	1	646	
228	0	30	step_2_no_load	3	4	0.574272497114	0.610227092493	4	1315	0	
228	0	31	step_1_no_load	1	2	2	757	
228	0	31	step_2_no_load	3	4	0.541819886458	0.606122691795	3	1290	1	
228	0	32	step_1_no_load	1	2	2	1043	
228	0	32	step_2_no_load	5	6	0.634585171267	0.520318771114	5	630	0	
228	0	33	step_1_no_load	1	2	2	735	
228	0	33	step_2_no_load	5	6	0.611700032906	0.487664344039	5	535	0	
228	0	34	step_1_no_load	1	2	1	527	
228	0	34	step_2_no_load	3	4	0.538523758058	0.670290552209	3	932	1	
228	0	35	step_1_no_load	1	2	1	369	
228	0	35	step_2_no_load	3	4	0.594167768198	0.649776015006	4	795	1	
228	0	36	step_1_no_load	1	2	1	405	
228	0	36	step_2_no_load	3	4	0.611274573488	0.661229326326	4	530	0	
228	0	37	step_1_no_load	1	2	2	331	
228	0	37	step_2_no_load	5	6	0.513822304161	0.543074626387	5	552	0	
228	0	38	step_1_no_load	1	2	2	520	
228	0	38	step_2_no_load	5	6	0.539078491643	0.553931241266	6	542	1	
228	0	39	step_1_no_load	1	2	1	304	
228	0	39	step_2_no_load	3	4	0.610601635554	0.634483337633	3	781	1	
228	0	40	step_1_no_load	1	2	2	439	
228	0	40	step_2_no_load	5	6	0.580760785074	0.5691386571	6	786	0	
228	0	41	step_1_no_load	1	2	2	394	
228	0	41	step_2_no_load	5	6	0.524862294848	0.583829055298	5	521	1	
228	0	42	step_1_no_load	1	2	1	425	
228	0	42	step_2_no_load	3	4	0.609164606591	0.606696263624	4	1112	0	
228	0	43	step_1_no_load	1	2	1	443	
228	0	43	step_2_no_load	3	4	0.612705031264	0.581931546759	3	529	0	
228	0	44	step_1_no_load	1	2	1	330	
228	0	44	step_2_no_load	3	4	0.611481438855	0.589653131867	3	479	1	
228	0	45	step_1_no_load	1	2	2	259	
228	0	45	step_2_no_load	5	6	0.579346234508	0.5288039409	5	377	1	
228	0	46	step_1_no_load	1	2	2	332	
228	0	46	step_2_no_load	5	6	0.55511883717	0.532238720495	5	442	1	
228	0	47	step_1_no_load	1	2	2	333	
228	0	47	step_2_no_load	3	4	0.598724660986	0.634373567175	3	1223	0	
228	0	48	step_1_no_load	1	2	2	595	
228	0	48	step_2_no_load	5	6	0.534690828011	0.488280685105	5	652	0	
228	0	49	step_1_no_load	1	2	1	371	
228	0	49	step_2_no_load	5	6	0.512405963374	0.489287375157	5	537	1	
228	0	50	step_1_no_load	1	2	1	412	
228	0	50	step_2_no_load	5	6	0.481616544184	0.47381367271	5	500	1	
228	0	51	step_1_no_load	1	2	1	356	
228	0	51	step_2_no_load	5	6	0.508197321577	0.469943944943	5	475	1	
228	0	52	step_1_no_load	1	2	1	301	
228	0	52	step_2_no_load	3	4	0.539065404057	0.613408921915	4	877	0	
228	0	53	step_1_no_load	1	2	1	390	
228	0	53	step_2_no_load	5	6	0.475342927439	0.451905460347	5	733	1	
228	0	54	step_1_no_load	1	2	2	358	
228	0	54	step_2_no_load	5	6	0.493362545513	0.491512498697	5	433	1	
228	0	55	step_1_no_load	1	2	2	599	
228	0	55	step_2_no_load	5	6	0.526704292526	0.487025527704	5	563	0	
228	0	56	step_1_no_load	1	2	2	351	
228	0	56	step_2_no_load	5	6	0.538512915562	0.459773408493	5	817	1	
228	0	57	step_1_no_load	1	2	2	448	
228	0	57	step_2_no_load	5	6	0.516475618243	0.466449077359	5	584	1	
228	0	58	step_1_no_load	1	2	1	439	
228	0	58	step_2_no_load	3	4	0.664682809182	0.610896130115	3	920	1	
228	0	59	step_1_no_load	1	2	1	580	
228	0	59	step_2_no_load	3	4	0.632500293208	0.608951267756	3	578	0	
228	0	60	step_1_no_load	1	2	2	383	
228	0	60	step_2_no_load	5	6	0.479287247283	0.491916707098	5	386	0	
228	0	61	step_1_no_load	1	2	2	303	
228	0	61	step_2_no_load	5	6	0.527144452559	0.464268875813	5	417	1	
228	0	62	step_1_no_load	1	2	2	510	
228	0	62	step_2_no_load	5	6	0.533031417444	0.50724109756	5	403	0	
228	0	63	step_1_no_load	1	2	2	257	
228	0	63	step_2_no_load	5	6	0.519445130796	0.53192660365	5	382	1	
228	0	64	step_1_no_load	1	2	2	251	
228	0	64	step_2_no_load	5	6	0.533849886794	0.555062911513	5	450	0	
228	0	65	step_1_no_load	1	2	2	380	
228	0	65	step_2_no_load	5	6	0.517687993213	0.569109504048	5	421	1	
228	0	66	step_1_no_load	1	2	2	534	
228	0	66	step_2_no_load	3	4	0.606938648072	0.630357351236	4	890	0	
228	0	67	step_1_no_load	1	2	2	834	
228	0	67	step_2_no_load	5	6	0.538279387614	0.542076810516	5	602	1	
228	0	68	step_1_no_load	1	2	1	1026	
228	0	68	step_2_no_load	3	4	0.622963076372	0.719455209845	3	1151	0	
228	0	69	step_1_no_load	1	2	2	294	
228	0	69	step_2_no_load	5	6	0.560462111264	0.499137600991	5	386	0	
228	0	70	step_1_no_load	1	2	2	306	
228	0	70	step_2_no_load	5	6	0.548075770764	0.498834901463	6	384	1	
228	0	71	step_1_no_load	1	2	2	263	
228	0	71	step_2_no_load	3	4	0.639174917797	0.706816191949	4	1024	1	
228	0	72	step_1_no_load	1	2	2	304	
228	0	72	step_2_no_load	5	6	0.556486305476	0.47409116389	6	716	0	
228	0	73	step_1_no_load	1	2	2	507	
228	0	73	step_2_no_load	5	6	0.50185699984	0.435957313805	5	650	1	
228	0	74	step_1_no_load	1	2	2	381	
228	0	74	step_2_no_load	5	6	0.491044983779	0.453420386428	5	456	0	
228	0	75	step_1_no_load	1	2	2	549	
228	0	75	step_2_no_load	5	6	0.483983914712	0.44832280175	5	663	0	
228	0	76	step_1_no_load	1	2	1	285	
228	0	76	step_2_no_load	3	4	0.62770291155	0.690117652944	4	429	1	
228	0	77	step_1_no_load	1	2	1	288	
228	0	77	step_2_no_load	3	4	0.564257587118	0.679737625371	4	366	0	
228	0	78	step_1_no_load	1	2	1	251	
228	0	78	step_2_no_load	5	6	0.538654072849	0.435911167612	5	759	1	
228	0	79	step_1_no_load	1	2	1	240	
228	0	79	step_2_no_load	3	4	0.513695512795	0.647841624544	4	438	1	
228	0	80	step_1_no_load	1	2	1	380	
228	0	80	step_2_no_load	3	4	0.518583383166	0.703969305517	4	432	1	
228	0	81	step_1_no_load	1	2	1	320	
228	0	81	step_2_no_load	3	4	0.529745690463	0.702400933084	4	284	0	
228	0	82	step_1_no_load	1	2	1	257	
228	0	82	step_2_no_load	5	6	0.482727017837	0.395813831323	6	358	0	
228	0	83	step_1_no_load	1	2	1	377	
228	0	83	step_2_no_load	3	4	0.607907985871	0.726885136842	4	621	1	
228	0	84	step_1_no_load	1	2	1	528	
228	0	84	step_2_no_load	3	4	0.65843840156	0.731466635793	4	951	1	
228	0	85	step_1_no_load	1	2	1	1295	
228	0	85	step_2_no_load	3	4	0.692384972752	0.712989604416	4	683	1	
228	0	86	step_1_no_load	1	2	1	287	
228	0	86	step_2_no_load	5	6	0.486462788728	0.345323068124	6	223	0	
228	0	87	step_1_no_load	1	2	1	567	
228	0	87	step_2_no_load	5	6	0.493867001103	0.40000499778	5	605	1	
228	0	88	step_1_no_load	1	2	1	298	
228	0	88	step_2_no_load	3	4	0.717410082358	0.696773608304	4	533	0	
228	0	89	step_1_no_load	1	2	2	278	
228	0	89	step_2_no_load	5	6	0.490019385174	0.415882489686	5	361	1	
228	0	90	step_1_no_load	1	2	2	313	
228	0	90	step_2_no_load	3	4	0.712247848046	0.688736868033	4	803	0	
228	0	91	step_1_no_load	1	2	2	521	
228	0	91	step_2_no_load	5	6	0.479087223222	0.43534164751	5	518	1	
228	0	92	step_1_no_load	1	2	2	414	
228	0	92	step_2_no_load	5	6	0.484260039873	0.444368850664	5	486	0	
228	0	93	step_1_no_load	1	2	2	539	
228	0	93	step_2_no_load	5	6	0.473273727684	0.439878153082	5	890	0	
228	0	94	step_1_no_load	1	2	1	406	
228	0	94	step_2_no_load	5	6	0.468637558205	0.429211756872	5	995	1	
228	0	95	step_1_no_load	1	2	1	309	
228	0	95	step_2_no_load	3	4	0.715495469274	0.640209855442	4	1031	1	
228	0	96	step_1_no_load	1	2	1	322	
228	0	96	step_2_no_load	5	6	0.437558890646	0.383038640121	5	924	1	
228	0	97	step_1_no_load	1	2	1	323	
228	0	97	step_2_no_load	5	6	0.455601814112	0.392885664353	5	636	0	
228	0	98	step_1_no_load	1	2	1	1046	
228	0	98	step_2_no_load	3	4	0.70287861952	0.646040060297	4	635	1	
228	0	99	step_1_no_load	1	2	1	364	
228	0	99	step_2_no_load	3	4	0.673709850038	0.645191748454	4	611	1	
228	0	100	step_1_no_load	1	2	1	400	
228	0	100	step_2_no_load	5	6	0.363162156005	0.4333505304	5	883	1	
228	0	101	step_1_no_load	1	2	1	416	
228	0	101	step_2_no_load	5	6	0.366879421891	0.497432607584	6	429	0	
228	0	102	step_1_no_load	1	2	1	310	
228	0	102	step_2_no_load	3	4	0.666304534392	0.663124617603	4	753	1	
228	0	103	step_1_no_load	1	2	1	465	
228	0	103	step_2_no_load	3	4	0.663997796029	0.69058998368	4	607	0	
228	0	104	step_1_no_load	1	2	2	385	
228	0	104	step_2_no_load	5	6	0.303696146503	0.521047445908	5	515	0	
228	0	105	step_1_no_load	1	2	2	504	
228	0	105	step_2_no_load	5	6	0.352639603242	0.514318365187	6	456	0	
228	0	106	step_1_no_load	1	2	2	402	
228	0	106	step_2_no_load	5	6	0.374131494222	0.508908032404	5	604	1	
228	0	107	step_1_no_load	1	2	2	254	
228	0	107	step_2_no_load	5	6	0.388257337796	0.565220528809	5	558	1	
228	0	108	step_1_no_load	1	2	2	257	
228	0	108	step_2_no_load	5	6	0.388185708856	0.526955028982	5	374	1	
228	0	109	step_1_no_load	1	2	2	513	
228	0	109	step_2_no_load	3	4	0.71632547018	0.68658494263	4	904	0	
228	0	110	step_1_no_load	1	2	2	275	
228	0	110	step_2_no_load	5	6	0.395544455384	0.432626681236	5	497	1	
228	0	111	step_1_no_load	1	2	2	288	
228	0	111	step_2_no_load	5	6	0.407158158569	0.384948378665	5	570	0	
228	0	112	step_1_no_load	1	2	2	333	
228	0	112	step_2_no_load	5	6	0.413393106784	0.392887565883	5	509	0	
228	0	113	step_1_no_load	1	2	1	520	
228	0	113	step_2_no_load	3	4	0.719324307956	0.634627459817	4	596	1	
228	0	114	step_1_no_load	1	2	1	474	
228	0	114	step_2_no_load	3	4	0.718213323791	0.657654904272	4	433	1	
228	0	115	step_1_no_load	1	2	1	806	
228	0	115	step_2_no_load	3	4	0.739704344621	0.645721217949	4	679	1	
228	0	116	step_1_no_load	1	2	1	586	
228	0	116	step_2_no_load	3	4	0.706736514943	0.680124293449	4	546	1	
228	0	117	step_1_no_load	1	2	1	337	
228	0	117	step_2_no_load	3	4	0.747012267642	0.671842537277	4	335	1	
228	0	118	step_1_no_load	1	2	1	580	
228	0	118	step_2_no_load	3	4	0.740051715856	0.690484235012	4	416	1	
228	0	119	step_1_no_load	1	2	1	293	
228	0	119	step_2_no_load	5	6	0.358243439099	0.357515098446	5	851	0	
228	0	120	step_1_no_load	1	2	2	365	
228	0	120	step_2_no_load	5	6	0.333809617664	0.370150243662	5	454	0	
228	0	121	step_1_no_load	1	2	1	315	
228	0	121	step_2_no_load	3	4	0.658856304095	0.671052306195	4	398	0	
228	0	122	step_1_no_load	1	2	1	331	
228	0	122	step_2_no_load	3	4	0.6136886145	0.672193618854	3	435	0	
228	0	123	step_1_no_load	1	2	2	393	
228	0	123	step_2_no_load	5	6	0.269780614928	0.337526896345	6	430	0	
228	0	124	step_1_no_load	1	2	2	371	
228	0	124	step_2_no_load	5	6	0.26095206597	0.309430836661	5	391	0	
228	0	125	step_1_no_load	1	2	2	462	
228	0	125	step_2_no_load	5	6	0.290374841566	0.303110862715	5	516	1	
228	0	126	step_1_no_load	1	2	2	253	
228	0	126	step_2_no_load	3	4	0.537863824328	0.600985760967	4	879	0	
228	0	127	step_1_no_load	1	2	2	338	
228	0	127	step_2_no_load	3	4	0.560824094575	0.646945556251	3	446	1	
228	0	128	step_1_no_load	1	2	2	389	
228	0	128	step_2_no_load	5	6	0.260252451606	0.250790232267	5	354	1	
228	0	129	step_1_no_load	1	2	2	541	
228	0	129	step_2_no_load	5	6	0.268213321963	0.271709703542	5	527	0	
228	0	130	step_1_no_load	1	2	2	682	
228	0	130	step_2_no_load	3	4	0.682031489739	0.630285316669	3	496	1	
228	0	131	step_1_no_load	1	2	2	417	
228	0	131	step_2_no_load	3	4	0.678044920845	0.638450601212	4	929	1	
228	0	132	step_1_no_load	1	2	2	286	
228	0	132	step_2_no_load	5	6	0.27986961048	0.315328810424	5	756	0	
228	0	133	step_1_no_load	1	2	1	526	
228	0	133	step_2_no_load	5	6	0.315608831386	0.312642735495	5	996	1	
228	0	134	step_1_no_load	1	2	1	307	
228	0	134	step_2_no_load	5	6	0.287393715313	0.302839427162	5	917	0	
228	0	135	step_1_no_load	1	2	1	939	
228	0	135	step_2_no_load	3	4	0.593710006149	0.700779221781	3	915	1	
228	0	136	step_1_no_load	1	2	1	359	
228	0	136	step_2_no_load	3	4	0.597814413435	0.674914008636	3	402	1	
228	0	137	step_1_no_load	1	2	1	330	
228	0	137	step_2_no_load	3	4	0.605896884497	0.668540846495	3	338	1	
228	0	138	step_1_no_load	1	2	1	630	
228	0	138	step_2_no_load	5	6	0.366701525561	0.307694123906	5	521	1	
228	0	139	step_1_no_load	1	2	1	354	
228	0	139	step_2_no_load	5	6	0.325611400511	0.323660750961	5	464	1	
228	0	140	step_1_no_load	1	2	1	261	
228	0	140	step_2_no_load	3	4	0.671213945178	0.637682840728	3	322	0	
228	0	141	step_1_no_load	1	2	1	262	
228	0	141	step_2_no_load	3	4	0.711987889705	0.616803346728	3	382	1	
228	0	142	step_1_no_load	1	2	1	308	
228	0	142	step_2_no_load	3	4	0.690276058009	0.627356259123	3	670	1	
228	0	143	step_1_no_load	1	2	1	277	
228	0	143	step_2_no_load	3	4	0.661365099615	0.610219102298	3	457	1	
228	0	144	step_1_no_load	1	2	1	554	
228	0	144	step_2_no_load	5	6	0.389234194056	0.275932517017	5	461	0	
228	0	145	step_1_no_load	1	2	1	307	
228	0	145	step_2_no_load	3	4	0.6669125229	0.606515632748	3	537	1	
228	0	146	step_1_no_load	1	2	1	390	
228	0	146	step_2_no_load	3	4	0.681611991725	0.593778463268	3	458	0	
228	0	147	step_1_no_load	1	2	1	1029	
228	0	147	step_2_no_load	3	4	0.647798886916	0.594861186319	3	517	0	
228	0	148	step_1_no_load	1	2	2	377	
228	0	148	step_2_no_load	5	6	0.311162711725	0.305288021243	5	462	1	
228	0	149	step_1_no_load	1	2	2	324	
228	0	149	step_2_no_load	3	4	0.601870110183	0.623203869836	3	1092	0	
228	0	150	step_1_no_load	1	2	2	302	
228	0	150	step_2_no_load	5	6	0.306860041627	0.305587692243	5	385	0	
228	0	151	step_1_no_load	1	2	1	294	
228	0	151	step_2_no_load	3	4	0.59154759351	0.614159737668	4	735	1	
228	0	152	step_1_no_load	1	2	1	247	
228	0	152	step_2_no_load	3	4	0.595108765344	0.644204174791	4	893	1	
228	0	153	step_1_no_load	1	2	1	397	
228	0	153	step_2_no_load	5	6	0.343622632154	0.309356532263	5	1335	0	
228	0	154	step_1_no_load	1	2	1	483	
228	0	154	step_2_no_load	3	4	0.638934099562	0.671672162443	4	399	0	
228	0	155	step_1_no_load	1	2	1	271	
228	0	155	step_2_no_load	5	6	0.372188990474	0.296093457977	6	268	0	
228	0	156	step_1_no_load	1	2	2	288	
228	0	156	step_2_no_load	3	4	0.631048201903	0.734436160799	3	577	1	
228	0	157	step_1_no_load	1	2	2	525	
228	0	157	step_2_no_load	5	6	0.324728201487	0.350909357271	5	792	0	
228	0	158	step_1_no_load	1	2	2	526	
228	0	158	step_2_no_load	5	6	0.334595868098	0.408728803896	5	712	1	
228	0	159	step_1_no_load	1	2	2	454	
228	0	159	step_2_no_load	5	6	0.321150411254	0.413026375257	5	940	0	
228	0	160	step_1_no_load	1	2	2	616	
228	0	160	step_2_no_load	5	6	0.355992626298	0.415052912783	5	1087	0	
228	0	161	step_1_no_load	1	2	2	265	
228	0	161	step_2_no_load	5	6	0.438878285506	0.407025633682	6	492	1	
228	0	162	step_1_no_load	1	2	2	297	
228	0	162	step_2_no_load	3	4	0.566496468084	0.695144769903	3	848	0	
228	0	163	step_1_no_load	1	2	2	277	
228	0	163	step_2_no_load	3	4	0.5863391277	0.697095951435	4	1051	0	
228	0	164	step_1_no_load	1	2	2	343	
228	0	164	step_2_no_load	5	6	0.430844125626	0.432761720497	6	477	0	
228	0	165	step_1_no_load	1	2	2	338	
228	0	165	step_2_no_load	5	6	0.347974240867	0.463777557969	6	577	1	
228	0	166	step_1_no_load	1	2	2	471	
228	0	166	step_2_no_load	3	4	0.549095060025	0.686594248975	4	1059	0	
228	0	167	step_1_no_load	1	2	2	447	
228	0	167	step_2_no_load	5	6	0.331115714939	0.38753671275	6	605	0	
228	0	168	step_1_no_load	1	2	1	261	
228	0	168	step_2_no_load	3	4	0.613361520676	0.67192508984	4	633	1	
228	0	169	step_1_no_load	1	2	1	244	
228	0	169	step_2_no_load	3	4	0.586049140041	0.704981910944	4	638	0	
228	0	170	step_1_no_load	1	2	1	443	
228	0	170	step_2_no_load	3	4	0.57151385403	0.67334314737	3	883	1	
228	0	171	step_1_no_load	1	2	1	424	
228	0	171	step_2_no_load	3	4	0.553314431843	0.727248140829	3	465	1	
228	0	172	step_1_no_load	1	2	1	297	
228	0	172	step_2_no_load	5	6	0.490120307546	0.363617002148	5	675	1	
228	0	173	step_1_no_load	1	2	1	436	
228	0	173	step_2_no_load	5	6	0.462866379815	0.385349297983	5	631	1	
228	0	174	step_1_no_load	1	2	1	281	
228	0	174	step_2_no_load	3	4	0.472729524832	0.729877433725	3	497	0	
228	0	175	step_1_no_load	1	2	1	315	
228	0	175	step_2_no_load	3	4	0.52644949356	0.693968268443	3	462	1	
228	0	176	step_1_no_load	1	2	1	295	
228	0	176	step_2_no_load	3	4	0.474046874473	0.679250000396	3	279	1	
228	0	177	step_1_no_load	1	2	1	360	
228	0	177	step_2_no_load	5	6	0.4798184927	0.357425668099	5	520	0	
228	0	178	step_1_no_load	1	2	1	286	
228	0	178	step_2_no_load	3	4	0.493712351915	0.705993797498	3	392	0	
228	0	179	step_1_no_load	1	2	1	451	
228	0	179	step_2_no_load	5	6	0.493565996034	0.324685418097	5	1080	0	
228	0	180	step_1_no_load	1	2	1	1022	
228	0	180	step_2_no_load	3	4	0.482853857291	0.719795072986	3	1149	1	
228	0	181	step_1_no_load	1	2	1	453	
228	0	181	step_2_no_load	3	4	0.508735114046	0.746910336326	3	462	0	
228	0	182	step_1_no_load	1	2	1	305	
228	0	182	step_2_no_load	5	6	0.49907747228	0.340533666308	6	761	1	
228	0	183	step_1_no_load	1	2	1	492	
228	0	183	step_2_no_load	3	4	0.502991759047	0.720388040749	3	831	0	
228	0	184	step_1_no_load	1	2	1	216	
228	0	184	step_2_no_load	5	6	0.480863422096	0.362743255194	6	686	0	
228	0	185	step_1_no_load	1	2	1	348	
228	0	185	step_2_no_load	3	4	0.479703516092	0.665622647081	4	763	0	
228	0	186	step_1_no_load	1	2	1	308	
228	0	186	step_2_no_load	5	6	0.484672582719	0.332733011923	5	400	1	
228	0	187	step_1_no_load	1	2	1	236	
228	0	187	step_2_no_load	5	6	0.498596507669	0.328890769988	5	578	0	
228	0	188	step_1_no_load	1	2	1	197	
228	0	188	step_2_no_load	3	4	0.471319680586	0.696362660087	3	718	0	
228	0	189	step_1_no_load	1	2	2	299	
228	0	189	step_2_no_load	3	4	0.448897869069	0.688353284054	3	536	1	
228	0	190	step_1_no_load	1	2	2	312	
228	0	190	step_2_no_load	5	6	0.505820429042	0.304557739386	5	520	0	
228	0	191	step_1_no_load	1	2	2	245	
228	0	191	step_2_no_load	5	6	0.512103523931	0.318839908867	6	391	1	
228	0	192	step_1_no_load	1	2	2	250	
228	0	192	step_2_no_load	3	4	0.450791310283	0.705517419189	4	816	0	
228	0	193	step_1_no_load	1	2	2	340	
228	0	193	step_2_no_load	5	6	0.504944704439	0.321008037746	6	1030	0	
228	0	194	step_1_no_load	1	2	2	0	
228	0	194	step_2_no_load	3	4	0.433250459893	0.655261361454	3	516	0	
228	0	195	step_1_no_load	1	2	2	386	
228	0	195	step_2_no_load	5	6	0.494102184238	0.348571348505	6	624	0	
228	0	196	step_1_no_load	1	2	2	277	
228	0	196	step_2_no_load	3	4	0.421761207498	0.695101215304	3	711	0	
228	0	197	step_1_no_load	1	2	2	307	
228	0	197	step_2_no_load	5	6	0.47786945426	0.316987700969	6	550	0	
228	0	198	step_1_no_load	1	2	2	545	
228	0	198	step_2_no_load	5	6	0.485065498391	0.303352625941	5	439	0	
228	0	199	step_1_no_load	1	2	1	12	
228	0	199	step_2_no_load	5	6	0.529438031858	0.292861528884	5	468	1	
228	0	200	step_1_no_load	1	2	1	311	
228	0	200	step_2_no_load	3	4	0.372436949782	0.728996708473	3	747	1	

Tue Apr  9 15:03:53 2019
