Thu Apr 11 16:58:21 2019	
229	0	1	step_1_no_load	1	2	-1	-1	
229	0	2	step_1_no_load	1	2	2	506	
229	0	2	step_2_no_load	3	4	0.610961032466	0.533203491871	4	414	1	
229	0	3	step_1_no_load	1	2	2	1150	
229	0	3	step_2_no_load	3	4	0.589215227351	0.516002945397	4	115	1	
229	0	4	step_1_no_load	1	2	2	1278	
229	0	4	step_2_no_load	5	6	0.478607661228	0.597491569846	5	704	0	
229	0	5	step_1_no_load	1	2	2	798	
229	0	5	step_2_no_load	5	6	0.495568760483	0.623810210114	6	175	0	
229	0	6	step_1_no_load	1	2	2	658	
229	0	6	step_2_no_load	5	6	0.506877622204	0.585722686883	6	686	0	
229	0	7	step_1_no_load	1	2	2	593	
229	0	7	step_2_no_load	3	4	0.622642364361	0.506408070053	4	1054	1	
229	0	8	step_1_no_load	1	2	2	704	
229	0	8	step_2_no_load	5	6	0.489816616396	0.59128639594	6	522	0	
229	0	9	step_1_no_load	1	2	1	953	
229	0	9	step_2_no_load	3	4	0.641106877158	0.54429228266	-1	-1	-1	
229	0	10	step_1_no_load	1	2	2	333	
229	0	10	step_2_no_load	5	6	0.482364178155	0.652626043146	6	470	1	
229	0	11	step_1_no_load	1	2	2	495	
229	0	11	step_2_no_load	5	6	0.477013315682	0.69163818036	6	577	0	
229	0	12	step_1_no_load	1	2	1	340	
229	0	12	step_2_no_load	5	6	0.48457206759	0.682786328054	5	776	0	
229	0	13	step_1_no_load	1	2	2	478	
229	0	13	step_2_no_load	3	4	0.558313135925	0.595790490356	4	589	0	
229	0	14	step_1_no_load	1	2	1	630	
229	0	14	step_2_no_load	3	4	0.545555696267	0.611256675753	3	696	0	
229	0	15	step_1_no_load	1	2	1	1210	
229	0	15	step_2_no_load	3	4	0.570419113221	0.633564630036	3	226	1	
229	0	16	step_1_no_load	1	2	1	926	
229	0	16	step_2_no_load	3	4	0.553308964466	0.626326396372	-1	-1	-1	
229	0	17	step_1_no_load	1	2	2	874	
229	0	17	step_2_no_load	5	6	0.535958400205	0.633350170016	6	766	0	
229	0	18	step_1_no_load	1	2	1	1314	
229	0	18	step_2_no_load	5	6	0.517514133912	0.626834332012	5	720	1	
229	0	19	step_1_no_load	1	2	2	1123	
229	0	19	step_2_no_load	5	6	0.498240186199	0.619895761657	6	89	1	
229	0	20	step_1_no_load	1	2	2	656	
229	0	20	step_2_no_load	5	6	0.478025448397	0.636521555122	6	393	1	
229	0	21	step_1_no_load	1	2	2	1096	
229	0	21	step_2_no_load	5	6	0.49769376036	0.630305464549	5	55	1	
229	0	22	step_1_no_load	1	2	1	1219	
229	0	22	step_2_no_load	3	4	0.468700882609	0.618527126547	4	701	0	
229	0	23	step_1_no_load	1	2	2	959	
229	0	23	step_2_no_load	3	4	0.513759772011	0.604065470975	3	590	0	
229	0	24	step_1_no_load	1	2	2	1416	
229	0	24	step_2_no_load	5	6	0.505388876622	0.582115115688	6	959	1	
229	0	25	step_1_no_load	1	2	2	552	
229	0	25	step_2_no_load	5	6	0.503316372362	0.565698722896	6	241	0	
229	0	26	step_1_no_load	1	2	2	745	
229	0	26	step_2_no_load	5	6	0.511744353778	0.592410219737	6	207	1	
229	0	27	step_1_no_load	1	2	2	868	
229	0	27	step_2_no_load	3	4	0.54756089792	0.642144756622	4	799	0	
229	0	28	step_1_no_load	1	2	2	1173	
229	0	28	step_2_no_load	5	6	0.520177259699	0.588356036098	6	810	1	
229	0	29	step_1_no_load	1	2	-1	-1	
229	0	30	step_1_no_load	1	2	2	799	
229	0	30	step_2_no_load	5	6	0.4919199548	0.608245979832	6	42	0	
229	0	31	step_1_no_load	1	2	-1	-1	
229	0	32	step_1_no_load	1	2	2	914	
229	0	32	step_2_no_load	5	6	0.520318771114	0.634585171267	5	947	1	
229	0	33	step_1_no_load	1	2	2	981	
229	0	33	step_2_no_load	5	6	0.487664344039	0.611700032906	-1	-1	-1	
229	0	34	step_1_no_load	1	2	2	1070	
229	0	34	step_2_no_load	5	6	0.454565258478	0.575802910074	-1	-1	-1	
229	0	35	step_1_no_load	1	2	2	576	
229	0	35	step_2_no_load	5	6	0.491437207585	0.566827313385	6	569	1	
229	0	36	step_1_no_load	1	2	2	581	
229	0	36	step_2_no_load	5	6	0.513210053121	0.527635087561	6	181	0	
229	0	37	step_1_no_load	1	2	1	736	
229	0	37	step_2_no_load	3	4	0.598446394142	0.660658056664	3	88	1	
229	0	38	step_1_no_load	1	2	2	760	
229	0	38	step_2_no_load	5	6	0.553931241266	0.539078491643	6	139	0	
229	0	39	step_1_no_load	1	2	1	661	
229	0	39	step_2_no_load	3	4	0.610601635554	0.634483337633	3	1383	0	
229	0	40	step_1_no_load	1	2	1	786	
229	0	40	step_2_no_load	3	4	0.607992802154	0.636994900683	3	727	1	
229	0	41	step_1_no_load	1	2	-1	-1	
229	0	42	step_1_no_load	1	2	2	503	
229	0	42	step_2_no_load	5	6	0.553461946234	0.533857158543	-1	-1	-1	
229	0	43	step_1_no_load	1	2	2	596	
229	0	43	step_2_no_load	3	4	0.612705031264	0.581931546759	4	658	1	
229	0	44	step_1_no_load	1	2	2	724	
229	0	44	step_2_no_load	3	4	0.611481438855	0.589653131867	4	246	1	
229	0	45	step_1_no_load	1	2	2	888	
229	0	45	step_2_no_load	3	4	0.632991467829	0.620699591043	4	166	1	
229	0	46	step_1_no_load	1	2	2	559	
229	0	46	step_2_no_load	3	4	0.600964500555	0.654261318712	4	470	0	
229	0	47	step_1_no_load	1	2	2	651	
229	0	47	step_2_no_load	5	6	0.493112702321	0.546259467838	6	591	1	
229	0	48	step_1_no_load	1	2	2	707	
229	0	48	step_2_no_load	5	6	0.488280685105	0.534690828011	6	125	1	
229	0	49	step_1_no_load	1	2	1	828	
229	0	49	step_2_no_load	3	4	0.610193185592	0.614679490594	3	788	0	
229	0	50	step_1_no_load	1	2	2	1133	
229	0	50	step_2_no_load	5	6	0.47381367271	0.481616544184	5	491	1	
229	0	51	step_1_no_load	1	2	1	1111	
229	0	51	step_2_no_load	3	4	0.564866799699	0.613357430892	3	0	0	
229	0	52	step_1_no_load	1	2	1	750	
229	0	52	step_2_no_load	3	4	0.539065404057	0.613408921915	3	620	0	
229	0	53	step_1_no_load	1	2	2	718	
229	0	53	step_2_no_load	5	6	0.451905460347	0.475342927439	6	12	1	
229	0	54	step_1_no_load	1	2	1	760	
229	0	54	step_2_no_load	5	6	0.491512498697	0.493362545513	5	940	0	
229	0	55	step_1_no_load	1	2	1	666	
229	0	55	step_2_no_load	3	4	0.574045915747	0.639840796975	4	586	0	
229	0	56	step_1_no_load	1	2	1	744	
229	0	56	step_2_no_load	5	6	0.459773408493	0.538512915562	6	516	0	
229	0	57	step_1_no_load	1	2	2	1284	
229	0	57	step_2_no_load	5	6	0.466449077359	0.516475618243	6	523	1	
229	0	58	step_1_no_load	1	2	2	872	
229	0	58	step_2_no_load	5	6	0.478335218822	0.528376440027	6	568	0	
229	0	59	step_1_no_load	1	2	1	1273	
229	0	59	step_2_no_load	5	6	0.480274332693	0.537400760025	6	730	0	
229	0	60	step_1_no_load	1	2	1	742	
229	0	60	step_2_no_load	3	4	0.623687406259	0.599559577859	4	1043	1	
229	0	61	step_1_no_load	1	2	-1	-1	
229	0	62	step_1_no_load	1	2	2	388	
229	0	62	step_2_no_load	3	4	0.691137204746	0.622820395113	3	178	1	
229	0	63	step_1_no_load	1	2	2	681	
229	0	63	step_2_no_load	5	6	0.53192660365	0.519445130796	5	644	1	
229	0	64	step_1_no_load	1	2	2	657	
229	0	64	step_2_no_load	3	4	0.642369708469	0.626149195169	3	873	1	
229	0	65	step_1_no_load	1	2	2	1273	
229	0	65	step_2_no_load	5	6	0.569109504048	0.517687993213	6	908	0	
229	0	66	step_1_no_load	1	2	-1	-1	
229	0	67	step_1_no_load	1	2	2	342	
229	0	67	step_2_no_load	3	4	0.597650193897	0.674463681351	4	1013	0	
229	0	68	step_1_no_load	1	2	2	854	
229	0	68	step_2_no_load	5	6	0.509127161919	0.523301545299	6	90	1	
229	0	69	step_1_no_load	1	2	2	641	
229	0	69	step_2_no_load	5	6	0.499137600991	0.560462111264	-1	-1	-1	
229	0	70	step_1_no_load	1	2	1	603	
229	0	70	step_2_no_load	5	6	0.498834901463	0.548075770764	5	6	1	
229	0	71	step_1_no_load	1	2	2	494	
229	0	71	step_2_no_load	5	6	0.482863323776	0.546215110045	6	187	0	
229	0	72	step_1_no_load	1	2	1	626	
229	0	72	step_2_no_load	5	6	0.47409116389	0.556486305476	5	593	1	
229	0	73	step_1_no_load	1	2	2	662	
229	0	73	step_2_no_load	3	4	0.657126403029	0.727961155836	4	1177	1	
229	0	74	step_1_no_load	1	2	1	1100	
229	0	74	step_2_no_load	3	4	0.614462146454	0.693624670847	3	138	1	
229	0	75	step_1_no_load	1	2	1	903	
229	0	75	step_2_no_load	3	4	0.615552849174	0.697629587097	3	115	1	
229	0	76	step_1_no_load	1	2	1	687	
229	0	76	step_2_no_load	3	4	0.62770291155	0.690117652944	4	1043	0	
229	0	77	step_1_no_load	1	2	1	755	
229	0	77	step_2_no_load	3	4	0.564257587118	0.679737625371	3	520	1	
229	0	78	step_1_no_load	1	2	1	717	
229	0	78	step_2_no_load	5	6	0.435911167612	0.538654072849	-1	-1	-1	
229	0	79	step_1_no_load	1	2	2	1	
229	0	79	step_2_no_load	3	4	0.513695512795	0.647841624544	4	640	0	
229	0	80	step_1_no_load	1	2	1	962	
229	0	80	step_2_no_load	3	4	0.518583383166	0.703969305517	3	450	1	
229	0	81	step_1_no_load	1	2	2	810	
229	0	81	step_2_no_load	3	4	0.529745690463	0.702400933084	-1	-1	-1	
229	0	82	step_1_no_load	1	2	2	431	
229	0	82	step_2_no_load	5	6	0.395813831323	0.482727017837	5	350	1	
229	0	83	step_1_no_load	1	2	1	467	
229	0	83	step_2_no_load	5	6	0.382772464038	0.483255412498	5	39	0	
229	0	84	step_1_no_load	1	2	1	734	
229	0	84	step_2_no_load	3	4	0.65843840156	0.731466635793	4	687	1	
229	0	85	step_1_no_load	1	2	1	575	
229	0	85	step_2_no_load	3	4	0.692384972752	0.712989604416	4	885	0	
229	0	86	step_1_no_load	1	2	1	626	
229	0	86	step_2_no_load	3	4	0.691782850001	0.721207648497	3	867	1	
229	0	87	step_1_no_load	1	2	2	519	
229	0	87	step_2_no_load	5	6	0.40000499778	0.493867001103	6	673	1	
229	0	88	step_1_no_load	1	2	2	752	
229	0	88	step_2_no_load	5	6	0.377947492322	0.509563243675	6	450	1	
229	0	89	step_1_no_load	1	2	2	208	
229	0	89	step_2_no_load	3	4	0.690772436485	0.660112261017	4	654	0	
229	0	90	step_1_no_load	1	2	2	388	
229	0	90	step_2_no_load	5	6	0.411459496853	0.530126112124	6	0	1	
229	0	91	step_1_no_load	1	2	1	623	
229	0	91	step_2_no_load	3	4	0.685023809334	0.657820521772	3	662	1	
229	0	92	step_1_no_load	1	2	2	865	
229	0	92	step_2_no_load	5	6	0.444368850664	0.484260039873	6	620	1	
229	0	93	step_1_no_load	1	2	1	1118	
229	0	93	step_2_no_load	3	4	0.70415710998	0.662863370634	3	1	0	
229	0	94	step_1_no_load	1	2	2	375	
229	0	94	step_2_no_load	5	6	0.429211756872	0.468637558205	6	535	1	
229	0	95	step_1_no_load	1	2	2	993	
229	0	95	step_2_no_load	5	6	0.427150666411	0.42505578884	5	879	0	
229	0	96	step_1_no_load	1	2	2	691	
229	0	96	step_2_no_load	3	4	0.693739812506	0.663095813561	4	795	1	
229	0	97	step_1_no_load	1	2	1	897	
229	0	97	step_2_no_load	3	4	0.681272614291	0.651202057411	3	717	1	
229	0	98	step_1_no_load	1	2	2	1251	
229	0	98	step_2_no_load	3	4	0.70287861952	0.646040060297	-1	-1	-1	
229	0	99	step_1_no_load	1	2	2	1089	
229	0	99	step_2_no_load	5	6	0.397561363605	0.375249961522	5	883	1	
229	0	100	step_1_no_load	1	2	1	469	
229	0	100	step_2_no_load	5	6	0.4333505304	0.363162156005	6	927	0	
229	0	101	step_1_no_load	1	2	1	874	
229	0	101	step_2_no_load	3	4	0.623812401974	0.655903528958	3	1156	0	
229	0	102	step_1_no_load	1	2	2	497	
229	0	102	step_2_no_load	3	4	0.666304534392	0.663124617603	-1	-1	-1	
229	0	103	step_1_no_load	1	2	2	732	
229	0	103	step_2_no_load	5	6	0.481975449893	0.322834495838	6	797	0	
229	0	104	step_1_no_load	1	2	1	695	
229	0	104	step_2_no_load	5	6	0.521047445908	0.303696146503	6	688	0	
229	0	105	step_1_no_load	1	2	2	1092	
229	0	105	step_2_no_load	5	6	0.514318365187	0.352639603242	6	25	0	
229	0	106	step_1_no_load	1	2	2	620	
229	0	106	step_2_no_load	5	6	0.508908032404	0.374131494222	6	394	0	
229	0	107	step_1_no_load	1	2	2	435	
229	0	107	step_2_no_load	3	4	0.692607431435	0.677514185929	4	343	1	
229	0	108	step_1_no_load	1	2	2	380	
229	0	108	step_2_no_load	5	6	0.526955028982	0.388185708856	6	248	0	
229	0	109	step_1_no_load	1	2	2	320	
229	0	109	step_2_no_load	5	6	0.479977531501	0.372328831887	6	305	0	
229	0	110	step_1_no_load	1	2	2	318	
229	0	110	step_2_no_load	5	6	0.432626681236	0.395544455384	6	756	0	
229	0	111	step_1_no_load	1	2	2	736	
229	0	111	step_2_no_load	5	6	0.384948378665	0.407158158569	6	735	1	
229	0	112	step_1_no_load	1	2	2	613	
229	0	112	step_2_no_load	5	6	0.392887565883	0.413393106784	6	573	0	
229	0	113	step_1_no_load	1	2	2	488	
229	0	113	step_2_no_load	5	6	0.370697120277	0.387112818105	6	422	1	
229	0	114	step_1_no_load	1	2	2	22	
229	0	114	step_2_no_load	5	6	0.380324086676	0.384736699284	6	506	0	
229	0	115	step_1_no_load	1	2	2	616	
229	0	115	step_2_no_load	5	6	0.390027643099	0.357661171116	6	400	1	
229	0	116	step_1_no_load	1	2	1	879	
229	0	116	step_2_no_load	3	4	0.706736514943	0.680124293449	3	494	1	
229	0	117	step_1_no_load	1	2	2	352	
229	0	117	step_2_no_load	5	6	0.374621793791	0.363056877927	5	891	1	
229	0	118	step_1_no_load	1	2	2	575	
229	0	118	step_2_no_load	5	6	0.357645851833	0.362977115924	6	850	1	
229	0	119	step_1_no_load	1	2	1	603	
229	0	119	step_2_no_load	3	4	0.690424535099	0.661177321751	3	919	1	
229	0	120	step_1_no_load	1	2	1	587	
229	0	120	step_2_no_load	5	6	0.370150243662	0.333809617664	5	508	0	
229	0	121	step_1_no_load	1	2	1	353	
229	0	121	step_2_no_load	3	4	0.658856304095	0.671052306195	3	578	1	
229	0	122	step_1_no_load	1	2	1	347	
229	0	122	step_2_no_load	5	6	0.329624572119	0.266650857402	5	660	1	
229	0	123	step_1_no_load	1	2	1	661	
229	0	123	step_2_no_load	3	4	0.583607229978	0.664849878232	4	610	0	
229	0	124	step_1_no_load	1	2	1	993	
229	0	124	step_2_no_load	3	4	0.603013298253	0.624161788269	3	466	1	
229	0	125	step_1_no_load	1	2	2	705	
229	0	125	step_2_no_load	3	4	0.559596800931	0.633566302563	3	387	1	
229	0	126	step_1_no_load	1	2	1	949	
229	0	126	step_2_no_load	5	6	0.300846667696	0.267206368684	5	952	0	
229	0	127	step_1_no_load	1	2	-1	-1	
229	0	128	step_1_no_load	1	2	2	682	
229	0	128	step_2_no_load	5	6	0.250790232267	0.260252451606	5	611	0	
229	0	129	step_1_no_load	1	2	2	758	
229	0	129	step_2_no_load	3	4	0.685297910719	0.632682846317	3	318	1	
229	0	130	step_1_no_load	1	2	2	220	
229	0	130	step_2_no_load	3	4	0.682031489739	0.630285316669	4	0	1	
229	0	131	step_1_no_load	1	2	1	489	
229	0	131	step_2_no_load	3	4	0.678044920845	0.638450601212	4	294	1	
229	0	132	step_1_no_load	1	2	1	284	
229	0	132	step_2_no_load	3	4	0.668578020634	0.660013924697	4	437	1	
229	0	133	step_1_no_load	1	2	1	523	
229	0	133	step_2_no_load	3	4	0.617383991623	0.691649444281	4	384	0	
229	0	134	step_1_no_load	1	2	1	333	
229	0	134	step_2_no_load	3	4	0.621945110858	0.685529359147	4	325	1	
229	0	135	step_1_no_load	1	2	-1	-1	
229	0	136	step_1_no_load	1	2	2	757	
229	0	136	step_2_no_load	3	4	0.597814413435	0.674914008636	4	512	1	
229	0	137	step_1_no_load	1	2	1	484	
229	0	137	step_2_no_load	3	4	0.605896884497	0.668540846495	4	666	1	
229	0	138	step_1_no_load	1	2	2	301	
229	0	138	step_2_no_load	5	6	0.307694123906	0.366701525561	5	230	0	
229	0	139	step_1_no_load	1	2	1	0	
229	0	139	step_2_no_load	3	4	0.636630981281	0.696355985729	4	5	1	
229	0	140	step_1_no_load	1	2	1	341	
229	0	140	step_2_no_load	5	6	0.328174526491	0.348740542008	6	196	0	
229	0	141	step_1_no_load	1	2	2	308	
229	0	141	step_2_no_load	5	6	0.311809871418	0.390227133375	5	288	0	
229	0	142	step_1_no_load	1	2	2	520	
229	0	142	step_2_no_load	5	6	0.304203281606	0.397052682821	5	384	0	
229	0	143	step_1_no_load	1	2	2	384	
229	0	143	step_2_no_load	3	4	0.661365099615	0.610219102298	3	341	1	
229	0	144	step_1_no_load	1	2	1	406	
229	0	144	step_2_no_load	3	4	0.626443722248	0.639347300184	4	317	0	
229	0	145	step_1_no_load	1	2	1	538	
229	0	145	step_2_no_load	3	4	0.6669125229	0.606515632748	4	455	1	
229	0	146	step_1_no_load	1	2	1	405	
229	0	146	step_2_no_load	3	4	0.681611991725	0.593778463268	4	317	1	
229	0	147	step_1_no_load	1	2	2	810	
229	0	147	step_2_no_load	3	4	0.647798886916	0.594861186319	3	482	1	
229	0	148	step_1_no_load	1	2	2	608	
229	0	148	step_2_no_load	3	4	0.619272702026	0.648050021239	3	347	0	
229	0	149	step_1_no_load	1	2	2	314	
229	0	149	step_2_no_load	5	6	0.269951834184	0.300290206122	6	842	1	
229	0	150	step_1_no_load	1	2	-1	-1	
229	0	151	step_1_no_load	1	2	1	598	
229	0	151	step_2_no_load	3	4	0.59154759351	0.614159737668	4	432	1	
229	0	152	step_1_no_load	1	2	2	586	
229	0	152	step_2_no_load	5	6	0.307702500543	0.323194010514	5	544	0	
229	0	153	step_1_no_load	1	2	2	595	
229	0	153	step_2_no_load	5	6	0.309356532263	0.343622632154	5	652	1	
229	0	154	step_1_no_load	1	2	1	567	
229	0	154	step_2_no_load	5	6	0.316375537537	0.348349389262	6	414	0	
229	0	155	step_1_no_load	1	2	1	370	
229	0	155	step_2_no_load	5	6	0.296093457977	0.372188990474	6	349	0	
229	0	156	step_1_no_load	1	2	2	1207	
229	0	156	step_2_no_load	5	6	0.32564867104	0.368378667812	6	639	0	
229	0	157	step_1_no_load	1	2	1	677	
229	0	157	step_2_no_load	3	4	0.585191807512	0.720725456325	4	460	0	
229	0	158	step_1_no_load	1	2	1	697	
229	0	158	step_2_no_load	3	4	0.532722108502	0.694270715354	4	427	1	
229	0	159	step_1_no_load	1	2	1	696	
229	0	159	step_2_no_load	3	4	0.541222065796	0.697903160072	4	352	1	
229	0	160	step_1_no_load	1	2	1	460	
229	0	160	step_2_no_load	3	4	0.521229931064	0.710728171711	4	123	1	
229	0	161	step_1_no_load	1	2	1	388	
229	0	161	step_2_no_load	3	4	0.516036498158	0.719896286569	4	300	0	
229	0	162	step_1_no_load	1	2	1	324	
229	0	162	step_2_no_load	3	4	0.566496468084	0.695144769903	4	314	1	
229	0	163	step_1_no_load	1	2	2	640	
229	0	163	step_2_no_load	5	6	0.395221309311	0.430920885959	5	365	0	
229	0	164	step_1_no_load	1	2	2	403	
229	0	164	step_2_no_load	3	4	0.585961845322	0.692137394606	3	416	1	
229	0	165	step_1_no_load	1	2	2	361	
229	0	165	step_2_no_load	5	6	0.463777557969	0.347974240867	5	337	1	
229	0	166	step_1_no_load	1	2	2	372	
229	0	166	step_2_no_load	5	6	0.422282731054	0.356317216644	5	342	0	
229	0	167	step_1_no_load	1	2	2	585	
229	0	167	step_2_no_load	5	6	0.38753671275	0.331115714939	5	337	0	
229	0	168	step_1_no_load	1	2	2	404	
229	0	168	step_2_no_load	3	4	0.613361520676	0.67192508984	3	335	0	
229	0	169	step_1_no_load	1	2	2	384	
229	0	169	step_2_no_load	5	6	0.42098542374	0.365156560071	5	303	1	
229	0	170	step_1_no_load	1	2	2	421	
229	0	170	step_2_no_load	3	4	0.57151385403	0.67334314737	3	341	1	
229	0	171	step_1_no_load	1	2	1	337	
229	0	171	step_2_no_load	5	6	0.386979310814	0.425122034074	6	296	1	
229	0	172	step_1_no_load	1	2	1	418	
229	0	172	step_2_no_load	3	4	0.519090471457	0.668669556875	4	371	1	
229	0	173	step_1_no_load	1	2	1	325	
229	0	173	step_2_no_load	5	6	0.385349297983	0.462866379815	5	450	1	
229	0	174	step_1_no_load	1	2	1	600	
229	0	174	step_2_no_load	3	4	0.472729524832	0.729877433725	4	446	1	
229	0	175	step_1_no_load	1	2	2	1112	
229	0	175	step_2_no_load	3	4	0.52644949356	0.693968268443	4	724	1	
229	0	176	step_1_no_load	1	2	1	1238	
229	0	176	step_2_no_load	3	4	0.474046874473	0.679250000396	3	639	1	
229	0	177	step_1_no_load	1	2	1	661	
229	0	177	step_2_no_load	3	4	0.501268576771	0.714070205704	3	759	0	
229	0	178	step_1_no_load	1	2	2	897	
229	0	178	step_2_no_load	3	4	0.493712351915	0.705993797498	3	829	0	
229	0	179	step_1_no_load	1	2	2	835	
229	0	179	step_2_no_load	5	6	0.324685418097	0.493565996034	5	704	0	
229	0	180	step_1_no_load	1	2	2	1054	
229	0	180	step_2_no_load	5	6	0.341214611607	0.489345734128	5	737	1	
229	0	181	step_1_no_load	1	2	2	732	
229	0	181	step_2_no_load	3	4	0.508735114046	0.746910336326	4	622	1	
229	0	182	step_1_no_load	1	2	1	732	
229	0	182	step_2_no_load	3	4	0.506773281362	0.72717560423	4	507	0	
229	0	183	step_1_no_load	1	2	1	812	
229	0	183	step_2_no_load	3	4	0.502991759047	0.720388040749	3	518	0	
229	0	184	step_1_no_load	1	2	2	674	
229	0	184	step_2_no_load	5	6	0.362743255194	0.480863422096	6	559	1	
229	0	185	step_1_no_load	1	2	1	565	
229	0	185	step_2_no_load	3	4	0.479703516092	0.665622647081	3	539	1	
229	0	186	step_1_no_load	1	2	1	405	
229	0	186	step_2_no_load	3	4	0.46870859828	0.656308636836	3	453	1	
229	0	187	step_1_no_load	1	2	1	816	
229	0	187	step_2_no_load	5	6	0.328890769988	0.498596507669	5	527	0	
229	0	188	step_1_no_load	1	2	2	943	
229	0	188	step_2_no_load	5	6	0.291508050861	0.548350535247	6	645	0	
229	0	189	step_1_no_load	1	2	2	840	
229	0	189	step_2_no_load	3	4	0.448897869069	0.688353284054	4	392	1	
229	0	190	step_1_no_load	1	2	1	935	
229	0	190	step_2_no_load	5	6	0.304557739386	0.505820429042	5	523	1	
229	0	191	step_1_no_load	1	2	2	382	
229	0	191	step_2_no_load	5	6	0.318839908867	0.512103523931	6	481	1	
229	0	192	step_1_no_load	1	2	1	483	
229	0	192	step_2_no_load	3	4	0.450791310283	0.705517419189	4	365	0	
229	0	193	step_1_no_load	1	2	1	546	
229	0	193	step_2_no_load	3	4	0.440813209638	0.679792491164	4	461	1	
229	0	194	step_1_no_load	1	2	1	823	
229	0	194	step_2_no_load	3	4	0.433250459893	0.655261361454	4	629	1	
229	0	195	step_1_no_load	1	2	1	755	
229	0	195	step_2_no_load	3	4	0.466795336969	0.646280688878	4	751	1	
229	0	196	step_1_no_load	1	2	1	932	
229	0	196	step_2_no_load	3	4	0.421761207498	0.695101215304	4	280	0	
229	0	197	step_1_no_load	1	2	1	536	
229	0	197	step_2_no_load	3	4	0.422511153127	0.686552522522	4	246	1	
229	0	198	step_1_no_load	1	2	1	806	
229	0	198	step_2_no_load	3	4	0.397292432346	0.68660989813	4	703	1	
229	0	199	step_1_no_load	1	2	2	499	
229	0	199	step_2_no_load	5	6	0.292861528884	0.529438031858	5	278	0	
229	0	200	step_1_no_load	1	2	2	386	
229	0	200	step_2_no_load	3	4	0.372436949782	0.728996708473	3	289	1	

Thu Apr 11 17:17:13 2019
