Sat Apr 13 14:52:22 2019	
230	0	1	step_1_no_load	1	2	2	677	
230	0	1	step_2_no_load	5	6	0.598297890399	0.511789129507	6	786	1	
230	0	2	step_1_no_load	1	2	2	331	
230	0	2	step_2_no_load	5	6	0.580156942153	0.533203491871	6	542	1	
230	0	3	step_1_no_load	1	2	2	295	
230	0	3	step_2_no_load	3	4	0.476767372206	0.589215227351	4	831	0	
230	0	4	step_1_no_load	1	2	2	353	
230	0	4	step_2_no_load	5	6	0.597491569846	0.494597764192	6	463	1	
230	0	5	step_1_no_load	1	2	2	443	
230	0	5	step_2_no_load	3	4	0.495568760483	0.576104915614	3	492	0	
230	0	6	step_1_no_load	1	2	2	342	
230	0	6	step_2_no_load	5	6	0.585722686883	0.490454120702	6	853	1	
230	0	7	step_1_no_load	1	2	2	342	
230	0	7	step_2_no_load	5	6	0.568656746487	0.506408070053	6	594	0	
230	0	8	step_1_no_load	1	2	2	455	
230	0	8	step_2_no_load	5	6	0.59128639594	0.499203529332	6	665	0	
230	0	9	step_1_no_load	1	2	2	428	
230	0	9	step_2_no_load	5	6	0.598049061473	0.54429228266	5	711	1	
230	0	10	step_1_no_load	1	2	2	472	
230	0	10	step_2_no_load	5	6	0.652626043146	0.576063520885	6	1023	1	
230	0	11	step_1_no_load	1	2	2	320	
230	0	11	step_2_no_load	5	6	0.69163818036	0.59022801242	6	486	0	
230	0	12	step_1_no_load	1	2	1	194	
230	0	12	step_2_no_load	3	4	0.48457206759	0.552770607849	3	393	1	
230	0	13	step_1_no_load	1	2	1	225	
230	0	13	step_2_no_load	3	4	0.52012981853	0.558313135925	3	685	0	
230	0	14	step_1_no_load	1	2	1	251	
230	0	14	step_2_no_load	3	4	0.491234392147	0.545555696267	3	517	0	
230	0	15	step_1_no_load	1	2	2	423	
230	0	15	step_2_no_load	5	6	0.612260006668	0.633564630036	6	407	0	
230	0	16	step_1_no_load	1	2	2	273	
230	0	16	step_2_no_load	5	6	0.628091198119	0.626326396372	5	463	1	
230	0	17	step_1_no_load	1	2	1	373	
230	0	17	step_2_no_load	5	6	0.633350170016	0.643116883134	5	781	1	
230	0	18	step_1_no_load	1	2	1	459	
230	0	18	step_2_no_load	3	4	0.517514133912	0.553554620302	4	1241	0	
230	0	19	step_1_no_load	1	2	1	220	
230	0	19	step_2_no_load	5	6	0.619895761657	0.644773170243	5	1066	1	
230	0	20	step_1_no_load	1	2	1	398	
230	0	20	step_2_no_load	3	4	0.478025448397	0.491720931314	3	704	0	
230	0	21	step_1_no_load	1	2	1	236	
230	0	21	step_2_no_load	3	4	0.49769376036	0.470207377245	3	674	1	
230	0	22	step_1_no_load	1	2	1	330	
230	0	22	step_2_no_load	3	4	0.506100011497	0.468700882609	3	566	0	
230	0	23	step_1_no_load	1	2	2	360	
230	0	23	step_2_no_load	5	6	0.640163623731	0.604065470975	6	389	0	
230	0	24	step_1_no_load	1	2	2	382	
230	0	24	step_2_no_load	5	6	0.582115115688	0.5800912085	5	581	0	
230	0	25	step_1_no_load	1	2	2	308	
230	0	25	step_2_no_load	5	6	0.565698722896	0.629917901014	6	477	1	
230	0	26	step_1_no_load	1	2	2	357	
230	0	26	step_2_no_load	5	6	0.592410219737	0.640635035276	6	631	0	
230	0	27	step_1_no_load	1	2	2	494	
230	0	27	step_2_no_load	3	4	0.507272671939	0.54756089792	3	761	0	
230	0	28	step_1_no_load	1	2	2	281	
230	0	28	step_2_no_load	3	4	0.520177259699	0.553259388875	4	1411	0	
230	0	29	step_1_no_load	1	2	2	309	
230	0	29	step_2_no_load	5	6	0.606613029227	0.618626354124	6	902	0	
230	0	30	step_1_no_load	1	2	2	720	
230	0	30	step_2_no_load	5	6	0.608245979832	0.610227092493	6	1056	1	
230	0	31	step_1_no_load	1	2	2	402	
230	0	31	step_2_no_load	5	6	0.636602545794	0.606122691795	5	465	0	
230	0	32	step_1_no_load	1	2	1	488	
230	0	32	step_2_no_load	5	6	0.634585171267	0.605616211083	6	1105	0	
230	0	33	step_1_no_load	1	2	1	293	
230	0	33	step_2_no_load	5	6	0.611700032906	0.618000238621	5	695	1	
230	0	34	step_1_no_load	1	2	1	332	
230	0	34	step_2_no_load	3	4	0.454565258478	0.538523758058	3	951	1	
230	0	35	step_1_no_load	1	2	1	395	
230	0	35	step_2_no_load	5	6	0.566827313385	0.649776015006	6	1487	1	
230	0	36	step_1_no_load	1	2	1	357	
230	0	36	step_2_no_load	3	4	0.513210053121	0.611274573488	3	810	1	
230	0	37	step_1_no_load	1	2	1	612	
230	0	37	step_2_no_load	3	4	0.543074626387	0.598446394142	3	674	1	
230	0	38	step_1_no_load	1	2	1	550	
230	0	38	step_2_no_load	3	4	0.553931241266	0.595113730206	3	1231	1	
230	0	39	step_1_no_load	1	2	1	223	
230	0	39	step_2_no_load	3	4	0.578640235206	0.610601635554	3	1096	0	
230	0	40	step_1_no_load	1	2	1	503	
230	0	40	step_2_no_load	3	4	0.5691386571	0.607992802154	3	535	1	
230	0	41	step_1_no_load	1	2	2	355	
230	0	41	step_2_no_load	5	6	0.524862294848	0.633285941184	6	823	1	
230	0	42	step_1_no_load	1	2	2	296	
230	0	42	step_2_no_load	3	4	0.553461946234	0.609164606591	3	821	1	
230	0	43	step_1_no_load	1	2	2	380	
230	0	43	step_2_no_load	5	6	0.553703096215	0.581931546759	6	850	0	
230	0	44	step_1_no_load	1	2	2	353	
230	0	44	step_2_no_load	5	6	0.541854396676	0.589653131867	6	548	1	
230	0	45	step_1_no_load	1	2	2	629	
230	0	45	step_2_no_load	5	6	0.579346234508	0.620699591043	6	926	1	
230	0	46	step_1_no_load	1	2	2	0	
230	0	46	step_2_no_load	3	4	0.532238720495	0.600964500555	4	29	1	
230	0	47	step_1_no_load	1	2	2	405	
230	0	47	step_2_no_load	3	4	0.493112702321	0.598724660986	3	1030	0	
230	0	48	step_1_no_load	1	2	2	528	
230	0	48	step_2_no_load	3	4	0.488280685105	0.615767119776	4	789	1	
230	0	49	step_1_no_load	1	2	2	490	
230	0	49	step_2_no_load	5	6	0.512405963374	0.614679490594	6	785	1	
230	0	50	step_1_no_load	1	2	2	472	
230	0	50	step_2_no_load	5	6	0.481616544184	0.593458480934	6	1490	0	
230	0	51	step_1_no_load	1	2	2	345	
230	0	51	step_2_no_load	3	4	0.469943944943	0.564866799699	3	898	1	
230	0	52	step_1_no_load	1	2	1	460	
230	0	52	step_2_no_load	3	4	0.429622901875	0.539065404057	3	665	1	
230	0	53	step_1_no_load	1	2	1	201	
230	0	53	step_2_no_load	3	4	0.451905460347	0.551457882502	3	610	1	
230	0	54	step_1_no_load	1	2	1	308	
230	0	54	step_2_no_load	5	6	0.493362545513	0.652515308527	6	1003	0	
230	0	55	step_1_no_load	1	2	2	636	
230	0	55	step_2_no_load	3	4	0.487025527704	0.574045915747	3	725	1	
230	0	56	step_1_no_load	1	2	2	334	
230	0	56	step_2_no_load	3	4	0.459773408493	0.601856598146	3	605	1	
230	0	57	step_1_no_load	1	2	1	215	
230	0	57	step_2_no_load	3	4	0.466449077359	0.641849303307	3	629	0	
230	0	58	step_1_no_load	1	2	1	392	
230	0	58	step_2_no_load	5	6	0.528376440027	0.610896130115	6	1212	0	
230	0	59	step_1_no_load	1	2	2	556	
230	0	59	step_2_no_load	5	6	0.537400760025	0.608951267756	6	950	1	
230	0	60	step_1_no_load	1	2	2	592	
230	0	60	step_2_no_load	5	6	0.479287247283	0.599559577859	5	730	1	
230	0	61	step_1_no_load	1	2	2	259	
230	0	61	step_2_no_load	5	6	0.527144452559	0.602879526975	6	593	1	
230	0	62	step_1_no_load	1	2	2	313	
230	0	62	step_2_no_load	5	6	0.533031417444	0.622820395113	5	451	1	
230	0	63	step_1_no_load	1	2	2	367	
230	0	63	step_2_no_load	5	6	0.519445130796	0.642623127313	6	1089	1	
230	0	64	step_1_no_load	1	2	2	266	
230	0	64	step_2_no_load	5	6	0.533849886794	0.626149195169	5	450	0	
230	0	65	step_1_no_load	1	2	1	19	
230	0	65	step_2_no_load	5	6	0.517687993213	0.619953360065	-1	-1	-1	
230	0	66	step_1_no_load	1	2	1	406	
230	0	66	step_2_no_load	3	4	0.573761869714	0.606938648072	3	559	1	
230	0	67	step_1_no_load	1	2	1	208	
230	0	67	step_2_no_load	5	6	0.538279387614	0.674463681351	6	830	1	
230	0	68	step_1_no_load	1	2	1	618	
230	0	68	step_2_no_load	5	6	0.523301545299	0.719455209845	6	842	1	
230	0	69	step_1_no_load	1	2	1	349	
230	0	69	step_2_no_load	3	4	0.499137600991	0.622221685203	3	335	0	
230	0	70	step_1_no_load	1	2	1	0	
230	0	70	step_2_no_load	5	6	0.548075770764	0.697741832068	6	580	1	
230	0	71	step_1_no_load	1	2	1	485	
230	0	71	step_2_no_load	3	4	0.482863323776	0.639174917797	3	368	0	
230	0	72	step_1_no_load	1	2	1	351	
230	0	72	step_2_no_load	3	4	0.47409116389	0.626024641967	3	498	1	
230	0	73	step_1_no_load	1	2	1	289	
230	0	73	step_2_no_load	3	4	0.435957313805	0.657126403029	3	504	0	
230	0	74	step_1_no_load	1	2	2	677	
230	0	74	step_2_no_load	3	4	0.453420386428	0.614462146454	4	514	1	
230	0	75	step_1_no_load	1	2	2	365	
230	0	75	step_2_no_load	5	6	0.483983914712	0.697629587097	6	648	1	
230	0	76	step_1_no_load	1	2	2	439	
230	0	76	step_2_no_load	5	6	0.518881389358	0.690117652944	6	685	1	
230	0	77	step_1_no_load	1	2	2	143	
230	0	77	step_2_no_load	3	4	0.446809557226	0.564257587118	3	762	0	
230	0	78	step_1_no_load	1	2	2	263	
230	0	78	step_2_no_load	5	6	0.538654072849	0.647586191228	5	974	0	
230	0	79	step_1_no_load	1	2	2	784	
230	0	79	step_2_no_load	5	6	0.540085062695	0.647841624544	6	403	1	
230	0	80	step_1_no_load	1	2	2	299	
230	0	80	step_2_no_load	3	4	0.396016175285	0.518583383166	3	559	0	
230	0	81	step_1_no_load	1	2	2	267	
230	0	81	step_2_no_load	5	6	0.494116554432	0.702400933084	6	453	0	
230	0	82	step_1_no_load	1	2	2	185	
230	0	82	step_2_no_load	5	6	0.482727017837	0.688340116885	6	659	1	
230	0	83	step_1_no_load	1	2	2	222	
230	0	83	step_2_no_load	5	6	0.483255412498	0.726885136842	5	425	0	
230	0	84	step_1_no_load	1	2	2	257	
230	0	84	step_2_no_load	5	6	0.505586222209	0.731466635793	6	1033	1	
230	0	85	step_1_no_load	1	2	2	324	
230	0	85	step_2_no_load	5	6	0.485785534744	0.712989604416	6	688	1	
230	0	86	step_1_no_load	1	2	1	190	
230	0	86	step_2_no_load	3	4	0.345323068124	0.691782850001	4	424	0	
230	0	87	step_1_no_load	1	2	1	62	
230	0	87	step_2_no_load	3	4	0.40000499778	0.719375344246	3	477	0	
230	0	88	step_1_no_load	1	2	1	684	
230	0	88	step_2_no_load	5	6	0.509563243675	0.696773608304	5	884	0	
230	0	89	step_1_no_load	1	2	1	597	
230	0	89	step_2_no_load	3	4	0.415882489686	0.690772436485	4	1153	1	
230	0	90	step_1_no_load	1	2	1	541	
230	0	90	step_2_no_load	3	4	0.411459496853	0.712247848046	4	703	1	
230	0	91	step_1_no_load	1	2	1	483	
230	0	91	step_2_no_load	5	6	0.479087223222	0.657820521772	6	1168	1	
230	0	92	step_1_no_load	1	2	1	297	
230	0	92	step_2_no_load	3	4	0.444368850664	0.692406274724	4	553	1	
230	0	93	step_1_no_load	1	2	1	497	
230	0	93	step_2_no_load	3	4	0.439878153082	0.70415710998	4	539	1	
230	0	94	step_1_no_load	1	2	2	353	
230	0	94	step_2_no_load	5	6	0.468637558205	0.668295023896	6	719	1	
230	0	95	step_1_no_load	1	2	2	403	
230	0	95	step_2_no_load	5	6	0.42505578884	0.640209855442	6	699	1	
230	0	96	step_1_no_load	1	2	2	298	
230	0	96	step_2_no_load	5	6	0.437558890646	0.663095813561	6	644	0	
230	0	97	step_1_no_load	1	2	2	371	
230	0	97	step_2_no_load	5	6	0.455601814112	0.651202057411	6	630	0	
230	0	98	step_1_no_load	1	2	1	18	
230	0	98	step_2_no_load	5	6	0.431479829356	0.646040060297	6	1359	0	
230	0	99	step_1_no_load	1	2	1	307	
230	0	99	step_2_no_load	5	6	0.375249961522	0.645191748454	5	548	1	
230	0	100	step_1_no_load	1	2	1	257	
230	0	100	step_2_no_load	5	6	0.363162156005	0.66579920021	5	677	1	
230	0	101	step_1_no_load	1	2	1	41	
230	0	101	step_2_no_load	5	6	0.366879421891	0.655903528958	5	798	0	
230	0	102	step_1_no_load	1	2	1	425	
230	0	102	step_2_no_load	5	6	0.326080462175	0.663124617603	5	1364	0	
230	0	103	step_1_no_load	1	2	2	274	
230	0	103	step_2_no_load	5	6	0.322834495838	0.69058998368	6	807	1	
230	0	104	step_1_no_load	1	2	2	665	
230	0	104	step_2_no_load	3	4	0.521047445908	0.703870701136	4	721	0	
230	0	105	step_1_no_load	1	2	2	201	
230	0	105	step_2_no_load	5	6	0.352639603242	0.722851301692	6	970	0	
230	0	106	step_1_no_load	1	2	2	298	
230	0	106	step_2_no_load	5	6	0.374131494222	0.699623252899	-1	-1	-1	
230	0	107	step_1_no_load	1	2	2	262	
230	0	107	step_2_no_load	5	6	0.388257337796	0.677514185929	6	666	1	
230	0	108	step_1_no_load	1	2	2	591	
230	0	108	step_2_no_load	5	6	0.388185708856	0.681491063126	6	527	0	
230	0	109	step_1_no_load	1	2	2	352	
230	0	109	step_2_no_load	5	6	0.372328831887	0.68658494263	5	585	1	
230	0	110	step_1_no_load	1	2	2	250	
230	0	110	step_2_no_load	5	6	0.395544455384	0.65455226558	5	585	0	
230	0	111	step_1_no_load	1	2	1	326	
230	0	111	step_2_no_load	3	4	0.384948378665	0.724852671171	4	712	0	
230	0	112	step_1_no_load	1	2	1	168	
230	0	112	step_2_no_load	3	4	0.392887565883	0.725701866094	3	342	1	
230	0	113	step_1_no_load	1	2	1	114	
230	0	113	step_2_no_load	3	4	0.370697120277	0.719324307956	3	403	1	
230	0	114	step_1_no_load	1	2	1	393	
230	0	114	step_2_no_load	3	4	0.380324086676	0.718213323791	3	493	0	
230	0	115	step_1_no_load	1	2	1	311	
230	0	115	step_2_no_load	3	4	0.390027643099	0.739704344621	4	708	1	
230	0	116	step_1_no_load	1	2	1	656	
230	0	116	step_2_no_load	3	4	0.378149844807	0.706736514943	4	474	1	
230	0	117	step_1_no_load	1	2	1	365	
230	0	117	step_2_no_load	3	4	0.374621793791	0.747012267642	4	529	1	
230	0	118	step_1_no_load	1	2	1	244	
230	0	118	step_2_no_load	3	4	0.357645851833	0.740051715856	4	460	1	
230	0	119	step_1_no_load	1	2	1	318	
230	0	119	step_2_no_load	5	6	0.358243439099	0.661177321751	6	564	1	
230	0	120	step_1_no_load	1	2	1	987	
230	0	120	step_2_no_load	3	4	0.370150243662	0.70587238626	4	1299	1	
230	0	121	step_1_no_load	1	2	1	295	
230	0	121	step_2_no_load	3	4	0.352721767208	0.658856304095	4	526	1	
230	0	122	step_1_no_load	1	2	1	294	
230	0	122	step_2_no_load	3	4	0.329624572119	0.6136886145	4	564	1	
230	0	123	step_1_no_load	1	2	1	467	
230	0	123	step_2_no_load	3	4	0.337526896345	0.583607229978	4	615	1	
230	0	124	step_1_no_load	1	2	1	283	
230	0	124	step_2_no_load	3	4	0.309430836661	0.603013298253	4	786	1	
230	0	125	step_1_no_load	1	2	1	521	
230	0	125	step_2_no_load	5	6	0.290374841566	0.633566302563	6	643	1	
230	0	126	step_1_no_load	1	2	1	326	
230	0	126	step_2_no_load	3	4	0.300846667696	0.537863824328	4	662	1	
230	0	127	step_1_no_load	1	2	1	476	
230	0	127	step_2_no_load	5	6	0.273483952592	0.646945556251	6	404	1	
230	0	128	step_1_no_load	1	2	1	384	
230	0	128	step_2_no_load	3	4	0.250790232267	0.636905534066	4	660	1	
230	0	129	step_1_no_load	1	2	1	243	
230	0	129	step_2_no_load	3	4	0.271709703542	0.685297910719	4	610	1	
230	0	130	step_1_no_load	1	2	1	258	
230	0	130	step_2_no_load	5	6	0.267460866951	0.630285316669	6	299	1	
230	0	131	step_1_no_load	1	2	1	294	
230	0	131	step_2_no_load	5	6	0.281500842289	0.638450601212	6	501	1	
230	0	132	step_1_no_load	1	2	1	404	
230	0	132	step_2_no_load	5	6	0.27986961048	0.660013924697	6	494	0	
230	0	133	step_1_no_load	1	2	2	273	
230	0	133	step_2_no_load	5	6	0.315608831386	0.691649444281	6	853	1	
230	0	134	step_1_no_load	1	2	2	370	
230	0	134	step_2_no_load	3	4	0.302839427162	0.621945110858	4	464	0	
230	0	135	step_1_no_load	1	2	2	872	
230	0	135	step_2_no_load	5	6	0.300079459047	0.700779221781	6	916	1	
230	0	136	step_1_no_load	1	2	2	664	
230	0	136	step_2_no_load	5	6	0.307766925452	0.674914008636	6	452	1	
230	0	137	step_1_no_load	1	2	2	327	
230	0	137	step_2_no_load	5	6	0.346433498467	0.668540846495	6	334	0	
230	0	138	step_1_no_load	1	2	2	238	
230	0	138	step_2_no_load	3	4	0.307694123906	0.63240964674	3	1218	0	
230	0	139	step_1_no_load	1	2	2	349	
230	0	139	step_2_no_load	3	4	0.323660750961	0.636630981281	4	508	1	
230	0	140	step_1_no_load	1	2	2	234	
230	0	140	step_2_no_load	5	6	0.348740542008	0.637682840728	6	388	1	
230	0	141	step_1_no_load	1	2	2	538	
230	0	141	step_2_no_load	5	6	0.390227133375	0.616803346728	6	455	0	
230	0	142	step_1_no_load	1	2	2	0	
230	0	142	step_2_no_load	5	6	0.397052682821	0.627356259123	6	558	0	
230	0	143	step_1_no_load	1	2	2	444	
230	0	143	step_2_no_load	5	6	0.410970957547	0.610219102298	5	422	0	
230	0	144	step_1_no_load	1	2	2	162	
230	0	144	step_2_no_load	3	4	0.275932517017	0.626443722248	4	601	1	
230	0	145	step_1_no_load	1	2	2	311	
230	0	145	step_2_no_load	5	6	0.355256413269	0.606515632748	6	602	0	
230	0	146	step_1_no_load	1	2	2	373	
230	0	146	step_2_no_load	5	6	0.320877500969	0.593778463268	6	502	1	
230	0	147	step_1_no_load	1	2	2	234	
230	0	147	step_2_no_load	3	4	0.265578160642	0.647798886916	4	817	1	
230	0	148	step_1_no_load	1	2	2	335	
230	0	148	step_2_no_load	5	6	0.311162711725	0.648050021239	6	584	0	
230	0	149	step_1_no_load	1	2	2	209	
230	0	149	step_2_no_load	5	6	0.300290206122	0.623203869836	6	407	1	
230	0	150	step_1_no_load	1	2	2	281	
230	0	150	step_2_no_load	3	4	0.305587692243	0.575985663078	4	598	1	
230	0	151	step_1_no_load	1	2	2	0	
230	0	151	step_2_no_load	5	6	0.310557101463	0.614159737668	6	680	1	
230	0	152	step_1_no_load	1	2	1	314	
230	0	152	step_2_no_load	3	4	0.307702500543	0.595108765344	4	561	1	
230	0	153	step_1_no_load	1	2	1	340	
230	0	153	step_2_no_load	3	4	0.309356532263	0.613336203392	4	639	0	
230	0	154	step_1_no_load	1	2	1	344	
230	0	154	step_2_no_load	3	4	0.316375537537	0.638934099562	4	434	1	
230	0	155	step_1_no_load	1	2	1	477	
230	0	155	step_2_no_load	3	4	0.296093457977	0.632486591889	4	452	1	
230	0	156	step_1_no_load	1	2	1	446	
230	0	156	step_2_no_load	3	4	0.32564867104	0.631048201903	4	437	0	
230	0	157	step_1_no_load	1	2	1	293	
230	0	157	step_2_no_load	3	4	0.350909357271	0.585191807512	4	320	1	
230	0	158	step_1_no_load	1	2	2	466	
230	0	158	step_2_no_load	5	6	0.334595868098	0.694270715354	6	306	0	
230	0	159	step_1_no_load	1	2	2	0	
230	0	159	step_2_no_load	5	6	0.321150411254	0.697903160072	6	285	1	
230	0	160	step_1_no_load	1	2	2	387	
230	0	160	step_2_no_load	5	6	0.355992626298	0.710728171711	6	729	1	
230	0	161	step_1_no_load	1	2	2	261	
230	0	161	step_2_no_load	5	6	0.438878285506	0.719896286569	6	567	1	
230	0	162	step_1_no_load	1	2	2	260	
230	0	162	step_2_no_load	3	4	0.3926701003	0.566496468084	4	475	1	
230	0	163	step_1_no_load	1	2	2	323	
230	0	163	step_2_no_load	3	4	0.395221309311	0.5863391277	4	684	1	
230	0	164	step_1_no_load	1	2	2	648	
230	0	164	step_2_no_load	5	6	0.430844125626	0.692137394606	6	792	1	
230	0	165	step_1_no_load	1	2	2	534	
230	0	165	step_2_no_load	3	4	0.463777557969	0.538026607649	4	587	0	
230	0	166	step_1_no_load	1	2	2	364	
230	0	166	step_2_no_load	5	6	0.356317216644	0.686594248975	6	649	1	
230	0	167	step_1_no_load	1	2	2	712	
230	0	167	step_2_no_load	5	6	0.331115714939	0.706271792549	-1	-1	-1	
230	0	168	step_1_no_load	1	2	1	442	
230	0	168	step_2_no_load	3	4	0.400817642375	0.613361520676	4	671	1	
230	0	169	step_1_no_load	1	2	1	335	
230	0	169	step_2_no_load	3	4	0.42098542374	0.586049140041	4	399	1	
230	0	170	step_1_no_load	1	2	1	337	
230	0	170	step_2_no_load	3	4	0.411067820436	0.57151385403	4	333	1	
230	0	171	step_1_no_load	1	2	1	284	
230	0	171	step_2_no_load	5	6	0.425122034074	0.727248140829	6	788	1	
230	0	172	step_1_no_load	1	2	1	412	
230	0	172	step_2_no_load	5	6	0.490120307546	0.668669556875	6	517	0	
230	0	173	step_1_no_load	1	2	1	202	
230	0	173	step_2_no_load	5	6	0.462866379815	0.667027212577	6	681	1	
230	0	174	step_1_no_load	1	2	1	498	
230	0	174	step_2_no_load	3	4	0.387867297446	0.472729524832	4	563	0	
230	0	175	step_1_no_load	1	2	1	237	
230	0	175	step_2_no_load	5	6	0.484825491933	0.693968268443	6	1436	1	
230	0	176	step_1_no_load	1	2	1	398	
230	0	176	step_2_no_load	5	6	0.500856457218	0.679250000396	6	611	0	
230	0	177	step_1_no_load	1	2	1	216	
230	0	177	step_2_no_load	3	4	0.357425668099	0.501268576771	4	1202	0	
230	0	178	step_1_no_load	1	2	1	424	
230	0	178	step_2_no_load	3	4	0.36473828006	0.493712351915	4	427	1	
230	0	179	step_1_no_load	1	2	1	640	
230	0	179	step_2_no_load	3	4	0.324685418097	0.457298770028	4	239	1	
230	0	180	step_1_no_load	1	2	1	531	
230	0	180	step_2_no_load	3	4	0.341214611607	0.482853857291	4	387	0	
230	0	181	step_1_no_load	1	2	1	555	
230	0	181	step_2_no_load	3	4	0.342402764747	0.508735114046	4	781	1	
230	0	182	step_1_no_load	1	2	1	792	
230	0	182	step_2_no_load	5	6	0.49907747228	0.72717560423	6	296	1	
230	0	183	step_1_no_load	1	2	1	532	
230	0	183	step_2_no_load	3	4	0.350175837802	0.502991759047	4	670	0	
230	0	184	step_1_no_load	1	2	1	1010	
230	0	184	step_2_no_load	3	4	0.362743255194	0.460890977786	3	1320	0	
230	0	185	step_1_no_load	1	2	1	452	
230	0	185	step_2_no_load	3	4	0.362611152222	0.479703516092	4	418	1	
230	0	186	step_1_no_load	1	2	1	376	
230	0	186	step_2_no_load	5	6	0.484672582719	0.656308636836	6	591	1	
230	0	187	step_1_no_load	1	2	1	369	
230	0	187	step_2_no_load	3	4	0.328890769988	0.443962917772	3	387	1	
230	0	188	step_1_no_load	1	2	1	399	
230	0	188	step_2_no_load	5	6	0.548350535247	0.696362660087	6	773	1	
230	0	189	step_1_no_load	1	2	1	977	
230	0	189	step_2_no_load	3	4	0.285168135955	0.448897869069	4	893	0	
230	0	190	step_1_no_load	1	2	1	516	
230	0	190	step_2_no_load	3	4	0.304557739386	0.433568856946	4	347	1	
230	0	191	step_1_no_load	1	2	1	327	
230	0	191	step_2_no_load	3	4	0.318839908867	0.435748387321	4	655	0	
230	0	192	step_1_no_load	1	2	1	284	
230	0	192	step_2_no_load	3	4	0.299297135717	0.450791310283	4	629	1	
230	0	193	step_1_no_load	1	2	1	363	
230	0	193	step_2_no_load	3	4	0.321008037746	0.440813209638	4	1064	1	
230	0	194	step_1_no_load	1	2	1	180	
230	0	194	step_2_no_load	3	4	0.342437174514	0.433250459893	3	438	0	
230	0	195	step_1_no_load	1	2	1	206	
230	0	195	step_2_no_load	5	6	0.494102184238	0.646280688878	6	735	0	
230	0	196	step_1_no_load	1	2	1	238	
230	0	196	step_2_no_load	3	4	0.365373286058	0.421761207498	3	1082	1	
230	0	197	step_1_no_load	1	2	1	685	
230	0	197	step_2_no_load	5	6	0.47786945426	0.686552522522	6	854	1	
230	0	198	step_1_no_load	1	2	1	427	
230	0	198	step_2_no_load	5	6	0.485065498391	0.68660989813	6	443	1	
230	0	199	step_1_no_load	1	2	1	394	
230	0	199	step_2_no_load	3	4	0.292861528884	0.39793773834	4	1360	1	
230	0	200	step_1_no_load	1	2	1	618	
230	0	200	step_2_no_load	5	6	0.507902534353	0.728996708473	5	1038	0	

Sat Apr 13 15:10:33 2019
