Tue Apr 23 15:37:59 2019	
231	0	1	step_1_no_load	1	2	2	691	
231	0	1	step_2_no_load	5	6	0.598297890399	0.511789129507	6	705	0	
231	0	2	step_1_no_load	1	2	1	630	
231	0	2	step_2_no_load	3	4	0.610961032466	0.474613197709	3	680	0	
231	0	3	step_1_no_load	1	2	1	478	
231	0	3	step_2_no_load	3	4	0.589215227351	0.476767372206	4	392	1	
231	0	4	step_1_no_load	1	2	2	397	
231	0	4	step_2_no_load	3	4	0.564086293706	0.478607661228	3	453	1	
231	0	5	step_1_no_load	1	2	1	409	
231	0	5	step_2_no_load	3	4	0.576104915614	0.495568760483	4	420	0	
231	0	6	step_1_no_load	1	2	1	283	
231	0	6	step_2_no_load	3	4	0.603642866427	0.506877622204	4	430	1	
231	0	7	step_1_no_load	1	2	1	303	
231	0	7	step_2_no_load	5	6	0.568656746487	0.506408070053	5	560	1	
231	0	8	step_1_no_load	1	2	2	309	
231	0	8	step_2_no_load	5	6	0.59128639594	0.499203529332	6	751	1	
231	0	9	step_1_no_load	1	2	2	271	
231	0	9	step_2_no_load	5	6	0.598049061473	0.54429228266	6	601	0	
231	0	10	step_1_no_load	1	2	1	768	
231	0	10	step_2_no_load	5	6	0.652626043146	0.576063520885	6	687	1	
231	0	11	step_1_no_load	1	2	1	514	
231	0	11	step_2_no_load	3	4	0.609191465743	0.477013315682	3	1210	1	
231	0	12	step_1_no_load	1	2	2	427	
231	0	12	step_2_no_load	3	4	0.552770607849	0.48457206759	3	795	1	
231	0	13	step_1_no_load	1	2	2	298	
231	0	13	step_2_no_load	5	6	0.653587098421	0.595790490356	6	774	0	
231	0	14	step_1_no_load	1	2	2	127	
231	0	14	step_2_no_load	3	4	0.545555696267	0.491234392147	3	415	1	
231	0	15	step_1_no_load	1	2	2	191	
231	0	15	step_2_no_load	5	6	0.612260006668	0.633564630036	6	676	1	
231	0	16	step_1_no_load	1	2	1	268	
231	0	16	step_2_no_load	5	6	0.628091198119	0.626326396372	5	835	1	
231	0	17	step_1_no_load	1	2	1	509	
231	0	17	step_2_no_load	3	4	0.562895132605	0.535958400205	4	600	0	
231	0	18	step_1_no_load	1	2	1	226	
231	0	18	step_2_no_load	3	4	0.553554620302	0.517514133912	4	439	1	
231	0	19	step_1_no_load	1	2	1	315	
231	0	19	step_2_no_load	3	4	0.536502319591	0.498240186199	4	442	1	
231	0	20	step_1_no_load	1	2	1	204	
231	0	20	step_2_no_load	5	6	0.636521555122	0.60665343963	6	991	1	
231	0	21	step_1_no_load	1	2	1	257	
231	0	21	step_2_no_load	5	6	0.630305464549	0.611328949295	6	600	1	
231	0	22	step_1_no_load	1	2	2	286	
231	0	22	step_2_no_load	3	4	0.468700882609	0.506100011497	4	1092	0	
231	0	23	step_1_no_load	1	2	2	203	
231	0	23	step_2_no_load	3	4	0.513759772011	0.520606588181	4	552	0	
231	0	24	step_1_no_load	1	2	2	276	
231	0	24	step_2_no_load	5	6	0.582115115688	0.5800912085	6	386	1	
231	0	25	step_1_no_load	1	2	2	503	
231	0	25	step_2_no_load	5	6	0.565698722896	0.629917901014	6	605	0	
231	0	26	step_1_no_load	1	2	1	231	
231	0	26	step_2_no_load	3	4	0.532884212818	0.511744353778	4	845	1	
231	0	27	step_1_no_load	1	2	1	305	
231	0	27	step_2_no_load	3	4	0.54756089792	0.507272671939	4	647	0	
231	0	28	step_1_no_load	1	2	1	223	
231	0	28	step_2_no_load	3	4	0.553259388875	0.520177259699	4	574	1	
231	0	29	step_1_no_load	1	2	1	243	
231	0	29	step_2_no_load	3	4	0.561957580386	0.521159009103	4	484	1	
231	0	30	step_1_no_load	1	2	1	3	
231	0	30	step_2_no_load	5	6	0.608245979832	0.610227092493	5	75	0	
231	0	31	step_1_no_load	1	2	1	275	
231	0	31	step_2_no_load	3	4	0.541819886458	0.483156722265	4	653	1	
231	0	32	step_1_no_load	1	2	1	247	
231	0	32	step_2_no_load	5	6	0.634585171267	0.605616211083	6	793	1	
231	0	33	step_1_no_load	1	2	1	416	
231	0	33	step_2_no_load	5	6	0.611700032906	0.618000238621	5	1482	1	
231	0	34	step_1_no_load	1	2	1	445	
231	0	34	step_2_no_load	3	4	0.538523758058	0.454565258478	4	971	0	
231	0	35	step_1_no_load	1	2	1	376	
231	0	35	step_2_no_load	3	4	0.594167768198	0.491437207585	4	789	1	
231	0	36	step_1_no_load	1	2	1	299	
231	0	36	step_2_no_load	3	4	0.611274573488	0.513210053121	4	662	1	
231	0	37	step_1_no_load	1	2	1	286	
231	0	37	step_2_no_load	3	4	0.598446394142	0.543074626387	4	668	1	
231	0	38	step_1_no_load	1	2	1	317	
231	0	38	step_2_no_load	3	4	0.595113730206	0.553931241266	4	690	0	
231	0	39	step_1_no_load	1	2	1	216	
231	0	39	step_2_no_load	3	4	0.610601635554	0.578640235206	4	793	0	
231	0	40	step_1_no_load	1	2	1	286	
231	0	40	step_2_no_load	3	4	0.607992802154	0.5691386571	3	751	1	
231	0	41	step_1_no_load	1	2	1	239	
231	0	41	step_2_no_load	5	6	0.524862294848	0.633285941184	5	1388	0	
231	0	42	step_1_no_load	1	2	1	258	
231	0	42	step_2_no_load	3	4	0.609164606591	0.553461946234	4	906	0	
231	0	43	step_1_no_load	1	2	1	451	
231	0	43	step_2_no_load	3	4	0.612705031264	0.548128010644	3	323	1	
231	0	44	step_1_no_load	1	2	2	404	
231	0	44	step_2_no_load	5	6	0.541854396676	0.589653131867	6	413	1	
231	0	45	step_1_no_load	1	2	2	288	
231	0	45	step_2_no_load	3	4	0.632991467829	0.5288039409	3	1306	1	
231	0	46	step_1_no_load	1	2	2	358	
231	0	46	step_2_no_load	3	4	0.600964500555	0.532238720495	3	452	1	
231	0	47	step_1_no_load	1	2	1	344	
231	0	47	step_2_no_load	3	4	0.598724660986	0.493112702321	4	508	0	
231	0	48	step_1_no_load	1	2	2	461	
231	0	48	step_2_no_load	5	6	0.534690828011	0.657624935632	6	626	1	
231	0	49	step_1_no_load	1	2	2	370	
231	0	49	step_2_no_load	5	6	0.512405963374	0.614679490594	6	636	1	
231	0	50	step_1_no_load	1	2	2	465	
231	0	50	step_2_no_load	5	6	0.481616544184	0.593458480934	6	494	0	
231	0	51	step_1_no_load	1	2	1	292	
231	0	51	step_2_no_load	3	4	0.564866799699	0.469943944943	4	611	1	
231	0	52	step_1_no_load	1	2	1	356	
231	0	52	step_2_no_load	3	4	0.539065404057	0.429622901875	4	641	1	
231	0	53	step_1_no_load	1	2	1	286	
231	0	53	step_2_no_load	3	4	0.551457882502	0.451905460347	4	609	0	
231	0	54	step_1_no_load	1	2	1	246	
231	0	54	step_2_no_load	3	4	0.570223904064	0.491512498697	3	669	1	
231	0	55	step_1_no_load	1	2	1	268	
231	0	55	step_2_no_load	5	6	0.526704292526	0.639840796975	6	659	1	
231	0	56	step_1_no_load	1	2	1	287	
231	0	56	step_2_no_load	3	4	0.601856598146	0.459773408493	3	582	0	
231	0	57	step_1_no_load	1	2	1	279	
231	0	57	step_2_no_load	3	4	0.641849303307	0.466449077359	3	608	1	
231	0	58	step_1_no_load	1	2	2	325	
231	0	58	step_2_no_load	3	4	0.664682809182	0.478335218822	3	389	1	
231	0	59	step_1_no_load	1	2	2	301	
231	0	59	step_2_no_load	3	4	0.632500293208	0.480274332693	3	455	1	
231	0	60	step_1_no_load	1	2	1	332	
231	0	60	step_2_no_load	5	6	0.479287247283	0.599559577859	5	777	1	
231	0	61	step_1_no_load	1	2	2	239	
231	0	61	step_2_no_load	3	4	0.669587072502	0.464268875813	3	491	1	
231	0	62	step_1_no_load	1	2	1	337	
231	0	62	step_2_no_load	5	6	0.533031417444	0.622820395113	5	671	0	
231	0	63	step_1_no_load	1	2	2	252	
231	0	63	step_2_no_load	5	6	0.519445130796	0.642623127313	6	512	0	
231	0	64	step_1_no_load	1	2	1	268	
231	0	64	step_2_no_load	3	4	0.642369708469	0.555062911513	4	716	1	
231	0	65	step_1_no_load	1	2	1	331	
231	0	65	step_2_no_load	3	4	0.612660225018	0.569109504048	4	419	0	
231	0	66	step_1_no_load	1	2	1	255	
231	0	66	step_2_no_load	3	4	0.606938648072	0.573761869714	3	609	1	
231	0	67	step_1_no_load	1	2	1	270	
231	0	67	step_2_no_load	3	4	0.597650193897	0.542076810516	3	431	0	
231	0	68	step_1_no_load	1	2	1	627	
231	0	68	step_2_no_load	3	4	0.622963076372	0.509127161919	4	513	0	
231	0	69	step_1_no_load	1	2	1	310	
231	0	69	step_2_no_load	5	6	0.560462111264	0.718756538957	6	758	0	
231	0	70	step_1_no_load	1	2	2	404	
231	0	70	step_2_no_load	3	4	0.637556284465	0.498834901463	3	535	1	
231	0	71	step_1_no_load	1	2	2	311	
231	0	71	step_2_no_load	5	6	0.546215110045	0.706816191949	5	838	1	
231	0	72	step_1_no_load	1	2	1	401	
231	0	72	step_2_no_load	3	4	0.626024641967	0.47409116389	3	414	0	
231	0	73	step_1_no_load	1	2	1	380	
231	0	73	step_2_no_load	3	4	0.657126403029	0.435957313805	4	718	0	
231	0	74	step_1_no_load	1	2	1	264	
231	0	74	step_2_no_load	5	6	0.491044983779	0.693624670847	5	991	0	
231	0	75	step_1_no_load	1	2	1	305	
231	0	75	step_2_no_load	3	4	0.615552849174	0.44832280175	3	697	0	
231	0	76	step_1_no_load	1	2	1	271	
231	0	76	step_2_no_load	5	6	0.518881389358	0.690117652944	6	880	0	
231	0	77	step_1_no_load	1	2	2	137	
231	0	77	step_2_no_load	5	6	0.538119616568	0.679737625371	6	594	0	
231	0	78	step_1_no_load	1	2	2	241	
231	0	78	step_2_no_load	3	4	0.536711448352	0.435911167612	3	425	1	
231	0	79	step_1_no_load	1	2	2	249	
231	0	79	step_2_no_load	5	6	0.540085062695	0.647841624544	6	581	1	
231	0	80	step_1_no_load	1	2	2	214	
231	0	80	step_2_no_load	3	4	0.518583383166	0.396016175285	3	545	0	
231	0	81	step_1_no_load	1	2	2	197	
231	0	81	step_2_no_load	5	6	0.494116554432	0.702400933084	6	517	1	
231	0	82	step_1_no_load	1	2	2	256	
231	0	82	step_2_no_load	5	6	0.482727017837	0.688340116885	6	631	1	
231	0	83	step_1_no_load	1	2	2	207	
231	0	83	step_2_no_load	5	6	0.483255412498	0.726885136842	6	633	1	
231	0	84	step_1_no_load	1	2	1	225	
231	0	84	step_2_no_load	5	6	0.505586222209	0.731466635793	5	638	1	
231	0	85	step_1_no_load	1	2	1	244	
231	0	85	step_2_no_load	3	4	0.692384972752	0.384458259121	4	398	1	
231	0	86	step_1_no_load	1	2	1	310	
231	0	86	step_2_no_load	5	6	0.486462788728	0.721207648497	6	451	0	
231	0	87	step_1_no_load	1	2	1	0	
231	0	87	step_2_no_load	3	4	0.719375344246	0.40000499778	4	1133	0	
231	0	88	step_1_no_load	1	2	1	310	
231	0	88	step_2_no_load	5	6	0.509563243675	0.696773608304	5	416	0	
231	0	89	step_1_no_load	1	2	2	356	
231	0	89	step_2_no_load	5	6	0.490019385174	0.660112261017	6	746	0	
231	0	90	step_1_no_load	1	2	2	310	
231	0	90	step_2_no_load	5	6	0.530126112124	0.688736868033	6	523	0	
231	0	91	step_1_no_load	1	2	1	225	
231	0	91	step_2_no_load	5	6	0.479087223222	0.657820521772	6	721	1	
231	0	92	step_1_no_load	1	2	1	314	
231	0	92	step_2_no_load	3	4	0.692406274724	0.444368850664	3	412	1	
231	0	93	step_1_no_load	1	2	1	246	
231	0	93	step_2_no_load	3	4	0.70415710998	0.439878153082	3	856	1	
231	0	94	step_1_no_load	1	2	1	319	
231	0	94	step_2_no_load	3	4	0.719464414227	0.429211756872	3	603	1	
231	0	95	step_1_no_load	1	2	2	210	
231	0	95	step_2_no_load	5	6	0.42505578884	0.640209855442	5	654	0	
231	0	96	step_1_no_load	1	2	2	274	
231	0	96	step_2_no_load	5	6	0.437558890646	0.663095813561	6	688	1	
231	0	97	step_1_no_load	1	2	2	215	
231	0	97	step_2_no_load	5	6	0.455601814112	0.651202057411	6	692	0	
231	0	98	step_1_no_load	1	2	2	303	
231	0	98	step_2_no_load	5	6	0.431479829356	0.646040060297	6	628	1	
231	0	99	step_1_no_load	1	2	2	305	
231	0	99	step_2_no_load	3	4	0.673709850038	0.397561363605	3	789	1	
231	0	100	step_1_no_load	1	2	2	269	
231	0	100	step_2_no_load	5	6	0.363162156005	0.66579920021	6	1045	1	
231	0	101	step_1_no_load	1	2	1	241	
231	0	101	step_2_no_load	5	6	0.366879421891	0.655903528958	5	827	0	
231	0	102	step_1_no_load	1	2	1	262	
231	0	102	step_2_no_load	5	6	0.326080462175	0.663124617603	6	577	1	
231	0	103	step_1_no_load	1	2	1	356	
231	0	103	step_2_no_load	3	4	0.663997796029	0.481975449893	3	740	0	
231	0	104	step_1_no_load	1	2	1	268	
231	0	104	step_2_no_load	3	4	0.703870701136	0.521047445908	3	439	1	
231	0	105	step_1_no_load	1	2	1	367	
231	0	105	step_2_no_load	5	6	0.352639603242	0.722851301692	6	1060	1	
231	0	106	step_1_no_load	1	2	1	216	
231	0	106	step_2_no_load	5	6	0.374131494222	0.699623252899	5	503	0	
231	0	107	step_1_no_load	1	2	2	462	
231	0	107	step_2_no_load	5	6	0.388257337796	0.677514185929	6	1031	0	
231	0	108	step_1_no_load	1	2	2	207	
231	0	108	step_2_no_load	5	6	0.388185708856	0.681491063126	6	383	1	
231	0	109	step_1_no_load	1	2	1	264	
231	0	109	step_2_no_load	3	4	0.71632547018	0.479977531501	4	1100	0	
231	0	110	step_1_no_load	1	2	1	279	
231	0	110	step_2_no_load	3	4	0.729599891941	0.432626681236	4	481	0	
231	0	111	step_1_no_load	1	2	1	276	
231	0	111	step_2_no_load	3	4	0.724852671171	0.384948378665	4	837	0	
231	0	112	step_1_no_load	1	2	1	195	
231	0	112	step_2_no_load	5	6	0.413393106784	0.635252945963	6	1104	1	
231	0	113	step_1_no_load	1	2	1	213	
231	0	113	step_2_no_load	3	4	0.719324307956	0.370697120277	3	819	0	
231	0	114	step_1_no_load	1	2	1	125	
231	0	114	step_2_no_load	3	4	0.718213323791	0.380324086676	4	489	0	
231	0	115	step_1_no_load	1	2	-1	-1	
231	0	116	step_1_no_load	1	2	2	365	
231	0	116	step_2_no_load	3	4	0.706736514943	0.378149844807	3	633	0	
231	0	117	step_1_no_load	1	2	2	135	
231	0	117	step_2_no_load	5	6	0.363056877927	0.671842537277	5	960	1	
231	0	118	step_1_no_load	1	2	2	202	
231	0	118	step_2_no_load	3	4	0.740051715856	0.357645851833	4	914	1	
231	0	119	step_1_no_load	1	2	1	216	
231	0	119	step_2_no_load	3	4	0.690424535099	0.357515098446	3	1044	1	
231	0	120	step_1_no_load	1	2	1	239	
231	0	120	step_2_no_load	3	4	0.70587238626	0.370150243662	3	960	1	
231	0	121	step_1_no_load	1	2	1	252	
231	0	121	step_2_no_load	3	4	0.658856304095	0.352721767208	3	557	1	
231	0	122	step_1_no_load	1	2	1	445	
231	0	122	step_2_no_load	5	6	0.266650857402	0.672193618854	6	863	1	
231	0	123	step_1_no_load	1	2	2	291	
231	0	123	step_2_no_load	5	6	0.269780614928	0.664849878232	6	768	0	
231	0	124	step_1_no_load	1	2	2	355	
231	0	124	step_2_no_load	3	4	0.603013298253	0.309430836661	4	1198	1	
231	0	125	step_1_no_load	1	2	2	415	
231	0	125	step_2_no_load	5	6	0.290374841566	0.633566302563	5	565	0	
231	0	126	step_1_no_load	1	2	2	71	
231	0	126	step_2_no_load	5	6	0.267206368684	0.600985760967	6	707	1	
231	0	127	step_1_no_load	1	2	2	241	
231	0	127	step_2_no_load	5	6	0.273483952592	0.646945556251	6	584	1	
231	0	128	step_1_no_load	1	2	2	80	
231	0	128	step_2_no_load	3	4	0.636905534066	0.250790232267	3	399	1	
231	0	129	step_1_no_load	1	2	1	110	
231	0	129	step_2_no_load	5	6	0.268213321963	0.632682846317	6	1375	1	
231	0	130	step_1_no_load	1	2	1	247	
231	0	130	step_2_no_load	3	4	0.682031489739	0.274560758494	3	455	0	
231	0	131	step_1_no_load	1	2	1	72	
231	0	131	step_2_no_load	3	4	0.678044920845	0.311475039155	3	423	0	
231	0	132	step_1_no_load	1	2	1	257	
231	0	132	step_2_no_load	3	4	0.668578020634	0.315328810424	4	576	1	
231	0	133	step_1_no_load	1	2	1	229	
231	0	133	step_2_no_load	5	6	0.315608831386	0.691649444281	5	781	0	
231	0	134	step_1_no_load	1	2	1	119	
231	0	134	step_2_no_load	3	4	0.621945110858	0.302839427162	4	960	0	
231	0	135	step_1_no_load	1	2	1	497	
231	0	135	step_2_no_load	3	4	0.593710006149	0.287118934166	3	434	1	
231	0	136	step_1_no_load	1	2	1	266	
231	0	136	step_2_no_load	3	4	0.597814413435	0.284521085726	3	429	1	
231	0	137	step_1_no_load	1	2	1	351	
231	0	137	step_2_no_load	3	4	0.605896884497	0.325016613024	3	612	0	
231	0	138	step_1_no_load	1	2	1	264	
231	0	138	step_2_no_load	3	4	0.63240964674	0.307694123906	4	447	1	
231	0	139	step_1_no_load	1	2	1	466	
231	0	139	step_2_no_load	3	4	0.636630981281	0.323660750961	3	606	1	
231	0	140	step_1_no_load	1	2	1	270	
231	0	140	step_2_no_load	3	4	0.671213945178	0.328174526491	3	484	0	
231	0	141	step_1_no_load	1	2	2	214	
231	0	141	step_2_no_load	5	6	0.390227133375	0.616803346728	6	629	1	
231	0	142	step_1_no_load	1	2	2	257	
231	0	142	step_2_no_load	3	4	0.690276058009	0.304203281606	4	1241	1	
231	0	143	step_1_no_load	1	2	2	256	
231	0	143	step_2_no_load	5	6	0.410970957547	0.610219102298	6	503	0	
231	0	144	step_1_no_load	1	2	2	258	
231	0	144	step_2_no_load	5	6	0.389234194056	0.639347300184	5	907	0	
231	0	145	step_1_no_load	1	2	2	330	
231	0	145	step_2_no_load	5	6	0.355256413269	0.606515632748	6	905	1	
231	0	146	step_1_no_load	1	2	2	447	
231	0	146	step_2_no_load	5	6	0.320877500969	0.593778463268	5	627	0	
231	0	147	step_1_no_load	1	2	2	249	
231	0	147	step_2_no_load	3	4	0.647798886916	0.265578160642	3	839	1	
231	0	148	step_1_no_load	1	2	2	259	
231	0	148	step_2_no_load	3	4	0.619272702026	0.305288021243	3	551	0	
231	0	149	step_1_no_load	1	2	1	514	
231	0	149	step_2_no_load	3	4	0.601870110183	0.269951834184	4	699	1	
231	0	150	step_1_no_load	1	2	1	187	
231	0	150	step_2_no_load	5	6	0.306860041627	0.605912419156	5	1151	0	
231	0	151	step_1_no_load	1	2	1	475	
231	0	151	step_2_no_load	3	4	0.59154759351	0.348172164421	3	1228	0	
231	0	152	step_1_no_load	1	2	1	436	
231	0	152	step_2_no_load	3	4	0.595108765344	0.307702500543	3	780	1	
231	0	153	step_1_no_load	1	2	1	371	
231	0	153	step_2_no_load	3	4	0.613336203392	0.309356532263	4	1142	0	
231	0	154	step_1_no_load	1	2	1	384	
231	0	154	step_2_no_load	3	4	0.638934099562	0.316375537537	3	525	1	
231	0	155	step_1_no_load	1	2	1	258	
231	0	155	step_2_no_load	3	4	0.632486591889	0.296093457977	4	875	0	
231	0	156	step_1_no_load	1	2	1	0	
231	0	156	step_2_no_load	3	4	0.631048201903	0.32564867104	3	563	1	
231	0	157	step_1_no_load	1	2	1	264	
231	0	157	step_2_no_load	3	4	0.585191807512	0.350909357271	3	522	0	
231	0	158	step_1_no_load	1	2	1	185	
231	0	158	step_2_no_load	3	4	0.532722108502	0.408728803896	3	350	0	
231	0	159	step_1_no_load	1	2	1	257	
231	0	159	step_2_no_load	5	6	0.321150411254	0.697903160072	5	981	1	
231	0	160	step_1_no_load	1	2	1	371	
231	0	160	step_2_no_load	3	4	0.521229931064	0.415052912783	3	1024	0	
231	0	161	step_1_no_load	1	2	1	158	
231	0	161	step_2_no_load	3	4	0.516036498158	0.407025633682	3	1111	0	
231	0	162	step_1_no_load	1	2	1	397	
231	0	162	step_2_no_load	3	4	0.566496468084	0.3926701003	4	460	0	
231	0	163	step_1_no_load	1	2	2	242	
231	0	163	step_2_no_load	3	4	0.5863391277	0.395221309311	3	477	1	
231	0	164	step_1_no_load	1	2	2	242	
231	0	164	step_2_no_load	5	6	0.430844125626	0.692137394606	6	1409	0	
231	0	165	step_1_no_load	1	2	2	309	
231	0	165	step_2_no_load	5	6	0.347974240867	0.717506143195	6	1140	1	
231	0	166	step_1_no_load	1	2	2	290	
231	0	166	step_2_no_load	3	4	0.549095060025	0.422282731054	3	648	0	
231	0	167	step_1_no_load	1	2	2	214	
231	0	167	step_2_no_load	5	6	0.331115714939	0.706271792549	6	870	1	
231	0	168	step_1_no_load	1	2	2	237	
231	0	168	step_2_no_load	5	6	0.335777599654	0.67192508984	5	938	0	
231	0	169	step_1_no_load	1	2	1	362	
231	0	169	step_2_no_load	3	4	0.586049140041	0.42098542374	3	991	0	
231	0	170	step_1_no_load	1	2	1	248	
231	0	170	step_2_no_load	3	4	0.57151385403	0.411067820436	4	432	0	
231	0	171	step_1_no_load	1	2	1	235	
231	0	171	step_2_no_load	3	4	0.553314431843	0.386979310814	4	1087	1	
231	0	172	step_1_no_load	1	2	1	303	
231	0	172	step_2_no_load	3	4	0.519090471457	0.363617002148	3	721	0	
231	0	173	step_1_no_load	1	2	1	230	
231	0	173	step_2_no_load	5	6	0.462866379815	0.667027212577	6	1192	0	
231	0	174	step_1_no_load	1	2	1	183	
231	0	174	step_2_no_load	3	4	0.472729524832	0.387867297446	4	983	0	
231	0	175	step_1_no_load	1	2	1	232	
231	0	175	step_2_no_load	3	4	0.52644949356	0.426185553904	3	588	0	
231	0	176	step_1_no_load	1	2	1	290	
231	0	176	step_2_no_load	3	4	0.474046874473	0.383231572002	3	840	1	
231	0	177	step_1_no_load	1	2	1	352	
231	0	177	step_2_no_load	3	4	0.501268576771	0.357425668099	4	407	0	
231	0	178	step_1_no_load	1	2	1	227	
231	0	178	step_2_no_load	3	4	0.493712351915	0.36473828006	3	1250	1	
231	0	179	step_1_no_load	1	2	1	271	
231	0	179	step_2_no_load	3	4	0.457298770028	0.324685418097	3	541	1	
231	0	180	step_1_no_load	1	2	1	224	
231	0	180	step_2_no_load	5	6	0.489345734128	0.719795072986	6	877	1	
231	0	181	step_1_no_load	1	2	1	273	
231	0	181	step_2_no_load	5	6	0.480141179559	0.746910336326	6	415	1	
231	0	182	step_1_no_load	1	2	1	295	
231	0	182	step_2_no_load	5	6	0.49907747228	0.72717560423	6	330	1	
231	0	183	step_1_no_load	1	2	2	408	
231	0	183	step_2_no_load	5	6	0.492742497507	0.720388040749	6	1123	1	
231	0	184	step_1_no_load	1	2	2	263	
231	0	184	step_2_no_load	3	4	0.460890977786	0.362743255194	3	600	1	
231	0	185	step_1_no_load	1	2	2	277	
231	0	185	step_2_no_load	5	6	0.482228039858	0.665622647081	6	787	1	
231	0	186	step_1_no_load	1	2	2	222	
231	0	186	step_2_no_load	5	6	0.484672582719	0.656308636836	6	586	0	
231	0	187	step_1_no_load	1	2	2	147	
231	0	187	step_2_no_load	5	6	0.498596507669	0.678211978625	6	430	1	
231	0	188	step_1_no_load	1	2	1	34	
231	0	188	step_2_no_load	3	4	0.471319680586	0.291508050861	4	705	1	
231	0	189	step_1_no_load	1	2	1	261	
231	0	189	step_2_no_load	3	4	0.448897869069	0.285168135955	4	446	0	
231	0	190	step_1_no_load	1	2	1	114	
231	0	190	step_2_no_load	3	4	0.433568856946	0.304557739386	4	411	0	
231	0	191	step_1_no_load	1	2	1	265	
231	0	191	step_2_no_load	3	4	0.435748387321	0.318839908867	3	840	1	
231	0	192	step_1_no_load	1	2	1	228	
231	0	192	step_2_no_load	3	4	0.450791310283	0.299297135717	3	456	0	
231	0	193	step_1_no_load	1	2	1	470	
231	0	193	step_2_no_load	3	4	0.440813209638	0.321008037746	3	421	1	
231	0	194	step_1_no_load	1	2	1	60	
231	0	194	step_2_no_load	3	4	0.433250459893	0.342437174514	3	588	0	
231	0	195	step_1_no_load	1	2	1	198	
231	0	195	step_2_no_load	5	6	0.494102184238	0.646280688878	6	819	1	
231	0	196	step_1_no_load	1	2	1	234	
231	0	196	step_2_no_load	3	4	0.421761207498	0.365373286058	3	525	1	
231	0	197	step_1_no_load	1	2	2	349	
231	0	197	step_2_no_load	5	6	0.47786945426	0.686552522522	6	629	0	
231	0	198	step_1_no_load	1	2	2	283	
231	0	198	step_2_no_load	5	6	0.485065498391	0.68660989813	6	436	0	
231	0	199	step_1_no_load	1	2	2	359	
231	0	199	step_2_no_load	3	4	0.39793773834	0.292861528884	4	1130	1	
231	0	200	step_1_no_load	1	2	2	325	
231	0	200	step_2_no_load	5	6	0.507902534353	0.728996708473	5	416	0	

Tue Apr 23 15:57:40 2019
