Mon Apr 29 14:46:55 2019	
232	0	1	step_1_no_load	1	2	1	404	
232	0	1	step_2_no_load	3	4	0.511789129507	0.598297890399	3	833	0	
232	0	2	step_1_no_load	1	2	1	305	
232	0	2	step_2_no_load	3	4	0.533203491871	0.580156942153	4	366	1	
232	0	3	step_1_no_load	1	2	2	938	
232	0	3	step_2_no_load	5	6	0.589215227351	0.476767372206	5	979	0	
232	0	4	step_1_no_load	1	2	1	276	
232	0	4	step_2_no_load	3	4	0.494597764192	0.597491569846	4	720	0	
232	0	5	step_1_no_load	1	2	1	231	
232	0	5	step_2_no_load	3	4	0.543908521457	0.623810210114	4	371	1	
232	0	6	step_1_no_load	1	2	1	320	
232	0	6	step_2_no_load	5	6	0.603642866427	0.506877622204	5	828	0	
232	0	7	step_1_no_load	1	2	2	514	
232	0	7	step_2_no_load	3	4	0.506408070053	0.568656746487	4	935	1	
232	0	8	step_1_no_load	1	2	2	419	
232	0	8	step_2_no_load	3	4	0.499203529332	0.59128639594	4	1063	1	
232	0	9	step_1_no_load	1	2	1	292	
232	0	9	step_2_no_load	3	4	0.54429228266	0.598049061473	4	641	1	
232	0	10	step_1_no_load	1	2	1	217	
232	0	10	step_2_no_load	3	4	0.576063520885	0.652626043146	4	589	1	
232	0	11	step_1_no_load	1	2	1	247	
232	0	11	step_2_no_load	5	6	0.609191465743	0.477013315682	5	639	1	
232	0	12	step_1_no_load	1	2	1	353	
232	0	12	step_2_no_load	3	4	0.597131918027	0.682786328054	4	778	1	
232	0	13	step_1_no_load	1	2	1	280	
232	0	13	step_2_no_load	3	4	0.595790490356	0.653587098421	4	350	0	
232	0	14	step_1_no_load	1	2	2	251	
232	0	14	step_2_no_load	5	6	0.545555696267	0.491234392147	6	637	0	
232	0	15	step_1_no_load	1	2	2	269	
232	0	15	step_2_no_load	5	6	0.570419113221	0.505377237737	6	567	1	
232	0	16	step_1_no_load	1	2	2	574	
232	0	16	step_2_no_load	5	6	0.553308964466	0.510958036527	6	520	0	
232	0	17	step_1_no_load	1	2	2	330	
232	0	17	step_2_no_load	5	6	0.562895132605	0.535958400205	6	682	1	
232	0	18	step_1_no_load	1	2	2	298	
232	0	18	step_2_no_load	5	6	0.553554620302	0.517514133912	6	1195	0	
232	0	19	step_1_no_load	1	2	2	119	
232	0	19	step_2_no_load	5	6	0.536502319591	0.498240186199	6	500	1	
232	0	20	step_1_no_load	1	2	2	230	
232	0	20	step_2_no_load	3	4	0.60665343963	0.636521555122	3	965	0	
232	0	21	step_1_no_load	1	2	2	242	
232	0	21	step_2_no_load	5	6	0.470207377245	0.49769376036	6	987	0	
232	0	22	step_1_no_load	1	2	1	43	
232	0	22	step_2_no_load	5	6	0.468700882609	0.506100011497	-1	-1	-1	
232	0	23	step_1_no_load	1	2	1	556	
232	0	23	step_2_no_load	3	4	0.604065470975	0.640163623731	4	615	1	
232	0	24	step_1_no_load	1	2	1	188	
232	0	24	step_2_no_load	5	6	0.503316199018	0.505388876622	6	307	1	
232	0	25	step_1_no_load	1	2	1	166	
232	0	25	step_2_no_load	3	4	0.629917901014	0.565698722896	4	221	1	
232	0	26	step_1_no_load	1	2	1	266	
232	0	26	step_2_no_load	3	4	0.640635035276	0.592410219737	4	337	1	
232	0	27	step_1_no_load	1	2	1	196	
232	0	27	step_2_no_load	3	4	0.642144756622	0.57860777711	4	287	0	
232	0	28	step_1_no_load	1	2	1	204	
232	0	28	step_2_no_load	3	4	0.647441527317	0.588356036098	4	350	1	
232	0	29	step_1_no_load	1	2	1	210	
232	0	29	step_2_no_load	3	4	0.618626354124	0.606613029227	4	283	1	
232	0	30	step_1_no_load	1	2	1	251	
232	0	30	step_2_no_load	5	6	0.574272497114	0.4919199548	6	293	1	
232	0	31	step_1_no_load	1	2	1	317	
232	0	31	step_2_no_load	3	4	0.606122691795	0.636602545794	4	253	0	
232	0	32	step_1_no_load	1	2	1	304	
232	0	32	step_2_no_load	3	4	0.605616211083	0.634585171267	3	799	1	
232	0	33	step_1_no_load	1	2	1	339	
232	0	33	step_2_no_load	3	4	0.618000238621	0.611700032906	3	376	1	
232	0	34	step_1_no_load	1	2	1	317	
232	0	34	step_2_no_load	5	6	0.538523758058	0.454565258478	6	756	1	
232	0	35	step_1_no_load	1	2	1	205	
232	0	35	step_2_no_load	3	4	0.649776015006	0.566827313385	3	834	1	
232	0	36	step_1_no_load	1	2	1	202	
232	0	36	step_2_no_load	3	4	0.661229326326	0.527635087561	-1	-1	-1	
232	0	37	step_1_no_load	1	2	1	334	
232	0	37	step_2_no_load	5	6	0.598446394142	0.543074626387	6	394	1	
232	0	38	step_1_no_load	1	2	1	200	
232	0	38	step_2_no_load	5	6	0.595113730206	0.553931241266	6	202	0	
232	0	39	step_1_no_load	1	2	1	0	
232	0	39	step_2_no_load	3	4	0.634483337633	0.557005857101	4	516	1	
232	0	40	step_1_no_load	1	2	1	272	
232	0	40	step_2_no_load	3	4	0.636994900683	0.580760785074	4	259	1	
232	0	41	step_1_no_load	1	2	1	206	
232	0	41	step_2_no_load	3	4	0.633285941184	0.524862294848	4	517	1	
232	0	42	step_1_no_load	1	2	1	253	
232	0	42	step_2_no_load	3	4	0.606696263624	0.533857158543	4	300	1	
232	0	43	step_1_no_load	1	2	1	157	
232	0	43	step_2_no_load	3	4	0.581931546759	0.553703096215	4	234	0	
232	0	44	step_1_no_load	1	2	1	186	
232	0	44	step_2_no_load	3	4	0.589653131867	0.541854396676	3	365	0	
232	0	45	step_1_no_load	1	2	1	189	
232	0	45	step_2_no_load	5	6	0.632991467829	0.5288039409	5	1198	1	
232	0	46	step_1_no_load	1	2	1	308	
232	0	46	step_2_no_load	3	4	0.654261318712	0.55511883717	4	462	1	
232	0	47	step_1_no_load	1	2	1	185	
232	0	47	step_2_no_load	3	4	0.634373567175	0.546259467838	3	1325	0	
232	0	48	step_1_no_load	1	2	1	205	
232	0	48	step_2_no_load	5	6	0.615767119776	0.488280685105	6	390	0	
232	0	49	step_1_no_load	1	2	1	0	
232	0	49	step_2_no_load	5	6	0.610193185592	0.489287375157	5	957	1	
232	0	50	step_1_no_load	1	2	1	327	
232	0	50	step_2_no_load	3	4	0.593458480934	0.481616544184	4	506	0	
232	0	51	step_1_no_load	1	2	1	423	
232	0	51	step_2_no_load	3	4	0.613357430892	0.508197321577	3	1119	1	
232	0	52	step_1_no_load	1	2	1	249	
232	0	52	step_2_no_load	3	4	0.613408921915	0.513589895419	3	563	1	
232	0	53	step_1_no_load	1	2	1	207	
232	0	53	step_2_no_load	3	4	0.630956764252	0.475342927439	3	370	0	
232	0	54	step_1_no_load	1	2	1	0	
232	0	54	step_2_no_load	5	6	0.570223904064	0.491512498697	5	1166	1	
232	0	55	step_1_no_load	1	2	1	381	
232	0	55	step_2_no_load	5	6	0.574045915747	0.487025527704	5	604	0	
232	0	56	step_1_no_load	1	2	1	298	
232	0	56	step_2_no_load	5	6	0.601856598146	0.459773408493	5	606	0	
232	0	57	step_1_no_load	1	2	1	0	
232	0	57	step_2_no_load	3	4	0.586335094239	0.516475618243	3	612	0	
232	0	58	step_1_no_load	1	2	1	237	
232	0	58	step_2_no_load	5	6	0.664682809182	0.478335218822	5	1454	1	
232	0	59	step_1_no_load	1	2	1	491	
232	0	59	step_2_no_load	3	4	0.608951267756	0.537400760025	4	1249	1	
232	0	60	step_1_no_load	1	2	1	311	
232	0	60	step_2_no_load	3	4	0.599559577859	0.479287247283	4	537	1	
232	0	61	step_1_no_load	1	2	1	201	
232	0	61	step_2_no_load	3	4	0.602879526975	0.527144452559	4	432	0	
232	0	62	step_1_no_load	1	2	1	233	
232	0	62	step_2_no_load	3	4	0.622820395113	0.533031417444	3	856	0	
232	0	63	step_1_no_load	1	2	1	316	
232	0	63	step_2_no_load	5	6	0.664284493458	0.53192660365	6	1254	0	
232	0	64	step_1_no_load	1	2	1	236	
232	0	64	step_2_no_load	3	4	0.626149195169	0.533849886794	4	1243	1	
232	0	65	step_1_no_load	1	2	1	278	
232	0	65	step_2_no_load	5	6	0.612660225018	0.569109504048	5	1233	0	
232	0	66	step_1_no_load	1	2	1	261	
232	0	66	step_2_no_load	3	4	0.630357351236	0.555324764318	3	1484	1	
232	0	67	step_1_no_load	1	2	1	261	
232	0	67	step_2_no_load	3	4	0.674463681351	0.538279387614	3	908	1	
232	0	68	step_1_no_load	1	2	1	781	
232	0	68	step_2_no_load	3	4	0.719455209845	0.523301545299	4	742	1	
232	0	69	step_1_no_load	1	2	1	332	
232	0	69	step_2_no_load	5	6	0.622221685203	0.499137600991	5	995	1	
232	0	70	step_1_no_load	1	2	1	235	
232	0	70	step_2_no_load	3	4	0.697741832068	0.548075770764	4	894	0	
232	0	71	step_1_no_load	1	2	1	191	
232	0	71	step_2_no_load	5	6	0.639174917797	0.482863323776	5	925	0	
232	0	72	step_1_no_load	1	2	1	182	
232	0	72	step_2_no_load	5	6	0.626024641967	0.47409116389	5	1003	1	
232	0	73	step_1_no_load	1	2	1	261	
232	0	73	step_2_no_load	3	4	0.727961155836	0.50185699984	4	1409	0	
232	0	74	step_1_no_load	1	2	1	195	
232	0	74	step_2_no_load	3	4	0.693624670847	0.491044983779	4	397	0	
232	0	75	step_1_no_load	1	2	1	29	
232	0	75	step_2_no_load	3	4	0.697629587097	0.483983914712	4	579	0	
232	0	76	step_1_no_load	1	2	1	240	
232	0	76	step_2_no_load	5	6	0.62770291155	0.488583631821	-1	-1	-1	
232	0	77	step_1_no_load	1	2	1	563	
232	0	77	step_2_no_load	3	4	0.679737625371	0.538119616568	4	734	1	
232	0	78	step_1_no_load	1	2	1	73	
232	0	78	step_2_no_load	3	4	0.647586191228	0.538654072849	4	394	1	
232	0	79	step_1_no_load	1	2	1	198	
232	0	79	step_2_no_load	3	4	0.647841624544	0.540085062695	3	523	1	
232	0	80	step_1_no_load	1	2	1	301	
232	0	80	step_2_no_load	3	4	0.703969305517	0.49921021142	3	843	0	
232	0	81	step_1_no_load	1	2	1	207	
232	0	81	step_2_no_load	3	4	0.702400933084	0.494116554432	3	1198	1	
232	0	82	step_1_no_load	1	2	1	270	
232	0	82	step_2_no_load	3	4	0.688340116885	0.482727017837	4	1081	0	
232	0	83	step_1_no_load	1	2	1	191	
232	0	83	step_2_no_load	3	4	0.726885136842	0.483255412498	3	519	1	
232	0	84	step_1_no_load	1	2	1	340	
232	0	84	step_2_no_load	5	6	0.65843840156	0.385087938645	-1	-1	-1	
232	0	85	step_1_no_load	1	2	1	269	
232	0	85	step_2_no_load	3	4	0.712989604416	0.485785534744	4	365	0	
232	0	86	step_1_no_load	1	2	1	120	
232	0	86	step_2_no_load	3	4	0.721207648497	0.486462788728	4	306	1	
232	0	87	step_1_no_load	1	2	1	285	
232	0	87	step_2_no_load	5	6	0.719375344246	0.40000499778	6	323	1	
232	0	88	step_1_no_load	1	2	1	384	
232	0	88	step_2_no_load	5	6	0.717410082358	0.377947492322	5	712	1	
232	0	89	step_1_no_load	1	2	1	302	
232	0	89	step_2_no_load	3	4	0.660112261017	0.490019385174	3	1122	1	
232	0	90	step_1_no_load	1	2	1	261	
232	0	90	step_2_no_load	3	4	0.688736868033	0.530126112124	3	806	0	
232	0	91	step_1_no_load	1	2	1	229	
232	0	91	step_2_no_load	3	4	0.657820521772	0.479087223222	3	1112	0	
232	0	92	step_1_no_load	1	2	1	196	
232	0	92	step_2_no_load	3	4	0.679381608313	0.484260039873	3	628	1	
232	0	93	step_1_no_load	1	2	1	233	
232	0	93	step_2_no_load	3	4	0.662863370634	0.473273727684	3	682	1	
232	0	94	step_1_no_load	1	2	1	215	
232	0	94	step_2_no_load	3	4	0.668295023896	0.468637558205	4	1006	1	
232	0	95	step_1_no_load	1	2	1	208	
232	0	95	step_2_no_load	5	6	0.715495469274	0.427150666411	5	1179	1	
232	0	96	step_1_no_load	1	2	1	318	
232	0	96	step_2_no_load	3	4	0.663095813561	0.437558890646	4	1147	0	
232	0	97	step_1_no_load	1	2	1	218	
232	0	97	step_2_no_load	3	4	0.651202057411	0.455601814112	3	1154	1	
232	0	98	step_1_no_load	1	2	1	651	
232	0	98	step_2_no_load	3	4	0.646040060297	0.431479829356	4	700	0	
232	0	99	step_1_no_load	1	2	1	346	
232	0	99	step_2_no_load	3	4	0.645191748454	0.375249961522	3	542	1	
232	0	100	step_1_no_load	1	2	1	231	
232	0	100	step_2_no_load	3	4	0.66579920021	0.363162156005	3	395	1	
232	0	101	step_1_no_load	1	2	1	248	
232	0	101	step_2_no_load	3	4	0.655903528958	0.366879421891	3	731	1	
232	0	102	step_1_no_load	1	2	1	493	
232	0	102	step_2_no_load	3	4	0.663124617603	0.326080462175	3	1121	1	
232	0	103	step_1_no_load	1	2	1	463	
232	0	103	step_2_no_load	3	4	0.69058998368	0.322834495838	3	710	1	
232	0	104	step_1_no_load	1	2	1	366	
232	0	104	step_2_no_load	3	4	0.743372642809	0.303696146503	4	533	0	
232	0	105	step_1_no_load	1	2	1	442	
232	0	105	step_2_no_load	5	6	0.689135357059	0.514318365187	5	867	0	
232	0	106	step_1_no_load	1	2	1	259	
232	0	106	step_2_no_load	3	4	0.699623252899	0.374131494222	3	1103	1	
232	0	107	step_1_no_load	1	2	1	239	
232	0	107	step_2_no_load	3	4	0.677514185929	0.388257337796	3	224	1	
232	0	108	step_1_no_load	1	2	1	205	
232	0	108	step_2_no_load	3	4	0.681491063126	0.388185708856	3	230	1	
232	0	109	step_1_no_load	1	2	1	244	
232	0	109	step_2_no_load	3	4	0.68658494263	0.372328831887	3	264	1	
232	0	110	step_1_no_load	1	2	1	378	
232	0	110	step_2_no_load	5	6	0.729599891941	0.432626681236	5	271	1	
232	0	111	step_1_no_load	1	2	1	262	
232	0	111	step_2_no_load	5	6	0.724852671171	0.384948378665	5	438	1	
232	0	112	step_1_no_load	1	2	1	345	
232	0	112	step_2_no_load	5	6	0.725701866094	0.392887565883	5	335	1	
232	0	113	step_1_no_load	1	2	1	0	
232	0	113	step_2_no_load	3	4	0.634627459817	0.387112818105	3	333	1	
232	0	114	step_1_no_load	1	2	1	216	
232	0	114	step_2_no_load	3	4	0.657654904272	0.384736699284	3	246	1	
232	0	115	step_1_no_load	1	2	1	222	
232	0	115	step_2_no_load	3	4	0.645721217949	0.357661171116	3	222	1	
232	0	116	step_1_no_load	1	2	1	343	
232	0	116	step_2_no_load	3	4	0.680124293449	0.369438791876	3	358	1	
232	0	117	step_1_no_load	1	2	1	187	
232	0	117	step_2_no_load	3	4	0.671842537277	0.363056877927	3	231	1	
232	0	118	step_1_no_load	1	2	1	186	
232	0	118	step_2_no_load	5	6	0.740051715856	0.357645851833	5	298	1	
232	0	119	step_1_no_load	1	2	1	461	
232	0	119	step_2_no_load	5	6	0.690424535099	0.357515098446	5	428	1	
232	0	120	step_1_no_load	1	2	1	210	
232	0	120	step_2_no_load	3	4	0.666433355915	0.333809617664	3	706	0	
232	0	121	step_1_no_load	1	2	1	336	
232	0	121	step_2_no_load	3	4	0.671052306195	0.310775244958	3	884	0	
232	0	122	step_1_no_load	1	2	1	352	
232	0	122	step_2_no_load	3	4	0.672193618854	0.266650857402	4	394	0	
232	0	123	step_1_no_load	1	2	1	184	
232	0	123	step_2_no_load	3	4	0.664849878232	0.269780614928	3	537	0	
232	0	124	step_1_no_load	1	2	1	313	
232	0	124	step_2_no_load	5	6	0.603013298253	0.309430836661	5	242	0	
232	0	125	step_1_no_load	1	2	1	337	
232	0	125	step_2_no_load	3	4	0.633566302563	0.290374841566	3	229	1	
232	0	126	step_1_no_load	1	2	1	322	
232	0	126	step_2_no_load	3	4	0.600985760967	0.267206368684	3	848	1	
232	0	127	step_1_no_load	1	2	1	329	
232	0	127	step_2_no_load	3	4	0.646945556251	0.273483952592	3	388	1	
232	0	128	step_1_no_load	1	2	1	217	
232	0	128	step_2_no_load	3	4	0.620672334996	0.260252451606	3	68	0	
232	0	129	step_1_no_load	1	2	1	345	
232	0	129	step_2_no_load	3	4	0.632682846317	0.268213321963	3	396	1	
232	0	130	step_1_no_load	1	2	1	230	
232	0	130	step_2_no_load	3	4	0.630285316669	0.267460866951	3	549	0	
232	0	131	step_1_no_load	1	2	1	291	
232	0	131	step_2_no_load	5	6	0.678044920845	0.311475039155	5	308	1	
232	0	132	step_1_no_load	1	2	1	253	
232	0	132	step_2_no_load	3	4	0.660013924697	0.27986961048	3	583	0	
232	0	133	step_1_no_load	1	2	1	225	
232	0	133	step_2_no_load	3	4	0.691649444281	0.315608831386	3	261	1	
232	0	134	step_1_no_load	1	2	1	212	
232	0	134	step_2_no_load	5	6	0.621945110858	0.302839427162	6	275	0	
232	0	135	step_1_no_load	1	2	-1	-1	
232	0	136	step_1_no_load	1	2	2	250	
232	0	136	step_2_no_load	3	4	0.674914008636	0.307766925452	4	411	0	
232	0	137	step_1_no_load	1	2	2	257	
232	0	137	step_2_no_load	3	4	0.668540846495	0.346433498467	4	299	1	
232	0	138	step_1_no_load	1	2	2	139	
232	0	138	step_2_no_load	3	4	0.688182193337	0.366701525561	4	304	0	
232	0	139	step_1_no_load	1	2	2	237	
232	0	139	step_2_no_load	5	6	0.636630981281	0.323660750961	6	141	1	
232	0	140	step_1_no_load	1	2	2	98	
232	0	140	step_2_no_load	5	6	0.671213945178	0.328174526491	6	225	0	
232	0	141	step_1_no_load	1	2	2	236	
232	0	141	step_2_no_load	5	6	0.711987889705	0.311809871418	6	117	1	
232	0	142	step_1_no_load	1	2	2	413	
232	0	142	step_2_no_load	5	6	0.690276058009	0.304203281606	6	387	0	
232	0	143	step_1_no_load	1	2	2	231	
232	0	143	step_2_no_load	3	4	0.610219102298	0.410970957547	4	224	1	
232	0	144	step_1_no_load	1	2	2	212	
232	0	144	step_2_no_load	3	4	0.639347300184	0.389234194056	3	239	0	
232	0	145	step_1_no_load	1	2	2	384	
232	0	145	step_2_no_load	5	6	0.6669125229	0.266265924094	6	324	0	
232	0	146	step_1_no_load	1	2	2	385	
232	0	146	step_2_no_load	5	6	0.681611991725	0.257861956214	6	275	0	
232	0	147	step_1_no_load	1	2	2	234	
232	0	147	step_2_no_load	5	6	0.647798886916	0.265578160642	6	277	1	
232	0	148	step_1_no_load	1	2	2	265	
232	0	148	step_2_no_load	5	6	0.619272702026	0.305288021243	6	326	1	
232	0	149	step_1_no_load	1	2	2	119	
232	0	149	step_2_no_load	5	6	0.601870110183	0.269951834184	6	284	0	
232	0	150	step_1_no_load	1	2	2	427	
232	0	150	step_2_no_load	3	4	0.605912419156	0.306860041627	4	297	0	
232	0	151	step_1_no_load	1	2	2	294	
232	0	151	step_2_no_load	5	6	0.59154759351	0.348172164421	6	356	1	
232	0	152	step_1_no_load	1	2	2	228	
232	0	152	step_2_no_load	5	6	0.595108765344	0.307702500543	6	535	0	
232	0	153	step_1_no_load	1	2	2	381	
232	0	153	step_2_no_load	3	4	0.681559292085	0.343622632154	4	1304	0	
232	0	154	step_1_no_load	1	2	2	201	
232	0	154	step_2_no_load	5	6	0.638934099562	0.316375537537	6	295	0	
232	0	155	step_1_no_load	1	2	2	234	
232	0	155	step_2_no_load	3	4	0.716100930629	0.372188990474	3	1162	1	
232	0	156	step_1_no_load	1	2	2	270	
232	0	156	step_2_no_load	3	4	0.734436160799	0.368378667812	4	995	1	
232	0	157	step_1_no_load	1	2	2	222	
232	0	157	step_2_no_load	5	6	0.585191807512	0.350909357271	5	667	0	
232	0	158	step_1_no_load	1	2	2	291	
232	0	158	step_2_no_load	5	6	0.532722108502	0.408728803896	5	381	0	
232	0	159	step_1_no_load	1	2	2	229	
232	0	159	step_2_no_load	3	4	0.697903160072	0.321150411254	4	1430	0	
232	0	160	step_1_no_load	1	2	2	204	
232	0	160	step_2_no_load	5	6	0.521229931064	0.415052912783	6	1234	0	
232	0	161	step_1_no_load	1	2	2	189	
232	0	161	step_2_no_load	5	6	0.516036498158	0.407025633682	6	313	0	
232	0	162	step_1_no_load	1	2	2	229	
232	0	162	step_2_no_load	5	6	0.566496468084	0.3926701003	5	306	0	
232	0	163	step_1_no_load	1	2	1	303	
232	0	163	step_2_no_load	3	4	0.697095951435	0.430920885959	3	588	0	
232	0	164	step_1_no_load	1	2	1	352	
232	0	164	step_2_no_load	5	6	0.585961845322	0.432761720497	6	1457	0	
232	0	165	step_1_no_load	1	2	1	208	
232	0	165	step_2_no_load	5	6	0.538026607649	0.463777557969	5	363	0	
232	0	166	step_1_no_load	1	2	1	271	
232	0	166	step_2_no_load	3	4	0.686594248975	0.356317216644	3	330	1	
232	0	167	step_1_no_load	1	2	1	263	
232	0	167	step_2_no_load	5	6	0.585131062446	0.38753671275	5	389	1	
232	0	168	step_1_no_load	1	2	1	219	
232	0	168	step_2_no_load	3	4	0.67192508984	0.335777599654	3	665	1	
232	0	169	step_1_no_load	1	2	1	241	
232	0	169	step_2_no_load	5	6	0.586049140041	0.42098542374	5	397	0	
232	0	170	step_1_no_load	1	2	1	361	
232	0	170	step_2_no_load	3	4	0.67334314737	0.364989630435	3	240	1	
232	0	171	step_1_no_load	1	2	1	207	
232	0	171	step_2_no_load	3	4	0.727248140829	0.425122034074	3	1216	1	
232	0	172	step_1_no_load	1	2	1	385	
232	0	172	step_2_no_load	3	4	0.668669556875	0.490120307546	3	781	1	
232	0	173	step_1_no_load	1	2	1	259	
232	0	173	step_2_no_load	5	6	0.484428109849	0.385349297983	6	558	1	
232	0	174	step_1_no_load	1	2	1	220	
232	0	174	step_2_no_load	3	4	0.729877433725	0.46236234172	3	370	1	
232	0	175	step_1_no_load	1	2	1	199	
232	0	175	step_2_no_load	3	4	0.693968268443	0.484825491933	3	671	1	
232	0	176	step_1_no_load	1	2	1	208	
232	0	176	step_2_no_load	5	6	0.474046874473	0.383231572002	6	743	0	
232	0	177	step_1_no_load	1	2	1	350	
232	0	177	step_2_no_load	3	4	0.714070205704	0.4798184927	3	440	1	
232	0	178	step_1_no_load	1	2	1	196	
232	0	178	step_2_no_load	3	4	0.705993797498	0.49020858644	3	422	1	
232	0	179	step_1_no_load	1	2	1	241	
232	0	179	step_2_no_load	3	4	0.709345707515	0.493565996034	3	538	1	
232	0	180	step_1_no_load	1	2	1	219	
232	0	180	step_2_no_load	3	4	0.719795072986	0.489345734128	3	511	1	
232	0	181	step_1_no_load	1	2	1	220	
232	0	181	step_2_no_load	5	6	0.508735114046	0.342402764747	5	1291	1	
232	0	182	step_1_no_load	1	2	1	380	
232	0	182	step_2_no_load	3	4	0.72717560423	0.49907747228	3	787	1	
232	0	183	step_1_no_load	1	2	1	201	
232	0	183	step_2_no_load	3	4	0.720388040749	0.492742497507	3	352	0	
232	0	184	step_1_no_load	1	2	1	109	
232	0	184	step_2_no_load	5	6	0.460890977786	0.362743255194	6	981	0	
232	0	185	step_1_no_load	1	2	1	328	
232	0	185	step_2_no_load	5	6	0.479703516092	0.362611152222	5	474	0	
232	0	186	step_1_no_load	1	2	1	241	
232	0	186	step_2_no_load	3	4	0.656308636836	0.484672582719	3	299	1	
232	0	187	step_1_no_load	1	2	1	217	
232	0	187	step_2_no_load	3	4	0.678211978625	0.498596507669	3	391	1	
232	0	188	step_1_no_load	1	2	1	268	
232	0	188	step_2_no_load	3	4	0.696362660087	0.548350535247	3	544	0	
232	0	189	step_1_no_load	1	2	1	376	
232	0	189	step_2_no_load	5	6	0.448897869069	0.285168135955	5	434	0	
232	0	190	step_1_no_load	1	2	1	185	
232	0	190	step_2_no_load	5	6	0.433568856946	0.304557739386	5	997	0	
232	0	191	step_1_no_load	1	2	1	209	
232	0	191	step_2_no_load	3	4	0.664271461991	0.512103523931	3	1301	0	
232	0	192	step_1_no_load	1	2	1	575	
232	0	192	step_2_no_load	3	4	0.705517419189	0.493851022417	3	794	1	
232	0	193	step_1_no_load	1	2	1	277	
232	0	193	step_2_no_load	3	4	0.679792491164	0.504944704439	3	1193	1	
232	0	194	step_1_no_load	1	2	1	295	
232	0	194	step_2_no_load	3	4	0.655261361454	0.505359594715	4	976	1	
232	0	195	step_1_no_load	1	2	1	485	
232	0	195	step_2_no_load	5	6	0.466795336969	0.348571348505	5	1370	0	
232	0	196	step_1_no_load	1	2	1	354	
232	0	196	step_2_no_load	3	4	0.695101215304	0.496717662777	4	1399	0	
232	0	197	step_1_no_load	1	2	1	516	
232	0	197	step_2_no_load	3	4	0.686552522522	0.47786945426	3	368	0	
232	0	198	step_1_no_load	1	2	1	165	
232	0	198	step_2_no_load	3	4	0.68660989813	0.485065498391	3	97	0	
232	0	199	step_1_no_load	1	2	1	304	
232	0	199	step_2_no_load	3	4	0.73697129762	0.529438031858	3	457	0	
232	0	200	step_1_no_load	1	2	1	450	
232	0	200	step_2_no_load	3	4	0.728996708473	0.507902534353	3	279	1	

Mon Apr 29 15:05:25 2019
