Tue May  7 14:48:22 2019	
234	0	1	step_1_no_load	1	2	-1	-1	
234	0	2	step_1_no_load	1	2	1	914	
234	0	2	step_2_no_load	5	6	0.580156942153	0.610961032466	6	832	0	
234	0	3	step_1_no_load	1	2	1	629	
234	0	3	step_2_no_load	5	6	0.584197065669	0.589215227351	6	770	0	
234	0	4	step_1_no_load	1	2	1	373	
234	0	4	step_2_no_load	3	4	0.478607661228	0.494597764192	3	1045	1	
234	0	5	step_1_no_load	1	2	1	562	
234	0	5	step_2_no_load	3	4	0.495568760483	0.543908521457	3	1053	1	
234	0	6	step_1_no_load	1	2	1	627	
234	0	6	step_2_no_load	3	4	0.506877622204	0.490454120702	3	929	0	
234	0	7	step_1_no_load	1	2	1	352	
234	0	7	step_2_no_load	5	6	0.568656746487	0.622642364361	6	1071	1	
234	0	8	step_1_no_load	1	2	1	355	
234	0	8	step_2_no_load	3	4	0.489816616396	0.499203529332	3	909	1	
234	0	9	step_1_no_load	1	2	1	423	
234	0	9	step_2_no_load	5	6	0.598049061473	0.641106877158	6	858	1	
234	0	10	step_1_no_load	1	2	1	352	
234	0	10	step_2_no_load	3	4	0.482364178155	0.576063520885	3	1125	1	
234	0	11	step_1_no_load	1	2	1	395	
234	0	11	step_2_no_load	3	4	0.477013315682	0.59022801242	4	1053	1	
234	0	12	step_1_no_load	1	2	1	348	
234	0	12	step_2_no_load	3	4	0.48457206759	0.597131918027	4	629	1	
234	0	13	step_1_no_load	1	2	1	358	
234	0	13	step_2_no_load	3	4	0.52012981853	0.595790490356	3	699	1	
234	0	14	step_1_no_load	1	2	1	300	
234	0	14	step_2_no_load	3	4	0.491234392147	0.611256675753	3	1090	1	
234	0	15	step_1_no_load	1	2	1	500	
234	0	15	step_2_no_load	3	4	0.505377237737	0.633564630036	4	866	0	
234	0	16	step_1_no_load	1	2	1	320	
234	0	16	step_2_no_load	5	6	0.628091198119	0.553308964466	6	1106	1	
234	0	17	step_1_no_load	1	2	1	284	
234	0	17	step_2_no_load	5	6	0.633350170016	0.562895132605	6	1102	1	
234	0	18	step_1_no_load	1	2	1	332	
234	0	18	step_2_no_load	3	4	0.517514133912	0.626895526976	3	1094	1	
234	0	19	step_1_no_load	1	2	1	396	
234	0	19	step_2_no_load	3	4	0.498240186199	0.644773170243	4	1206	0	
234	0	20	step_1_no_load	1	2	1	280	
234	0	20	step_2_no_load	3	4	0.478025448397	0.60665343963	3	581	0	
234	0	21	step_1_no_load	1	2	1	313	
234	0	21	step_2_no_load	3	4	0.49769376036	0.611328949295	4	783	0	
234	0	22	step_1_no_load	1	2	1	368	
234	0	22	step_2_no_load	3	4	0.506100011497	0.618527126547	3	527	1	
234	0	23	step_1_no_load	1	2	1	198	
234	0	23	step_2_no_load	5	6	0.640163623731	0.513759772011	6	851	1	
234	0	24	step_1_no_load	1	2	1	488	
234	0	24	step_2_no_load	3	4	0.505388876622	0.5800912085	3	785	0	
234	0	25	step_1_no_load	1	2	1	379	
234	0	25	step_2_no_load	5	6	0.565698722896	0.503605105412	6	567	0	
234	0	26	step_1_no_load	1	2	1	360	
234	0	26	step_2_no_load	3	4	0.511744353778	0.640635035276	3	623	1	
234	0	27	step_1_no_load	1	2	1	502	
234	0	27	step_2_no_load	3	4	0.507272671939	0.642144756622	4	1013	0	
234	0	28	step_1_no_load	1	2	1	583	
234	0	28	step_2_no_load	3	4	0.520177259699	0.647441527317	3	587	1	
234	0	29	step_1_no_load	1	2	1	397	
234	0	29	step_2_no_load	3	4	0.521159009103	0.618626354124	3	819	0	
234	0	30	step_1_no_load	1	2	1	605	
234	0	30	step_2_no_load	5	6	0.608245979832	0.574272497114	6	630	0	
234	0	31	step_1_no_load	1	2	2	555	
234	0	31	step_2_no_load	5	6	0.636602545794	0.541819886458	5	728	1	
234	0	32	step_1_no_load	1	2	2	499	
234	0	32	step_2_no_load	3	4	0.520318771114	0.605616211083	4	935	1	
234	0	33	step_1_no_load	1	2	1	501	
234	0	33	step_2_no_load	3	4	0.487664344039	0.618000238621	3	802	1	
234	0	34	step_1_no_load	1	2	1	383	
234	0	34	step_2_no_load	3	4	0.454565258478	0.670290552209	3	860	1	
234	0	35	step_1_no_load	1	2	2	494	
234	0	35	step_2_no_load	5	6	0.566827313385	0.594167768198	5	1073	0	
234	0	36	step_1_no_load	1	2	2	380	
234	0	36	step_2_no_load	5	6	0.527635087561	0.611274573488	5	681	0	
234	0	37	step_1_no_load	1	2	2	268	
234	0	37	step_2_no_load	3	4	0.543074626387	0.660658056664	4	1018	0	
234	0	38	step_1_no_load	1	2	2	465	
234	0	38	step_2_no_load	5	6	0.539078491643	0.595113730206	6	457	0	
234	0	39	step_1_no_load	1	2	2	396	
234	0	39	step_2_no_load	5	6	0.557005857101	0.610601635554	6	887	1	
234	0	40	step_1_no_load	1	2	1	772	
234	0	40	step_2_no_load	3	4	0.5691386571	0.636994900683	3	638	1	
234	0	41	step_1_no_load	1	2	1	613	
234	0	41	step_2_no_load	5	6	0.524862294848	0.588857868869	6	1059	0	
234	0	42	step_1_no_load	1	2	1	403	
234	0	42	step_2_no_load	3	4	0.553461946234	0.606696263624	3	780	1	
234	0	43	step_1_no_load	1	2	1	448	
234	0	43	step_2_no_load	3	4	0.548128010644	0.581931546759	3	601	1	
234	0	44	step_1_no_load	1	2	1	646	
234	0	44	step_2_no_load	3	4	0.537842745081	0.589653131867	3	736	0	
234	0	45	step_1_no_load	1	2	1	349	
234	0	45	step_2_no_load	5	6	0.579346234508	0.632991467829	6	554	1	
234	0	46	step_1_no_load	1	2	2	10	
234	0	46	step_2_no_load	3	4	0.532238720495	0.654261318712	4	1066	0	
234	0	47	step_1_no_load	1	2	1	445	
234	0	47	step_2_no_load	3	4	0.493112702321	0.634373567175	3	991	0	
234	0	48	step_1_no_load	1	2	1	381	
234	0	48	step_2_no_load	3	4	0.488280685105	0.657624935632	3	691	1	
234	0	49	step_1_no_load	1	2	1	363	
234	0	49	step_2_no_load	3	4	0.489287375157	0.614679490594	3	740	1	
234	0	50	step_1_no_load	1	2	1	315	
234	0	50	step_2_no_load	3	4	0.47381367271	0.593458480934	4	977	1	
234	0	51	step_1_no_load	1	2	1	362	
234	0	51	step_2_no_load	3	4	0.469943944943	0.613357430892	4	768	0	
234	0	52	step_1_no_load	1	2	1	364	
234	0	52	step_2_no_load	3	4	0.429622901875	0.613408921915	3	575	1	
234	0	53	step_1_no_load	1	2	1	678	
234	0	53	step_2_no_load	5	6	0.475342927439	0.551457882502	6	683	1	
234	0	54	step_1_no_load	1	2	1	573	
234	0	54	step_2_no_load	3	4	0.491512498697	0.652515308527	3	563	0	
234	0	55	step_1_no_load	1	2	2	635	
234	0	55	step_2_no_load	3	4	0.487025527704	0.639840796975	4	605	1	
234	0	56	step_1_no_load	1	2	2	454	
234	0	56	step_2_no_load	5	6	0.538512915562	0.601856598146	5	1078	1	
234	0	57	step_1_no_load	1	2	1	399	
234	0	57	step_2_no_load	5	6	0.516475618243	0.641849303307	6	892	1	
234	0	58	step_1_no_load	1	2	1	466	
234	0	58	step_2_no_load	3	4	0.478335218822	0.610896130115	3	796	0	
234	0	59	step_1_no_load	1	2	1	477	
234	0	59	step_2_no_load	5	6	0.537400760025	0.632500293208	5	965	1	
234	0	60	step_1_no_load	1	2	2	40	
234	0	60	step_2_no_load	5	6	0.479287247283	0.623687406259	5	721	0	
234	0	61	step_1_no_load	1	2	1	842	
234	0	61	step_2_no_load	3	4	0.464268875813	0.602879526975	4	668	1	
234	0	62	step_1_no_load	1	2	1	419	
234	0	62	step_2_no_load	3	4	0.50724109756	0.622820395113	3	709	1	
234	0	63	step_1_no_load	1	2	2	370	
234	0	63	step_2_no_load	3	4	0.53192660365	0.642623127313	4	612	1	
234	0	64	step_1_no_load	1	2	1	469	
234	0	64	step_2_no_load	3	4	0.555062911513	0.626149195169	3	670	1	
234	0	65	step_1_no_load	1	2	1	450	
234	0	65	step_2_no_load	3	4	0.569109504048	0.619953360065	4	866	1	
234	0	66	step_1_no_load	1	2	1	460	
234	0	66	step_2_no_load	5	6	0.555324764318	0.606938648072	6	804	1	
234	0	67	step_1_no_load	1	2	2	462	
234	0	67	step_2_no_load	3	4	0.542076810516	0.674463681351	4	879	0	
234	0	68	step_1_no_load	1	2	1	1215	
234	0	68	step_2_no_load	3	4	0.509127161919	0.719455209845	3	1281	0	
234	0	69	step_1_no_load	1	2	2	642	
234	0	69	step_2_no_load	5	6	0.560462111264	0.622221685203	6	942	1	
234	0	70	step_1_no_load	1	2	2	500	
234	0	70	step_2_no_load	5	6	0.548075770764	0.637556284465	5	675	0	
234	0	71	step_1_no_load	1	2	2	389	
234	0	71	step_2_no_load	5	6	0.546215110045	0.639174917797	5	592	0	
234	0	72	step_1_no_load	1	2	2	495	
234	0	72	step_2_no_load	3	4	0.47409116389	0.705884789502	3	1072	1	
234	0	73	step_1_no_load	1	2	2	346	
234	0	73	step_2_no_load	5	6	0.50185699984	0.657126403029	5	747	0	
234	0	74	step_1_no_load	1	2	1	390	
234	0	74	step_2_no_load	3	4	0.453420386428	0.693624670847	3	446	1	
234	0	75	step_1_no_load	1	2	1	399	
234	0	75	step_2_no_load	3	4	0.44832280175	0.697629587097	3	789	0	
234	0	76	step_1_no_load	1	2	1	370	
234	0	76	step_2_no_load	3	4	0.488583631821	0.690117652944	4	523	0	
234	0	77	step_1_no_load	1	2	1	443	
234	0	77	step_2_no_load	3	4	0.446809557226	0.679737625371	3	425	0	
234	0	78	step_1_no_load	1	2	1	372	
234	0	78	step_2_no_load	3	4	0.435911167612	0.647586191228	3	800	1	
234	0	79	step_1_no_load	1	2	1	526	
234	0	79	step_2_no_load	5	6	0.540085062695	0.513695512795	5	544	0	
234	0	80	step_1_no_load	1	2	1	382	
234	0	80	step_2_no_load	3	4	0.396016175285	0.703969305517	4	1245	1	
234	0	81	step_1_no_load	1	2	1	497	
234	0	81	step_2_no_load	3	4	0.419265522488	0.702400933084	3	937	1	
234	0	82	step_1_no_load	1	2	1	393	
234	0	82	step_2_no_load	3	4	0.395813831323	0.688340116885	3	644	0	
234	0	83	step_1_no_load	1	2	1	241	
234	0	83	step_2_no_load	3	4	0.382772464038	0.726885136842	3	777	0	
234	0	84	step_1_no_load	1	2	1	328	
234	0	84	step_2_no_load	5	6	0.505586222209	0.65843840156	6	999	1	
234	0	85	step_1_no_load	1	2	1	281	
234	0	85	step_2_no_load	3	4	0.384458259121	0.712989604416	3	549	1	
234	0	86	step_1_no_load	1	2	1	286	
234	0	86	step_2_no_load	5	6	0.486462788728	0.691782850001	5	1011	0	
234	0	87	step_1_no_load	1	2	1	383	
234	0	87	step_2_no_load	5	6	0.493867001103	0.719375344246	6	1119	1	
234	0	88	step_1_no_load	1	2	1	414	
234	0	88	step_2_no_load	3	4	0.377947492322	0.696773608304	3	1017	1	
234	0	89	step_1_no_load	1	2	1	373	
234	0	89	step_2_no_load	3	4	0.415882489686	0.660112261017	3	921	1	
234	0	90	step_1_no_load	1	2	1	333	
234	0	90	step_2_no_load	3	4	0.411459496853	0.688736868033	4	1181	0	
234	0	91	step_1_no_load	1	2	1	264	
234	0	91	step_2_no_load	3	4	0.43534164751	0.657820521772	4	1495	0	
234	0	92	step_1_no_load	1	2	1	303	
234	0	92	step_2_no_load	5	6	0.484260039873	0.692406274724	6	1022	1	
234	0	93	step_1_no_load	1	2	1	393	
234	0	93	step_2_no_load	3	4	0.439878153082	0.662863370634	3	1153	0	
234	0	94	step_1_no_load	1	2	1	552	
234	0	94	step_2_no_load	3	4	0.429211756872	0.668295023896	4	750	1	
234	0	95	step_1_no_load	1	2	1	360	
234	0	95	step_2_no_load	3	4	0.427150666411	0.640209855442	4	690	1	
234	0	96	step_1_no_load	1	2	1	483	
234	0	96	step_2_no_load	3	4	0.383038640121	0.663095813561	3	828	1	
234	0	97	step_1_no_load	1	2	1	522	
234	0	97	step_2_no_load	3	4	0.392885664353	0.651202057411	3	873	0	
234	0	98	step_1_no_load	1	2	1	417	
234	0	98	step_2_no_load	5	6	0.431479829356	0.70287861952	6	566	0	
234	0	99	step_1_no_load	1	2	1	356	
234	0	99	step_2_no_load	5	6	0.375249961522	0.673709850038	5	796	1	
234	0	100	step_1_no_load	1	2	1	336	
234	0	100	step_2_no_load	3	4	0.4333505304	0.66579920021	4	556	1	
234	0	101	step_1_no_load	1	2	1	432	
234	0	101	step_2_no_load	3	4	0.497432607584	0.655903528958	4	1033	1	
234	0	102	step_1_no_load	1	2	1	416	
234	0	102	step_2_no_load	3	4	0.494584754513	0.663124617603	3	833	1	
234	0	103	step_1_no_load	1	2	1	369	
234	0	103	step_2_no_load	3	4	0.481975449893	0.69058998368	3	864	1	
234	0	104	step_1_no_load	1	2	1	332	
234	0	104	step_2_no_load	3	4	0.521047445908	0.743372642809	4	536	1	
234	0	105	step_1_no_load	1	2	1	381	
234	0	105	step_2_no_load	3	4	0.514318365187	0.722851301692	3	597	1	
234	0	106	step_1_no_load	1	2	1	300	
234	0	106	step_2_no_load	5	6	0.374131494222	0.712883638252	6	401	1	
234	0	107	step_1_no_load	1	2	1	395	
234	0	107	step_2_no_load	5	6	0.388257337796	0.692607431435	6	1056	0	
234	0	108	step_1_no_load	1	2	1	249	
234	0	108	step_2_no_load	3	4	0.526955028982	0.681491063126	3	890	1	
234	0	109	step_1_no_load	1	2	1	480	
234	0	109	step_2_no_load	3	4	0.479977531501	0.68658494263	4	859	1	
234	0	110	step_1_no_load	1	2	1	320	
234	0	110	step_2_no_load	3	4	0.432626681236	0.65455226558	3	887	1	
234	0	111	step_1_no_load	1	2	1	492	
234	0	111	step_2_no_load	3	4	0.384948378665	0.634599547742	4	700	0	
234	0	112	step_1_no_load	1	2	1	340	
234	0	112	step_2_no_load	3	4	0.392887565883	0.635252945963	3	476	0	
234	0	113	step_1_no_load	1	2	1	312	
234	0	113	step_2_no_load	3	4	0.370697120277	0.634627459817	4	1118	1	
234	0	114	step_1_no_load	1	2	1	522	
234	0	114	step_2_no_load	3	4	0.380324086676	0.657654904272	3	1131	0	
234	0	115	step_1_no_load	1	2	1	348	
234	0	115	step_2_no_load	3	4	0.390027643099	0.645721217949	4	846	1	
234	0	116	step_1_no_load	1	2	1	575	
234	0	116	step_2_no_load	3	4	0.378149844807	0.680124293449	-1	-1	-1	
234	0	117	step_1_no_load	1	2	1	387	
234	0	117	step_2_no_load	3	4	0.374621793791	0.671842537277	4	741	1	
234	0	118	step_1_no_load	1	2	1	566	
234	0	118	step_2_no_load	3	4	0.357645851833	0.690484235012	4	1181	1	
234	0	119	step_1_no_load	1	2	1	391	
234	0	119	step_2_no_load	5	6	0.358243439099	0.690424535099	6	1047	1	
234	0	120	step_1_no_load	1	2	1	575	
234	0	120	step_2_no_load	3	4	0.370150243662	0.666433355915	4	1411	1	
234	0	121	step_1_no_load	1	2	1	398	
234	0	121	step_2_no_load	3	4	0.352721767208	0.671052306195	4	959	0	
234	0	122	step_1_no_load	1	2	1	483	
234	0	122	step_2_no_load	3	4	0.329624572119	0.672193618854	3	1126	0	
234	0	123	step_1_no_load	1	2	1	407	
234	0	123	step_2_no_load	3	4	0.337526896345	0.664849878232	4	956	1	
234	0	124	step_1_no_load	1	2	1	593	
234	0	124	step_2_no_load	5	6	0.26095206597	0.603013298253	6	1090	0	
234	0	125	step_1_no_load	1	2	1	308	
234	0	125	step_2_no_load	5	6	0.290374841566	0.559596800931	6	850	0	
234	0	126	step_1_no_load	1	2	1	367	
234	0	126	step_2_no_load	3	4	0.300846667696	0.600985760967	4	1176	0	
234	0	127	step_1_no_load	1	2	1	438	
234	0	127	step_2_no_load	3	4	0.274944938508	0.646945556251	3	688	0	
234	0	128	step_1_no_load	1	2	1	369	
234	0	128	step_2_no_load	5	6	0.260252451606	0.636905534066	6	949	1	
234	0	129	step_1_no_load	1	2	1	399	
234	0	129	step_2_no_load	5	6	0.268213321963	0.685297910719	6	629	0	
234	0	130	step_1_no_load	1	2	1	386	
234	0	130	step_2_no_load	5	6	0.267460866951	0.682031489739	5	443	0	
234	0	131	step_1_no_load	1	2	1	483	
234	0	131	step_2_no_load	3	4	0.311475039155	0.638450601212	4	874	1	
234	0	132	step_1_no_load	1	2	1	689	
234	0	132	step_2_no_load	3	4	0.315328810424	0.660013924697	4	1112	0	
234	0	133	step_1_no_load	1	2	1	371	
234	0	133	step_2_no_load	3	4	0.312642735495	0.691649444281	3	1275	0	
234	0	134	step_1_no_load	1	2	1	283	
234	0	134	step_2_no_load	3	4	0.302839427162	0.685529359147	4	497	1	
234	0	135	step_1_no_load	1	2	-1	-1	
234	0	136	step_1_no_load	1	2	1	493	
234	0	136	step_2_no_load	3	4	0.284521085726	0.674914008636	4	832	0	
234	0	137	step_1_no_load	1	2	2	366	
234	0	137	step_2_no_load	5	6	0.346433498467	0.605896884497	5	760	1	
234	0	138	step_1_no_load	1	2	1	349	
234	0	138	step_2_no_load	5	6	0.366701525561	0.63240964674	6	771	0	
234	0	139	step_1_no_load	1	2	2	0	
234	0	139	step_2_no_load	5	6	0.325611400511	0.636630981281	5	848	0	
234	0	140	step_1_no_load	1	2	2	332	
234	0	140	step_2_no_load	3	4	0.328174526491	0.637682840728	4	351	0	
234	0	141	step_1_no_load	1	2	2	380	
234	0	141	step_2_no_load	5	6	0.390227133375	0.711987889705	6	1072	1	
234	0	142	step_1_no_load	1	2	1	458	
234	0	142	step_2_no_load	5	6	0.397052682821	0.690276058009	6	757	0	
234	0	143	step_1_no_load	1	2	1	347	
234	0	143	step_2_no_load	3	4	0.313516825296	0.610219102298	4	1127	1	
234	0	144	step_1_no_load	1	2	2	460	
234	0	144	step_2_no_load	3	4	0.275932517017	0.639347300184	3	1325	0	
234	0	145	step_1_no_load	1	2	2	404	
234	0	145	step_2_no_load	5	6	0.355256413269	0.6669125229	6	831	1	
234	0	146	step_1_no_load	1	2	1	410	
234	0	146	step_2_no_load	3	4	0.257861956214	0.593778463268	3	954	1	
234	0	147	step_1_no_load	1	2	1	808	
234	0	147	step_2_no_load	3	4	0.265578160642	0.594861186319	-1	-1	-1	
234	0	148	step_1_no_load	1	2	1	507	
234	0	148	step_2_no_load	5	6	0.311162711725	0.619272702026	6	561	0	
234	0	149	step_1_no_load	1	2	1	386	
234	0	149	step_2_no_load	3	4	0.269951834184	0.623203869836	3	594	0	
234	0	150	step_1_no_load	1	2	1	385	
234	0	150	step_2_no_load	5	6	0.306860041627	0.575985663078	5	337	0	
234	0	151	step_1_no_load	1	2	2	309	
234	0	151	step_2_no_load	5	6	0.310557101463	0.59154759351	5	642	0	
234	0	152	step_1_no_load	1	2	2	369	
234	0	152	step_2_no_load	5	6	0.323194010514	0.595108765344	5	456	0	
234	0	153	step_1_no_load	1	2	2	356	
234	0	153	step_2_no_load	5	6	0.343622632154	0.613336203392	6	674	0	
234	0	154	step_1_no_load	1	2	1	389	
234	0	154	step_2_no_load	5	6	0.348349389262	0.638934099562	5	642	1	
234	0	155	step_1_no_load	1	2	1	394	
234	0	155	step_2_no_load	3	4	0.296093457977	0.716100930629	3	575	1	
234	0	156	step_1_no_load	1	2	1	496	
234	0	156	step_2_no_load	5	6	0.368378667812	0.631048201903	6	580	0	
234	0	157	step_1_no_load	1	2	1	412	
234	0	157	step_2_no_load	3	4	0.350909357271	0.720725456325	3	911	0	
234	0	158	step_1_no_load	1	2	2	488	
234	0	158	step_2_no_load	5	6	0.334595868098	0.532722108502	6	704	0	
234	0	159	step_1_no_load	1	2	1	372	
234	0	159	step_2_no_load	3	4	0.413026375257	0.697903160072	3	704	1	
234	0	160	step_1_no_load	1	2	1	435	
234	0	160	step_2_no_load	5	6	0.355992626298	0.521229931064	6	674	0	
234	0	161	step_1_no_load	1	2	2	189	
234	0	161	step_2_no_load	3	4	0.407025633682	0.719896286569	4	751	1	
234	0	162	step_1_no_load	1	2	1	427	
234	0	162	step_2_no_load	3	4	0.3926701003	0.695144769903	4	690	1	
234	0	163	step_1_no_load	1	2	1	523	
234	0	163	step_2_no_load	3	4	0.395221309311	0.697095951435	3	688	0	
234	0	164	step_1_no_load	1	2	1	487	
234	0	164	step_2_no_load	5	6	0.430844125626	0.585961845322	6	563	1	
234	0	165	step_1_no_load	1	2	1	449	
234	0	165	step_2_no_load	3	4	0.463777557969	0.717506143195	4	849	0	
234	0	166	step_1_no_load	1	2	1	333	
234	0	166	step_2_no_load	3	4	0.422282731054	0.686594248975	3	394	0	
234	0	167	step_1_no_load	1	2	1	281	
234	0	167	step_2_no_load	3	4	0.38753671275	0.706271792549	4	455	1	
234	0	168	step_1_no_load	1	2	1	542	
234	0	168	step_2_no_load	3	4	0.400817642375	0.67192508984	4	619	0	
234	0	169	step_1_no_load	1	2	1	446	
234	0	169	step_2_no_load	5	6	0.365156560071	0.586049140041	6	621	1	
234	0	170	step_1_no_load	1	2	1	508	
234	0	170	step_2_no_load	5	6	0.364989630435	0.57151385403	6	613	0	
234	0	171	step_1_no_load	1	2	1	354	
234	0	171	step_2_no_load	5	6	0.425122034074	0.553314431843	5	513	1	
234	0	172	step_1_no_load	1	2	1	282	
234	0	172	step_2_no_load	3	4	0.363617002148	0.668669556875	4	343	1	
234	0	173	step_1_no_load	1	2	1	370	
234	0	173	step_2_no_load	3	4	0.385349297983	0.667027212577	4	962	1	
234	0	174	step_1_no_load	1	2	2	406	
234	0	174	step_2_no_load	5	6	0.46236234172	0.472729524832	6	1170	0	
234	0	175	step_1_no_load	1	2	2	339	
234	0	175	step_2_no_load	5	6	0.484825491933	0.52644949356	5	564	0	
234	0	176	step_1_no_load	1	2	2	322	
234	0	176	step_2_no_load	3	4	0.383231572002	0.679250000396	-1	-1	-1	
234	0	177	step_1_no_load	1	2	1	346	
234	0	177	step_2_no_load	5	6	0.4798184927	0.501268576771	6	684	1	
234	0	178	step_1_no_load	1	2	1	413	
234	0	178	step_2_no_load	3	4	0.36473828006	0.705993797498	4	746	0	
234	0	179	step_1_no_load	1	2	1	456	
234	0	179	step_2_no_load	3	4	0.324685418097	0.709345707515	3	827	0	
234	0	180	step_1_no_load	1	2	1	377	
234	0	180	step_2_no_load	3	4	0.341214611607	0.719795072986	4	461	1	
234	0	181	step_1_no_load	1	2	1	468	
234	0	181	step_2_no_load	5	6	0.480141179559	0.508735114046	6	550	0	
234	0	182	step_1_no_load	1	2	1	433	
234	0	182	step_2_no_load	5	6	0.49907747228	0.506773281362	6	417	1	
234	0	183	step_1_no_load	1	2	1	350	
234	0	183	step_2_no_load	3	4	0.350175837802	0.720388040749	4	605	0	
234	0	184	step_1_no_load	1	2	1	304	
234	0	184	step_2_no_load	3	4	0.362743255194	0.657291439324	3	364	0	
234	0	185	step_1_no_load	1	2	1	375	
234	0	185	step_2_no_load	3	4	0.362611152222	0.665622647081	4	740	1	
234	0	186	step_1_no_load	1	2	2	441	
234	0	186	step_2_no_load	5	6	0.484672582719	0.46870859828	6	637	1	
234	0	187	step_1_no_load	1	2	2	496	
234	0	187	step_2_no_load	5	6	0.498596507669	0.443962917772	6	1051	0	
234	0	188	step_1_no_load	1	2	1	899	
234	0	188	step_2_no_load	3	4	0.291508050861	0.696362660087	4	553	0	
234	0	189	step_1_no_load	1	2	1	396	
234	0	189	step_2_no_load	3	4	0.285168135955	0.688353284054	4	394	0	
234	0	190	step_1_no_load	1	2	2	435	
234	0	190	step_2_no_load	5	6	0.505820429042	0.433568856946	6	747	0	
234	0	191	step_1_no_load	1	2	1	447	
234	0	191	step_2_no_load	5	6	0.512103523931	0.435748387321	6	611	1	
234	0	192	step_1_no_load	1	2	2	405	
234	0	192	step_2_no_load	3	4	0.299297135717	0.705517419189	4	663	0	
234	0	193	step_1_no_load	1	2	1	437	
234	0	193	step_2_no_load	3	4	0.321008037746	0.679792491164	3	706	0	
234	0	194	step_1_no_load	1	2	2	401	
234	0	194	step_2_no_load	5	6	0.505359594715	0.433250459893	5	402	0	
234	0	195	step_1_no_load	1	2	2	562	
234	0	195	step_2_no_load	5	6	0.494102184238	0.466795336969	5	516	1	
234	0	196	step_1_no_load	1	2	2	392	
234	0	196	step_2_no_load	3	4	0.365373286058	0.695101215304	4	1033	1	
234	0	197	step_1_no_load	1	2	2	528	
234	0	197	step_2_no_load	3	4	0.316987700969	0.686552522522	4	1172	0	
234	0	198	step_1_no_load	1	2	2	1174	
234	0	198	step_2_no_load	5	6	0.485065498391	0.397292432346	6	980	0	
234	0	199	step_1_no_load	1	2	1	494	
234	0	199	step_2_no_load	3	4	0.292861528884	0.73697129762	4	1174	1	
234	0	200	step_1_no_load	1	2	1	339	
234	0	200	step_2_no_load	3	4	0.299128796668	0.728996708473	4	507	1	

Tue May  7 15:07:22 2019
