Tue May  7 17:07:36 2019	
235	0	1	step_1_no_load	1	2	-1	-1	
235	0	2	step_1_no_load	1	2	2	18	
235	0	2	step_2_no_load	5	6	0.533203491871	0.580156942153	5	1052	1	
235	0	3	step_1_no_load	1	2	2	446	
235	0	3	step_2_no_load	3	4	0.476767372206	0.589215227351	4	613	1	
235	0	4	step_1_no_load	1	2	2	651	
235	0	4	step_2_no_load	5	6	0.494597764192	0.597491569846	5	790	1	
235	0	5	step_1_no_load	1	2	2	889	
235	0	5	step_2_no_load	5	6	0.543908521457	0.623810210114	5	1105	0	
235	0	6	step_1_no_load	1	2	2	634	
235	0	6	step_2_no_load	5	6	0.490454120702	0.585722686883	5	547	0	
235	0	7	step_1_no_load	1	2	2	611	
235	0	7	step_2_no_load	5	6	0.506408070053	0.568656746487	5	1181	0	
235	0	8	step_1_no_load	1	2	2	546	
235	0	8	step_2_no_load	5	6	0.499203529332	0.59128639594	6	678	1	
235	0	9	step_1_no_load	1	2	2	714	
235	0	9	step_2_no_load	5	6	0.54429228266	0.598049061473	5	950	0	
235	0	10	step_1_no_load	1	2	2	587	
235	0	10	step_2_no_load	5	6	0.576063520885	0.652626043146	6	921	1	
235	0	11	step_1_no_load	1	2	2	550	
235	0	11	step_2_no_load	5	6	0.59022801242	0.69163818036	6	647	0	
235	0	12	step_1_no_load	1	2	-1	-1	
235	0	13	step_1_no_load	1	2	2	416	
235	0	13	step_2_no_load	3	4	0.52012981853	0.558313135925	3	508	1	
235	0	14	step_1_no_load	1	2	2	342	
235	0	14	step_2_no_load	5	6	0.611256675753	0.629137942344	5	443	1	
235	0	15	step_1_no_load	1	2	2	568	
235	0	15	step_2_no_load	5	6	0.633564630036	0.612260006668	5	396	1	
235	0	16	step_1_no_load	1	2	1	388	
235	0	16	step_2_no_load	3	4	0.510958036527	0.553308964466	3	987	1	
235	0	17	step_1_no_load	1	2	1	631	
235	0	17	step_2_no_load	3	4	0.535958400205	0.562895132605	3	507	1	
235	0	18	step_1_no_load	1	2	1	633	
235	0	18	step_2_no_load	3	4	0.517514133912	0.553554620302	3	902	1	
235	0	19	step_1_no_load	1	2	1	591	
235	0	19	step_2_no_load	3	4	0.498240186199	0.536502319591	3	665	1	
235	0	20	step_1_no_load	1	2	1	489	
235	0	20	step_2_no_load	3	4	0.478025448397	0.491720931314	3	596	1	
235	0	21	step_1_no_load	1	2	1	493	
235	0	21	step_2_no_load	3	4	0.49769376036	0.470207377245	3	672	0	
235	0	22	step_1_no_load	1	2	2	511	
235	0	22	step_2_no_load	5	6	0.618527126547	0.621949894727	6	729	1	
235	0	23	step_1_no_load	1	2	2	505	
235	0	23	step_2_no_load	5	6	0.604065470975	0.640163623731	6	509	0	
235	0	24	step_1_no_load	1	2	2	886	
235	0	24	step_2_no_load	5	6	0.5800912085	0.582115115688	5	459	0	
235	0	25	step_1_no_load	1	2	2	583	
235	0	25	step_2_no_load	5	6	0.629917901014	0.565698722896	5	433	1	
235	0	26	step_1_no_load	1	2	2	495	
235	0	26	step_2_no_load	5	6	0.640635035276	0.592410219737	5	620	1	
235	0	27	step_1_no_load	1	2	2	442	
235	0	27	step_2_no_load	5	6	0.642144756622	0.57860777711	5	590	0	
235	0	28	step_1_no_load	1	2	2	445	
235	0	28	step_2_no_load	3	4	0.520177259699	0.553259388875	4	471	0	
235	0	29	step_1_no_load	1	2	2	462	
235	0	29	step_2_no_load	5	6	0.618626354124	0.606613029227	6	418	1	
235	0	30	step_1_no_load	1	2	2	520	
235	0	30	step_2_no_load	3	4	0.4919199548	0.574272497114	4	545	0	
235	0	31	step_1_no_load	1	2	2	463	
235	0	31	step_2_no_load	3	4	0.483156722265	0.541819886458	4	725	0	
235	0	32	step_1_no_load	1	2	2	484	
235	0	32	step_2_no_load	5	6	0.605616211083	0.634585171267	5	472	1	
235	0	33	step_1_no_load	1	2	2	737	
235	0	33	step_2_no_load	3	4	0.487664344039	0.542309898544	3	491	0	
235	0	34	step_1_no_load	1	2	2	400	
235	0	34	step_2_no_load	5	6	0.670290552209	0.575802910074	6	397	1	
235	0	35	step_1_no_load	1	2	2	495	
235	0	35	step_2_no_load	3	4	0.491437207585	0.594167768198	3	922	1	
235	0	36	step_1_no_load	1	2	2	421	
235	0	36	step_2_no_load	5	6	0.661229326326	0.527635087561	5	454	0	
235	0	37	step_1_no_load	1	2	2	0	
235	0	37	step_2_no_load	5	6	0.660658056664	0.513822304161	6	414	1	
235	0	38	step_1_no_load	1	2	2	468	
235	0	38	step_2_no_load	5	6	0.651263699161	0.539078491643	6	586	0	
235	0	39	step_1_no_load	1	2	2	358	
235	0	39	step_2_no_load	5	6	0.634483337633	0.557005857101	5	387	1	
235	0	40	step_1_no_load	1	2	2	442	
235	0	40	step_2_no_load	5	6	0.636994900683	0.580760785074	6	664	1	
235	0	41	step_1_no_load	1	2	2	451	
235	0	41	step_2_no_load	5	6	0.633285941184	0.524862294848	5	879	1	
235	0	42	step_1_no_load	1	2	2	428	
235	0	42	step_2_no_load	5	6	0.606696263624	0.533857158543	6	408	1	
235	0	43	step_1_no_load	1	2	2	433	
235	0	43	step_2_no_load	5	6	0.581931546759	0.553703096215	6	765	0	
235	0	44	step_1_no_load	1	2	2	487	
235	0	44	step_2_no_load	3	4	0.537842745081	0.611481438855	4	398	1	
235	0	45	step_1_no_load	1	2	2	529	
235	0	45	step_2_no_load	5	6	0.620699591043	0.579346234508	5	714	1	
235	0	46	step_1_no_load	1	2	2	566	
235	0	46	step_2_no_load	5	6	0.654261318712	0.55511883717	5	585	1	
235	0	47	step_1_no_load	1	2	2	463	
235	0	47	step_2_no_load	5	6	0.634373567175	0.546259467838	6	424	1	
235	0	48	step_1_no_load	1	2	2	530	
235	0	48	step_2_no_load	5	6	0.657624935632	0.534690828011	6	696	0	
235	0	49	step_1_no_load	1	2	2	418	
235	0	49	step_2_no_load	5	6	0.614679490594	0.512405963374	6	161	1	
235	0	50	step_1_no_load	1	2	2	464	
235	0	50	step_2_no_load	3	4	0.47381367271	0.606862017918	3	444	1	
235	0	51	step_1_no_load	1	2	2	365	
235	0	51	step_2_no_load	3	4	0.469943944943	0.564866799699	4	407	0	
235	0	52	step_1_no_load	1	2	2	485	
235	0	52	step_2_no_load	5	6	0.613408921915	0.513589895419	6	546	1	
235	0	53	step_1_no_load	1	2	2	459	
235	0	53	step_2_no_load	5	6	0.630956764252	0.475342927439	6	544	0	
235	0	54	step_1_no_load	1	2	2	449	
235	0	54	step_2_no_load	5	6	0.652515308527	0.493362545513	5	387	0	
235	0	55	step_1_no_load	1	2	2	399	
235	0	55	step_2_no_load	3	4	0.487025527704	0.574045915747	3	397	1	
235	0	56	step_1_no_load	1	2	2	502	
235	0	56	step_2_no_load	5	6	0.60038825769	0.538512915562	6	445	0	
235	0	57	step_1_no_load	1	2	2	468	
235	0	57	step_2_no_load	5	6	0.586335094239	0.516475618243	6	422	1	
235	0	58	step_1_no_load	1	2	2	557	
235	0	58	step_2_no_load	3	4	0.478335218822	0.664682809182	3	342	1	
235	0	59	step_1_no_load	1	2	2	295	
235	0	59	step_2_no_load	5	6	0.608951267756	0.537400760025	6	620	1	
235	0	60	step_1_no_load	1	2	2	470	
235	0	60	step_2_no_load	5	6	0.599559577859	0.479287247283	5	385	1	
235	0	61	step_1_no_load	1	2	2	438	
235	0	61	step_2_no_load	5	6	0.602879526975	0.527144452559	6	0	0	
235	0	62	step_1_no_load	1	2	2	459	
235	0	62	step_2_no_load	5	6	0.622820395113	0.533031417444	6	438	0	
235	0	63	step_1_no_load	1	2	2	562	
235	0	63	step_2_no_load	5	6	0.642623127313	0.519445130796	6	459	0	
235	0	64	step_1_no_load	1	2	2	441	
235	0	64	step_2_no_load	5	6	0.626149195169	0.533849886794	5	419	0	
235	0	65	step_1_no_load	1	2	2	428	
235	0	65	step_2_no_load	5	6	0.619953360065	0.517687993213	6	480	0	
235	0	66	step_1_no_load	1	2	2	502	
235	0	66	step_2_no_load	3	4	0.573761869714	0.606938648072	4	336	1	
235	0	67	step_1_no_load	1	2	2	519	
235	0	67	step_2_no_load	5	6	0.674463681351	0.538279387614	6	421	1	
235	0	68	step_1_no_load	1	2	2	738	
235	0	68	step_2_no_load	5	6	0.719455209845	0.523301545299	6	489	1	
235	0	69	step_1_no_load	1	2	2	547	
235	0	69	step_2_no_load	3	4	0.499137600991	0.622221685203	3	450	1	
235	0	70	step_1_no_load	1	2	2	484	
235	0	70	step_2_no_load	3	4	0.498834901463	0.637556284465	3	477	1	
235	0	71	step_1_no_load	1	2	2	507	
235	0	71	step_2_no_load	5	6	0.706816191949	0.546215110045	6	645	0	
235	0	72	step_1_no_load	1	2	2	401	
235	0	72	step_2_no_load	3	4	0.47409116389	0.626024641967	4	382	0	
235	0	73	step_1_no_load	1	2	2	663	
235	0	73	step_2_no_load	5	6	0.727961155836	0.50185699984	5	652	1	
235	0	74	step_1_no_load	1	2	2	420	
235	0	74	step_2_no_load	3	4	0.453420386428	0.614462146454	3	661	0	
235	0	75	step_1_no_load	1	2	2	284	
235	0	75	step_2_no_load	3	4	0.44832280175	0.615552849174	3	155	0	
235	0	76	step_1_no_load	1	2	2	0	
235	0	76	step_2_no_load	3	4	0.488583631821	0.62770291155	4	823	0	
235	0	77	step_1_no_load	1	2	1	665	
235	0	77	step_2_no_load	3	4	0.446809557226	0.564257587118	4	1010	1	
235	0	78	step_1_no_load	1	2	2	420	
235	0	78	step_2_no_load	5	6	0.647586191228	0.538654072849	5	722	1	
235	0	79	step_1_no_load	1	2	1	387	
235	0	79	step_2_no_load	5	6	0.647841624544	0.540085062695	5	421	1	
235	0	80	step_1_no_load	1	2	2	464	
235	0	80	step_2_no_load	5	6	0.703969305517	0.49921021142	5	672	0	
235	0	81	step_1_no_load	1	2	1	552	
235	0	81	step_2_no_load	3	4	0.419265522488	0.529745690463	3	441	0	
235	0	82	step_1_no_load	1	2	2	413	
235	0	82	step_2_no_load	5	6	0.688340116885	0.482727017837	6	516	0	
235	0	83	step_1_no_load	1	2	2	577	
235	0	83	step_2_no_load	5	6	0.726885136842	0.483255412498	6	484	0	
235	0	84	step_1_no_load	1	2	2	1007	
235	0	84	step_2_no_load	5	6	0.731466635793	0.505586222209	5	624	0	
235	0	85	step_1_no_load	1	2	2	374	
235	0	85	step_2_no_load	5	6	0.712989604416	0.485785534744	6	441	1	
235	0	86	step_1_no_load	1	2	2	458	
235	0	86	step_2_no_load	5	6	0.721207648497	0.486462788728	6	621	0	
235	0	87	step_1_no_load	1	2	2	288	
235	0	87	step_2_no_load	5	6	0.690012761069	0.493867001103	6	534	0	
235	0	88	step_1_no_load	1	2	2	582	
235	0	88	step_2_no_load	5	6	0.696773608304	0.509563243675	6	1175	0	
235	0	89	step_1_no_load	1	2	2	666	
235	0	89	step_2_no_load	5	6	0.660112261017	0.490019385174	5	408	1	
235	0	90	step_1_no_load	1	2	2	529	
235	0	90	step_2_no_load	3	4	0.411459496853	0.712247848046	4	405	1	
235	0	91	step_1_no_load	1	2	1	406	
235	0	91	step_2_no_load	3	4	0.43534164751	0.685023809334	4	665	1	
235	0	92	step_1_no_load	1	2	2	330	
235	0	92	step_2_no_load	5	6	0.679381608313	0.484260039873	5	564	0	
235	0	93	step_1_no_load	1	2	2	495	
235	0	93	step_2_no_load	3	4	0.439878153082	0.70415710998	4	80	1	
235	0	94	step_1_no_load	1	2	2	433	
235	0	94	step_2_no_load	5	6	0.668295023896	0.468637558205	6	317	0	
235	0	95	step_1_no_load	1	2	2	468	
235	0	95	step_2_no_load	5	6	0.640209855442	0.42505578884	6	585	1	
235	0	96	step_1_no_load	1	2	2	425	
235	0	96	step_2_no_load	5	6	0.663095813561	0.437558890646	6	500	1	
235	0	97	step_1_no_load	1	2	2	488	
235	0	97	step_2_no_load	5	6	0.651202057411	0.455601814112	5	411	0	
235	0	98	step_1_no_load	1	2	2	385	
235	0	98	step_2_no_load	5	6	0.646040060297	0.431479829356	5	414	0	
235	0	99	step_1_no_load	1	2	2	599	
235	0	99	step_2_no_load	3	4	0.397561363605	0.673709850038	4	144	1	
235	0	100	step_1_no_load	1	2	2	483	
235	0	100	step_2_no_load	5	6	0.66579920021	0.363162156005	6	733	0	
235	0	101	step_1_no_load	1	2	2	710	
235	0	101	step_2_no_load	5	6	0.655903528958	0.366879421891	6	499	1	
235	0	102	step_1_no_load	1	2	1	579	
235	0	102	step_2_no_load	5	6	0.663124617603	0.326080462175	6	609	0	
235	0	103	step_1_no_load	1	2	1	368	
235	0	103	step_2_no_load	3	4	0.481975449893	0.663997796029	4	530	1	
235	0	104	step_1_no_load	1	2	2	502	
235	0	104	step_2_no_load	5	6	0.743372642809	0.303696146503	6	581	0	
235	0	105	step_1_no_load	1	2	2	506	
235	0	105	step_2_no_load	5	6	0.722851301692	0.352639603242	6	856	0	
235	0	106	step_1_no_load	1	2	2	513	
235	0	106	step_2_no_load	3	4	0.508908032404	0.712883638252	4	538	1	
235	0	107	step_1_no_load	1	2	1	448	
235	0	107	step_2_no_load	5	6	0.677514185929	0.388257337796	6	465	1	
235	0	108	step_1_no_load	1	2	2	434	
235	0	108	step_2_no_load	3	4	0.526955028982	0.695928523711	4	641	1	
235	0	109	step_1_no_load	1	2	2	560	
235	0	109	step_2_no_load	5	6	0.68658494263	0.372328831887	5	448	0	
235	0	110	step_1_no_load	1	2	2	393	
235	0	110	step_2_no_load	5	6	0.65455226558	0.395544455384	5	567	0	
235	0	111	step_1_no_load	1	2	2	6	
235	0	111	step_2_no_load	5	6	0.634599547742	0.407158158569	6	388	0	
235	0	112	step_1_no_load	1	2	2	158	
235	0	112	step_2_no_load	5	6	0.635252945963	0.413393106784	6	379	0	
235	0	113	step_1_no_load	1	2	2	602	
235	0	113	step_2_no_load	5	6	0.634627459817	0.387112818105	5	1132	1	
235	0	114	step_1_no_load	1	2	1	429	
235	0	114	step_2_no_load	5	6	0.657654904272	0.384736699284	6	1017	1	
235	0	115	step_1_no_load	1	2	1	655	
235	0	115	step_2_no_load	5	6	0.645721217949	0.357661171116	6	601	1	
235	0	116	step_1_no_load	1	2	1	398	
235	0	116	step_2_no_load	5	6	0.680124293449	0.369438791876	5	511	1	
235	0	117	step_1_no_load	1	2	2	353	
235	0	117	step_2_no_load	3	4	0.374621793791	0.747012267642	3	1387	0	
235	0	118	step_1_no_load	1	2	2	403	
235	0	118	step_2_no_load	3	4	0.357645851833	0.740051715856	4	447	1	
235	0	119	step_1_no_load	1	2	2	479	
235	0	119	step_2_no_load	5	6	0.661177321751	0.358243439099	6	399	0	
235	0	120	step_1_no_load	1	2	2	302	
235	0	120	step_2_no_load	5	6	0.666433355915	0.333809617664	6	804	0	
235	0	121	step_1_no_load	1	2	2	484	
235	0	121	step_2_no_load	5	6	0.671052306195	0.310775244958	6	398	0	
235	0	122	step_1_no_load	1	2	2	182	
235	0	122	step_2_no_load	5	6	0.672193618854	0.266650857402	6	218	0	
235	0	123	step_1_no_load	1	2	2	418	
235	0	123	step_2_no_load	5	6	0.664849878232	0.269780614928	5	425	1	
235	0	124	step_1_no_load	1	2	2	624	
235	0	124	step_2_no_load	3	4	0.309430836661	0.603013298253	3	589	0	
235	0	125	step_1_no_load	1	2	2	458	
235	0	125	step_2_no_load	3	4	0.303110862715	0.559596800931	4	373	1	
235	0	126	step_1_no_load	1	2	2	504	
235	0	126	step_2_no_load	5	6	0.600985760967	0.267206368684	6	862	0	
235	0	127	step_1_no_load	1	2	2	325	
235	0	127	step_2_no_load	5	6	0.646945556251	0.273483952592	6	361	0	
235	0	128	step_1_no_load	1	2	2	378	
235	0	128	step_2_no_load	5	6	0.620672334996	0.260252451606	6	505	0	
235	0	129	step_1_no_load	1	2	2	490	
235	0	129	step_2_no_load	3	4	0.271709703542	0.685297910719	4	553	0	
235	0	130	step_1_no_load	1	2	1	355	
235	0	130	step_2_no_load	5	6	0.630285316669	0.267460866951	6	355	0	
235	0	131	step_1_no_load	1	2	2	100	
235	0	131	step_2_no_load	3	4	0.311475039155	0.678044920845	3	87	0	
235	0	132	step_1_no_load	1	2	2	151	
235	0	132	step_2_no_load	5	6	0.660013924697	0.27986961048	6	356	0	
235	0	133	step_1_no_load	1	2	2	629	
235	0	133	step_2_no_load	5	6	0.691649444281	0.315608831386	6	218	0	
235	0	134	step_1_no_load	1	2	2	464	
235	0	134	step_2_no_load	5	6	0.685529359147	0.287393715313	6	583	0	
235	0	135	step_1_no_load	1	2	-1	-1	
235	0	136	step_1_no_load	1	2	1	49	
235	0	136	step_2_no_load	3	4	0.284521085726	0.597814413435	3	727	1	
235	0	137	step_1_no_load	1	2	1	475	
235	0	137	step_2_no_load	3	4	0.325016613024	0.605896884497	4	566	1	
235	0	138	step_1_no_load	1	2	1	432	
235	0	138	step_2_no_load	5	6	0.688182193337	0.366701525561	5	478	1	
235	0	139	step_1_no_load	1	2	2	491	
235	0	139	step_2_no_load	5	6	0.696355985729	0.325611400511	6	512	0	
235	0	140	step_1_no_load	1	2	2	551	
235	0	140	step_2_no_load	3	4	0.328174526491	0.671213945178	3	455	0	
235	0	141	step_1_no_load	1	2	2	0	
235	0	141	step_2_no_load	5	6	0.616803346728	0.390227133375	6	814	0	
235	0	142	step_1_no_load	1	2	1	376	
235	0	142	step_2_no_load	3	4	0.304203281606	0.690276058009	3	587	0	
235	0	143	step_1_no_load	1	2	1	362	
235	0	143	step_2_no_load	3	4	0.313516825296	0.661365099615	4	113	1	
235	0	144	step_1_no_load	1	2	2	393	
235	0	144	step_2_no_load	5	6	0.639347300184	0.389234194056	5	375	0	
235	0	145	step_1_no_load	1	2	2	6	
235	0	145	step_2_no_load	5	6	0.606515632748	0.355256413269	5	426	1	
235	0	146	step_1_no_load	1	2	1	294	
235	0	146	step_2_no_load	3	4	0.257861956214	0.681611991725	4	396	1	
235	0	147	step_1_no_load	1	2	2	213	
235	0	147	step_2_no_load	5	6	0.594861186319	0.352879785946	5	455	1	
235	0	148	step_1_no_load	1	2	1	611	
235	0	148	step_2_no_load	3	4	0.305288021243	0.619272702026	3	437	1	
235	0	149	step_1_no_load	1	2	2	42	
235	0	149	step_2_no_load	5	6	0.623203869836	0.300290206122	6	59	0	
235	0	150	step_1_no_load	1	2	2	272	
235	0	150	step_2_no_load	3	4	0.305587692243	0.575985663078	3	648	1	
235	0	151	step_1_no_load	1	2	2	548	
235	0	151	step_2_no_load	5	6	0.614159737668	0.310557101463	6	583	0	
235	0	152	step_1_no_load	1	2	2	51	
235	0	152	step_2_no_load	5	6	0.644204174791	0.323194010514	6	74	0	
235	0	153	step_1_no_load	1	2	2	493	
235	0	153	step_2_no_load	5	6	0.681559292085	0.343622632154	5	595	1	
235	0	154	step_1_no_load	1	2	2	0	
235	0	154	step_2_no_load	3	4	0.316375537537	0.638934099562	3	187	0	
235	0	155	step_1_no_load	1	2	2	225	
235	0	155	step_2_no_load	5	6	0.716100930629	0.372188990474	-1	-1	-1	
235	0	156	step_1_no_load	1	2	2	70	
235	0	156	step_2_no_load	3	4	0.32564867104	0.631048201903	3	43	0	
235	0	157	step_1_no_load	1	2	1	302	
235	0	157	step_2_no_load	3	4	0.350909357271	0.585191807512	4	55	0	
235	0	158	step_1_no_load	1	2	2	39	
235	0	158	step_2_no_load	5	6	0.694270715354	0.334595868098	6	83	1	
235	0	159	step_1_no_load	1	2	2	87	
235	0	159	step_2_no_load	5	6	0.697903160072	0.321150411254	6	612	0	
235	0	160	step_1_no_load	1	2	2	10	
235	0	160	step_2_no_load	5	6	0.710728171711	0.355992626298	6	1483	0	
235	0	161	step_1_no_load	1	2	2	347	
235	0	161	step_2_no_load	5	6	0.719896286569	0.438878285506	5	233	0	
235	0	162	step_1_no_load	1	2	2	34	
235	0	162	step_2_no_load	5	6	0.695144769903	0.455329532209	6	148	0	
235	0	163	step_1_no_load	1	2	2	248	
235	0	163	step_2_no_load	5	6	0.697095951435	0.430920885959	5	476	1	
235	0	164	step_1_no_load	1	2	2	472	
235	0	164	step_2_no_load	3	4	0.432761720497	0.585961845322	4	95	1	
235	0	165	step_1_no_load	1	2	2	493	
235	0	165	step_2_no_load	3	4	0.463777557969	0.538026607649	4	1157	0	
235	0	166	step_1_no_load	1	2	2	271	
235	0	166	step_2_no_load	3	4	0.422282731054	0.549095060025	3	431	0	
235	0	167	step_1_no_load	1	2	2	508	
235	0	167	step_2_no_load	3	4	0.38753671275	0.585131062446	4	64	1	
235	0	168	step_1_no_load	1	2	2	16	
235	0	168	step_2_no_load	5	6	0.67192508984	0.335777599654	6	149	1	
235	0	169	step_1_no_load	1	2	2	419	
235	0	169	step_2_no_load	5	6	0.704981910944	0.365156560071	5	667	1	
235	0	170	step_1_no_load	1	2	2	82	
235	0	170	step_2_no_load	3	4	0.411067820436	0.57151385403	4	99	0	
235	0	171	step_1_no_load	1	2	2	15	
235	0	171	step_2_no_load	5	6	0.727248140829	0.425122034074	5	70	1	
235	0	172	step_1_no_load	1	2	2	72	
235	0	172	step_2_no_load	5	6	0.668669556875	0.490120307546	6	449	0	
235	0	173	step_1_no_load	1	2	2	15	
235	0	173	step_2_no_load	3	4	0.385349297983	0.484428109849	3	307	0	
235	0	174	step_1_no_load	1	2	1	22	
235	0	174	step_2_no_load	3	4	0.387867297446	0.472729524832	4	0	1	
235	0	175	step_1_no_load	1	2	2	90	
235	0	175	step_2_no_load	5	6	0.693968268443	0.484825491933	6	148	1	
235	0	176	step_1_no_load	1	2	1	20	
235	0	176	step_2_no_load	5	6	0.679250000396	0.500856457218	5	19	1	
235	0	177	step_1_no_load	1	2	2	11	
235	0	177	step_2_no_load	3	4	0.357425668099	0.501268576771	4	158	1	
235	0	178	step_1_no_load	1	2	2	83	
235	0	178	step_2_no_load	5	6	0.705993797498	0.49020858644	6	114	1	
235	0	179	step_1_no_load	1	2	2	77	
235	0	179	step_2_no_load	3	4	0.324685418097	0.457298770028	4	228	0	
235	0	180	step_1_no_load	1	2	2	110	
235	0	180	step_2_no_load	3	4	0.341214611607	0.482853857291	3	257	0	
235	0	181	step_1_no_load	1	2	2	92	
235	0	181	step_2_no_load	3	4	0.342402764747	0.508735114046	4	462	1	
235	0	182	step_1_no_load	1	2	2	13	
235	0	182	step_2_no_load	5	6	0.72717560423	0.49907747228	6	83	0	
235	0	183	step_1_no_load	1	2	1	24	
235	0	183	step_2_no_load	5	6	0.720388040749	0.492742497507	6	2	1	
235	0	184	step_1_no_load	1	2	2	20	
235	0	184	step_2_no_load	5	6	0.657291439324	0.480863422096	5	9	1	
235	0	185	step_1_no_load	1	2	2	68	
235	0	185	step_2_no_load	3	4	0.362611152222	0.479703516092	4	179	1	
235	0	186	step_1_no_load	1	2	2	92	
235	0	186	step_2_no_load	5	6	0.656308636836	0.484672582719	6	203	0	
235	0	187	step_1_no_load	1	2	2	90	
235	0	187	step_2_no_load	5	6	0.678211978625	0.498596507669	5	198	1	
235	0	188	step_1_no_load	1	2	1	11	
235	0	188	step_2_no_load	3	4	0.291508050861	0.471319680586	3	63	1	
235	0	189	step_1_no_load	1	2	2	13	
235	0	189	step_2_no_load	5	6	0.688353284054	0.534753756004	6	25	1	
235	0	190	step_1_no_load	1	2	1	13	
235	0	190	step_2_no_load	3	4	0.304557739386	0.433568856946	3	121	0	
235	0	191	step_1_no_load	1	2	1	21	
235	0	191	step_2_no_load	3	4	0.318839908867	0.435748387321	3	166	1	
235	0	192	step_1_no_load	1	2	1	18	
235	0	192	step_2_no_load	3	4	0.299297135717	0.450791310283	3	160	0	
235	0	193	step_1_no_load	1	2	1	66	
235	0	193	step_2_no_load	5	6	0.679792491164	0.504944704439	5	44	1	
235	0	194	step_1_no_load	1	2	2	20	
235	0	194	step_2_no_load	3	4	0.342437174514	0.433250459893	3	60	0	
235	0	195	step_1_no_load	1	2	1	9	
235	0	195	step_2_no_load	5	6	0.646280688878	0.494102184238	5	149	0	
235	0	196	step_1_no_load	1	2	2	159	
235	0	196	step_2_no_load	5	6	0.695101215304	0.496717662777	5	169	1	
235	0	197	step_1_no_load	1	2	2	20	
235	0	197	step_2_no_load	5	6	0.686552522522	0.47786945426	5	131	0	
235	0	198	step_1_no_load	1	2	2	25	
235	0	198	step_2_no_load	3	4	0.303352625941	0.397292432346	4	246	0	
235	0	199	step_1_no_load	1	2	1	18	
235	0	199	step_2_no_load	3	4	0.292861528884	0.39793773834	4	198	0	
235	0	200	step_1_no_load	1	2	2	30	
235	0	200	step_2_no_load	3	4	0.299128796668	0.372436949782	3	56	0	

Tue May  7 17:26:45 2019
