Fri May 17 15:07:40 2019	
238	0	1	step_1_no_load	1	2	1	1035	
238	0	1	step_2_no_load	3	4	0.594299910136	0.511789129507	-1	-1	-1	
238	0	2	step_1_no_load	1	2	1	476	
238	0	2	step_2_no_load	5	6	0.580156942153	0.474613197709	6	1010	1	
238	0	3	step_1_no_load	1	2	1	621	
238	0	3	step_2_no_load	3	4	0.589215227351	0.516002945397	4	1056	0	
238	0	4	step_1_no_load	1	2	1	688	
238	0	4	step_2_no_load	3	4	0.564086293706	0.494597764192	-1	-1	-1	
238	0	5	step_1_no_load	1	2	1	767	
238	0	5	step_2_no_load	5	6	0.623810210114	0.495568760483	-1	-1	-1	
238	0	6	step_1_no_load	1	2	1	412	
238	0	6	step_2_no_load	3	4	0.603642866427	0.490454120702	4	467	1	
238	0	7	step_1_no_load	1	2	1	572	
238	0	7	step_2_no_load	3	4	0.622642364361	0.506408070053	4	588	0	
238	0	8	step_1_no_load	1	2	1	459	
238	0	8	step_2_no_load	3	4	0.624210374623	0.499203529332	3	1066	0	
238	0	9	step_1_no_load	1	2	1	508	
238	0	9	step_2_no_load	3	4	0.641106877158	0.54429228266	4	929	0	
238	0	10	step_1_no_load	1	2	1	322	
238	0	10	step_2_no_load	3	4	0.636063269715	0.576063520885	3	1195	1	
238	0	11	step_1_no_load	1	2	1	625	
238	0	11	step_2_no_load	3	4	0.609191465743	0.59022801242	3	1067	1	
238	0	12	step_1_no_load	1	2	1	660	
238	0	12	step_2_no_load	3	4	0.552770607849	0.597131918027	3	785	0	
238	0	13	step_1_no_load	1	2	1	419	
238	0	13	step_2_no_load	3	4	0.558313135925	0.595790490356	3	1466	0	
238	0	14	step_1_no_load	1	2	1	581	
238	0	14	step_2_no_load	5	6	0.629137942344	0.491234392147	6	408	1	
238	0	15	step_1_no_load	1	2	1	416	
238	0	15	step_2_no_load	3	4	0.570419113221	0.633564630036	4	393	1	
238	0	16	step_1_no_load	1	2	1	372	
238	0	16	step_2_no_load	5	6	0.628091198119	0.510958036527	6	718	1	
238	0	17	step_1_no_load	1	2	1	362	
238	0	17	step_2_no_load	3	4	0.562895132605	0.643116883134	4	646	1	
238	0	18	step_1_no_load	1	2	1	383	
238	0	18	step_2_no_load	3	4	0.553554620302	0.626895526976	4	1019	1	
238	0	19	step_1_no_load	1	2	1	419	
238	0	19	step_2_no_load	5	6	0.619895761657	0.498240186199	6	382	0	
238	0	20	step_1_no_load	1	2	1	434	
238	0	20	step_2_no_load	3	4	0.491720931314	0.60665343963	3	1005	0	
238	0	21	step_1_no_load	1	2	2	314	
238	0	21	step_2_no_load	5	6	0.630305464549	0.49769376036	5	1357	1	
238	0	22	step_1_no_load	1	2	2	551	
238	0	22	step_2_no_load	5	6	0.621949894727	0.506100011497	5	889	0	
238	0	23	step_1_no_load	1	2	2	314	
238	0	23	step_2_no_load	5	6	0.640163623731	0.520606588181	6	678	1	
238	0	24	step_1_no_load	1	2	2	318	
238	0	24	step_2_no_load	3	4	0.503316199018	0.5800912085	4	747	0	
238	0	25	step_1_no_load	1	2	2	279	
238	0	25	step_2_no_load	5	6	0.565698722896	0.503316372362	6	374	1	
238	0	26	step_1_no_load	1	2	2	639	
238	0	26	step_2_no_load	3	4	0.532884212818	0.640635035276	4	1094	1	
238	0	27	step_1_no_load	1	2	1	631	
238	0	27	step_2_no_load	3	4	0.54756089792	0.642144756622	4	1301	0	
238	0	28	step_1_no_load	1	2	1	455	
238	0	28	step_2_no_load	3	4	0.553259388875	0.647441527317	4	458	0	
238	0	29	step_1_no_load	1	2	1	354	
238	0	29	step_2_no_load	3	4	0.561957580386	0.618626354124	3	350	0	
238	0	30	step_1_no_load	1	2	1	483	
238	0	30	step_2_no_load	3	4	0.574272497114	0.610227092493	4	526	0	
238	0	31	step_1_no_load	1	2	1	459	
238	0	31	step_2_no_load	3	4	0.541819886458	0.606122691795	3	684	1	
238	0	32	step_1_no_load	1	2	1	980	
238	0	32	step_2_no_load	3	4	0.522993086096	0.605616211083	3	555	1	
238	0	33	step_1_no_load	1	2	1	494	
238	0	33	step_2_no_load	3	4	0.542309898544	0.618000238621	3	545	0	
238	0	34	step_1_no_load	1	2	1	476	
238	0	34	step_2_no_load	3	4	0.538523758058	0.670290552209	4	556	1	
238	0	35	step_1_no_load	1	2	1	760	
238	0	35	step_2_no_load	3	4	0.594167768198	0.649776015006	4	842	0	
238	0	36	step_1_no_load	1	2	1	428	
238	0	36	step_2_no_load	5	6	0.527635087561	0.513210053121	6	475	1	
238	0	37	step_1_no_load	1	2	1	291	
238	0	37	step_2_no_load	3	4	0.598446394142	0.660658056664	4	551	0	
238	0	38	step_1_no_load	1	2	1	689	
238	0	38	step_2_no_load	3	4	0.595113730206	0.651263699161	4	713	0	
238	0	39	step_1_no_load	1	2	1	338	
238	0	39	step_2_no_load	3	4	0.610601635554	0.634483337633	3	314	0	
238	0	40	step_1_no_load	1	2	-1	-1	
238	0	41	step_1_no_load	1	2	2	532	
238	0	41	step_2_no_load	5	6	0.524862294848	0.583829055298	6	685	1	
238	0	42	step_1_no_load	1	2	2	572	
238	0	42	step_2_no_load	3	4	0.609164606591	0.606696263624	4	879	1	
238	0	43	step_1_no_load	1	2	2	309	
238	0	43	step_2_no_load	3	4	0.612705031264	0.581931546759	4	560	0	
238	0	44	step_1_no_load	1	2	2	425	
238	0	44	step_2_no_load	5	6	0.541854396676	0.537842745081	5	527	1	
238	0	45	step_1_no_load	1	2	2	290	
238	0	45	step_2_no_load	3	4	0.632991467829	0.620699591043	3	492	1	
238	0	46	step_1_no_load	1	2	2	617	
238	0	46	step_2_no_load	3	4	0.600964500555	0.654261318712	3	724	0	
238	0	47	step_1_no_load	1	2	2	851	
238	0	47	step_2_no_load	5	6	0.546259467838	0.493112702321	5	891	1	
238	0	48	step_1_no_load	1	2	2	419	
238	0	48	step_2_no_load	5	6	0.534690828011	0.488280685105	5	749	0	
238	0	49	step_1_no_load	1	2	2	417	
238	0	49	step_2_no_load	5	6	0.512405963374	0.489287375157	5	368	1	
238	0	50	step_1_no_load	1	2	1	320	
238	0	50	step_2_no_load	3	4	0.606862017918	0.593458480934	4	767	0	
238	0	51	step_1_no_load	1	2	1	282	
238	0	51	step_2_no_load	3	4	0.564866799699	0.613357430892	4	598	1	
238	0	52	step_1_no_load	1	2	1	321	
238	0	52	step_2_no_load	5	6	0.513589895419	0.429622901875	6	733	1	
238	0	53	step_1_no_load	1	2	1	477	
238	0	53	step_2_no_load	5	6	0.475342927439	0.451905460347	5	866	0	
238	0	54	step_1_no_load	1	2	2	486	
238	0	54	step_2_no_load	5	6	0.493362545513	0.491512498697	5	659	0	
238	0	55	step_1_no_load	1	2	2	611	
238	0	55	step_2_no_load	5	6	0.526704292526	0.487025527704	6	406	0	
238	0	56	step_1_no_load	1	2	1	632	
238	0	56	step_2_no_load	3	4	0.601856598146	0.60038825769	3	895	1	
238	0	57	step_1_no_load	1	2	1	1262	
238	0	57	step_2_no_load	3	4	0.641849303307	0.586335094239	3	805	0	
238	0	58	step_1_no_load	1	2	1	593	
238	0	58	step_2_no_load	3	4	0.664682809182	0.610896130115	4	517	0	
238	0	59	step_1_no_load	1	2	1	453	
238	0	59	step_2_no_load	3	4	0.632500293208	0.608951267756	3	1355	1	
238	0	60	step_1_no_load	1	2	1	519	
238	0	60	step_2_no_load	3	4	0.623687406259	0.599559577859	4	660	1	
238	0	61	step_1_no_load	1	2	1	505	
238	0	61	step_2_no_load	3	4	0.669587072502	0.602879526975	4	424	1	
238	0	62	step_1_no_load	1	2	1	288	
238	0	62	step_2_no_load	3	4	0.691137204746	0.622820395113	4	362	0	
238	0	63	step_1_no_load	1	2	1	333	
238	0	63	step_2_no_load	5	6	0.519445130796	0.53192660365	5	279	0	
238	0	64	step_1_no_load	1	2	2	493	
238	0	64	step_2_no_load	3	4	0.642369708469	0.626149195169	3	582	1	
238	0	65	step_1_no_load	1	2	2	293	
238	0	65	step_2_no_load	5	6	0.517687993213	0.569109504048	5	379	0	
238	0	66	step_1_no_load	1	2	2	425	
238	0	66	step_2_no_load	5	6	0.555324764318	0.573761869714	6	765	0	
238	0	67	step_1_no_load	1	2	1	436	
238	0	67	step_2_no_load	3	4	0.597650193897	0.674463681351	4	405	1	
238	0	68	step_1_no_load	1	2	1	1196	
238	0	68	step_2_no_load	5	6	0.523301545299	0.509127161919	6	622	0	
238	0	69	step_1_no_load	1	2	1	336	
238	0	69	step_2_no_load	3	4	0.622221685203	0.718756538957	4	476	0	
238	0	70	step_1_no_load	1	2	1	1	
238	0	70	step_2_no_load	3	4	0.637556284465	0.697741832068	4	938	1	
238	0	71	step_1_no_load	1	2	2	745	
238	0	71	step_2_no_load	3	4	0.639174917797	0.706816191949	3	899	0	
238	0	72	step_1_no_load	1	2	2	343	
238	0	72	step_2_no_load	5	6	0.556486305476	0.47409116389	5	675	0	
238	0	73	step_1_no_load	1	2	2	507	
238	0	73	step_2_no_load	5	6	0.50185699984	0.435957313805	5	576	0	
238	0	74	step_1_no_load	1	2	2	381	
238	0	74	step_2_no_load	5	6	0.491044983779	0.453420386428	6	523	0	
238	0	75	step_1_no_load	1	2	1	577	
238	0	75	step_2_no_load	3	4	0.615552849174	0.697629587097	4	917	0	
238	0	76	step_1_no_load	1	2	1	1037	
238	0	76	step_2_no_load	3	4	0.62770291155	0.690117652944	3	532	0	
238	0	77	step_1_no_load	1	2	2	646	
238	0	77	step_2_no_load	3	4	0.564257587118	0.679737625371	4	485	1	
238	0	78	step_1_no_load	1	2	1	669	
238	0	78	step_2_no_load	3	4	0.536711448352	0.647586191228	3	456	0	
238	0	79	step_1_no_load	1	2	2	449	
238	0	79	step_2_no_load	5	6	0.540085062695	0.389124152368	6	1040	0	
238	0	80	step_1_no_load	1	2	1	287	
238	0	80	step_2_no_load	3	4	0.518583383166	0.703969305517	3	482	0	
238	0	81	step_1_no_load	1	2	2	721	
238	0	81	step_2_no_load	5	6	0.494116554432	0.419265522488	6	590	0	
238	0	82	step_1_no_load	1	2	2	744	
238	0	82	step_2_no_load	5	6	0.482727017837	0.395813831323	5	763	1	
238	0	83	step_1_no_load	1	2	2	953	
238	0	83	step_2_no_load	5	6	0.483255412498	0.382772464038	5	573	1	
238	0	84	step_1_no_load	1	2	1	648	
238	0	84	step_2_no_load	3	4	0.65843840156	0.731466635793	4	426	0	
238	0	85	step_1_no_load	1	2	1	326	
238	0	85	step_2_no_load	5	6	0.485785534744	0.384458259121	5	407	1	
238	0	86	step_1_no_load	1	2	1	335	
238	0	86	step_2_no_load	3	4	0.691782850001	0.721207648497	3	508	1	
238	0	87	step_1_no_load	1	2	2	448	
238	0	87	step_2_no_load	5	6	0.493867001103	0.40000499778	5	715	1	
238	0	88	step_1_no_load	1	2	2	350	
238	0	88	step_2_no_load	3	4	0.717410082358	0.696773608304	3	667	0	
238	0	89	step_1_no_load	1	2	1	1326	
238	0	89	step_2_no_load	3	4	0.690772436485	0.660112261017	3	1206	0	
238	0	90	step_1_no_load	1	2	1	1085	
238	0	90	step_2_no_load	3	4	0.712247848046	0.688736868033	4	425	1	
238	0	91	step_1_no_load	1	2	1	1015	
238	0	91	step_2_no_load	3	4	0.685023809334	0.657820521772	4	590	0	
238	0	92	step_1_no_load	1	2	1	744	
238	0	92	step_2_no_load	5	6	0.484260039873	0.444368850664	6	944	0	
238	0	93	step_1_no_load	1	2	-1	-1	
238	0	94	step_1_no_load	1	2	2	519	
238	0	94	step_2_no_load	5	6	0.468637558205	0.429211756872	5	1263	0	
238	0	95	step_1_no_load	1	2	2	844	
238	0	95	step_2_no_load	5	6	0.42505578884	0.427150666411	5	578	1	
238	0	96	step_1_no_load	1	2	2	410	
238	0	96	step_2_no_load	5	6	0.437558890646	0.383038640121	5	301	1	
238	0	97	step_1_no_load	1	2	1	385	
238	0	97	step_2_no_load	5	6	0.455601814112	0.392885664353	6	489	0	
238	0	98	step_1_no_load	1	2	1	362	
238	0	98	step_2_no_load	3	4	0.70287861952	0.646040060297	3	342	0	
238	0	99	step_1_no_load	1	2	1	405	
238	0	99	step_2_no_load	3	4	0.673709850038	0.645191748454	-1	-1	-1	
238	0	100	step_1_no_load	1	2	1	500	
238	0	100	step_2_no_load	3	4	0.666227451505	0.66579920021	4	638	1	
238	0	101	step_1_no_load	1	2	1	307	
238	0	101	step_2_no_load	3	4	0.623812401974	0.655903528958	4	386	0	
238	0	102	step_1_no_load	1	2	1	472	
238	0	102	step_2_no_load	3	4	0.666304534392	0.663124617603	4	544	1	
238	0	103	step_1_no_load	1	2	1	1323	
238	0	103	step_2_no_load	5	6	0.322834495838	0.481975449893	-1	-1	-1	
238	0	104	step_1_no_load	1	2	1	372	
238	0	104	step_2_no_load	3	4	0.703870701136	0.743372642809	4	1272	1	
238	0	105	step_1_no_load	1	2	1	481	
238	0	105	step_2_no_load	5	6	0.352639603242	0.514318365187	6	533	0	
238	0	106	step_1_no_load	1	2	1	414	
238	0	106	step_2_no_load	5	6	0.374131494222	0.508908032404	5	484	1	
238	0	107	step_1_no_load	1	2	2	245	
238	0	107	step_2_no_load	3	4	0.692607431435	0.677514185929	4	352	0	
238	0	108	step_1_no_load	1	2	1	372	
238	0	108	step_2_no_load	3	4	0.695928523711	0.681491063126	3	531	1	
238	0	109	step_1_no_load	1	2	2	987	
238	0	109	step_2_no_load	5	6	0.372328831887	0.479977531501	5	511	1	
238	0	110	step_1_no_load	1	2	2	432	
238	0	110	step_2_no_load	5	6	0.395544455384	0.432626681236	5	406	1	
238	0	111	step_1_no_load	1	2	2	603	
238	0	111	step_2_no_load	5	6	0.407158158569	0.384948378665	6	909	0	
238	0	112	step_1_no_load	1	2	1	508	
238	0	112	step_2_no_load	5	6	0.413393106784	0.392887565883	5	724	0	
238	0	113	step_1_no_load	1	2	2	695	
238	0	113	step_2_no_load	5	6	0.387112818105	0.370697120277	5	522	1	
238	0	114	step_1_no_load	1	2	1	437	
238	0	114	step_2_no_load	5	6	0.384736699284	0.380324086676	5	538	0	
238	0	115	step_1_no_load	1	2	2	423	
238	0	115	step_2_no_load	5	6	0.357661171116	0.390027643099	5	437	0	
238	0	116	step_1_no_load	1	2	2	633	
238	0	116	step_2_no_load	5	6	0.369438791876	0.378149844807	6	710	0	
238	0	117	step_1_no_load	1	2	1	701	
238	0	117	step_2_no_load	5	6	0.363056877927	0.374621793791	6	521	1	
238	0	118	step_1_no_load	1	2	1	542	
238	0	118	step_2_no_load	3	4	0.740051715856	0.690484235012	4	810	0	
238	0	119	step_1_no_load	1	2	1	879	
238	0	119	step_2_no_load	3	4	0.690424535099	0.661177321751	3	716	1	
238	0	120	step_1_no_load	1	2	1	615	
238	0	120	step_2_no_load	3	4	0.70587238626	0.666433355915	4	881	0	
238	0	121	step_1_no_load	1	2	1	540	
238	0	121	step_2_no_load	5	6	0.310775244958	0.352721767208	5	416	1	
238	0	122	step_1_no_load	1	2	1	393	
238	0	122	step_2_no_load	5	6	0.266650857402	0.329624572119	5	867	0	
238	0	123	step_1_no_load	1	2	2	478	
238	0	123	step_2_no_load	3	4	0.583607229978	0.664849878232	4	964	1	
238	0	124	step_1_no_load	1	2	1	444	
238	0	124	step_2_no_load	3	4	0.603013298253	0.624161788269	4	810	1	
238	0	125	step_1_no_load	1	2	1	420	
238	0	125	step_2_no_load	5	6	0.290374841566	0.303110862715	6	417	0	
238	0	126	step_1_no_load	1	2	1	111	
238	0	126	step_2_no_load	5	6	0.267206368684	0.300846667696	5	425	0	
238	0	127	step_1_no_load	1	2	-1	-1	
238	0	128	step_1_no_load	1	2	1	507	
238	0	128	step_2_no_load	3	4	0.636905534066	0.620672334996	4	845	0	
238	0	129	step_1_no_load	1	2	-1	-1	
238	0	130	step_1_no_load	1	2	1	505	
238	0	130	step_2_no_load	3	4	0.682031489739	0.630285316669	3	684	1	
238	0	131	step_1_no_load	1	2	1	769	
238	0	131	step_2_no_load	5	6	0.281500842289	0.311475039155	6	189	0	
238	0	132	step_1_no_load	1	2	1	1010	
238	0	132	step_2_no_load	3	4	0.668578020634	0.660013924697	3	483	1	
238	0	133	step_1_no_load	1	2	1	879	
238	0	133	step_2_no_load	3	4	0.617383991623	0.691649444281	4	484	1	
238	0	134	step_1_no_load	1	2	1	453	
238	0	134	step_2_no_load	3	4	0.621945110858	0.685529359147	4	358	1	
238	0	135	step_1_no_load	1	2	1	1437	
238	0	135	step_2_no_load	3	4	0.593710006149	0.700779221781	-1	-1	-1	
238	0	136	step_1_no_load	1	2	1	343	
238	0	136	step_2_no_load	5	6	0.307766925452	0.284521085726	6	355	1	
238	0	137	step_1_no_load	1	2	2	334	
238	0	137	step_2_no_load	5	6	0.346433498467	0.325016613024	5	498	0	
238	0	138	step_1_no_load	1	2	1	383	
238	0	138	step_2_no_load	3	4	0.63240964674	0.688182193337	4	747	1	
238	0	139	step_1_no_load	1	2	1	872	
238	0	139	step_2_no_load	3	4	0.636630981281	0.696355985729	4	38	1	
238	0	140	step_1_no_load	1	2	1	1196	
238	0	140	step_2_no_load	3	4	0.671213945178	0.637682840728	3	783	1	
238	0	141	step_1_no_load	1	2	1	433	
238	0	141	step_2_no_load	5	6	0.390227133375	0.311809871418	5	1096	0	
238	0	142	step_1_no_load	1	2	2	1482	
238	0	142	step_2_no_load	5	6	0.397052682821	0.304203281606	5	1039	0	
238	0	143	step_1_no_load	1	2	1	318	
238	0	143	step_2_no_load	3	4	0.661365099615	0.610219102298	3	302	0	
238	0	144	step_1_no_load	1	2	1	492	
238	0	144	step_2_no_load	3	4	0.626443722248	0.639347300184	4	307	1	
238	0	145	step_1_no_load	1	2	1	331	
238	0	145	step_2_no_load	3	4	0.6669125229	0.606515632748	4	418	1	
238	0	146	step_1_no_load	1	2	1	320	
238	0	146	step_2_no_load	3	4	0.681611991725	0.593778463268	4	661	0	
238	0	147	step_1_no_load	1	2	-1	-1	
238	0	148	step_1_no_load	1	2	1	315	
238	0	148	step_2_no_load	3	4	0.619272702026	0.648050021239	3	288	0	
238	0	149	step_1_no_load	1	2	1	449	
238	0	149	step_2_no_load	3	4	0.601870110183	0.623203869836	4	345	1	
238	0	150	step_1_no_load	1	2	1	435	
238	0	150	step_2_no_load	5	6	0.306860041627	0.305587692243	6	934	0	
238	0	151	step_1_no_load	1	2	1	705	
238	0	151	step_2_no_load	3	4	0.59154759351	0.614159737668	3	771	1	
238	0	152	step_1_no_load	1	2	1	737	
238	0	152	step_2_no_load	3	4	0.595108765344	0.644204174791	4	938	0	
238	0	153	step_1_no_load	1	2	1	353	
238	0	153	step_2_no_load	3	4	0.613336203392	0.681559292085	3	477	1	
238	0	154	step_1_no_load	1	2	1	266	
238	0	154	step_2_no_load	5	6	0.348349389262	0.316375537537	5	323	0	
238	0	155	step_1_no_load	1	2	1	259	
238	0	155	step_2_no_load	3	4	0.632486591889	0.716100930629	4	417	1	
238	0	156	step_1_no_load	1	2	1	340	
238	0	156	step_2_no_load	5	6	0.368378667812	0.32564867104	5	324	1	
238	0	157	step_1_no_load	1	2	1	301	
238	0	157	step_2_no_load	3	4	0.585191807512	0.720725456325	3	419	0	
238	0	158	step_1_no_load	1	2	1	288	
238	0	158	step_2_no_load	3	4	0.532722108502	0.694270715354	4	321	1	
238	0	159	step_1_no_load	1	2	1	779	
238	0	159	step_2_no_load	3	4	0.541222065796	0.697903160072	4	515	0	
238	0	160	step_1_no_load	1	2	1	334	
238	0	160	step_2_no_load	5	6	0.355992626298	0.415052912783	5	266	1	
238	0	161	step_1_no_load	1	2	1	438	
238	0	161	step_2_no_load	3	4	0.516036498158	0.719896286569	3	588	0	
238	0	162	step_1_no_load	1	2	1	289	
238	0	162	step_2_no_load	5	6	0.455329532209	0.3926701003	6	949	0	
238	0	163	step_1_no_load	1	2	1	446	
238	0	163	step_2_no_load	5	6	0.430920885959	0.395221309311	-1	-1	-1	
238	0	164	step_1_no_load	1	2	1	470	
238	0	164	step_2_no_load	5	6	0.430844125626	0.432761720497	6	551	1	
238	0	165	step_1_no_load	1	2	1	543	
238	0	165	step_2_no_load	3	4	0.538026607649	0.717506143195	4	1078	0	
238	0	166	step_1_no_load	1	2	1	420	
238	0	166	step_2_no_load	3	4	0.549095060025	0.686594248975	3	417	1	
238	0	167	step_1_no_load	1	2	1	381	
238	0	167	step_2_no_load	3	4	0.585131062446	0.706271792549	3	845	1	
238	0	168	step_1_no_load	1	2	1	867	
238	0	168	step_2_no_load	3	4	0.613361520676	0.67192508984	3	905	1	
238	0	169	step_1_no_load	1	2	1	1176	
238	0	169	step_2_no_load	3	4	0.586049140041	0.704981910944	-1	-1	-1	
238	0	170	step_1_no_load	1	2	1	421	
238	0	170	step_2_no_load	5	6	0.364989630435	0.411067820436	-1	-1	-1	
238	0	171	step_1_no_load	1	2	1	381	
238	0	171	step_2_no_load	3	4	0.553314431843	0.727248140829	-1	-1	-1	
238	0	172	step_1_no_load	1	2	1	839	
238	0	172	step_2_no_load	3	4	0.519090471457	0.668669556875	4	433	1	
238	0	173	step_1_no_load	1	2	1	530	
238	0	173	step_2_no_load	5	6	0.462866379815	0.385349297983	5	796	0	
238	0	174	step_1_no_load	1	2	1	170	
238	0	174	step_2_no_load	3	4	0.472729524832	0.729877433725	4	451	1	
238	0	175	step_1_no_load	1	2	1	906	
238	0	175	step_2_no_load	3	4	0.52644949356	0.693968268443	4	973	1	
238	0	176	step_1_no_load	1	2	1	365	
238	0	176	step_2_no_load	3	4	0.474046874473	0.679250000396	4	520	1	
238	0	177	step_1_no_load	1	2	1	272	
238	0	177	step_2_no_load	3	4	0.501268576771	0.714070205704	4	491	1	
238	0	178	step_1_no_load	1	2	1	410	
238	0	178	step_2_no_load	5	6	0.49020858644	0.36473828006	5	854	0	
238	0	179	step_1_no_load	1	2	1	365	
238	0	179	step_2_no_load	3	4	0.457298770028	0.709345707515	4	464	1	
238	0	180	step_1_no_load	1	2	1	411	
238	0	180	step_2_no_load	5	6	0.489345734128	0.341214611607	5	381	0	
238	0	181	step_1_no_load	1	2	1	254	
238	0	181	step_2_no_load	5	6	0.480141179559	0.342402764747	6	472	1	
238	0	182	step_1_no_load	1	2	1	421	
238	0	182	step_2_no_load	3	4	0.506773281362	0.72717560423	-1	-1	-1	
238	0	183	step_1_no_load	1	2	1	297	
238	0	183	step_2_no_load	3	4	0.502991759047	0.720388040749	4	441	0	
238	0	184	step_1_no_load	1	2	1	227	
238	0	184	step_2_no_load	5	6	0.480863422096	0.362743255194	5	697	0	
238	0	185	step_1_no_load	1	2	1	1094	
238	0	185	step_2_no_load	3	4	0.479703516092	0.665622647081	4	506	1	
238	0	186	step_1_no_load	1	2	1	416	
238	0	186	step_2_no_load	5	6	0.484672582719	0.332733011923	6	278	0	
238	0	187	step_1_no_load	1	2	1	774	
238	0	187	step_2_no_load	3	4	0.443962917772	0.678211978625	3	352	1	
238	0	188	step_1_no_load	1	2	1	355	
238	0	188	step_2_no_load	5	6	0.548350535247	0.291508050861	5	404	1	
238	0	189	step_1_no_load	1	2	1	382	
238	0	189	step_2_no_load	5	6	0.534753756004	0.285168135955	5	399	0	
238	0	190	step_1_no_load	1	2	1	281	
238	0	190	step_2_no_load	3	4	0.433568856946	0.667655825994	4	323	1	
238	0	191	step_1_no_load	1	2	1	302	
238	0	191	step_2_no_load	3	4	0.435748387321	0.664271461991	4	478	1	
238	0	192	step_1_no_load	1	2	1	399	
238	0	192	step_2_no_load	5	6	0.493851022417	0.299297135717	6	615	1	
238	0	193	step_1_no_load	1	2	1	357	
238	0	193	step_2_no_load	3	4	0.440813209638	0.679792491164	3	634	0	
238	0	194	step_1_no_load	1	2	1	724	
238	0	194	step_2_no_load	5	6	0.505359594715	0.342437174514	6	344	0	
238	0	195	step_1_no_load	1	2	1	407	
238	0	195	step_2_no_load	3	4	0.466795336969	0.646280688878	3	1103	0	
238	0	196	step_1_no_load	1	2	1	578	
238	0	196	step_2_no_load	3	4	0.421761207498	0.695101215304	3	921	0	
238	0	197	step_1_no_load	1	2	1	607	
238	0	197	step_2_no_load	5	6	0.47786945426	0.316987700969	6	841	1	
238	0	198	step_1_no_load	1	2	1	834	
238	0	198	step_2_no_load	3	4	0.397292432346	0.68660989813	4	482	1	
238	0	199	step_1_no_load	1	2	1	575	
238	0	199	step_2_no_load	3	4	0.39793773834	0.73697129762	-1	-1	-1	
238	0	200	step_1_no_load	1	2	1	1111	
238	0	200	step_2_no_load	3	4	0.372436949782	0.728996708473	4	529	1	

Fri May 17 15:25:15 2019
