Mon May 27 14:47:32 2019	
240	0	1	step_1_no_load	1	2	1	960	
240	0	1	step_2_no_load	3	4	0.511789129507	0.594299910136	3	821	1	
240	0	2	step_1_no_load	1	2	2	558	
240	0	2	step_2_no_load	3	4	0.533203491871	0.610961032466	4	610	1	
240	0	3	step_1_no_load	1	2	1	473	
240	0	3	step_2_no_load	3	4	0.516002945397	0.589215227351	3	351	1	
240	0	4	step_1_no_load	1	2	2	549	
240	0	4	step_2_no_load	5	6	0.478607661228	0.597491569846	6	1427	1	
240	0	5	step_1_no_load	1	2	1	368	
240	0	5	step_2_no_load	3	4	0.543908521457	0.576104915614	3	820	0	
240	0	6	step_1_no_load	1	2	1	427	
240	0	6	step_2_no_load	3	4	0.490454120702	0.603642866427	3	634	0	
240	0	7	step_1_no_load	1	2	2	366	
240	0	7	step_2_no_load	5	6	0.500071913476	0.568656746487	6	1418	1	
240	0	8	step_1_no_load	1	2	2	302	
240	0	8	step_2_no_load	5	6	0.489816616396	0.59128639594	6	668	1	
240	0	9	step_1_no_load	1	2	2	415	
240	0	9	step_2_no_load	5	6	0.496546708465	0.598049061473	6	545	1	
240	0	10	step_1_no_load	1	2	2	335	
240	0	10	step_2_no_load	5	6	0.482364178155	0.652626043146	6	447	1	
240	0	11	step_1_no_load	1	2	2	349	
240	0	11	step_2_no_load	5	6	0.477013315682	0.69163818036	6	517	0	
240	0	12	step_1_no_load	1	2	1	360	
240	0	12	step_2_no_load	5	6	0.48457206759	0.682786328054	5	1081	0	
240	0	13	step_1_no_load	1	2	1	266	
240	0	13	step_2_no_load	3	4	0.595790490356	0.558313135925	3	786	0	
240	0	14	step_1_no_load	1	2	2	524	
240	0	14	step_2_no_load	5	6	0.491234392147	0.629137942344	6	1187	0	
240	0	15	step_1_no_load	1	2	2	268	
240	0	15	step_2_no_load	3	4	0.633564630036	0.570419113221	3	358	0	
240	0	16	step_1_no_load	1	2	2	544	
240	0	16	step_2_no_load	5	6	0.510958036527	0.628091198119	6	1269	0	
240	0	17	step_1_no_load	1	2	2	388	
240	0	17	step_2_no_load	3	4	0.643116883134	0.562895132605	4	1014	0	
240	0	18	step_1_no_load	1	2	1	263	
240	0	18	step_2_no_load	5	6	0.517514133912	0.626834332012	6	976	1	
240	0	19	step_1_no_load	1	2	1	508	
240	0	19	step_2_no_load	3	4	0.644773170243	0.536502319591	4	1175	1	
240	0	20	step_1_no_load	1	2	1	407	
240	0	20	step_2_no_load	3	4	0.60665343963	0.491720931314	4	723	0	
240	0	21	step_1_no_load	1	2	2	253	
240	0	21	step_2_no_load	3	4	0.611328949295	0.470207377245	4	927	1	
240	0	22	step_1_no_load	1	2	2	485	
240	0	22	step_2_no_load	5	6	0.506100011497	0.621949894727	5	808	0	
240	0	23	step_1_no_load	1	2	1	239	
240	0	23	step_2_no_load	3	4	0.604065470975	0.513759772011	4	797	0	
240	0	24	step_1_no_load	1	2	1	376	
240	0	24	step_2_no_load	3	4	0.5800912085	0.503316199018	3	614	1	
240	0	25	step_1_no_load	1	2	1	452	
240	0	25	step_2_no_load	5	6	0.503316372362	0.565698722896	6	928	0	
240	0	26	step_1_no_load	1	2	1	464	
240	0	26	step_2_no_load	5	6	0.511744353778	0.592410219737	5	677	1	
240	0	27	step_1_no_load	1	2	1	312	
240	0	27	step_2_no_load	3	4	0.642144756622	0.54756089792	3	780	1	
240	0	28	step_1_no_load	1	2	2	411	
240	0	28	step_2_no_load	5	6	0.520177259699	0.588356036098	5	849	1	
240	0	29	step_1_no_load	1	2	2	449	
240	0	29	step_2_no_load	5	6	0.521159009103	0.606613029227	5	493	0	
240	0	30	step_1_no_load	1	2	1	484	
240	0	30	step_2_no_load	3	4	0.610227092493	0.574272497114	4	1035	1	
240	0	31	step_1_no_load	1	2	1	450	
240	0	31	step_2_no_load	3	4	0.606122691795	0.541819886458	4	662	0	
240	0	32	step_1_no_load	1	2	2	220	
240	0	32	step_2_no_load	3	4	0.605616211083	0.522993086096	4	717	0	
240	0	33	step_1_no_load	1	2	2	330	
240	0	33	step_2_no_load	5	6	0.487664344039	0.611700032906	5	389	1	
240	0	34	step_1_no_load	1	2	2	246	
240	0	34	step_2_no_load	5	6	0.454565258478	0.575802910074	5	517	1	
240	0	35	step_1_no_load	1	2	2	578	
240	0	35	step_2_no_load	3	4	0.649776015006	0.594167768198	3	1076	0	
240	0	36	step_1_no_load	1	2	1	0	
240	0	36	step_2_no_load	3	4	0.661229326326	0.611274573488	4	844	1	
240	0	37	step_1_no_load	1	2	1	491	
240	0	37	step_2_no_load	5	6	0.543074626387	0.513822304161	6	1004	1	
240	0	38	step_1_no_load	1	2	1	396	
240	0	38	step_2_no_load	3	4	0.651263699161	0.595113730206	4	558	1	
240	0	39	step_1_no_load	1	2	1	270	
240	0	39	step_2_no_load	3	4	0.634483337633	0.610601635554	4	429	1	
240	0	40	step_1_no_load	1	2	1	499	
240	0	40	step_2_no_load	3	4	0.636994900683	0.607992802154	4	468	1	
240	0	41	step_1_no_load	1	2	1	421	
240	0	41	step_2_no_load	3	4	0.633285941184	0.588857868869	4	556	1	
240	0	42	step_1_no_load	1	2	2	299	
240	0	42	step_2_no_load	5	6	0.553461946234	0.533857158543	6	556	1	
240	0	43	step_1_no_load	1	2	2	223	
240	0	43	step_2_no_load	5	6	0.548128010644	0.553703096215	6	474	1	
240	0	44	step_1_no_load	1	2	2	711	
240	0	44	step_2_no_load	5	6	0.537842745081	0.541854396676	6	589	1	
240	0	45	step_1_no_load	1	2	2	443	
240	0	45	step_2_no_load	5	6	0.5288039409	0.579346234508	6	517	0	
240	0	46	step_1_no_load	1	2	1	373	
240	0	46	step_2_no_load	5	6	0.532238720495	0.55511883717	5	493	1	
240	0	47	step_1_no_load	1	2	1	252	
240	0	47	step_2_no_load	5	6	0.493112702321	0.546259467838	5	449	0	
240	0	48	step_1_no_load	1	2	1	278	
240	0	48	step_2_no_load	3	4	0.657624935632	0.615767119776	4	649	0	
240	0	49	step_1_no_load	1	2	1	267	
240	0	49	step_2_no_load	5	6	0.489287375157	0.512405963374	5	385	1	
240	0	50	step_1_no_load	1	2	1	324	
240	0	50	step_2_no_load	5	6	0.47381367271	0.481616544184	5	462	1	
240	0	51	step_1_no_load	1	2	1	550	
240	0	51	step_2_no_load	5	6	0.469943944943	0.508197321577	5	596	1	
240	0	52	step_1_no_load	1	2	1	573	
240	0	52	step_2_no_load	5	6	0.429622901875	0.513589895419	5	452	0	
240	0	53	step_1_no_load	1	2	2	273	
240	0	53	step_2_no_load	5	6	0.451905460347	0.475342927439	5	817	0	
240	0	54	step_1_no_load	1	2	2	296	
240	0	54	step_2_no_load	3	4	0.652515308527	0.570223904064	3	1022	0	
240	0	55	step_1_no_load	1	2	2	395	
240	0	55	step_2_no_load	5	6	0.487025527704	0.526704292526	6	864	1	
240	0	56	step_1_no_load	1	2	2	327	
240	0	56	step_2_no_load	3	4	0.60038825769	0.601856598146	4	584	1	
240	0	57	step_1_no_load	1	2	2	280	
240	0	57	step_2_no_load	5	6	0.466449077359	0.516475618243	6	684	0	
240	0	58	step_1_no_load	1	2	1	231	
240	0	58	step_2_no_load	3	4	0.610896130115	0.664682809182	3	590	0	
240	0	59	step_1_no_load	1	2	1	267	
240	0	59	step_2_no_load	3	4	0.608951267756	0.632500293208	4	437	0	
240	0	60	step_1_no_load	1	2	2	259	
240	0	60	step_2_no_load	3	4	0.599559577859	0.623687406259	3	988	1	
240	0	61	step_1_no_load	1	2	2	406	
240	0	61	step_2_no_load	5	6	0.464268875813	0.527144452559	5	331	0	
240	0	62	step_1_no_load	1	2	2	524	
240	0	62	step_2_no_load	3	4	0.622820395113	0.691137204746	3	798	1	
240	0	63	step_1_no_load	1	2	2	561	
240	0	63	step_2_no_load	5	6	0.53192660365	0.519445130796	5	487	0	
240	0	64	step_1_no_load	1	2	2	744	
240	0	64	step_2_no_load	3	4	0.626149195169	0.642369708469	3	695	0	
240	0	65	step_1_no_load	1	2	1	284	
240	0	65	step_2_no_load	5	6	0.569109504048	0.517687993213	6	424	1	
240	0	66	step_1_no_load	1	2	1	242	
240	0	66	step_2_no_load	3	4	0.630357351236	0.606938648072	4	339	1	
240	0	67	step_1_no_load	1	2	1	347	
240	0	67	step_2_no_load	3	4	0.674463681351	0.597650193897	4	528	0	
240	0	68	step_1_no_load	1	2	1	590	
240	0	68	step_2_no_load	3	4	0.719455209845	0.622963076372	3	639	1	
240	0	69	step_1_no_load	1	2	1	255	
240	0	69	step_2_no_load	3	4	0.718756538957	0.622221685203	3	437	1	
240	0	70	step_1_no_load	1	2	1	352	
240	0	70	step_2_no_load	3	4	0.697741832068	0.637556284465	3	677	0	
240	0	71	step_1_no_load	1	2	2	748	
240	0	71	step_2_no_load	5	6	0.482863323776	0.546215110045	5	744	0	
240	0	72	step_1_no_load	1	2	2	276	
240	0	72	step_2_no_load	3	4	0.705884789502	0.626024641967	4	402	1	
240	0	73	step_1_no_load	1	2	2	271	
240	0	73	step_2_no_load	5	6	0.435957313805	0.50185699984	5	805	0	
240	0	74	step_1_no_load	1	2	2	345	
240	0	74	step_2_no_load	5	6	0.453420386428	0.491044983779	6	598	1	
240	0	75	step_1_no_load	1	2	2	283	
240	0	75	step_2_no_load	5	6	0.44832280175	0.483983914712	6	448	0	
240	0	76	step_1_no_load	1	2	1	470	
240	0	76	step_2_no_load	3	4	0.690117652944	0.62770291155	3	599	0	
240	0	77	step_1_no_load	1	2	1	222	
240	0	77	step_2_no_load	3	4	0.679737625371	0.564257587118	4	424	0	
240	0	78	step_1_no_load	1	2	2	270	
240	0	78	step_2_no_load	3	4	0.647586191228	0.536711448352	4	1143	1	
240	0	79	step_1_no_load	1	2	2	401	
240	0	79	step_2_no_load	5	6	0.389124152368	0.540085062695	6	734	0	
240	0	80	step_1_no_load	1	2	2	246	
240	0	80	step_2_no_load	5	6	0.396016175285	0.49921021142	5	697	0	
240	0	81	step_1_no_load	1	2	1	245	
240	0	81	step_2_no_load	3	4	0.702400933084	0.529745690463	3	875	0	
240	0	82	step_1_no_load	1	2	1	281	
240	0	82	step_2_no_load	3	4	0.688340116885	0.564729328387	4	866	1	
240	0	83	step_1_no_load	1	2	1	286	
240	0	83	step_2_no_load	3	4	0.726885136842	0.607907985871	4	694	1	
240	0	84	step_1_no_load	1	2	1	421	
240	0	84	step_2_no_load	3	4	0.731466635793	0.65843840156	4	469	0	
240	0	85	step_1_no_load	1	2	1	556	
240	0	85	step_2_no_load	5	6	0.384458259121	0.485785534744	6	1435	0	
240	0	86	step_1_no_load	1	2	1	227	
240	0	86	step_2_no_load	3	4	0.721207648497	0.691782850001	-1	-1	-1	
240	0	87	step_1_no_load	1	2	1	231	
240	0	87	step_2_no_load	3	4	0.690012761069	0.719375344246	3	264	1	
240	0	88	step_1_no_load	1	2	1	240	
240	0	88	step_2_no_load	3	4	0.696773608304	0.717410082358	3	351	1	
240	0	89	step_1_no_load	1	2	1	246	
240	0	89	step_2_no_load	5	6	0.415882489686	0.490019385174	6	820	0	
240	0	90	step_1_no_load	1	2	1	261	
240	0	90	step_2_no_load	3	4	0.688736868033	0.712247848046	4	792	1	
240	0	91	step_1_no_load	1	2	1	285	
240	0	91	step_2_no_load	3	4	0.657820521772	0.685023809334	4	545	0	
240	0	92	step_1_no_load	1	2	1	541	
240	0	92	step_2_no_load	3	4	0.679381608313	0.692406274724	3	461	1	
240	0	93	step_1_no_load	1	2	1	373	
240	0	93	step_2_no_load	5	6	0.439878153082	0.473273727684	6	957	0	
240	0	94	step_1_no_load	1	2	1	254	
240	0	94	step_2_no_load	3	4	0.668295023896	0.719464414227	3	375	1	
240	0	95	step_1_no_load	1	2	1	312	
240	0	95	step_2_no_load	3	4	0.640209855442	0.715495469274	4	602	1	
240	0	96	step_1_no_load	1	2	1	311	
240	0	96	step_2_no_load	5	6	0.383038640121	0.437558890646	6	697	0	
240	0	97	step_1_no_load	1	2	1	211	
240	0	97	step_2_no_load	5	6	0.392885664353	0.455601814112	5	363	0	
240	0	98	step_1_no_load	1	2	1	303	
240	0	98	step_2_no_load	3	4	0.646040060297	0.70287861952	3	593	0	
240	0	99	step_1_no_load	1	2	2	244	
240	0	99	step_2_no_load	5	6	0.397561363605	0.375249961522	5	698	1	
240	0	100	step_1_no_load	1	2	2	295	
240	0	100	step_2_no_load	5	6	0.4333505304	0.363162156005	5	275	1	
240	0	101	step_1_no_load	1	2	2	252	
240	0	101	step_2_no_load	5	6	0.497432607584	0.366879421891	6	361	1	
240	0	102	step_1_no_load	1	2	2	356	
240	0	102	step_2_no_load	5	6	0.494584754513	0.326080462175	5	751	0	
240	0	103	step_1_no_load	1	2	1	224	
240	0	103	step_2_no_load	3	4	0.69058998368	0.663997796029	3	478	1	
240	0	104	step_1_no_load	1	2	1	274	
240	0	104	step_2_no_load	5	6	0.521047445908	0.303696146503	5	402	0	
240	0	105	step_1_no_load	1	2	1	440	
240	0	105	step_2_no_load	5	6	0.514318365187	0.352639603242	6	740	1	
240	0	106	step_1_no_load	1	2	1	312	
240	0	106	step_2_no_load	3	4	0.699623252899	0.712883638252	3	844	1	
240	0	107	step_1_no_load	1	2	1	426	
240	0	107	step_2_no_load	5	6	0.565220528809	0.388257337796	6	568	0	
240	0	108	step_1_no_load	1	2	1	237	
240	0	108	step_2_no_load	3	4	0.681491063126	0.695928523711	3	768	0	
240	0	109	step_1_no_load	1	2	2	223	
240	0	109	step_2_no_load	5	6	0.479977531501	0.372328831887	5	835	0	
240	0	110	step_1_no_load	1	2	2	399	
240	0	110	step_2_no_load	5	6	0.432626681236	0.395544455384	6	742	0	
240	0	111	step_1_no_load	1	2	1	329	
240	0	111	step_2_no_load	5	6	0.384948378665	0.407158158569	5	459	0	
240	0	112	step_1_no_load	1	2	1	234	
240	0	112	step_2_no_load	3	4	0.635252945963	0.725701866094	3	844	0	
240	0	113	step_1_no_load	1	2	1	220	
240	0	113	step_2_no_load	3	4	0.634627459817	0.719324307956	4	716	1	
240	0	114	step_1_no_load	1	2	1	254	
240	0	114	step_2_no_load	3	4	0.657654904272	0.718213323791	4	637	1	
240	0	115	step_1_no_load	1	2	1	425	
240	0	115	step_2_no_load	3	4	0.645721217949	0.739704344621	3	891	0	
240	0	116	step_1_no_load	1	2	1	237	
240	0	116	step_2_no_load	5	6	0.378149844807	0.369438791876	5	1040	0	
240	0	117	step_1_no_load	1	2	1	286	
240	0	117	step_2_no_load	3	4	0.671842537277	0.747012267642	4	913	1	
240	0	118	step_1_no_load	1	2	1	407	
240	0	118	step_2_no_load	3	4	0.690484235012	0.740051715856	4	395	1	
240	0	119	step_1_no_load	1	2	1	292	
240	0	119	step_2_no_load	5	6	0.357515098446	0.358243439099	5	700	1	
240	0	120	step_1_no_load	1	2	1	361	
240	0	120	step_2_no_load	5	6	0.370150243662	0.333809617664	5	1077	0	
240	0	121	step_1_no_load	1	2	1	215	
240	0	121	step_2_no_load	3	4	0.671052306195	0.658856304095	4	452	1	
240	0	122	step_1_no_load	1	2	1	500	
240	0	122	step_2_no_load	3	4	0.672193618854	0.6136886145	4	338	1	
240	0	123	step_1_no_load	1	2	1	298	
240	0	123	step_2_no_load	3	4	0.664849878232	0.583607229978	3	765	0	
240	0	124	step_1_no_load	1	2	1	560	
240	0	124	step_2_no_load	3	4	0.624161788269	0.603013298253	3	1062	1	
240	0	125	step_1_no_load	1	2	1	406	
240	0	125	step_2_no_load	5	6	0.303110862715	0.290374841566	6	795	1	
240	0	126	step_1_no_load	1	2	1	237	
240	0	126	step_2_no_load	3	4	0.600985760967	0.537863824328	3	837	1	
240	0	127	step_1_no_load	1	2	1	472	
240	0	127	step_2_no_load	3	4	0.646945556251	0.560824094575	3	862	0	
240	0	128	step_1_no_load	1	2	2	216	
240	0	128	step_2_no_load	5	6	0.250790232267	0.260252451606	6	810	0	
240	0	129	step_1_no_load	1	2	1	260	
240	0	129	step_2_no_load	3	4	0.632682846317	0.685297910719	4	531	0	
240	0	130	step_1_no_load	1	2	2	520	
240	0	130	step_2_no_load	5	6	0.274560758494	0.267460866951	6	880	0	
240	0	131	step_1_no_load	1	2	2	245	
240	0	131	step_2_no_load	3	4	0.638450601212	0.678044920845	4	788	0	
240	0	132	step_1_no_load	1	2	2	288	
240	0	132	step_2_no_load	5	6	0.315328810424	0.27986961048	5	373	0	
240	0	133	step_1_no_load	1	2	1	210	
240	0	133	step_2_no_load	5	6	0.312642735495	0.315608831386	6	426	0	
240	0	134	step_1_no_load	1	2	1	233	
240	0	134	step_2_no_load	5	6	0.302839427162	0.287393715313	5	258	1	
240	0	135	step_1_no_load	1	2	1	684	
240	0	135	step_2_no_load	3	4	0.700779221781	0.593710006149	3	401	0	
240	0	136	step_1_no_load	1	2	1	517	
240	0	136	step_2_no_load	5	6	0.284521085726	0.307766925452	5	580	0	
240	0	137	step_1_no_load	1	2	2	226	
240	0	137	step_2_no_load	3	4	0.668540846495	0.605896884497	3	1021	1	
240	0	138	step_1_no_load	1	2	2	553	
240	0	138	step_2_no_load	5	6	0.307694123906	0.366701525561	6	855	0	
240	0	139	step_1_no_load	1	2	1	653	
240	0	139	step_2_no_load	3	4	0.696355985729	0.636630981281	3	708	1	
240	0	140	step_1_no_load	1	2	2	769	
240	0	140	step_2_no_load	5	6	0.328174526491	0.348740542008	6	930	0	
240	0	141	step_1_no_load	1	2	2	414	
240	0	141	step_2_no_load	5	6	0.311809871418	0.390227133375	5	463	0	
240	0	142	step_1_no_load	1	2	1	223	
240	0	142	step_2_no_load	3	4	0.627356259123	0.690276058009	3	466	0	
240	0	143	step_1_no_load	1	2	1	224	
240	0	143	step_2_no_load	3	4	0.610219102298	0.661365099615	3	679	0	
240	0	144	step_1_no_load	1	2	1	282	
240	0	144	step_2_no_load	5	6	0.275932517017	0.389234194056	5	734	0	
240	0	145	step_1_no_load	1	2	2	317	
240	0	145	step_2_no_load	5	6	0.266265924094	0.355256413269	6	723	1	
240	0	146	step_1_no_load	1	2	2	233	
240	0	146	step_2_no_load	3	4	0.593778463268	0.681611991725	4	378	0	
240	0	147	step_1_no_load	1	2	2	416	
240	0	147	step_2_no_load	3	4	0.594861186319	0.647798886916	3	966	0	
240	0	148	step_1_no_load	1	2	2	802	
240	0	148	step_2_no_load	5	6	0.305288021243	0.311162711725	6	584	1	
240	0	149	step_1_no_load	1	2	1	296	
240	0	149	step_2_no_load	3	4	0.623203869836	0.601870110183	3	667	1	
240	0	150	step_1_no_load	1	2	1	605	
240	0	150	step_2_no_load	5	6	0.305587692243	0.306860041627	5	488	0	
240	0	151	step_1_no_load	1	2	1	593	
240	0	151	step_2_no_load	5	6	0.348172164421	0.310557101463	6	669	0	
240	0	152	step_1_no_load	1	2	2	295	
240	0	152	step_2_no_load	3	4	0.644204174791	0.595108765344	3	651	1	
240	0	153	step_1_no_load	1	2	2	218	
240	0	153	step_2_no_load	5	6	0.309356532263	0.343622632154	6	708	1	
240	0	154	step_1_no_load	1	2	2	224	
240	0	154	step_2_no_load	5	6	0.316375537537	0.348349389262	6	912	1	
240	0	155	step_1_no_load	1	2	2	364	
240	0	155	step_2_no_load	5	6	0.296093457977	0.372188990474	5	1082	0	
240	0	156	step_1_no_load	1	2	2	393	
240	0	156	step_2_no_load	5	6	0.32564867104	0.368378667812	6	936	0	
240	0	157	step_1_no_load	1	2	2	381	
240	0	157	step_2_no_load	3	4	0.720725456325	0.585191807512	3	711	0	
240	0	158	step_1_no_load	1	2	1	268	
240	0	158	step_2_no_load	5	6	0.408728803896	0.334595868098	6	899	0	
240	0	159	step_1_no_load	1	2	1	296	
240	0	159	step_2_no_load	3	4	0.697903160072	0.541222065796	3	835	1	
240	0	160	step_1_no_load	1	2	1	265	
240	0	160	step_2_no_load	3	4	0.710728171711	0.521229931064	3	418	1	
240	0	161	step_1_no_load	1	2	2	222	
240	0	161	step_2_no_load	5	6	0.407025633682	0.438878285506	6	698	0	
240	0	162	step_1_no_load	1	2	1	223	
240	0	162	step_2_no_load	3	4	0.695144769903	0.566496468084	3	534	1	
240	0	163	step_1_no_load	1	2	1	228	
240	0	163	step_2_no_load	3	4	0.697095951435	0.5863391277	3	543	1	
240	0	164	step_1_no_load	1	2	2	251	
240	0	164	step_2_no_load	5	6	0.432761720497	0.430844125626	5	751	1	
240	0	165	step_1_no_load	1	2	1	262	
240	0	165	step_2_no_load	3	4	0.717506143195	0.538026607649	3	426	1	
240	0	166	step_1_no_load	1	2	1	282	
240	0	166	step_2_no_load	3	4	0.686594248975	0.549095060025	3	407	0	
240	0	167	step_1_no_load	1	2	2	224	
240	0	167	step_2_no_load	3	4	0.706271792549	0.585131062446	3	637	1	
240	0	168	step_1_no_load	1	2	2	214	
240	0	168	step_2_no_load	3	4	0.67192508984	0.613361520676	3	537	0	
240	0	169	step_1_no_load	1	2	1	256	
240	0	169	step_2_no_load	5	6	0.42098542374	0.365156560071	5	588	1	
240	0	170	step_1_no_load	1	2	1	281	
240	0	170	step_2_no_load	3	4	0.67334314737	0.57151385403	3	731	1	
240	0	171	step_1_no_load	1	2	1	245	
240	0	171	step_2_no_load	5	6	0.386979310814	0.425122034074	5	706	0	
240	0	172	step_1_no_load	1	2	2	346	
240	0	172	step_2_no_load	5	6	0.363617002148	0.490120307546	5	877	1	
240	0	173	step_1_no_load	1	2	2	285	
240	0	173	step_2_no_load	3	4	0.667027212577	0.484428109849	3	654	1	
240	0	174	step_1_no_load	1	2	1	226	
240	0	174	step_2_no_load	3	4	0.729877433725	0.472729524832	3	547	1	
240	0	175	step_1_no_load	1	2	1	261	
240	0	175	step_2_no_load	5	6	0.426185553904	0.484825491933	5	677	0	
240	0	176	step_1_no_load	1	2	2	336	
240	0	176	step_2_no_load	3	4	0.679250000396	0.474046874473	3	734	1	
240	0	177	step_1_no_load	1	2	1	404	
240	0	177	step_2_no_load	3	4	0.714070205704	0.501268576771	3	1100	1	
240	0	178	step_1_no_load	1	2	2	313	
240	0	178	step_2_no_load	5	6	0.36473828006	0.49020858644	5	640	0	
240	0	179	step_1_no_load	1	2	2	674	
240	0	179	step_2_no_load	5	6	0.324685418097	0.493565996034	6	1014	1	
240	0	180	step_1_no_load	1	2	2	779	
240	0	180	step_2_no_load	5	6	0.341214611607	0.489345734128	6	1035	0	
240	0	181	step_1_no_load	1	2	1	225	
240	0	181	step_2_no_load	3	4	0.746910336326	0.508735114046	3	923	1	
240	0	182	step_1_no_load	1	2	1	231	
240	0	182	step_2_no_load	3	4	0.72717560423	0.506773281362	3	641	1	
240	0	183	step_1_no_load	1	2	1	509	
240	0	183	step_2_no_load	3	4	0.720388040749	0.502991759047	3	614	1	
240	0	184	step_1_no_load	1	2	1	492	
240	0	184	step_2_no_load	3	4	0.657291439324	0.460890977786	3	774	0	
240	0	185	step_1_no_load	1	2	2	220	
240	0	185	step_2_no_load	5	6	0.362611152222	0.482228039858	6	1122	0	
240	0	186	step_1_no_load	1	2	2	479	
240	0	186	step_2_no_load	5	6	0.332733011923	0.484672582719	5	487	0	
240	0	187	step_1_no_load	1	2	1	107	
240	0	187	step_2_no_load	3	4	0.678211978625	0.443962917772	3	585	1	
240	0	188	step_1_no_load	1	2	1	862	
240	0	188	step_2_no_load	3	4	0.696362660087	0.471319680586	3	546	0	
240	0	189	step_1_no_load	1	2	1	199	
240	0	189	step_2_no_load	3	4	0.688353284054	0.448897869069	3	560	1	
240	0	190	step_1_no_load	1	2	2	311	
240	0	190	step_2_no_load	5	6	0.304557739386	0.505820429042	6	1021	1	
240	0	191	step_1_no_load	1	2	2	420	
240	0	191	step_2_no_load	5	6	0.318839908867	0.512103523931	6	483	1	
240	0	192	step_1_no_load	1	2	1	426	
240	0	192	step_2_no_load	5	6	0.299297135717	0.493851022417	6	1030	1	
240	0	193	step_1_no_load	1	2	1	410	
240	0	193	step_2_no_load	5	6	0.321008037746	0.504944704439	6	481	0	
240	0	194	step_1_no_load	1	2	1	252	
240	0	194	step_2_no_load	3	4	0.655261361454	0.433250459893	3	405	1	
240	0	195	step_1_no_load	1	2	1	229	
240	0	195	step_2_no_load	3	4	0.646280688878	0.466795336969	3	575	0	
240	0	196	step_1_no_load	1	2	1	238	
240	0	196	step_2_no_load	3	4	0.695101215304	0.421761207498	4	761	1	
240	0	197	step_1_no_load	1	2	1	799	
240	0	197	step_2_no_load	3	4	0.686552522522	0.422511153127	4	486	1	
240	0	198	step_1_no_load	1	2	1	211	
240	0	198	step_2_no_load	3	4	0.68660989813	0.397292432346	3	538	1	
240	0	199	step_1_no_load	1	2	1	210	
240	0	199	step_2_no_load	3	4	0.73697129762	0.39793773834	3	454	1	
240	0	200	step_1_no_load	1	2	2	292	
240	0	200	step_2_no_load	5	6	0.299128796668	0.507902534353	5	450	0	

Mon May 27 15:06:33 2019
