Wed May 29 14:51:02 2019	
241	0	1	step_1_no_load	1	2	1	797	
241	0	1	step_2_no_load	5	6	0.511789129507	0.594299910136	5	916	1	
241	0	2	step_1_no_load	1	2	1	614	
241	0	2	step_2_no_load	3	4	0.580156942153	0.474613197709	3	1013	0	
241	0	3	step_1_no_load	1	2	1	622	
241	0	3	step_2_no_load	3	4	0.584197065669	0.476767372206	4	915	0	
241	0	4	step_1_no_load	1	2	1	737	
241	0	4	step_2_no_load	3	4	0.597491569846	0.478607661228	3	811	0	
241	0	5	step_1_no_load	1	2	2	654	
241	0	5	step_2_no_load	5	6	0.543908521457	0.576104915614	5	885	1	
241	0	6	step_1_no_load	1	2	2	919	
241	0	6	step_2_no_load	3	4	0.585722686883	0.506877622204	3	1338	1	
241	0	7	step_1_no_load	1	2	1	1067	
241	0	7	step_2_no_load	3	4	0.568656746487	0.500071913476	3	1037	0	
241	0	8	step_1_no_load	1	2	2	604	
241	0	8	step_2_no_load	5	6	0.499203529332	0.624210374623	5	794	1	
241	0	9	step_1_no_load	1	2	2	710	
241	0	9	step_2_no_load	3	4	0.598049061473	0.496546708465	4	1106	1	
241	0	10	step_1_no_load	1	2	1	802	
241	0	10	step_2_no_load	5	6	0.576063520885	0.636063269715	6	848	0	
241	0	11	step_1_no_load	1	2	2	575	
241	0	11	step_2_no_load	5	6	0.59022801242	0.609191465743	5	980	1	
241	0	12	step_1_no_load	1	2	2	754	
241	0	12	step_2_no_load	5	6	0.597131918027	0.552770607849	5	886	1	
241	0	13	step_1_no_load	1	2	2	590	
241	0	13	step_2_no_load	3	4	0.653587098421	0.52012981853	3	1092	0	
241	0	14	step_1_no_load	1	2	2	523	
241	0	14	step_2_no_load	5	6	0.611256675753	0.545555696267	5	855	1	
241	0	15	step_1_no_load	1	2	2	659	
241	0	15	step_2_no_load	5	6	0.633564630036	0.570419113221	5	724	0	
241	0	16	step_1_no_load	1	2	2	632	
241	0	16	step_2_no_load	3	4	0.628091198119	0.510958036527	4	956	1	
241	0	17	step_1_no_load	1	2	1	785	
241	0	17	step_2_no_load	3	4	0.633350170016	0.535958400205	4	1286	1	
241	0	18	step_1_no_load	1	2	2	741	
241	0	18	step_2_no_load	3	4	0.626834332012	0.517514133912	3	1022	0	
241	0	19	step_1_no_load	1	2	2	538	
241	0	19	step_2_no_load	5	6	0.644773170243	0.536502319591	5	1345	0	
241	0	20	step_1_no_load	1	2	2	499	
241	0	20	step_2_no_load	5	6	0.60665343963	0.491720931314	5	517	0	
241	0	21	step_1_no_load	1	2	2	547	
241	0	21	step_2_no_load	5	6	0.611328949295	0.470207377245	5	547	0	
241	0	22	step_1_no_load	1	2	2	470	
241	0	22	step_2_no_load	5	6	0.618527126547	0.468700882609	6	674	0	
241	0	23	step_1_no_load	1	2	2	399	
241	0	23	step_2_no_load	5	6	0.604065470975	0.513759772011	5	547	1	
241	0	24	step_1_no_load	1	2	2	447	
241	0	24	step_2_no_load	5	6	0.5800912085	0.503316199018	5	720	0	
241	0	25	step_1_no_load	1	2	2	384	
241	0	25	step_2_no_load	5	6	0.629917901014	0.503605105412	6	739	0	
241	0	26	step_1_no_load	1	2	2	227	
241	0	26	step_2_no_load	5	6	0.640635035276	0.532884212818	6	546	0	
241	0	27	step_1_no_load	1	2	2	359	
241	0	27	step_2_no_load	5	6	0.642144756622	0.54756089792	5	614	1	
241	0	28	step_1_no_load	1	2	2	391	
241	0	28	step_2_no_load	3	4	0.588356036098	0.520177259699	4	838	0	
241	0	29	step_1_no_load	1	2	1	408	
241	0	29	step_2_no_load	3	4	0.606613029227	0.521159009103	3	762	0	
241	0	30	step_1_no_load	1	2	2	323	
241	0	30	step_2_no_load	5	6	0.610227092493	0.574272497114	5	495	0	
241	0	31	step_1_no_load	1	2	2	413	
241	0	31	step_2_no_load	3	4	0.636602545794	0.483156722265	3	732	0	
241	0	32	step_1_no_load	1	2	2	369	
241	0	32	step_2_no_load	5	6	0.605616211083	0.522993086096	5	616	1	
241	0	33	step_1_no_load	1	2	2	363	
241	0	33	step_2_no_load	5	6	0.618000238621	0.542309898544	6	1095	1	
241	0	34	step_1_no_load	1	2	1	385	
241	0	34	step_2_no_load	3	4	0.575802910074	0.454565258478	3	637	0	
241	0	35	step_1_no_load	1	2	1	296	
241	0	35	step_2_no_load	3	4	0.566827313385	0.491437207585	4	545	0	
241	0	36	step_1_no_load	1	2	1	275	
241	0	36	step_2_no_load	3	4	0.527635087561	0.513210053121	4	968	1	
241	0	37	step_1_no_load	1	2	2	291	
241	0	37	step_2_no_load	3	4	0.513822304161	0.543074626387	4	967	0	
241	0	38	step_1_no_load	1	2	2	350	
241	0	38	step_2_no_load	5	6	0.651263699161	0.595113730206	5	537	1	
241	0	39	step_1_no_load	1	2	1	399	
241	0	39	step_2_no_load	5	6	0.634483337633	0.610601635554	6	847	1	
241	0	40	step_1_no_load	1	2	1	459	
241	0	40	step_2_no_load	5	6	0.636994900683	0.607992802154	6	502	1	
241	0	41	step_1_no_load	1	2	2	360	
241	0	41	step_2_no_load	5	6	0.633285941184	0.588857868869	5	445	1	
241	0	42	step_1_no_load	1	2	2	446	
241	0	42	step_2_no_load	5	6	0.606696263624	0.609164606591	5	628	1	
241	0	43	step_1_no_load	1	2	2	344	
241	0	43	step_2_no_load	5	6	0.581931546759	0.612705031264	5	566	1	
241	0	44	step_1_no_load	1	2	2	262	
241	0	44	step_2_no_load	5	6	0.589653131867	0.611481438855	5	623	1	
241	0	45	step_1_no_load	1	2	1	324	
241	0	45	step_2_no_load	3	4	0.579346234508	0.5288039409	4	596	1	
241	0	46	step_1_no_load	1	2	2	387	
241	0	46	step_2_no_load	5	6	0.654261318712	0.600964500555	5	598	1	
241	0	47	step_1_no_load	1	2	2	287	
241	0	47	step_2_no_load	5	6	0.634373567175	0.598724660986	5	520	1	
241	0	48	step_1_no_load	1	2	1	259	
241	0	48	step_2_no_load	3	4	0.534690828011	0.488280685105	4	388	1	
241	0	49	step_1_no_load	1	2	1	398	
241	0	49	step_2_no_load	3	4	0.512405963374	0.489287375157	4	634	1	
241	0	50	step_1_no_load	1	2	2	458	
241	0	50	step_2_no_load	5	6	0.593458480934	0.606862017918	5	452	1	
241	0	51	step_1_no_load	1	2	2	436	
241	0	51	step_2_no_load	3	4	0.508197321577	0.469943944943	3	703	0	
241	0	52	step_1_no_load	1	2	1	294	
241	0	52	step_2_no_load	3	4	0.513589895419	0.429622901875	4	369	1	
241	0	53	step_1_no_load	1	2	2	279	
241	0	53	step_2_no_load	5	6	0.630956764252	0.551457882502	5	463	1	
241	0	54	step_1_no_load	1	2	1	371	
241	0	54	step_2_no_load	3	4	0.493362545513	0.491512498697	4	674	1	
241	0	55	step_1_no_load	1	2	2	415	
241	0	55	step_2_no_load	5	6	0.639840796975	0.574045915747	5	590	0	
241	0	56	step_1_no_load	1	2	1	351	
241	0	56	step_2_no_load	3	4	0.538512915562	0.459773408493	4	425	0	
241	0	57	step_1_no_load	1	2	2	416	
241	0	57	step_2_no_load	5	6	0.586335094239	0.641849303307	5	781	1	
241	0	58	step_1_no_load	1	2	2	411	
241	0	58	step_2_no_load	5	6	0.610896130115	0.664682809182	6	783	1	
241	0	59	step_1_no_load	1	2	1	524	
241	0	59	step_2_no_load	3	4	0.537400760025	0.480274332693	4	765	1	
241	0	60	step_1_no_load	1	2	2	490	
241	0	60	step_2_no_load	5	6	0.599559577859	0.623687406259	5	592	0	
241	0	61	step_1_no_load	1	2	1	246	
241	0	61	step_2_no_load	3	4	0.527144452559	0.464268875813	4	363	0	
241	0	62	step_1_no_load	1	2	2	384	
241	0	62	step_2_no_load	5	6	0.622820395113	0.691137204746	5	550	0	
241	0	63	step_1_no_load	1	2	2	304	
241	0	63	step_2_no_load	3	4	0.519445130796	0.53192660365	4	868	1	
241	0	64	step_1_no_load	1	2	1	609	
241	0	64	step_2_no_load	3	4	0.533849886794	0.555062911513	4	658	1	
241	0	65	step_1_no_load	1	2	2	552	
241	0	65	step_2_no_load	5	6	0.619953360065	0.612660225018	5	666	0	
241	0	66	step_1_no_load	1	2	2	387	
241	0	66	step_2_no_load	5	6	0.630357351236	0.606938648072	5	530	1	
241	0	67	step_1_no_load	1	2	1	385	
241	0	67	step_2_no_load	5	6	0.674463681351	0.597650193897	6	422	0	
241	0	68	step_1_no_load	1	2	2	373	
241	0	68	step_2_no_load	5	6	0.719455209845	0.622963076372	5	385	1	
241	0	69	step_1_no_load	1	2	1	297	
241	0	69	step_2_no_load	5	6	0.718756538957	0.622221685203	6	348	0	
241	0	70	step_1_no_load	1	2	2	335	
241	0	70	step_2_no_load	5	6	0.697741832068	0.637556284465	5	308	1	
241	0	71	step_1_no_load	1	2	2	548	
241	0	71	step_2_no_load	5	6	0.706816191949	0.639174917797	5	603	1	
241	0	72	step_1_no_load	1	2	1	436	
241	0	72	step_2_no_load	3	4	0.556486305476	0.47409116389	4	452	0	
241	0	73	step_1_no_load	1	2	1	270	
241	0	73	step_2_no_load	3	4	0.50185699984	0.435957313805	4	576	0	
241	0	74	step_1_no_load	1	2	2	359	
241	0	74	step_2_no_load	3	4	0.491044983779	0.453420386428	3	603	1	
241	0	75	step_1_no_load	1	2	2	342	
241	0	75	step_2_no_load	5	6	0.697629587097	0.615552849174	5	582	1	
241	0	76	step_1_no_load	1	2	1	293	
241	0	76	step_2_no_load	5	6	0.690117652944	0.62770291155	5	490	0	
241	0	77	step_1_no_load	1	2	2	271	
241	0	77	step_2_no_load	5	6	0.679737625371	0.564257587118	6	534	1	
241	0	78	step_1_no_load	1	2	2	390	
241	0	78	step_2_no_load	5	6	0.647586191228	0.536711448352	5	414	0	
241	0	79	step_1_no_load	1	2	2	362	
241	0	79	step_2_no_load	5	6	0.647841624544	0.513695512795	5	489	0	
241	0	80	step_1_no_load	1	2	1	287	
241	0	80	step_2_no_load	3	4	0.49921021142	0.396016175285	3	799	0	
241	0	81	step_1_no_load	1	2	2	318	
241	0	81	step_2_no_load	5	6	0.702400933084	0.529745690463	6	352	0	
241	0	82	step_1_no_load	1	2	1	293	
241	0	82	step_2_no_load	3	4	0.482727017837	0.395813831323	4	757	0	
241	0	83	step_1_no_load	1	2	1	381	
241	0	83	step_2_no_load	5	6	0.726885136842	0.607907985871	5	371	1	
241	0	84	step_1_no_load	1	2	2	395	
241	0	84	step_2_no_load	5	6	0.731466635793	0.65843840156	5	497	1	
241	0	85	step_1_no_load	1	2	2	287	
241	0	85	step_2_no_load	3	4	0.485785534744	0.384458259121	3	500	0	
241	0	86	step_1_no_load	1	2	2	272	
241	0	86	step_2_no_load	5	6	0.721207648497	0.691782850001	6	293	1	
241	0	87	step_1_no_load	1	2	2	336	
241	0	87	step_2_no_load	3	4	0.493867001103	0.40000499778	3	427	1	
241	0	88	step_1_no_load	1	2	1	314	
241	0	88	step_2_no_load	5	6	0.696773608304	0.717410082358	6	461	1	
241	0	89	step_1_no_load	1	2	1	274	
241	0	89	step_2_no_load	3	4	0.490019385174	0.415882489686	3	395	1	
241	0	90	step_1_no_load	1	2	2	271	
241	0	90	step_2_no_load	3	4	0.530126112124	0.411459496853	4	402	1	
241	0	91	step_1_no_load	1	2	1	435	
241	0	91	step_2_no_load	3	4	0.479087223222	0.43534164751	3	545	1	
241	0	92	step_1_no_load	1	2	2	0	
241	0	92	step_2_no_load	5	6	0.679381608313	0.692406274724	6	364	0	
241	0	93	step_1_no_load	1	2	2	328	
241	0	93	step_2_no_load	5	6	0.662863370634	0.70415710998	5	495	1	
241	0	94	step_1_no_load	1	2	1	298	
241	0	94	step_2_no_load	5	6	0.668295023896	0.719464414227	6	607	1	
241	0	95	step_1_no_load	1	2	1	510	
241	0	95	step_2_no_load	3	4	0.42505578884	0.427150666411	4	383	0	
241	0	96	step_1_no_load	1	2	1	313	
241	0	96	step_2_no_load	5	6	0.663095813561	0.693739812506	6	400	0	
241	0	97	step_1_no_load	1	2	1	462	
241	0	97	step_2_no_load	3	4	0.455601814112	0.392885664353	3	566	1	
241	0	98	step_1_no_load	1	2	1	371	
241	0	98	step_2_no_load	5	6	0.646040060297	0.70287861952	6	419	1	
241	0	99	step_1_no_load	1	2	2	402	
241	0	99	step_2_no_load	5	6	0.645191748454	0.673709850038	5	481	0	
241	0	100	step_1_no_load	1	2	1	969	
241	0	100	step_2_no_load	3	4	0.363162156005	0.4333505304	4	899	0	
241	0	101	step_1_no_load	1	2	2	364	
241	0	101	step_2_no_load	3	4	0.366879421891	0.497432607584	4	334	0	
241	0	102	step_1_no_load	1	2	1	371	
241	0	102	step_2_no_load	3	4	0.326080462175	0.494584754513	4	357	1	
241	0	103	step_1_no_load	1	2	2	415	
241	0	103	step_2_no_load	3	4	0.322834495838	0.481975449893	3	410	0	
241	0	104	step_1_no_load	1	2	1	334	
241	0	104	step_2_no_load	3	4	0.303696146503	0.521047445908	4	465	1	
241	0	105	step_1_no_load	1	2	2	411	
241	0	105	step_2_no_load	5	6	0.722851301692	0.689135357059	5	320	1	
241	0	106	step_1_no_load	1	2	1	408	
241	0	106	step_2_no_load	3	4	0.374131494222	0.508908032404	4	518	0	
241	0	107	step_1_no_load	1	2	2	289	
241	0	107	step_2_no_load	3	4	0.388257337796	0.565220528809	4	415	1	
241	0	108	step_1_no_load	1	2	2	680	
241	0	108	step_2_no_load	3	4	0.388185708856	0.526955028982	3	500	0	
241	0	109	step_1_no_load	1	2	1	383	
241	0	109	step_2_no_load	5	6	0.68658494263	0.71632547018	6	363	0	
241	0	110	step_1_no_load	1	2	1	378	
241	0	110	step_2_no_load	3	4	0.395544455384	0.432626681236	4	423	1	
241	0	111	step_1_no_load	1	2	2	498	
241	0	111	step_2_no_load	3	4	0.407158158569	0.384948378665	4	627	1	
241	0	112	step_1_no_load	1	2	1	404	
241	0	112	step_2_no_load	3	4	0.413393106784	0.392887565883	4	597	1	
241	0	113	step_1_no_load	1	2	2	353	
241	0	113	step_2_no_load	5	6	0.634627459817	0.719324307956	5	350	0	
241	0	114	step_1_no_load	1	2	2	294	
241	0	114	step_2_no_load	3	4	0.384736699284	0.380324086676	4	661	0	
241	0	115	step_1_no_load	1	2	2	391	
241	0	115	step_2_no_load	5	6	0.645721217949	0.739704344621	5	803	0	
241	0	116	step_1_no_load	1	2	2	265	
241	0	116	step_2_no_load	3	4	0.369438791876	0.378149844807	3	950	1	
241	0	117	step_1_no_load	1	2	1	335	
241	0	117	step_2_no_load	5	6	0.671842537277	0.747012267642	6	551	1	
241	0	118	step_1_no_load	1	2	2	691	
241	0	118	step_2_no_load	5	6	0.690484235012	0.740051715856	6	806	1	
241	0	119	step_1_no_load	1	2	1	384	
241	0	119	step_2_no_load	5	6	0.661177321751	0.690424535099	6	469	1	
241	0	120	step_1_no_load	1	2	2	518	
241	0	120	step_2_no_load	5	6	0.666433355915	0.70587238626	6	494	0	
241	0	121	step_1_no_load	1	2	1	367	
241	0	121	step_2_no_load	5	6	0.671052306195	0.658856304095	6	547	1	
241	0	122	step_1_no_load	1	2	2	469	
241	0	122	step_2_no_load	5	6	0.672193618854	0.6136886145	6	505	0	
241	0	123	step_1_no_load	1	2	1	274	
241	0	123	step_2_no_load	3	4	0.269780614928	0.337526896345	4	726	1	
241	0	124	step_1_no_load	1	2	2	403	
241	0	124	step_2_no_load	3	4	0.26095206597	0.309430836661	4	975	0	
241	0	125	step_1_no_load	1	2	2	390	
241	0	125	step_2_no_load	5	6	0.633566302563	0.559596800931	6	405	1	
241	0	126	step_1_no_load	1	2	1	389	
241	0	126	step_2_no_load	5	6	0.600985760967	0.537863824328	6	592	1	
241	0	127	step_1_no_load	1	2	1	416	
241	0	127	step_2_no_load	3	4	0.273483952592	0.274944938508	4	424	0	
241	0	128	step_1_no_load	1	2	2	256	
241	0	128	step_2_no_load	5	6	0.620672334996	0.636905534066	6	423	0	
241	0	129	step_1_no_load	1	2	2	456	
241	0	129	step_2_no_load	5	6	0.632682846317	0.685297910719	6	371	0	
241	0	130	step_1_no_load	1	2	1	266	
241	0	130	step_2_no_load	5	6	0.630285316669	0.682031489739	6	596	1	
241	0	131	step_1_no_load	1	2	2	723	
241	0	131	step_2_no_load	5	6	0.638450601212	0.678044920845	5	549	1	
241	0	132	step_1_no_load	1	2	2	425	
241	0	132	step_2_no_load	5	6	0.660013924697	0.668578020634	6	501	0	
241	0	133	step_1_no_load	1	2	1	376	
241	0	133	step_2_no_load	3	4	0.315608831386	0.312642735495	4	548	1	
241	0	134	step_1_no_load	1	2	2	380	
241	0	134	step_2_no_load	5	6	0.685529359147	0.621945110858	5	597	0	
241	0	135	step_1_no_load	1	2	2	661	
241	0	135	step_2_no_load	3	4	0.300079459047	0.287118934166	4	596	0	
241	0	136	step_1_no_load	1	2	2	408	
241	0	136	step_2_no_load	5	6	0.674914008636	0.597814413435	6	509	1	
241	0	137	step_1_no_load	1	2	1	282	
241	0	137	step_2_no_load	3	4	0.346433498467	0.325016613024	4	534	0	
241	0	138	step_1_no_load	1	2	2	268	
241	0	138	step_2_no_load	5	6	0.688182193337	0.63240964674	6	407	1	
241	0	139	step_1_no_load	1	2	1	371	
241	0	139	step_2_no_load	3	4	0.325611400511	0.323660750961	3	445	1	
241	0	140	step_1_no_load	1	2	2	299	
241	0	140	step_2_no_load	5	6	0.637682840728	0.671213945178	6	415	1	
241	0	141	step_1_no_load	1	2	1	553	
241	0	141	step_2_no_load	3	4	0.390227133375	0.311809871418	3	491	1	
241	0	142	step_1_no_load	1	2	2	313	
241	0	142	step_2_no_load	3	4	0.397052682821	0.304203281606	3	741	0	
241	0	143	step_1_no_load	1	2	2	336	
241	0	143	step_2_no_load	5	6	0.610219102298	0.661365099615	6	560	1	
241	0	144	step_1_no_load	1	2	1	760	
241	0	144	step_2_no_load	3	4	0.389234194056	0.275932517017	3	759	0	
241	0	145	step_1_no_load	1	2	2	331	
241	0	145	step_2_no_load	5	6	0.606515632748	0.6669125229	6	426	1	
241	0	146	step_1_no_load	1	2	1	339	
241	0	146	step_2_no_load	5	6	0.593778463268	0.681611991725	6	549	1	
241	0	147	step_1_no_load	1	2	2	326	
241	0	147	step_2_no_load	5	6	0.594861186319	0.647798886916	6	491	1	
241	0	148	step_1_no_load	1	2	1	315	
241	0	148	step_2_no_load	3	4	0.311162711725	0.305288021243	3	873	0	
241	0	149	step_1_no_load	1	2	2	352	
241	0	149	step_2_no_load	3	4	0.300290206122	0.269951834184	4	651	0	
241	0	150	step_1_no_load	1	2	1	349	
241	0	150	step_2_no_load	3	4	0.306860041627	0.305587692243	4	405	0	
241	0	151	step_1_no_load	1	2	1	262	
241	0	151	step_2_no_load	3	4	0.310557101463	0.348172164421	3	558	0	
241	0	152	step_1_no_load	1	2	2	348	
241	0	152	step_2_no_load	3	4	0.323194010514	0.307702500543	3	608	0	
241	0	153	step_1_no_load	1	2	1	349	
241	0	153	step_2_no_load	3	4	0.343622632154	0.309356532263	4	444	1	
241	0	154	step_1_no_load	1	2	2	398	
241	0	154	step_2_no_load	5	6	0.671672162443	0.638934099562	6	396	1	
241	0	155	step_1_no_load	1	2	2	314	
241	0	155	step_2_no_load	5	6	0.716100930629	0.632486591889	6	432	1	
241	0	156	step_1_no_load	1	2	1	356	
241	0	156	step_2_no_load	3	4	0.368378667812	0.32564867104	4	407	0	
241	0	157	step_1_no_load	1	2	2	390	
241	0	157	step_2_no_load	3	4	0.324728201487	0.350909357271	3	544	1	
241	0	158	step_1_no_load	1	2	2	341	
241	0	158	step_2_no_load	5	6	0.694270715354	0.532722108502	6	415	1	
241	0	159	step_1_no_load	1	2	1	441	
241	0	159	step_2_no_load	3	4	0.321150411254	0.413026375257	4	346	0	
241	0	160	step_1_no_load	1	2	2	382	
241	0	160	step_2_no_load	5	6	0.710728171711	0.521229931064	5	429	1	
241	0	161	step_1_no_load	1	2	2	394	
241	0	161	step_2_no_load	5	6	0.719896286569	0.516036498158	5	661	1	
241	0	162	step_1_no_load	1	2	2	345	
241	0	162	step_2_no_load	3	4	0.455329532209	0.3926701003	4	654	0	
241	0	163	step_1_no_load	1	2	1	339	
241	0	163	step_2_no_load	3	4	0.430920885959	0.395221309311	4	346	0	
241	0	164	step_1_no_load	1	2	2	316	
241	0	164	step_2_no_load	3	4	0.430844125626	0.432761720497	4	600	0	
241	0	165	step_1_no_load	1	2	2	478	
241	0	165	step_2_no_load	3	4	0.347974240867	0.463777557969	3	499	1	
241	0	166	step_1_no_load	1	2	2	383	
241	0	166	step_2_no_load	5	6	0.686594248975	0.549095060025	6	416	1	
241	0	167	step_1_no_load	1	2	1	461	
241	0	167	step_2_no_load	3	4	0.331115714939	0.38753671275	4	600	1	
241	0	168	step_1_no_load	1	2	2	803	
241	0	168	step_2_no_load	5	6	0.67192508984	0.613361520676	6	623	1	
241	0	169	step_1_no_load	1	2	2	719	
241	0	169	step_2_no_load	3	4	0.365156560071	0.42098542374	3	542	1	
241	0	170	step_1_no_load	1	2	2	491	
241	0	170	step_2_no_load	3	4	0.364989630435	0.411067820436	3	683	0	
241	0	171	step_1_no_load	1	2	1	382	
241	0	171	step_2_no_load	3	4	0.425122034074	0.386979310814	4	394	0	
241	0	172	step_1_no_load	1	2	1	355	
241	0	172	step_2_no_load	5	6	0.668669556875	0.519090471457	6	678	0	
241	0	173	step_1_no_load	1	2	1	390	
241	0	173	step_2_no_load	3	4	0.462866379815	0.385349297983	3	462	0	
241	0	174	step_1_no_load	1	2	1	355	
241	0	174	step_2_no_load	3	4	0.46236234172	0.387867297446	4	404	0	
241	0	175	step_1_no_load	1	2	2	366	
241	0	175	step_2_no_load	5	6	0.693968268443	0.52644949356	6	401	0	
241	0	176	step_1_no_load	1	2	2	415	
241	0	176	step_2_no_load	5	6	0.679250000396	0.474046874473	5	411	1	
241	0	177	step_1_no_load	1	2	1	325	
241	0	177	step_2_no_load	3	4	0.4798184927	0.357425668099	4	437	0	
241	0	178	step_1_no_load	1	2	1	306	
241	0	178	step_2_no_load	3	4	0.49020858644	0.36473828006	3	739	1	
241	0	179	step_1_no_load	1	2	2	337	
241	0	179	step_2_no_load	5	6	0.709345707515	0.457298770028	5	466	1	
241	0	180	step_1_no_load	1	2	2	390	
241	0	180	step_2_no_load	3	4	0.489345734128	0.341214611607	3	649	0	
241	0	181	step_1_no_load	1	2	2	503	
241	0	181	step_2_no_load	5	6	0.746910336326	0.508735114046	5	445	1	
241	0	182	step_1_no_load	1	2	1	305	
241	0	182	step_2_no_load	3	4	0.49907747228	0.340533666308	3	510	0	
241	0	183	step_1_no_load	1	2	1	377	
241	0	183	step_2_no_load	3	4	0.492742497507	0.350175837802	3	738	0	
241	0	184	step_1_no_load	1	2	2	321	
241	0	184	step_2_no_load	3	4	0.480863422096	0.362743255194	4	548	0	
241	0	185	step_1_no_load	1	2	2	267	
241	0	185	step_2_no_load	5	6	0.665622647081	0.479703516092	6	489	0	
241	0	186	step_1_no_load	1	2	2	316	
241	0	186	step_2_no_load	3	4	0.484672582719	0.332733011923	4	754	1	
241	0	187	step_1_no_load	1	2	2	384	
241	0	187	step_2_no_load	3	4	0.498596507669	0.328890769988	3	446	0	
241	0	188	step_1_no_load	1	2	2	336	
241	0	188	step_2_no_load	5	6	0.696362660087	0.471319680586	5	412	1	
241	0	189	step_1_no_load	1	2	2	445	
241	0	189	step_2_no_load	5	6	0.688353284054	0.448897869069	6	471	1	
241	0	190	step_1_no_load	1	2	2	313	
241	0	190	step_2_no_load	5	6	0.667655825994	0.433568856946	5	408	1	
241	0	191	step_1_no_load	1	2	1	357	
241	0	191	step_2_no_load	3	4	0.512103523931	0.318839908867	4	392	1	
241	0	192	step_1_no_load	1	2	1	476	
241	0	192	step_2_no_load	5	6	0.705517419189	0.450791310283	5	699	1	
241	0	193	step_1_no_load	1	2	2	390	
241	0	193	step_2_no_load	5	6	0.679792491164	0.440813209638	6	594	0	
241	0	194	step_1_no_load	1	2	1	361	
241	0	194	step_2_no_load	3	4	0.505359594715	0.342437174514	4	698	0	
241	0	195	step_1_no_load	1	2	1	401	
241	0	195	step_2_no_load	5	6	0.646280688878	0.466795336969	6	969	0	
241	0	196	step_1_no_load	1	2	1	354	
241	0	196	step_2_no_load	3	4	0.496717662777	0.365373286058	3	586	1	
241	0	197	step_1_no_load	1	2	2	615	
241	0	197	step_2_no_load	5	6	0.686552522522	0.422511153127	6	576	0	
241	0	198	step_1_no_load	1	2	1	373	
241	0	198	step_2_no_load	3	4	0.485065498391	0.303352625941	4	681	0	
241	0	199	step_1_no_load	1	2	1	503	
241	0	199	step_2_no_load	5	6	0.73697129762	0.39793773834	5	584	1	
241	0	200	step_1_no_load	1	2	2	381	
241	0	200	step_2_no_load	3	4	0.507902534353	0.299128796668	4	515	0	

Wed May 29 15:09:33 2019
