Fri Jun  7 14:39:18 2019	
243	0	1	step_1_no_load	1	2	1	281	
243	0	1	step_2_no_load	3	4	0.511789129507	0.457620150462	-1	-1	-1	
243	0	2	step_1_no_load	1	2	1	662	
243	0	2	step_2_no_load	5	6	0.580156942153	0.610961032466	5	485	1	
243	0	3	step_1_no_load	1	2	1	429	
243	0	3	step_2_no_load	3	4	0.516002945397	0.476767372206	4	625	0	
243	0	4	step_1_no_load	1	2	2	504	
243	0	4	step_2_no_load	3	4	0.494597764192	0.478607661228	4	834	1	
243	0	5	step_1_no_load	1	2	1	403	
243	0	5	step_2_no_load	3	4	0.543908521457	0.495568760483	3	895	1	
243	0	6	step_1_no_load	1	2	2	749	
243	0	6	step_2_no_load	5	6	0.585722686883	0.603642866427	5	669	0	
243	0	7	step_1_no_load	1	2	1	415	
243	0	7	step_2_no_load	3	4	0.506408070053	0.500071913476	3	923	1	
243	0	8	step_1_no_load	1	2	1	457	
243	0	8	step_2_no_load	3	4	0.499203529332	0.489816616396	3	681	1	
243	0	9	step_1_no_load	1	2	1	692	
243	0	9	step_2_no_load	5	6	0.598049061473	0.641106877158	6	669	0	
243	0	10	step_1_no_load	1	2	2	841	
243	0	10	step_2_no_load	3	4	0.576063520885	0.482364178155	4	616	1	
243	0	11	step_1_no_load	1	2	1	486	
243	0	11	step_2_no_load	3	4	0.59022801242	0.477013315682	3	665	1	
243	0	12	step_1_no_load	1	2	1	991	
243	0	12	step_2_no_load	3	4	0.597131918027	0.48457206759	3	947	1	
243	0	13	step_1_no_load	1	2	1	627	
243	0	13	step_2_no_load	5	6	0.653587098421	0.558313135925	6	632	1	
243	0	14	step_1_no_load	1	2	2	579	
243	0	14	step_2_no_load	3	4	0.611256675753	0.491234392147	4	700	1	
243	0	15	step_1_no_load	1	2	1	543	
243	0	15	step_2_no_load	3	4	0.633564630036	0.505377237737	3	658	1	
243	0	16	step_1_no_load	1	2	1	828	
243	0	16	step_2_no_load	5	6	0.628091198119	0.553308964466	6	760	0	
243	0	17	step_1_no_load	1	2	1	634	
243	0	17	step_2_no_load	5	6	0.633350170016	0.562895132605	5	642	1	
243	0	18	step_1_no_load	1	2	2	971	
243	0	18	step_2_no_load	5	6	0.626834332012	0.553554620302	5	559	0	
243	0	19	step_1_no_load	1	2	1	448	
243	0	19	step_2_no_load	5	6	0.619895761657	0.536502319591	5	847	0	
243	0	20	step_1_no_load	1	2	1	496	
243	0	20	step_2_no_load	5	6	0.636521555122	0.491720931314	6	715	0	
243	0	21	step_1_no_load	1	2	1	492	
243	0	21	step_2_no_load	5	6	0.630305464549	0.470207377245	5	563	0	
243	0	22	step_1_no_load	1	2	1	536	
243	0	22	step_2_no_load	5	6	0.621949894727	0.468700882609	5	545	1	
243	0	23	step_1_no_load	1	2	1	467	
243	0	23	step_2_no_load	5	6	0.640163623731	0.513759772011	5	496	1	
243	0	24	step_1_no_load	1	2	1	509	
243	0	24	step_2_no_load	3	4	0.5800912085	0.505388876622	3	717	0	
243	0	25	step_1_no_load	1	2	1	602	
243	0	25	step_2_no_load	3	4	0.629917901014	0.503316372362	3	1229	1	
243	0	26	step_1_no_load	1	2	1	1099	
243	0	26	step_2_no_load	3	4	0.640635035276	0.511744353778	4	486	0	
243	0	27	step_1_no_load	1	2	1	528	
243	0	27	step_2_no_load	5	6	0.57860777711	0.54756089792	5	429	0	
243	0	28	step_1_no_load	1	2	1	489	
243	0	28	step_2_no_load	3	4	0.647441527317	0.520177259699	3	608	0	
243	0	29	step_1_no_load	1	2	1	335	
243	0	29	step_2_no_load	3	4	0.618626354124	0.521159009103	4	454	0	
243	0	30	step_1_no_load	1	2	1	541	
243	0	30	step_2_no_load	3	4	0.610227092493	0.4919199548	3	654	1	
243	0	31	step_1_no_load	1	2	1	748	
243	0	31	step_2_no_load	5	6	0.636602545794	0.541819886458	6	924	0	
243	0	32	step_1_no_load	1	2	1	649	
243	0	32	step_2_no_load	5	6	0.634585171267	0.522993086096	5	725	1	
243	0	33	step_1_no_load	1	2	1	738	
243	0	33	step_2_no_load	5	6	0.611700032906	0.542309898544	5	577	1	
243	0	34	step_1_no_load	1	2	2	696	
243	0	34	step_2_no_load	5	6	0.575802910074	0.538523758058	6	653	1	
243	0	35	step_1_no_load	1	2	2	674	
243	0	35	step_2_no_load	5	6	0.566827313385	0.594167768198	5	584	0	
243	0	36	step_1_no_load	1	2	1	613	
243	0	36	step_2_no_load	5	6	0.527635087561	0.611274573488	5	1051	1	
243	0	37	step_1_no_load	1	2	1	615	
243	0	37	step_2_no_load	5	6	0.513822304161	0.598446394142	5	583	1	
243	0	38	step_1_no_load	1	2	1	605	
243	0	38	step_2_no_load	3	4	0.651263699161	0.553931241266	4	787	0	
243	0	39	step_1_no_load	1	2	1	556	
243	0	39	step_2_no_load	3	4	0.634483337633	0.578640235206	-1	-1	-1	
243	0	40	step_1_no_load	1	2	1	438	
243	0	40	step_2_no_load	3	4	0.636994900683	0.5691386571	4	339	0	
243	0	41	step_1_no_load	1	2	1	392	
243	0	41	step_2_no_load	3	4	0.633285941184	0.583829055298	3	527	0	
243	0	42	step_1_no_load	1	2	1	423	
243	0	42	step_2_no_load	3	4	0.606696263624	0.553461946234	3	371	1	
243	0	43	step_1_no_load	1	2	1	493	
243	0	43	step_2_no_load	3	4	0.581931546759	0.548128010644	3	460	0	
243	0	44	step_1_no_load	1	2	1	539	
243	0	44	step_2_no_load	3	4	0.589653131867	0.537842745081	3	676	0	
243	0	45	step_1_no_load	1	2	1	691	
243	0	45	step_2_no_load	3	4	0.620699591043	0.5288039409	3	654	1	
243	0	46	step_1_no_load	1	2	1	563	
243	0	46	step_2_no_load	3	4	0.654261318712	0.532238720495	3	532	1	
243	0	47	step_1_no_load	1	2	2	571	
243	0	47	step_2_no_load	5	6	0.546259467838	0.598724660986	5	642	0	
243	0	48	step_1_no_load	1	2	2	620	
243	0	48	step_2_no_load	3	4	0.657624935632	0.488280685105	4	1211	0	
243	0	49	step_1_no_load	1	2	2	407	
243	0	49	step_2_no_load	5	6	0.512405963374	0.610193185592	5	267	0	
243	0	50	step_1_no_load	1	2	1	438	
243	0	50	step_2_no_load	3	4	0.593458480934	0.47381367271	3	502	0	
243	0	51	step_1_no_load	1	2	1	434	
243	0	51	step_2_no_load	3	4	0.613357430892	0.469943944943	3	376	1	
243	0	52	step_1_no_load	1	2	1	443	
243	0	52	step_2_no_load	3	4	0.613408921915	0.429622901875	3	415	0	
243	0	53	step_1_no_load	1	2	1	330	
243	0	53	step_2_no_load	3	4	0.630956764252	0.451905460347	3	289	1	
243	0	54	step_1_no_load	1	2	1	1172	
243	0	54	step_2_no_load	3	4	0.652515308527	0.491512498697	4	659	0	
243	0	55	step_1_no_load	1	2	1	281	
243	0	55	step_2_no_load	3	4	0.639840796975	0.487025527704	3	412	1	
243	0	56	step_1_no_load	1	2	1	346	
243	0	56	step_2_no_load	5	6	0.538512915562	0.601856598146	5	339	1	
243	0	57	step_1_no_load	1	2	1	416	
243	0	57	step_2_no_load	3	4	0.586335094239	0.466449077359	3	419	1	
243	0	58	step_1_no_load	1	2	1	731	
243	0	58	step_2_no_load	3	4	0.610896130115	0.478335218822	4	427	0	
243	0	59	step_1_no_load	1	2	1	343	
243	0	59	step_2_no_load	3	4	0.608951267756	0.480274332693	3	425	1	
243	0	60	step_1_no_load	1	2	1	517	
243	0	60	step_2_no_load	5	6	0.479287247283	0.623687406259	5	654	0	
243	0	61	step_1_no_load	1	2	2	998	
243	0	61	step_2_no_load	5	6	0.527144452559	0.669587072502	5	714	0	
243	0	62	step_1_no_load	1	2	1	1131	
243	0	62	step_2_no_load	3	4	0.622820395113	0.50724109756	3	946	1	
243	0	63	step_1_no_load	1	2	1	1289	
243	0	63	step_2_no_load	5	6	0.519445130796	0.664284493458	-1	-1	-1	
243	0	64	step_1_no_load	1	2	2	663	
243	0	64	step_2_no_load	5	6	0.533849886794	0.642369708469	5	575	1	
243	0	65	step_1_no_load	1	2	1	1435	
243	0	65	step_2_no_load	5	6	0.517687993213	0.612660225018	6	518	1	
243	0	66	step_1_no_load	1	2	1	416	
243	0	66	step_2_no_load	3	4	0.630357351236	0.573761869714	3	421	1	
243	0	67	step_1_no_load	1	2	1	774	
243	0	67	step_2_no_load	5	6	0.538279387614	0.597650193897	6	331	1	
243	0	68	step_1_no_load	1	2	1	683	
243	0	68	step_2_no_load	5	6	0.523301545299	0.622963076372	5	466	1	
243	0	69	step_1_no_load	1	2	1	570	
243	0	69	step_2_no_load	3	4	0.718756538957	0.499137600991	4	562	0	
243	0	70	step_1_no_load	1	2	1	473	
243	0	70	step_2_no_load	5	6	0.548075770764	0.637556284465	5	423	1	
243	0	71	step_1_no_load	1	2	1	489	
243	0	71	step_2_no_load	3	4	0.706816191949	0.482863323776	3	339	0	
243	0	72	step_1_no_load	1	2	1	557	
243	0	72	step_2_no_load	3	4	0.705884789502	0.47409116389	4	644	1	
243	0	73	step_1_no_load	1	2	1	723	
243	0	73	step_2_no_load	3	4	0.727961155836	0.435957313805	3	931	1	
243	0	74	step_1_no_load	1	2	2	1138	
243	0	74	step_2_no_load	5	6	0.491044983779	0.614462146454	5	508	0	
243	0	75	step_1_no_load	1	2	1	560	
243	0	75	step_2_no_load	3	4	0.697629587097	0.44832280175	4	636	0	
243	0	76	step_1_no_load	1	2	1	448	
243	0	76	step_2_no_load	3	4	0.690117652944	0.488583631821	3	407	1	
243	0	77	step_1_no_load	1	2	1	600	
243	0	77	step_2_no_load	5	6	0.538119616568	0.564257587118	5	980	1	
243	0	78	step_1_no_load	1	2	1	796	
243	0	78	step_2_no_load	3	4	0.647586191228	0.435911167612	4	633	0	
243	0	79	step_1_no_load	1	2	1	344	
243	0	79	step_2_no_load	3	4	0.647841624544	0.389124152368	3	559	1	
243	0	80	step_1_no_load	1	2	1	821	
243	0	80	step_2_no_load	3	4	0.703969305517	0.396016175285	3	522	1	
243	0	81	step_1_no_load	1	2	2	1327	
243	0	81	step_2_no_load	3	4	0.702400933084	0.419265522488	4	676	0	
243	0	82	step_1_no_load	1	2	1	617	
243	0	82	step_2_no_load	3	4	0.688340116885	0.395813831323	3	811	1	
243	0	83	step_1_no_load	1	2	1	346	
243	0	83	step_2_no_load	3	4	0.726885136842	0.382772464038	3	447	1	
243	0	84	step_1_no_load	1	2	1	551	
243	0	84	step_2_no_load	5	6	0.505586222209	0.65843840156	6	453	0	
243	0	85	step_1_no_load	1	2	1	287	
243	0	85	step_2_no_load	3	4	0.712989604416	0.384458259121	3	427	1	
243	0	86	step_1_no_load	1	2	1	324	
243	0	86	step_2_no_load	3	4	0.721207648497	0.345323068124	3	251	1	
243	0	87	step_1_no_load	1	2	1	204	
243	0	87	step_2_no_load	5	6	0.493867001103	0.719375344246	5	332	1	
243	0	88	step_1_no_load	1	2	1	340	
243	0	88	step_2_no_load	3	4	0.696773608304	0.377947492322	3	362	1	
243	0	89	step_1_no_load	1	2	1	315	
243	0	89	step_2_no_load	3	4	0.660112261017	0.415882489686	3	340	1	
243	0	90	step_1_no_load	1	2	1	309	
243	0	90	step_2_no_load	3	4	0.688736868033	0.411459496853	3	359	0	
243	0	91	step_1_no_load	1	2	1	303	
243	0	91	step_2_no_load	3	4	0.657820521772	0.43534164751	3	221	1	
243	0	92	step_1_no_load	1	2	1	314	
243	0	92	step_2_no_load	3	4	0.679381608313	0.444368850664	3	502	1	
243	0	93	step_1_no_load	1	2	1	343	
243	0	93	step_2_no_load	3	4	0.662863370634	0.439878153082	3	473	1	
243	0	94	step_1_no_load	1	2	1	334	
243	0	94	step_2_no_load	3	4	0.668295023896	0.429211756872	3	200	0	
243	0	95	step_1_no_load	1	2	1	508	
243	0	95	step_2_no_load	3	4	0.640209855442	0.427150666411	3	552	1	
243	0	96	step_1_no_load	1	2	1	584	
243	0	96	step_2_no_load	5	6	0.437558890646	0.693739812506	5	271	0	
243	0	97	step_1_no_load	1	2	1	339	
243	0	97	step_2_no_load	3	4	0.651202057411	0.392885664353	3	397	1	
243	0	98	step_1_no_load	1	2	1	623	
243	0	98	step_2_no_load	3	4	0.646040060297	0.409778171713	3	381	1	
243	0	99	step_1_no_load	1	2	1	1343	
243	0	99	step_2_no_load	3	4	0.645191748454	0.397561363605	4	486	0	
243	0	100	step_1_no_load	1	2	1	279	
243	0	100	step_2_no_load	5	6	0.363162156005	0.666227451505	5	193	0	
243	0	101	step_1_no_load	1	2	1	297	
243	0	101	step_2_no_load	3	4	0.655903528958	0.497432607584	3	194	1	
243	0	102	step_1_no_load	1	2	1	583	
243	0	102	step_2_no_load	3	4	0.663124617603	0.494584754513	3	555	1	
243	0	103	step_1_no_load	1	2	1	334	
243	0	103	step_2_no_load	5	6	0.322834495838	0.663997796029	5	407	0	
243	0	104	step_1_no_load	1	2	1	852	
243	0	104	step_2_no_load	3	4	0.743372642809	0.521047445908	3	276	0	
243	0	105	step_1_no_load	1	2	2	386	
243	0	105	step_2_no_load	3	4	0.722851301692	0.514318365187	3	384	1	
243	0	106	step_1_no_load	1	2	1	639	
243	0	106	step_2_no_load	3	4	0.699623252899	0.508908032404	3	377	0	
243	0	107	step_1_no_load	1	2	1	342	
243	0	107	step_2_no_load	5	6	0.388257337796	0.692607431435	5	480	0	
243	0	108	step_1_no_load	1	2	1	479	
243	0	108	step_2_no_load	3	4	0.681491063126	0.526955028982	3	360	1	
243	0	109	step_1_no_load	1	2	1	313	
243	0	109	step_2_no_load	5	6	0.372328831887	0.71632547018	5	335	1	
243	0	110	step_1_no_load	1	2	2	478	
243	0	110	step_2_no_load	5	6	0.395544455384	0.729599891941	6	384	1	
243	0	111	step_1_no_load	1	2	1	543	
243	0	111	step_2_no_load	3	4	0.634599547742	0.384948378665	3	538	1	
243	0	112	step_1_no_load	1	2	1	602	
243	0	112	step_2_no_load	5	6	0.413393106784	0.725701866094	5	533	1	
243	0	113	step_1_no_load	1	2	2	400	
243	0	113	step_2_no_load	5	6	0.387112818105	0.719324307956	6	428	0	
243	0	114	step_1_no_load	1	2	1	466	
243	0	114	step_2_no_load	3	4	0.657654904272	0.380324086676	3	426	1	
243	0	115	step_1_no_load	1	2	1	438	
243	0	115	step_2_no_load	3	4	0.645721217949	0.390027643099	3	511	1	
243	0	116	step_1_no_load	1	2	2	487	
243	0	116	step_2_no_load	3	4	0.680124293449	0.378149844807	3	494	0	
243	0	117	step_1_no_load	1	2	1	385	
243	0	117	step_2_no_load	3	4	0.671842537277	0.374621793791	3	476	1	
243	0	118	step_1_no_load	1	2	1	288	
243	0	118	step_2_no_load	5	6	0.362977115924	0.740051715856	5	396	0	
243	0	119	step_1_no_load	1	2	1	489	
243	0	119	step_2_no_load	3	4	0.661177321751	0.357515098446	3	423	1	
243	0	120	step_1_no_load	1	2	1	718	
243	0	120	step_2_no_load	3	4	0.666433355915	0.370150243662	3	686	1	
243	0	121	step_1_no_load	1	2	1	592	
243	0	121	step_2_no_load	3	4	0.671052306195	0.352721767208	3	739	1	
243	0	122	step_1_no_load	1	2	1	789	
243	0	122	step_2_no_load	3	4	0.672193618854	0.329624572119	3	571	1	
243	0	123	step_1_no_load	1	2	1	677	
243	0	123	step_2_no_load	3	4	0.664849878232	0.337526896345	3	591	1	
243	0	124	step_1_no_load	1	2	1	692	
243	0	124	step_2_no_load	5	6	0.26095206597	0.603013298253	6	648	1	
243	0	125	step_1_no_load	1	2	1	669	
243	0	125	step_2_no_load	3	4	0.633566302563	0.303110862715	3	476	1	
243	0	126	step_1_no_load	1	2	1	470	
243	0	126	step_2_no_load	3	4	0.600985760967	0.300846667696	3	474	0	
243	0	127	step_1_no_load	1	2	1	472	
243	0	127	step_2_no_load	3	4	0.646945556251	0.274944938508	3	407	0	
243	0	128	step_1_no_load	1	2	1	644	
243	0	128	step_2_no_load	3	4	0.620672334996	0.250790232267	3	511	0	
243	0	129	step_1_no_load	1	2	1	836	
243	0	129	step_2_no_load	3	4	0.632682846317	0.271709703542	3	609	1	
243	0	130	step_1_no_load	1	2	1	317	
243	0	130	step_2_no_load	3	4	0.630285316669	0.274560758494	3	202	0	
243	0	131	step_1_no_load	1	2	2	694	
243	0	131	step_2_no_load	5	6	0.281500842289	0.678044920845	6	796	1	
243	0	132	step_1_no_load	1	2	1	1159	
243	0	132	step_2_no_load	5	6	0.27986961048	0.668578020634	5	498	1	
243	0	133	step_1_no_load	1	2	1	602	
243	0	133	step_2_no_load	3	4	0.691649444281	0.312642735495	3	431	1	
243	0	134	step_1_no_load	1	2	1	358	
243	0	134	step_2_no_load	3	4	0.685529359147	0.302839427162	3	405	1	
243	0	135	step_1_no_load	1	2	1	709	
243	0	135	step_2_no_load	3	4	0.700779221781	0.287118934166	3	573	1	
243	0	136	step_1_no_load	1	2	1	614	
243	0	136	step_2_no_load	3	4	0.674914008636	0.284521085726	3	556	0	
243	0	137	step_1_no_load	1	2	2	437	
243	0	137	step_2_no_load	3	4	0.668540846495	0.325016613024	4	583	0	
243	0	138	step_1_no_load	1	2	2	556	
243	0	138	step_2_no_load	5	6	0.366701525561	0.63240964674	6	535	0	
243	0	139	step_1_no_load	1	2	1	478	
243	0	139	step_2_no_load	3	4	0.696355985729	0.323660750961	3	450	1	
243	0	140	step_1_no_load	1	2	1	509	
243	0	140	step_2_no_load	3	4	0.637682840728	0.328174526491	3	566	1	
243	0	141	step_1_no_load	1	2	1	548	
243	0	141	step_2_no_load	5	6	0.390227133375	0.711987889705	6	612	1	
243	0	142	step_1_no_load	1	2	1	477	
243	0	142	step_2_no_load	5	6	0.397052682821	0.690276058009	6	572	0	
243	0	143	step_1_no_load	1	2	1	572	
243	0	143	step_2_no_load	5	6	0.410970957547	0.661365099615	5	523	1	
243	0	144	step_1_no_load	1	2	1	571	
243	0	144	step_2_no_load	3	4	0.639347300184	0.275932517017	3	600	1	
243	0	145	step_1_no_load	1	2	1	403	
243	0	145	step_2_no_load	3	4	0.606515632748	0.266265924094	4	769	0	
243	0	146	step_1_no_load	1	2	1	291	
243	0	146	step_2_no_load	3	4	0.593778463268	0.257861956214	3	264	1	
243	0	147	step_1_no_load	1	2	1	359	
243	0	147	step_2_no_load	3	4	0.594861186319	0.265578160642	3	491	1	
243	0	148	step_1_no_load	1	2	1	366	
243	0	148	step_2_no_load	3	4	0.648050021239	0.305288021243	3	442	0	
243	0	149	step_1_no_load	1	2	1	567	
243	0	149	step_2_no_load	5	6	0.300290206122	0.601870110183	6	1096	1	
243	0	150	step_1_no_load	1	2	1	570	
243	0	150	step_2_no_load	3	4	0.605912419156	0.305587692243	3	465	1	
243	0	151	step_1_no_load	1	2	1	452	
243	0	151	step_2_no_load	5	6	0.310557101463	0.59154759351	6	897	0	
243	0	152	step_1_no_load	1	2	1	778	
243	0	152	step_2_no_load	3	4	0.644204174791	0.307702500543	4	422	0	
243	0	153	step_1_no_load	1	2	1	490	
243	0	153	step_2_no_load	3	4	0.681559292085	0.309356532263	3	288	1	
243	0	154	step_1_no_load	1	2	1	295	
243	0	154	step_2_no_load	3	4	0.671672162443	0.316375537537	3	676	0	
243	0	155	step_1_no_load	1	2	1	484	
243	0	155	step_2_no_load	3	4	0.716100930629	0.296093457977	3	425	1	
243	0	156	step_1_no_load	1	2	2	442	
243	0	156	step_2_no_load	5	6	0.368378667812	0.631048201903	5	444	1	
243	0	157	step_1_no_load	1	2	1	619	
243	0	157	step_2_no_load	5	6	0.324728201487	0.585191807512	6	643	0	
243	0	158	step_1_no_load	1	2	1	250	
243	0	158	step_2_no_load	3	4	0.694270715354	0.408728803896	3	359	1	
243	0	159	step_1_no_load	1	2	1	432	
243	0	159	step_2_no_load	5	6	0.321150411254	0.541222065796	5	1005	1	
243	0	160	step_1_no_load	1	2	1	560	
243	0	160	step_2_no_load	5	6	0.355992626298	0.521229931064	5	843	1	
243	0	161	step_1_no_load	1	2	1	496	
243	0	161	step_2_no_load	3	4	0.719896286569	0.407025633682	4	626	0	
243	0	162	step_1_no_load	1	2	1	487	
243	0	162	step_2_no_load	3	4	0.695144769903	0.3926701003	3	316	1	
243	0	163	step_1_no_load	1	2	1	501	
243	0	163	step_2_no_load	3	4	0.697095951435	0.395221309311	3	441	0	
243	0	164	step_1_no_load	1	2	1	576	
243	0	164	step_2_no_load	5	6	0.430844125626	0.585961845322	5	870	0	
243	0	165	step_1_no_load	1	2	1	514	
243	0	165	step_2_no_load	3	4	0.717506143195	0.463777557969	3	468	1	
243	0	166	step_1_no_load	1	2	1	523	
243	0	166	step_2_no_load	5	6	0.356317216644	0.549095060025	5	445	1	
243	0	167	step_1_no_load	1	2	2	864	
243	0	167	step_2_no_load	3	4	0.706271792549	0.38753671275	4	867	0	
243	0	168	step_1_no_load	1	2	1	1313	
243	0	168	step_2_no_load	5	6	0.335777599654	0.613361520676	6	863	1	
243	0	169	step_1_no_load	1	2	1	380	
243	0	169	step_2_no_load	3	4	0.704981910944	0.42098542374	3	232	0	
243	0	170	step_1_no_load	1	2	1	346	
243	0	170	step_2_no_load	5	6	0.364989630435	0.57151385403	5	310	1	
243	0	171	step_1_no_load	1	2	1	396	
243	0	171	step_2_no_load	3	4	0.727248140829	0.386979310814	3	408	1	
243	0	172	step_1_no_load	1	2	1	467	
243	0	172	step_2_no_load	3	4	0.668669556875	0.363617002148	3	472	1	
243	0	173	step_1_no_load	1	2	1	478	
243	0	173	step_2_no_load	3	4	0.667027212577	0.385349297983	4	428	0	
243	0	174	step_1_no_load	1	2	1	350	
243	0	174	step_2_no_load	3	4	0.729877433725	0.387867297446	3	320	0	
243	0	175	step_1_no_load	1	2	1	608	
243	0	175	step_2_no_load	3	4	0.693968268443	0.426185553904	4	492	1	
243	0	176	step_1_no_load	1	2	1	483	
243	0	176	step_2_no_load	3	4	0.679250000396	0.383231572002	3	412	1	
243	0	177	step_1_no_load	1	2	1	455	
243	0	177	step_2_no_load	3	4	0.714070205704	0.357425668099	3	545	1	
243	0	178	step_1_no_load	1	2	2	740	
243	0	178	step_2_no_load	5	6	0.49020858644	0.493712351915	5	520	0	
243	0	179	step_1_no_load	1	2	1	597	
243	0	179	step_2_no_load	3	4	0.709345707515	0.324685418097	3	526	0	
243	0	180	step_1_no_load	1	2	1	327	
243	0	180	step_2_no_load	3	4	0.719795072986	0.341214611607	3	461	1	
243	0	181	step_1_no_load	1	2	1	253	
243	0	181	step_2_no_load	3	4	0.746910336326	0.342402764747	3	244	1	
243	0	182	step_1_no_load	1	2	1	506	
243	0	182	step_2_no_load	5	6	0.49907747228	0.506773281362	6	437	0	
243	0	183	step_1_no_load	1	2	1	293	
243	0	183	step_2_no_load	3	4	0.720388040749	0.350175837802	3	329	1	
243	0	184	step_1_no_load	1	2	1	369	
243	0	184	step_2_no_load	3	4	0.657291439324	0.362743255194	3	229	0	
243	0	185	step_1_no_load	1	2	1	620	
243	0	185	step_2_no_load	3	4	0.665622647081	0.362611152222	3	410	1	
243	0	186	step_1_no_load	1	2	1	485	
243	0	186	step_2_no_load	3	4	0.656308636836	0.332733011923	4	430	0	
243	0	187	step_1_no_load	1	2	1	275	
243	0	187	step_2_no_load	5	6	0.498596507669	0.443962917772	5	461	1	
243	0	188	step_1_no_load	1	2	1	503	
243	0	188	step_2_no_load	3	4	0.696362660087	0.291508050861	3	240	1	
243	0	189	step_1_no_load	1	2	1	389	
243	0	189	step_2_no_load	5	6	0.534753756004	0.448897869069	5	462	0	
243	0	190	step_1_no_load	1	2	1	287	
243	0	190	step_2_no_load	3	4	0.667655825994	0.304557739386	3	225	1	
243	0	191	step_1_no_load	1	2	1	337	
243	0	191	step_2_no_load	3	4	0.664271461991	0.318839908867	3	493	1	
243	0	192	step_1_no_load	1	2	1	451	
243	0	192	step_2_no_load	3	4	0.705517419189	0.299297135717	3	1104	1	
243	0	193	step_1_no_load	1	2	1	457	
243	0	193	step_2_no_load	3	4	0.679792491164	0.321008037746	3	345	1	
243	0	194	step_1_no_load	1	2	1	515	
243	0	194	step_2_no_load	3	4	0.655261361454	0.342437174514	3	474	1	
243	0	195	step_1_no_load	1	2	1	533	
243	0	195	step_2_no_load	3	4	0.646280688878	0.348571348505	3	663	1	
243	0	196	step_1_no_load	1	2	1	491	
243	0	196	step_2_no_load	3	4	0.695101215304	0.365373286058	3	410	0	
243	0	197	step_1_no_load	1	2	2	446	
243	0	197	step_2_no_load	5	6	0.47786945426	0.422511153127	5	427	0	
243	0	198	step_1_no_load	1	2	1	356	
243	0	198	step_2_no_load	5	6	0.485065498391	0.397292432346	5	207	0	
243	0	199	step_1_no_load	1	2	1	200	
243	0	199	step_2_no_load	3	4	0.73697129762	0.292861528884	3	193	1	
243	0	200	step_1_no_load	1	2	1	396	
243	0	200	step_2_no_load	3	4	0.728996708473	0.299128796668	3	448	1	

Fri Jun  7 14:56:52 2019
