Tue Jun 11 17:49:18 2019	
244	0	1	step_1_no_load	1	2	1	996	
244	0	1	step_2_no_load	5	6	0.598297890399	0.594299910136	6	995	1	
244	0	2	step_1_no_load	1	2	1	711	
244	0	2	step_2_no_load	5	6	0.580156942153	0.610961032466	5	1193	1	
244	0	3	step_1_no_load	1	2	1	909	
244	0	3	step_2_no_load	3	4	0.476767372206	0.516002945397	4	1145	1	
244	0	4	step_1_no_load	1	2	2	739	
244	0	4	step_2_no_load	5	6	0.597491569846	0.564086293706	6	1235	0	
244	0	5	step_1_no_load	1	2	1	699	
244	0	5	step_2_no_load	5	6	0.623810210114	0.576104915614	6	1262	0	
244	0	6	step_1_no_load	1	2	1	950	
244	0	6	step_2_no_load	3	4	0.506877622204	0.490454120702	-1	-1	-1	
244	0	7	step_1_no_load	1	2	1	764	
244	0	7	step_2_no_load	3	4	0.500071913476	0.506408070053	3	1079	1	
244	0	8	step_1_no_load	1	2	1	1220	
244	0	8	step_2_no_load	3	4	0.489816616396	0.499203529332	3	1278	0	
244	0	9	step_1_no_load	1	2	1	1050	
244	0	9	step_2_no_load	5	6	0.598049061473	0.641106877158	6	1344	1	
244	0	10	step_1_no_load	1	2	2	1060	
244	0	10	step_2_no_load	5	6	0.652626043146	0.636063269715	5	1141	0	
244	0	11	step_1_no_load	1	2	1	972	
244	0	11	step_2_no_load	3	4	0.477013315682	0.59022801242	-1	-1	-1	
244	0	12	step_1_no_load	1	2	1	697	
244	0	12	step_2_no_load	3	4	0.48457206759	0.597131918027	3	815	1	
244	0	13	step_1_no_load	1	2	1	1237	
244	0	13	step_2_no_load	5	6	0.653587098421	0.558313135925	6	1383	1	
244	0	14	step_1_no_load	1	2	2	762	
244	0	14	step_2_no_load	3	4	0.491234392147	0.611256675753	3	1123	0	
244	0	15	step_1_no_load	1	2	1	655	
244	0	15	step_2_no_load	3	4	0.505377237737	0.633564630036	-1	-1	-1	
244	0	16	step_1_no_load	1	2	1	675	
244	0	16	step_2_no_load	3	4	0.510958036527	0.626326396372	3	934	1	
244	0	17	step_1_no_load	1	2	1	958	
244	0	17	step_2_no_load	5	6	0.633350170016	0.562895132605	6	741	0	
244	0	18	step_1_no_load	1	2	2	633	
244	0	18	step_2_no_load	3	4	0.517514133912	0.626895526976	3	902	0	
244	0	19	step_1_no_load	1	2	1	517	
244	0	19	step_2_no_load	5	6	0.619895761657	0.536502319591	5	1143	1	
244	0	20	step_1_no_load	1	2	1	698	
244	0	20	step_2_no_load	5	6	0.636521555122	0.491720931314	5	808	1	
244	0	21	step_1_no_load	1	2	1	717	
244	0	21	step_2_no_load	3	4	0.49769376036	0.611328949295	4	1452	0	
244	0	22	step_1_no_load	1	2	2	507	
244	0	22	step_2_no_load	3	4	0.506100011497	0.618527126547	3	1193	0	
244	0	23	step_1_no_load	1	2	1	678	
244	0	23	step_2_no_load	3	4	0.520606588181	0.604065470975	3	1245	0	
244	0	24	step_1_no_load	1	2	1	451	
244	0	24	step_2_no_load	3	4	0.505388876622	0.5800912085	3	933	1	
244	0	25	step_1_no_load	1	2	2	697	
244	0	25	step_2_no_load	5	6	0.565698722896	0.503605105412	5	1044	1	
244	0	26	step_1_no_load	1	2	2	546	
244	0	26	step_2_no_load	5	6	0.592410219737	0.532884212818	5	726	1	
244	0	27	step_1_no_load	1	2	1	1030	
244	0	27	step_2_no_load	3	4	0.507272671939	0.642144756622	3	954	1	
244	0	28	step_1_no_load	1	2	1	755	
244	0	28	step_2_no_load	3	4	0.520177259699	0.647441527317	3	875	1	
244	0	29	step_1_no_load	1	2	2	609	
244	0	29	step_2_no_load	5	6	0.606613029227	0.561957580386	5	914	0	
244	0	30	step_1_no_load	1	2	1	525	
244	0	30	step_2_no_load	3	4	0.4919199548	0.610227092493	3	865	0	
244	0	31	step_1_no_load	1	2	1	467	
244	0	31	step_2_no_load	3	4	0.483156722265	0.606122691795	4	1227	1	
244	0	32	step_1_no_load	1	2	1	767	
244	0	32	step_2_no_load	3	4	0.520318771114	0.605616211083	4	1277	1	
244	0	33	step_1_no_load	1	2	2	554	
244	0	33	step_2_no_load	5	6	0.611700032906	0.542309898544	5	992	0	
244	0	34	step_1_no_load	1	2	1	482	
244	0	34	step_2_no_load	3	4	0.454565258478	0.670290552209	3	994	0	
244	0	35	step_1_no_load	1	2	1	500	
244	0	35	step_2_no_load	3	4	0.491437207585	0.649776015006	3	945	1	
244	0	36	step_1_no_load	1	2	1	854	
244	0	36	step_2_no_load	3	4	0.513210053121	0.661229326326	3	1135	1	
244	0	37	step_1_no_load	1	2	1	439	
244	0	37	step_2_no_load	5	6	0.513822304161	0.598446394142	6	812	0	
244	0	38	step_1_no_load	1	2	2	579	
244	0	38	step_2_no_load	5	6	0.539078491643	0.595113730206	6	1164	1	
244	0	39	step_1_no_load	1	2	2	495	
244	0	39	step_2_no_load	3	4	0.578640235206	0.634483337633	3	978	1	
244	0	40	step_1_no_load	1	2	1	763	
244	0	40	step_2_no_load	3	4	0.5691386571	0.636994900683	3	804	0	
244	0	41	step_1_no_load	1	2	1	469	
244	0	41	step_2_no_load	3	4	0.583829055298	0.633285941184	3	1210	0	
244	0	42	step_1_no_load	1	2	1	375	
244	0	42	step_2_no_load	3	4	0.553461946234	0.606696263624	4	727	1	
244	0	43	step_1_no_load	1	2	1	426	
244	0	43	step_2_no_load	3	4	0.548128010644	0.581931546759	4	910	1	
244	0	44	step_1_no_load	1	2	1	504	
244	0	44	step_2_no_load	5	6	0.541854396676	0.611481438855	5	1130	0	
244	0	45	step_1_no_load	1	2	1	460	
244	0	45	step_2_no_load	5	6	0.579346234508	0.632991467829	6	1483	1	
244	0	46	step_1_no_load	1	2	1	421	
244	0	46	step_2_no_load	3	4	0.532238720495	0.654261318712	3	998	1	
244	0	47	step_1_no_load	1	2	1	393	
244	0	47	step_2_no_load	3	4	0.493112702321	0.634373567175	3	864	0	
244	0	48	step_1_no_load	1	2	1	426	
244	0	48	step_2_no_load	5	6	0.534690828011	0.615767119776	6	1374	1	
244	0	49	step_1_no_load	1	2	1	474	
244	0	49	step_2_no_load	3	4	0.489287375157	0.614679490594	3	709	1	
244	0	50	step_1_no_load	1	2	1	461	
244	0	50	step_2_no_load	3	4	0.47381367271	0.593458480934	3	920	1	
244	0	51	step_1_no_load	1	2	1	354	
244	0	51	step_2_no_load	3	4	0.469943944943	0.613357430892	3	991	1	
244	0	52	step_1_no_load	1	2	1	365	
244	0	52	step_2_no_load	3	4	0.429622901875	0.613408921915	3	795	0	
244	0	53	step_1_no_load	1	2	1	539	
244	0	53	step_2_no_load	3	4	0.451905460347	0.630956764252	3	866	0	
244	0	54	step_1_no_load	1	2	1	405	
244	0	54	step_2_no_load	3	4	0.491512498697	0.652515308527	4	876	1	
244	0	55	step_1_no_load	1	2	1	403	
244	0	55	step_2_no_load	3	4	0.487025527704	0.639840796975	4	801	1	
244	0	56	step_1_no_load	1	2	1	526	
244	0	56	step_2_no_load	3	4	0.459773408493	0.60038825769	4	813	1	
244	0	57	step_1_no_load	1	2	1	584	
244	0	57	step_2_no_load	3	4	0.466449077359	0.586335094239	3	1202	0	
244	0	58	step_1_no_load	1	2	1	385	
244	0	58	step_2_no_load	5	6	0.528376440027	0.664682809182	-1	-1	-1	
244	0	59	step_1_no_load	1	2	1	490	
244	0	59	step_2_no_load	3	4	0.480274332693	0.608951267756	4	1140	0	
244	0	60	step_1_no_load	1	2	1	400	
244	0	60	step_2_no_load	3	4	0.491916707098	0.599559577859	3	762	0	
244	0	61	step_1_no_load	1	2	1	412	
244	0	61	step_2_no_load	3	4	0.464268875813	0.602879526975	4	733	1	
244	0	62	step_1_no_load	1	2	1	395	
244	0	62	step_2_no_load	3	4	0.50724109756	0.622820395113	4	898	1	
244	0	63	step_1_no_load	1	2	1	428	
244	0	63	step_2_no_load	3	4	0.53192660365	0.642623127313	4	834	1	
244	0	64	step_1_no_load	1	2	2	466	
244	0	64	step_2_no_load	3	4	0.555062911513	0.626149195169	3	1476	0	
244	0	65	step_1_no_load	1	2	2	392	
244	0	65	step_2_no_load	5	6	0.517687993213	0.612660225018	5	1304	1	
244	0	66	step_1_no_load	1	2	2	357	
244	0	66	step_2_no_load	5	6	0.555324764318	0.606938648072	5	754	1	
244	0	67	step_1_no_load	1	2	2	437	
244	0	67	step_2_no_load	5	6	0.538279387614	0.597650193897	5	511	0	
244	0	68	step_1_no_load	1	2	1	1033	
244	0	68	step_2_no_load	3	4	0.509127161919	0.719455209845	3	987	1	
244	0	69	step_1_no_load	1	2	1	380	
244	0	69	step_2_no_load	5	6	0.560462111264	0.622221685203	6	784	1	
244	0	70	step_1_no_load	1	2	1	450	
244	0	70	step_2_no_load	5	6	0.548075770764	0.637556284465	6	639	1	
244	0	71	step_1_no_load	1	2	1	431	
244	0	71	step_2_no_load	5	6	0.546215110045	0.639174917797	6	883	1	
244	0	72	step_1_no_load	1	2	1	496	
244	0	72	step_2_no_load	5	6	0.556486305476	0.626024641967	6	752	0	
244	0	73	step_1_no_load	1	2	1	368	
244	0	73	step_2_no_load	3	4	0.435957313805	0.727961155836	3	1168	1	
244	0	74	step_1_no_load	1	2	1	405	
244	0	74	step_2_no_load	3	4	0.453420386428	0.693624670847	3	646	1	
244	0	75	step_1_no_load	1	2	1	441	
244	0	75	step_2_no_load	3	4	0.44832280175	0.697629587097	3	816	1	
244	0	76	step_1_no_load	1	2	2	519	
244	0	76	step_2_no_load	3	4	0.488583631821	0.690117652944	4	1206	0	
244	0	77	step_1_no_load	1	2	2	573	
244	0	77	step_2_no_load	3	4	0.446809557226	0.679737625371	3	588	1	
244	0	78	step_1_no_load	1	2	2	453	
244	0	78	step_2_no_load	5	6	0.538654072849	0.536711448352	6	998	0	
244	0	79	step_1_no_load	1	2	1	296	
244	0	79	step_2_no_load	3	4	0.389124152368	0.647841624544	3	748	0	
244	0	80	step_1_no_load	1	2	1	373	
244	0	80	step_2_no_load	5	6	0.49921021142	0.518583383166	5	1098	1	
244	0	81	step_1_no_load	1	2	1	404	
244	0	81	step_2_no_load	3	4	0.419265522488	0.702400933084	4	683	1	
244	0	82	step_1_no_load	1	2	1	412	
244	0	82	step_2_no_load	5	6	0.482727017837	0.564729328387	5	740	1	
244	0	83	step_1_no_load	1	2	1	449	
244	0	83	step_2_no_load	3	4	0.382772464038	0.726885136842	4	842	1	
244	0	84	step_1_no_load	1	2	1	405	
244	0	84	step_2_no_load	3	4	0.385087938645	0.731466635793	4	623	1	
244	0	85	step_1_no_load	1	2	1	403	
244	0	85	step_2_no_load	3	4	0.384458259121	0.712989604416	4	706	0	
244	0	86	step_1_no_load	1	2	2	502	
244	0	86	step_2_no_load	5	6	0.486462788728	0.691782850001	6	1048	0	
244	0	87	step_1_no_load	1	2	2	340	
244	0	87	step_2_no_load	5	6	0.493867001103	0.719375344246	5	807	1	
244	0	88	step_1_no_load	1	2	2	428	
244	0	88	step_2_no_load	5	6	0.509563243675	0.717410082358	5	539	1	
244	0	89	step_1_no_load	1	2	2	378	
244	0	89	step_2_no_load	3	4	0.415882489686	0.660112261017	4	842	0	
244	0	90	step_1_no_load	1	2	1	288	
244	0	90	step_2_no_load	3	4	0.411459496853	0.688736868033	3	708	0	
244	0	91	step_1_no_load	1	2	1	463	
244	0	91	step_2_no_load	3	4	0.43534164751	0.657820521772	4	677	1	
244	0	92	step_1_no_load	1	2	1	470	
244	0	92	step_2_no_load	3	4	0.444368850664	0.679381608313	4	561	1	
244	0	93	step_1_no_load	1	2	1	421	
244	0	93	step_2_no_load	3	4	0.439878153082	0.662863370634	4	727	0	
244	0	94	step_1_no_load	1	2	1	429	
244	0	94	step_2_no_load	3	4	0.429211756872	0.668295023896	3	735	0	
244	0	95	step_1_no_load	1	2	1	268	
244	0	95	step_2_no_load	3	4	0.427150666411	0.640209855442	4	672	1	
244	0	96	step_1_no_load	1	2	1	456	
244	0	96	step_2_no_load	5	6	0.437558890646	0.693739812506	5	788	0	
244	0	97	step_1_no_load	1	2	1	398	
244	0	97	step_2_no_load	3	4	0.392885664353	0.651202057411	4	1322	1	
244	0	98	step_1_no_load	1	2	1	377	
244	0	98	step_2_no_load	3	4	0.409778171713	0.646040060297	4	934	1	
244	0	99	step_1_no_load	1	2	2	482	
244	0	99	step_2_no_load	3	4	0.397561363605	0.645191748454	3	1041	1	
244	0	100	step_1_no_load	1	2	2	478	
244	0	100	step_2_no_load	5	6	0.363162156005	0.666227451505	6	787	1	
244	0	101	step_1_no_load	1	2	2	450	
244	0	101	step_2_no_load	5	6	0.366879421891	0.623812401974	6	745	1	
244	0	102	step_1_no_load	1	2	2	302	
244	0	102	step_2_no_load	5	6	0.326080462175	0.666304534392	6	617	1	
244	0	103	step_1_no_load	1	2	1	607	
244	0	103	step_2_no_load	3	4	0.481975449893	0.69058998368	3	1093	1	
244	0	104	step_1_no_load	1	2	1	421	
244	0	104	step_2_no_load	3	4	0.521047445908	0.743372642809	3	771	1	
244	0	105	step_1_no_load	1	2	1	441	
244	0	105	step_2_no_load	3	4	0.514318365187	0.722851301692	3	697	1	
244	0	106	step_1_no_load	1	2	2	391	
244	0	106	step_2_no_load	3	4	0.508908032404	0.699623252899	-1	-1	-1	
244	0	107	step_1_no_load	1	2	2	409	
244	0	107	step_2_no_load	5	6	0.388257337796	0.692607431435	5	1151	0	
244	0	108	step_1_no_load	1	2	2	360	
244	0	108	step_2_no_load	5	6	0.388185708856	0.695928523711	6	557	1	
244	0	109	step_1_no_load	1	2	2	273	
244	0	109	step_2_no_load	3	4	0.479977531501	0.68658494263	3	750	0	
244	0	110	step_1_no_load	1	2	1	450	
244	0	110	step_2_no_load	5	6	0.395544455384	0.729599891941	5	1190	0	
244	0	111	step_1_no_load	1	2	1	359	
244	0	111	step_2_no_load	3	4	0.384948378665	0.634599547742	4	623	1	
244	0	112	step_1_no_load	1	2	1	407	
244	0	112	step_2_no_load	5	6	0.413393106784	0.725701866094	5	818	0	
244	0	113	step_1_no_load	1	2	1	370	
244	0	113	step_2_no_load	3	4	0.370697120277	0.634627459817	4	657	0	
244	0	114	step_1_no_load	1	2	1	420	
244	0	114	step_2_no_load	5	6	0.384736699284	0.718213323791	6	1129	1	
244	0	115	step_1_no_load	1	2	1	428	
244	0	115	step_2_no_load	3	4	0.390027643099	0.645721217949	3	743	0	
244	0	116	step_1_no_load	1	2	1	335	
244	0	116	step_2_no_load	5	6	0.369438791876	0.706736514943	6	1300	0	
244	0	117	step_1_no_load	1	2	1	278	
244	0	117	step_2_no_load	5	6	0.363056877927	0.747012267642	5	614	1	
244	0	118	step_1_no_load	1	2	1	438	
244	0	118	step_2_no_load	3	4	0.357645851833	0.690484235012	4	939	1	
244	0	119	step_1_no_load	1	2	1	404	
244	0	119	step_2_no_load	5	6	0.358243439099	0.690424535099	5	876	0	
244	0	120	step_1_no_load	1	2	1	358	
244	0	120	step_2_no_load	3	4	0.370150243662	0.666433355915	3	1007	0	
244	0	121	step_1_no_load	1	2	1	337	
244	0	121	step_2_no_load	3	4	0.352721767208	0.671052306195	4	927	1	
244	0	122	step_1_no_load	1	2	1	330	
244	0	122	step_2_no_load	3	4	0.329624572119	0.672193618854	4	634	1	
244	0	123	step_1_no_load	1	2	1	324	
244	0	123	step_2_no_load	3	4	0.337526896345	0.664849878232	4	603	1	
244	0	124	step_1_no_load	1	2	2	464	
244	0	124	step_2_no_load	5	6	0.26095206597	0.603013298253	6	882	1	
244	0	125	step_1_no_load	1	2	2	382	
244	0	125	step_2_no_load	3	4	0.303110862715	0.633566302563	3	780	1	
244	0	126	step_1_no_load	1	2	2	361	
244	0	126	step_2_no_load	5	6	0.267206368684	0.537863824328	6	915	0	
244	0	127	step_1_no_load	1	2	1	356	
244	0	127	step_2_no_load	3	4	0.274944938508	0.646945556251	4	555	0	
244	0	128	step_1_no_load	1	2	1	369	
244	0	128	step_2_no_load	3	4	0.250790232267	0.620672334996	3	487	0	
244	0	129	step_1_no_load	1	2	1	301	
244	0	129	step_2_no_load	3	4	0.271709703542	0.632682846317	4	927	1	
244	0	130	step_1_no_load	1	2	1	421	
244	0	130	step_2_no_load	5	6	0.267460866951	0.682031489739	5	875	0	
244	0	131	step_1_no_load	1	2	1	464	
244	0	131	step_2_no_load	3	4	0.311475039155	0.638450601212	4	1176	1	
244	0	132	step_1_no_load	1	2	1	422	
244	0	132	step_2_no_load	3	4	0.315328810424	0.660013924697	4	802	0	
244	0	133	step_1_no_load	1	2	1	572	
244	0	133	step_2_no_load	3	4	0.312642735495	0.691649444281	3	1025	1	
244	0	134	step_1_no_load	1	2	1	465	
244	0	134	step_2_no_load	3	4	0.302839427162	0.685529359147	3	475	0	
244	0	135	step_1_no_load	1	2	1	530	
244	0	135	step_2_no_load	3	4	0.287118934166	0.700779221781	3	1112	0	
244	0	136	step_1_no_load	1	2	1	294	
244	0	136	step_2_no_load	3	4	0.284521085726	0.674914008636	4	674	1	
244	0	137	step_1_no_load	1	2	1	275	
244	0	137	step_2_no_load	5	6	0.346433498467	0.605896884497	5	846	1	
244	0	138	step_1_no_load	1	2	1	402	
244	0	138	step_2_no_load	5	6	0.366701525561	0.63240964674	5	710	0	
244	0	139	step_1_no_load	1	2	1	323	
244	0	139	step_2_no_load	3	4	0.323660750961	0.696355985729	4	749	1	
244	0	140	step_1_no_load	1	2	1	442	
244	0	140	step_2_no_load	3	4	0.328174526491	0.637682840728	4	770	1	
244	0	141	step_1_no_load	1	2	1	387	
244	0	141	step_2_no_load	3	4	0.311809871418	0.616803346728	4	607	1	
244	0	142	step_1_no_load	1	2	2	501	
244	0	142	step_2_no_load	3	4	0.304203281606	0.627356259123	3	1039	0	
244	0	143	step_1_no_load	1	2	2	511	
244	0	143	step_2_no_load	3	4	0.313516825296	0.610219102298	4	836	1	
244	0	144	step_1_no_load	1	2	2	475	
244	0	144	step_2_no_load	5	6	0.389234194056	0.626443722248	5	880	0	
244	0	145	step_1_no_load	1	2	1	631	
244	0	145	step_2_no_load	5	6	0.355256413269	0.6669125229	6	1036	1	
244	0	146	step_1_no_load	1	2	1	438	
244	0	146	step_2_no_load	3	4	0.257861956214	0.593778463268	3	572	0	
244	0	147	step_1_no_load	1	2	1	404	
244	0	147	step_2_no_load	5	6	0.352879785946	0.647798886916	6	734	0	
244	0	148	step_1_no_load	1	2	1	405	
244	0	148	step_2_no_load	3	4	0.305288021243	0.648050021239	3	1358	1	
244	0	149	step_1_no_load	1	2	1	505	
244	0	149	step_2_no_load	3	4	0.269951834184	0.623203869836	3	455	0	
244	0	150	step_1_no_load	1	2	1	398	
244	0	150	step_2_no_load	5	6	0.306860041627	0.575985663078	6	1299	0	
244	0	151	step_1_no_load	1	2	1	324	
244	0	151	step_2_no_load	5	6	0.310557101463	0.59154759351	5	870	1	
244	0	152	step_1_no_load	1	2	2	571	
244	0	152	step_2_no_load	5	6	0.323194010514	0.595108765344	5	1075	0	
244	0	153	step_1_no_load	1	2	2	361	
244	0	153	step_2_no_load	5	6	0.343622632154	0.613336203392	6	656	0	
244	0	154	step_1_no_load	1	2	1	391	
244	0	154	step_2_no_load	3	4	0.316375537537	0.671672162443	4	978	1	
244	0	155	step_1_no_load	1	2	1	565	
244	0	155	step_2_no_load	5	6	0.372188990474	0.632486591889	5	930	1	
244	0	156	step_1_no_load	1	2	1	391	
244	0	156	step_2_no_load	3	4	0.32564867104	0.734436160799	4	598	0	
244	0	157	step_1_no_load	1	2	1	1	
244	0	157	step_2_no_load	5	6	0.324728201487	0.585191807512	5	111	0	
244	0	158	step_1_no_load	1	2	1	373	
244	0	158	step_2_no_load	3	4	0.408728803896	0.694270715354	3	1033	0	
244	0	159	step_1_no_load	1	2	1	338	
244	0	159	step_2_no_load	5	6	0.321150411254	0.541222065796	5	800	1	
244	0	160	step_1_no_load	1	2	1	421	
244	0	160	step_2_no_load	3	4	0.415052912783	0.710728171711	4	684	1	
244	0	161	step_1_no_load	1	2	1	351	
244	0	161	step_2_no_load	3	4	0.407025633682	0.719896286569	4	591	1	
244	0	162	step_1_no_load	1	2	1	392	
244	0	162	step_2_no_load	3	4	0.3926701003	0.695144769903	4	848	0	
244	0	163	step_1_no_load	1	2	1	385	
244	0	163	step_2_no_load	3	4	0.395221309311	0.697095951435	3	662	0	
244	0	164	step_1_no_load	1	2	2	475	
244	0	164	step_2_no_load	5	6	0.430844125626	0.585961845322	5	895	0	
244	0	165	step_1_no_load	1	2	2	276	
244	0	165	step_2_no_load	5	6	0.347974240867	0.538026607649	6	556	1	
244	0	166	step_1_no_load	1	2	2	489	
244	0	166	step_2_no_load	3	4	0.422282731054	0.686594248975	3	1398	1	
244	0	167	step_1_no_load	1	2	1	541	
244	0	167	step_2_no_load	3	4	0.38753671275	0.706271792549	3	1095	0	
244	0	168	step_1_no_load	1	2	1	442	
244	0	168	step_2_no_load	3	4	0.400817642375	0.67192508984	4	516	1	
244	0	169	step_1_no_load	1	2	1	423	
244	0	169	step_2_no_load	5	6	0.365156560071	0.586049140041	5	824	1	
244	0	170	step_1_no_load	1	2	1	373	
244	0	170	step_2_no_load	3	4	0.411067820436	0.67334314737	4	1053	1	
244	0	171	step_1_no_load	1	2	1	372	
244	0	171	step_2_no_load	5	6	0.425122034074	0.553314431843	5	567	1	
244	0	172	step_1_no_load	1	2	1	457	
244	0	172	step_2_no_load	5	6	0.490120307546	0.519090471457	5	602	0	
244	0	173	step_1_no_load	1	2	1	487	
244	0	173	step_2_no_load	3	4	0.385349297983	0.667027212577	3	964	1	
244	0	174	step_1_no_load	1	2	1	460	
244	0	174	step_2_no_load	3	4	0.387867297446	0.729877433725	3	702	0	
244	0	175	step_1_no_load	1	2	1	938	
244	0	175	step_2_no_load	5	6	0.484825491933	0.52644949356	5	1160	1	
244	0	176	step_1_no_load	1	2	1	465	
244	0	176	step_2_no_load	3	4	0.383231572002	0.679250000396	4	1055	1	
244	0	177	step_1_no_load	1	2	1	378	
244	0	177	step_2_no_load	3	4	0.357425668099	0.714070205704	4	824	1	
244	0	178	step_1_no_load	1	2	1	431	
244	0	178	step_2_no_load	5	6	0.49020858644	0.493712351915	5	793	0	
244	0	179	step_1_no_load	1	2	1	338	
244	0	179	step_2_no_load	3	4	0.324685418097	0.709345707515	4	515	1	
244	0	180	step_1_no_load	1	2	1	415	
244	0	180	step_2_no_load	5	6	0.489345734128	0.482853857291	5	919	1	
244	0	181	step_1_no_load	1	2	1	454	
244	0	181	step_2_no_load	3	4	0.342402764747	0.746910336326	4	946	1	
244	0	182	step_1_no_load	1	2	1	394	
244	0	182	step_2_no_load	3	4	0.340533666308	0.72717560423	4	837	0	
244	0	183	step_1_no_load	1	2	1	425	
244	0	183	step_2_no_load	3	4	0.350175837802	0.720388040749	4	846	1	
244	0	184	step_1_no_load	1	2	1	415	
244	0	184	step_2_no_load	3	4	0.362743255194	0.657291439324	4	704	1	
244	0	185	step_1_no_load	1	2	1	405	
244	0	185	step_2_no_load	3	4	0.362611152222	0.665622647081	4	752	0	
244	0	186	step_1_no_load	1	2	1	263	
244	0	186	step_2_no_load	5	6	0.484672582719	0.46870859828	5	531	1	
244	0	187	step_1_no_load	1	2	1	354	
244	0	187	step_2_no_load	3	4	0.328890769988	0.678211978625	4	655	1	
244	0	188	step_1_no_load	1	2	1	381	
244	0	188	step_2_no_load	3	4	0.291508050861	0.696362660087	4	615	0	
244	0	189	step_1_no_load	1	2	1	322	
244	0	189	step_2_no_load	3	4	0.285168135955	0.688353284054	4	725	1	
244	0	190	step_1_no_load	1	2	1	397	
244	0	190	step_2_no_load	3	4	0.304557739386	0.667655825994	4	598	1	
244	0	191	step_1_no_load	1	2	1	555	
244	0	191	step_2_no_load	3	4	0.318839908867	0.664271461991	4	698	0	
244	0	192	step_1_no_load	1	2	1	372	
244	0	192	step_2_no_load	3	4	0.299297135717	0.705517419189	4	499	0	
244	0	193	step_1_no_load	1	2	1	412	
244	0	193	step_2_no_load	3	4	0.321008037746	0.679792491164	4	596	1	
244	0	194	step_1_no_load	1	2	1	457	
244	0	194	step_2_no_load	3	4	0.342437174514	0.655261361454	4	577	1	
244	0	195	step_1_no_load	1	2	1	380	
244	0	195	step_2_no_load	3	4	0.348571348505	0.646280688878	4	601	0	
244	0	196	step_1_no_load	1	2	1	377	
244	0	196	step_2_no_load	3	4	0.365373286058	0.695101215304	4	726	1	
244	0	197	step_1_no_load	1	2	1	381	
244	0	197	step_2_no_load	3	4	0.316987700969	0.686552522522	4	654	1	
244	0	198	step_1_no_load	1	2	1	468	
244	0	198	step_2_no_load	5	6	0.485065498391	0.397292432346	5	667	0	
244	0	199	step_1_no_load	1	2	1	236	
244	0	199	step_2_no_load	3	4	0.292861528884	0.73697129762	4	599	1	
244	0	200	step_1_no_load	1	2	1	397	
244	0	200	step_2_no_load	5	6	0.507902534353	0.372436949782	5	868	0	

Tue Jun 11 18:07:47 2019
