Wed Jul  3 16:12:42 2019	
248	0	1	step_1_no_load	1	2	1	942	
248	0	1	step_2_no_load	3	4	0.511789129507	0.598297890399	3	573	0	
248	0	2	step_1_no_load	1	2	2	361	
248	0	2	step_2_no_load	3	4	0.533203491871	0.580156942153	3	1143	1	
248	0	3	step_1_no_load	1	2	1	353	
248	0	3	step_2_no_load	3	4	0.516002945397	0.584197065669	3	790	1	
248	0	4	step_1_no_load	1	2	1	224	
248	0	4	step_2_no_load	5	6	0.564086293706	0.478607661228	6	1356	0	
248	0	5	step_1_no_load	1	2	1	223	
248	0	5	step_2_no_load	3	4	0.543908521457	0.623810210114	3	538	1	
248	0	6	step_1_no_load	1	2	1	249	
248	0	6	step_2_no_load	3	4	0.490454120702	0.585722686883	3	518	1	
248	0	7	step_1_no_load	1	2	1	308	
248	0	7	step_2_no_load	3	4	0.506408070053	0.568656746487	3	525	1	
248	0	8	step_1_no_load	1	2	1	231	
248	0	8	step_2_no_load	5	6	0.624210374623	0.489816616396	5	1160	1	
248	0	9	step_1_no_load	1	2	2	242	
248	0	9	step_2_no_load	3	4	0.54429228266	0.598049061473	3	1061	0	
248	0	10	step_1_no_load	1	2	2	251	
248	0	10	step_2_no_load	5	6	0.636063269715	0.482364178155	5	322	1	
248	0	11	step_1_no_load	1	2	2	245	
248	0	11	step_2_no_load	5	6	0.609191465743	0.477013315682	5	594	1	
248	0	12	step_1_no_load	1	2	2	262	
248	0	12	step_2_no_load	5	6	0.552770607849	0.48457206759	5	470	0	
248	0	13	step_1_no_load	1	2	1	195	
248	0	13	step_2_no_load	5	6	0.558313135925	0.52012981853	5	605	0	
248	0	14	step_1_no_load	1	2	2	248	
248	0	14	step_2_no_load	5	6	0.545555696267	0.491234392147	6	467	0	
248	0	15	step_1_no_load	1	2	1	177	
248	0	15	step_2_no_load	5	6	0.570419113221	0.505377237737	5	1231	0	
248	0	16	step_1_no_load	1	2	1	231	
248	0	16	step_2_no_load	5	6	0.553308964466	0.510958036527	5	1364	0	
248	0	17	step_1_no_load	1	2	1	273	
248	0	17	step_2_no_load	5	6	0.562895132605	0.535958400205	6	1086	1	
248	0	18	step_1_no_load	1	2	2	241	
248	0	18	step_2_no_load	5	6	0.553554620302	0.517514133912	6	556	0	
248	0	19	step_1_no_load	1	2	1	48	
248	0	19	step_2_no_load	5	6	0.536502319591	0.498240186199	5	606	0	
248	0	20	step_1_no_load	1	2	1	373	
248	0	20	step_2_no_load	5	6	0.491720931314	0.478025448397	6	854	0	
248	0	21	step_1_no_load	1	2	2	193	
248	0	21	step_2_no_load	5	6	0.470207377245	0.49769376036	5	519	1	
248	0	22	step_1_no_load	1	2	2	462	
248	0	22	step_2_no_load	5	6	0.468700882609	0.506100011497	5	519	0	
248	0	23	step_1_no_load	1	2	1	254	
248	0	23	step_2_no_load	3	4	0.604065470975	0.640163623731	3	678	0	
248	0	24	step_1_no_load	1	2	1	244	
248	0	24	step_2_no_load	3	4	0.5800912085	0.582115115688	3	708	0	
248	0	25	step_1_no_load	1	2	1	305	
248	0	25	step_2_no_load	3	4	0.629917901014	0.565698722896	4	383	0	
248	0	26	step_1_no_load	1	2	1	327	
248	0	26	step_2_no_load	3	4	0.640635035276	0.592410219737	3	304	1	
248	0	27	step_1_no_load	1	2	1	291	
248	0	27	step_2_no_load	3	4	0.642144756622	0.57860777711	3	418	1	
248	0	28	step_1_no_load	1	2	1	323	
248	0	28	step_2_no_load	3	4	0.647441527317	0.588356036098	3	619	1	
248	0	29	step_1_no_load	1	2	1	292	
248	0	29	step_2_no_load	3	4	0.618626354124	0.606613029227	3	491	1	
248	0	30	step_1_no_load	1	2	1	290	
248	0	30	step_2_no_load	5	6	0.574272497114	0.4919199548	5	1148	0	
248	0	31	step_1_no_load	1	2	2	322	
248	0	31	step_2_no_load	5	6	0.541819886458	0.483156722265	6	470	1	
248	0	32	step_1_no_load	1	2	2	191	
248	0	32	step_2_no_load	5	6	0.522993086096	0.520318771114	6	429	1	
248	0	33	step_1_no_load	1	2	2	292	
248	0	33	step_2_no_load	5	6	0.542309898544	0.487664344039	6	532	1	
248	0	34	step_1_no_load	1	2	2	710	
248	0	34	step_2_no_load	3	4	0.670290552209	0.575802910074	3	982	1	
248	0	35	step_1_no_load	1	2	1	233	
248	0	35	step_2_no_load	3	4	0.649776015006	0.566827313385	3	427	0	
248	0	36	step_1_no_load	1	2	1	231	
248	0	36	step_2_no_load	3	4	0.661229326326	0.527635087561	3	355	1	
248	0	37	step_1_no_load	1	2	1	236	
248	0	37	step_2_no_load	3	4	0.660658056664	0.513822304161	3	332	0	
248	0	38	step_1_no_load	1	2	2	190	
248	0	38	step_2_no_load	3	4	0.651263699161	0.539078491643	3	594	0	
248	0	39	step_1_no_load	1	2	1	210	
248	0	39	step_2_no_load	3	4	0.634483337633	0.557005857101	4	766	1	
248	0	40	step_1_no_load	1	2	1	239	
248	0	40	step_2_no_load	5	6	0.607992802154	0.5691386571	5	873	1	
248	0	41	step_1_no_load	1	2	2	290	
248	0	41	step_2_no_load	5	6	0.588857868869	0.583829055298	5	416	0	
248	0	42	step_1_no_load	1	2	2	272	
248	0	42	step_2_no_load	5	6	0.609164606591	0.553461946234	5	768	1	
248	0	43	step_1_no_load	1	2	2	298	
248	0	43	step_2_no_load	5	6	0.612705031264	0.548128010644	5	395	1	
248	0	44	step_1_no_load	1	2	2	275	
248	0	44	step_2_no_load	3	4	0.589653131867	0.541854396676	3	936	0	
248	0	45	step_1_no_load	1	2	1	312	
248	0	45	step_2_no_load	3	4	0.620699591043	0.579346234508	3	499	0	
248	0	46	step_1_no_load	1	2	1	244	
248	0	46	step_2_no_load	3	4	0.654261318712	0.55511883717	3	746	0	
248	0	47	step_1_no_load	1	2	1	363	
248	0	47	step_2_no_load	5	6	0.598724660986	0.493112702321	5	820	1	
248	0	48	step_1_no_load	1	2	2	290	
248	0	48	step_2_no_load	3	4	0.657624935632	0.534690828011	4	726	1	
248	0	49	step_1_no_load	1	2	1	255	
248	0	49	step_2_no_load	5	6	0.610193185592	0.489287375157	5	801	1	
248	0	50	step_1_no_load	1	2	2	284	
248	0	50	step_2_no_load	5	6	0.606862017918	0.47381367271	5	407	0	
248	0	51	step_1_no_load	1	2	1	228	
248	0	51	step_2_no_load	3	4	0.613357430892	0.508197321577	4	774	0	
248	0	52	step_1_no_load	1	2	1	196	
248	0	52	step_2_no_load	5	6	0.539065404057	0.429622901875	5	333	1	
248	0	53	step_1_no_load	1	2	2	321	
248	0	53	step_2_no_load	5	6	0.551457882502	0.451905460347	5	321	0	
248	0	54	step_1_no_load	1	2	2	267	
248	0	54	step_2_no_load	5	6	0.570223904064	0.491512498697	5	326	0	
248	0	55	step_1_no_load	1	2	1	455	
248	0	55	step_2_no_load	3	4	0.639840796975	0.526704292526	3	374	0	
248	0	56	step_1_no_load	1	2	1	194	
248	0	56	step_2_no_load	5	6	0.601856598146	0.459773408493	6	394	1	
248	0	57	step_1_no_load	1	2	2	212	
248	0	57	step_2_no_load	3	4	0.586335094239	0.516475618243	3	915	0	
248	0	58	step_1_no_load	1	2	2	200	
248	0	58	step_2_no_load	3	4	0.610896130115	0.528376440027	4	1058	1	
248	0	59	step_1_no_load	1	2	1	195	
248	0	59	step_2_no_load	3	4	0.608951267756	0.537400760025	4	330	1	
248	0	60	step_1_no_load	1	2	1	234	
248	0	60	step_2_no_load	3	4	0.599559577859	0.479287247283	4	397	1	
248	0	61	step_1_no_load	1	2	1	222	
248	0	61	step_2_no_load	3	4	0.602879526975	0.527144452559	4	394	1	
248	0	62	step_1_no_load	1	2	1	251	
248	0	62	step_2_no_load	3	4	0.622820395113	0.533031417444	4	338	0	
248	0	63	step_1_no_load	1	2	1	251	
248	0	63	step_2_no_load	5	6	0.664284493458	0.53192660365	5	328	0	
248	0	64	step_1_no_load	1	2	2	0	
248	0	64	step_2_no_load	5	6	0.642369708469	0.555062911513	6	404	0	
248	0	65	step_1_no_load	1	2	1	129	
248	0	65	step_2_no_load	5	6	0.612660225018	0.569109504048	5	908	1	
248	0	66	step_1_no_load	1	2	2	294	
248	0	66	step_2_no_load	3	4	0.630357351236	0.555324764318	3	1108	0	
248	0	67	step_1_no_load	1	2	1	213	
248	0	67	step_2_no_load	3	4	0.674463681351	0.538279387614	4	393	0	
248	0	68	step_1_no_load	1	2	1	761	
248	0	68	step_2_no_load	3	4	0.719455209845	0.523301545299	3	365	1	
248	0	69	step_1_no_load	1	2	1	256	
248	0	69	step_2_no_load	3	4	0.718756538957	0.560462111264	3	316	1	
248	0	70	step_1_no_load	1	2	1	277	
248	0	70	step_2_no_load	3	4	0.697741832068	0.548075770764	3	713	1	
248	0	71	step_1_no_load	1	2	1	307	
248	0	71	step_2_no_load	5	6	0.639174917797	0.482863323776	5	1365	0	
248	0	72	step_1_no_load	1	2	1	186	
248	0	72	step_2_no_load	3	4	0.705884789502	0.556486305476	3	414	1	
248	0	73	step_1_no_load	1	2	1	267	
248	0	73	step_2_no_load	5	6	0.657126403029	0.435957313805	5	343	1	
248	0	74	step_1_no_load	1	2	2	423	
248	0	74	step_2_no_load	5	6	0.614462146454	0.453420386428	5	318	1	
248	0	75	step_1_no_load	1	2	2	259	
248	0	75	step_2_no_load	5	6	0.615552849174	0.44832280175	5	315	1	
248	0	76	step_1_no_load	1	2	2	264	
248	0	76	step_2_no_load	3	4	0.690117652944	0.518881389358	3	551	0	
248	0	77	step_1_no_load	1	2	1	166	
248	0	77	step_2_no_load	3	4	0.679737625371	0.538119616568	3	382	1	
248	0	78	step_1_no_load	1	2	1	229	
248	0	78	step_2_no_load	3	4	0.647586191228	0.538654072849	3	292	1	
248	0	79	step_1_no_load	1	2	1	189	
248	0	79	step_2_no_load	3	4	0.647841624544	0.540085062695	3	618	1	
248	0	80	step_1_no_load	1	2	1	219	
248	0	80	step_2_no_load	5	6	0.518583383166	0.396016175285	5	297	0	
248	0	81	step_1_no_load	1	2	1	160	
248	0	81	step_2_no_load	3	4	0.702400933084	0.494116554432	3	375	1	
248	0	82	step_1_no_load	1	2	1	225	
248	0	82	step_2_no_load	3	4	0.688340116885	0.482727017837	3	345	1	
248	0	83	step_1_no_load	1	2	1	244	
248	0	83	step_2_no_load	5	6	0.607907985871	0.382772464038	5	901	1	
248	0	84	step_1_no_load	1	2	1	285	
248	0	84	step_2_no_load	3	4	0.731466635793	0.505586222209	3	410	1	
248	0	85	step_1_no_load	1	2	1	298	
248	0	85	step_2_no_load	5	6	0.692384972752	0.384458259121	5	708	1	
248	0	86	step_1_no_load	1	2	1	254	
248	0	86	step_2_no_load	3	4	0.721207648497	0.486462788728	3	343	1	
248	0	87	step_1_no_load	1	2	1	330	
248	0	87	step_2_no_load	3	4	0.690012761069	0.493867001103	3	312	1	
248	0	88	step_1_no_load	1	2	1	244	
248	0	88	step_2_no_load	3	4	0.696773608304	0.509563243675	3	529	1	
248	0	89	step_1_no_load	1	2	1	281	
248	0	89	step_2_no_load	5	6	0.690772436485	0.415882489686	5	993	1	
248	0	90	step_1_no_load	1	2	1	395	
248	0	90	step_2_no_load	3	4	0.688736868033	0.530126112124	3	604	1	
248	0	91	step_1_no_load	1	2	1	256	
248	0	91	step_2_no_load	5	6	0.685023809334	0.43534164751	5	694	1	
248	0	92	step_1_no_load	1	2	1	209	
248	0	92	step_2_no_load	5	6	0.692406274724	0.444368850664	5	592	0	
248	0	93	step_1_no_load	1	2	1	0	
248	0	93	step_2_no_load	3	4	0.662863370634	0.473273727684	3	398	1	
248	0	94	step_1_no_load	1	2	1	257	
248	0	94	step_2_no_load	3	4	0.668295023896	0.468637558205	3	339	0	
248	0	95	step_1_no_load	1	2	2	403	
248	0	95	step_2_no_load	3	4	0.640209855442	0.42505578884	3	541	1	
248	0	96	step_1_no_load	1	2	1	328	
248	0	96	step_2_no_load	5	6	0.693739812506	0.383038640121	-1	-1	-1	
248	0	97	step_1_no_load	1	2	1	305	
248	0	97	step_2_no_load	3	4	0.651202057411	0.455601814112	3	320	1	
248	0	98	step_1_no_load	1	2	1	290	
248	0	98	step_2_no_load	3	4	0.646040060297	0.431479829356	3	282	0	
248	0	99	step_1_no_load	1	2	1	381	
248	0	99	step_2_no_load	3	4	0.645191748454	0.375249961522	3	341	1	
248	0	100	step_1_no_load	1	2	1	234	
248	0	100	step_2_no_load	3	4	0.66579920021	0.363162156005	3	333	1	
248	0	101	step_1_no_load	1	2	1	246	
248	0	101	step_2_no_load	3	4	0.655903528958	0.366879421891	3	341	1	
248	0	102	step_1_no_load	1	2	1	256	
248	0	102	step_2_no_load	3	4	0.663124617603	0.326080462175	3	417	1	
248	0	103	step_1_no_load	1	2	1	293	
248	0	103	step_2_no_load	3	4	0.69058998368	0.322834495838	3	364	1	
248	0	104	step_1_no_load	1	2	1	436	
248	0	104	step_2_no_load	5	6	0.703870701136	0.521047445908	5	798	0	
248	0	105	step_1_no_load	1	2	1	292	
248	0	105	step_2_no_load	3	4	0.722851301692	0.352639603242	3	355	1	
248	0	106	step_1_no_load	1	2	1	293	
248	0	106	step_2_no_load	3	4	0.699623252899	0.374131494222	3	379	1	
248	0	107	step_1_no_load	1	2	1	229	
248	0	107	step_2_no_load	5	6	0.692607431435	0.565220528809	5	366	0	
248	0	108	step_1_no_load	1	2	1	237	
248	0	108	step_2_no_load	5	6	0.695928523711	0.526955028982	6	705	1	
248	0	109	step_1_no_load	1	2	2	245	
248	0	109	step_2_no_load	5	6	0.71632547018	0.479977531501	6	376	0	
248	0	110	step_1_no_load	1	2	1	470	
248	0	110	step_2_no_load	3	4	0.65455226558	0.395544455384	3	285	1	
248	0	111	step_1_no_load	1	2	1	310	
248	0	111	step_2_no_load	5	6	0.724852671171	0.384948378665	5	955	0	
248	0	112	step_1_no_load	1	2	1	250	
248	0	112	step_2_no_load	5	6	0.725701866094	0.392887565883	5	1186	0	
248	0	113	step_1_no_load	1	2	2	307	
248	0	113	step_2_no_load	5	6	0.719324307956	0.370697120277	6	537	1	
248	0	114	step_1_no_load	1	2	2	219	
248	0	114	step_2_no_load	5	6	0.718213323791	0.380324086676	6	417	0	
248	0	115	step_1_no_load	1	2	1	321	
248	0	115	step_2_no_load	3	4	0.645721217949	0.357661171116	3	715	0	
248	0	116	step_1_no_load	1	2	1	444	
248	0	116	step_2_no_load	5	6	0.706736514943	0.378149844807	5	412	0	
248	0	117	step_1_no_load	1	2	1	229	
248	0	117	step_2_no_load	3	4	0.671842537277	0.363056877927	3	332	0	
248	0	118	step_1_no_load	1	2	1	191	
248	0	118	step_2_no_load	3	4	0.690484235012	0.362977115924	3	658	0	
248	0	119	step_1_no_load	1	2	1	251	
248	0	119	step_2_no_load	3	4	0.661177321751	0.358243439099	3	526	1	
248	0	120	step_1_no_load	1	2	1	418	
248	0	120	step_2_no_load	3	4	0.666433355915	0.333809617664	3	370	1	
248	0	121	step_1_no_load	1	2	1	477	
248	0	121	step_2_no_load	5	6	0.658856304095	0.352721767208	5	912	0	
248	0	122	step_1_no_load	1	2	1	282	
248	0	122	step_2_no_load	5	6	0.6136886145	0.329624572119	5	400	1	
248	0	123	step_1_no_load	1	2	2	270	
248	0	123	step_2_no_load	5	6	0.583607229978	0.337526896345	5	355	1	
248	0	124	step_1_no_load	1	2	2	295	
248	0	124	step_2_no_load	5	6	0.603013298253	0.309430836661	5	356	1	
248	0	125	step_1_no_load	1	2	2	297	
248	0	125	step_2_no_load	5	6	0.559596800931	0.303110862715	5	339	0	
248	0	126	step_1_no_load	1	2	1	219	
248	0	126	step_2_no_load	5	6	0.537863824328	0.300846667696	5	316	1	
248	0	127	step_1_no_load	1	2	1	322	
248	0	127	step_2_no_load	3	4	0.646945556251	0.273483952592	3	595	1	
248	0	128	step_1_no_load	1	2	1	230	
248	0	128	step_2_no_load	3	4	0.620672334996	0.260252451606	3	488	1	
248	0	129	step_1_no_load	1	2	1	267	
248	0	129	step_2_no_load	3	4	0.632682846317	0.268213321963	3	517	1	
248	0	130	step_1_no_load	1	2	1	366	
248	0	130	step_2_no_load	3	4	0.630285316669	0.267460866951	3	484	0	
248	0	131	step_1_no_load	1	2	1	407	
248	0	131	step_2_no_load	3	4	0.638450601212	0.281500842289	3	332	1	
248	0	132	step_1_no_load	1	2	1	254	
248	0	132	step_2_no_load	5	6	0.668578020634	0.315328810424	5	365	1	
248	0	133	step_1_no_load	1	2	1	307	
248	0	133	step_2_no_load	3	4	0.691649444281	0.315608831386	3	403	0	
248	0	134	step_1_no_load	1	2	1	222	
248	0	134	step_2_no_load	3	4	0.685529359147	0.287393715313	3	275	1	
248	0	135	step_1_no_load	1	2	1	645	
248	0	135	step_2_no_load	5	6	0.593710006149	0.287118934166	5	673	1	
248	0	136	step_1_no_load	1	2	1	545	
248	0	136	step_2_no_load	3	4	0.674914008636	0.307766925452	3	1235	1	
248	0	137	step_1_no_load	1	2	1	670	
248	0	137	step_2_no_load	5	6	0.605896884497	0.325016613024	-1	-1	-1	
248	0	138	step_1_no_load	1	2	1	474	
248	0	138	step_2_no_load	3	4	0.688182193337	0.366701525561	3	1047	1	
248	0	139	step_1_no_load	1	2	1	520	
248	0	139	step_2_no_load	3	4	0.696355985729	0.325611400511	3	602	0	
248	0	140	step_1_no_load	1	2	1	479	
248	0	140	step_2_no_load	3	4	0.637682840728	0.348740542008	3	495	1	
248	0	141	step_1_no_load	1	2	1	258	
248	0	141	step_2_no_load	3	4	0.616803346728	0.390227133375	3	228	1	
248	0	142	step_1_no_load	1	2	1	594	
248	0	142	step_2_no_load	3	4	0.627356259123	0.397052682821	3	471	1	
248	0	143	step_1_no_load	1	2	1	620	
248	0	143	step_2_no_load	3	4	0.610219102298	0.410970957547	3	555	1	
248	0	144	step_1_no_load	1	2	1	304	
248	0	144	step_2_no_load	3	4	0.639347300184	0.389234194056	3	393	1	
248	0	145	step_1_no_load	1	2	1	357	
248	0	145	step_2_no_load	3	4	0.606515632748	0.355256413269	3	433	0	
248	0	146	step_1_no_load	1	2	2	250	
248	0	146	step_2_no_load	5	6	0.681611991725	0.257861956214	5	368	0	
248	0	147	step_1_no_load	1	2	1	112	
248	0	147	step_2_no_load	3	4	0.594861186319	0.352879785946	3	296	0	
248	0	148	step_1_no_load	1	2	2	568	
248	0	148	step_2_no_load	5	6	0.619272702026	0.305288021243	6	629	0	
248	0	149	step_1_no_load	1	2	1	478	
248	0	149	step_2_no_load	3	4	0.623203869836	0.300290206122	3	184	1	
248	0	150	step_1_no_load	1	2	1	313	
248	0	150	step_2_no_load	3	4	0.605912419156	0.306860041627	3	357	1	
248	0	151	step_1_no_load	1	2	1	265	
248	0	151	step_2_no_load	3	4	0.614159737668	0.310557101463	3	251	1	
248	0	152	step_1_no_load	1	2	1	304	
248	0	152	step_2_no_load	3	4	0.644204174791	0.323194010514	3	440	1	
248	0	153	step_1_no_load	1	2	1	373	
248	0	153	step_2_no_load	3	4	0.681559292085	0.343622632154	3	385	1	
248	0	154	step_1_no_load	1	2	1	265	
248	0	154	step_2_no_load	5	6	0.638934099562	0.316375537537	5	787	1	
248	0	155	step_1_no_load	1	2	1	377	
248	0	155	step_2_no_load	5	6	0.632486591889	0.296093457977	5	462	1	
248	0	156	step_1_no_load	1	2	1	258	
248	0	156	step_2_no_load	5	6	0.631048201903	0.32564867104	5	341	1	
248	0	157	step_1_no_load	1	2	1	385	
248	0	157	step_2_no_load	3	4	0.720725456325	0.324728201487	3	382	1	
248	0	158	step_1_no_load	1	2	1	735	
248	0	158	step_2_no_load	3	4	0.694270715354	0.334595868098	3	537	1	
248	0	159	step_1_no_load	1	2	1	571	
248	0	159	step_2_no_load	3	4	0.697903160072	0.321150411254	3	512	1	
248	0	160	step_1_no_load	1	2	1	398	
248	0	160	step_2_no_load	3	4	0.710728171711	0.355992626298	3	482	0	
248	0	161	step_1_no_load	1	2	1	291	
248	0	161	step_2_no_load	3	4	0.719896286569	0.438878285506	3	536	1	
248	0	162	step_1_no_load	1	2	1	237	
248	0	162	step_2_no_load	3	4	0.695144769903	0.455329532209	3	323	1	
248	0	163	step_1_no_load	1	2	1	310	
248	0	163	step_2_no_load	3	4	0.697095951435	0.430920885959	3	319	0	
248	0	164	step_1_no_load	1	2	2	300	
248	0	164	step_2_no_load	5	6	0.585961845322	0.432761720497	5	545	0	
248	0	165	step_1_no_load	1	2	1	259	
248	0	165	step_2_no_load	3	4	0.717506143195	0.347974240867	3	257	1	
248	0	166	step_1_no_load	1	2	1	351	
248	0	166	step_2_no_load	3	4	0.686594248975	0.356317216644	3	389	1	
248	0	167	step_1_no_load	1	2	1	362	
248	0	167	step_2_no_load	3	4	0.706271792549	0.331115714939	3	288	1	
248	0	168	step_1_no_load	1	2	1	284	
248	0	168	step_2_no_load	3	4	0.67192508984	0.335777599654	3	576	0	
248	0	169	step_1_no_load	1	2	1	221	
248	0	169	step_2_no_load	3	4	0.704981910944	0.365156560071	3	451	0	
248	0	170	step_1_no_load	1	2	1	267	
248	0	170	step_2_no_load	3	4	0.67334314737	0.364989630435	3	450	1	
248	0	171	step_1_no_load	1	2	1	356	
248	0	171	step_2_no_load	5	6	0.553314431843	0.386979310814	5	402	1	
248	0	172	step_1_no_load	1	2	1	418	
248	0	172	step_2_no_load	3	4	0.668669556875	0.490120307546	3	284	1	
248	0	173	step_1_no_load	1	2	1	389	
248	0	173	step_2_no_load	3	4	0.667027212577	0.462866379815	3	386	0	
248	0	174	step_1_no_load	1	2	1	309	
248	0	174	step_2_no_load	3	4	0.729877433725	0.46236234172	3	469	0	
248	0	175	step_1_no_load	1	2	2	0	
248	0	175	step_2_no_load	5	6	0.52644949356	0.426185553904	5	257	1	
248	0	176	step_1_no_load	1	2	2	199	
248	0	176	step_2_no_load	5	6	0.474046874473	0.383231572002	5	255	0	
248	0	177	step_1_no_load	1	2	1	256	
248	0	177	step_2_no_load	3	4	0.714070205704	0.4798184927	3	269	1	
248	0	178	step_1_no_load	1	2	1	64	
248	0	178	step_2_no_load	3	4	0.705993797498	0.49020858644	3	326	1	
248	0	179	step_1_no_load	1	2	1	326	
248	0	179	step_2_no_load	3	4	0.709345707515	0.493565996034	3	323	1	
248	0	180	step_1_no_load	1	2	1	216	
248	0	180	step_2_no_load	3	4	0.719795072986	0.489345734128	3	305	1	
248	0	181	step_1_no_load	1	2	1	19	
248	0	181	step_2_no_load	3	4	0.746910336326	0.480141179559	3	47	1	
248	0	182	step_1_no_load	1	2	1	759	
248	0	182	step_2_no_load	5	6	0.506773281362	0.340533666308	5	681	0	
248	0	183	step_1_no_load	1	2	1	215	
248	0	183	step_2_no_load	3	4	0.720388040749	0.492742497507	3	260	1	
248	0	184	step_1_no_load	1	2	-1	-1	
248	0	185	step_1_no_load	1	2	1	312	
248	0	185	step_2_no_load	5	6	0.479703516092	0.362611152222	5	316	1	
248	0	186	step_1_no_load	1	2	2	0	
248	0	186	step_2_no_load	5	6	0.46870859828	0.332733011923	5	193	1	
248	0	187	step_1_no_load	1	2	2	286	
248	0	187	step_2_no_load	3	4	0.678211978625	0.498596507669	3	470	0	
248	0	188	step_1_no_load	1	2	1	41	
248	0	188	step_2_no_load	5	6	0.471319680586	0.291508050861	5	265	0	
248	0	189	step_1_no_load	1	2	1	435	
248	0	189	step_2_no_load	3	4	0.688353284054	0.534753756004	3	228	0	
248	0	190	step_1_no_load	1	2	1	190	
248	0	190	step_2_no_load	3	4	0.667655825994	0.505820429042	3	285	1	
248	0	191	step_1_no_load	1	2	1	236	
248	0	191	step_2_no_load	5	6	0.435748387321	0.318839908867	5	266	1	
248	0	192	step_1_no_load	1	2	2	265	
248	0	192	step_2_no_load	5	6	0.450791310283	0.299297135717	5	190	1	
248	0	193	step_1_no_load	1	2	2	282	
248	0	193	step_2_no_load	5	6	0.440813209638	0.321008037746	5	238	0	
248	0	194	step_1_no_load	1	2	1	296	
248	0	194	step_2_no_load	3	4	0.655261361454	0.505359594715	3	473	1	
248	0	195	step_1_no_load	1	2	1	285	
248	0	195	step_2_no_load	5	6	0.466795336969	0.348571348505	5	392	1	
248	0	196	step_1_no_load	1	2	1	280	
248	0	196	step_2_no_load	5	6	0.421761207498	0.365373286058	-1	-1	-1	
248	0	197	step_1_no_load	1	2	1	271	
248	0	197	step_2_no_load	3	4	0.686552522522	0.47786945426	3	47	1	
248	0	198	step_1_no_load	1	2	1	355	
248	0	198	step_2_no_load	5	6	0.397292432346	0.303352625941	5	348	1	
248	0	199	step_1_no_load	1	2	1	244	
248	0	199	step_2_no_load	3	4	0.73697129762	0.529438031858	3	486	1	
248	0	200	step_1_no_load	1	2	1	292	
248	0	200	step_2_no_load	3	4	0.728996708473	0.507902534353	3	744	1	

Wed Jul  3 16:30:37 2019
