Thu Jul  4 15:02:20 2019	
249	0	1	step_1_no_load	1	2	-1	-1	
249	0	2	step_1_no_load	1	2	2	649	
249	0	2	step_2_no_load	5	6	0.580156942153	0.533203491871	-1	-1	-1	
249	0	3	step_1_no_load	1	2	2	551	
249	0	3	step_2_no_load	5	6	0.584197065669	0.516002945397	5	1007	0	
249	0	4	step_1_no_load	1	2	2	647	
249	0	4	step_2_no_load	5	6	0.597491569846	0.494597764192	5	766	1	
249	0	5	step_1_no_load	1	2	2	554	
249	0	5	step_2_no_load	5	6	0.623810210114	0.543908521457	5	611	0	
249	0	6	step_1_no_load	1	2	1	828	
249	0	6	step_2_no_load	3	4	0.506877622204	0.603642866427	-1	-1	-1	
249	0	7	step_1_no_load	1	2	2	655	
249	0	7	step_2_no_load	5	6	0.568656746487	0.506408070053	5	642	1	
249	0	8	step_1_no_load	1	2	2	480	
249	0	8	step_2_no_load	5	6	0.59128639594	0.499203529332	5	765	0	
249	0	9	step_1_no_load	1	2	2	434	
249	0	9	step_2_no_load	5	6	0.598049061473	0.54429228266	5	609	0	
249	0	10	step_1_no_load	1	2	1	635	
249	0	10	step_2_no_load	3	4	0.482364178155	0.636063269715	3	768	0	
249	0	11	step_1_no_load	1	2	2	398	
249	0	11	step_2_no_load	5	6	0.69163818036	0.59022801242	5	832	1	
249	0	12	step_1_no_load	1	2	2	614	
249	0	12	step_2_no_load	3	4	0.48457206759	0.552770607849	4	796	1	
249	0	13	step_1_no_load	1	2	2	439	
249	0	13	step_2_no_load	5	6	0.653587098421	0.595790490356	5	829	0	
249	0	14	step_1_no_load	1	2	2	518	
249	0	14	step_2_no_load	3	4	0.491234392147	0.545555696267	4	1131	0	
249	0	15	step_1_no_load	1	2	2	714	
249	0	15	step_2_no_load	3	4	0.505377237737	0.570419113221	3	573	1	
249	0	16	step_1_no_load	1	2	1	1059	
249	0	16	step_2_no_load	3	4	0.510958036527	0.553308964466	3	1033	1	
249	0	17	step_1_no_load	1	2	1	986	
249	0	17	step_2_no_load	3	4	0.535958400205	0.562895132605	4	950	1	
249	0	18	step_1_no_load	1	2	1	918	
249	0	18	step_2_no_load	3	4	0.517514133912	0.553554620302	4	1083	0	
249	0	19	step_1_no_load	1	2	2	845	
249	0	19	step_2_no_load	5	6	0.619895761657	0.644773170243	5	555	1	
249	0	20	step_1_no_load	1	2	1	996	
249	0	20	step_2_no_load	3	4	0.478025448397	0.491720931314	3	1065	0	
249	0	21	step_1_no_load	1	2	1	1154	
249	0	21	step_2_no_load	3	4	0.49769376036	0.470207377245	3	871	0	
249	0	22	step_1_no_load	1	2	1	1272	
249	0	22	step_2_no_load	3	4	0.506100011497	0.468700882609	3	908	1	
249	0	23	step_1_no_load	1	2	1	1238	
249	0	23	step_2_no_load	3	4	0.520606588181	0.513759772011	4	1320	0	
249	0	24	step_1_no_load	1	2	1	1092	
249	0	24	step_2_no_load	3	4	0.505388876622	0.503316199018	4	1105	1	
249	0	25	step_1_no_load	1	2	1	1188	
249	0	25	step_2_no_load	5	6	0.565698722896	0.629917901014	6	529	0	
249	0	26	step_1_no_load	1	2	2	484	
249	0	26	step_2_no_load	5	6	0.592410219737	0.640635035276	5	606	1	
249	0	27	step_1_no_load	1	2	1	1114	
249	0	27	step_2_no_load	3	4	0.507272671939	0.54756089792	3	1042	1	
249	0	28	step_1_no_load	1	2	1	1103	
249	0	28	step_2_no_load	3	4	0.520177259699	0.553259388875	4	660	0	
249	0	29	step_1_no_load	1	2	1	360	
249	0	29	step_2_no_load	5	6	0.606613029227	0.618626354124	5	787	1	
249	0	30	step_1_no_load	1	2	1	896	
249	0	30	step_2_no_load	5	6	0.608245979832	0.610227092493	5	801	1	
249	0	31	step_1_no_load	1	2	1	780	
249	0	31	step_2_no_load	3	4	0.483156722265	0.541819886458	3	663	0	
249	0	32	step_1_no_load	1	2	-1	-1	
249	0	33	step_1_no_load	1	2	1	1084	
249	0	33	step_2_no_load	3	4	0.487664344039	0.542309898544	4	986	0	
249	0	34	step_1_no_load	1	2	1	1078	
249	0	34	step_2_no_load	3	4	0.454565258478	0.538523758058	4	1265	0	
249	0	35	step_1_no_load	1	2	1	732	
249	0	35	step_2_no_load	3	4	0.491437207585	0.594167768198	4	1074	0	
249	0	36	step_1_no_load	1	2	1	413	
249	0	36	step_2_no_load	3	4	0.513210053121	0.611274573488	3	717	0	
249	0	37	step_1_no_load	1	2	1	598	
249	0	37	step_2_no_load	3	4	0.543074626387	0.598446394142	3	737	0	
249	0	38	step_1_no_load	1	2	1	497	
249	0	38	step_2_no_load	3	4	0.553931241266	0.595113730206	4	544	1	
249	0	39	step_1_no_load	1	2	1	684	
249	0	39	step_2_no_load	5	6	0.557005857101	0.634483337633	6	586	0	
249	0	40	step_1_no_load	1	2	1	399	
249	0	40	step_2_no_load	5	6	0.580760785074	0.636994900683	6	579	1	
249	0	41	step_1_no_load	1	2	2	575	
249	0	41	step_2_no_load	5	6	0.524862294848	0.633285941184	5	975	1	
249	0	42	step_1_no_load	1	2	-1	-1	
249	0	43	step_1_no_load	1	2	2	795	
249	0	43	step_2_no_load	5	6	0.553703096215	0.581931546759	5	835	1	
249	0	44	step_1_no_load	1	2	2	1025	
249	0	44	step_2_no_load	5	6	0.541854396676	0.589653131867	5	858	1	
249	0	45	step_1_no_load	1	2	2	571	
249	0	45	step_2_no_load	5	6	0.579346234508	0.620699591043	5	801	0	
249	0	46	step_1_no_load	1	2	2	151	
249	0	46	step_2_no_load	3	4	0.532238720495	0.600964500555	4	888	1	
249	0	47	step_1_no_load	1	2	2	488	
249	0	47	step_2_no_load	3	4	0.493112702321	0.598724660986	3	656	0	
249	0	48	step_1_no_load	1	2	2	306	
249	0	48	step_2_no_load	5	6	0.534690828011	0.657624935632	5	859	0	
249	0	49	step_1_no_load	1	2	2	483	
249	0	49	step_2_no_load	5	6	0.512405963374	0.614679490594	5	728	1	
249	0	50	step_1_no_load	1	2	2	696	
249	0	50	step_2_no_load	3	4	0.47381367271	0.606862017918	3	611	0	
249	0	51	step_1_no_load	1	2	-1	-1	
249	0	52	step_1_no_load	1	2	2	907	
249	0	52	step_2_no_load	5	6	0.513589895419	0.613408921915	5	554	1	
249	0	53	step_1_no_load	1	2	2	560	
249	0	53	step_2_no_load	3	4	0.451905460347	0.551457882502	3	401	0	
249	0	54	step_1_no_load	1	2	2	712	
249	0	54	step_2_no_load	3	4	0.491512498697	0.570223904064	4	439	1	
249	0	55	step_1_no_load	1	2	2	510	
249	0	55	step_2_no_load	3	4	0.487025527704	0.574045915747	4	677	1	
249	0	56	step_1_no_load	1	2	2	794	
249	0	56	step_2_no_load	5	6	0.538512915562	0.60038825769	5	614	1	
249	0	57	step_1_no_load	1	2	2	528	
249	0	57	step_2_no_load	5	6	0.516475618243	0.586335094239	5	612	0	
249	0	58	step_1_no_load	1	2	2	575	
249	0	58	step_2_no_load	5	6	0.528376440027	0.610896130115	5	676	0	
249	0	59	step_1_no_load	1	2	2	469	
249	0	59	step_2_no_load	5	6	0.537400760025	0.608951267756	6	616	1	
249	0	60	step_1_no_load	1	2	2	622	
249	0	60	step_2_no_load	3	4	0.491916707098	0.623687406259	4	663	1	
249	0	61	step_1_no_load	1	2	2	502	
249	0	61	step_2_no_load	5	6	0.527144452559	0.602879526975	5	398	1	
249	0	62	step_1_no_load	1	2	2	522	
249	0	62	step_2_no_load	5	6	0.533031417444	0.622820395113	5	636	0	
249	0	63	step_1_no_load	1	2	2	342	
249	0	63	step_2_no_load	5	6	0.519445130796	0.642623127313	6	460	0	
249	0	64	step_1_no_load	1	2	2	443	
249	0	64	step_2_no_load	3	4	0.555062911513	0.642369708469	4	615	1	
249	0	65	step_1_no_load	1	2	2	453	
249	0	65	step_2_no_load	5	6	0.517687993213	0.619953360065	5	698	0	
249	0	66	step_1_no_load	1	2	2	376	
249	0	66	step_2_no_load	3	4	0.573761869714	0.606938648072	4	659	0	
249	0	67	step_1_no_load	1	2	2	494	
249	0	67	step_2_no_load	5	6	0.538279387614	0.674463681351	6	520	1	
249	0	68	step_1_no_load	1	2	2	702	
249	0	68	step_2_no_load	3	4	0.509127161919	0.622963076372	4	637	0	
249	0	69	step_1_no_load	1	2	2	462	
249	0	69	step_2_no_load	5	6	0.560462111264	0.718756538957	5	375	1	
249	0	70	step_1_no_load	1	2	2	535	
249	0	70	step_2_no_load	3	4	0.498834901463	0.637556284465	4	433	1	
249	0	71	step_1_no_load	1	2	2	410	
249	0	71	step_2_no_load	5	6	0.546215110045	0.706816191949	5	518	0	
249	0	72	step_1_no_load	1	2	2	488	
249	0	72	step_2_no_load	5	6	0.556486305476	0.705884789502	6	451	0	
249	0	73	step_1_no_load	1	2	2	481	
249	0	73	step_2_no_load	5	6	0.50185699984	0.727961155836	5	441	0	
249	0	74	step_1_no_load	1	2	2	611	
249	0	74	step_2_no_load	5	6	0.491044983779	0.693624670847	6	742	1	
249	0	75	step_1_no_load	1	2	2	479	
249	0	75	step_2_no_load	3	4	0.44832280175	0.615552849174	4	1185	1	
249	0	76	step_1_no_load	1	2	2	437	
249	0	76	step_2_no_load	3	4	0.488583631821	0.62770291155	4	855	0	
249	0	77	step_1_no_load	1	2	2	596	
249	0	77	step_2_no_load	5	6	0.538119616568	0.679737625371	5	820	0	
249	0	78	step_1_no_load	1	2	2	350	
249	0	78	step_2_no_load	3	4	0.435911167612	0.536711448352	4	891	1	
249	0	79	step_1_no_load	1	2	2	493	
249	0	79	step_2_no_load	5	6	0.540085062695	0.647841624544	5	672	1	
249	0	80	step_1_no_load	1	2	2	360	
249	0	80	step_2_no_load	3	4	0.396016175285	0.518583383166	4	887	1	
249	0	81	step_1_no_load	1	2	2	365	
249	0	81	step_2_no_load	3	4	0.419265522488	0.529745690463	4	724	1	
249	0	82	step_1_no_load	1	2	2	372	
249	0	82	step_2_no_load	3	4	0.395813831323	0.564729328387	4	785	1	
249	0	83	step_1_no_load	1	2	2	373	
249	0	83	step_2_no_load	3	4	0.382772464038	0.607907985871	3	1009	0	
249	0	84	step_1_no_load	1	2	2	311	
249	0	84	step_2_no_load	3	4	0.385087938645	0.65843840156	4	436	1	
249	0	85	step_1_no_load	1	2	2	325	
249	0	85	step_2_no_load	5	6	0.485785534744	0.712989604416	5	878	1	
249	0	86	step_1_no_load	1	2	2	370	
249	0	86	step_2_no_load	5	6	0.486462788728	0.721207648497	5	1138	1	
249	0	87	step_1_no_load	1	2	2	331	
249	0	87	step_2_no_load	5	6	0.493867001103	0.690012761069	5	425	1	
249	0	88	step_1_no_load	1	2	2	450	
249	0	88	step_2_no_load	3	4	0.377947492322	0.717410082358	4	662	1	
249	0	89	step_1_no_load	1	2	2	359	
249	0	89	step_2_no_load	5	6	0.490019385174	0.660112261017	5	741	1	
249	0	90	step_1_no_load	1	2	2	307	
249	0	90	step_2_no_load	5	6	0.530126112124	0.688736868033	5	739	1	
249	0	91	step_1_no_load	1	2	2	369	
249	0	91	step_2_no_load	3	4	0.43534164751	0.685023809334	4	768	1	
249	0	92	step_1_no_load	1	2	2	409	
249	0	92	step_2_no_load	5	6	0.484260039873	0.679381608313	5	673	0	
249	0	93	step_1_no_load	1	2	2	338	
249	0	93	step_2_no_load	5	6	0.473273727684	0.662863370634	5	939	1	
249	0	94	step_1_no_load	1	2	2	475	
249	0	94	step_2_no_load	5	6	0.468637558205	0.668295023896	5	896	1	
249	0	95	step_1_no_load	1	2	2	585	
249	0	95	step_2_no_load	3	4	0.427150666411	0.715495469274	4	639	1	
249	0	96	step_1_no_load	1	2	2	546	
249	0	96	step_2_no_load	5	6	0.437558890646	0.663095813561	5	824	0	
249	0	97	step_1_no_load	1	2	2	532	
249	0	97	step_2_no_load	5	6	0.455601814112	0.651202057411	6	769	0	
249	0	98	step_1_no_load	1	2	2	537	
249	0	98	step_2_no_load	5	6	0.431479829356	0.646040060297	5	651	1	
249	0	99	step_1_no_load	1	2	2	512	
249	0	99	step_2_no_load	5	6	0.375249961522	0.645191748454	5	792	1	
249	0	100	step_1_no_load	1	2	2	521	
249	0	100	step_2_no_load	3	4	0.4333505304	0.666227451505	4	927	1	
249	0	101	step_1_no_load	1	2	2	594	
249	0	101	step_2_no_load	5	6	0.366879421891	0.655903528958	5	797	0	
249	0	102	step_1_no_load	1	2	2	328	
249	0	102	step_2_no_load	5	6	0.326080462175	0.663124617603	6	476	0	
249	0	103	step_1_no_load	1	2	2	377	
249	0	103	step_2_no_load	5	6	0.322834495838	0.69058998368	5	633	0	
249	0	104	step_1_no_load	1	2	2	465	
249	0	104	step_2_no_load	3	4	0.521047445908	0.703870701136	4	712	1	
249	0	105	step_1_no_load	1	2	2	411	
249	0	105	step_2_no_load	5	6	0.352639603242	0.722851301692	5	829	0	
249	0	106	step_1_no_load	1	2	2	538	
249	0	106	step_2_no_load	5	6	0.374131494222	0.699623252899	5	457	0	
249	0	107	step_1_no_load	1	2	2	441	
249	0	107	step_2_no_load	5	6	0.388257337796	0.677514185929	5	461	1	
249	0	108	step_1_no_load	1	2	2	556	
249	0	108	step_2_no_load	5	6	0.388185708856	0.681491063126	5	687	0	
249	0	109	step_1_no_load	1	2	2	329	
249	0	109	step_2_no_load	5	6	0.372328831887	0.68658494263	5	424	1	
249	0	110	step_1_no_load	1	2	2	380	
249	0	110	step_2_no_load	5	6	0.395544455384	0.65455226558	6	521	0	
249	0	111	step_1_no_load	1	2	2	324	
249	0	111	step_2_no_load	5	6	0.407158158569	0.634599547742	6	935	1	
249	0	112	step_1_no_load	1	2	2	403	
249	0	112	step_2_no_load	5	6	0.413393106784	0.635252945963	6	683	1	
249	0	113	step_1_no_load	1	2	2	343	
249	0	113	step_2_no_load	5	6	0.387112818105	0.634627459817	5	630	0	
249	0	114	step_1_no_load	1	2	2	352	
249	0	114	step_2_no_load	5	6	0.384736699284	0.657654904272	5	375	0	
249	0	115	step_1_no_load	1	2	2	318	
249	0	115	step_2_no_load	5	6	0.357661171116	0.645721217949	5	456	0	
249	0	116	step_1_no_load	1	2	2	368	
249	0	116	step_2_no_load	3	4	0.378149844807	0.706736514943	4	1185	1	
249	0	117	step_1_no_load	1	2	2	353	
249	0	117	step_2_no_load	3	4	0.374621793791	0.747012267642	4	537	1	
249	0	118	step_1_no_load	1	2	2	342	
249	0	118	step_2_no_load	5	6	0.362977115924	0.690484235012	5	681	0	
249	0	119	step_1_no_load	1	2	2	344	
249	0	119	step_2_no_load	3	4	0.357515098446	0.690424535099	4	593	1	
249	0	120	step_1_no_load	1	2	2	274	
249	0	120	step_2_no_load	3	4	0.370150243662	0.70587238626	4	592	0	
249	0	121	step_1_no_load	1	2	2	481	
249	0	121	step_2_no_load	5	6	0.310775244958	0.671052306195	5	447	0	
249	0	122	step_1_no_load	1	2	2	396	
249	0	122	step_2_no_load	3	4	0.329624572119	0.6136886145	4	564	1	
249	0	123	step_1_no_load	1	2	2	637	
249	0	123	step_2_no_load	3	4	0.337526896345	0.583607229978	4	847	1	
249	0	124	step_1_no_load	1	2	2	653	
249	0	124	step_2_no_load	5	6	0.26095206597	0.624161788269	5	962	1	
249	0	125	step_1_no_load	1	2	2	525	
249	0	125	step_2_no_load	5	6	0.290374841566	0.633566302563	5	741	0	
249	0	126	step_1_no_load	1	2	2	612	
249	0	126	step_2_no_load	5	6	0.267206368684	0.600985760967	-1	-1	-1	
249	0	127	step_1_no_load	1	2	2	1360	
249	0	127	step_2_no_load	5	6	0.273483952592	0.646945556251	5	919	1	
249	0	128	step_1_no_load	1	2	2	432	
249	0	128	step_2_no_load	5	6	0.260252451606	0.620672334996	6	685	1	
249	0	129	step_1_no_load	1	2	2	497	
249	0	129	step_2_no_load	5	6	0.268213321963	0.632682846317	-1	-1	-1	
249	0	130	step_1_no_load	1	2	2	488	
249	0	130	step_2_no_load	3	4	0.274560758494	0.682031489739	4	622	0	
249	0	131	step_1_no_load	1	2	2	405	
249	0	131	step_2_no_load	3	4	0.311475039155	0.678044920845	3	614	1	
249	0	132	step_1_no_load	1	2	2	413	
249	0	132	step_2_no_load	3	4	0.315328810424	0.668578020634	3	492	0	
249	0	133	step_1_no_load	1	2	2	331	
249	0	133	step_2_no_load	5	6	0.315608831386	0.691649444281	6	831	1	
249	0	134	step_1_no_load	1	2	2	449	
249	0	134	step_2_no_load	5	6	0.287393715313	0.685529359147	6	580	1	
249	0	135	step_1_no_load	1	2	2	1078	
249	0	135	step_2_no_load	5	6	0.300079459047	0.700779221781	5	1055	0	
249	0	136	step_1_no_load	1	2	2	458	
249	0	136	step_2_no_load	5	6	0.307766925452	0.674914008636	6	627	0	
249	0	137	step_1_no_load	1	2	2	411	
249	0	137	step_2_no_load	5	6	0.346433498467	0.668540846495	5	568	0	
249	0	138	step_1_no_load	1	2	2	329	
249	0	138	step_2_no_load	5	6	0.366701525561	0.688182193337	5	594	0	
249	0	139	step_1_no_load	1	2	2	418	
249	0	139	step_2_no_load	5	6	0.325611400511	0.696355985729	5	362	1	
249	0	140	step_1_no_load	1	2	2	839	
249	0	140	step_2_no_load	5	6	0.348740542008	0.637682840728	5	1321	0	
249	0	141	step_1_no_load	1	2	2	690	
249	0	141	step_2_no_load	3	4	0.311809871418	0.711987889705	4	649	1	
249	0	142	step_1_no_load	1	2	2	898	
249	0	142	step_2_no_load	5	6	0.397052682821	0.627356259123	6	1294	1	
249	0	143	step_1_no_load	1	2	2	616	
249	0	143	step_2_no_load	5	6	0.410970957547	0.610219102298	5	586	0	
249	0	144	step_1_no_load	1	2	2	421	
249	0	144	step_2_no_load	5	6	0.389234194056	0.639347300184	6	1056	1	
249	0	145	step_1_no_load	1	2	2	422	
249	0	145	step_2_no_load	5	6	0.355256413269	0.606515632748	6	882	0	
249	0	146	step_1_no_load	1	2	2	328	
249	0	146	step_2_no_load	5	6	0.320877500969	0.593778463268	6	409	1	
249	0	147	step_1_no_load	1	2	2	368	
249	0	147	step_2_no_load	5	6	0.352879785946	0.594861186319	6	798	0	
249	0	148	step_1_no_load	1	2	2	332	
249	0	148	step_2_no_load	5	6	0.311162711725	0.648050021239	5	563	1	
249	0	149	step_1_no_load	1	2	2	474	
249	0	149	step_2_no_load	5	6	0.300290206122	0.623203869836	6	481	0	
249	0	150	step_1_no_load	1	2	2	513	
249	0	150	step_2_no_load	3	4	0.305587692243	0.575985663078	4	976	0	
249	0	151	step_1_no_load	1	2	2	587	
249	0	151	step_2_no_load	5	6	0.310557101463	0.614159737668	6	755	0	
249	0	152	step_1_no_load	1	2	2	564	
249	0	152	step_2_no_load	5	6	0.323194010514	0.644204174791	6	1130	0	
249	0	153	step_1_no_load	1	2	2	534	
249	0	153	step_2_no_load	3	4	0.309356532263	0.613336203392	4	704	0	
249	0	154	step_1_no_load	1	2	2	435	
249	0	154	step_2_no_load	3	4	0.316375537537	0.638934099562	4	693	0	
249	0	155	step_1_no_load	1	2	2	412	
249	0	155	step_2_no_load	5	6	0.372188990474	0.716100930629	5	1107	1	
249	0	156	step_1_no_load	1	2	2	663	
249	0	156	step_2_no_load	5	6	0.368378667812	0.734436160799	5	557	1	
249	0	157	step_1_no_load	1	2	2	434	
249	0	157	step_2_no_load	5	6	0.324728201487	0.720725456325	6	492	1	
249	0	158	step_1_no_load	1	2	2	722	
249	0	158	step_2_no_load	3	4	0.408728803896	0.532722108502	4	735	0	
249	0	159	step_1_no_load	1	2	2	359	
249	0	159	step_2_no_load	5	6	0.321150411254	0.697903160072	6	590	1	
249	0	160	step_1_no_load	1	2	2	512	
249	0	160	step_2_no_load	3	4	0.415052912783	0.521229931064	3	657	1	
249	0	161	step_1_no_load	1	2	2	474	
249	0	161	step_2_no_load	5	6	0.438878285506	0.719896286569	5	986	0	
249	0	162	step_1_no_load	1	2	2	526	
249	0	162	step_2_no_load	5	6	0.455329532209	0.695144769903	5	570	1	
249	0	163	step_1_no_load	1	2	2	541	
249	0	163	step_2_no_load	5	6	0.430920885959	0.697095951435	6	492	1	
249	0	164	step_1_no_load	1	2	2	443	
249	0	164	step_2_no_load	3	4	0.432761720497	0.585961845322	3	792	1	
249	0	165	step_1_no_load	1	2	2	450	
249	0	165	step_2_no_load	5	6	0.347974240867	0.717506143195	6	678	1	
249	0	166	step_1_no_load	1	2	2	519	
249	0	166	step_2_no_load	5	6	0.356317216644	0.686594248975	5	629	1	
249	0	167	step_1_no_load	1	2	2	444	
249	0	167	step_2_no_load	5	6	0.331115714939	0.706271792549	6	520	1	
249	0	168	step_1_no_load	1	2	2	440	
249	0	168	step_2_no_load	5	6	0.335777599654	0.67192508984	5	513	0	
249	0	169	step_1_no_load	1	2	2	444	
249	0	169	step_2_no_load	3	4	0.42098542374	0.586049140041	4	744	1	
249	0	170	step_1_no_load	1	2	2	713	
249	0	170	step_2_no_load	3	4	0.411067820436	0.57151385403	3	785	0	
249	0	171	step_1_no_load	1	2	2	530	
249	0	171	step_2_no_load	3	4	0.386979310814	0.553314431843	4	651	1	
249	0	172	step_1_no_load	1	2	2	1267	
249	0	172	step_2_no_load	5	6	0.490120307546	0.668669556875	5	963	0	
249	0	173	step_1_no_load	1	2	2	408	
249	0	173	step_2_no_load	5	6	0.462866379815	0.667027212577	6	556	0	
249	0	174	step_1_no_load	1	2	2	383	
249	0	174	step_2_no_load	5	6	0.46236234172	0.729877433725	5	628	1	
249	0	175	step_1_no_load	1	2	2	542	
249	0	175	step_2_no_load	5	6	0.484825491933	0.693968268443	5	937	0	
249	0	176	step_1_no_load	1	2	2	554	
249	0	176	step_2_no_load	5	6	0.500856457218	0.679250000396	6	508	1	
249	0	177	step_1_no_load	1	2	2	442	
249	0	177	step_2_no_load	3	4	0.357425668099	0.501268576771	4	732	1	
249	0	178	step_1_no_load	1	2	2	387	
249	0	178	step_2_no_load	5	6	0.49020858644	0.705993797498	6	1058	1	
249	0	179	step_1_no_load	1	2	2	340	
249	0	179	step_2_no_load	5	6	0.493565996034	0.709345707515	6	876	1	
249	0	180	step_1_no_load	1	2	2	385	
249	0	180	step_2_no_load	5	6	0.489345734128	0.719795072986	5	1443	0	
249	0	181	step_1_no_load	1	2	2	59	
249	0	181	step_2_no_load	5	6	0.480141179559	0.746910336326	5	845	0	
249	0	182	step_1_no_load	1	2	2	353	
249	0	182	step_2_no_load	5	6	0.49907747228	0.72717560423	5	529	0	
249	0	183	step_1_no_load	1	2	2	518	
249	0	183	step_2_no_load	5	6	0.492742497507	0.720388040749	5	536	1	
249	0	184	step_1_no_load	1	2	2	579	
249	0	184	step_2_no_load	5	6	0.480863422096	0.657291439324	5	856	0	
249	0	185	step_1_no_load	1	2	2	391	
249	0	185	step_2_no_load	3	4	0.362611152222	0.479703516092	4	861	0	
249	0	186	step_1_no_load	1	2	2	765	
249	0	186	step_2_no_load	5	6	0.484672582719	0.656308636836	6	1024	1	
249	0	187	step_1_no_load	1	2	2	782	
249	0	187	step_2_no_load	5	6	0.498596507669	0.678211978625	5	816	1	
249	0	188	step_1_no_load	1	2	2	532	
249	0	188	step_2_no_load	5	6	0.548350535247	0.696362660087	6	952	0	
249	0	189	step_1_no_load	1	2	2	354	
249	0	189	step_2_no_load	5	6	0.534753756004	0.688353284054	5	536	1	
249	0	190	step_1_no_load	1	2	2	606	
249	0	190	step_2_no_load	3	4	0.304557739386	0.433568856946	4	815	1	
249	0	191	step_1_no_load	1	2	2	451	
249	0	191	step_2_no_load	5	6	0.512103523931	0.664271461991	6	887	0	
249	0	192	step_1_no_load	1	2	2	584	
249	0	192	step_2_no_load	3	4	0.299297135717	0.450791310283	4	686	0	
249	0	193	step_1_no_load	1	2	2	382	
249	0	193	step_2_no_load	5	6	0.504944704439	0.679792491164	6	957	1	
249	0	194	step_1_no_load	1	2	2	526	
249	0	194	step_2_no_load	5	6	0.505359594715	0.655261361454	6	957	1	
249	0	195	step_1_no_load	1	2	2	537	
249	0	195	step_2_no_load	5	6	0.494102184238	0.646280688878	5	803	0	
249	0	196	step_1_no_load	1	2	2	356	
249	0	196	step_2_no_load	5	6	0.496717662777	0.695101215304	6	502	1	
249	0	197	step_1_no_load	1	2	2	346	
249	0	197	step_2_no_load	5	6	0.47786945426	0.686552522522	6	523	1	
249	0	198	step_1_no_load	1	2	2	427	
249	0	198	step_2_no_load	3	4	0.303352625941	0.397292432346	3	1023	0	
249	0	199	step_1_no_load	1	2	2	660	
249	0	199	step_2_no_load	3	4	0.292861528884	0.39793773834	4	1232	0	
249	0	200	step_1_no_load	1	2	2	445	
249	0	200	step_2_no_load	3	4	0.299128796668	0.372436949782	4	460	0	

Thu Jul  4 15:21:07 2019
