Fri Jul  5 14:36:58 2019	
250	0	1	step_1_no_load	1	2	1	387	
250	0	1	step_2_no_load	3	4	0.594299910136	0.511789129507	3	854	1	
250	0	2	step_1_no_load	1	2	1	627	
250	0	2	step_2_no_load	3	4	0.610961032466	0.533203491871	3	534	1	
250	0	3	step_1_no_load	1	2	1	564	
250	0	3	step_2_no_load	5	6	0.584197065669	0.476767372206	6	1196	1	
250	0	4	step_1_no_load	1	2	1	751	
250	0	4	step_2_no_load	3	4	0.564086293706	0.494597764192	3	654	1	
250	0	5	step_1_no_load	1	2	1	671	
250	0	5	step_2_no_load	3	4	0.576104915614	0.543908521457	3	741	1	
250	0	6	step_1_no_load	1	2	1	673	
250	0	6	step_2_no_load	3	4	0.603642866427	0.490454120702	3	504	0	
250	0	7	step_1_no_load	1	2	1	627	
250	0	7	step_2_no_load	5	6	0.568656746487	0.500071913476	-1	-1	-1	
250	0	8	step_1_no_load	1	2	1	578	
250	0	8	step_2_no_load	3	4	0.624210374623	0.499203529332	4	748	0	
250	0	9	step_1_no_load	1	2	1	312	
250	0	9	step_2_no_load	3	4	0.641106877158	0.54429228266	3	367	1	
250	0	10	step_1_no_load	1	2	1	464	
250	0	10	step_2_no_load	5	6	0.652626043146	0.482364178155	6	723	0	
250	0	11	step_1_no_load	1	2	1	495	
250	0	11	step_2_no_load	3	4	0.609191465743	0.59022801242	3	460	0	
250	0	12	step_1_no_load	1	2	1	322	
250	0	12	step_2_no_load	3	4	0.552770607849	0.597131918027	3	483	0	
250	0	13	step_1_no_load	1	2	1	291	
250	0	13	step_2_no_load	3	4	0.558313135925	0.595790490356	4	438	0	
250	0	14	step_1_no_load	1	2	2	333	
250	0	14	step_2_no_load	5	6	0.629137942344	0.491234392147	5	381	1	
250	0	15	step_1_no_load	1	2	2	388	
250	0	15	step_2_no_load	5	6	0.612260006668	0.505377237737	5	339	1	
250	0	16	step_1_no_load	1	2	2	289	
250	0	16	step_2_no_load	5	6	0.628091198119	0.510958036527	5	622	0	
250	0	17	step_1_no_load	1	2	2	257	
250	0	17	step_2_no_load	5	6	0.633350170016	0.535958400205	5	499	1	
250	0	18	step_1_no_load	1	2	2	593	
250	0	18	step_2_no_load	5	6	0.626834332012	0.517514133912	6	646	0	
250	0	19	step_1_no_load	1	2	2	394	
250	0	19	step_2_no_load	3	4	0.536502319591	0.644773170243	3	354	0	
250	0	20	step_1_no_load	1	2	2	617	
250	0	20	step_2_no_load	5	6	0.636521555122	0.478025448397	5	391	0	
250	0	21	step_1_no_load	1	2	2	293	
250	0	21	step_2_no_load	5	6	0.630305464549	0.49769376036	6	387	0	
250	0	22	step_1_no_load	1	2	2	395	
250	0	22	step_2_no_load	5	6	0.621949894727	0.506100011497	6	969	1	
250	0	23	step_1_no_load	1	2	1	884	
250	0	23	step_2_no_load	5	6	0.640163623731	0.520606588181	5	417	0	
250	0	24	step_1_no_load	1	2	1	279	
250	0	24	step_2_no_load	5	6	0.582115115688	0.505388876622	6	908	1	
250	0	25	step_1_no_load	1	2	2	475	
250	0	25	step_2_no_load	5	6	0.565698722896	0.503316372362	6	433	1	
250	0	26	step_1_no_load	1	2	2	491	
250	0	26	step_2_no_load	5	6	0.592410219737	0.511744353778	6	449	0	
250	0	27	step_1_no_load	1	2	2	332	
250	0	27	step_2_no_load	5	6	0.57860777711	0.507272671939	6	431	1	
250	0	28	step_1_no_load	1	2	2	317	
250	0	28	step_2_no_load	3	4	0.553259388875	0.647441527317	3	886	0	
250	0	29	step_1_no_load	1	2	2	468	
250	0	29	step_2_no_load	5	6	0.606613029227	0.521159009103	6	456	1	
250	0	30	step_1_no_load	1	2	2	403	
250	0	30	step_2_no_load	5	6	0.608245979832	0.4919199548	6	558	0	
250	0	31	step_1_no_load	1	2	2	555	
250	0	31	step_2_no_load	5	6	0.636602545794	0.483156722265	5	396	1	
250	0	32	step_1_no_load	1	2	2	654	
250	0	32	step_2_no_load	5	6	0.634585171267	0.520318771114	5	710	1	
250	0	33	step_1_no_load	1	2	2	433	
250	0	33	step_2_no_load	3	4	0.542309898544	0.618000238621	3	1121	0	
250	0	34	step_1_no_load	1	2	2	491	
250	0	34	step_2_no_load	5	6	0.575802910074	0.454565258478	5	968	0	
250	0	35	step_1_no_load	1	2	2	615	
250	0	35	step_2_no_load	5	6	0.566827313385	0.491437207585	6	862	1	
250	0	36	step_1_no_load	1	2	2	392	
250	0	36	step_2_no_load	5	6	0.527635087561	0.513210053121	6	705	0	
250	0	37	step_1_no_load	1	2	2	372	
250	0	37	step_2_no_load	5	6	0.513822304161	0.543074626387	5	874	1	
250	0	38	step_1_no_load	1	2	2	459	
250	0	38	step_2_no_load	5	6	0.539078491643	0.553931241266	5	378	0	
250	0	39	step_1_no_load	1	2	2	276	
250	0	39	step_2_no_load	3	4	0.610601635554	0.634483337633	4	255	1	
250	0	40	step_1_no_load	1	2	1	535	
250	0	40	step_2_no_load	3	4	0.607992802154	0.636994900683	4	615	1	
250	0	41	step_1_no_load	1	2	1	446	
250	0	41	step_2_no_load	3	4	0.588857868869	0.633285941184	4	902	0	
250	0	42	step_1_no_load	1	2	1	313	
250	0	42	step_2_no_load	3	4	0.609164606591	0.606696263624	3	360	1	
250	0	43	step_1_no_load	1	2	1	395	
250	0	43	step_2_no_load	3	4	0.612705031264	0.581931546759	3	469	1	
250	0	44	step_1_no_load	1	2	1	341	
250	0	44	step_2_no_load	5	6	0.541854396676	0.537842745081	5	402	1	
250	0	45	step_1_no_load	1	2	1	410	
250	0	45	step_2_no_load	3	4	0.632991467829	0.620699591043	3	369	1	
250	0	46	step_1_no_load	1	2	1	495	
250	0	46	step_2_no_load	5	6	0.55511883717	0.532238720495	5	924	1	
250	0	47	step_1_no_load	1	2	1	439	
250	0	47	step_2_no_load	5	6	0.546259467838	0.493112702321	5	769	1	
250	0	48	step_1_no_load	1	2	1	395	
250	0	48	step_2_no_load	5	6	0.534690828011	0.488280685105	5	1065	1	
250	0	49	step_1_no_load	1	2	1	537	
250	0	49	step_2_no_load	5	6	0.512405963374	0.489287375157	5	841	1	
250	0	50	step_1_no_load	1	2	1	422	
250	0	50	step_2_no_load	3	4	0.606862017918	0.593458480934	3	898	1	
250	0	51	step_1_no_load	1	2	1	696	
250	0	51	step_2_no_load	3	4	0.564866799699	0.613357430892	3	728	1	
250	0	52	step_1_no_load	1	2	1	554	
250	0	52	step_2_no_load	5	6	0.513589895419	0.429622901875	5	682	0	
250	0	53	step_1_no_load	1	2	1	427	
250	0	53	step_2_no_load	3	4	0.551457882502	0.630956764252	3	498	0	
250	0	54	step_1_no_load	1	2	1	527	
250	0	54	step_2_no_load	3	4	0.570223904064	0.652515308527	4	491	1	
250	0	55	step_1_no_load	1	2	1	433	
250	0	55	step_2_no_load	3	4	0.574045915747	0.639840796975	4	614	1	
250	0	56	step_1_no_load	1	2	1	362	
250	0	56	step_2_no_load	3	4	0.601856598146	0.60038825769	4	490	1	
250	0	57	step_1_no_load	1	2	1	518	
250	0	57	step_2_no_load	5	6	0.516475618243	0.466449077359	5	1107	1	
250	0	58	step_1_no_load	1	2	1	289	
250	0	58	step_2_no_load	3	4	0.664682809182	0.610896130115	3	383	1	
250	0	59	step_1_no_load	1	2	1	428	
250	0	59	step_2_no_load	3	4	0.632500293208	0.608951267756	3	266	0	
250	0	60	step_1_no_load	1	2	1	338	
250	0	60	step_2_no_load	3	4	0.623687406259	0.599559577859	4	367	1	
250	0	61	step_1_no_load	1	2	1	354	
250	0	61	step_2_no_load	3	4	0.669587072502	0.602879526975	3	388	1	
250	0	62	step_1_no_load	1	2	1	599	
250	0	62	step_2_no_load	3	4	0.691137204746	0.622820395113	3	1031	1	
250	0	63	step_1_no_load	1	2	1	373	
250	0	63	step_2_no_load	5	6	0.519445130796	0.53192660365	6	761	0	
250	0	64	step_1_no_load	1	2	1	451	
250	0	64	step_2_no_load	5	6	0.533849886794	0.555062911513	5	352	0	
250	0	65	step_1_no_load	1	2	1	416	
250	0	65	step_2_no_load	3	4	0.612660225018	0.619953360065	3	560	0	
250	0	66	step_1_no_load	1	2	1	929	
250	0	66	step_2_no_load	3	4	0.606938648072	0.630357351236	3	733	0	
250	0	67	step_1_no_load	1	2	1	386	
250	0	67	step_2_no_load	5	6	0.538279387614	0.542076810516	5	860	1	
250	0	68	step_1_no_load	1	2	1	499	
250	0	68	step_2_no_load	3	4	0.622963076372	0.719455209845	3	551	1	
250	0	69	step_1_no_load	1	2	1	387	
250	0	69	step_2_no_load	5	6	0.560462111264	0.499137600991	5	642	1	
250	0	70	step_1_no_load	1	2	2	732	
250	0	70	step_2_no_load	3	4	0.637556284465	0.697741832068	3	665	1	
250	0	71	step_1_no_load	1	2	2	427	
250	0	71	step_2_no_load	3	4	0.639174917797	0.706816191949	3	623	1	
250	0	72	step_1_no_load	1	2	1	660	
250	0	72	step_2_no_load	3	4	0.626024641967	0.705884789502	3	825	1	
250	0	73	step_1_no_load	1	2	1	603	
250	0	73	step_2_no_load	5	6	0.50185699984	0.435957313805	6	509	0	
250	0	74	step_1_no_load	1	2	1	340	
250	0	74	step_2_no_load	3	4	0.614462146454	0.693624670847	3	553	0	
250	0	75	step_1_no_load	1	2	1	374	
250	0	75	step_2_no_load	5	6	0.483983914712	0.44832280175	5	819	1	
250	0	76	step_1_no_load	1	2	1	386	
250	0	76	step_2_no_load	3	4	0.62770291155	0.690117652944	3	779	0	
250	0	77	step_1_no_load	1	2	1	270	
250	0	77	step_2_no_load	3	4	0.564257587118	0.679737625371	3	817	1	
250	0	78	step_1_no_load	1	2	1	488	
250	0	78	step_2_no_load	3	4	0.536711448352	0.647586191228	3	1178	0	
250	0	79	step_1_no_load	1	2	1	317	
250	0	79	step_2_no_load	5	6	0.540085062695	0.389124152368	5	1010	0	
250	0	80	step_1_no_load	1	2	1	500	
250	0	80	step_2_no_load	5	6	0.49921021142	0.396016175285	6	578	1	
250	0	81	step_1_no_load	1	2	1	381	
250	0	81	step_2_no_load	3	4	0.529745690463	0.702400933084	4	441	0	
250	0	82	step_1_no_load	1	2	1	241	
250	0	82	step_2_no_load	5	6	0.482727017837	0.395813831323	6	584	0	
250	0	83	step_1_no_load	1	2	1	264	
250	0	83	step_2_no_load	5	6	0.483255412498	0.382772464038	6	609	0	
250	0	84	step_1_no_load	1	2	1	479	
250	0	84	step_2_no_load	5	6	0.505586222209	0.385087938645	6	1371	1	
250	0	85	step_1_no_load	1	2	2	515	
250	0	85	step_2_no_load	5	6	0.485785534744	0.384458259121	6	778	0	
250	0	86	step_1_no_load	1	2	2	302	
250	0	86	step_2_no_load	5	6	0.486462788728	0.345323068124	5	325	0	
250	0	87	step_1_no_load	1	2	2	339	
250	0	87	step_2_no_load	3	4	0.719375344246	0.690012761069	4	621	0	
250	0	88	step_1_no_load	1	2	2	255	
250	0	88	step_2_no_load	5	6	0.509563243675	0.377947492322	6	757	1	
250	0	89	step_1_no_load	1	2	2	458	
250	0	89	step_2_no_load	3	4	0.690772436485	0.660112261017	3	553	1	
250	0	90	step_1_no_load	1	2	2	335	
250	0	90	step_2_no_load	3	4	0.712247848046	0.688736868033	3	391	1	
250	0	91	step_1_no_load	1	2	2	388	
250	0	91	step_2_no_load	5	6	0.479087223222	0.43534164751	5	261	0	
250	0	92	step_1_no_load	1	2	2	448	
250	0	92	step_2_no_load	3	4	0.692406274724	0.679381608313	4	536	0	
250	0	93	step_1_no_load	1	2	2	343	
250	0	93	step_2_no_load	5	6	0.473273727684	0.439878153082	5	370	1	
250	0	94	step_1_no_load	1	2	2	369	
250	0	94	step_2_no_load	3	4	0.719464414227	0.668295023896	3	605	1	
250	0	95	step_1_no_load	1	2	2	395	
250	0	95	step_2_no_load	5	6	0.42505578884	0.427150666411	5	342	0	
250	0	96	step_1_no_load	1	2	1	340	
250	0	96	step_2_no_load	5	6	0.437558890646	0.383038640121	5	653	0	
250	0	97	step_1_no_load	1	2	1	345	
250	0	97	step_2_no_load	3	4	0.681272614291	0.651202057411	3	892	1	
250	0	98	step_1_no_load	1	2	1	349	
250	0	98	step_2_no_load	3	4	0.70287861952	0.646040060297	4	357	0	
250	0	99	step_1_no_load	1	2	1	569	
250	0	99	step_2_no_load	3	4	0.673709850038	0.645191748454	3	318	0	
250	0	100	step_1_no_load	1	2	1	468	
250	0	100	step_2_no_load	3	4	0.666227451505	0.66579920021	3	472	0	
250	0	101	step_1_no_load	1	2	1	672	
250	0	101	step_2_no_load	3	4	0.623812401974	0.655903528958	3	678	0	
250	0	102	step_1_no_load	1	2	1	619	
250	0	102	step_2_no_load	3	4	0.666304534392	0.663124617603	4	381	1	
250	0	103	step_1_no_load	1	2	1	358	
250	0	103	step_2_no_load	3	4	0.663997796029	0.69058998368	4	472	0	
250	0	104	step_1_no_load	1	2	1	322	
250	0	104	step_2_no_load	3	4	0.703870701136	0.743372642809	4	472	0	
250	0	105	step_1_no_load	1	2	1	338	
250	0	105	step_2_no_load	3	4	0.689135357059	0.722851301692	3	265	1	
250	0	106	step_1_no_load	1	2	1	280	
250	0	106	step_2_no_load	3	4	0.712883638252	0.699623252899	3	390	0	
250	0	107	step_1_no_load	1	2	1	271	
250	0	107	step_2_no_load	3	4	0.692607431435	0.677514185929	3	352	1	
250	0	108	step_1_no_load	1	2	1	285	
250	0	108	step_2_no_load	5	6	0.388185708856	0.526955028982	5	621	1	
250	0	109	step_1_no_load	1	2	1	298	
250	0	109	step_2_no_load	5	6	0.372328831887	0.479977531501	5	795	1	
250	0	110	step_1_no_load	1	2	1	438	
250	0	110	step_2_no_load	5	6	0.395544455384	0.432626681236	5	1169	0	
250	0	111	step_1_no_load	1	2	1	363	
250	0	111	step_2_no_load	3	4	0.724852671171	0.634599547742	4	432	1	
250	0	112	step_1_no_load	1	2	1	366	
250	0	112	step_2_no_load	3	4	0.725701866094	0.635252945963	4	674	1	
250	0	113	step_1_no_load	1	2	1	354	
250	0	113	step_2_no_load	3	4	0.719324307956	0.634627459817	3	361	1	
250	0	114	step_1_no_load	1	2	1	327	
250	0	114	step_2_no_load	3	4	0.718213323791	0.657654904272	4	517	0	
250	0	115	step_1_no_load	1	2	1	306	
250	0	115	step_2_no_load	3	4	0.739704344621	0.645721217949	3	890	0	
250	0	116	step_1_no_load	1	2	1	294	
250	0	116	step_2_no_load	3	4	0.706736514943	0.680124293449	3	746	0	
250	0	117	step_1_no_load	1	2	1	378	
250	0	117	step_2_no_load	3	4	0.747012267642	0.671842537277	3	341	0	
250	0	118	step_1_no_load	1	2	1	326	
250	0	118	step_2_no_load	3	4	0.740051715856	0.690484235012	3	929	0	
250	0	119	step_1_no_load	1	2	1	269	
250	0	119	step_2_no_load	3	4	0.690424535099	0.661177321751	4	678	0	
250	0	120	step_1_no_load	1	2	1	228	
250	0	120	step_2_no_load	5	6	0.333809617664	0.370150243662	6	752	0	
250	0	121	step_1_no_load	1	2	2	403	
250	0	121	step_2_no_load	5	6	0.310775244958	0.352721767208	5	311	0	
250	0	122	step_1_no_load	1	2	1	280	
250	0	122	step_2_no_load	3	4	0.6136886145	0.672193618854	3	251	1	
250	0	123	step_1_no_load	1	2	1	544	
250	0	123	step_2_no_load	3	4	0.583607229978	0.664849878232	3	478	1	
250	0	124	step_1_no_load	1	2	1	584	
250	0	124	step_2_no_load	3	4	0.603013298253	0.624161788269	4	766	0	
250	0	125	step_1_no_load	1	2	1	171	
250	0	125	step_2_no_load	3	4	0.559596800931	0.633566302563	3	277	1	
250	0	126	step_1_no_load	1	2	1	397	
250	0	126	step_2_no_load	3	4	0.537863824328	0.600985760967	3	797	1	
250	0	127	step_1_no_load	1	2	1	411	
250	0	127	step_2_no_load	3	4	0.560824094575	0.646945556251	3	595	1	
250	0	128	step_1_no_load	1	2	1	472	
250	0	128	step_2_no_load	3	4	0.636905534066	0.620672334996	3	792	1	
250	0	129	step_1_no_load	1	2	1	335	
250	0	129	step_2_no_load	3	4	0.685297910719	0.632682846317	4	376	1	
250	0	130	step_1_no_load	1	2	1	285	
250	0	130	step_2_no_load	3	4	0.682031489739	0.630285316669	3	360	1	
250	0	131	step_1_no_load	1	2	1	469	
250	0	131	step_2_no_load	5	6	0.281500842289	0.311475039155	5	967	0	
250	0	132	step_1_no_load	1	2	1	436	
250	0	132	step_2_no_load	3	4	0.668578020634	0.660013924697	3	836	1	
250	0	133	step_1_no_load	1	2	1	337	
250	0	133	step_2_no_load	5	6	0.315608831386	0.312642735495	6	452	1	
250	0	134	step_1_no_load	1	2	1	359	
250	0	134	step_2_no_load	5	6	0.287393715313	0.302839427162	6	402	0	
250	0	135	step_1_no_load	1	2	1	667	
250	0	135	step_2_no_load	3	4	0.593710006149	0.700779221781	3	498	0	
250	0	136	step_1_no_load	1	2	1	324	
250	0	136	step_2_no_load	3	4	0.597814413435	0.674914008636	4	418	0	
250	0	137	step_1_no_load	1	2	1	378	
250	0	137	step_2_no_load	3	4	0.605896884497	0.668540846495	3	264	0	
250	0	138	step_1_no_load	1	2	1	318	
250	0	138	step_2_no_load	3	4	0.63240964674	0.688182193337	3	318	0	
250	0	139	step_1_no_load	1	2	1	297	
250	0	139	step_2_no_load	3	4	0.636630981281	0.696355985729	3	432	1	
250	0	140	step_1_no_load	1	2	1	328	
250	0	140	step_2_no_load	3	4	0.671213945178	0.637682840728	3	265	0	
250	0	141	step_1_no_load	1	2	1	631	
250	0	141	step_2_no_load	3	4	0.711987889705	0.616803346728	4	403	0	
250	0	142	step_1_no_load	1	2	1	493	
250	0	142	step_2_no_load	3	4	0.690276058009	0.627356259123	3	364	1	
250	0	143	step_1_no_load	1	2	1	425	
250	0	143	step_2_no_load	3	4	0.661365099615	0.610219102298	3	972	1	
250	0	144	step_1_no_load	1	2	1	566	
250	0	144	step_2_no_load	3	4	0.626443722248	0.639347300184	3	662	1	
250	0	145	step_1_no_load	1	2	1	357	
250	0	145	step_2_no_load	3	4	0.6669125229	0.606515632748	3	876	1	
250	0	146	step_1_no_load	1	2	1	348	
250	0	146	step_2_no_load	3	4	0.681611991725	0.593778463268	4	349	1	
250	0	147	step_1_no_load	1	2	1	261	
250	0	147	step_2_no_load	5	6	0.352879785946	0.265578160642	5	340	0	
250	0	148	step_1_no_load	1	2	1	346	
250	0	148	step_2_no_load	5	6	0.311162711725	0.305288021243	6	748	1	
250	0	149	step_1_no_load	1	2	1	562	
250	0	149	step_2_no_load	3	4	0.601870110183	0.623203869836	3	360	0	
250	0	150	step_1_no_load	1	2	1	440	
250	0	150	step_2_no_load	3	4	0.575985663078	0.605912419156	3	687	0	
250	0	151	step_1_no_load	1	2	1	323	
250	0	151	step_2_no_load	3	4	0.59154759351	0.614159737668	4	371	1	
250	0	152	step_1_no_load	1	2	1	339	
250	0	152	step_2_no_load	5	6	0.323194010514	0.307702500543	6	909	1	
250	0	153	step_1_no_load	1	2	1	598	
250	0	153	step_2_no_load	3	4	0.613336203392	0.681559292085	4	671	1	
250	0	154	step_1_no_load	1	2	1	359	
250	0	154	step_2_no_load	3	4	0.638934099562	0.671672162443	3	276	0	
250	0	155	step_1_no_load	1	2	1	309	
250	0	155	step_2_no_load	3	4	0.632486591889	0.716100930629	4	308	1	
250	0	156	step_1_no_load	1	2	1	442	
250	0	156	step_2_no_load	3	4	0.631048201903	0.734436160799	4	396	1	
250	0	157	step_1_no_load	1	2	1	394	
250	0	157	step_2_no_load	3	4	0.585191807512	0.720725456325	3	359	1	
250	0	158	step_1_no_load	1	2	1	325	
250	0	158	step_2_no_load	3	4	0.532722108502	0.694270715354	3	826	1	
250	0	159	step_1_no_load	1	2	1	412	
250	0	159	step_2_no_load	5	6	0.321150411254	0.413026375257	6	566	1	
250	0	160	step_1_no_load	1	2	1	427	
250	0	160	step_2_no_load	5	6	0.355992626298	0.415052912783	6	925	0	
250	0	161	step_1_no_load	1	2	1	473	
250	0	161	step_2_no_load	3	4	0.516036498158	0.719896286569	3	906	0	
250	0	162	step_1_no_load	1	2	2	563	
250	0	162	step_2_no_load	5	6	0.455329532209	0.3926701003	5	1011	1	
250	0	163	step_1_no_load	1	2	2	462	
250	0	163	step_2_no_load	5	6	0.430920885959	0.395221309311	5	476	0	
250	0	164	step_1_no_load	1	2	2	351	
250	0	164	step_2_no_load	3	4	0.585961845322	0.692137394606	4	354	1	
250	0	165	step_1_no_load	1	2	2	366	
250	0	165	step_2_no_load	5	6	0.347974240867	0.463777557969	6	678	1	
250	0	166	step_1_no_load	1	2	2	555	
250	0	166	step_2_no_load	5	6	0.356317216644	0.422282731054	6	642	0	
250	0	167	step_1_no_load	1	2	2	383	
250	0	167	step_2_no_load	5	6	0.331115714939	0.38753671275	6	423	1	
250	0	168	step_1_no_load	1	2	2	429	
250	0	168	step_2_no_load	5	6	0.335777599654	0.400817642375	5	988	0	
250	0	169	step_1_no_load	1	2	2	430	
250	0	169	step_2_no_load	5	6	0.365156560071	0.42098542374	6	708	0	
250	0	170	step_1_no_load	1	2	2	619	
250	0	170	step_2_no_load	5	6	0.364989630435	0.411067820436	5	1095	0	
250	0	171	step_1_no_load	1	2	2	551	
250	0	171	step_2_no_load	5	6	0.425122034074	0.386979310814	6	678	1	
250	0	172	step_1_no_load	1	2	2	412	
250	0	172	step_2_no_load	3	4	0.519090471457	0.668669556875	3	893	1	
250	0	173	step_1_no_load	1	2	2	324	
250	0	173	step_2_no_load	5	6	0.462866379815	0.385349297983	6	479	1	
250	0	174	step_1_no_load	1	2	2	429	
250	0	174	step_2_no_load	3	4	0.472729524832	0.729877433725	3	911	1	
250	0	175	step_1_no_load	1	2	2	419	
250	0	175	step_2_no_load	5	6	0.484825491933	0.426185553904	6	718	0	
250	0	176	step_1_no_load	1	2	2	583	
250	0	176	step_2_no_load	5	6	0.500856457218	0.383231572002	5	818	0	
250	0	177	step_1_no_load	1	2	2	293	
250	0	177	step_2_no_load	5	6	0.4798184927	0.357425668099	6	320	1	
250	0	178	step_1_no_load	1	2	2	434	
250	0	178	step_2_no_load	3	4	0.493712351915	0.705993797498	3	914	1	
250	0	179	step_1_no_load	1	2	2	506	
250	0	179	step_2_no_load	3	4	0.457298770028	0.709345707515	4	548	1	
250	0	180	step_1_no_load	1	2	2	353	
250	0	180	step_2_no_load	5	6	0.489345734128	0.341214611607	6	762	1	
250	0	181	step_1_no_load	1	2	2	614	
250	0	181	step_2_no_load	3	4	0.508735114046	0.746910336326	3	1269	1	
250	0	182	step_1_no_load	1	2	2	362	
250	0	182	step_2_no_load	5	6	0.49907747228	0.340533666308	6	799	0	
250	0	183	step_1_no_load	1	2	2	441	
250	0	183	step_2_no_load	3	4	0.502991759047	0.720388040749	3	711	1	
250	0	184	step_1_no_load	1	2	2	274	
250	0	184	step_2_no_load	5	6	0.480863422096	0.362743255194	6	299	0	
250	0	185	step_1_no_load	1	2	2	354	
250	0	185	step_2_no_load	3	4	0.479703516092	0.665622647081	3	683	0	
250	0	186	step_1_no_load	1	2	2	278	
250	0	186	step_2_no_load	3	4	0.46870859828	0.656308636836	3	1062	1	
250	0	187	step_1_no_load	1	2	2	398	
250	0	187	step_2_no_load	5	6	0.498596507669	0.328890769988	5	637	0	
250	0	188	step_1_no_load	1	2	2	389	
250	0	188	step_2_no_load	3	4	0.471319680586	0.696362660087	3	533	1	
250	0	189	step_1_no_load	1	2	2	586	
250	0	189	step_2_no_load	5	6	0.534753756004	0.285168135955	6	586	0	
250	0	190	step_1_no_load	1	2	1	396	
250	0	190	step_2_no_load	3	4	0.433568856946	0.667655825994	3	336	0	
250	0	191	step_1_no_load	1	2	1	279	
250	0	191	step_2_no_load	3	4	0.435748387321	0.664271461991	3	266	1	
250	0	192	step_1_no_load	1	2	1	275	
250	0	192	step_2_no_load	5	6	0.493851022417	0.299297135717	6	795	1	
250	0	193	step_1_no_load	1	2	1	279	
250	0	193	step_2_no_load	5	6	0.504944704439	0.321008037746	5	626	1	
250	0	194	step_1_no_load	1	2	1	289	
250	0	194	step_2_no_load	3	4	0.433250459893	0.655261361454	4	559	1	
250	0	195	step_1_no_load	1	2	1	347	
250	0	195	step_2_no_load	5	6	0.494102184238	0.348571348505	6	474	0	
250	0	196	step_1_no_load	1	2	1	77	
250	0	196	step_2_no_load	3	4	0.421761207498	0.695101215304	3	730	1	
250	0	197	step_1_no_load	1	2	1	312	
250	0	197	step_2_no_load	3	4	0.422511153127	0.686552522522	3	637	1	
250	0	198	step_1_no_load	1	2	1	748	
250	0	198	step_2_no_load	3	4	0.397292432346	0.68660989813	3	912	0	
250	0	199	step_1_no_load	1	2	1	694	
250	0	199	step_2_no_load	3	4	0.39793773834	0.73697129762	4	491	1	
250	0	200	step_1_no_load	1	2	1	565	
250	0	200	step_2_no_load	3	4	0.372436949782	0.728996708473	3	882	0	

Fri Jul  5 14:54:57 2019
