Tue Jul  9 14:42:08 2019	
251	0	1	step_1_no_load	1	2	1	1002	
251	0	1	step_2_no_load	3	4	0.511789129507	0.594299910136	3	1223	1	
251	0	2	step_1_no_load	1	2	1	601	
251	0	2	step_2_no_load	5	6	0.474613197709	0.580156942153	5	745	1	
251	0	3	step_1_no_load	1	2	1	608	
251	0	3	step_2_no_load	3	4	0.516002945397	0.589215227351	3	947	1	
251	0	4	step_1_no_load	1	2	1	642	
251	0	4	step_2_no_load	3	4	0.494597764192	0.564086293706	3	669	0	
251	0	5	step_1_no_load	1	2	1	746	
251	0	5	step_2_no_load	5	6	0.495568760483	0.623810210114	-1	-1	-1	
251	0	6	step_1_no_load	1	2	1	502	
251	0	6	step_2_no_load	3	4	0.490454120702	0.603642866427	3	946	1	
251	0	7	step_1_no_load	1	2	1	576	
251	0	7	step_2_no_load	3	4	0.506408070053	0.622642364361	3	931	1	
251	0	8	step_1_no_load	1	2	1	255	
251	0	8	step_2_no_load	3	4	0.499203529332	0.624210374623	3	45	1	
251	0	9	step_1_no_load	1	2	1	399	
251	0	9	step_2_no_load	3	4	0.54429228266	0.641106877158	3	428	1	
251	0	10	step_1_no_load	1	2	1	356	
251	0	10	step_2_no_load	3	4	0.576063520885	0.636063269715	4	1204	0	
251	0	11	step_1_no_load	1	2	1	386	
251	0	11	step_2_no_load	3	4	0.59022801242	0.609191465743	3	490	1	
251	0	12	step_1_no_load	1	2	1	391	
251	0	12	step_2_no_load	5	6	0.48457206759	0.682786328054	6	933	1	
251	0	13	step_1_no_load	1	2	1	1014	
251	0	13	step_2_no_load	5	6	0.52012981853	0.653587098421	6	767	1	
251	0	14	step_1_no_load	1	2	1	534	
251	0	14	step_2_no_load	3	4	0.611256675753	0.545555696267	3	1286	1	
251	0	15	step_1_no_load	1	2	1	307	
251	0	15	step_2_no_load	3	4	0.633564630036	0.570419113221	3	728	1	
251	0	16	step_1_no_load	1	2	1	550	
251	0	16	step_2_no_load	3	4	0.626326396372	0.553308964466	3	863	1	
251	0	17	step_1_no_load	1	2	1	295	
251	0	17	step_2_no_load	3	4	0.643116883134	0.562895132605	3	637	0	
251	0	18	step_1_no_load	1	2	1	394	
251	0	18	step_2_no_load	3	4	0.626895526976	0.553554620302	3	1118	1	
251	0	19	step_1_no_load	1	2	1	339	
251	0	19	step_2_no_load	3	4	0.644773170243	0.536502319591	3	679	1	
251	0	20	step_1_no_load	1	2	1	377	
251	0	20	step_2_no_load	3	4	0.60665343963	0.491720931314	3	648	1	
251	0	21	step_1_no_load	1	2	1	301	
251	0	21	step_2_no_load	5	6	0.49769376036	0.630305464549	6	873	1	
251	0	22	step_1_no_load	1	2	1	421	
251	0	22	step_2_no_load	3	4	0.618527126547	0.468700882609	3	1068	1	
251	0	23	step_1_no_load	1	2	1	353	
251	0	23	step_2_no_load	3	4	0.604065470975	0.513759772011	3	858	0	
251	0	24	step_1_no_load	1	2	1	327	
251	0	24	step_2_no_load	3	4	0.5800912085	0.503316199018	3	511	0	
251	0	25	step_1_no_load	1	2	1	382	
251	0	25	step_2_no_load	3	4	0.629917901014	0.503605105412	4	613	1	
251	0	26	step_1_no_load	1	2	1	331	
251	0	26	step_2_no_load	5	6	0.511744353778	0.592410219737	6	869	1	
251	0	27	step_1_no_load	1	2	1	394	
251	0	27	step_2_no_load	5	6	0.507272671939	0.57860777711	6	945	0	
251	0	28	step_1_no_load	1	2	1	350	
251	0	28	step_2_no_load	3	4	0.647441527317	0.553259388875	3	1130	1	
251	0	29	step_1_no_load	1	2	1	396	
251	0	29	step_2_no_load	3	4	0.618626354124	0.561957580386	3	757	0	
251	0	30	step_1_no_load	1	2	1	285	
251	0	30	step_2_no_load	5	6	0.4919199548	0.608245979832	6	889	1	
251	0	31	step_1_no_load	1	2	1	481	
251	0	31	step_2_no_load	3	4	0.606122691795	0.541819886458	-1	-1	-1	
251	0	32	step_1_no_load	1	2	1	419	
251	0	32	step_2_no_load	3	4	0.605616211083	0.522993086096	3	573	1	
251	0	33	step_1_no_load	1	2	1	338	
251	0	33	step_2_no_load	3	4	0.618000238621	0.542309898544	3	508	0	
251	0	34	step_1_no_load	1	2	1	305	
251	0	34	step_2_no_load	3	4	0.670290552209	0.538523758058	4	501	1	
251	0	35	step_1_no_load	1	2	1	552	
251	0	35	step_2_no_load	3	4	0.649776015006	0.594167768198	4	502	1	
251	0	36	step_1_no_load	1	2	1	294	
251	0	36	step_2_no_load	3	4	0.661229326326	0.611274573488	4	482	1	
251	0	37	step_1_no_load	1	2	1	304	
251	0	37	step_2_no_load	3	4	0.660658056664	0.598446394142	4	455	1	
251	0	38	step_1_no_load	1	2	1	410	
251	0	38	step_2_no_load	3	4	0.651263699161	0.595113730206	4	663	1	
251	0	39	step_1_no_load	1	2	1	370	
251	0	39	step_2_no_load	3	4	0.634483337633	0.610601635554	4	469	1	
251	0	40	step_1_no_load	1	2	1	343	
251	0	40	step_2_no_load	3	4	0.636994900683	0.607992802154	4	344	0	
251	0	41	step_1_no_load	1	2	1	277	
251	0	41	step_2_no_load	5	6	0.583829055298	0.524862294848	6	931	1	
251	0	42	step_1_no_load	1	2	1	333	
251	0	42	step_2_no_load	3	4	0.606696263624	0.609164606591	4	1129	0	
251	0	43	step_1_no_load	1	2	1	317	
251	0	43	step_2_no_load	5	6	0.548128010644	0.553703096215	6	767	1	
251	0	44	step_1_no_load	1	2	1	286	
251	0	44	step_2_no_load	5	6	0.537842745081	0.541854396676	6	1002	0	
251	0	45	step_1_no_load	1	2	1	292	
251	0	45	step_2_no_load	3	4	0.620699591043	0.632991467829	4	1089	1	
251	0	46	step_1_no_load	1	2	1	341	
251	0	46	step_2_no_load	3	4	0.654261318712	0.600964500555	4	491	1	
251	0	47	step_1_no_load	1	2	1	333	
251	0	47	step_2_no_load	5	6	0.493112702321	0.546259467838	6	367	0	
251	0	48	step_1_no_load	1	2	1	279	
251	0	48	step_2_no_load	5	6	0.488280685105	0.534690828011	5	409	0	
251	0	49	step_1_no_load	1	2	1	266	
251	0	49	step_2_no_load	5	6	0.489287375157	0.512405963374	6	864	1	
251	0	50	step_1_no_load	1	2	1	420	
251	0	50	step_2_no_load	3	4	0.593458480934	0.606862017918	4	944	1	
251	0	51	step_1_no_load	1	2	1	273	
251	0	51	step_2_no_load	3	4	0.613357430892	0.564866799699	4	486	0	
251	0	52	step_1_no_load	1	2	1	332	
251	0	52	step_2_no_load	5	6	0.429622901875	0.513589895419	6	927	0	
251	0	53	step_1_no_load	1	2	1	314	
251	0	53	step_2_no_load	5	6	0.451905460347	0.475342927439	5	481	0	
251	0	54	step_1_no_load	1	2	1	270	
251	0	54	step_2_no_load	3	4	0.652515308527	0.570223904064	3	660	1	
251	0	55	step_1_no_load	1	2	1	328	
251	0	55	step_2_no_load	3	4	0.639840796975	0.574045915747	3	425	1	
251	0	56	step_1_no_load	1	2	1	299	
251	0	56	step_2_no_load	5	6	0.459773408493	0.538512915562	5	486	0	
251	0	57	step_1_no_load	1	2	1	275	
251	0	57	step_2_no_load	5	6	0.466449077359	0.516475618243	6	652	0	
251	0	58	step_1_no_load	1	2	1	228	
251	0	58	step_2_no_load	3	4	0.610896130115	0.664682809182	4	358	0	
251	0	59	step_1_no_load	1	2	1	249	
251	0	59	step_2_no_load	3	4	0.608951267756	0.632500293208	3	585	0	
251	0	60	step_1_no_load	1	2	1	270	
251	0	60	step_2_no_load	3	4	0.599559577859	0.623687406259	4	730	1	
251	0	61	step_1_no_load	1	2	1	281	
251	0	61	step_2_no_load	5	6	0.464268875813	0.527144452559	5	891	0	
251	0	62	step_1_no_load	1	2	1	284	
251	0	62	step_2_no_load	3	4	0.622820395113	0.691137204746	4	541	0	
251	0	63	step_1_no_load	1	2	1	259	
251	0	63	step_2_no_load	5	6	0.53192660365	0.519445130796	5	393	0	
251	0	64	step_1_no_load	1	2	1	277	
251	0	64	step_2_no_load	3	4	0.626149195169	0.642369708469	3	760	1	
251	0	65	step_1_no_load	1	2	1	487	
251	0	65	step_2_no_load	3	4	0.619953360065	0.612660225018	3	542	1	
251	0	66	step_1_no_load	1	2	1	385	
251	0	66	step_2_no_load	3	4	0.630357351236	0.606938648072	4	763	1	
251	0	67	step_1_no_load	1	2	1	309	
251	0	67	step_2_no_load	3	4	0.674463681351	0.597650193897	3	892	1	
251	0	68	step_1_no_load	1	2	1	585	
251	0	68	step_2_no_load	3	4	0.719455209845	0.622963076372	4	826	1	
251	0	69	step_1_no_load	1	2	1	338	
251	0	69	step_2_no_load	3	4	0.718756538957	0.622221685203	4	393	0	
251	0	70	step_1_no_load	1	2	1	326	
251	0	70	step_2_no_load	3	4	0.697741832068	0.637556284465	4	317	0	
251	0	71	step_1_no_load	1	2	1	330	
251	0	71	step_2_no_load	3	4	0.706816191949	0.639174917797	3	419	0	
251	0	72	step_1_no_load	1	2	1	374	
251	0	72	step_2_no_load	3	4	0.705884789502	0.626024641967	4	479	0	
251	0	73	step_1_no_load	1	2	1	261	
251	0	73	step_2_no_load	3	4	0.727961155836	0.657126403029	3	329	1	
251	0	74	step_1_no_load	1	2	1	322	
251	0	74	step_2_no_load	5	6	0.453420386428	0.491044983779	6	976	1	
251	0	75	step_1_no_load	1	2	1	312	
251	0	75	step_2_no_load	5	6	0.44832280175	0.483983914712	6	737	0	
251	0	76	step_1_no_load	1	2	1	280	
251	0	76	step_2_no_load	3	4	0.690117652944	0.62770291155	3	470	0	
251	0	77	step_1_no_load	1	2	1	281	
251	0	77	step_2_no_load	3	4	0.679737625371	0.564257587118	4	407	1	
251	0	78	step_1_no_load	1	2	1	540	
251	0	78	step_2_no_load	3	4	0.647586191228	0.536711448352	4	570	1	
251	0	79	step_1_no_load	1	2	1	352	
251	0	79	step_2_no_load	5	6	0.389124152368	0.540085062695	5	1272	0	
251	0	80	step_1_no_load	1	2	1	321	
251	0	80	step_2_no_load	3	4	0.703969305517	0.518583383166	4	983	0	
251	0	81	step_1_no_load	1	2	1	305	
251	0	81	step_2_no_load	3	4	0.702400933084	0.529745690463	4	500	0	
251	0	82	step_1_no_load	1	2	1	306	
251	0	82	step_2_no_load	3	4	0.688340116885	0.564729328387	3	508	0	
251	0	83	step_1_no_load	1	2	1	289	
251	0	83	step_2_no_load	3	4	0.726885136842	0.607907985871	3	513	0	
251	0	84	step_1_no_load	1	2	1	236	
251	0	84	step_2_no_load	5	6	0.385087938645	0.505586222209	6	804	1	
251	0	85	step_1_no_load	1	2	1	273	
251	0	85	step_2_no_load	3	4	0.712989604416	0.692384972752	4	511	1	
251	0	86	step_1_no_load	1	2	1	261	
251	0	86	step_2_no_load	3	4	0.721207648497	0.691782850001	4	411	1	
251	0	87	step_1_no_load	1	2	1	283	
251	0	87	step_2_no_load	3	4	0.690012761069	0.719375344246	4	352	1	
251	0	88	step_1_no_load	1	2	1	326	
251	0	88	step_2_no_load	3	4	0.696773608304	0.717410082358	4	444	0	
251	0	89	step_1_no_load	1	2	1	303	
251	0	89	step_2_no_load	3	4	0.660112261017	0.690772436485	4	461	1	
251	0	90	step_1_no_load	1	2	1	418	
251	0	90	step_2_no_load	5	6	0.411459496853	0.530126112124	5	832	0	
251	0	91	step_1_no_load	1	2	1	277	
251	0	91	step_2_no_load	3	4	0.657820521772	0.685023809334	4	398	1	
251	0	92	step_1_no_load	1	2	1	291	
251	0	92	step_2_no_load	3	4	0.679381608313	0.692406274724	4	562	0	
251	0	93	step_1_no_load	1	2	1	291	
251	0	93	step_2_no_load	3	4	0.662863370634	0.70415710998	4	529	0	
251	0	94	step_1_no_load	1	2	1	325	
251	0	94	step_2_no_load	5	6	0.429211756872	0.468637558205	6	913	1	
251	0	95	step_1_no_load	1	2	1	305	
251	0	95	step_2_no_load	3	4	0.640209855442	0.715495469274	3	586	1	
251	0	96	step_1_no_load	1	2	1	498	
251	0	96	step_2_no_load	5	6	0.383038640121	0.437558890646	6	695	0	
251	0	97	step_1_no_load	1	2	1	285	
251	0	97	step_2_no_load	3	4	0.651202057411	0.681272614291	3	422	1	
251	0	98	step_1_no_load	1	2	1	274	
251	0	98	step_2_no_load	3	4	0.646040060297	0.70287861952	3	789	1	
251	0	99	step_1_no_load	1	2	1	295	
251	0	99	step_2_no_load	3	4	0.645191748454	0.673709850038	3	589	0	
251	0	100	step_1_no_load	1	2	1	315	
251	0	100	step_2_no_load	3	4	0.66579920021	0.666227451505	4	558	1	
251	0	101	step_1_no_load	1	2	1	311	
251	0	101	step_2_no_load	3	4	0.655903528958	0.623812401974	3	489	1	
251	0	102	step_1_no_load	1	2	1	354	
251	0	102	step_2_no_load	5	6	0.494584754513	0.326080462175	6	843	1	
251	0	103	step_1_no_load	1	2	1	314	
251	0	103	step_2_no_load	5	6	0.481975449893	0.322834495838	6	518	0	
251	0	104	step_1_no_load	1	2	1	367	
251	0	104	step_2_no_load	3	4	0.743372642809	0.703870701136	4	1147	1	
251	0	105	step_1_no_load	1	2	1	263	
251	0	105	step_2_no_load	3	4	0.722851301692	0.689135357059	4	757	0	
251	0	106	step_1_no_load	1	2	1	277	
251	0	106	step_2_no_load	5	6	0.508908032404	0.374131494222	6	1058	1	
251	0	107	step_1_no_load	1	2	1	407	
251	0	107	step_2_no_load	3	4	0.677514185929	0.692607431435	3	670	0	
251	0	108	step_1_no_load	1	2	1	222	
251	0	108	step_2_no_load	5	6	0.526955028982	0.388185708856	6	687	0	
251	0	109	step_1_no_load	1	2	1	257	
251	0	109	step_2_no_load	5	6	0.479977531501	0.372328831887	5	432	1	
251	0	110	step_1_no_load	1	2	1	266	
251	0	110	step_2_no_load	3	4	0.65455226558	0.729599891941	4	449	1	
251	0	111	step_1_no_load	1	2	1	338	
251	0	111	step_2_no_load	3	4	0.634599547742	0.724852671171	4	548	1	
251	0	112	step_1_no_load	1	2	1	338	
251	0	112	step_2_no_load	5	6	0.392887565883	0.413393106784	5	730	0	
251	0	113	step_1_no_load	1	2	1	298	
251	0	113	step_2_no_load	3	4	0.634627459817	0.719324307956	4	692	1	
251	0	114	step_1_no_load	1	2	1	320	
251	0	114	step_2_no_load	3	4	0.657654904272	0.718213323791	4	461	1	
251	0	115	step_1_no_load	1	2	1	246	
251	0	115	step_2_no_load	5	6	0.390027643099	0.357661171116	5	664	1	
251	0	116	step_1_no_load	1	2	1	260	
251	0	116	step_2_no_load	3	4	0.680124293449	0.706736514943	4	701	1	
251	0	117	step_1_no_load	1	2	1	337	
251	0	117	step_2_no_load	3	4	0.671842537277	0.747012267642	4	410	1	
251	0	118	step_1_no_load	1	2	1	291	
251	0	118	step_2_no_load	5	6	0.357645851833	0.362977115924	5	457	0	
251	0	119	step_1_no_load	1	2	1	275	
251	0	119	step_2_no_load	5	6	0.357515098446	0.358243439099	5	968	0	
251	0	120	step_1_no_load	1	2	1	254	
251	0	120	step_2_no_load	5	6	0.370150243662	0.333809617664	5	577	0	
251	0	121	step_1_no_load	1	2	1	351	
251	0	121	step_2_no_load	5	6	0.352721767208	0.310775244958	6	391	0	
251	0	122	step_1_no_load	1	2	1	359	
251	0	122	step_2_no_load	3	4	0.672193618854	0.6136886145	4	332	0	
251	0	123	step_1_no_load	1	2	1	236	
251	0	123	step_2_no_load	3	4	0.664849878232	0.583607229978	3	437	1	
251	0	124	step_1_no_load	1	2	1	269	
251	0	124	step_2_no_load	3	4	0.624161788269	0.603013298253	3	602	0	
251	0	125	step_1_no_load	1	2	1	295	
251	0	125	step_2_no_load	3	4	0.633566302563	0.559596800931	3	372	1	
251	0	126	step_1_no_load	1	2	1	307	
251	0	126	step_2_no_load	5	6	0.300846667696	0.267206368684	6	882	0	
251	0	127	step_1_no_load	1	2	1	278	
251	0	127	step_2_no_load	3	4	0.646945556251	0.560824094575	3	563	0	
251	0	128	step_1_no_load	1	2	1	262	
251	0	128	step_2_no_load	3	4	0.620672334996	0.636905534066	3	543	1	
251	0	129	step_1_no_load	1	2	1	373	
251	0	129	step_2_no_load	5	6	0.271709703542	0.268213321963	6	541	1	
251	0	130	step_1_no_load	1	2	1	255	
251	0	130	step_2_no_load	3	4	0.630285316669	0.682031489739	4	536	1	
251	0	131	step_1_no_load	1	2	1	385	
251	0	131	step_2_no_load	3	4	0.638450601212	0.678044920845	4	469	1	
251	0	132	step_1_no_load	1	2	1	316	
251	0	132	step_2_no_load	3	4	0.660013924697	0.668578020634	4	384	1	
251	0	133	step_1_no_load	1	2	1	549	
251	0	133	step_2_no_load	3	4	0.691649444281	0.617383991623	4	506	0	
251	0	134	step_1_no_load	1	2	1	263	
251	0	134	step_2_no_load	3	4	0.685529359147	0.621945110858	4	618	1	
251	0	135	step_1_no_load	1	2	1	630	
251	0	135	step_2_no_load	3	4	0.700779221781	0.593710006149	4	503	1	
251	0	136	step_1_no_load	1	2	1	351	
251	0	136	step_2_no_load	5	6	0.284521085726	0.307766925452	6	993	0	
251	0	137	step_1_no_load	1	2	1	290	
251	0	137	step_2_no_load	3	4	0.668540846495	0.605896884497	4	782	1	
251	0	138	step_1_no_load	1	2	1	334	
251	0	138	step_2_no_load	5	6	0.307694123906	0.366701525561	5	375	0	
251	0	139	step_1_no_load	1	2	1	282	
251	0	139	step_2_no_load	3	4	0.696355985729	0.636630981281	3	583	1	
251	0	140	step_1_no_load	1	2	1	261	
251	0	140	step_2_no_load	3	4	0.637682840728	0.671213945178	4	459	1	
251	0	141	step_1_no_load	1	2	1	288	
251	0	141	step_2_no_load	5	6	0.311809871418	0.390227133375	5	662	1	
251	0	142	step_1_no_load	1	2	1	265	
251	0	142	step_2_no_load	3	4	0.627356259123	0.690276058009	4	520	1	
251	0	143	step_1_no_load	1	2	1	254	
251	0	143	step_2_no_load	3	4	0.610219102298	0.661365099615	4	416	0	
251	0	144	step_1_no_load	1	2	1	273	
251	0	144	step_2_no_load	3	4	0.639347300184	0.626443722248	4	447	1	
251	0	145	step_1_no_load	1	2	1	272	
251	0	145	step_2_no_load	3	4	0.606515632748	0.6669125229	4	419	1	
251	0	146	step_1_no_load	1	2	1	291	
251	0	146	step_2_no_load	3	4	0.593778463268	0.681611991725	4	476	1	
251	0	147	step_1_no_load	1	2	1	305	
251	0	147	step_2_no_load	5	6	0.265578160642	0.352879785946	5	673	0	
251	0	148	step_1_no_load	1	2	1	264	
251	0	148	step_2_no_load	3	4	0.648050021239	0.619272702026	4	483	1	
251	0	149	step_1_no_load	1	2	1	482	
251	0	149	step_2_no_load	3	4	0.623203869836	0.601870110183	4	748	1	
251	0	150	step_1_no_load	1	2	1	528	
251	0	150	step_2_no_load	3	4	0.605912419156	0.575985663078	4	583	0	
251	0	151	step_1_no_load	1	2	1	367	
251	0	151	step_2_no_load	3	4	0.614159737668	0.59154759351	3	465	0	
251	0	152	step_1_no_load	1	2	1	269	
251	0	152	step_2_no_load	3	4	0.644204174791	0.595108765344	4	405	0	
251	0	153	step_1_no_load	1	2	1	257	
251	0	153	step_2_no_load	5	6	0.309356532263	0.343622632154	6	989	1	
251	0	154	step_1_no_load	1	2	1	365	
251	0	154	step_2_no_load	3	4	0.671672162443	0.638934099562	4	411	0	
251	0	155	step_1_no_load	1	2	1	329	
251	0	155	step_2_no_load	3	4	0.716100930629	0.632486591889	3	748	1	
251	0	156	step_1_no_load	1	2	1	282	
251	0	156	step_2_no_load	3	4	0.734436160799	0.631048201903	3	589	1	
251	0	157	step_1_no_load	1	2	1	308	
251	0	157	step_2_no_load	3	4	0.720725456325	0.585191807512	3	521	0	
251	0	158	step_1_no_load	1	2	1	259	
251	0	158	step_2_no_load	3	4	0.694270715354	0.532722108502	3	479	1	
251	0	159	step_1_no_load	1	2	1	271	
251	0	159	step_2_no_load	3	4	0.697903160072	0.541222065796	3	477	1	
251	0	160	step_1_no_load	1	2	1	285	
251	0	160	step_2_no_load	5	6	0.415052912783	0.355992626298	6	764	1	
251	0	161	step_1_no_load	1	2	1	346	
251	0	161	step_2_no_load	5	6	0.407025633682	0.438878285506	6	502	0	
251	0	162	step_1_no_load	1	2	1	250	
251	0	162	step_2_no_load	3	4	0.695144769903	0.566496468084	3	813	1	
251	0	163	step_1_no_load	1	2	1	303	
251	0	163	step_2_no_load	5	6	0.395221309311	0.430920885959	5	850	1	
251	0	164	step_1_no_load	1	2	1	329	
251	0	164	step_2_no_load	5	6	0.432761720497	0.430844125626	5	578	0	
251	0	165	step_1_no_load	1	2	1	224	
251	0	165	step_2_no_load	3	4	0.717506143195	0.538026607649	3	648	1	
251	0	166	step_1_no_load	1	2	1	450	
251	0	166	step_2_no_load	5	6	0.422282731054	0.356317216644	6	808	1	
251	0	167	step_1_no_load	1	2	1	352	
251	0	167	step_2_no_load	3	4	0.706271792549	0.585131062446	3	827	1	
251	0	168	step_1_no_load	1	2	1	319	
251	0	168	step_2_no_load	3	4	0.67192508984	0.613361520676	3	559	0	
251	0	169	step_1_no_load	1	2	1	292	
251	0	169	step_2_no_load	5	6	0.42098542374	0.365156560071	6	772	0	
251	0	170	step_1_no_load	1	2	1	270	
251	0	170	step_2_no_load	3	4	0.67334314737	0.57151385403	3	356	1	
251	0	171	step_1_no_load	1	2	1	281	
251	0	171	step_2_no_load	3	4	0.727248140829	0.553314431843	3	605	0	
251	0	172	step_1_no_load	1	2	1	245	
251	0	172	step_2_no_load	3	4	0.668669556875	0.519090471457	4	417	1	
251	0	173	step_1_no_load	1	2	1	315	
251	0	173	step_2_no_load	5	6	0.385349297983	0.462866379815	6	964	1	
251	0	174	step_1_no_load	1	2	1	355	
251	0	174	step_2_no_load	5	6	0.387867297446	0.46236234172	6	678	1	
251	0	175	step_1_no_load	1	2	1	368	
251	0	175	step_2_no_load	3	4	0.693968268443	0.52644949356	3	837	0	
251	0	176	step_1_no_load	1	2	1	279	
251	0	176	step_2_no_load	5	6	0.383231572002	0.500856457218	6	692	0	
251	0	177	step_1_no_load	1	2	1	267	
251	0	177	step_2_no_load	5	6	0.357425668099	0.4798184927	5	786	1	
251	0	178	step_1_no_load	1	2	1	287	
251	0	178	step_2_no_load	3	4	0.705993797498	0.493712351915	4	401	0	
251	0	179	step_1_no_load	1	2	1	455	
251	0	179	step_2_no_load	3	4	0.709345707515	0.457298770028	3	596	1	
251	0	180	step_1_no_load	1	2	1	247	
251	0	180	step_2_no_load	3	4	0.719795072986	0.482853857291	3	540	0	
251	0	181	step_1_no_load	1	2	1	329	
251	0	181	step_2_no_load	5	6	0.342402764747	0.480141179559	5	804	1	
251	0	182	step_1_no_load	1	2	1	270	
251	0	182	step_2_no_load	5	6	0.340533666308	0.49907747228	5	651	1	
251	0	183	step_1_no_load	1	2	1	367	
251	0	183	step_2_no_load	3	4	0.720388040749	0.502991759047	4	407	0	
251	0	184	step_1_no_load	1	2	1	280	
251	0	184	step_2_no_load	3	4	0.657291439324	0.460890977786	4	493	0	
251	0	185	step_1_no_load	1	2	1	365	
251	0	185	step_2_no_load	3	4	0.665622647081	0.479703516092	3	358	1	
251	0	186	step_1_no_load	1	2	1	275	
251	0	186	step_2_no_load	3	4	0.656308636836	0.46870859828	3	529	0	
251	0	187	step_1_no_load	1	2	1	302	
251	0	187	step_2_no_load	5	6	0.328890769988	0.498596507669	6	821	1	
251	0	188	step_1_no_load	1	2	1	316	
251	0	188	step_2_no_load	3	4	0.696362660087	0.471319680586	4	1153	1	
251	0	189	step_1_no_load	1	2	1	291	
251	0	189	step_2_no_load	3	4	0.688353284054	0.448897869069	4	585	1	
251	0	190	step_1_no_load	1	2	1	338	
251	0	190	step_2_no_load	5	6	0.304557739386	0.505820429042	6	876	1	
251	0	191	step_1_no_load	1	2	1	421	
251	0	191	step_2_no_load	3	4	0.664271461991	0.435748387321	4	513	1	
251	0	192	step_1_no_load	1	2	1	356	
251	0	192	step_2_no_load	5	6	0.299297135717	0.493851022417	6	689	1	
251	0	193	step_1_no_load	1	2	1	408	
251	0	193	step_2_no_load	3	4	0.679792491164	0.440813209638	4	615	0	
251	0	194	step_1_no_load	1	2	1	285	
251	0	194	step_2_no_load	3	4	0.655261361454	0.433250459893	3	473	1	
251	0	195	step_1_no_load	1	2	1	235	
251	0	195	step_2_no_load	3	4	0.646280688878	0.466795336969	3	566	0	
251	0	196	step_1_no_load	1	2	1	246	
251	0	196	step_2_no_load	3	4	0.695101215304	0.421761207498	4	444	1	
251	0	197	step_1_no_load	1	2	1	283	
251	0	197	step_2_no_load	3	4	0.686552522522	0.422511153127	4	483	1	
251	0	198	step_1_no_load	1	2	1	327	
251	0	198	step_2_no_load	3	4	0.68660989813	0.397292432346	4	494	0	
251	0	199	step_1_no_load	1	2	1	287	
251	0	199	step_2_no_load	3	4	0.73697129762	0.39793773834	4	351	1	
251	0	200	step_1_no_load	1	2	1	341	
251	0	200	step_2_no_load	3	4	0.728996708473	0.372436949782	4	459	0	

Tue Jul  9 15:01:36 2019
