Wed Jul 10 15:26:32 2019	
252	0	1	step_1_no_load	1	2	-1	-1	
252	0	2	step_1_no_load	1	2	1	664	
252	0	2	step_2_no_load	3	4	0.610961032466	0.533203491871	-1	-1	-1	
252	0	3	step_1_no_load	1	2	1	632	
252	0	3	step_2_no_load	5	6	0.584197065669	0.476767372206	6	462	0	
252	0	4	step_1_no_load	1	2	1	400	
252	0	4	step_2_no_load	5	6	0.597491569846	0.478607661228	5	379	1	
252	0	5	step_1_no_load	1	2	1	599	
252	0	5	step_2_no_load	3	4	0.576104915614	0.543908521457	3	199	1	
252	0	6	step_1_no_load	1	2	1	442	
252	0	6	step_2_no_load	3	4	0.603642866427	0.490454120702	4	962	1	
252	0	7	step_1_no_load	1	2	1	471	
252	0	7	step_2_no_load	5	6	0.568656746487	0.500071913476	5	589	0	
252	0	8	step_1_no_load	1	2	1	360	
252	0	8	step_2_no_load	3	4	0.624210374623	0.499203529332	4	763	0	
252	0	9	step_1_no_load	1	2	1	326	
252	0	9	step_2_no_load	3	4	0.641106877158	0.54429228266	3	371	1	
252	0	10	step_1_no_load	1	2	1	380	
252	0	10	step_2_no_load	5	6	0.652626043146	0.482364178155	5	1208	1	
252	0	11	step_1_no_load	1	2	1	394	
252	0	11	step_2_no_load	5	6	0.69163818036	0.477013315682	5	349	0	
252	0	12	step_1_no_load	1	2	1	246	
252	0	12	step_2_no_load	5	6	0.682786328054	0.48457206759	6	1256	1	
252	0	13	step_1_no_load	1	2	1	541	
252	0	13	step_2_no_load	3	4	0.558313135925	0.595790490356	3	867	1	
252	0	14	step_1_no_load	1	2	1	382	
252	0	14	step_2_no_load	5	6	0.629137942344	0.491234392147	6	784	1	
252	0	15	step_1_no_load	1	2	1	437	
252	0	15	step_2_no_load	3	4	0.570419113221	0.633564630036	3	1012	0	
252	0	16	step_1_no_load	1	2	1	332	
252	0	16	step_2_no_load	5	6	0.628091198119	0.510958036527	6	787	0	
252	0	17	step_1_no_load	1	2	1	228	
252	0	17	step_2_no_load	3	4	0.562895132605	0.643116883134	3	418	0	
252	0	18	step_1_no_load	1	2	1	1	
252	0	18	step_2_no_load	5	6	0.626834332012	0.517514133912	-1	-1	-1	
252	0	19	step_1_no_load	1	2	1	354	
252	0	19	step_2_no_load	5	6	0.619895761657	0.498240186199	6	647	0	
252	0	20	step_1_no_load	1	2	1	392	
252	0	20	step_2_no_load	3	4	0.491720931314	0.60665343963	4	1242	1	
252	0	21	step_1_no_load	1	2	1	447	
252	0	21	step_2_no_load	3	4	0.470207377245	0.611328949295	4	698	0	
252	0	22	step_1_no_load	1	2	1	324	
252	0	22	step_2_no_load	3	4	0.468700882609	0.618527126547	3	991	0	
252	0	23	step_1_no_load	1	2	1	841	
252	0	23	step_2_no_load	5	6	0.640163623731	0.520606588181	5	1352	0	
252	0	24	step_1_no_load	1	2	1	429	
252	0	24	step_2_no_load	3	4	0.503316199018	0.5800912085	-1	-1	-1	
252	0	25	step_1_no_load	1	2	1	451	
252	0	25	step_2_no_load	3	4	0.503605105412	0.629917901014	4	447	1	
252	0	26	step_1_no_load	1	2	1	757	
252	0	26	step_2_no_load	3	4	0.532884212818	0.640635035276	4	903	1	
252	0	27	step_1_no_load	1	2	1	621	
252	0	27	step_2_no_load	5	6	0.57860777711	0.507272671939	5	1129	0	
252	0	28	step_1_no_load	1	2	1	403	
252	0	28	step_2_no_load	3	4	0.553259388875	0.647441527317	3	892	0	
252	0	29	step_1_no_load	1	2	1	537	
252	0	29	step_2_no_load	5	6	0.606613029227	0.521159009103	6	717	0	
252	0	30	step_1_no_load	1	2	1	361	
252	0	30	step_2_no_load	3	4	0.574272497114	0.610227092493	4	1033	0	
252	0	31	step_1_no_load	1	2	1	412	
252	0	31	step_2_no_load	3	4	0.541819886458	0.606122691795	3	828	1	
252	0	32	step_1_no_load	1	2	1	766	
252	0	32	step_2_no_load	3	4	0.522993086096	0.605616211083	3	1142	1	
252	0	33	step_1_no_load	1	2	1	540	
252	0	33	step_2_no_load	5	6	0.611700032906	0.487664344039	6	611	1	
252	0	34	step_1_no_load	1	2	1	374	
252	0	34	step_2_no_load	3	4	0.538523758058	0.670290552209	3	1388	1	
252	0	35	step_1_no_load	1	2	1	535	
252	0	35	step_2_no_load	3	4	0.594167768198	0.649776015006	3	461	1	
252	0	36	step_1_no_load	1	2	1	300	
252	0	36	step_2_no_load	5	6	0.527635087561	0.513210053121	6	788	0	
252	0	37	step_1_no_load	1	2	1	841	
252	0	37	step_2_no_load	3	4	0.598446394142	0.660658056664	-1	-1	-1	
252	0	38	step_1_no_load	1	2	1	0	
252	0	38	step_2_no_load	5	6	0.539078491643	0.553931241266	6	574	1	
252	0	39	step_1_no_load	1	2	1	468	
252	0	39	step_2_no_load	3	4	0.610601635554	0.634483337633	3	1061	1	
252	0	40	step_1_no_load	1	2	1	455	
252	0	40	step_2_no_load	5	6	0.580760785074	0.5691386571	6	1253	0	
252	0	41	step_1_no_load	1	2	1	450	
252	0	41	step_2_no_load	5	6	0.524862294848	0.583829055298	5	1130	0	
252	0	42	step_1_no_load	1	2	1	311	
252	0	42	step_2_no_load	5	6	0.533857158543	0.553461946234	6	486	1	
252	0	43	step_1_no_load	1	2	1	401	
252	0	43	step_2_no_load	5	6	0.553703096215	0.548128010644	6	820	1	
252	0	44	step_1_no_load	1	2	1	552	
252	0	44	step_2_no_load	3	4	0.611481438855	0.589653131867	3	1097	1	
252	0	45	step_1_no_load	1	2	1	587	
252	0	45	step_2_no_load	5	6	0.579346234508	0.5288039409	6	564	0	
252	0	46	step_1_no_load	1	2	1	0	
252	0	46	step_2_no_load	3	4	0.600964500555	0.654261318712	3	468	1	
252	0	47	step_1_no_load	1	2	1	331	
252	0	47	step_2_no_load	3	4	0.598724660986	0.634373567175	3	983	0	
252	0	48	step_1_no_load	1	2	1	835	
252	0	48	step_2_no_load	3	4	0.615767119776	0.657624935632	3	846	1	
252	0	49	step_1_no_load	1	2	1	393	
252	0	49	step_2_no_load	5	6	0.512405963374	0.489287375157	6	1025	1	
252	0	50	step_1_no_load	1	2	1	317	
252	0	50	step_2_no_load	5	6	0.481616544184	0.47381367271	-1	-1	-1	
252	0	51	step_1_no_load	1	2	1	751	
252	0	51	step_2_no_load	3	4	0.564866799699	0.613357430892	3	969	1	
252	0	52	step_1_no_load	1	2	1	493	
252	0	52	step_2_no_load	5	6	0.513589895419	0.429622901875	6	616	0	
252	0	53	step_1_no_load	1	2	1	358	
252	0	53	step_2_no_load	5	6	0.475342927439	0.451905460347	5	1082	1	
252	0	54	step_1_no_load	1	2	1	520	
252	0	54	step_2_no_load	5	6	0.493362545513	0.491512498697	5	485	1	
252	0	55	step_1_no_load	1	2	1	467	
252	0	55	step_2_no_load	3	4	0.574045915747	0.639840796975	4	826	1	
252	0	56	step_1_no_load	1	2	1	316	
252	0	56	step_2_no_load	3	4	0.601856598146	0.60038825769	3	645	1	
252	0	57	step_1_no_load	1	2	1	0	
252	0	57	step_2_no_load	3	4	0.641849303307	0.586335094239	3	339	1	
252	0	58	step_1_no_load	1	2	2	468	
252	0	58	step_2_no_load	3	4	0.664682809182	0.610896130115	3	634	0	
252	0	59	step_1_no_load	1	2	1	496	
252	0	59	step_2_no_load	3	4	0.632500293208	0.608951267756	-1	-1	-1	
252	0	60	step_1_no_load	1	2	1	630	
252	0	60	step_2_no_load	3	4	0.623687406259	0.599559577859	4	1229	0	
252	0	61	step_1_no_load	1	2	1	362	
252	0	61	step_2_no_load	3	4	0.669587072502	0.602879526975	3	517	1	
252	0	62	step_1_no_load	1	2	1	719	
252	0	62	step_2_no_load	3	4	0.691137204746	0.622820395113	3	456	0	
252	0	63	step_1_no_load	1	2	1	344	
252	0	63	step_2_no_load	3	4	0.664284493458	0.642623127313	3	659	1	
252	0	64	step_1_no_load	1	2	1	546	
252	0	64	step_2_no_load	3	4	0.642369708469	0.626149195169	3	747	1	
252	0	65	step_1_no_load	1	2	1	391	
252	0	65	step_2_no_load	3	4	0.612660225018	0.619953360065	3	527	0	
252	0	66	step_1_no_load	1	2	1	497	
252	0	66	step_2_no_load	5	6	0.555324764318	0.573761869714	6	416	0	
252	0	67	step_1_no_load	1	2	1	131	
252	0	67	step_2_no_load	5	6	0.538279387614	0.542076810516	5	480	0	
252	0	68	step_1_no_load	1	2	1	661	
252	0	68	step_2_no_load	5	6	0.523301545299	0.509127161919	6	1197	1	
252	0	69	step_1_no_load	1	2	1	484	
252	0	69	step_2_no_load	3	4	0.622221685203	0.718756538957	3	597	0	
252	0	70	step_1_no_load	1	2	1	331	
252	0	70	step_2_no_load	3	4	0.637556284465	0.697741832068	4	719	1	
252	0	71	step_1_no_load	1	2	1	606	
252	0	71	step_2_no_load	3	4	0.639174917797	0.706816191949	3	620	1	
252	0	72	step_1_no_load	1	2	1	490	
252	0	72	step_2_no_load	3	4	0.626024641967	0.705884789502	3	653	0	
252	0	73	step_1_no_load	1	2	1	315	
252	0	73	step_2_no_load	3	4	0.657126403029	0.727961155836	3	686	1	
252	0	74	step_1_no_load	1	2	1	601	
252	0	74	step_2_no_load	5	6	0.491044983779	0.453420386428	-1	-1	-1	
252	0	75	step_1_no_load	1	2	1	389	
252	0	75	step_2_no_load	3	4	0.615552849174	0.697629587097	3	403	1	
252	0	76	step_1_no_load	1	2	1	557	
252	0	76	step_2_no_load	3	4	0.62770291155	0.690117652944	3	459	1	
252	0	77	step_1_no_load	1	2	1	53	
252	0	77	step_2_no_load	5	6	0.538119616568	0.446809557226	6	951	0	
252	0	78	step_1_no_load	1	2	-1	-1	
252	0	79	step_1_no_load	1	2	-1	-1	
252	0	80	step_1_no_load	1	2	-1	-1	
252	0	81	step_1_no_load	1	2	-1	-1	
252	0	82	step_1_no_load	1	2	1	649	
252	0	82	step_2_no_load	3	4	0.564729328387	0.688340116885	3	750	0	
252	0	83	step_1_no_load	1	2	1	485	
252	0	83	step_2_no_load	3	4	0.607907985871	0.726885136842	3	1195	0	
252	0	84	step_1_no_load	1	2	1	465	
252	0	84	step_2_no_load	3	4	0.65843840156	0.731466635793	4	689	1	
252	0	85	step_1_no_load	1	2	1	741	
252	0	85	step_2_no_load	5	6	0.485785534744	0.384458259121	5	438	1	
252	0	86	step_1_no_load	1	2	1	460	
252	0	86	step_2_no_load	3	4	0.691782850001	0.721207648497	3	669	0	
252	0	87	step_1_no_load	1	2	2	742	
252	0	87	step_2_no_load	5	6	0.493867001103	0.40000499778	5	756	0	
252	0	88	step_1_no_load	1	2	1	0	
252	0	88	step_2_no_load	5	6	0.509563243675	0.377947492322	6	1340	1	
252	0	89	step_1_no_load	1	2	1	1347	
252	0	89	step_2_no_load	3	4	0.690772436485	0.660112261017	3	987	0	
252	0	90	step_1_no_load	1	2	2	593	
252	0	90	step_2_no_load	5	6	0.530126112124	0.411459496853	5	775	0	
252	0	91	step_1_no_load	1	2	1	401	
252	0	91	step_2_no_load	3	4	0.685023809334	0.657820521772	3	804	1	
252	0	92	step_1_no_load	1	2	1	382	
252	0	92	step_2_no_load	3	4	0.692406274724	0.679381608313	4	552	0	
252	0	93	step_1_no_load	1	2	1	471	
252	0	93	step_2_no_load	3	4	0.70415710998	0.662863370634	3	449	1	
252	0	94	step_1_no_load	1	2	1	373	
252	0	94	step_2_no_load	3	4	0.719464414227	0.668295023896	3	974	1	
252	0	95	step_1_no_load	1	2	1	267	
252	0	95	step_2_no_load	3	4	0.715495469274	0.640209855442	3	633	1	
252	0	96	step_1_no_load	1	2	1	993	
252	0	96	step_2_no_load	3	4	0.693739812506	0.663095813561	3	828	1	
252	0	97	step_1_no_load	1	2	1	366	
252	0	97	step_2_no_load	3	4	0.681272614291	0.651202057411	3	602	1	
252	0	98	step_1_no_load	1	2	1	359	
252	0	98	step_2_no_load	5	6	0.431479829356	0.409778171713	5	313	0	
252	0	99	step_1_no_load	1	2	1	583	
252	0	99	step_2_no_load	5	6	0.375249961522	0.397561363605	-1	-1	-1	
252	0	100	step_1_no_load	1	2	1	633	
252	0	100	step_2_no_load	3	4	0.666227451505	0.66579920021	3	815	1	
252	0	101	step_1_no_load	1	2	1	378	
252	0	101	step_2_no_load	3	4	0.623812401974	0.655903528958	3	480	1	
252	0	102	step_1_no_load	1	2	-1	-1	
252	0	103	step_1_no_load	1	2	1	664	
252	0	103	step_2_no_load	5	6	0.322834495838	0.481975449893	5	368	1	
252	0	104	step_1_no_load	1	2	-1	-1	
252	0	105	step_1_no_load	1	2	1	467	
252	0	105	step_2_no_load	3	4	0.689135357059	0.722851301692	3	583	1	
252	0	106	step_1_no_load	1	2	1	333	
252	0	106	step_2_no_load	3	4	0.712883638252	0.699623252899	3	484	1	
252	0	107	step_1_no_load	1	2	1	594	
252	0	107	step_2_no_load	3	4	0.692607431435	0.677514185929	4	805	0	
252	0	108	step_1_no_load	1	2	2	585	
252	0	108	step_2_no_load	5	6	0.388185708856	0.526955028982	6	944	1	
252	0	109	step_1_no_load	1	2	-1	-1	
252	0	110	step_1_no_load	1	2	1	449	
252	0	110	step_2_no_load	3	4	0.729599891941	0.65455226558	-1	-1	-1	
252	0	111	step_1_no_load	1	2	1	681	
252	0	111	step_2_no_load	3	4	0.724852671171	0.634599547742	-1	-1	-1	
252	0	112	step_1_no_load	1	2	1	1274	
252	0	112	step_2_no_load	3	4	0.725701866094	0.635252945963	-1	-1	-1	
252	0	113	step_1_no_load	1	2	1	541	
252	0	113	step_2_no_load	5	6	0.387112818105	0.370697120277	5	567	0	
252	0	114	step_1_no_load	1	2	1	420	
252	0	114	step_2_no_load	3	4	0.718213323791	0.657654904272	3	340	0	
252	0	115	step_1_no_load	1	2	1	341	
252	0	115	step_2_no_load	3	4	0.739704344621	0.645721217949	4	622	1	
252	0	116	step_1_no_load	1	2	1	392	
252	0	116	step_2_no_load	3	4	0.706736514943	0.680124293449	4	710	1	
252	0	117	step_1_no_load	1	2	1	602	
252	0	117	step_2_no_load	3	4	0.747012267642	0.671842537277	4	976	1	
252	0	118	step_1_no_load	1	2	1	455	
252	0	118	step_2_no_load	3	4	0.740051715856	0.690484235012	4	665	1	
252	0	119	step_1_no_load	1	2	-1	-1	
252	0	120	step_1_no_load	1	2	1	416	
252	0	120	step_2_no_load	3	4	0.70587238626	0.666433355915	4	522	1	
252	0	121	step_1_no_load	1	2	1	523	
252	0	121	step_2_no_load	5	6	0.310775244958	0.352721767208	6	1288	1	
252	0	122	step_1_no_load	1	2	1	299	
252	0	122	step_2_no_load	3	4	0.6136886145	0.672193618854	4	415	0	
252	0	123	step_1_no_load	1	2	1	602	
252	0	123	step_2_no_load	3	4	0.583607229978	0.664849878232	3	804	1	
252	0	124	step_1_no_load	1	2	1	1116	
252	0	124	step_2_no_load	3	4	0.603013298253	0.624161788269	3	1349	1	
252	0	125	step_1_no_load	1	2	1	444	
252	0	125	step_2_no_load	3	4	0.559596800931	0.633566302563	3	533	1	
252	0	126	step_1_no_load	1	2	1	363	
252	0	126	step_2_no_load	3	4	0.537863824328	0.600985760967	3	487	1	
252	0	127	step_1_no_load	1	2	1	417	
252	0	127	step_2_no_load	3	4	0.560824094575	0.646945556251	3	416	0	
252	0	128	step_1_no_load	1	2	1	424	
252	0	128	step_2_no_load	5	6	0.260252451606	0.250790232267	6	532	0	
252	0	129	step_1_no_load	1	2	-1	-1	
252	0	130	step_1_no_load	1	2	1	514	
252	0	130	step_2_no_load	3	4	0.682031489739	0.630285316669	4	567	0	
252	0	131	step_1_no_load	1	2	1	477	
252	0	131	step_2_no_load	5	6	0.281500842289	0.311475039155	5	389	0	
252	0	132	step_1_no_load	1	2	1	313	
252	0	132	step_2_no_load	3	4	0.668578020634	0.660013924697	3	124	1	
252	0	133	step_1_no_load	1	2	1	420	
252	0	133	step_2_no_load	5	6	0.315608831386	0.312642735495	5	441	0	
252	0	134	step_1_no_load	1	2	1	324	
252	0	134	step_2_no_load	3	4	0.621945110858	0.685529359147	3	825	0	
252	0	135	step_1_no_load	1	2	-1	-1	
252	0	136	step_1_no_load	1	2	1	1082	
252	0	136	step_2_no_load	3	4	0.597814413435	0.674914008636	3	1367	1	
252	0	137	step_1_no_load	1	2	1	517	
252	0	137	step_2_no_load	3	4	0.605896884497	0.668540846495	3	614	1	
252	0	138	step_1_no_load	1	2	1	452	
252	0	138	step_2_no_load	3	4	0.63240964674	0.688182193337	3	444	1	
252	0	139	step_1_no_load	1	2	1	557	
252	0	139	step_2_no_load	3	4	0.636630981281	0.696355985729	3	438	1	
252	0	140	step_1_no_load	1	2	1	1	
252	0	140	step_2_no_load	3	4	0.671213945178	0.637682840728	-1	-1	-1	
252	0	141	step_1_no_load	1	2	1	737	
252	0	141	step_2_no_load	3	4	0.711987889705	0.616803346728	-1	-1	-1	
252	0	142	step_1_no_load	1	2	1	459	
252	0	142	step_2_no_load	3	4	0.690276058009	0.627356259123	3	621	0	
252	0	143	step_1_no_load	1	2	1	529	
252	0	143	step_2_no_load	3	4	0.661365099615	0.610219102298	4	409	1	
252	0	144	step_1_no_load	1	2	1	420	
252	0	144	step_2_no_load	5	6	0.389234194056	0.275932517017	5	910	1	
252	0	145	step_1_no_load	1	2	1	644	
252	0	145	step_2_no_load	5	6	0.355256413269	0.266265924094	6	1487	0	
252	0	146	step_1_no_load	1	2	1	705	
252	0	146	step_2_no_load	3	4	0.681611991725	0.593778463268	3	577	1	
252	0	147	step_1_no_load	1	2	-1	-1	
252	0	148	step_1_no_load	1	2	1	0	
252	0	148	step_2_no_load	5	6	0.311162711725	0.305288021243	6	808	1	
252	0	149	step_1_no_load	1	2	1	544	
252	0	149	step_2_no_load	3	4	0.601870110183	0.623203869836	4	964	1	
252	0	150	step_1_no_load	1	2	1	433	
252	0	150	step_2_no_load	3	4	0.575985663078	0.605912419156	3	998	1	
252	0	151	step_1_no_load	1	2	1	542	
252	0	151	step_2_no_load	3	4	0.59154759351	0.614159737668	3	533	1	
252	0	152	step_1_no_load	1	2	1	705	
252	0	152	step_2_no_load	5	6	0.323194010514	0.307702500543	5	1118	0	
252	0	153	step_1_no_load	1	2	1	793	
252	0	153	step_2_no_load	3	4	0.613336203392	0.681559292085	-1	-1	-1	
252	0	154	step_1_no_load	1	2	-1	-1	
252	0	155	step_1_no_load	1	2	1	1144	
252	0	155	step_2_no_load	3	4	0.632486591889	0.716100930629	3	1220	0	
252	0	156	step_1_no_load	1	2	1	329	
252	0	156	step_2_no_load	5	6	0.368378667812	0.32564867104	5	744	1	
252	0	157	step_1_no_load	1	2	1	476	
252	0	157	step_2_no_load	3	4	0.585191807512	0.720725456325	3	1055	0	
252	0	158	step_1_no_load	1	2	-1	-1	
252	0	159	step_1_no_load	1	2	-1	-1	
252	0	160	step_1_no_load	1	2	-1	-1	
252	0	161	step_1_no_load	1	2	1	548	
252	0	161	step_2_no_load	5	6	0.438878285506	0.407025633682	6	733	1	
252	0	162	step_1_no_load	1	2	1	715	
252	0	162	step_2_no_load	3	4	0.566496468084	0.695144769903	3	718	0	
252	0	163	step_1_no_load	1	2	1	412	
252	0	163	step_2_no_load	5	6	0.430920885959	0.395221309311	6	865	0	
252	0	164	step_1_no_load	1	2	1	719	
252	0	164	step_2_no_load	3	4	0.585961845322	0.692137394606	4	877	1	
252	0	165	step_1_no_load	1	2	1	477	
252	0	165	step_2_no_load	3	4	0.538026607649	0.717506143195	4	1064	1	
252	0	166	step_1_no_load	1	2	1	470	
252	0	166	step_2_no_load	3	4	0.549095060025	0.686594248975	4	684	0	
252	0	167	step_1_no_load	1	2	1	420	
252	0	167	step_2_no_load	3	4	0.585131062446	0.706271792549	3	495	1	
252	0	168	step_1_no_load	1	2	1	473	
252	0	168	step_2_no_load	3	4	0.613361520676	0.67192508984	4	503	1	
252	0	169	step_1_no_load	1	2	1	454	
252	0	169	step_2_no_load	3	4	0.586049140041	0.704981910944	4	889	1	
252	0	170	step_1_no_load	1	2	1	643	
252	0	170	step_2_no_load	5	6	0.364989630435	0.411067820436	5	450	0	
252	0	171	step_1_no_load	1	2	1	528	
252	0	171	step_2_no_load	3	4	0.553314431843	0.727248140829	4	684	1	
252	0	172	step_1_no_load	1	2	1	675	
252	0	172	step_2_no_load	3	4	0.519090471457	0.668669556875	4	443	0	
252	0	173	step_1_no_load	1	2	1	359	
252	0	173	step_2_no_load	5	6	0.462866379815	0.385349297983	6	1201	0	
252	0	174	step_1_no_load	1	2	1	429	
252	0	174	step_2_no_load	5	6	0.46236234172	0.387867297446	6	935	1	
252	0	175	step_1_no_load	1	2	-1	-1	
252	0	176	step_1_no_load	1	2	1	0	
252	0	176	step_2_no_load	3	4	0.474046874473	0.679250000396	3	1086	1	
252	0	177	step_1_no_load	1	2	1	399	
252	0	177	step_2_no_load	3	4	0.501268576771	0.714070205704	3	610	0	
252	0	178	step_1_no_load	1	2	1	1181	
252	0	178	step_2_no_load	3	4	0.493712351915	0.705993797498	4	1340	1	
252	0	179	step_1_no_load	1	2	1	598	
252	0	179	step_2_no_load	3	4	0.457298770028	0.709345707515	4	779	1	
252	0	180	step_1_no_load	1	2	1	549	
252	0	180	step_2_no_load	5	6	0.489345734128	0.341214611607	6	1109	0	
252	0	181	step_1_no_load	1	2	1	498	
252	0	181	step_2_no_load	3	4	0.508735114046	0.746910336326	3	771	1	
252	0	182	step_1_no_load	1	2	1	579	
252	0	182	step_2_no_load	3	4	0.506773281362	0.72717560423	4	940	1	
252	0	183	step_1_no_load	1	2	1	623	
252	0	183	step_2_no_load	3	4	0.502991759047	0.720388040749	4	1060	0	
252	0	184	step_1_no_load	1	2	1	562	
252	0	184	step_2_no_load	3	4	0.460890977786	0.657291439324	3	604	0	
252	0	185	step_1_no_load	1	2	2	505	
252	0	185	step_2_no_load	5	6	0.482228039858	0.362611152222	5	658	0	
252	0	186	step_1_no_load	1	2	1	846	
252	0	186	step_2_no_load	3	4	0.46870859828	0.656308636836	3	763	0	
252	0	187	step_1_no_load	1	2	2	558	
252	0	187	step_2_no_load	5	6	0.498596507669	0.328890769988	5	657	0	
252	0	188	step_1_no_load	1	2	1	385	
252	0	188	step_2_no_load	3	4	0.471319680586	0.696362660087	3	488	0	
252	0	189	step_1_no_load	1	2	1	271	
252	0	189	step_2_no_load	5	6	0.534753756004	0.285168135955	5	791	0	
252	0	190	step_1_no_load	1	2	1	293	
252	0	190	step_2_no_load	3	4	0.433568856946	0.667655825994	3	560	0	
252	0	191	step_1_no_load	1	2	1	1260	
252	0	191	step_2_no_load	3	4	0.435748387321	0.664271461991	-1	-1	-1	
252	0	192	step_1_no_load	1	2	1	368	
252	0	192	step_2_no_load	3	4	0.450791310283	0.705517419189	4	284	1	
252	0	193	step_1_no_load	1	2	1	461	
252	0	193	step_2_no_load	3	4	0.440813209638	0.679792491164	4	722	0	
252	0	194	step_1_no_load	1	2	1	390	
252	0	194	step_2_no_load	5	6	0.505359594715	0.342437174514	6	910	0	
252	0	195	step_1_no_load	1	2	1	468	
252	0	195	step_2_no_load	3	4	0.466795336969	0.646280688878	3	673	0	
252	0	196	step_1_no_load	1	2	1	388	
252	0	196	step_2_no_load	5	6	0.496717662777	0.365373286058	6	721	1	
252	0	197	step_1_no_load	1	2	1	463	
252	0	197	step_2_no_load	3	4	0.422511153127	0.686552522522	3	320	1	
252	0	198	step_1_no_load	1	2	2	561	
252	0	198	step_2_no_load	5	6	0.485065498391	0.303352625941	5	619	1	
252	0	199	step_1_no_load	1	2	1	444	
252	0	199	step_2_no_load	3	4	0.39793773834	0.73697129762	3	639	1	
252	0	200	step_1_no_load	1	2	1	431	
252	0	200	step_2_no_load	3	4	0.372436949782	0.728996708473	3	525	1	

Wed Jul 10 15:44:06 2019
