Fri Jul 12 14:53:02 2019	
253	0	1	step_1_no_load	1	2	1	687	
253	0	1	step_2_no_load	5	6	0.511789129507	0.457620150462	6	814	0	
253	0	2	step_1_no_load	1	2	2	793	
253	0	2	step_2_no_load	5	6	0.533203491871	0.474613197709	6	744	1	
253	0	3	step_1_no_load	1	2	2	737	
253	0	3	step_2_no_load	5	6	0.516002945397	0.476767372206	6	656	1	
253	0	4	step_1_no_load	1	2	2	1037	
253	0	4	step_2_no_load	5	6	0.494597764192	0.478607661228	6	641	0	
253	0	5	step_1_no_load	1	2	2	434	
253	0	5	step_2_no_load	5	6	0.543908521457	0.495568760483	6	1062	1	
253	0	6	step_1_no_load	1	2	2	700	
253	0	6	step_2_no_load	5	6	0.490454120702	0.506877622204	6	560	1	
253	0	7	step_1_no_load	1	2	2	994	
253	0	7	step_2_no_load	3	4	0.622642364361	0.568656746487	4	1277	1	
253	0	8	step_1_no_load	1	2	2	902	
253	0	8	step_2_no_load	5	6	0.499203529332	0.489816616396	6	599	0	
253	0	9	step_1_no_load	1	2	2	941	
253	0	9	step_2_no_load	5	6	0.54429228266	0.496546708465	6	581	1	
253	0	10	step_1_no_load	1	2	2	506	
253	0	10	step_2_no_load	5	6	0.576063520885	0.482364178155	6	599	1	
253	0	11	step_1_no_load	1	2	2	791	
253	0	11	step_2_no_load	5	6	0.59022801242	0.477013315682	6	628	1	
253	0	12	step_1_no_load	1	2	2	578	
253	0	12	step_2_no_load	5	6	0.597131918027	0.48457206759	6	687	1	
253	0	13	step_1_no_load	1	2	2	693	
253	0	13	step_2_no_load	5	6	0.595790490356	0.52012981853	6	702	1	
253	0	14	step_1_no_load	1	2	2	700	
253	0	14	step_2_no_load	5	6	0.611256675753	0.491234392147	6	615	0	
253	0	15	step_1_no_load	1	2	2	265	
253	0	15	step_2_no_load	5	6	0.633564630036	0.505377237737	6	664	1	
253	0	16	step_1_no_load	1	2	2	575	
253	0	16	step_2_no_load	5	6	0.626326396372	0.510958036527	6	563	1	
253	0	17	step_1_no_load	1	2	2	765	
253	0	17	step_2_no_load	3	4	0.562895132605	0.633350170016	3	1153	1	
253	0	18	step_1_no_load	1	2	2	626	
253	0	18	step_2_no_load	5	6	0.626895526976	0.517514133912	6	629	0	
253	0	19	step_1_no_load	1	2	2	325	
253	0	19	step_2_no_load	3	4	0.536502319591	0.619895761657	4	279	1	
253	0	20	step_1_no_load	1	2	2	1169	
253	0	20	step_2_no_load	5	6	0.60665343963	0.478025448397	6	932	1	
253	0	21	step_1_no_load	1	2	2	739	
253	0	21	step_2_no_load	5	6	0.611328949295	0.49769376036	6	767	0	
253	0	22	step_1_no_load	1	2	2	731	
253	0	22	step_2_no_load	5	6	0.618527126547	0.506100011497	6	609	0	
253	0	23	step_1_no_load	1	2	2	327	
253	0	23	step_2_no_load	3	4	0.513759772011	0.640163623731	4	288	1	
253	0	24	step_1_no_load	1	2	2	410	
253	0	24	step_2_no_load	5	6	0.5800912085	0.505388876622	6	758	0	
253	0	25	step_1_no_load	1	2	2	444	
253	0	25	step_2_no_load	5	6	0.629917901014	0.503316372362	5	1224	1	
253	0	26	step_1_no_load	1	2	2	810	
253	0	26	step_2_no_load	5	6	0.640635035276	0.511744353778	5	889	1	
253	0	27	step_1_no_load	1	2	2	569	
253	0	27	step_2_no_load	5	6	0.642144756622	0.507272671939	5	678	1	
253	0	28	step_1_no_load	1	2	2	586	
253	0	28	step_2_no_load	3	4	0.553259388875	0.588356036098	4	1089	1	
253	0	29	step_1_no_load	1	2	2	343	
253	0	29	step_2_no_load	5	6	0.618626354124	0.521159009103	5	896	0	
253	0	30	step_1_no_load	1	2	2	363	
253	0	30	step_2_no_load	5	6	0.610227092493	0.4919199548	6	1010	0	
253	0	31	step_1_no_load	1	2	2	402	
253	0	31	step_2_no_load	3	4	0.541819886458	0.636602545794	4	909	1	
253	0	32	step_1_no_load	1	2	2	277	
253	0	32	step_2_no_load	5	6	0.605616211083	0.520318771114	6	1267	1	
253	0	33	step_1_no_load	1	2	2	620	
253	0	33	step_2_no_load	5	6	0.618000238621	0.487664344039	6	776	0	
253	0	34	step_1_no_load	1	2	2	333	
253	0	34	step_2_no_load	3	4	0.538523758058	0.575802910074	4	738	1	
253	0	35	step_1_no_load	1	2	2	319	
253	0	35	step_2_no_load	5	6	0.649776015006	0.491437207585	5	743	1	
253	0	36	step_1_no_load	1	2	2	403	
253	0	36	step_2_no_load	5	6	0.661229326326	0.513210053121	5	1178	1	
253	0	37	step_1_no_load	1	2	2	315	
253	0	37	step_2_no_load	5	6	0.660658056664	0.543074626387	5	909	0	
253	0	38	step_1_no_load	1	2	2	394	
253	0	38	step_2_no_load	3	4	0.595113730206	0.539078491643	4	636	1	
253	0	39	step_1_no_load	1	2	2	553	
253	0	39	step_2_no_load	5	6	0.634483337633	0.578640235206	5	767	1	
253	0	40	step_1_no_load	1	2	2	377	
253	0	40	step_2_no_load	5	6	0.636994900683	0.5691386571	5	1137	0	
253	0	41	step_1_no_load	1	2	2	337	
253	0	41	step_2_no_load	5	6	0.633285941184	0.583829055298	5	752	1	
253	0	42	step_1_no_load	1	2	2	1396	
253	0	42	step_2_no_load	5	6	0.606696263624	0.553461946234	5	1106	1	
253	0	43	step_1_no_load	1	2	2	456	
253	0	43	step_2_no_load	5	6	0.581931546759	0.548128010644	5	775	0	
253	0	44	step_1_no_load	1	2	2	372	
253	0	44	step_2_no_load	3	4	0.611481438855	0.541854396676	4	597	0	
253	0	45	step_1_no_load	1	2	2	336	
253	0	45	step_2_no_load	5	6	0.620699591043	0.5288039409	5	673	1	
253	0	46	step_1_no_load	1	2	2	420	
253	0	46	step_2_no_load	5	6	0.654261318712	0.532238720495	5	850	1	
253	0	47	step_1_no_load	1	2	2	325	
253	0	47	step_2_no_load	5	6	0.634373567175	0.493112702321	5	875	0	
253	0	48	step_1_no_load	1	2	2	372	
253	0	48	step_2_no_load	5	6	0.657624935632	0.488280685105	5	880	1	
253	0	49	step_1_no_load	1	2	2	450	
253	0	49	step_2_no_load	3	4	0.610193185592	0.512405963374	3	913	1	
253	0	50	step_1_no_load	1	2	2	351	
253	0	50	step_2_no_load	3	4	0.606862017918	0.481616544184	3	920	1	
253	0	51	step_1_no_load	1	2	2	452	
253	0	51	step_2_no_load	5	6	0.613357430892	0.469943944943	5	1085	0	
253	0	52	step_1_no_load	1	2	2	356	
253	0	52	step_2_no_load	5	6	0.613408921915	0.429622901875	6	561	1	
253	0	53	step_1_no_load	1	2	2	593	
253	0	53	step_2_no_load	3	4	0.551457882502	0.475342927439	3	839	1	
253	0	54	step_1_no_load	1	2	2	691	
253	0	54	step_2_no_load	5	6	0.652515308527	0.491512498697	6	874	0	
253	0	55	step_1_no_load	1	2	2	361	
253	0	55	step_2_no_load	3	4	0.574045915747	0.526704292526	3	730	1	
253	0	56	step_1_no_load	1	2	2	504	
253	0	56	step_2_no_load	5	6	0.60038825769	0.459773408493	5	746	0	
253	0	57	step_1_no_load	1	2	2	447	
253	0	57	step_2_no_load	3	4	0.641849303307	0.516475618243	3	845	0	
253	0	58	step_1_no_load	1	2	2	488	
253	0	58	step_2_no_load	3	4	0.664682809182	0.528376440027	4	1120	1	
253	0	59	step_1_no_load	1	2	2	323	
253	0	59	step_2_no_load	3	4	0.632500293208	0.537400760025	4	1135	0	
253	0	60	step_1_no_load	1	2	2	550	
253	0	60	step_2_no_load	5	6	0.599559577859	0.491916707098	6	1119	1	
253	0	61	step_1_no_load	1	2	2	363	
253	0	61	step_2_no_load	3	4	0.669587072502	0.527144452559	3	418	0	
253	0	62	step_1_no_load	1	2	2	384	
253	0	62	step_2_no_load	5	6	0.622820395113	0.50724109756	6	837	1	
253	0	63	step_1_no_load	1	2	2	577	
253	0	63	step_2_no_load	3	4	0.664284493458	0.519445130796	3	849	1	
253	0	64	step_1_no_load	1	2	2	318	
253	0	64	step_2_no_load	3	4	0.642369708469	0.533849886794	3	616	1	
253	0	65	step_1_no_load	1	2	2	499	
253	0	65	step_2_no_load	5	6	0.619953360065	0.569109504048	6	679	1	
253	0	66	step_1_no_load	1	2	2	518	
253	0	66	step_2_no_load	3	4	0.606938648072	0.555324764318	3	586	0	
253	0	67	step_1_no_load	1	2	2	452	
253	0	67	step_2_no_load	5	6	0.674463681351	0.542076810516	6	632	1	
253	0	68	step_1_no_load	1	2	2	785	
253	0	68	step_2_no_load	5	6	0.719455209845	0.509127161919	6	931	0	
253	0	69	step_1_no_load	1	2	2	278	
253	0	69	step_2_no_load	3	4	0.622221685203	0.560462111264	4	1247	1	
253	0	70	step_1_no_load	1	2	2	480	
253	0	70	step_2_no_load	3	4	0.637556284465	0.548075770764	4	623	0	
253	0	71	step_1_no_load	1	2	2	590	
253	0	71	step_2_no_load	3	4	0.639174917797	0.546215110045	4	853	1	
253	0	72	step_1_no_load	1	2	2	518	
253	0	72	step_2_no_load	5	6	0.705884789502	0.47409116389	6	1184	0	
253	0	73	step_1_no_load	1	2	2	383	
253	0	73	step_2_no_load	5	6	0.727961155836	0.435957313805	6	1330	0	
253	0	74	step_1_no_load	1	2	2	913	
253	0	74	step_2_no_load	5	6	0.693624670847	0.453420386428	5	582	1	
253	0	75	step_1_no_load	1	2	2	394	
253	0	75	step_2_no_load	3	4	0.615552849174	0.483983914712	4	627	0	
253	0	76	step_1_no_load	1	2	2	608	
253	0	76	step_2_no_load	5	6	0.690117652944	0.488583631821	5	870	1	
253	0	77	step_1_no_load	1	2	2	448	
253	0	77	step_2_no_load	5	6	0.679737625371	0.446809557226	5	1039	1	
253	0	78	step_1_no_load	1	2	2	472	
253	0	78	step_2_no_load	5	6	0.647586191228	0.435911167612	5	921	0	
253	0	79	step_1_no_load	1	2	2	404	
253	0	79	step_2_no_load	5	6	0.647841624544	0.389124152368	5	890	1	
253	0	80	step_1_no_load	1	2	2	419	
253	0	80	step_2_no_load	5	6	0.703969305517	0.396016175285	5	918	0	
253	0	81	step_1_no_load	1	2	2	442	
253	0	81	step_2_no_load	5	6	0.702400933084	0.419265522488	5	999	1	
253	0	82	step_1_no_load	1	2	2	483	
253	0	82	step_2_no_load	5	6	0.688340116885	0.395813831323	5	922	0	
253	0	83	step_1_no_load	1	2	2	341	
253	0	83	step_2_no_load	3	4	0.607907985871	0.483255412498	3	844	0	
253	0	84	step_1_no_load	1	2	2	402	
253	0	84	step_2_no_load	5	6	0.731466635793	0.385087938645	5	1238	1	
253	0	85	step_1_no_load	1	2	2	298	
253	0	85	step_2_no_load	5	6	0.712989604416	0.384458259121	5	1436	1	
253	0	86	step_1_no_load	1	2	2	806	
253	0	86	step_2_no_load	3	4	0.691782850001	0.486462788728	3	642	1	
253	0	87	step_1_no_load	1	2	2	717	
253	0	87	step_2_no_load	5	6	0.690012761069	0.40000499778	5	1044	1	
253	0	88	step_1_no_load	1	2	2	255	
253	0	88	step_2_no_load	5	6	0.696773608304	0.377947492322	5	1118	1	
253	0	89	step_1_no_load	1	2	2	302	
253	0	89	step_2_no_load	3	4	0.690772436485	0.490019385174	3	744	0	
253	0	90	step_1_no_load	1	2	2	470	
253	0	90	step_2_no_load	3	4	0.712247848046	0.530126112124	4	965	0	
253	0	91	step_1_no_load	1	2	2	581	
253	0	91	step_2_no_load	5	6	0.657820521772	0.43534164751	5	652	0	
253	0	92	step_1_no_load	1	2	2	364	
253	0	92	step_2_no_load	5	6	0.679381608313	0.444368850664	6	975	0	
253	0	93	step_1_no_load	1	2	2	501	
253	0	93	step_2_no_load	5	6	0.662863370634	0.439878153082	5	635	0	
253	0	94	step_1_no_load	1	2	2	344	
253	0	94	step_2_no_load	5	6	0.668295023896	0.429211756872	5	420	1	
253	0	95	step_1_no_load	1	2	2	616	
253	0	95	step_2_no_load	5	6	0.640209855442	0.427150666411	6	744	1	
253	0	96	step_1_no_load	1	2	2	513	
253	0	96	step_2_no_load	3	4	0.693739812506	0.437558890646	3	1118	0	
253	0	97	step_1_no_load	1	2	2	553	
253	0	97	step_2_no_load	3	4	0.681272614291	0.455601814112	4	778	1	
253	0	98	step_1_no_load	1	2	2	472	
253	0	98	step_2_no_load	3	4	0.70287861952	0.431479829356	3	593	1	
253	0	99	step_1_no_load	1	2	2	721	
253	0	99	step_2_no_load	5	6	0.645191748454	0.397561363605	5	943	1	
253	0	100	step_1_no_load	1	2	2	469	
253	0	100	step_2_no_load	5	6	0.66579920021	0.4333505304	5	1142	1	
253	0	101	step_1_no_load	1	2	2	453	
253	0	101	step_2_no_load	3	4	0.623812401974	0.366879421891	3	1011	0	
253	0	102	step_1_no_load	1	2	2	1170	
253	0	102	step_2_no_load	3	4	0.666304534392	0.326080462175	3	701	1	
253	0	103	step_1_no_load	1	2	2	488	
253	0	103	step_2_no_load	5	6	0.69058998368	0.481975449893	5	1229	1	
253	0	104	step_1_no_load	1	2	2	465	
253	0	104	step_2_no_load	5	6	0.743372642809	0.521047445908	6	498	0	
253	0	105	step_1_no_load	1	2	2	507	
253	0	105	step_2_no_load	5	6	0.722851301692	0.514318365187	5	1163	1	
253	0	106	step_1_no_load	1	2	2	643	
253	0	106	step_2_no_load	5	6	0.699623252899	0.508908032404	6	773	0	
253	0	107	step_1_no_load	1	2	2	366	
253	0	107	step_2_no_load	5	6	0.677514185929	0.565220528809	5	712	1	
253	0	108	step_1_no_load	1	2	2	420	
253	0	108	step_2_no_load	5	6	0.681491063126	0.526955028982	5	662	1	
253	0	109	step_1_no_load	1	2	2	381	
253	0	109	step_2_no_load	5	6	0.68658494263	0.479977531501	5	681	0	
253	0	110	step_1_no_load	1	2	2	498	
253	0	110	step_2_no_load	5	6	0.65455226558	0.432626681236	6	1416	0	
253	0	111	step_1_no_load	1	2	2	429	
253	0	111	step_2_no_load	5	6	0.634599547742	0.384948378665	5	613	1	
253	0	112	step_1_no_load	1	2	2	412	
253	0	112	step_2_no_load	3	4	0.725701866094	0.413393106784	4	980	0	
253	0	113	step_1_no_load	1	2	2	427	
253	0	113	step_2_no_load	5	6	0.634627459817	0.370697120277	5	1013	1	
253	0	114	step_1_no_load	1	2	2	525	
253	0	114	step_2_no_load	5	6	0.657654904272	0.380324086676	5	1135	0	
253	0	115	step_1_no_load	1	2	2	345	
253	0	115	step_2_no_load	5	6	0.645721217949	0.390027643099	6	969	0	
253	0	116	step_1_no_load	1	2	2	364	
253	0	116	step_2_no_load	5	6	0.680124293449	0.378149844807	5	853	1	
253	0	117	step_1_no_load	1	2	2	504	
253	0	117	step_2_no_load	3	4	0.747012267642	0.363056877927	3	1143	0	
253	0	118	step_1_no_load	1	2	2	397	
253	0	118	step_2_no_load	3	4	0.740051715856	0.362977115924	3	1382	1	
253	0	119	step_1_no_load	1	2	2	453	
253	0	119	step_2_no_load	5	6	0.661177321751	0.357515098446	5	533	1	
253	0	120	step_1_no_load	1	2	2	407	
253	0	120	step_2_no_load	5	6	0.666433355915	0.370150243662	6	894	0	
253	0	121	step_1_no_load	1	2	2	342	
253	0	121	step_2_no_load	3	4	0.658856304095	0.310775244958	-1	-1	-1	
253	0	122	step_1_no_load	1	2	2	507	
253	0	122	step_2_no_load	3	4	0.6136886145	0.266650857402	3	756	0	
253	0	123	step_1_no_load	1	2	2	451	
253	0	123	step_2_no_load	5	6	0.664849878232	0.337526896345	6	1066	0	
253	0	124	step_1_no_load	1	2	2	540	
253	0	124	step_2_no_load	5	6	0.624161788269	0.309430836661	6	760	0	
253	0	125	step_1_no_load	1	2	2	547	
253	0	125	step_2_no_load	3	4	0.559596800931	0.290374841566	4	1090	1	
253	0	126	step_1_no_load	1	2	2	334	
253	0	126	step_2_no_load	5	6	0.600985760967	0.300846667696	5	588	1	
253	0	127	step_1_no_load	1	2	2	454	
253	0	127	step_2_no_load	3	4	0.560824094575	0.273483952592	3	673	1	
253	0	128	step_1_no_load	1	2	2	289	
253	0	128	step_2_no_load	3	4	0.636905534066	0.260252451606	3	1143	1	
253	0	129	step_1_no_load	1	2	2	342	
253	0	129	step_2_no_load	5	6	0.632682846317	0.271709703542	6	957	0	
253	0	130	step_1_no_load	1	2	2	361	
253	0	130	step_2_no_load	5	6	0.630285316669	0.274560758494	5	541	0	
253	0	131	step_1_no_load	1	2	2	381	
253	0	131	step_2_no_load	5	6	0.638450601212	0.311475039155	5	1008	0	
253	0	132	step_1_no_load	1	2	2	289	
253	0	132	step_2_no_load	5	6	0.660013924697	0.315328810424	6	398	0	
253	0	133	step_1_no_load	1	2	2	486	
253	0	133	step_2_no_load	5	6	0.691649444281	0.312642735495	5	709	1	
253	0	134	step_1_no_load	1	2	2	386	
253	0	134	step_2_no_load	3	4	0.621945110858	0.287393715313	3	1076	1	
253	0	135	step_1_no_load	1	2	2	918	
253	0	135	step_2_no_load	5	6	0.700779221781	0.287118934166	5	916	1	
253	0	136	step_1_no_load	1	2	2	543	
253	0	136	step_2_no_load	5	6	0.674914008636	0.284521085726	5	825	0	
253	0	137	step_1_no_load	1	2	2	401	
253	0	137	step_2_no_load	5	6	0.668540846495	0.325016613024	5	636	1	
253	0	138	step_1_no_load	1	2	2	468	
253	0	138	step_2_no_load	5	6	0.688182193337	0.307694123906	5	833	1	
253	0	139	step_1_no_load	1	2	2	441	
253	0	139	step_2_no_load	5	6	0.696355985729	0.323660750961	5	701	1	
253	0	140	step_1_no_load	1	2	2	486	
253	0	140	step_2_no_load	5	6	0.637682840728	0.328174526491	5	583	1	
253	0	141	step_1_no_load	1	2	2	551	
253	0	141	step_2_no_load	5	6	0.616803346728	0.311809871418	5	595	1	
253	0	142	step_1_no_load	1	2	2	495	
253	0	142	step_2_no_load	5	6	0.627356259123	0.304203281606	5	544	0	
253	0	143	step_1_no_load	1	2	2	369	
253	0	143	step_2_no_load	5	6	0.610219102298	0.313516825296	5	508	0	
253	0	144	step_1_no_load	1	2	2	444	
253	0	144	step_2_no_load	5	6	0.639347300184	0.275932517017	6	995	0	
253	0	145	step_1_no_load	1	2	2	327	
253	0	145	step_2_no_load	5	6	0.606515632748	0.266265924094	5	582	0	
253	0	146	step_1_no_load	1	2	2	355	
253	0	146	step_2_no_load	5	6	0.593778463268	0.257861956214	6	460	0	
253	0	147	step_1_no_load	1	2	2	297	
253	0	147	step_2_no_load	5	6	0.594861186319	0.265578160642	6	278	0	
253	0	148	step_1_no_load	1	2	2	335	
253	0	148	step_2_no_load	5	6	0.648050021239	0.305288021243	5	491	1	
253	0	149	step_1_no_load	1	2	2	422	
253	0	149	step_2_no_load	5	6	0.623203869836	0.269951834184	6	311	0	
253	0	150	step_1_no_load	1	2	2	350	
253	0	150	step_2_no_load	5	6	0.605912419156	0.305587692243	5	363	1	
253	0	151	step_1_no_load	1	2	2	347	
253	0	151	step_2_no_load	5	6	0.614159737668	0.348172164421	5	532	1	
253	0	152	step_1_no_load	1	2	2	312	
253	0	152	step_2_no_load	5	6	0.644204174791	0.307702500543	5	747	1	
253	0	153	step_1_no_load	1	2	2	335	
253	0	153	step_2_no_load	3	4	0.613336203392	0.343622632154	3	998	0	
253	0	154	step_1_no_load	1	2	2	305	
253	0	154	step_2_no_load	3	4	0.638934099562	0.348349389262	4	456	0	
253	0	155	step_1_no_load	1	2	2	336	
253	0	155	step_2_no_load	3	4	0.632486591889	0.372188990474	3	939	0	
253	0	156	step_1_no_load	1	2	2	466	
253	0	156	step_2_no_load	5	6	0.734436160799	0.32564867104	5	861	1	
253	0	157	step_1_no_load	1	2	2	502	
253	0	157	step_2_no_load	5	6	0.720725456325	0.350909357271	5	512	0	
253	0	158	step_1_no_load	1	2	2	278	
253	0	158	step_2_no_load	5	6	0.694270715354	0.408728803896	5	551	0	
253	0	159	step_1_no_load	1	2	2	293	
253	0	159	step_2_no_load	5	6	0.697903160072	0.413026375257	6	961	0	
253	0	160	step_1_no_load	1	2	2	310	
253	0	160	step_2_no_load	5	6	0.710728171711	0.415052912783	6	232	1	
253	0	161	step_1_no_load	1	2	2	310	
253	0	161	step_2_no_load	5	6	0.719896286569	0.407025633682	6	526	1	
253	0	162	step_1_no_load	1	2	2	465	
253	0	162	step_2_no_load	3	4	0.566496468084	0.455329532209	4	843	0	
253	0	163	step_1_no_load	1	2	2	282	
253	0	163	step_2_no_load	5	6	0.697095951435	0.395221309311	6	804	1	
253	0	164	step_1_no_load	1	2	2	362	
253	0	164	step_2_no_load	5	6	0.692137394606	0.432761720497	6	551	1	
253	0	165	step_1_no_load	1	2	2	324	
253	0	165	step_2_no_load	3	4	0.538026607649	0.347974240867	3	791	0	
253	0	166	step_1_no_load	1	2	2	361	
253	0	166	step_2_no_load	5	6	0.686594248975	0.422282731054	6	880	0	
253	0	167	step_1_no_load	1	2	2	410	
253	0	167	step_2_no_load	5	6	0.706271792549	0.38753671275	6	495	1	
253	0	168	step_1_no_load	1	2	2	298	
253	0	168	step_2_no_load	5	6	0.67192508984	0.400817642375	6	981	1	
253	0	169	step_1_no_load	1	2	2	303	
253	0	169	step_2_no_load	5	6	0.704981910944	0.42098542374	6	825	0	
253	0	170	step_1_no_load	1	2	2	312	
253	0	170	step_2_no_load	5	6	0.67334314737	0.411067820436	6	632	0	
253	0	171	step_1_no_load	1	2	2	422	
253	0	171	step_2_no_load	3	4	0.553314431843	0.425122034074	3	862	1	
253	0	172	step_1_no_load	1	2	2	409	
253	0	172	step_2_no_load	5	6	0.668669556875	0.363617002148	6	1138	0	
253	0	173	step_1_no_load	1	2	2	345	
253	0	173	step_2_no_load	5	6	0.667027212577	0.385349297983	5	793	0	
253	0	174	step_1_no_load	1	2	2	320	
253	0	174	step_2_no_load	3	4	0.472729524832	0.46236234172	3	1024	0	
253	0	175	step_1_no_load	1	2	2	278	
253	0	175	step_2_no_load	5	6	0.693968268443	0.426185553904	6	736	1	
253	0	176	step_1_no_load	1	2	2	355	
253	0	176	step_2_no_load	5	6	0.679250000396	0.383231572002	5	1089	1	
253	0	177	step_1_no_load	1	2	2	565	
253	0	177	step_2_no_load	5	6	0.714070205704	0.357425668099	5	871	0	
253	0	178	step_1_no_load	1	2	2	374	
253	0	178	step_2_no_load	3	4	0.493712351915	0.49020858644	4	776	1	
253	0	179	step_1_no_load	1	2	2	441	
253	0	179	step_2_no_load	5	6	0.709345707515	0.324685418097	5	1069	1	
253	0	180	step_1_no_load	1	2	2	287	
253	0	180	step_2_no_load	5	6	0.719795072986	0.341214611607	5	1392	1	
253	0	181	step_1_no_load	1	2	2	324	
253	0	181	step_2_no_load	3	4	0.508735114046	0.480141179559	3	668	0	
253	0	182	step_1_no_load	1	2	2	321	
253	0	182	step_2_no_load	3	4	0.506773281362	0.49907747228	4	516	0	
253	0	183	step_1_no_load	1	2	2	451	
253	0	183	step_2_no_load	3	4	0.502991759047	0.492742497507	4	742	1	
253	0	184	step_1_no_load	1	2	2	429	
253	0	184	step_2_no_load	5	6	0.657291439324	0.362743255194	5	951	1	
253	0	185	step_1_no_load	1	2	2	347	
253	0	185	step_2_no_load	5	6	0.665622647081	0.362611152222	5	982	1	
253	0	186	step_1_no_load	1	2	2	432	
253	0	186	step_2_no_load	5	6	0.656308636836	0.332733011923	5	878	1	
253	0	187	step_1_no_load	1	2	2	399	
253	0	187	step_2_no_load	3	4	0.443962917772	0.498596507669	3	601	1	
253	0	188	step_1_no_load	1	2	2	309	
253	0	188	step_2_no_load	3	4	0.471319680586	0.548350535247	3	544	0	
253	0	189	step_1_no_load	1	2	2	326	
253	0	189	step_2_no_load	3	4	0.448897869069	0.534753756004	3	1333	1	
253	0	190	step_1_no_load	1	2	2	374	
253	0	190	step_2_no_load	5	6	0.667655825994	0.304557739386	5	927	0	
253	0	191	step_1_no_load	1	2	2	335	
253	0	191	step_2_no_load	5	6	0.664271461991	0.318839908867	6	287	0	
253	0	192	step_1_no_load	1	2	2	333	
253	0	192	step_2_no_load	5	6	0.705517419189	0.299297135717	5	592	0	
253	0	193	step_1_no_load	1	2	2	270	
253	0	193	step_2_no_load	5	6	0.679792491164	0.321008037746	5	268	0	
253	0	194	step_1_no_load	1	2	2	298	
253	0	194	step_2_no_load	5	6	0.655261361454	0.342437174514	5	1210	1	
253	0	195	step_1_no_load	1	2	2	438	
253	0	195	step_2_no_load	5	6	0.646280688878	0.348571348505	5	962	1	
253	0	196	step_1_no_load	1	2	2	366	
253	0	196	step_2_no_load	3	4	0.421761207498	0.496717662777	4	969	1	
253	0	197	step_1_no_load	1	2	2	414	
253	0	197	step_2_no_load	5	6	0.686552522522	0.316987700969	5	1043	1	
253	0	198	step_1_no_load	1	2	2	457	
253	0	198	step_2_no_load	3	4	0.397292432346	0.485065498391	4	977	0	
253	0	199	step_1_no_load	1	2	2	552	
253	0	199	step_2_no_load	3	4	0.39793773834	0.529438031858	3	706	0	
253	0	200	step_1_no_load	1	2	2	417	
253	0	200	step_2_no_load	5	6	0.728996708473	0.299128796668	6	1145	1	

Fri Jul 12 15:11:43 2019
