Mon Jul 15 16:58:00 2019	
254	0	1	step_1_no_load	1	2	-1	-1	
254	0	2	step_1_no_load	1	2	2	619	
254	0	2	step_2_no_load	5	6	0.610961032466	0.580156942153	6	1265	0	
254	0	3	step_1_no_load	1	2	2	956	
254	0	3	step_2_no_load	5	6	0.589215227351	0.584197065669	5	649	0	
254	0	4	step_1_no_load	1	2	2	1133	
254	0	4	step_2_no_load	5	6	0.564086293706	0.597491569846	5	943	1	
254	0	5	step_1_no_load	1	2	2	654	
254	0	5	step_2_no_load	5	6	0.576104915614	0.623810210114	5	987	1	
254	0	6	step_1_no_load	1	2	2	579	
254	0	6	step_2_no_load	3	4	0.506877622204	0.490454120702	3	637	0	
254	0	7	step_1_no_load	1	2	2	1226	
254	0	7	step_2_no_load	5	6	0.622642364361	0.568656746487	5	1041	1	
254	0	8	step_1_no_load	1	2	2	712	
254	0	8	step_2_no_load	5	6	0.624210374623	0.59128639594	5	494	1	
254	0	9	step_1_no_load	1	2	2	809	
254	0	9	step_2_no_load	3	4	0.496546708465	0.54429228266	4	929	0	
254	0	10	step_1_no_load	1	2	2	633	
254	0	10	step_2_no_load	5	6	0.636063269715	0.652626043146	5	301	1	
254	0	11	step_1_no_load	1	2	2	728	
254	0	11	step_2_no_load	3	4	0.477013315682	0.59022801242	3	660	0	
254	0	12	step_1_no_load	1	2	2	462	
254	0	12	step_2_no_load	5	6	0.552770607849	0.682786328054	5	747	1	
254	0	13	step_1_no_load	1	2	2	593	
254	0	13	step_2_no_load	3	4	0.52012981853	0.595790490356	4	1026	1	
254	0	14	step_1_no_load	1	2	2	739	
254	0	14	step_2_no_load	5	6	0.545555696267	0.629137942344	6	796	1	
254	0	15	step_1_no_load	1	2	2	481	
254	0	15	step_2_no_load	5	6	0.570419113221	0.612260006668	6	287	1	
254	0	16	step_1_no_load	1	2	2	915	
254	0	16	step_2_no_load	3	4	0.510958036527	0.626326396372	3	544	1	
254	0	17	step_1_no_load	1	2	2	594	
254	0	17	step_2_no_load	3	4	0.535958400205	0.643116883134	3	545	0	
254	0	18	step_1_no_load	1	2	2	547	
254	0	18	step_2_no_load	5	6	0.553554620302	0.626834332012	6	419	0	
254	0	19	step_1_no_load	1	2	2	420	
254	0	19	step_2_no_load	5	6	0.536502319591	0.619895761657	5	463	0	
254	0	20	step_1_no_load	1	2	2	471	
254	0	20	step_2_no_load	3	4	0.478025448397	0.60665343963	4	281	1	
254	0	21	step_1_no_load	1	2	2	420	
254	0	21	step_2_no_load	5	6	0.470207377245	0.630305464549	5	515	0	
254	0	22	step_1_no_load	1	2	2	310	
254	0	22	step_2_no_load	5	6	0.468700882609	0.621949894727	5	692	0	
254	0	23	step_1_no_load	1	2	2	355	
254	0	23	step_2_no_load	5	6	0.513759772011	0.640163623731	6	343	1	
254	0	24	step_1_no_load	1	2	2	498	
254	0	24	step_2_no_load	5	6	0.503316199018	0.582115115688	6	1101	1	
254	0	25	step_1_no_load	1	2	2	688	
254	0	25	step_2_no_load	5	6	0.503605105412	0.565698722896	6	712	0	
254	0	26	step_1_no_load	1	2	2	645	
254	0	26	step_2_no_load	5	6	0.532884212818	0.592410219737	5	425	0	
254	0	27	step_1_no_load	1	2	2	505	
254	0	27	step_2_no_load	3	4	0.507272671939	0.642144756622	4	268	1	
254	0	28	step_1_no_load	1	2	1	670	
254	0	28	step_2_no_load	5	6	0.553259388875	0.588356036098	6	943	0	
254	0	29	step_1_no_load	1	2	2	413	
254	0	29	step_2_no_load	5	6	0.561957580386	0.606613029227	5	550	1	
254	0	30	step_1_no_load	1	2	2	590	
254	0	30	step_2_no_load	5	6	0.574272497114	0.608245979832	5	469	0	
254	0	31	step_1_no_load	1	2	2	472	
254	0	31	step_2_no_load	5	6	0.541819886458	0.636602545794	6	506	0	
254	0	32	step_1_no_load	1	2	2	533	
254	0	32	step_2_no_load	5	6	0.522993086096	0.634585171267	5	531	1	
254	0	33	step_1_no_load	1	2	2	629	
254	0	33	step_2_no_load	3	4	0.487664344039	0.618000238621	3	461	0	
254	0	34	step_1_no_load	1	2	2	323	
254	0	34	step_2_no_load	5	6	0.538523758058	0.575802910074	6	316	1	
254	0	35	step_1_no_load	1	2	2	943	
254	0	35	step_2_no_load	5	6	0.594167768198	0.566827313385	5	1017	1	
254	0	36	step_1_no_load	1	2	2	1177	
254	0	36	step_2_no_load	5	6	0.611274573488	0.527635087561	5	800	0	
254	0	37	step_1_no_load	1	2	2	390	
254	0	37	step_2_no_load	5	6	0.598446394142	0.513822304161	6	659	1	
254	0	38	step_1_no_load	1	2	2	475	
254	0	38	step_2_no_load	3	4	0.553931241266	0.651263699161	4	436	1	
254	0	39	step_1_no_load	1	2	2	295	
254	0	39	step_2_no_load	3	4	0.578640235206	0.634483337633	4	321	1	
254	0	40	step_1_no_load	1	2	2	467	
254	0	40	step_2_no_load	5	6	0.607992802154	0.580760785074	5	455	1	
254	0	41	step_1_no_load	1	2	2	369	
254	0	41	step_2_no_load	5	6	0.588857868869	0.524862294848	5	486	0	
254	0	42	step_1_no_load	1	2	2	536	
254	0	42	step_2_no_load	5	6	0.609164606591	0.533857158543	6	282	0	
254	0	43	step_1_no_load	1	2	2	342	
254	0	43	step_2_no_load	5	6	0.612705031264	0.553703096215	6	365	1	
254	0	44	step_1_no_load	1	2	2	394	
254	0	44	step_2_no_load	5	6	0.611481438855	0.541854396676	6	435	1	
254	0	45	step_1_no_load	1	2	2	348	
254	0	45	step_2_no_load	5	6	0.632991467829	0.579346234508	6	387	0	
254	0	46	step_1_no_load	1	2	2	632	
254	0	46	step_2_no_load	5	6	0.600964500555	0.55511883717	5	345	0	
254	0	47	step_1_no_load	1	2	2	308	
254	0	47	step_2_no_load	5	6	0.598724660986	0.546259467838	5	393	1	
254	0	48	step_1_no_load	1	2	2	454	
254	0	48	step_2_no_load	5	6	0.615767119776	0.534690828011	5	447	1	
254	0	49	step_1_no_load	1	2	2	546	
254	0	49	step_2_no_load	3	4	0.489287375157	0.614679490594	4	704	0	
254	0	50	step_1_no_load	1	2	2	388	
254	0	50	step_2_no_load	5	6	0.606862017918	0.481616544184	6	360	0	
254	0	51	step_1_no_load	1	2	2	1	
254	0	51	step_2_no_load	3	4	0.469943944943	0.613357430892	3	407	0	
254	0	52	step_1_no_load	1	2	2	350	
254	0	52	step_2_no_load	5	6	0.539065404057	0.513589895419	6	285	1	
254	0	53	step_1_no_load	1	2	2	995	
254	0	53	step_2_no_load	3	4	0.451905460347	0.630956764252	4	489	1	
254	0	54	step_1_no_load	1	2	2	834	
254	0	54	step_2_no_load	5	6	0.570223904064	0.493362545513	6	525	0	
254	0	55	step_1_no_load	1	2	2	504	
254	0	55	step_2_no_load	3	4	0.487025527704	0.639840796975	3	293	1	
254	0	56	step_1_no_load	1	2	2	480	
254	0	56	step_2_no_load	5	6	0.601856598146	0.538512915562	5	542	0	
254	0	57	step_1_no_load	1	2	2	626	
254	0	57	step_2_no_load	3	4	0.466449077359	0.586335094239	4	498	1	
254	0	58	step_1_no_load	1	2	2	467	
254	0	58	step_2_no_load	5	6	0.664682809182	0.528376440027	6	477	1	
254	0	59	step_1_no_load	1	2	2	533	
254	0	59	step_2_no_load	5	6	0.632500293208	0.537400760025	6	503	1	
254	0	60	step_1_no_load	1	2	2	575	
254	0	60	step_2_no_load	5	6	0.623687406259	0.479287247283	6	582	0	
254	0	61	step_1_no_load	1	2	2	774	
254	0	61	step_2_no_load	3	4	0.464268875813	0.602879526975	3	346	0	
254	0	62	step_1_no_load	1	2	2	561	
254	0	62	step_2_no_load	5	6	0.691137204746	0.533031417444	-1	-1	-1	
254	0	63	step_1_no_load	1	2	2	481	
254	0	63	step_2_no_load	5	6	0.664284493458	0.519445130796	6	968	1	
254	0	64	step_1_no_load	1	2	2	568	
254	0	64	step_2_no_load	5	6	0.642369708469	0.533849886794	5	583	1	
254	0	65	step_1_no_load	1	2	2	434	
254	0	65	step_2_no_load	5	6	0.612660225018	0.517687993213	5	580	1	
254	0	66	step_1_no_load	1	2	2	482	
254	0	66	step_2_no_load	5	6	0.606938648072	0.555324764318	5	432	1	
254	0	67	step_1_no_load	1	2	2	671	
254	0	67	step_2_no_load	5	6	0.597650193897	0.538279387614	6	456	0	
254	0	68	step_1_no_load	1	2	-1	-1	
254	0	69	step_1_no_load	1	2	2	457	
254	0	69	step_2_no_load	5	6	0.622221685203	0.560462111264	6	969	1	
254	0	70	step_1_no_load	1	2	2	642	
254	0	70	step_2_no_load	5	6	0.637556284465	0.548075770764	6	582	1	
254	0	71	step_1_no_load	1	2	2	473	
254	0	71	step_2_no_load	5	6	0.639174917797	0.546215110045	6	489	0	
254	0	72	step_1_no_load	1	2	2	438	
254	0	72	step_2_no_load	5	6	0.626024641967	0.556486305476	5	353	1	
254	0	73	step_1_no_load	1	2	2	319	
254	0	73	step_2_no_load	3	4	0.435957313805	0.727961155836	3	306	1	
254	0	74	step_1_no_load	1	2	2	472	
254	0	74	step_2_no_load	5	6	0.614462146454	0.491044983779	5	317	1	
254	0	75	step_1_no_load	1	2	2	390	
254	0	75	step_2_no_load	5	6	0.615552849174	0.483983914712	5	566	0	
254	0	76	step_1_no_load	1	2	2	468	
254	0	76	step_2_no_load	5	6	0.62770291155	0.518881389358	6	483	1	
254	0	77	step_1_no_load	1	2	2	567	
254	0	77	step_2_no_load	5	6	0.564257587118	0.538119616568	6	496	1	
254	0	78	step_1_no_load	1	2	2	353	
254	0	78	step_2_no_load	3	4	0.435911167612	0.647586191228	4	631	0	
254	0	79	step_1_no_load	1	2	2	602	
254	0	79	step_2_no_load	3	4	0.389124152368	0.647841624544	3	567	0	
254	0	80	step_1_no_load	1	2	2	509	
254	0	80	step_2_no_load	3	4	0.396016175285	0.703969305517	3	402	0	
254	0	81	step_1_no_load	1	2	2	427	
254	0	81	step_2_no_load	5	6	0.529745690463	0.494116554432	6	929	0	
254	0	82	step_1_no_load	1	2	2	403	
254	0	82	step_2_no_load	5	6	0.564729328387	0.482727017837	5	288	1	
254	0	83	step_1_no_load	1	2	2	413	
254	0	83	step_2_no_load	3	4	0.382772464038	0.726885136842	3	301	1	
254	0	84	step_1_no_load	1	2	2	849	
254	0	84	step_2_no_load	5	6	0.65843840156	0.505586222209	5	358	1	
254	0	85	step_1_no_load	1	2	2	415	
254	0	85	step_2_no_load	5	6	0.692384972752	0.485785534744	5	422	1	
254	0	86	step_1_no_load	1	2	2	486	
254	0	86	step_2_no_load	5	6	0.691782850001	0.486462788728	5	648	1	
254	0	87	step_1_no_load	1	2	2	406	
254	0	87	step_2_no_load	3	4	0.40000499778	0.690012761069	4	513	1	
254	0	88	step_1_no_load	1	2	2	423	
254	0	88	step_2_no_load	3	4	0.377947492322	0.696773608304	4	460	0	
254	0	89	step_1_no_load	1	2	2	414	
254	0	89	step_2_no_load	3	4	0.415882489686	0.660112261017	4	258	1	
254	0	90	step_1_no_load	1	2	2	674	
254	0	90	step_2_no_load	5	6	0.712247848046	0.530126112124	6	434	0	
254	0	91	step_1_no_load	1	2	1	326	
254	0	91	step_2_no_load	3	4	0.43534164751	0.657820521772	3	460	0	
254	0	92	step_1_no_load	1	2	1	363	
254	0	92	step_2_no_load	5	6	0.692406274724	0.484260039873	6	328	0	
254	0	93	step_1_no_load	1	2	1	435	
254	0	93	step_2_no_load	5	6	0.70415710998	0.473273727684	5	693	1	
254	0	94	step_1_no_load	1	2	1	504	
254	0	94	step_2_no_load	3	4	0.429211756872	0.668295023896	3	507	1	
254	0	95	step_1_no_load	1	2	1	597	
254	0	95	step_2_no_load	3	4	0.427150666411	0.640209855442	3	387	0	
254	0	96	step_1_no_load	1	2	1	424	
254	0	96	step_2_no_load	3	4	0.383038640121	0.663095813561	4	873	0	
254	0	97	step_1_no_load	1	2	2	509	
254	0	97	step_2_no_load	5	6	0.681272614291	0.455601814112	5	550	1	
254	0	98	step_1_no_load	1	2	2	322	
254	0	98	step_2_no_load	5	6	0.70287861952	0.431479829356	5	344	1	
254	0	99	step_1_no_load	1	2	2	435	
254	0	99	step_2_no_load	5	6	0.673709850038	0.375249961522	5	384	1	
254	0	100	step_1_no_load	1	2	2	394	
254	0	100	step_2_no_load	3	4	0.4333505304	0.66579920021	4	673	1	
254	0	101	step_1_no_load	1	2	2	511	
254	0	101	step_2_no_load	5	6	0.623812401974	0.366879421891	6	400	1	
254	0	102	step_1_no_load	1	2	2	1147	
254	0	102	step_2_no_load	5	6	0.666304534392	0.326080462175	6	925	0	
254	0	103	step_1_no_load	1	2	1	0	
254	0	103	step_2_no_load	3	4	0.481975449893	0.69058998368	3	459	1	
254	0	104	step_1_no_load	1	2	1	749	
254	0	104	step_2_no_load	3	4	0.521047445908	0.743372642809	3	744	1	
254	0	105	step_1_no_load	1	2	1	784	
254	0	105	step_2_no_load	3	4	0.514318365187	0.722851301692	4	708	1	
254	0	106	step_1_no_load	1	2	2	643	
254	0	106	step_2_no_load	5	6	0.712883638252	0.374131494222	6	343	0	
254	0	107	step_1_no_load	1	2	2	305	
254	0	107	step_2_no_load	5	6	0.692607431435	0.388257337796	5	723	1	
254	0	108	step_1_no_load	1	2	2	771	
254	0	108	step_2_no_load	5	6	0.695928523711	0.388185708856	5	317	1	
254	0	109	step_1_no_load	1	2	2	156	
254	0	109	step_2_no_load	5	6	0.71632547018	0.372328831887	5	376	1	
254	0	110	step_1_no_load	1	2	2	570	
254	0	110	step_2_no_load	5	6	0.729599891941	0.395544455384	5	460	1	
254	0	111	step_1_no_load	1	2	2	474	
254	0	111	step_2_no_load	3	4	0.384948378665	0.634599547742	3	718	0	
254	0	112	step_1_no_load	1	2	2	769	
254	0	112	step_2_no_load	5	6	0.725701866094	0.413393106784	6	488	0	
254	0	113	step_1_no_load	1	2	2	452	
254	0	113	step_2_no_load	3	4	0.370697120277	0.634627459817	4	449	1	
254	0	114	step_1_no_load	1	2	2	494	
254	0	114	step_2_no_load	5	6	0.718213323791	0.384736699284	6	571	1	
254	0	115	step_1_no_load	1	2	2	659	
254	0	115	step_2_no_load	5	6	0.739704344621	0.357661171116	6	526	0	
254	0	116	step_1_no_load	1	2	2	365	
254	0	116	step_2_no_load	3	4	0.378149844807	0.680124293449	4	476	1	
254	0	117	step_1_no_load	1	2	2	884	
254	0	117	step_2_no_load	5	6	0.747012267642	0.363056877927	6	1409	0	
254	0	118	step_1_no_load	1	2	2	562	
254	0	118	step_2_no_load	5	6	0.740051715856	0.362977115924	5	748	0	
254	0	119	step_1_no_load	1	2	2	525	
254	0	119	step_2_no_load	5	6	0.690424535099	0.358243439099	-1	-1	-1	
254	0	120	step_1_no_load	1	2	2	386	
254	0	120	step_2_no_load	5	6	0.70587238626	0.333809617664	6	267	0	
254	0	121	step_1_no_load	1	2	2	438	
254	0	121	step_2_no_load	5	6	0.658856304095	0.310775244958	6	393	0	
254	0	122	step_1_no_load	1	2	2	680	
254	0	122	step_2_no_load	5	6	0.6136886145	0.266650857402	5	565	0	
254	0	123	step_1_no_load	1	2	2	378	
254	0	123	step_2_no_load	5	6	0.583607229978	0.269780614928	5	499	1	
254	0	124	step_1_no_load	1	2	2	407	
254	0	124	step_2_no_load	5	6	0.603013298253	0.26095206597	5	297	1	
254	0	125	step_1_no_load	1	2	2	562	
254	0	125	step_2_no_load	5	6	0.559596800931	0.290374841566	5	382	1	
254	0	126	step_1_no_load	1	2	2	21	
254	0	126	step_2_no_load	5	6	0.537863824328	0.267206368684	6	262	0	
254	0	127	step_1_no_load	1	2	2	745	
254	0	127	step_2_no_load	5	6	0.560824094575	0.273483952592	5	286	1	
254	0	128	step_1_no_load	1	2	2	727	
254	0	128	step_2_no_load	5	6	0.636905534066	0.260252451606	5	509	1	
254	0	129	step_1_no_load	1	2	2	291	
254	0	129	step_2_no_load	3	4	0.271709703542	0.632682846317	3	501	0	
254	0	130	step_1_no_load	1	2	2	436	
254	0	130	step_2_no_load	5	6	0.682031489739	0.267460866951	6	571	0	
254	0	131	step_1_no_load	1	2	2	370	
254	0	131	step_2_no_load	5	6	0.678044920845	0.281500842289	6	416	0	
254	0	132	step_1_no_load	1	2	2	467	
254	0	132	step_2_no_load	5	6	0.668578020634	0.27986961048	6	426	0	
254	0	133	step_1_no_load	1	2	2	366	
254	0	133	step_2_no_load	3	4	0.312642735495	0.691649444281	3	280	0	
254	0	134	step_1_no_load	1	2	2	365	
254	0	134	step_2_no_load	5	6	0.621945110858	0.287393715313	6	525	0	
254	0	135	step_1_no_load	1	2	-1	-1	
254	0	136	step_1_no_load	1	2	2	908	
254	0	136	step_2_no_load	5	6	0.597814413435	0.307766925452	6	415	1	
254	0	137	step_1_no_load	1	2	2	348	
254	0	137	step_2_no_load	5	6	0.605896884497	0.346433498467	6	303	1	
254	0	138	step_1_no_load	1	2	2	0	
254	0	138	step_2_no_load	3	4	0.307694123906	0.688182193337	4	49	1	
254	0	139	step_1_no_load	1	2	2	481	
254	0	139	step_2_no_load	5	6	0.636630981281	0.325611400511	6	491	0	
254	0	140	step_1_no_load	1	2	2	288	
254	0	140	step_2_no_load	5	6	0.671213945178	0.348740542008	5	435	0	
254	0	141	step_1_no_load	1	2	2	351	
254	0	141	step_2_no_load	5	6	0.711987889705	0.390227133375	6	390	1	
254	0	142	step_1_no_load	1	2	2	352	
254	0	142	step_2_no_load	5	6	0.690276058009	0.397052682821	6	601	0	
254	0	143	step_1_no_load	1	2	2	272	
254	0	143	step_2_no_load	5	6	0.661365099615	0.410970957547	5	426	1	
254	0	144	step_1_no_load	1	2	2	415	
254	0	144	step_2_no_load	5	6	0.626443722248	0.389234194056	5	563	0	
254	0	145	step_1_no_load	1	2	2	717	
254	0	145	step_2_no_load	5	6	0.6669125229	0.355256413269	6	391	0	
254	0	146	step_1_no_load	1	2	2	867	
254	0	146	step_2_no_load	3	4	0.257861956214	0.593778463268	4	349	1	
254	0	147	step_1_no_load	1	2	2	397	
254	0	147	step_2_no_load	3	4	0.265578160642	0.594861186319	4	626	0	
254	0	148	step_1_no_load	1	2	2	331	
254	0	148	step_2_no_load	3	4	0.305288021243	0.648050021239	4	389	1	
254	0	149	step_1_no_load	1	2	2	530	
254	0	149	step_2_no_load	5	6	0.601870110183	0.300290206122	5	435	0	
254	0	150	step_1_no_load	1	2	2	436	
254	0	150	step_2_no_load	3	4	0.305587692243	0.605912419156	4	397	1	
254	0	151	step_1_no_load	1	2	2	578	
254	0	151	step_2_no_load	3	4	0.348172164421	0.614159737668	4	534	1	
254	0	152	step_1_no_load	1	2	2	670	
254	0	152	step_2_no_load	5	6	0.595108765344	0.323194010514	6	952	0	
254	0	153	step_1_no_load	1	2	2	603	
254	0	153	step_2_no_load	3	4	0.309356532263	0.681559292085	4	423	0	
254	0	154	step_1_no_load	1	2	2	496	
254	0	154	step_2_no_load	5	6	0.638934099562	0.348349389262	6	434	0	
254	0	155	step_1_no_load	1	2	2	624	
254	0	155	step_2_no_load	5	6	0.632486591889	0.372188990474	5	311	1	
254	0	156	step_1_no_load	1	2	2	582	
254	0	156	step_2_no_load	5	6	0.631048201903	0.368378667812	5	359	0	
254	0	157	step_1_no_load	1	2	2	549	
254	0	157	step_2_no_load	5	6	0.585191807512	0.324728201487	6	523	0	
254	0	158	step_1_no_load	1	2	2	415	
254	0	158	step_2_no_load	3	4	0.408728803896	0.694270715354	4	414	0	
254	0	159	step_1_no_load	1	2	2	362	
254	0	159	step_2_no_load	3	4	0.413026375257	0.697903160072	3	277	0	
254	0	160	step_1_no_load	1	2	2	26	
254	0	160	step_2_no_load	5	6	0.521229931064	0.355992626298	5	273	1	
254	0	161	step_1_no_load	1	2	2	535	
254	0	161	step_2_no_load	5	6	0.516036498158	0.438878285506	5	354	1	
254	0	162	step_1_no_load	1	2	2	329	
254	0	162	step_2_no_load	5	6	0.566496468084	0.455329532209	5	306	1	
254	0	163	step_1_no_load	1	2	2	277	
254	0	163	step_2_no_load	3	4	0.395221309311	0.697095951435	3	611	1	
254	0	164	step_1_no_load	1	2	2	65	
254	0	164	step_2_no_load	3	4	0.432761720497	0.692137394606	3	402	1	
254	0	165	step_1_no_load	1	2	2	596	
254	0	165	step_2_no_load	5	6	0.538026607649	0.347974240867	6	412	0	
254	0	166	step_1_no_load	1	2	2	372	
254	0	166	step_2_no_load	5	6	0.549095060025	0.356317216644	5	403	0	
254	0	167	step_1_no_load	1	2	2	473	
254	0	167	step_2_no_load	3	4	0.38753671275	0.706271792549	3	487	0	
254	0	168	step_1_no_load	1	2	2	539	
254	0	168	step_2_no_load	3	4	0.400817642375	0.67192508984	4	173	1	
254	0	169	step_1_no_load	1	2	2	309	
254	0	169	step_2_no_load	3	4	0.42098542374	0.704981910944	4	305	1	
254	0	170	step_1_no_load	1	2	2	1106	
254	0	170	step_2_no_load	3	4	0.411067820436	0.67334314737	4	1393	1	
254	0	171	step_1_no_load	1	2	2	1039	
254	0	171	step_2_no_load	3	4	0.386979310814	0.727248140829	4	1095	0	
254	0	172	step_1_no_load	1	2	2	374	
254	0	172	step_2_no_load	5	6	0.519090471457	0.490120307546	5	462	0	
254	0	173	step_1_no_load	1	2	2	425	
254	0	173	step_2_no_load	3	4	0.385349297983	0.667027212577	3	402	0	
254	0	174	step_1_no_load	1	2	2	567	
254	0	174	step_2_no_load	3	4	0.387867297446	0.729877433725	4	294	0	
254	0	175	step_1_no_load	1	2	2	808	
254	0	175	step_2_no_load	3	4	0.426185553904	0.693968268443	4	537	0	
254	0	176	step_1_no_load	1	2	1	832	
254	0	176	step_2_no_load	3	4	0.383231572002	0.679250000396	3	583	1	
254	0	177	step_1_no_load	1	2	1	493	
254	0	177	step_2_no_load	3	4	0.357425668099	0.714070205704	3	428	1	
254	0	178	step_1_no_load	1	2	1	875	
254	0	178	step_2_no_load	3	4	0.36473828006	0.705993797498	3	503	1	
254	0	179	step_1_no_load	1	2	1	698	
254	0	179	step_2_no_load	3	4	0.324685418097	0.709345707515	3	581	0	
254	0	180	step_1_no_load	1	2	2	322	
254	0	180	step_2_no_load	5	6	0.482853857291	0.489345734128	5	403	0	
254	0	181	step_1_no_load	1	2	2	401	
254	0	181	step_2_no_load	3	4	0.342402764747	0.746910336326	4	712	1	
254	0	182	step_1_no_load	1	2	2	639	
254	0	182	step_2_no_load	3	4	0.340533666308	0.72717560423	4	408	0	
254	0	183	step_1_no_load	1	2	1	569	
254	0	183	step_2_no_load	3	4	0.350175837802	0.720388040749	3	1483	0	
254	0	184	step_1_no_load	1	2	2	429	
254	0	184	step_2_no_load	5	6	0.460890977786	0.480863422096	6	621	1	
254	0	185	step_1_no_load	1	2	2	958	
254	0	185	step_2_no_load	5	6	0.479703516092	0.482228039858	5	860	1	
254	0	186	step_1_no_load	1	2	2	635	
254	0	186	step_2_no_load	5	6	0.46870859828	0.484672582719	5	667	0	
254	0	187	step_1_no_load	1	2	-1	-1	
254	0	188	step_1_no_load	1	2	2	591	
254	0	188	step_2_no_load	3	4	0.291508050861	0.696362660087	3	435	0	
254	0	189	step_1_no_load	1	2	2	377	
254	0	189	step_2_no_load	5	6	0.448897869069	0.534753756004	5	963	1	
254	0	190	step_1_no_load	1	2	2	412	
254	0	190	step_2_no_load	5	6	0.433568856946	0.505820429042	5	372	1	
254	0	191	step_1_no_load	1	2	2	501	
254	0	191	step_2_no_load	5	6	0.435748387321	0.512103523931	5	391	0	
254	0	192	step_1_no_load	1	2	2	329	
254	0	192	step_2_no_load	5	6	0.450791310283	0.493851022417	5	353	0	
254	0	193	step_1_no_load	1	2	2	76	
254	0	193	step_2_no_load	3	4	0.321008037746	0.679792491164	4	279	1	
254	0	194	step_1_no_load	1	2	2	456	
254	0	194	step_2_no_load	5	6	0.433250459893	0.505359594715	6	524	0	
254	0	195	step_1_no_load	1	2	2	373	
254	0	195	step_2_no_load	5	6	0.466795336969	0.494102184238	5	228	0	
254	0	196	step_1_no_load	1	2	2	403	
254	0	196	step_2_no_load	5	6	0.421761207498	0.496717662777	6	410	0	
254	0	197	step_1_no_load	1	2	2	140	
254	0	197	step_2_no_load	5	6	0.422511153127	0.47786945426	5	500	1	
254	0	198	step_1_no_load	1	2	2	530	
254	0	198	step_2_no_load	3	4	0.303352625941	0.68660989813	3	549	0	
254	0	199	step_1_no_load	1	2	2	310	
254	0	199	step_2_no_load	5	6	0.39793773834	0.529438031858	6	355	1	
254	0	200	step_1_no_load	1	2	2	407	
254	0	200	step_2_no_load	5	6	0.372436949782	0.507902534353	6	428	0	

Mon Jul 15 17:24:47 2019
