Wed Jul 31 14:47:20 2019	
255	0	1	step_1_no_load	1	2	1	440	
255	0	1	step_2_no_load	3	4	0.511789129507	0.457620150462	3	561	0	
255	0	2	step_1_no_load	1	2	1	288	
255	0	2	step_2_no_load	3	4	0.533203491871	0.474613197709	4	311	1	
255	0	3	step_1_no_load	1	2	1	246	
255	0	3	step_2_no_load	3	4	0.516002945397	0.476767372206	4	281	0	
255	0	4	step_1_no_load	1	2	1	232	
255	0	4	step_2_no_load	3	4	0.494597764192	0.478607661228	3	342	1	
255	0	5	step_1_no_load	1	2	1	312	
255	0	5	step_2_no_load	3	4	0.543908521457	0.495568760483	3	307	1	
255	0	6	step_1_no_load	1	2	1	348	
255	0	6	step_2_no_load	3	4	0.490454120702	0.506877622204	3	345	1	
255	0	7	step_1_no_load	1	2	1	231	
255	0	7	step_2_no_load	5	6	0.568656746487	0.622642364361	5	351	1	
255	0	8	step_1_no_load	1	2	1	214	
255	0	8	step_2_no_load	3	4	0.499203529332	0.489816616396	3	333	1	
255	0	9	step_1_no_load	1	2	1	231	
255	0	9	step_2_no_load	3	4	0.54429228266	0.496546708465	3	436	0	
255	0	10	step_1_no_load	1	2	1	324	
255	0	10	step_2_no_load	3	4	0.576063520885	0.482364178155	3	334	0	
255	0	11	step_1_no_load	1	2	1	324	
255	0	11	step_2_no_load	3	4	0.59022801242	0.477013315682	4	437	0	
255	0	12	step_1_no_load	1	2	1	232	
255	0	12	step_2_no_load	3	4	0.597131918027	0.48457206759	3	288	1	
255	0	13	step_1_no_load	1	2	1	367	
255	0	13	step_2_no_load	3	4	0.595790490356	0.52012981853	3	318	1	
255	0	14	step_1_no_load	1	2	1	405	
255	0	14	step_2_no_load	5	6	0.629137942344	0.545555696267	6	702	1	
255	0	15	step_1_no_load	1	2	1	251	
255	0	15	step_2_no_load	3	4	0.633564630036	0.505377237737	3	693	0	
255	0	16	step_1_no_load	1	2	1	352	
255	0	16	step_2_no_load	5	6	0.628091198119	0.553308964466	5	212	1	
255	0	17	step_1_no_load	1	2	1	235	
255	0	17	step_2_no_load	3	4	0.643116883134	0.535958400205	3	280	1	
255	0	18	step_1_no_load	1	2	1	277	
255	0	18	step_2_no_load	3	4	0.626895526976	0.517514133912	3	236	1	
255	0	19	step_1_no_load	1	2	1	301	
255	0	19	step_2_no_load	3	4	0.644773170243	0.498240186199	3	365	1	
255	0	20	step_1_no_load	1	2	1	326	
255	0	20	step_2_no_load	5	6	0.636521555122	0.491720931314	6	537	0	
255	0	21	step_1_no_load	1	2	1	210	
255	0	21	step_2_no_load	3	4	0.611328949295	0.49769376036	3	338	0	
255	0	22	step_1_no_load	1	2	1	434	
255	0	22	step_2_no_load	3	4	0.618527126547	0.506100011497	4	488	0	
255	0	23	step_1_no_load	1	2	1	246	
255	0	23	step_2_no_load	3	4	0.604065470975	0.520606588181	3	309	1	
255	0	24	step_1_no_load	1	2	1	247	
255	0	24	step_2_no_load	5	6	0.582115115688	0.503316199018	5	199	1	
255	0	25	step_1_no_load	1	2	1	222	
255	0	25	step_2_no_load	3	4	0.629917901014	0.503316372362	3	220	0	
255	0	26	step_1_no_load	1	2	1	594	
255	0	26	step_2_no_load	3	4	0.640635035276	0.511744353778	3	241	1	
255	0	27	step_1_no_load	1	2	1	294	
255	0	27	step_2_no_load	3	4	0.642144756622	0.507272671939	3	365	1	
255	0	28	step_1_no_load	1	2	1	225	
255	0	28	step_2_no_load	3	4	0.647441527317	0.520177259699	3	309	1	
255	0	29	step_1_no_load	1	2	1	248	
255	0	29	step_2_no_load	5	6	0.606613029227	0.561957580386	5	484	0	
255	0	30	step_1_no_load	1	2	1	230	
255	0	30	step_2_no_load	3	4	0.610227092493	0.4919199548	3	325	0	
255	0	31	step_1_no_load	1	2	1	242	
255	0	31	step_2_no_load	3	4	0.606122691795	0.483156722265	3	215	0	
255	0	32	step_1_no_load	1	2	1	240	
255	0	32	step_2_no_load	3	4	0.605616211083	0.520318771114	3	393	1	
255	0	33	step_1_no_load	1	2	1	287	
255	0	33	step_2_no_load	3	4	0.618000238621	0.487664344039	3	385	1	
255	0	34	step_1_no_load	1	2	2	360	
255	0	34	step_2_no_load	3	4	0.670290552209	0.454565258478	3	617	0	
255	0	35	step_1_no_load	1	2	2	238	
255	0	35	step_2_no_load	5	6	0.566827313385	0.594167768198	6	463	1	
255	0	36	step_1_no_load	1	2	2	298	
255	0	36	step_2_no_load	5	6	0.527635087561	0.611274573488	6	332	1	
255	0	37	step_1_no_load	1	2	2	156	
255	0	37	step_2_no_load	5	6	0.513822304161	0.598446394142	6	284	0	
255	0	38	step_1_no_load	1	2	2	248	
255	0	38	step_2_no_load	3	4	0.651263699161	0.553931241266	3	726	0	
255	0	39	step_1_no_load	1	2	2	218	
255	0	39	step_2_no_load	5	6	0.557005857101	0.610601635554	6	418	0	
255	0	40	step_1_no_load	1	2	2	284	
255	0	40	step_2_no_load	5	6	0.580760785074	0.607992802154	5	392	1	
255	0	41	step_1_no_load	1	2	2	242	
255	0	41	step_2_no_load	5	6	0.524862294848	0.588857868869	5	301	0	
255	0	42	step_1_no_load	1	2	1	300	
255	0	42	step_2_no_load	3	4	0.606696263624	0.553461946234	3	339	1	
255	0	43	step_1_no_load	1	2	1	325	
255	0	43	step_2_no_load	3	4	0.581931546759	0.548128010644	3	374	0	
255	0	44	step_1_no_load	1	2	1	227	
255	0	44	step_2_no_load	3	4	0.589653131867	0.537842745081	3	216	0	
255	0	45	step_1_no_load	1	2	1	530	
255	0	45	step_2_no_load	5	6	0.579346234508	0.632991467829	6	460	0	
255	0	46	step_1_no_load	1	2	1	206	
255	0	46	step_2_no_load	3	4	0.654261318712	0.532238720495	3	447	1	
255	0	47	step_1_no_load	1	2	1	265	
255	0	47	step_2_no_load	5	6	0.546259467838	0.598724660986	5	724	0	
255	0	48	step_1_no_load	1	2	1	473	
255	0	48	step_2_no_load	5	6	0.534690828011	0.615767119776	6	518	0	
255	0	49	step_1_no_load	1	2	1	285	
255	0	49	step_2_no_load	3	4	0.614679490594	0.489287375157	3	391	0	
255	0	50	step_1_no_load	1	2	1	240	
255	0	50	step_2_no_load	3	4	0.593458480934	0.47381367271	3	430	1	
255	0	51	step_1_no_load	1	2	1	284	
255	0	51	step_2_no_load	3	4	0.613357430892	0.469943944943	3	470	0	
255	0	52	step_1_no_load	1	2	1	250	
255	0	52	step_2_no_load	5	6	0.513589895419	0.539065404057	6	525	0	
255	0	53	step_1_no_load	1	2	2	255	
255	0	53	step_2_no_load	5	6	0.475342927439	0.551457882502	6	293	0	
255	0	54	step_1_no_load	1	2	2	252	
255	0	54	step_2_no_load	5	6	0.493362545513	0.570223904064	5	453	1	
255	0	55	step_1_no_load	1	2	2	380	
255	0	55	step_2_no_load	5	6	0.526704292526	0.574045915747	5	318	1	
255	0	56	step_1_no_load	1	2	2	256	
255	0	56	step_2_no_load	3	4	0.60038825769	0.459773408493	3	816	1	
255	0	57	step_1_no_load	1	2	2	237	
255	0	57	step_2_no_load	3	4	0.586335094239	0.466449077359	3	363	1	
255	0	58	step_1_no_load	1	2	2	222	
255	0	58	step_2_no_load	5	6	0.528376440027	0.664682809182	5	417	1	
255	0	59	step_1_no_load	1	2	2	287	
255	0	59	step_2_no_load	5	6	0.537400760025	0.632500293208	5	500	0	
255	0	60	step_1_no_load	1	2	2	368	
255	0	60	step_2_no_load	5	6	0.479287247283	0.623687406259	6	333	1	
255	0	61	step_1_no_load	1	2	2	0	
255	0	61	step_2_no_load	3	4	0.602879526975	0.464268875813	3	624	1	
255	0	62	step_1_no_load	1	2	2	292	
255	0	62	step_2_no_load	5	6	0.533031417444	0.691137204746	5	514	1	
255	0	63	step_1_no_load	1	2	2	246	
255	0	63	step_2_no_load	5	6	0.519445130796	0.664284493458	6	451	1	
255	0	64	step_1_no_load	1	2	2	355	
255	0	64	step_2_no_load	5	6	0.533849886794	0.642369708469	6	390	0	
255	0	65	step_1_no_load	1	2	2	51	
255	0	65	step_2_no_load	3	4	0.619953360065	0.569109504048	3	356	1	
255	0	66	step_1_no_load	1	2	2	226	
255	0	66	step_2_no_load	5	6	0.555324764318	0.606938648072	5	341	0	
255	0	67	step_1_no_load	1	2	2	273	
255	0	67	step_2_no_load	5	6	0.538279387614	0.597650193897	5	247	0	
255	0	68	step_1_no_load	1	2	1	812	
255	0	68	step_2_no_load	5	6	0.523301545299	0.622963076372	5	742	0	
255	0	69	step_1_no_load	1	2	1	325	
255	0	69	step_2_no_load	3	4	0.718756538957	0.499137600991	3	491	0	
255	0	70	step_1_no_load	1	2	1	224	
255	0	70	step_2_no_load	3	4	0.697741832068	0.498834901463	4	614	0	
255	0	71	step_1_no_load	1	2	1	255	
255	0	71	step_2_no_load	5	6	0.546215110045	0.639174917797	5	450	0	
255	0	72	step_1_no_load	1	2	2	247	
255	0	72	step_2_no_load	5	6	0.556486305476	0.626024641967	6	577	1	
255	0	73	step_1_no_load	1	2	2	349	
255	0	73	step_2_no_load	5	6	0.50185699984	0.657126403029	6	388	1	
255	0	74	step_1_no_load	1	2	2	275	
255	0	74	step_2_no_load	5	6	0.491044983779	0.614462146454	6	386	1	
255	0	75	step_1_no_load	1	2	2	238	
255	0	75	step_2_no_load	5	6	0.483983914712	0.615552849174	6	494	0	
255	0	76	step_1_no_load	1	2	2	245	
255	0	76	step_2_no_load	5	6	0.518881389358	0.62770291155	5	358	0	
255	0	77	step_1_no_load	1	2	2	215	
255	0	77	step_2_no_load	5	6	0.538119616568	0.564257587118	6	391	0	
255	0	78	step_1_no_load	1	2	2	251	
255	0	78	step_2_no_load	5	6	0.538654072849	0.536711448352	5	350	1	
255	0	79	step_1_no_load	1	2	2	254	
255	0	79	step_2_no_load	3	4	0.647841624544	0.389124152368	3	296	0	
255	0	80	step_1_no_load	1	2	1	436	
255	0	80	step_2_no_load	3	4	0.703969305517	0.396016175285	3	269	1	
255	0	81	step_1_no_load	1	2	1	294	
255	0	81	step_2_no_load	3	4	0.702400933084	0.419265522488	3	377	1	
255	0	82	step_1_no_load	1	2	1	270	
255	0	82	step_2_no_load	5	6	0.482727017837	0.564729328387	5	357	0	
255	0	83	step_1_no_load	1	2	1	220	
255	0	83	step_2_no_load	3	4	0.726885136842	0.382772464038	4	277	0	
255	0	84	step_1_no_load	1	2	2	94	
255	0	84	step_2_no_load	3	4	0.731466635793	0.385087938645	4	395	0	
255	0	85	step_1_no_load	1	2	2	276	
255	0	85	step_2_no_load	3	4	0.712989604416	0.384458259121	3	425	1	
255	0	86	step_1_no_load	1	2	2	293	
255	0	86	step_2_no_load	5	6	0.486462788728	0.691782850001	5	417	1	
255	0	87	step_1_no_load	1	2	2	232	
255	0	87	step_2_no_load	5	6	0.493867001103	0.719375344246	5	358	0	
255	0	88	step_1_no_load	1	2	2	224	
255	0	88	step_2_no_load	5	6	0.509563243675	0.717410082358	6	426	1	
255	0	89	step_1_no_load	1	2	2	1	
255	0	89	step_2_no_load	5	6	0.490019385174	0.690772436485	6	347	1	
255	0	90	step_1_no_load	1	2	2	199	
255	0	90	step_2_no_load	5	6	0.530126112124	0.712247848046	6	403	1	
255	0	91	step_1_no_load	1	2	2	386	
255	0	91	step_2_no_load	5	6	0.479087223222	0.685023809334	6	415	1	
255	0	92	step_1_no_load	1	2	2	244	
255	0	92	step_2_no_load	3	4	0.679381608313	0.444368850664	3	600	0	
255	0	93	step_1_no_load	1	2	2	355	
255	0	93	step_2_no_load	5	6	0.473273727684	0.70415710998	5	280	1	
255	0	94	step_1_no_load	1	2	2	295	
255	0	94	step_2_no_load	5	6	0.468637558205	0.719464414227	5	341	1	
255	0	95	step_1_no_load	1	2	2	286	
255	0	95	step_2_no_load	5	6	0.42505578884	0.715495469274	5	282	1	
255	0	96	step_1_no_load	1	2	2	380	
255	0	96	step_2_no_load	5	6	0.437558890646	0.693739812506	5	792	0	
255	0	97	step_1_no_load	1	2	2	465	
255	0	97	step_2_no_load	5	6	0.455601814112	0.681272614291	6	596	1	
255	0	98	step_1_no_load	1	2	2	294	
255	0	98	step_2_no_load	5	6	0.431479829356	0.70287861952	6	423	1	
255	0	99	step_1_no_load	1	2	2	338	
255	0	99	step_2_no_load	5	6	0.375249961522	0.673709850038	6	296	0	
255	0	100	step_1_no_load	1	2	2	305	
255	0	100	step_2_no_load	5	6	0.363162156005	0.666227451505	5	399	1	
255	0	101	step_1_no_load	1	2	2	273	
255	0	101	step_2_no_load	5	6	0.366879421891	0.623812401974	5	370	1	
255	0	102	step_1_no_load	1	2	2	42	
255	0	102	step_2_no_load	3	4	0.663124617603	0.494584754513	3	320	1	
255	0	103	step_1_no_load	1	2	1	397	
255	0	103	step_2_no_load	3	4	0.69058998368	0.481975449893	3	318	1	
255	0	104	step_1_no_load	1	2	1	310	
255	0	104	step_2_no_load	3	4	0.743372642809	0.521047445908	3	335	1	
255	0	105	step_1_no_load	1	2	1	321	
255	0	105	step_2_no_load	5	6	0.352639603242	0.689135357059	5	380	0	
255	0	106	step_1_no_load	1	2	1	266	
255	0	106	step_2_no_load	5	6	0.374131494222	0.712883638252	5	527	0	
255	0	107	step_1_no_load	1	2	2	232	
255	0	107	step_2_no_load	3	4	0.677514185929	0.565220528809	3	616	1	
255	0	108	step_1_no_load	1	2	2	318	
255	0	108	step_2_no_load	3	4	0.681491063126	0.526955028982	4	763	1	
255	0	109	step_1_no_load	1	2	2	301	
255	0	109	step_2_no_load	5	6	0.372328831887	0.71632547018	5	669	0	
255	0	110	step_1_no_load	1	2	2	1	
255	0	110	step_2_no_load	5	6	0.395544455384	0.729599891941	6	549	1	
255	0	111	step_1_no_load	1	2	2	283	
255	0	111	step_2_no_load	5	6	0.407158158569	0.724852671171	6	614	1	
255	0	112	step_1_no_load	1	2	2	294	
255	0	112	step_2_no_load	3	4	0.635252945963	0.392887565883	3	420	1	
255	0	113	step_1_no_load	1	2	2	307	
255	0	113	step_2_no_load	5	6	0.387112818105	0.719324307956	6	519	0	
255	0	114	step_1_no_load	1	2	2	304	
255	0	114	step_2_no_load	5	6	0.384736699284	0.718213323791	6	430	0	
255	0	115	step_1_no_load	1	2	2	286	
255	0	115	step_2_no_load	3	4	0.645721217949	0.390027643099	3	641	1	
255	0	116	step_1_no_load	1	2	1	232	
255	0	116	step_2_no_load	3	4	0.680124293449	0.378149844807	3	528	1	
255	0	117	step_1_no_load	1	2	1	233	
255	0	117	step_2_no_load	5	6	0.363056877927	0.747012267642	6	563	1	
255	0	118	step_1_no_load	1	2	1	235	
255	0	118	step_2_no_load	3	4	0.690484235012	0.357645851833	3	324	1	
255	0	119	step_1_no_load	1	2	1	243	
255	0	119	step_2_no_load	5	6	0.358243439099	0.690424535099	5	246	1	
255	0	120	step_1_no_load	1	2	1	243	
255	0	120	step_2_no_load	3	4	0.666433355915	0.370150243662	3	495	1	
255	0	121	step_1_no_load	1	2	1	344	
255	0	121	step_2_no_load	3	4	0.671052306195	0.352721767208	3	513	1	
255	0	122	step_1_no_load	1	2	1	280	
255	0	122	step_2_no_load	3	4	0.672193618854	0.329624572119	3	407	1	
255	0	123	step_1_no_load	1	2	1	286	
255	0	123	step_2_no_load	3	4	0.664849878232	0.337526896345	3	339	1	
255	0	124	step_1_no_load	1	2	1	86	
255	0	124	step_2_no_load	3	4	0.624161788269	0.309430836661	3	599	1	
255	0	125	step_1_no_load	1	2	1	313	
255	0	125	step_2_no_load	3	4	0.633566302563	0.303110862715	3	366	0	
255	0	126	step_1_no_load	1	2	1	420	
255	0	126	step_2_no_load	3	4	0.600985760967	0.300846667696	3	569	0	
255	0	127	step_1_no_load	1	2	1	309	
255	0	127	step_2_no_load	3	4	0.646945556251	0.274944938508	4	454	0	
255	0	128	step_1_no_load	1	2	1	309	
255	0	128	step_2_no_load	3	4	0.620672334996	0.250790232267	3	291	1	
255	0	129	step_1_no_load	1	2	1	269	
255	0	129	step_2_no_load	5	6	0.268213321963	0.685297910719	6	933	1	
255	0	130	step_1_no_load	1	2	1	335	
255	0	130	step_2_no_load	5	6	0.267460866951	0.682031489739	6	457	1	
255	0	131	step_1_no_load	1	2	1	242	
255	0	131	step_2_no_load	5	6	0.281500842289	0.678044920845	6	451	1	
255	0	132	step_1_no_load	1	2	1	254	
255	0	132	step_2_no_load	5	6	0.27986961048	0.668578020634	6	571	1	
255	0	133	step_1_no_load	1	2	1	326	
255	0	133	step_2_no_load	3	4	0.691649444281	0.312642735495	3	554	0	
255	0	134	step_1_no_load	1	2	1	1	
255	0	134	step_2_no_load	3	4	0.685529359147	0.302839427162	3	353	1	
255	0	135	step_1_no_load	1	2	2	763	
255	0	135	step_2_no_load	3	4	0.700779221781	0.287118934166	3	688	1	
255	0	136	step_1_no_load	1	2	2	288	
255	0	136	step_2_no_load	5	6	0.307766925452	0.597814413435	6	809	1	
255	0	137	step_1_no_load	1	2	2	240	
255	0	137	step_2_no_load	3	4	0.668540846495	0.325016613024	3	434	1	
255	0	138	step_1_no_load	1	2	2	242	
255	0	138	step_2_no_load	3	4	0.688182193337	0.307694123906	3	419	0	
255	0	139	step_1_no_load	1	2	2	268	
255	0	139	step_2_no_load	5	6	0.325611400511	0.636630981281	6	661	1	
255	0	140	step_1_no_load	1	2	2	299	
255	0	140	step_2_no_load	3	4	0.637682840728	0.328174526491	3	465	1	
255	0	141	step_1_no_load	1	2	2	255	
255	0	141	step_2_no_load	5	6	0.390227133375	0.711987889705	6	577	1	
255	0	142	step_1_no_load	1	2	2	223	
255	0	142	step_2_no_load	5	6	0.397052682821	0.690276058009	6	639	1	
255	0	143	step_1_no_load	1	2	2	299	
255	0	143	step_2_no_load	5	6	0.410970957547	0.661365099615	6	588	1	
255	0	144	step_1_no_load	1	2	2	365	
255	0	144	step_2_no_load	5	6	0.389234194056	0.626443722248	6	529	1	
255	0	145	step_1_no_load	1	2	2	256	
255	0	145	step_2_no_load	5	6	0.355256413269	0.6669125229	6	534	0	
255	0	146	step_1_no_load	1	2	2	288	
255	0	146	step_2_no_load	5	6	0.320877500969	0.681611991725	6	537	1	
255	0	147	step_1_no_load	1	2	2	336	
255	0	147	step_2_no_load	3	4	0.594861186319	0.265578160642	3	563	0	
255	0	148	step_1_no_load	1	2	2	264	
255	0	148	step_2_no_load	3	4	0.648050021239	0.305288021243	3	473	1	
255	0	149	step_1_no_load	1	2	2	315	
255	0	149	step_2_no_load	5	6	0.300290206122	0.601870110183	6	777	0	
255	0	150	step_1_no_load	1	2	2	0	
255	0	150	step_2_no_load	3	4	0.605912419156	0.305587692243	3	550	1	
255	0	151	step_1_no_load	1	2	1	855	
255	0	151	step_2_no_load	5	6	0.310557101463	0.59154759351	6	564	1	
255	0	152	step_1_no_load	1	2	2	441	
255	0	152	step_2_no_load	3	4	0.644204174791	0.307702500543	3	554	1	
255	0	153	step_1_no_load	1	2	1	190	
255	0	153	step_2_no_load	5	6	0.343622632154	0.613336203392	6	409	0	
255	0	154	step_1_no_load	1	2	1	242	
255	0	154	step_2_no_load	3	4	0.671672162443	0.316375537537	3	509	1	
255	0	155	step_1_no_load	1	2	2	561	
255	0	155	step_2_no_load	5	6	0.372188990474	0.632486591889	6	439	1	
255	0	156	step_1_no_load	1	2	2	371	
255	0	156	step_2_no_load	5	6	0.368378667812	0.631048201903	5	376	0	
255	0	157	step_1_no_load	1	2	2	395	
255	0	157	step_2_no_load	5	6	0.324728201487	0.585191807512	5	471	1	
255	0	158	step_1_no_load	1	2	2	306	
255	0	158	step_2_no_load	5	6	0.334595868098	0.532722108502	6	424	0	
255	0	159	step_1_no_load	1	2	2	294	
255	0	159	step_2_no_load	5	6	0.321150411254	0.541222065796	5	608	0	
255	0	160	step_1_no_load	1	2	2	256	
255	0	160	step_2_no_load	5	6	0.355992626298	0.521229931064	6	408	1	
255	0	161	step_1_no_load	1	2	2	251	
255	0	161	step_2_no_load	5	6	0.438878285506	0.516036498158	6	499	1	
255	0	162	step_1_no_load	1	2	2	315	
255	0	162	step_2_no_load	3	4	0.695144769903	0.3926701003	3	611	1	
255	0	163	step_1_no_load	1	2	2	281	
255	0	163	step_2_no_load	3	4	0.697095951435	0.395221309311	3	625	1	
255	0	164	step_1_no_load	1	2	2	359	
255	0	164	step_2_no_load	5	6	0.430844125626	0.585961845322	5	476	0	
255	0	165	step_1_no_load	1	2	1	365	
255	0	165	step_2_no_load	5	6	0.347974240867	0.538026607649	5	394	0	
255	0	166	step_1_no_load	1	2	1	152	
255	0	166	step_2_no_load	3	4	0.686594248975	0.422282731054	4	440	1	
255	0	167	step_1_no_load	1	2	2	47	
255	0	167	step_2_no_load	5	6	0.331115714939	0.585131062446	6	596	1	
255	0	168	step_1_no_load	1	2	2	487	
255	0	168	step_2_no_load	5	6	0.335777599654	0.613361520676	6	619	1	
255	0	169	step_1_no_load	1	2	2	294	
255	0	169	step_2_no_load	3	4	0.704981910944	0.42098542374	4	394	1	
255	0	170	step_1_no_load	1	2	2	457	
255	0	170	step_2_no_load	3	4	0.67334314737	0.411067820436	3	844	1	
255	0	171	step_1_no_load	1	2	2	295	
255	0	171	step_2_no_load	3	4	0.727248140829	0.386979310814	3	766	1	
255	0	172	step_1_no_load	1	2	2	308	
255	0	172	step_2_no_load	5	6	0.490120307546	0.519090471457	5	701	0	
255	0	173	step_1_no_load	1	2	2	350	
255	0	173	step_2_no_load	5	6	0.462866379815	0.484428109849	6	513	1	
255	0	174	step_1_no_load	1	2	2	516	
255	0	174	step_2_no_load	3	4	0.729877433725	0.387867297446	4	889	0	
255	0	175	step_1_no_load	1	2	2	470	
255	0	175	step_2_no_load	5	6	0.484825491933	0.52644949356	5	486	1	
255	0	176	step_1_no_load	1	2	2	481	
255	0	176	step_2_no_load	5	6	0.500856457218	0.474046874473	6	464	0	
255	0	177	step_1_no_load	1	2	2	319	
255	0	177	step_2_no_load	5	6	0.4798184927	0.501268576771	5	811	1	
255	0	178	step_1_no_load	1	2	2	287	
255	0	178	step_2_no_load	5	6	0.49020858644	0.493712351915	6	532	1	
255	0	179	step_1_no_load	1	2	2	244	
255	0	179	step_2_no_load	3	4	0.709345707515	0.324685418097	3	634	0	
255	0	180	step_1_no_load	1	2	1	322	
255	0	180	step_2_no_load	3	4	0.719795072986	0.341214611607	3	558	1	
255	0	181	step_1_no_load	1	2	2	548	
255	0	181	step_2_no_load	5	6	0.480141179559	0.508735114046	6	504	1	
255	0	182	step_1_no_load	1	2	1	435	
255	0	182	step_2_no_load	3	4	0.72717560423	0.340533666308	3	530	1	
255	0	183	step_1_no_load	1	2	1	523	
255	0	183	step_2_no_load	3	4	0.720388040749	0.350175837802	3	458	1	
255	0	184	step_1_no_load	1	2	2	525	
255	0	184	step_2_no_load	5	6	0.480863422096	0.460890977786	6	539	1	
255	0	185	step_1_no_load	1	2	1	356	
255	0	185	step_2_no_load	3	4	0.665622647081	0.362611152222	3	736	0	
255	0	186	step_1_no_load	1	2	2	337	
255	0	186	step_2_no_load	5	6	0.484672582719	0.46870859828	5	738	0	
255	0	187	step_1_no_load	1	2	1	233	
255	0	187	step_2_no_load	3	4	0.678211978625	0.328890769988	3	340	0	
255	0	188	step_1_no_load	1	2	1	281	
255	0	188	step_2_no_load	5	6	0.548350535247	0.471319680586	6	402	1	
255	0	189	step_1_no_load	1	2	1	333	
255	0	189	step_2_no_load	5	6	0.534753756004	0.448897869069	6	523	0	
255	0	190	step_1_no_load	1	2	1	262	
255	0	190	step_2_no_load	5	6	0.505820429042	0.433568856946	6	332	1	
255	0	191	step_1_no_load	1	2	1	836	
255	0	191	step_2_no_load	3	4	0.664271461991	0.318839908867	4	917	0	
255	0	192	step_1_no_load	1	2	1	282	
255	0	192	step_2_no_load	5	6	0.493851022417	0.450791310283	6	666	0	
255	0	193	step_1_no_load	1	2	1	553	
255	0	193	step_2_no_load	3	4	0.679792491164	0.321008037746	4	437	1	
255	0	194	step_1_no_load	1	2	2	234	
255	0	194	step_2_no_load	5	6	0.505359594715	0.433250459893	6	322	1	
255	0	195	step_1_no_load	1	2	2	66	
255	0	195	step_2_no_load	5	6	0.494102184238	0.466795336969	6	522	1	
255	0	196	step_1_no_load	1	2	2	270	
255	0	196	step_2_no_load	5	6	0.496717662777	0.421761207498	6	433	1	
255	0	197	step_1_no_load	1	2	2	336	
255	0	197	step_2_no_load	3	4	0.686552522522	0.316987700969	3	397	1	
255	0	198	step_1_no_load	1	2	2	308	
255	0	198	step_2_no_load	5	6	0.485065498391	0.397292432346	5	498	1	
255	0	199	step_1_no_load	1	2	2	381	
255	0	199	step_2_no_load	5	6	0.529438031858	0.39793773834	5	419	0	
255	0	200	step_1_no_load	1	2	2	287	
255	0	200	step_2_no_load	3	4	0.728996708473	0.299128796668	3	755	1	

Wed Jul 31 15:06:55 2019
