Thu Aug  1 14:54:39 2019	
259	0	1	step_1_no_load	1	2	1	629	
259	0	1	step_2_no_load	3	4	0.594299910136	0.511789129507	3	667	0	
259	0	2	step_1_no_load	1	2	1	379	
259	0	2	step_2_no_load	5	6	0.474613197709	0.580156942153	5	335	1	
259	0	3	step_1_no_load	1	2	1	523	
259	0	3	step_2_no_load	3	4	0.589215227351	0.516002945397	4	768	0	
259	0	4	step_1_no_load	1	2	1	437	
259	0	4	step_2_no_load	5	6	0.478607661228	0.597491569846	6	1124	1	
259	0	5	step_1_no_load	1	2	1	544	
259	0	5	step_2_no_load	3	4	0.576104915614	0.543908521457	3	1465	0	
259	0	6	step_1_no_load	1	2	1	338	
259	0	6	step_2_no_load	3	4	0.603642866427	0.490454120702	4	1058	1	
259	0	7	step_1_no_load	1	2	1	350	
259	0	7	step_2_no_load	3	4	0.622642364361	0.506408070053	-1	-1	-1	
259	0	8	step_1_no_load	1	2	1	212	
259	0	8	step_2_no_load	3	4	0.624210374623	0.499203529332	4	394	0	
259	0	9	step_1_no_load	1	2	1	390	
259	0	9	step_2_no_load	5	6	0.496546708465	0.598049061473	5	436	0	
259	0	10	step_1_no_load	1	2	1	521	
259	0	10	step_2_no_load	5	6	0.482364178155	0.652626043146	6	481	1	
259	0	11	step_1_no_load	1	2	2	362	
259	0	11	step_2_no_load	5	6	0.477013315682	0.69163818036	6	409	1	
259	0	12	step_1_no_load	1	2	2	337	
259	0	12	step_2_no_load	5	6	0.48457206759	0.682786328054	6	365	1	
259	0	13	step_1_no_load	1	2	2	365	
259	0	13	step_2_no_load	5	6	0.52012981853	0.653587098421	6	515	0	
259	0	14	step_1_no_load	1	2	2	326	
259	0	14	step_2_no_load	3	4	0.545555696267	0.611256675753	3	907	0	
259	0	15	step_1_no_load	1	2	1	474	
259	0	15	step_2_no_load	3	4	0.570419113221	0.633564630036	4	588	1	
259	0	16	step_1_no_load	1	2	1	288	
259	0	16	step_2_no_load	3	4	0.553308964466	0.626326396372	4	522	1	
259	0	17	step_1_no_load	1	2	1	279	
259	0	17	step_2_no_load	3	4	0.562895132605	0.643116883134	4	585	1	
259	0	18	step_1_no_load	1	2	1	267	
259	0	18	step_2_no_load	3	4	0.553554620302	0.626895526976	4	343	1	
259	0	19	step_1_no_load	1	2	1	248	
259	0	19	step_2_no_load	3	4	0.536502319591	0.644773170243	4	386	1	
259	0	20	step_1_no_load	1	2	1	396	
259	0	20	step_2_no_load	5	6	0.478025448397	0.636521555122	6	756	0	
259	0	21	step_1_no_load	1	2	2	518	
259	0	21	step_2_no_load	5	6	0.49769376036	0.630305464549	5	513	0	
259	0	22	step_1_no_load	1	2	1	300	
259	0	22	step_2_no_load	5	6	0.506100011497	0.621949894727	6	508	0	
259	0	23	step_1_no_load	1	2	1	335	
259	0	23	step_2_no_load	5	6	0.520606588181	0.640163623731	5	830	1	
259	0	24	step_1_no_load	1	2	1	305	
259	0	24	step_2_no_load	3	4	0.503316199018	0.5800912085	4	423	0	
259	0	25	step_1_no_load	1	2	1	328	
259	0	25	step_2_no_load	5	6	0.503316372362	0.565698722896	6	407	0	
259	0	26	step_1_no_load	1	2	1	417	
259	0	26	step_2_no_load	5	6	0.511744353778	0.592410219737	5	928	1	
259	0	27	step_1_no_load	1	2	1	416	
259	0	27	step_2_no_load	3	4	0.54756089792	0.642144756622	4	941	1	
259	0	28	step_1_no_load	1	2	1	325	
259	0	28	step_2_no_load	3	4	0.553259388875	0.647441527317	4	441	1	
259	0	29	step_1_no_load	1	2	1	365	
259	0	29	step_2_no_load	3	4	0.561957580386	0.618626354124	4	423	1	
259	0	30	step_1_no_load	1	2	1	328	
259	0	30	step_2_no_load	3	4	0.574272497114	0.610227092493	4	623	1	
259	0	31	step_1_no_load	1	2	1	411	
259	0	31	step_2_no_load	3	4	0.541819886458	0.606122691795	4	539	1	
259	0	32	step_1_no_load	1	2	1	341	
259	0	32	step_2_no_load	3	4	0.522993086096	0.605616211083	4	282	1	
259	0	33	step_1_no_load	1	2	1	317	
259	0	33	step_2_no_load	3	4	0.542309898544	0.618000238621	4	439	1	
259	0	34	step_1_no_load	1	2	1	320	
259	0	34	step_2_no_load	3	4	0.538523758058	0.670290552209	4	301	0	
259	0	35	step_1_no_load	1	2	1	300	
259	0	35	step_2_no_load	3	4	0.594167768198	0.649776015006	4	454	0	
259	0	36	step_1_no_load	1	2	1	335	
259	0	36	step_2_no_load	3	4	0.611274573488	0.661229326326	3	702	1	
259	0	37	step_1_no_load	1	2	1	242	
259	0	37	step_2_no_load	3	4	0.598446394142	0.660658056664	3	348	1	
259	0	38	step_1_no_load	1	2	1	345	
259	0	38	step_2_no_load	5	6	0.553931241266	0.539078491643	5	341	0	
259	0	39	step_1_no_load	1	2	1	223	
259	0	39	step_2_no_load	3	4	0.610601635554	0.634483337633	3	442	0	
259	0	40	step_1_no_load	1	2	1	254	
259	0	40	step_2_no_load	3	4	0.607992802154	0.636994900683	3	457	0	
259	0	41	step_1_no_load	1	2	1	316	
259	0	41	step_2_no_load	3	4	0.588857868869	0.633285941184	4	445	1	
259	0	42	step_1_no_load	1	2	1	320	
259	0	42	step_2_no_load	3	4	0.609164606591	0.606696263624	4	355	1	
259	0	43	step_1_no_load	1	2	1	384	
259	0	43	step_2_no_load	3	4	0.612705031264	0.581931546759	4	594	1	
259	0	44	step_1_no_load	1	2	1	402	
259	0	44	step_2_no_load	3	4	0.611481438855	0.589653131867	4	329	1	
259	0	45	step_1_no_load	1	2	1	330	
259	0	45	step_2_no_load	3	4	0.632991467829	0.620699591043	4	279	0	
259	0	46	step_1_no_load	1	2	1	289	
259	0	46	step_2_no_load	5	6	0.532238720495	0.55511883717	6	329	0	
259	0	47	step_1_no_load	1	2	1	211	
259	0	47	step_2_no_load	5	6	0.493112702321	0.546259467838	5	334	0	
259	0	48	step_1_no_load	1	2	1	259	
259	0	48	step_2_no_load	3	4	0.615767119776	0.657624935632	4	617	1	
259	0	49	step_1_no_load	1	2	1	321	
259	0	49	step_2_no_load	5	6	0.489287375157	0.512405963374	6	365	0	
259	0	50	step_1_no_load	1	2	1	265	
259	0	50	step_2_no_load	3	4	0.606862017918	0.593458480934	4	394	1	
259	0	51	step_1_no_load	1	2	1	322	
259	0	51	step_2_no_load	3	4	0.564866799699	0.613357430892	4	389	1	
259	0	52	step_1_no_load	1	2	1	372	
259	0	52	step_2_no_load	5	6	0.429622901875	0.513589895419	5	841	1	
259	0	53	step_1_no_load	1	2	1	305	
259	0	53	step_2_no_load	5	6	0.451905460347	0.475342927439	6	343	0	
259	0	54	step_1_no_load	1	2	1	354	
259	0	54	step_2_no_load	3	4	0.570223904064	0.652515308527	4	909	0	
259	0	55	step_1_no_load	1	2	1	342	
259	0	55	step_2_no_load	3	4	0.574045915747	0.639840796975	3	791	1	
259	0	56	step_1_no_load	1	2	1	470	
259	0	56	step_2_no_load	5	6	0.459773408493	0.538512915562	6	841	0	
259	0	57	step_1_no_load	1	2	1	381	
259	0	57	step_2_no_load	3	4	0.641849303307	0.586335094239	3	386	0	
259	0	58	step_1_no_load	1	2	1	359	
259	0	58	step_2_no_load	3	4	0.664682809182	0.610896130115	3	345	0	
259	0	59	step_1_no_load	1	2	1	372	
259	0	59	step_2_no_load	3	4	0.632500293208	0.608951267756	4	570	1	
259	0	60	step_1_no_load	1	2	1	415	
259	0	60	step_2_no_load	3	4	0.623687406259	0.599559577859	4	730	1	
259	0	61	step_1_no_load	1	2	1	348	
259	0	61	step_2_no_load	3	4	0.669587072502	0.602879526975	4	366	0	
259	0	62	step_1_no_load	1	2	1	344	
259	0	62	step_2_no_load	3	4	0.691137204746	0.622820395113	4	277	1	
259	0	63	step_1_no_load	1	2	1	242	
259	0	63	step_2_no_load	5	6	0.53192660365	0.519445130796	5	416	0	
259	0	64	step_1_no_load	1	2	1	203	
259	0	64	step_2_no_load	3	4	0.642369708469	0.626149195169	4	996	1	
259	0	65	step_1_no_load	1	2	1	259	
259	0	65	step_2_no_load	3	4	0.612660225018	0.619953360065	4	595	1	
259	0	66	step_1_no_load	1	2	1	332	
259	0	66	step_2_no_load	3	4	0.606938648072	0.630357351236	4	595	0	
259	0	67	step_1_no_load	1	2	1	343	
259	0	67	step_2_no_load	3	4	0.597650193897	0.674463681351	4	314	0	
259	0	68	step_1_no_load	1	2	1	548	
259	0	68	step_2_no_load	3	4	0.622963076372	0.719455209845	4	496	1	
259	0	69	step_1_no_load	1	2	1	455	
259	0	69	step_2_no_load	3	4	0.622221685203	0.718756538957	4	521	1	
259	0	70	step_1_no_load	1	2	1	288	
259	0	70	step_2_no_load	3	4	0.637556284465	0.697741832068	4	336	1	
259	0	71	step_1_no_load	1	2	1	351	
259	0	71	step_2_no_load	3	4	0.639174917797	0.706816191949	4	253	0	
259	0	72	step_1_no_load	1	2	1	219	
259	0	72	step_2_no_load	5	6	0.47409116389	0.556486305476	6	203	0	
259	0	73	step_1_no_load	1	2	1	231	
259	0	73	step_2_no_load	5	6	0.435957313805	0.50185699984	6	610	0	
259	0	74	step_1_no_load	1	2	1	325	
259	0	74	step_2_no_load	3	4	0.614462146454	0.693624670847	4	565	1	
259	0	75	step_1_no_load	1	2	1	420	
259	0	75	step_2_no_load	3	4	0.615552849174	0.697629587097	4	583	1	
259	0	76	step_1_no_load	1	2	1	256	
259	0	76	step_2_no_load	3	4	0.62770291155	0.690117652944	4	865	1	
259	0	77	step_1_no_load	1	2	1	254	
259	0	77	step_2_no_load	5	6	0.446809557226	0.538119616568	5	564	1	
259	0	78	step_1_no_load	1	2	1	319	
259	0	78	step_2_no_load	3	4	0.536711448352	0.647586191228	4	1242	1	
259	0	79	step_1_no_load	1	2	1	221	
259	0	79	step_2_no_load	5	6	0.389124152368	0.540085062695	5	488	0	
259	0	80	step_1_no_load	1	2	1	252	
259	0	80	step_2_no_load	3	4	0.518583383166	0.703969305517	4	592	1	
259	0	81	step_1_no_load	1	2	1	350	
259	0	81	step_2_no_load	3	4	0.529745690463	0.702400933084	4	300	1	
259	0	82	step_1_no_load	1	2	1	297	
259	0	82	step_2_no_load	5	6	0.395813831323	0.482727017837	6	259	1	
259	0	83	step_1_no_load	1	2	1	226	
259	0	83	step_2_no_load	3	4	0.607907985871	0.726885136842	4	478	0	
259	0	84	step_1_no_load	1	2	1	320	
259	0	84	step_2_no_load	3	4	0.65843840156	0.731466635793	4	468	1	
259	0	85	step_1_no_load	1	2	1	401	
259	0	85	step_2_no_load	3	4	0.692384972752	0.712989604416	4	346	0	
259	0	86	step_1_no_load	1	2	1	118	
259	0	86	step_2_no_load	3	4	0.691782850001	0.721207648497	4	228	1	
259	0	87	step_1_no_load	1	2	1	183	
259	0	87	step_2_no_load	3	4	0.719375344246	0.690012761069	4	589	1	
259	0	88	step_1_no_load	1	2	1	245	
259	0	88	step_2_no_load	3	4	0.717410082358	0.696773608304	4	279	1	
259	0	89	step_1_no_load	1	2	1	488	
259	0	89	step_2_no_load	5	6	0.415882489686	0.490019385174	6	273	1	
259	0	90	step_1_no_load	1	2	1	343	
259	0	90	step_2_no_load	3	4	0.712247848046	0.688736868033	4	326	1	
259	0	91	step_1_no_load	1	2	1	344	
259	0	91	step_2_no_load	3	4	0.685023809334	0.657820521772	4	238	0	
259	0	92	step_1_no_load	1	2	1	249	
259	0	92	step_2_no_load	3	4	0.692406274724	0.679381608313	4	247	0	
259	0	93	step_1_no_load	1	2	1	305	
259	0	93	step_2_no_load	3	4	0.70415710998	0.662863370634	3	317	1	
259	0	94	step_1_no_load	1	2	1	413	
259	0	94	step_2_no_load	3	4	0.719464414227	0.668295023896	3	653	1	
259	0	95	step_1_no_load	1	2	1	213	
259	0	95	step_2_no_load	3	4	0.715495469274	0.640209855442	3	577	1	
259	0	96	step_1_no_load	1	2	1	407	
259	0	96	step_2_no_load	5	6	0.383038640121	0.437558890646	5	258	1	
259	0	97	step_1_no_load	1	2	1	283	
259	0	97	step_2_no_load	5	6	0.392885664353	0.455601814112	5	301	0	
259	0	98	step_1_no_load	1	2	1	209	
259	0	98	step_2_no_load	3	4	0.70287861952	0.646040060297	3	253	0	
259	0	99	step_1_no_load	1	2	1	172	
259	0	99	step_2_no_load	3	4	0.673709850038	0.645191748454	3	338	1	
259	0	100	step_1_no_load	1	2	1	250	
259	0	100	step_2_no_load	3	4	0.666227451505	0.66579920021	3	232	1	
259	0	101	step_1_no_load	1	2	1	414	
259	0	101	step_2_no_load	3	4	0.623812401974	0.655903528958	3	222	1	
259	0	102	step_1_no_load	1	2	1	219	
259	0	102	step_2_no_load	3	4	0.666304534392	0.663124617603	3	192	1	
259	0	103	step_1_no_load	1	2	1	241	
259	0	103	step_2_no_load	5	6	0.481975449893	0.322834495838	5	194	1	
259	0	104	step_1_no_load	1	2	1	193	
259	0	104	step_2_no_load	5	6	0.521047445908	0.303696146503	5	640	1	
259	0	105	step_1_no_load	1	2	1	181	
259	0	105	step_2_no_load	5	6	0.514318365187	0.352639603242	5	196	0	
259	0	106	step_1_no_load	1	2	1	227	
259	0	106	step_2_no_load	3	4	0.712883638252	0.699623252899	3	264	1	
259	0	107	step_1_no_load	1	2	1	294	
259	0	107	step_2_no_load	3	4	0.692607431435	0.677514185929	3	44	1	
259	0	108	step_1_no_load	1	2	1	326	
259	0	108	step_2_no_load	3	4	0.695928523711	0.681491063126	3	151	1	
259	0	109	step_1_no_load	1	2	1	344	
259	0	109	step_2_no_load	5	6	0.479977531501	0.372328831887	5	180	1	
259	0	110	step_1_no_load	1	2	1	290	
259	0	110	step_2_no_load	5	6	0.432626681236	0.395544455384	5	409	0	
259	0	111	step_1_no_load	1	2	1	572	
259	0	111	step_2_no_load	5	6	0.384948378665	0.407158158569	5	204	0	
259	0	112	step_1_no_load	1	2	1	233	
259	0	112	step_2_no_load	3	4	0.725701866094	0.635252945963	3	309	0	
259	0	113	step_1_no_load	1	2	1	228	
259	0	113	step_2_no_load	3	4	0.719324307956	0.634627459817	3	202	0	
259	0	114	step_1_no_load	1	2	1	263	
259	0	114	step_2_no_load	3	4	0.718213323791	0.657654904272	4	359	0	
259	0	115	step_1_no_load	1	2	1	201	
259	0	115	step_2_no_load	3	4	0.739704344621	0.645721217949	4	201	1	
259	0	116	step_1_no_load	1	2	1	222	
259	0	116	step_2_no_load	5	6	0.378149844807	0.369438791876	6	225	1	
259	0	117	step_1_no_load	1	2	1	317	
259	0	117	step_2_no_load	5	6	0.374621793791	0.363056877927	6	257	1	
259	0	118	step_1_no_load	1	2	1	271	
259	0	118	step_2_no_load	3	4	0.740051715856	0.690484235012	4	156	1	
259	0	119	step_1_no_load	1	2	1	246	
259	0	119	step_2_no_load	5	6	0.357515098446	0.358243439099	6	222	0	
259	0	120	step_1_no_load	1	2	1	236	
259	0	120	step_2_no_load	3	4	0.70587238626	0.666433355915	4	204	0	
259	0	121	step_1_no_load	1	2	1	215	
259	0	121	step_2_no_load	5	6	0.352721767208	0.310775244958	6	198	1	
259	0	122	step_1_no_load	1	2	1	263	
259	0	122	step_2_no_load	3	4	0.6136886145	0.672193618854	4	216	1	
259	0	123	step_1_no_load	1	2	1	193	
259	0	123	step_2_no_load	3	4	0.583607229978	0.664849878232	4	226	1	
259	0	124	step_1_no_load	1	2	1	186	
259	0	124	step_2_no_load	5	6	0.309430836661	0.26095206597	6	213	0	
259	0	125	step_1_no_load	1	2	1	286	
259	0	125	step_2_no_load	3	4	0.559596800931	0.633566302563	4	456	1	
259	0	126	step_1_no_load	1	2	1	316	
259	0	126	step_2_no_load	3	4	0.537863824328	0.600985760967	3	347	1	
259	0	127	step_1_no_load	1	2	1	223	
259	0	127	step_2_no_load	3	4	0.560824094575	0.646945556251	4	336	1	
259	0	128	step_1_no_load	1	2	1	265	
259	0	128	step_2_no_load	5	6	0.250790232267	0.260252451606	5	670	1	
259	0	129	step_1_no_load	1	2	1	184	
259	0	129	step_2_no_load	3	4	0.685297910719	0.632682846317	4	354	0	
259	0	130	step_1_no_load	1	2	1	139	
259	0	130	step_2_no_load	3	4	0.682031489739	0.630285316669	4	229	1	
259	0	131	step_1_no_load	1	2	1	212	
259	0	131	step_2_no_load	3	4	0.678044920845	0.638450601212	4	575	1	
259	0	132	step_1_no_load	1	2	1	202	
259	0	132	step_2_no_load	3	4	0.668578020634	0.660013924697	4	401	1	
259	0	133	step_1_no_load	1	2	1	174	
259	0	133	step_2_no_load	3	4	0.617383991623	0.691649444281	4	264	0	
259	0	134	step_1_no_load	1	2	1	168	
259	0	134	step_2_no_load	3	4	0.621945110858	0.685529359147	4	460	1	
259	0	135	step_1_no_load	1	2	1	577	
259	0	135	step_2_no_load	3	4	0.593710006149	0.700779221781	3	615	0	
259	0	136	step_1_no_load	1	2	1	218	
259	0	136	step_2_no_load	5	6	0.284521085726	0.307766925452	5	811	0	
259	0	137	step_1_no_load	1	2	1	203	
259	0	137	step_2_no_load	3	4	0.605896884497	0.668540846495	3	248	0	
259	0	138	step_1_no_load	1	2	1	263	
259	0	138	step_2_no_load	3	4	0.63240964674	0.688182193337	3	861	1	
259	0	139	step_1_no_load	1	2	1	320	
259	0	139	step_2_no_load	5	6	0.323660750961	0.325611400511	6	378	0	
259	0	140	step_1_no_load	1	2	1	202	
259	0	140	step_2_no_load	3	4	0.671213945178	0.637682840728	4	300	0	
259	0	141	step_1_no_load	1	2	1	239	
259	0	141	step_2_no_load	5	6	0.311809871418	0.390227133375	5	576	0	
259	0	142	step_1_no_load	1	2	1	192	
259	0	142	step_2_no_load	3	4	0.690276058009	0.627356259123	4	359	1	
259	0	143	step_1_no_load	1	2	1	215	
259	0	143	step_2_no_load	3	4	0.661365099615	0.610219102298	4	340	1	
259	0	144	step_1_no_load	1	2	1	225	
259	0	144	step_2_no_load	3	4	0.626443722248	0.639347300184	4	530	1	
259	0	145	step_1_no_load	1	2	1	387	
259	0	145	step_2_no_load	3	4	0.6669125229	0.606515632748	4	238	1	
259	0	146	step_1_no_load	1	2	1	364	
259	0	146	step_2_no_load	5	6	0.257861956214	0.320877500969	6	210	1	
259	0	147	step_1_no_load	1	2	1	193	
259	0	147	step_2_no_load	3	4	0.647798886916	0.594861186319	4	188	0	
259	0	148	step_1_no_load	1	2	1	194	
259	0	148	step_2_no_load	5	6	0.305288021243	0.311162711725	6	197	1	
259	0	149	step_1_no_load	1	2	1	214	
259	0	149	step_2_no_load	5	6	0.269951834184	0.300290206122	6	193	0	
259	0	150	step_1_no_load	1	2	1	258	
259	0	150	step_2_no_load	3	4	0.575985663078	0.605912419156	4	481	1	
259	0	151	step_1_no_load	1	2	1	238	
259	0	151	step_2_no_load	3	4	0.59154759351	0.614159737668	4	365	1	
259	0	152	step_1_no_load	1	2	1	241	
259	0	152	step_2_no_load	5	6	0.307702500543	0.323194010514	5	375	0	
259	0	153	step_1_no_load	1	2	1	217	
259	0	153	step_2_no_load	3	4	0.613336203392	0.681559292085	4	363	0	
259	0	154	step_1_no_load	1	2	1	248	
259	0	154	step_2_no_load	3	4	0.638934099562	0.671672162443	4	238	1	
259	0	155	step_1_no_load	1	2	1	259	
259	0	155	step_2_no_load	5	6	0.296093457977	0.372188990474	6	235	0	
259	0	156	step_1_no_load	1	2	1	183	
259	0	156	step_2_no_load	3	4	0.631048201903	0.734436160799	4	413	1	
259	0	157	step_1_no_load	1	2	1	219	
259	0	157	step_2_no_load	3	4	0.585191807512	0.720725456325	4	588	1	
259	0	158	step_1_no_load	1	2	1	210	
259	0	158	step_2_no_load	3	4	0.532722108502	0.694270715354	4	255	1	
259	0	159	step_1_no_load	1	2	1	185	
259	0	159	step_2_no_load	3	4	0.541222065796	0.697903160072	4	502	1	
259	0	160	step_1_no_load	1	2	1	224	
259	0	160	step_2_no_load	3	4	0.521229931064	0.710728171711	4	470	0	
259	0	161	step_1_no_load	1	2	1	265	
259	0	161	step_2_no_load	5	6	0.407025633682	0.438878285506	6	362	0	
259	0	162	step_1_no_load	1	2	1	286	
259	0	162	step_2_no_load	3	4	0.566496468084	0.695144769903	4	521	1	
259	0	163	step_1_no_load	1	2	1	321	
259	0	163	step_2_no_load	3	4	0.5863391277	0.697095951435	4	550	1	
259	0	164	step_1_no_load	1	2	1	346	
259	0	164	step_2_no_load	3	4	0.585961845322	0.692137394606	4	471	0	
259	0	165	step_1_no_load	1	2	1	193	
259	0	165	step_2_no_load	3	4	0.538026607649	0.717506143195	4	503	1	
259	0	166	step_1_no_load	1	2	1	204	
259	0	166	step_2_no_load	3	4	0.549095060025	0.686594248975	4	555	1	
259	0	167	step_1_no_load	1	2	1	219	
259	0	167	step_2_no_load	3	4	0.585131062446	0.706271792549	4	354	0	
259	0	168	step_1_no_load	1	2	1	242	
259	0	168	step_2_no_load	3	4	0.613361520676	0.67192508984	4	258	1	
259	0	169	step_1_no_load	1	2	1	217	
259	0	169	step_2_no_load	3	4	0.586049140041	0.704981910944	4	243	1	
259	0	170	step_1_no_load	1	2	1	233	
259	0	170	step_2_no_load	3	4	0.57151385403	0.67334314737	4	285	1	
259	0	171	step_1_no_load	1	2	1	265	
259	0	171	step_2_no_load	3	4	0.553314431843	0.727248140829	4	169	1	
259	0	172	step_1_no_load	1	2	1	239	
259	0	172	step_2_no_load	5	6	0.363617002148	0.490120307546	6	212	0	
259	0	173	step_1_no_load	1	2	1	206	
259	0	173	step_2_no_load	5	6	0.385349297983	0.462866379815	5	634	0	
259	0	174	step_1_no_load	1	2	1	114	
259	0	174	step_2_no_load	5	6	0.387867297446	0.46236234172	5	428	0	
259	0	175	step_1_no_load	1	2	1	230	
259	0	175	step_2_no_load	3	4	0.52644949356	0.693968268443	4	662	1	
259	0	176	step_1_no_load	1	2	1	208	
259	0	176	step_2_no_load	5	6	0.383231572002	0.500856457218	6	282	1	
259	0	177	step_1_no_load	1	2	1	355	
259	0	177	step_2_no_load	3	4	0.501268576771	0.714070205704	4	365	0	
259	0	178	step_1_no_load	1	2	1	216	
259	0	178	step_2_no_load	3	4	0.493712351915	0.705993797498	4	287	1	
259	0	179	step_1_no_load	1	2	1	212	
259	0	179	step_2_no_load	5	6	0.324685418097	0.493565996034	5	490	0	
259	0	180	step_1_no_load	1	2	1	230	
259	0	180	step_2_no_load	3	4	0.482853857291	0.719795072986	4	590	1	
259	0	181	step_1_no_load	1	2	1	190	
259	0	181	step_2_no_load	3	4	0.508735114046	0.746910336326	4	283	1	
259	0	182	step_1_no_load	1	2	1	436	
259	0	182	step_2_no_load	3	4	0.506773281362	0.72717560423	4	183	1	
259	0	183	step_1_no_load	1	2	1	201	
259	0	183	step_2_no_load	5	6	0.350175837802	0.492742497507	6	207	0	
259	0	184	step_1_no_load	1	2	1	247	
259	0	184	step_2_no_load	3	4	0.460890977786	0.657291439324	4	242	0	
259	0	185	step_1_no_load	1	2	1	207	
259	0	185	step_2_no_load	3	4	0.479703516092	0.665622647081	4	231	0	
259	0	186	step_1_no_load	1	2	1	512	
259	0	186	step_2_no_load	5	6	0.332733011923	0.484672582719	5	316	0	
259	0	187	step_1_no_load	1	2	1	240	
259	0	187	step_2_no_load	3	4	0.443962917772	0.678211978625	3	556	1	
259	0	188	step_1_no_load	1	2	1	358	
259	0	188	step_2_no_load	3	4	0.471319680586	0.696362660087	3	866	0	
259	0	189	step_1_no_load	1	2	1	223	
259	0	189	step_2_no_load	5	6	0.285168135955	0.534753756004	5	379	0	
259	0	190	step_1_no_load	1	2	1	310	
259	0	190	step_2_no_load	5	6	0.304557739386	0.505820429042	6	457	1	
259	0	191	step_1_no_load	1	2	1	231	
259	0	191	step_2_no_load	5	6	0.318839908867	0.512103523931	6	684	0	
259	0	192	step_1_no_load	1	2	1	239	
259	0	192	step_2_no_load	3	4	0.450791310283	0.705517419189	4	454	1	
259	0	193	step_1_no_load	1	2	1	303	
259	0	193	step_2_no_load	5	6	0.321008037746	0.504944704439	6	322	1	
259	0	194	step_1_no_load	1	2	1	400	
259	0	194	step_2_no_load	3	4	0.433250459893	0.655261361454	4	248	0	
259	0	195	step_1_no_load	1	2	1	230	
259	0	195	step_2_no_load	5	6	0.348571348505	0.494102184238	6	732	1	
259	0	196	step_1_no_load	1	2	1	224	
259	0	196	step_2_no_load	3	4	0.421761207498	0.695101215304	3	718	1	
259	0	197	step_1_no_load	1	2	1	427	
259	0	197	step_2_no_load	3	4	0.422511153127	0.686552522522	4	779	1	
259	0	198	step_1_no_load	1	2	1	223	
259	0	198	step_2_no_load	3	4	0.397292432346	0.68660989813	3	645	0	
259	0	199	step_1_no_load	1	2	1	177	
259	0	199	step_2_no_load	3	4	0.39793773834	0.73697129762	4	738	1	
259	0	200	step_1_no_load	1	2	1	346	
259	0	200	step_2_no_load	5	6	0.299128796668	0.507902534353	6	747	1	

Thu Aug  1 15:12:53 2019
