Mon Aug  5 15:05:08 2019	
260	0	1	step_1_no_load	1	2	-1	-1	
260	0	2	step_1_no_load	1	2	1	387	
260	0	2	step_2_no_load	3	4	0.474613197709	0.580156942153	4	906	1	
260	0	3	step_1_no_load	1	2	1	841	
260	0	3	step_2_no_load	3	4	0.476767372206	0.584197065669	4	905	0	
260	0	4	step_1_no_load	1	2	1	558	
260	0	4	step_2_no_load	3	4	0.478607661228	0.597491569846	4	1410	1	
260	0	5	step_1_no_load	1	2	1	629	
260	0	5	step_2_no_load	5	6	0.543908521457	0.576104915614	5	1324	1	
260	0	6	step_1_no_load	1	2	1	340	
260	0	6	step_2_no_load	5	6	0.490454120702	0.603642866427	5	1174	1	
260	0	7	step_1_no_load	1	2	1	332	
260	0	7	step_2_no_load	5	6	0.506408070053	0.622642364361	-1	-1	-1	
260	0	8	step_1_no_load	1	2	1	354	
260	0	8	step_2_no_load	3	4	0.489816616396	0.59128639594	4	684	1	
260	0	9	step_1_no_load	1	2	1	381	
260	0	9	step_2_no_load	3	4	0.496546708465	0.598049061473	-1	-1	-1	
260	0	10	step_1_no_load	1	2	1	397	
260	0	10	step_2_no_load	3	4	0.482364178155	0.652626043146	3	620	0	
260	0	11	step_1_no_load	1	2	1	364	
260	0	11	step_2_no_load	3	4	0.477013315682	0.69163818036	4	750	1	
260	0	12	step_1_no_load	1	2	1	294	
260	0	12	step_2_no_load	3	4	0.48457206759	0.682786328054	4	617	0	
260	0	13	step_1_no_load	1	2	1	428	
260	0	13	step_2_no_load	3	4	0.52012981853	0.653587098421	4	730	1	
260	0	14	step_1_no_load	1	2	1	326	
260	0	14	step_2_no_load	3	4	0.491234392147	0.629137942344	3	438	0	
260	0	15	step_1_no_load	1	2	1	307	
260	0	15	step_2_no_load	5	6	0.633564630036	0.570419113221	6	572	1	
260	0	16	step_1_no_load	1	2	2	791	
260	0	16	step_2_no_load	3	4	0.510958036527	0.628091198119	3	1062	1	
260	0	17	step_1_no_load	1	2	2	398	
260	0	17	step_2_no_load	5	6	0.643116883134	0.562895132605	6	1251	0	
260	0	18	step_1_no_load	1	2	2	434	
260	0	18	step_2_no_load	5	6	0.626895526976	0.553554620302	6	773	0	
260	0	19	step_1_no_load	1	2	1	372	
260	0	19	step_2_no_load	5	6	0.644773170243	0.536502319591	5	1082	0	
260	0	20	step_1_no_load	1	2	1	331	
260	0	20	step_2_no_load	3	4	0.478025448397	0.636521555122	4	762	1	
260	0	21	step_1_no_load	1	2	2	360	
260	0	21	step_2_no_load	5	6	0.611328949295	0.470207377245	5	822	0	
260	0	22	step_1_no_load	1	2	2	278	
260	0	22	step_2_no_load	3	4	0.506100011497	0.621949894727	4	1019	1	
260	0	23	step_1_no_load	1	2	2	610	
260	0	23	step_2_no_load	5	6	0.604065470975	0.513759772011	6	1461	1	
260	0	24	step_1_no_load	1	2	2	407	
260	0	24	step_2_no_load	5	6	0.5800912085	0.503316199018	5	1017	1	
260	0	25	step_1_no_load	1	2	1	447	
260	0	25	step_2_no_load	3	4	0.503316372362	0.565698722896	4	748	1	
260	0	26	step_1_no_load	1	2	1	285	
260	0	26	step_2_no_load	3	4	0.511744353778	0.592410219737	4	655	1	
260	0	27	step_1_no_load	1	2	2	531	
260	0	27	step_2_no_load	5	6	0.642144756622	0.54756089792	5	646	0	
260	0	28	step_1_no_load	1	2	1	379	
260	0	28	step_2_no_load	3	4	0.520177259699	0.588356036098	4	554	1	
260	0	29	step_1_no_load	1	2	2	373	
260	0	29	step_2_no_load	5	6	0.618626354124	0.561957580386	6	1265	0	
260	0	30	step_1_no_load	1	2	1	3	
260	0	30	step_2_no_load	3	4	0.4919199548	0.608245979832	4	802	1	
260	0	31	step_1_no_load	1	2	1	1	
260	0	31	step_2_no_load	3	4	0.483156722265	0.636602545794	3	48	1	
260	0	32	step_1_no_load	1	2	2	391	
260	0	32	step_2_no_load	5	6	0.605616211083	0.522993086096	6	453	0	
260	0	33	step_1_no_load	1	2	1	519	
260	0	33	step_2_no_load	5	6	0.618000238621	0.542309898544	6	872	0	
260	0	34	step_1_no_load	1	2	2	347	
260	0	34	step_2_no_load	5	6	0.670290552209	0.538523758058	5	1010	1	
260	0	35	step_1_no_load	1	2	2	513	
260	0	35	step_2_no_load	3	4	0.491437207585	0.566827313385	4	1070	1	
260	0	36	step_1_no_load	1	2	1	271	
260	0	36	step_2_no_load	5	6	0.661229326326	0.611274573488	6	744	0	
260	0	37	step_1_no_load	1	2	1	168	
260	0	37	step_2_no_load	5	6	0.660658056664	0.598446394142	5	1374	1	
260	0	38	step_1_no_load	1	2	1	619	
260	0	38	step_2_no_load	3	4	0.553931241266	0.539078491643	4	1166	1	
260	0	39	step_1_no_load	1	2	1	610	
260	0	39	step_2_no_load	3	4	0.578640235206	0.557005857101	4	618	1	
260	0	40	step_1_no_load	1	2	1	568	
260	0	40	step_2_no_load	3	4	0.5691386571	0.580760785074	3	510	1	
260	0	41	step_1_no_load	1	2	2	598	
260	0	41	step_2_no_load	5	6	0.633285941184	0.588857868869	6	911	0	
260	0	42	step_1_no_load	1	2	1	533	
260	0	42	step_2_no_load	5	6	0.606696263624	0.609164606591	-1	-1	-1	
260	0	43	step_1_no_load	1	2	1	761	
260	0	43	step_2_no_load	3	4	0.548128010644	0.553703096215	4	811	0	
260	0	44	step_1_no_load	1	2	2	600	
260	0	44	step_2_no_load	5	6	0.589653131867	0.611481438855	5	709	1	
260	0	45	step_1_no_load	1	2	1	382	
260	0	45	step_2_no_load	5	6	0.620699591043	0.632991467829	5	1358	1	
260	0	46	step_1_no_load	1	2	1	537	
260	0	46	step_2_no_load	3	4	0.532238720495	0.55511883717	4	917	1	
260	0	47	step_1_no_load	1	2	2	553	
260	0	47	step_2_no_load	3	4	0.493112702321	0.546259467838	4	961	0	
260	0	48	step_1_no_load	1	2	2	718	
260	0	48	step_2_no_load	5	6	0.657624935632	0.615767119776	5	1133	1	
260	0	49	step_1_no_load	1	2	1	414	
260	0	49	step_2_no_load	3	4	0.489287375157	0.512405963374	3	1186	0	
260	0	50	step_1_no_load	1	2	1	679	
260	0	50	step_2_no_load	3	4	0.47381367271	0.481616544184	4	1109	1	
260	0	51	step_1_no_load	1	2	1	431	
260	0	51	step_2_no_load	3	4	0.469943944943	0.508197321577	4	955	0	
260	0	52	step_1_no_load	1	2	1	615	
260	0	52	step_2_no_load	3	4	0.429622901875	0.513589895419	3	940	1	
260	0	53	step_1_no_load	1	2	1	462	
260	0	53	step_2_no_load	5	6	0.630956764252	0.551457882502	6	933	1	
260	0	54	step_1_no_load	1	2	1	473	
260	0	54	step_2_no_load	5	6	0.652515308527	0.570223904064	5	768	1	
260	0	55	step_1_no_load	1	2	2	493	
260	0	55	step_2_no_load	5	6	0.639840796975	0.574045915747	5	947	1	
260	0	56	step_1_no_load	1	2	2	465	
260	0	56	step_2_no_load	3	4	0.459773408493	0.538512915562	3	798	0	
260	0	57	step_1_no_load	1	2	1	0	
260	0	57	step_2_no_load	3	4	0.466449077359	0.516475618243	4	616	0	
260	0	58	step_1_no_load	1	2	2	313	
260	0	58	step_2_no_load	3	4	0.478335218822	0.528376440027	3	542	1	
260	0	59	step_1_no_load	1	2	2	452	
260	0	59	step_2_no_load	5	6	0.608951267756	0.632500293208	6	569	0	
260	0	60	step_1_no_load	1	2	2	466	
260	0	60	step_2_no_load	5	6	0.599559577859	0.623687406259	6	667	1	
260	0	61	step_1_no_load	1	2	1	393	
260	0	61	step_2_no_load	3	4	0.464268875813	0.527144452559	3	849	0	
260	0	62	step_1_no_load	1	2	2	503	
260	0	62	step_2_no_load	5	6	0.622820395113	0.691137204746	6	605	1	
260	0	63	step_1_no_load	1	2	2	440	
260	0	63	step_2_no_load	5	6	0.642623127313	0.664284493458	5	548	1	
260	0	64	step_1_no_load	1	2	2	418	
260	0	64	step_2_no_load	3	4	0.555062911513	0.533849886794	4	472	0	
260	0	65	step_1_no_load	1	2	2	13	
260	0	65	step_2_no_load	5	6	0.619953360065	0.612660225018	5	497	1	
260	0	66	step_1_no_load	1	2	1	441	
260	0	66	step_2_no_load	5	6	0.630357351236	0.606938648072	5	1142	1	
260	0	67	step_1_no_load	1	2	2	369	
260	0	67	step_2_no_load	5	6	0.674463681351	0.597650193897	6	559	1	
260	0	68	step_1_no_load	1	2	1	945	
260	0	68	step_2_no_load	5	6	0.719455209845	0.622963076372	5	1076	0	
260	0	69	step_1_no_load	1	2	1	334	
260	0	69	step_2_no_load	3	4	0.499137600991	0.560462111264	4	734	1	
260	0	70	step_1_no_load	1	2	2	473	
260	0	70	step_2_no_load	5	6	0.697741832068	0.637556284465	5	1128	1	
260	0	71	step_1_no_load	1	2	1	303	
260	0	71	step_2_no_load	3	4	0.482863323776	0.546215110045	4	667	0	
260	0	72	step_1_no_load	1	2	2	511	
260	0	72	step_2_no_load	5	6	0.705884789502	0.626024641967	5	891	1	
260	0	73	step_1_no_load	1	2	1	585	
260	0	73	step_2_no_load	5	6	0.727961155836	0.657126403029	5	1158	1	
260	0	74	step_1_no_load	1	2	2	371	
260	0	74	step_2_no_load	3	4	0.453420386428	0.491044983779	3	808	0	
260	0	75	step_1_no_load	1	2	2	598	
260	0	75	step_2_no_load	5	6	0.697629587097	0.615552849174	5	759	1	
260	0	76	step_1_no_load	1	2	1	354	
260	0	76	step_2_no_load	5	6	0.690117652944	0.62770291155	6	1365	1	
260	0	77	step_1_no_load	1	2	2	735	
260	0	77	step_2_no_load	5	6	0.679737625371	0.564257587118	5	1263	1	
260	0	78	step_1_no_load	1	2	1	339	
260	0	78	step_2_no_load	3	4	0.435911167612	0.538654072849	4	735	1	
260	0	79	step_1_no_load	1	2	1	1237	
260	0	79	step_2_no_load	3	4	0.389124152368	0.540085062695	4	936	1	
260	0	80	step_1_no_load	1	2	1	520	
260	0	80	step_2_no_load	3	4	0.396016175285	0.49921021142	4	1000	0	
260	0	81	step_1_no_load	1	2	1	592	
260	0	81	step_2_no_load	3	4	0.419265522488	0.494116554432	4	1108	0	
260	0	82	step_1_no_load	1	2	1	383	
260	0	82	step_2_no_load	3	4	0.395813831323	0.482727017837	4	536	0	
260	0	83	step_1_no_load	1	2	2	379	
260	0	83	step_2_no_load	5	6	0.726885136842	0.607907985871	5	607	1	
260	0	84	step_1_no_load	1	2	2	439	
260	0	84	step_2_no_load	5	6	0.731466635793	0.65843840156	6	531	0	
260	0	85	step_1_no_load	1	2	1	563	
260	0	85	step_2_no_load	3	4	0.384458259121	0.485785534744	-1	-1	-1	
260	0	86	step_1_no_load	1	2	2	403	
260	0	86	step_2_no_load	3	4	0.345323068124	0.486462788728	3	558	0	
260	0	87	step_1_no_load	1	2	1	292	
260	0	87	step_2_no_load	3	4	0.40000499778	0.493867001103	4	874	1	
260	0	88	step_1_no_load	1	2	2	371	
260	0	88	step_2_no_load	3	4	0.377947492322	0.509563243675	4	850	0	
260	0	89	step_1_no_load	1	2	1	616	
260	0	89	step_2_no_load	3	4	0.415882489686	0.490019385174	3	1041	0	
260	0	90	step_1_no_load	1	2	1	641	
260	0	90	step_2_no_load	5	6	0.688736868033	0.712247848046	6	689	1	
260	0	91	step_1_no_load	1	2	2	422	
260	0	91	step_2_no_load	3	4	0.43534164751	0.479087223222	4	715	1	
260	0	92	step_1_no_load	1	2	1	296	
260	0	92	step_2_no_load	3	4	0.444368850664	0.484260039873	4	773	0	
260	0	93	step_1_no_load	1	2	2	596	
260	0	93	step_2_no_load	5	6	0.662863370634	0.70415710998	-1	-1	-1	
260	0	94	step_1_no_load	1	2	1	463	
260	0	94	step_2_no_load	3	4	0.429211756872	0.468637558205	4	915	0	
260	0	95	step_1_no_load	1	2	2	396	
260	0	95	step_2_no_load	5	6	0.640209855442	0.715495469274	5	1128	0	
260	0	96	step_1_no_load	1	2	1	600	
260	0	96	step_2_no_load	3	4	0.383038640121	0.437558890646	4	611	1	
260	0	97	step_1_no_load	1	2	1	466	
260	0	97	step_2_no_load	3	4	0.392885664353	0.455601814112	3	1173	0	
260	0	98	step_1_no_load	1	2	2	383	
260	0	98	step_2_no_load	3	4	0.409778171713	0.431479829356	4	872	0	
260	0	99	step_1_no_load	1	2	2	621	
260	0	99	step_2_no_load	3	4	0.397561363605	0.375249961522	3	838	1	
260	0	100	step_1_no_load	1	2	1	479	
260	0	100	step_2_no_load	5	6	0.66579920021	0.666227451505	6	628	1	
260	0	101	step_1_no_load	1	2	2	493	
260	0	101	step_2_no_load	5	6	0.655903528958	0.623812401974	5	1156	0	
260	0	102	step_1_no_load	1	2	2	473	
260	0	102	step_2_no_load	5	6	0.663124617603	0.666304534392	5	534	1	
260	0	103	step_1_no_load	1	2	1	549	
260	0	103	step_2_no_load	3	4	0.481975449893	0.322834495838	3	1238	1	
260	0	104	step_1_no_load	1	2	2	621	
260	0	104	step_2_no_load	5	6	0.743372642809	0.703870701136	5	427	1	
260	0	105	step_1_no_load	1	2	2	375	
260	0	105	step_2_no_load	3	4	0.514318365187	0.352639603242	4	778	1	
260	0	106	step_1_no_load	1	2	2	699	
260	0	106	step_2_no_load	5	6	0.699623252899	0.712883638252	6	757	0	
260	0	107	step_1_no_load	1	2	2	395	
260	0	107	step_2_no_load	3	4	0.565220528809	0.388257337796	4	542	0	
260	0	108	step_1_no_load	1	2	1	480	
260	0	108	step_2_no_load	3	4	0.526955028982	0.388185708856	3	568	0	
260	0	109	step_1_no_load	1	2	2	406	
260	0	109	step_2_no_load	5	6	0.68658494263	0.71632547018	5	1148	1	
260	0	110	step_1_no_load	1	2	1	419	
260	0	110	step_2_no_load	3	4	0.432626681236	0.395544455384	4	1255	0	
260	0	111	step_1_no_load	1	2	2	693	
260	0	111	step_2_no_load	5	6	0.634599547742	0.724852671171	5	1157	0	
260	0	112	step_1_no_load	1	2	1	592	
260	0	112	step_2_no_load	5	6	0.635252945963	0.725701866094	5	937	1	
260	0	113	step_1_no_load	1	2	2	428	
260	0	113	step_2_no_load	5	6	0.634627459817	0.719324307956	5	574	1	
260	0	114	step_1_no_load	1	2	1	419	
260	0	114	step_2_no_load	3	4	0.380324086676	0.384736699284	4	524	1	
260	0	115	step_1_no_load	1	2	1	410	
260	0	115	step_2_no_load	5	6	0.645721217949	0.739704344621	6	142	1	
260	0	116	step_1_no_load	1	2	2	293	
260	0	116	step_2_no_load	3	4	0.378149844807	0.369438791876	3	769	0	
260	0	117	step_1_no_load	1	2	2	413	
260	0	117	step_2_no_load	5	6	0.671842537277	0.747012267642	5	541	0	
260	0	118	step_1_no_load	1	2	2	455	
260	0	118	step_2_no_load	3	4	0.357645851833	0.362977115924	4	799	1	
260	0	119	step_1_no_load	1	2	2	452	
260	0	119	step_2_no_load	5	6	0.661177321751	0.690424535099	5	768	1	
260	0	120	step_1_no_load	1	2	2	159	
260	0	120	step_2_no_load	5	6	0.666433355915	0.70587238626	5	433	1	
260	0	121	step_1_no_load	1	2	1	633	
260	0	121	step_2_no_load	3	4	0.352721767208	0.310775244958	4	494	0	
260	0	122	step_1_no_load	1	2	2	967	
260	0	122	step_2_no_load	5	6	0.672193618854	0.6136886145	6	1082	1	
260	0	123	step_1_no_load	1	2	1	438	
260	0	123	step_2_no_load	3	4	0.337526896345	0.269780614928	4	436	1	
260	0	124	step_1_no_load	1	2	2	463	
260	0	124	step_2_no_load	5	6	0.624161788269	0.603013298253	5	560	1	
260	0	125	step_1_no_load	1	2	2	379	
260	0	125	step_2_no_load	3	4	0.303110862715	0.290374841566	3	848	0	
260	0	126	step_1_no_load	1	2	2	388	
260	0	126	step_2_no_load	5	6	0.600985760967	0.537863824328	5	563	1	
260	0	127	step_1_no_load	1	2	2	1491	
260	0	127	step_2_no_load	3	4	0.274944938508	0.273483952592	4	782	0	
260	0	128	step_1_no_load	1	2	1	408	
260	0	128	step_2_no_load	3	4	0.250790232267	0.260252451606	3	847	0	
260	0	129	step_1_no_load	1	2	2	403	
260	0	129	step_2_no_load	5	6	0.632682846317	0.685297910719	-1	-1	-1	
260	0	130	step_1_no_load	1	2	1	524	
260	0	130	step_2_no_load	5	6	0.630285316669	0.682031489739	6	396	1	
260	0	131	step_1_no_load	1	2	2	305	
260	0	131	step_2_no_load	5	6	0.638450601212	0.678044920845	5	632	0	
260	0	132	step_1_no_load	1	2	2	521	
260	0	132	step_2_no_load	5	6	0.660013924697	0.668578020634	6	817	1	
260	0	133	step_1_no_load	1	2	-1	-1	
260	0	134	step_1_no_load	1	2	1	639	
260	0	134	step_2_no_load	3	4	0.302839427162	0.287393715313	4	708	0	
260	0	135	step_1_no_load	1	2	1	693	
260	0	135	step_2_no_load	3	4	0.287118934166	0.300079459047	3	1116	0	
260	0	136	step_1_no_load	1	2	1	482	
260	0	136	step_2_no_load	5	6	0.674914008636	0.597814413435	5	1092	0	
260	0	137	step_1_no_load	1	2	1	448	
260	0	137	step_2_no_load	5	6	0.668540846495	0.605896884497	6	912	0	
260	0	138	step_1_no_load	1	2	1	453	
260	0	138	step_2_no_load	3	4	0.307694123906	0.366701525561	3	428	0	
260	0	139	step_1_no_load	1	2	1	443	
260	0	139	step_2_no_load	5	6	0.696355985729	0.636630981281	6	705	1	
260	0	140	step_1_no_load	1	2	1	404	
260	0	140	step_2_no_load	3	4	0.328174526491	0.348740542008	3	886	0	
260	0	141	step_1_no_load	1	2	2	464	
260	0	141	step_2_no_load	5	6	0.616803346728	0.711987889705	5	1125	1	
260	0	142	step_1_no_load	1	2	2	587	
260	0	142	step_2_no_load	3	4	0.304203281606	0.397052682821	3	1124	0	
260	0	143	step_1_no_load	1	2	2	688	
260	0	143	step_2_no_load	5	6	0.610219102298	0.661365099615	5	766	0	
260	0	144	step_1_no_load	1	2	2	362	
260	0	144	step_2_no_load	5	6	0.639347300184	0.626443722248	-1	-1	-1	
260	0	145	step_1_no_load	1	2	2	427	
260	0	145	step_2_no_load	5	6	0.606515632748	0.6669125229	6	776	1	
260	0	146	step_1_no_load	1	2	2	439	
260	0	146	step_2_no_load	5	6	0.593778463268	0.681611991725	-1	-1	-1	
260	0	147	step_1_no_load	1	2	2	375	
260	0	147	step_2_no_load	5	6	0.594861186319	0.647798886916	6	552	1	
260	0	148	step_1_no_load	1	2	-1	-1	
260	0	149	step_1_no_load	1	2	1	589	
260	0	149	step_2_no_load	5	6	0.623203869836	0.601870110183	5	1089	1	
260	0	150	step_1_no_load	1	2	1	417	
260	0	150	step_2_no_load	3	4	0.305587692243	0.306860041627	4	1007	1	
260	0	151	step_1_no_load	1	2	1	519	
260	0	151	step_2_no_load	3	4	0.348172164421	0.310557101463	3	555	0	
260	0	152	step_1_no_load	1	2	1	739	
260	0	152	step_2_no_load	5	6	0.644204174791	0.595108765344	6	466	1	
260	0	153	step_1_no_load	1	2	2	389	
260	0	153	step_2_no_load	5	6	0.681559292085	0.613336203392	5	905	1	
260	0	154	step_1_no_load	1	2	2	373	
260	0	154	step_2_no_load	5	6	0.671672162443	0.638934099562	-1	-1	-1	
260	0	155	step_1_no_load	1	2	2	787	
260	0	155	step_2_no_load	5	6	0.716100930629	0.632486591889	5	607	1	
260	0	156	step_1_no_load	1	2	1	397	
260	0	156	step_2_no_load	3	4	0.32564867104	0.368378667812	3	678	0	
260	0	157	step_1_no_load	1	2	-1	-1	
260	0	158	step_1_no_load	1	2	2	456	
260	0	158	step_2_no_load	5	6	0.694270715354	0.532722108502	5	695	1	
260	0	159	step_1_no_load	1	2	1	387	
260	0	159	step_2_no_load	3	4	0.413026375257	0.321150411254	4	720	1	
260	0	160	step_1_no_load	1	2	2	449	
260	0	160	step_2_no_load	5	6	0.710728171711	0.521229931064	6	757	0	
260	0	161	step_1_no_load	1	2	2	432	
260	0	161	step_2_no_load	5	6	0.719896286569	0.516036498158	6	483	1	
260	0	162	step_1_no_load	1	2	2	0	
260	0	162	step_2_no_load	5	6	0.695144769903	0.566496468084	6	940	0	
260	0	163	step_1_no_load	1	2	1	353	
260	0	163	step_2_no_load	5	6	0.697095951435	0.5863391277	5	582	1	
260	0	164	step_1_no_load	1	2	2	397	
260	0	164	step_2_no_load	3	4	0.432761720497	0.430844125626	3	610	0	
260	0	165	step_1_no_load	1	2	2	308	
260	0	165	step_2_no_load	5	6	0.717506143195	0.538026607649	5	391	1	
260	0	166	step_1_no_load	1	2	2	428	
260	0	166	step_2_no_load	5	6	0.686594248975	0.549095060025	6	471	0	
260	0	167	step_1_no_load	1	2	1	751	
260	0	167	step_2_no_load	3	4	0.38753671275	0.331115714939	3	446	1	
260	0	168	step_1_no_load	1	2	1	1465	
260	0	168	step_2_no_load	5	6	0.67192508984	0.613361520676	5	525	1	
260	0	169	step_1_no_load	1	2	2	18	
260	0	169	step_2_no_load	5	6	0.704981910944	0.586049140041	6	408	0	
260	0	170	step_1_no_load	1	2	2	532	
260	0	170	step_2_no_load	5	6	0.67334314737	0.57151385403	6	746	1	
260	0	171	step_1_no_load	1	2	2	395	
260	0	171	step_2_no_load	5	6	0.727248140829	0.553314431843	6	389	0	
260	0	172	step_1_no_load	1	2	1	434	
260	0	172	step_2_no_load	3	4	0.363617002148	0.490120307546	3	435	0	
260	0	173	step_1_no_load	1	2	2	377	
260	0	173	step_2_no_load	3	4	0.385349297983	0.462866379815	4	1489	1	
260	0	174	step_1_no_load	1	2	1	968	
260	0	174	step_2_no_load	3	4	0.387867297446	0.46236234172	-1	-1	-1	
260	0	175	step_1_no_load	1	2	1	0	
260	0	175	step_2_no_load	3	4	0.426185553904	0.484825491933	3	22	0	
260	0	176	step_1_no_load	1	2	1	348	
260	0	176	step_2_no_load	3	4	0.383231572002	0.500856457218	4	494	0	
260	0	177	step_1_no_load	1	2	2	1429	
260	0	177	step_2_no_load	3	4	0.357425668099	0.4798184927	4	613	0	
260	0	178	step_1_no_load	1	2	1	671	
260	0	178	step_2_no_load	3	4	0.36473828006	0.49020858644	3	667	1	
260	0	179	step_1_no_load	1	2	1	407	
260	0	179	step_2_no_load	5	6	0.709345707515	0.457298770028	-1	-1	-1	
260	0	180	step_1_no_load	1	2	-1	-1	
260	0	181	step_1_no_load	1	2	1	552	
260	0	181	step_2_no_load	3	4	0.342402764747	0.480141179559	3	443	1	
260	0	182	step_1_no_load	1	2	2	392	
260	0	182	step_2_no_load	3	4	0.340533666308	0.49907747228	4	1049	0	
260	0	183	step_1_no_load	1	2	1	775	
260	0	183	step_2_no_load	3	4	0.350175837802	0.492742497507	4	485	1	
260	0	184	step_1_no_load	1	2	2	5	
260	0	184	step_2_no_load	5	6	0.657291439324	0.460890977786	6	14	0	
260	0	185	step_1_no_load	1	2	1	516	
260	0	185	step_2_no_load	3	4	0.362611152222	0.482228039858	3	474	0	
260	0	186	step_1_no_load	1	2	2	443	
260	0	186	step_2_no_load	5	6	0.656308636836	0.46870859828	6	438	0	
260	0	187	step_1_no_load	1	2	2	421	
260	0	187	step_2_no_load	3	4	0.328890769988	0.498596507669	4	419	0	
260	0	188	step_1_no_load	1	2	1	280	
260	0	188	step_2_no_load	5	6	0.696362660087	0.471319680586	-1	-1	-1	
260	0	189	step_1_no_load	1	2	2	0	
260	0	189	step_2_no_load	5	6	0.688353284054	0.448897869069	6	625	1	
260	0	190	step_1_no_load	1	2	2	1360	
260	0	190	step_2_no_load	5	6	0.667655825994	0.433568856946	5	924	1	
260	0	191	step_1_no_load	1	2	2	605	
260	0	191	step_2_no_load	5	6	0.664271461991	0.435748387321	5	681	1	
260	0	192	step_1_no_load	1	2	-1	-1	
260	0	193	step_1_no_load	1	2	1	879	
260	0	193	step_2_no_load	3	4	0.321008037746	0.504944704439	3	592	0	
260	0	194	step_1_no_load	1	2	1	491	
260	0	194	step_2_no_load	3	4	0.342437174514	0.505359594715	3	910	0	
260	0	195	step_1_no_load	1	2	1	600	
260	0	195	step_2_no_load	5	6	0.646280688878	0.466795336969	5	850	0	
260	0	196	step_1_no_load	1	2	1	836	
260	0	196	step_2_no_load	3	4	0.365373286058	0.496717662777	4	1266	1	
260	0	197	step_1_no_load	1	2	-1	-1	
260	0	198	step_1_no_load	1	2	2	273	
260	0	198	step_2_no_load	3	4	0.303352625941	0.485065498391	4	381	1	
260	0	199	step_1_no_load	1	2	2	521	
260	0	199	step_2_no_load	5	6	0.73697129762	0.39793773834	6	130	1	
260	0	200	step_1_no_load	1	2	-1	-1	

Mon Aug  5 15:24:17 2019
