Thu Aug  8 17:06:54 2019	
261	0	1	step_1_no_load	1	2	2	640	
261	0	1	step_2_no_load	5	6	0.511789129507	0.598297890399	5	1103	1	
261	0	2	step_1_no_load	1	2	2	830	
261	0	2	step_2_no_load	5	6	0.533203491871	0.580156942153	5	923	0	
261	0	3	step_1_no_load	1	2	2	968	
261	0	3	step_2_no_load	5	6	0.516002945397	0.584197065669	6	1060	1	
261	0	4	step_1_no_load	1	2	-1	-1	
261	0	5	step_1_no_load	1	2	2	418	
261	0	5	step_2_no_load	5	6	0.543908521457	0.623810210114	5	1115	0	
261	0	6	step_1_no_load	1	2	2	639	
261	0	6	step_2_no_load	5	6	0.490454120702	0.585722686883	6	1014	0	
261	0	7	step_1_no_load	1	2	2	556	
261	0	7	step_2_no_load	5	6	0.506408070053	0.568656746487	5	651	1	
261	0	8	step_1_no_load	1	2	2	858	
261	0	8	step_2_no_load	3	4	0.624210374623	0.489816616396	3	1272	1	
261	0	9	step_1_no_load	1	2	2	1201	
261	0	9	step_2_no_load	5	6	0.54429228266	0.598049061473	5	1006	1	
261	0	10	step_1_no_load	1	2	2	451	
261	0	10	step_2_no_load	5	6	0.576063520885	0.652626043146	5	490	0	
261	0	11	step_1_no_load	1	2	2	531	
261	0	11	step_2_no_load	5	6	0.59022801242	0.69163818036	5	702	1	
261	0	12	step_1_no_load	1	2	2	540	
261	0	12	step_2_no_load	5	6	0.597131918027	0.682786328054	5	631	0	
261	0	13	step_1_no_load	1	2	2	349	
261	0	13	step_2_no_load	3	4	0.558313135925	0.52012981853	3	1328	0	
261	0	14	step_1_no_load	1	2	2	438	
261	0	14	step_2_no_load	5	6	0.611256675753	0.629137942344	5	1264	0	
261	0	15	step_1_no_load	1	2	2	531	
261	0	15	step_2_no_load	5	6	0.633564630036	0.612260006668	6	733	1	
261	0	16	step_1_no_load	1	2	2	574	
261	0	16	step_2_no_load	5	6	0.626326396372	0.628091198119	6	858	1	
261	0	17	step_1_no_load	1	2	2	541	
261	0	17	step_2_no_load	5	6	0.643116883134	0.633350170016	6	955	1	
261	0	18	step_1_no_load	1	2	2	572	
261	0	18	step_2_no_load	5	6	0.626895526976	0.626834332012	6	767	1	
261	0	19	step_1_no_load	1	2	2	557	
261	0	19	step_2_no_load	5	6	0.644773170243	0.619895761657	6	805	1	
261	0	20	step_1_no_load	1	2	2	478	
261	0	20	step_2_no_load	5	6	0.60665343963	0.636521555122	6	654	0	
261	0	21	step_1_no_load	1	2	2	433	
261	0	21	step_2_no_load	5	6	0.611328949295	0.630305464549	5	638	1	
261	0	22	step_1_no_load	1	2	2	533	
261	0	22	step_2_no_load	3	4	0.468700882609	0.506100011497	4	1239	1	
261	0	23	step_1_no_load	1	2	2	564	
261	0	23	step_2_no_load	5	6	0.604065470975	0.640163623731	5	986	1	
261	0	24	step_1_no_load	1	2	2	522	
261	0	24	step_2_no_load	5	6	0.5800912085	0.582115115688	5	586	0	
261	0	25	step_1_no_load	1	2	2	491	
261	0	25	step_2_no_load	3	4	0.503605105412	0.503316372362	4	1105	1	
261	0	26	step_1_no_load	1	2	2	589	
261	0	26	step_2_no_load	5	6	0.640635035276	0.592410219737	6	1097	1	
261	0	27	step_1_no_load	1	2	2	461	
261	0	27	step_2_no_load	5	6	0.642144756622	0.57860777711	5	627	1	
261	0	28	step_1_no_load	1	2	2	620	
261	0	28	step_2_no_load	5	6	0.647441527317	0.588356036098	6	1044	1	
261	0	29	step_1_no_load	1	2	2	423	
261	0	29	step_2_no_load	5	6	0.618626354124	0.606613029227	5	1047	0	
261	0	30	step_1_no_load	1	2	2	421	
261	0	30	step_2_no_load	5	6	0.610227092493	0.608245979832	6	623	1	
261	0	31	step_1_no_load	1	2	2	395	
261	0	31	step_2_no_load	5	6	0.606122691795	0.636602545794	6	537	0	
261	0	32	step_1_no_load	1	2	2	400	
261	0	32	step_2_no_load	5	6	0.605616211083	0.634585171267	6	458	1	
261	0	33	step_1_no_load	1	2	2	350	
261	0	33	step_2_no_load	5	6	0.618000238621	0.611700032906	6	616	1	
261	0	34	step_1_no_load	1	2	2	368	
261	0	34	step_2_no_load	3	4	0.538523758058	0.454565258478	4	916	1	
261	0	35	step_1_no_load	1	2	2	457	
261	0	35	step_2_no_load	3	4	0.594167768198	0.491437207585	4	684	1	
261	0	36	step_1_no_load	1	2	2	383	
261	0	36	step_2_no_load	3	4	0.611274573488	0.513210053121	4	443	0	
261	0	37	step_1_no_load	1	2	2	326	
261	0	37	step_2_no_load	3	4	0.598446394142	0.543074626387	3	533	0	
261	0	38	step_1_no_load	1	2	2	340	
261	0	38	step_2_no_load	3	4	0.595113730206	0.553931241266	4	374	1	
261	0	39	step_1_no_load	1	2	2	445	
261	0	39	step_2_no_load	5	6	0.634483337633	0.557005857101	6	1080	1	
261	0	40	step_1_no_load	1	2	2	357	
261	0	40	step_2_no_load	3	4	0.607992802154	0.5691386571	4	575	1	
261	0	41	step_1_no_load	1	2	2	411	
261	0	41	step_2_no_load	3	4	0.588857868869	0.583829055298	4	569	1	
261	0	42	step_1_no_load	1	2	2	551	
261	0	42	step_2_no_load	3	4	0.609164606591	0.553461946234	3	494	1	
261	0	43	step_1_no_load	1	2	2	487	
261	0	43	step_2_no_load	3	4	0.612705031264	0.548128010644	4	1081	1	
261	0	44	step_1_no_load	1	2	2	351	
261	0	44	step_2_no_load	5	6	0.589653131867	0.541854396676	6	929	1	
261	0	45	step_1_no_load	1	2	2	473	
261	0	45	step_2_no_load	5	6	0.620699591043	0.579346234508	6	769	1	
261	0	46	step_1_no_load	1	2	2	413	
261	0	46	step_2_no_load	5	6	0.654261318712	0.55511883717	5	658	1	
261	0	47	step_1_no_load	1	2	2	609	
261	0	47	step_2_no_load	3	4	0.598724660986	0.493112702321	4	398	1	
261	0	48	step_1_no_load	1	2	2	418	
261	0	48	step_2_no_load	3	4	0.615767119776	0.488280685105	4	416	0	
261	0	49	step_1_no_load	1	2	2	448	
261	0	49	step_2_no_load	5	6	0.614679490594	0.512405963374	5	1170	1	
261	0	50	step_1_no_load	1	2	2	461	
261	0	50	step_2_no_load	5	6	0.593458480934	0.481616544184	5	665	0	
261	0	51	step_1_no_load	1	2	2	494	
261	0	51	step_2_no_load	3	4	0.564866799699	0.469943944943	4	985	0	
261	0	52	step_1_no_load	1	2	2	466	
261	0	52	step_2_no_load	3	4	0.539065404057	0.429622901875	3	513	0	
261	0	53	step_1_no_load	1	2	2	535	
261	0	53	step_2_no_load	5	6	0.630956764252	0.475342927439	5	963	1	
261	0	54	step_1_no_load	1	2	2	475	
261	0	54	step_2_no_load	5	6	0.652515308527	0.493362545513	5	925	0	
261	0	55	step_1_no_load	1	2	2	408	
261	0	55	step_2_no_load	3	4	0.574045915747	0.487025527704	3	698	1	
261	0	56	step_1_no_load	1	2	2	326	
261	0	56	step_2_no_load	5	6	0.60038825769	0.538512915562	5	878	1	
261	0	57	step_1_no_load	1	2	2	296	
261	0	57	step_2_no_load	5	6	0.586335094239	0.516475618243	5	573	0	
261	0	58	step_1_no_load	1	2	2	291	
261	0	58	step_2_no_load	3	4	0.664682809182	0.478335218822	3	498	0	
261	0	59	step_1_no_load	1	2	2	1033	
261	0	59	step_2_no_load	5	6	0.608951267756	0.537400760025	5	577	1	
261	0	60	step_1_no_load	1	2	2	503	
261	0	60	step_2_no_load	5	6	0.599559577859	0.479287247283	5	741	0	
261	0	61	step_1_no_load	1	2	2	541	
261	0	61	step_2_no_load	3	4	0.669587072502	0.464268875813	4	923	1	
261	0	62	step_1_no_load	1	2	2	330	
261	0	62	step_2_no_load	3	4	0.691137204746	0.50724109756	4	558	1	
261	0	63	step_1_no_load	1	2	2	300	
261	0	63	step_2_no_load	5	6	0.642623127313	0.519445130796	6	1038	1	
261	0	64	step_1_no_load	1	2	2	395	
261	0	64	step_2_no_load	3	4	0.642369708469	0.555062911513	4	693	1	
261	0	65	step_1_no_load	1	2	2	321	
261	0	65	step_2_no_load	3	4	0.612660225018	0.569109504048	4	854	1	
261	0	66	step_1_no_load	1	2	2	334	
261	0	66	step_2_no_load	5	6	0.630357351236	0.555324764318	6	560	0	
261	0	67	step_1_no_load	1	2	2	270	
261	0	67	step_2_no_load	5	6	0.674463681351	0.538279387614	5	503	1	
261	0	68	step_1_no_load	1	2	2	374	
261	0	68	step_2_no_load	5	6	0.719455209845	0.523301545299	6	604	1	
261	0	69	step_1_no_load	1	2	2	371	
261	0	69	step_2_no_load	5	6	0.718756538957	0.560462111264	6	454	1	
261	0	70	step_1_no_load	1	2	2	472	
261	0	70	step_2_no_load	5	6	0.697741832068	0.548075770764	6	483	0	
261	0	71	step_1_no_load	1	2	2	259	
261	0	71	step_2_no_load	5	6	0.706816191949	0.546215110045	5	970	0	
261	0	72	step_1_no_load	1	2	2	461	
261	0	72	step_2_no_load	5	6	0.705884789502	0.556486305476	6	535	0	
261	0	73	step_1_no_load	1	2	2	382	
261	0	73	step_2_no_load	5	6	0.727961155836	0.50185699984	6	1178	1	
261	0	74	step_1_no_load	1	2	2	428	
261	0	74	step_2_no_load	5	6	0.693624670847	0.491044983779	6	404	0	
261	0	75	step_1_no_load	1	2	2	399	
261	0	75	step_2_no_load	3	4	0.615552849174	0.44832280175	4	919	0	
261	0	76	step_1_no_load	1	2	2	559	
261	0	76	step_2_no_load	3	4	0.62770291155	0.488583631821	4	1155	1	
261	0	77	step_1_no_load	1	2	2	438	
261	0	77	step_2_no_load	5	6	0.679737625371	0.538119616568	5	1082	1	
261	0	78	step_1_no_load	1	2	2	439	
261	0	78	step_2_no_load	5	6	0.647586191228	0.538654072849	5	802	0	
261	0	79	step_1_no_load	1	2	2	319	
261	0	79	step_2_no_load	5	6	0.647841624544	0.540085062695	6	535	1	
261	0	80	step_1_no_load	1	2	2	371	
261	0	80	step_2_no_load	3	4	0.518583383166	0.396016175285	4	1106	0	
261	0	81	step_1_no_load	1	2	2	268	
261	0	81	step_2_no_load	5	6	0.702400933084	0.494116554432	5	1103	1	
261	0	82	step_1_no_load	1	2	2	535	
261	0	82	step_2_no_load	5	6	0.688340116885	0.482727017837	6	874	0	
261	0	83	step_1_no_load	1	2	2	258	
261	0	83	step_2_no_load	5	6	0.726885136842	0.483255412498	5	683	1	
261	0	84	step_1_no_load	1	2	2	318	
261	0	84	step_2_no_load	3	4	0.65843840156	0.385087938645	4	661	0	
261	0	85	step_1_no_load	1	2	2	324	
261	0	85	step_2_no_load	5	6	0.712989604416	0.485785534744	6	1031	1	
261	0	86	step_1_no_load	1	2	2	363	
261	0	86	step_2_no_load	5	6	0.721207648497	0.486462788728	6	946	0	
261	0	87	step_1_no_load	1	2	2	370	
261	0	87	step_2_no_load	5	6	0.690012761069	0.493867001103	5	1197	1	
261	0	88	step_1_no_load	1	2	2	340	
261	0	88	step_2_no_load	5	6	0.696773608304	0.509563243675	5	759	1	
261	0	89	step_1_no_load	1	2	2	389	
261	0	89	step_2_no_load	3	4	0.690772436485	0.415882489686	3	972	0	
261	0	90	step_1_no_load	1	2	2	376	
261	0	90	step_2_no_load	5	6	0.688736868033	0.530126112124	5	1001	1	
261	0	91	step_1_no_load	1	2	2	561	
261	0	91	step_2_no_load	5	6	0.657820521772	0.479087223222	5	646	1	
261	0	92	step_1_no_load	1	2	2	362	
261	0	92	step_2_no_load	3	4	0.692406274724	0.444368850664	3	870	1	
261	0	93	step_1_no_load	1	2	2	333	
261	0	93	step_2_no_load	5	6	0.662863370634	0.473273727684	5	717	1	
261	0	94	step_1_no_load	1	2	2	532	
261	0	94	step_2_no_load	3	4	0.719464414227	0.429211756872	3	945	0	
261	0	95	step_1_no_load	1	2	2	552	
261	0	95	step_2_no_load	3	4	0.715495469274	0.427150666411	3	957	1	
261	0	96	step_1_no_load	1	2	2	391	
261	0	96	step_2_no_load	5	6	0.663095813561	0.437558890646	5	978	1	
261	0	97	step_1_no_load	1	2	2	277	
261	0	97	step_2_no_load	5	6	0.651202057411	0.455601814112	5	528	1	
261	0	98	step_1_no_load	1	2	2	342	
261	0	98	step_2_no_load	3	4	0.70287861952	0.409778171713	3	472	0	
261	0	99	step_1_no_load	1	2	2	364	
261	0	99	step_2_no_load	3	4	0.673709850038	0.397561363605	3	757	1	
261	0	100	step_1_no_load	1	2	2	548	
261	0	100	step_2_no_load	5	6	0.66579920021	0.363162156005	5	746	1	
261	0	101	step_1_no_load	1	2	2	412	
261	0	101	step_2_no_load	5	6	0.655903528958	0.366879421891	5	563	1	
261	0	102	step_1_no_load	1	2	2	271	
261	0	102	step_2_no_load	3	4	0.666304534392	0.494584754513	3	681	1	
261	0	103	step_1_no_load	1	2	2	361	
261	0	103	step_2_no_load	5	6	0.69058998368	0.322834495838	5	509	0	
261	0	104	step_1_no_load	1	2	2	236	
261	0	104	step_2_no_load	5	6	0.743372642809	0.303696146503	5	720	1	
261	0	105	step_1_no_load	1	2	2	276	
261	0	105	step_2_no_load	5	6	0.722851301692	0.352639603242	5	566	1	
261	0	106	step_1_no_load	1	2	2	391	
261	0	106	step_2_no_load	5	6	0.699623252899	0.374131494222	5	504	0	
261	0	107	step_1_no_load	1	2	2	694	
261	0	107	step_2_no_load	5	6	0.677514185929	0.388257337796	5	476	0	
261	0	108	step_1_no_load	1	2	2	280	
261	0	108	step_2_no_load	5	6	0.681491063126	0.388185708856	5	509	1	
261	0	109	step_1_no_load	1	2	2	513	
261	0	109	step_2_no_load	5	6	0.68658494263	0.372328831887	5	544	1	
261	0	110	step_1_no_load	1	2	2	447	
261	0	110	step_2_no_load	5	6	0.65455226558	0.395544455384	5	434	1	
261	0	111	step_1_no_load	1	2	2	588	
261	0	111	step_2_no_load	5	6	0.634599547742	0.407158158569	5	457	1	
261	0	112	step_1_no_load	1	2	2	438	
261	0	112	step_2_no_load	5	6	0.635252945963	0.413393106784	6	904	0	
261	0	113	step_1_no_load	1	2	2	330	
261	0	113	step_2_no_load	5	6	0.634627459817	0.387112818105	5	423	0	
261	0	114	step_1_no_load	1	2	2	960	
261	0	114	step_2_no_load	5	6	0.657654904272	0.384736699284	5	643	1	
261	0	115	step_1_no_load	1	2	2	1127	
261	0	115	step_2_no_load	3	4	0.739704344621	0.390027643099	3	709	1	
261	0	116	step_1_no_load	1	2	2	1095	
261	0	116	step_2_no_load	5	6	0.680124293449	0.369438791876	5	579	0	
261	0	117	step_1_no_load	1	2	1	736	
261	0	117	step_2_no_load	3	4	0.747012267642	0.374621793791	3	446	1	
261	0	118	step_1_no_load	1	2	1	1030	
261	0	118	step_2_no_load	3	4	0.740051715856	0.357645851833	3	389	0	
261	0	119	step_1_no_load	1	2	1	567	
261	0	119	step_2_no_load	3	4	0.690424535099	0.357515098446	3	398	1	
261	0	120	step_1_no_load	1	2	1	281	
261	0	120	step_2_no_load	3	4	0.70587238626	0.370150243662	3	397	1	
261	0	121	step_1_no_load	1	2	2	398	
261	0	121	step_2_no_load	5	6	0.671052306195	0.310775244958	5	513	0	
261	0	122	step_1_no_load	1	2	1	314	
261	0	122	step_2_no_load	3	4	0.6136886145	0.329624572119	3	321	1	
261	0	123	step_1_no_load	1	2	1	763	
261	0	123	step_2_no_load	3	4	0.583607229978	0.337526896345	3	424	0	
261	0	124	step_1_no_load	1	2	1	524	
261	0	124	step_2_no_load	3	4	0.603013298253	0.309430836661	3	347	0	
261	0	125	step_1_no_load	1	2	1	224	
261	0	125	step_2_no_load	3	4	0.559596800931	0.303110862715	3	332	0	
261	0	126	step_1_no_load	1	2	2	429	
261	0	126	step_2_no_load	5	6	0.600985760967	0.267206368684	6	545	0	
261	0	127	step_1_no_load	1	2	1	338	
261	0	127	step_2_no_load	3	4	0.560824094575	0.274944938508	4	401	0	
261	0	128	step_1_no_load	1	2	2	260	
261	0	128	step_2_no_load	5	6	0.620672334996	0.260252451606	5	389	1	
261	0	129	step_1_no_load	1	2	2	278	
261	0	129	step_2_no_load	5	6	0.632682846317	0.268213321963	5	721	1	
261	0	130	step_1_no_load	1	2	2	532	
261	0	130	step_2_no_load	3	4	0.682031489739	0.274560758494	3	796	1	
261	0	131	step_1_no_load	1	2	2	256	
261	0	131	step_2_no_load	5	6	0.638450601212	0.281500842289	5	459	1	
261	0	132	step_1_no_load	1	2	2	388	
261	0	132	step_2_no_load	5	6	0.660013924697	0.27986961048	5	487	1	
261	0	133	step_1_no_load	1	2	2	495	
261	0	133	step_2_no_load	5	6	0.691649444281	0.315608831386	5	1026	0	
261	0	134	step_1_no_load	1	2	2	292	
261	0	134	step_2_no_load	5	6	0.685529359147	0.287393715313	5	272	1	
261	0	135	step_1_no_load	1	2	2	672	
261	0	135	step_2_no_load	5	6	0.700779221781	0.300079459047	5	738	1	
261	0	136	step_1_no_load	1	2	2	238	
261	0	136	step_2_no_load	5	6	0.674914008636	0.307766925452	5	406	0	
261	0	137	step_1_no_load	1	2	1	851	
261	0	137	step_2_no_load	3	4	0.605896884497	0.325016613024	3	677	0	
261	0	138	step_1_no_load	1	2	1	227	
261	0	138	step_2_no_load	5	6	0.688182193337	0.366701525561	6	337	0	
261	0	139	step_1_no_load	1	2	1	399	
261	0	139	step_2_no_load	3	4	0.636630981281	0.323660750961	4	425	1	
261	0	140	step_1_no_load	1	2	1	354	
261	0	140	step_2_no_load	3	4	0.671213945178	0.328174526491	4	397	0	
261	0	141	step_1_no_load	1	2	2	413	
261	0	141	step_2_no_load	3	4	0.711987889705	0.311809871418	-1	-1	-1	
261	0	142	step_1_no_load	1	2	2	388	
261	0	142	step_2_no_load	3	4	0.690276058009	0.304203281606	4	654	1	
261	0	143	step_1_no_load	1	2	2	480	
261	0	143	step_2_no_load	5	6	0.610219102298	0.410970957547	5	375	1	
261	0	144	step_1_no_load	1	2	2	432	
261	0	144	step_2_no_load	5	6	0.639347300184	0.389234194056	5	653	0	
261	0	145	step_1_no_load	1	2	2	348	
261	0	145	step_2_no_load	3	4	0.6669125229	0.266265924094	4	897	0	
261	0	146	step_1_no_load	1	2	2	398	
261	0	146	step_2_no_load	3	4	0.681611991725	0.257861956214	3	499	0	
261	0	147	step_1_no_load	1	2	2	410	
261	0	147	step_2_no_load	5	6	0.594861186319	0.352879785946	6	411	0	
261	0	148	step_1_no_load	1	2	2	401	
261	0	148	step_2_no_load	3	4	0.619272702026	0.305288021243	3	904	0	
261	0	149	step_1_no_load	1	2	2	443	
261	0	149	step_2_no_load	5	6	0.623203869836	0.300290206122	5	649	0	
261	0	150	step_1_no_load	1	2	2	379	
261	0	150	step_2_no_load	5	6	0.605912419156	0.306860041627	5	465	1	
261	0	151	step_1_no_load	1	2	2	415	
261	0	151	step_2_no_load	5	6	0.614159737668	0.310557101463	5	650	1	
261	0	152	step_1_no_load	1	2	2	307	
261	0	152	step_2_no_load	5	6	0.644204174791	0.323194010514	5	729	1	
261	0	153	step_1_no_load	1	2	2	474	
261	0	153	step_2_no_load	5	6	0.681559292085	0.343622632154	5	438	1	
261	0	154	step_1_no_load	1	2	2	384	
261	0	154	step_2_no_load	3	4	0.638934099562	0.316375537537	3	906	1	
261	0	155	step_1_no_load	1	2	2	480	
261	0	155	step_2_no_load	5	6	0.716100930629	0.372188990474	5	418	0	
261	0	156	step_1_no_load	1	2	2	274	
261	0	156	step_2_no_load	5	6	0.734436160799	0.368378667812	6	708	0	
261	0	157	step_1_no_load	1	2	2	331	
261	0	157	step_2_no_load	5	6	0.720725456325	0.324728201487	5	376	1	
261	0	158	step_1_no_load	1	2	2	408	
261	0	158	step_2_no_load	5	6	0.694270715354	0.334595868098	5	543	1	
261	0	159	step_1_no_load	1	2	2	490	
261	0	159	step_2_no_load	3	4	0.541222065796	0.413026375257	3	877	0	
261	0	160	step_1_no_load	1	2	2	301	
261	0	160	step_2_no_load	5	6	0.710728171711	0.355992626298	5	591	0	
261	0	161	step_1_no_load	1	2	2	376	
261	0	161	step_2_no_load	5	6	0.719896286569	0.438878285506	6	322	1	
261	0	162	step_1_no_load	1	2	2	462	
261	0	162	step_2_no_load	5	6	0.695144769903	0.455329532209	6	668	1	
261	0	163	step_1_no_load	1	2	2	399	
261	0	163	step_2_no_load	5	6	0.697095951435	0.430920885959	6	476	0	
261	0	164	step_1_no_load	1	2	2	281	
261	0	164	step_2_no_load	5	6	0.692137394606	0.430844125626	5	409	1	
261	0	165	step_1_no_load	1	2	2	252	
261	0	165	step_2_no_load	3	4	0.538026607649	0.463777557969	3	910	0	
261	0	166	step_1_no_load	1	2	2	452	
261	0	166	step_2_no_load	5	6	0.686594248975	0.356317216644	6	855	1	
261	0	167	step_1_no_load	1	2	2	420	
261	0	167	step_2_no_load	3	4	0.585131062446	0.38753671275	4	955	1	
261	0	168	step_1_no_load	1	2	2	403	
261	0	168	step_2_no_load	5	6	0.67192508984	0.335777599654	6	416	1	
261	0	169	step_1_no_load	1	2	2	354	
261	0	169	step_2_no_load	3	4	0.586049140041	0.42098542374	4	517	0	
261	0	170	step_1_no_load	1	2	2	457	
261	0	170	step_2_no_load	3	4	0.57151385403	0.411067820436	4	1110	0	
261	0	171	step_1_no_load	1	2	2	367	
261	0	171	step_2_no_load	5	6	0.727248140829	0.425122034074	6	819	1	
261	0	172	step_1_no_load	1	2	1	425	
261	0	172	step_2_no_load	3	4	0.519090471457	0.363617002148	3	380	0	
261	0	173	step_1_no_load	1	2	2	145	
261	0	173	step_2_no_load	5	6	0.667027212577	0.462866379815	6	156	0	
261	0	174	step_1_no_load	1	2	2	438	
261	0	174	step_2_no_load	5	6	0.729877433725	0.46236234172	5	359	1	
261	0	175	step_1_no_load	1	2	2	454	
261	0	175	step_2_no_load	5	6	0.693968268443	0.484825491933	5	442	0	
261	0	176	step_1_no_load	1	2	2	256	
261	0	176	step_2_no_load	3	4	0.474046874473	0.383231572002	3	773	1	
261	0	177	step_1_no_load	1	2	2	264	
261	0	177	step_2_no_load	3	4	0.501268576771	0.357425668099	3	505	0	
261	0	178	step_1_no_load	1	2	2	310	
261	0	178	step_2_no_load	3	4	0.493712351915	0.36473828006	4	544	0	
261	0	179	step_1_no_load	1	2	2	700	
261	0	179	step_2_no_load	3	4	0.457298770028	0.324685418097	3	471	1	
261	0	180	step_1_no_load	1	2	2	388	
261	0	180	step_2_no_load	5	6	0.719795072986	0.489345734128	6	649	0	
261	0	181	step_1_no_load	1	2	2	278	
261	0	181	step_2_no_load	3	4	0.508735114046	0.342402764747	3	752	0	
261	0	182	step_1_no_load	1	2	2	262	
261	0	182	step_2_no_load	5	6	0.72717560423	0.49907747228	6	629	1	
261	0	183	step_1_no_load	1	2	2	395	
261	0	183	step_2_no_load	5	6	0.720388040749	0.492742497507	6	465	0	
261	0	184	step_1_no_load	1	2	2	298	
261	0	184	step_2_no_load	5	6	0.657291439324	0.480863422096	5	586	1	
261	0	185	step_1_no_load	1	2	2	740	
261	0	185	step_2_no_load	5	6	0.665622647081	0.482228039858	5	623	1	
261	0	186	step_1_no_load	1	2	2	405	
261	0	186	step_2_no_load	3	4	0.46870859828	0.332733011923	3	783	1	
261	0	187	step_1_no_load	1	2	2	350	
261	0	187	step_2_no_load	5	6	0.678211978625	0.498596507669	5	729	1	
261	0	188	step_1_no_load	1	2	2	302	
261	0	188	step_2_no_load	5	6	0.696362660087	0.548350535247	5	464	1	
261	0	189	step_1_no_load	1	2	2	465	
261	0	189	step_2_no_load	3	4	0.448897869069	0.285168135955	3	939	1	
261	0	190	step_1_no_load	1	2	2	414	
261	0	190	step_2_no_load	5	6	0.667655825994	0.505820429042	5	566	0	
261	0	191	step_1_no_load	1	2	1	272	
261	0	191	step_2_no_load	5	6	0.664271461991	0.512103523931	5	711	0	
261	0	192	step_1_no_load	1	2	1	388	
261	0	192	step_2_no_load	5	6	0.705517419189	0.493851022417	5	804	1	
261	0	193	step_1_no_load	1	2	2	392	
261	0	193	step_2_no_load	5	6	0.679792491164	0.504944704439	5	640	1	
261	0	194	step_1_no_load	1	2	2	574	
261	0	194	step_2_no_load	3	4	0.433250459893	0.342437174514	3	894	0	
261	0	195	step_1_no_load	1	2	2	281	
261	0	195	step_2_no_load	3	4	0.466795336969	0.348571348505	4	558	0	
261	0	196	step_1_no_load	1	2	2	290	
261	0	196	step_2_no_load	5	6	0.695101215304	0.496717662777	6	468	0	
261	0	197	step_1_no_load	1	2	2	422	
261	0	197	step_2_no_load	3	4	0.422511153127	0.316987700969	4	1038	0	
261	0	198	step_1_no_load	1	2	2	338	
261	0	198	step_2_no_load	5	6	0.68660989813	0.485065498391	5	430	0	
261	0	199	step_1_no_load	1	2	2	320	
261	0	199	step_2_no_load	5	6	0.73697129762	0.529438031858	5	315	0	
261	0	200	step_1_no_load	1	2	2	314	
261	0	200	step_2_no_load	5	6	0.728996708473	0.507902534353	5	741	0	

Thu Aug  8 17:24:25 2019
