Fri Aug  9 15:36:04 2019	
262	0	1	step_1_no_load	1	2	1	747	
262	0	1	step_2_no_load	3	4	0.594299910136	0.598297890399	3	1095	1	
262	0	2	step_1_no_load	1	2	1	669	
262	0	2	step_2_no_load	3	4	0.610961032466	0.580156942153	3	1093	0	
262	0	3	step_1_no_load	1	2	1	750	
262	0	3	step_2_no_load	3	4	0.589215227351	0.584197065669	3	1010	1	
262	0	4	step_1_no_load	1	2	2	664	
262	0	4	step_2_no_load	5	6	0.478607661228	0.494597764192	-1	-1	-1	
262	0	5	step_1_no_load	1	2	1	558	
262	0	5	step_2_no_load	3	4	0.576104915614	0.623810210114	3	987	1	
262	0	6	step_1_no_load	1	2	1	670	
262	0	6	step_2_no_load	3	4	0.603642866427	0.585722686883	3	985	0	
262	0	7	step_1_no_load	1	2	2	616	
262	0	7	step_2_no_load	5	6	0.500071913476	0.506408070053	5	879	0	
262	0	8	step_1_no_load	1	2	1	654	
262	0	8	step_2_no_load	3	4	0.624210374623	0.59128639594	4	887	1	
262	0	9	step_1_no_load	1	2	1	706	
262	0	9	step_2_no_load	5	6	0.496546708465	0.54429228266	5	1140	1	
262	0	10	step_1_no_load	1	2	1	893	
262	0	10	step_2_no_load	5	6	0.482364178155	0.576063520885	5	946	1	
262	0	11	step_1_no_load	1	2	1	667	
262	0	11	step_2_no_load	3	4	0.609191465743	0.69163818036	4	923	1	
262	0	12	step_1_no_load	1	2	2	801	
262	0	12	step_2_no_load	5	6	0.48457206759	0.597131918027	5	913	1	
262	0	13	step_1_no_load	1	2	1	478	
262	0	13	step_2_no_load	3	4	0.558313135925	0.653587098421	3	786	1	
262	0	14	step_1_no_load	1	2	1	578	
262	0	14	step_2_no_load	3	4	0.545555696267	0.629137942344	4	921	1	
262	0	15	step_1_no_load	1	2	2	553	
262	0	15	step_2_no_load	5	6	0.505377237737	0.633564630036	5	751	1	
262	0	16	step_1_no_load	1	2	1	603	
262	0	16	step_2_no_load	3	4	0.553308964466	0.628091198119	4	863	1	
262	0	17	step_1_no_load	1	2	2	541	
262	0	17	step_2_no_load	5	6	0.535958400205	0.643116883134	5	789	0	
262	0	18	step_1_no_load	1	2	1	515	
262	0	18	step_2_no_load	3	4	0.553554620302	0.626834332012	4	1049	1	
262	0	19	step_1_no_load	1	2	2	615	
262	0	19	step_2_no_load	3	4	0.536502319591	0.619895761657	3	806	1	
262	0	20	step_1_no_load	1	2	1	570	
262	0	20	step_2_no_load	3	4	0.491720931314	0.636521555122	3	1138	1	
262	0	21	step_1_no_load	1	2	1	635	
262	0	21	step_2_no_load	3	4	0.470207377245	0.630305464549	4	838	1	
262	0	22	step_1_no_load	1	2	2	604	
262	0	22	step_2_no_load	5	6	0.506100011497	0.618527126547	5	746	1	
262	0	23	step_1_no_load	1	2	1	632	
262	0	23	step_2_no_load	3	4	0.513759772011	0.640163623731	3	767	1	
262	0	24	step_1_no_load	1	2	1	571	
262	0	24	step_2_no_load	5	6	0.505388876622	0.5800912085	6	795	0	
262	0	25	step_1_no_load	1	2	1	536	
262	0	25	step_2_no_load	5	6	0.503316372362	0.629917901014	5	705	1	
262	0	26	step_1_no_load	1	2	1	750	
262	0	26	step_2_no_load	5	6	0.511744353778	0.640635035276	5	1085	0	
262	0	27	step_1_no_load	1	2	2	952	
262	0	27	step_2_no_load	5	6	0.507272671939	0.642144756622	5	1391	0	
262	0	28	step_1_no_load	1	2	2	761	
262	0	28	step_2_no_load	3	4	0.553259388875	0.588356036098	4	960	1	
262	0	29	step_1_no_load	1	2	2	605	
262	0	29	step_2_no_load	5	6	0.521159009103	0.618626354124	5	768	0	
262	0	30	step_1_no_load	1	2	1	765	
262	0	30	step_2_no_load	3	4	0.574272497114	0.608245979832	4	988	1	
262	0	31	step_1_no_load	1	2	2	651	
262	0	31	step_2_no_load	5	6	0.483156722265	0.606122691795	5	1070	0	
262	0	32	step_1_no_load	1	2	2	591	
262	0	32	step_2_no_load	3	4	0.522993086096	0.634585171267	3	807	0	
262	0	33	step_1_no_load	1	2	1	599	
262	0	33	step_2_no_load	3	4	0.542309898544	0.611700032906	3	1125	1	
262	0	34	step_1_no_load	1	2	1	655	
262	0	34	step_2_no_load	5	6	0.454565258478	0.670290552209	6	958	0	
262	0	35	step_1_no_load	1	2	1	711	
262	0	35	step_2_no_load	3	4	0.594167768198	0.566827313385	3	767	1	
262	0	36	step_1_no_load	1	2	1	895	
262	0	36	step_2_no_load	3	4	0.611274573488	0.527635087561	3	753	1	
262	0	37	step_1_no_load	1	2	1	608	
262	0	37	step_2_no_load	5	6	0.543074626387	0.660658056664	5	972	0	
262	0	38	step_1_no_load	1	2	2	591	
262	0	38	step_2_no_load	5	6	0.553931241266	0.651263699161	5	866	1	
262	0	39	step_1_no_load	1	2	1	820	
262	0	39	step_2_no_load	5	6	0.578640235206	0.634483337633	5	688	0	
262	0	40	step_1_no_load	1	2	1	688	
262	0	40	step_2_no_load	3	4	0.607992802154	0.580760785074	4	846	1	
262	0	41	step_1_no_load	1	2	2	666	
262	0	41	step_2_no_load	5	6	0.583829055298	0.633285941184	5	884	1	
262	0	42	step_1_no_load	1	2	1	488	
262	0	42	step_2_no_load	3	4	0.609164606591	0.533857158543	3	840	1	
262	0	43	step_1_no_load	1	2	1	885	
262	0	43	step_2_no_load	3	4	0.612705031264	0.553703096215	3	583	0	
262	0	44	step_1_no_load	1	2	1	548	
262	0	44	step_2_no_load	5	6	0.537842745081	0.589653131867	5	943	1	
262	0	45	step_1_no_load	1	2	1	542	
262	0	45	step_2_no_load	3	4	0.632991467829	0.579346234508	3	871	1	
262	0	46	step_1_no_load	1	2	2	632	
262	0	46	step_2_no_load	3	4	0.600964500555	0.55511883717	3	869	1	
262	0	47	step_1_no_load	1	2	1	477	
262	0	47	step_2_no_load	3	4	0.598724660986	0.546259467838	3	1240	0	
262	0	48	step_1_no_load	1	2	1	603	
262	0	48	step_2_no_load	3	4	0.615767119776	0.534690828011	4	899	1	
262	0	49	step_1_no_load	1	2	2	731	
262	0	49	step_2_no_load	5	6	0.489287375157	0.614679490594	6	773	1	
262	0	50	step_1_no_load	1	2	1	765	
262	0	50	step_2_no_load	5	6	0.47381367271	0.593458480934	5	813	0	
262	0	51	step_1_no_load	1	2	2	702	
262	0	51	step_2_no_load	3	4	0.564866799699	0.508197321577	3	933	1	
262	0	52	step_1_no_load	1	2	1	607	
262	0	52	step_2_no_load	3	4	0.539065404057	0.513589895419	3	626	0	
262	0	53	step_1_no_load	1	2	1	529	
262	0	53	step_2_no_load	3	4	0.551457882502	0.475342927439	4	912	0	
262	0	54	step_1_no_load	1	2	1	846	
262	0	54	step_2_no_load	5	6	0.491512498697	0.652515308527	6	661	1	
262	0	55	step_1_no_load	1	2	2	527	
262	0	55	step_2_no_load	5	6	0.487025527704	0.639840796975	6	1170	0	
262	0	56	step_1_no_load	1	2	1	369	
262	0	56	step_2_no_load	3	4	0.601856598146	0.538512915562	3	771	1	
262	0	57	step_1_no_load	1	2	1	648	
262	0	57	step_2_no_load	3	4	0.641849303307	0.516475618243	3	764	1	
262	0	58	step_1_no_load	1	2	1	523	
262	0	58	step_2_no_load	3	4	0.664682809182	0.528376440027	3	698	0	
262	0	59	step_1_no_load	1	2	1	755	
262	0	59	step_2_no_load	5	6	0.480274332693	0.608951267756	6	580	0	
262	0	60	step_1_no_load	1	2	1	935	
262	0	60	step_2_no_load	5	6	0.491916707098	0.599559577859	6	647	0	
262	0	61	step_1_no_load	1	2	1	465	
262	0	61	step_2_no_load	5	6	0.464268875813	0.602879526975	5	931	1	
262	0	62	step_1_no_load	1	2	1	729	
262	0	62	step_2_no_load	3	4	0.691137204746	0.533031417444	3	597	0	
262	0	63	step_1_no_load	1	2	2	689	
262	0	63	step_2_no_load	5	6	0.53192660365	0.642623127313	5	1030	1	
262	0	64	step_1_no_load	1	2	1	846	
262	0	64	step_2_no_load	3	4	0.642369708469	0.533849886794	3	784	0	
262	0	65	step_1_no_load	1	2	1	471	
262	0	65	step_2_no_load	5	6	0.569109504048	0.619953360065	6	887	0	
262	0	66	step_1_no_load	1	2	1	1177	
262	0	66	step_2_no_load	5	6	0.573761869714	0.630357351236	5	881	0	
262	0	67	step_1_no_load	1	2	1	974	
262	0	67	step_2_no_load	3	4	0.597650193897	0.538279387614	3	1190	1	
262	0	68	step_1_no_load	1	2	1	820	
262	0	68	step_2_no_load	5	6	0.509127161919	0.719455209845	5	726	1	
262	0	69	step_1_no_load	1	2	1	573	
262	0	69	step_2_no_load	3	4	0.622221685203	0.560462111264	3	809	0	
262	0	70	step_1_no_load	1	2	1	877	
262	0	70	step_2_no_load	3	4	0.637556284465	0.548075770764	4	817	0	
262	0	71	step_1_no_load	1	2	1	799	
262	0	71	step_2_no_load	3	4	0.639174917797	0.546215110045	3	653	1	
262	0	72	step_1_no_load	1	2	1	1102	
262	0	72	step_2_no_load	3	4	0.626024641967	0.556486305476	3	1153	0	
262	0	73	step_1_no_load	1	2	2	973	
262	0	73	step_2_no_load	5	6	0.435957313805	0.727961155836	6	650	0	
262	0	74	step_1_no_load	1	2	1	910	
262	0	74	step_2_no_load	5	6	0.453420386428	0.693624670847	5	853	0	
262	0	75	step_1_no_load	1	2	2	916	
262	0	75	step_2_no_load	3	4	0.615552849174	0.483983914712	4	1133	1	
262	0	76	step_1_no_load	1	2	1	807	
262	0	76	step_2_no_load	5	6	0.488583631821	0.690117652944	6	1321	1	
262	0	77	step_1_no_load	1	2	2	983	
262	0	77	step_2_no_load	5	6	0.446809557226	0.679737625371	6	889	1	
262	0	78	step_1_no_load	1	2	2	717	
262	0	78	step_2_no_load	5	6	0.435911167612	0.647586191228	6	657	1	
262	0	79	step_1_no_load	1	2	2	883	
262	0	79	step_2_no_load	5	6	0.389124152368	0.647841624544	6	637	1	
262	0	80	step_1_no_load	1	2	2	904	
262	0	80	step_2_no_load	5	6	0.396016175285	0.703969305517	6	807	0	
262	0	81	step_1_no_load	1	2	1	987	
262	0	81	step_2_no_load	3	4	0.529745690463	0.494116554432	3	930	0	
262	0	82	step_1_no_load	1	2	1	1014	
262	0	82	step_2_no_load	5	6	0.395813831323	0.688340116885	6	577	1	
262	0	83	step_1_no_load	1	2	1	923	
262	0	83	step_2_no_load	5	6	0.382772464038	0.726885136842	6	1166	1	
262	0	84	step_1_no_load	1	2	2	1021	
262	0	84	step_2_no_load	3	4	0.65843840156	0.505586222209	4	794	0	
262	0	85	step_1_no_load	1	2	1	914	
262	0	85	step_2_no_load	5	6	0.384458259121	0.712989604416	5	865	0	
262	0	86	step_1_no_load	1	2	1	943	
262	0	86	step_2_no_load	3	4	0.691782850001	0.486462788728	4	1121	1	
262	0	87	step_1_no_load	1	2	2	988	
262	0	87	step_2_no_load	5	6	0.40000499778	0.690012761069	6	599	0	
262	0	88	step_1_no_load	1	2	1	809	
262	0	88	step_2_no_load	3	4	0.717410082358	0.509563243675	3	897	0	
262	0	89	step_1_no_load	1	2	1	904	
262	0	89	step_2_no_load	3	4	0.690772436485	0.490019385174	4	831	0	
262	0	90	step_1_no_load	1	2	1	642	
262	0	90	step_2_no_load	3	4	0.712247848046	0.530126112124	3	804	0	
262	0	91	step_1_no_load	1	2	1	1088	
262	0	91	step_2_no_load	5	6	0.43534164751	0.657820521772	6	1303	1	
262	0	92	step_1_no_load	1	2	2	989	
262	0	92	step_2_no_load	3	4	0.692406274724	0.484260039873	4	907	1	
262	0	93	step_1_no_load	1	2	1	842	
262	0	93	step_2_no_load	5	6	0.439878153082	0.662863370634	6	1165	0	
262	0	94	step_1_no_load	1	2	1	652	
262	0	94	step_2_no_load	5	6	0.429211756872	0.668295023896	5	681	1	
262	0	95	step_1_no_load	1	2	1	731	
262	0	95	step_2_no_load	3	4	0.715495469274	0.42505578884	3	1179	1	
262	0	96	step_1_no_load	1	2	1	839	
262	0	96	step_2_no_load	5	6	0.383038640121	0.663095813561	5	1197	0	
262	0	97	step_1_no_load	1	2	1	982	
262	0	97	step_2_no_load	3	4	0.681272614291	0.455601814112	4	855	1	
262	0	98	step_1_no_load	1	2	2	889	
262	0	98	step_2_no_load	3	4	0.70287861952	0.431479829356	4	1186	1	
262	0	99	step_1_no_load	1	2	2	946	
262	0	99	step_2_no_load	5	6	0.397561363605	0.645191748454	-1	-1	-1	
262	0	100	step_1_no_load	1	2	2	475	
262	0	100	step_2_no_load	5	6	0.4333505304	0.66579920021	-1	-1	-1	
262	0	101	step_1_no_load	1	2	2	606	
262	0	101	step_2_no_load	3	4	0.623812401974	0.366879421891	4	898	0	
262	0	102	step_1_no_load	1	2	1	1197	
262	0	102	step_2_no_load	3	4	0.666304534392	0.326080462175	3	1153	1	
262	0	103	step_1_no_load	1	2	1	623	
262	0	103	step_2_no_load	3	4	0.663997796029	0.322834495838	3	811	1	
262	0	104	step_1_no_load	1	2	1	594	
262	0	104	step_2_no_load	3	4	0.703870701136	0.303696146503	3	743	1	
262	0	105	step_1_no_load	1	2	1	804	
262	0	105	step_2_no_load	3	4	0.689135357059	0.352639603242	3	929	0	
262	0	106	step_1_no_load	1	2	1	1062	
262	0	106	step_2_no_load	3	4	0.712883638252	0.374131494222	3	1103	0	
262	0	107	step_1_no_load	1	2	2	805	
262	0	107	step_2_no_load	5	6	0.565220528809	0.677514185929	6	606	0	
262	0	108	step_1_no_load	1	2	1	599	
262	0	108	step_2_no_load	5	6	0.526955028982	0.681491063126	5	682	0	
262	0	109	step_1_no_load	1	2	1	644	
262	0	109	step_2_no_load	5	6	0.479977531501	0.68658494263	6	623	0	
262	0	110	step_1_no_load	1	2	1	661	
262	0	110	step_2_no_load	3	4	0.729599891941	0.395544455384	4	1163	0	
262	0	111	step_1_no_load	1	2	1	596	
262	0	111	step_2_no_load	5	6	0.384948378665	0.634599547742	5	884	0	
262	0	112	step_1_no_load	1	2	2	700	
262	0	112	step_2_no_load	5	6	0.392887565883	0.635252945963	6	787	1	
262	0	113	step_1_no_load	1	2	1	752	
262	0	113	step_2_no_load	3	4	0.719324307956	0.387112818105	3	1119	1	
262	0	114	step_1_no_load	1	2	2	947	
262	0	114	step_2_no_load	5	6	0.380324086676	0.657654904272	6	747	1	
262	0	115	step_1_no_load	1	2	2	1015	
262	0	115	step_2_no_load	5	6	0.390027643099	0.645721217949	5	1199	1	
262	0	116	step_1_no_load	1	2	1	732	
262	0	116	step_2_no_load	5	6	0.378149844807	0.680124293449	5	753	1	
262	0	117	step_1_no_load	1	2	2	1302	
262	0	117	step_2_no_load	3	4	0.747012267642	0.363056877927	4	1340	0	
262	0	118	step_1_no_load	1	2	1	562	
262	0	118	step_2_no_load	3	4	0.740051715856	0.362977115924	3	707	1	
262	0	119	step_1_no_load	1	2	1	682	
262	0	119	step_2_no_load	3	4	0.690424535099	0.358243439099	3	850	0	
262	0	120	step_1_no_load	1	2	2	895	
262	0	120	step_2_no_load	3	4	0.70587238626	0.333809617664	3	1083	1	
262	0	121	step_1_no_load	1	2	1	705	
262	0	121	step_2_no_load	3	4	0.658856304095	0.310775244958	4	1073	1	
262	0	122	step_1_no_load	1	2	2	586	
262	0	122	step_2_no_load	5	6	0.329624572119	0.672193618854	6	1005	1	
262	0	123	step_1_no_load	1	2	2	859	
262	0	123	step_2_no_load	5	6	0.337526896345	0.664849878232	6	604	1	
262	0	124	step_1_no_load	1	2	1	1154	
262	0	124	step_2_no_load	3	4	0.603013298253	0.26095206597	3	903	1	
262	0	125	step_1_no_load	1	2	1	792	
262	0	125	step_2_no_load	3	4	0.559596800931	0.290374841566	4	1105	1	
262	0	126	step_1_no_load	1	2	2	822	
262	0	126	step_2_no_load	3	4	0.537863824328	0.267206368684	4	977	0	
262	0	127	step_1_no_load	1	2	1	637	
262	0	127	step_2_no_load	3	4	0.560824094575	0.273483952592	3	1074	0	
262	0	128	step_1_no_load	1	2	2	628	
262	0	128	step_2_no_load	5	6	0.250790232267	0.620672334996	6	802	1	
262	0	129	step_1_no_load	1	2	1	1113	
262	0	129	step_2_no_load	3	4	0.685297910719	0.268213321963	3	1065	0	
262	0	130	step_1_no_load	1	2	2	1049	
262	0	130	step_2_no_load	5	6	0.274560758494	0.630285316669	6	745	0	
262	0	131	step_1_no_load	1	2	1	662	
262	0	131	step_2_no_load	3	4	0.678044920845	0.281500842289	3	797	0	
262	0	132	step_1_no_load	1	2	2	858	
262	0	132	step_2_no_load	5	6	0.315328810424	0.660013924697	5	1189	0	
262	0	133	step_1_no_load	1	2	2	741	
262	0	133	step_2_no_load	3	4	0.617383991623	0.315608831386	4	1021	0	
262	0	134	step_1_no_load	1	2	1	739	
262	0	134	step_2_no_load	3	4	0.621945110858	0.287393715313	3	1206	1	
262	0	135	step_1_no_load	1	2	1	694	
262	0	135	step_2_no_load	3	4	0.593710006149	0.300079459047	3	745	1	
262	0	136	step_1_no_load	1	2	1	747	
262	0	136	step_2_no_load	3	4	0.597814413435	0.307766925452	4	970	0	
262	0	137	step_1_no_load	1	2	1	640	
262	0	137	step_2_no_load	3	4	0.605896884497	0.346433498467	3	611	0	
262	0	138	step_1_no_load	1	2	2	690	
262	0	138	step_2_no_load	5	6	0.307694123906	0.688182193337	6	805	1	
262	0	139	step_1_no_load	1	2	1	738	
262	0	139	step_2_no_load	5	6	0.323660750961	0.696355985729	5	987	1	
262	0	140	step_1_no_load	1	2	1	1031	
262	0	140	step_2_no_load	3	4	0.671213945178	0.348740542008	3	1281	0	
262	0	141	step_1_no_load	1	2	2	688	
262	0	141	step_2_no_load	5	6	0.311809871418	0.616803346728	5	1495	0	
262	0	142	step_1_no_load	1	2	1	917	
262	0	142	step_2_no_load	3	4	0.690276058009	0.397052682821	4	775	1	
262	0	143	step_1_no_load	1	2	2	699	
262	0	143	step_2_no_load	5	6	0.313516825296	0.610219102298	6	963	0	
262	0	144	step_1_no_load	1	2	1	742	
262	0	144	step_2_no_load	3	4	0.626443722248	0.389234194056	3	905	0	
262	0	145	step_1_no_load	1	2	2	782	
262	0	145	step_2_no_load	3	4	0.6669125229	0.355256413269	4	1026	0	
262	0	146	step_1_no_load	1	2	1	774	
262	0	146	step_2_no_load	5	6	0.257861956214	0.593778463268	5	1046	1	
262	0	147	step_1_no_load	1	2	1	699	
262	0	147	step_2_no_load	3	4	0.647798886916	0.352879785946	3	1315	0	
262	0	148	step_1_no_load	1	2	1	835	
262	0	148	step_2_no_load	3	4	0.619272702026	0.311162711725	4	1140	0	
262	0	149	step_1_no_load	1	2	1	720	
262	0	149	step_2_no_load	3	4	0.601870110183	0.300290206122	3	959	0	
262	0	150	step_1_no_load	1	2	1	885	
262	0	150	step_2_no_load	5	6	0.305587692243	0.605912419156	6	1313	1	
262	0	151	step_1_no_load	1	2	1	952	
262	0	151	step_2_no_load	3	4	0.59154759351	0.310557101463	4	1229	0	
262	0	152	step_1_no_load	1	2	1	1311	
262	0	152	step_2_no_load	3	4	0.595108765344	0.323194010514	4	1284	0	
262	0	153	step_1_no_load	1	2	1	1185	
262	0	153	step_2_no_load	3	4	0.613336203392	0.343622632154	3	1045	0	
262	0	154	step_1_no_load	1	2	2	664	
262	0	154	step_2_no_load	3	4	0.638934099562	0.348349389262	4	1063	0	
262	0	155	step_1_no_load	1	2	1	603	
262	0	155	step_2_no_load	3	4	0.632486591889	0.372188990474	3	986	0	
262	0	156	step_1_no_load	1	2	2	667	
262	0	156	step_2_no_load	3	4	0.631048201903	0.368378667812	4	841	1	
262	0	157	step_1_no_load	1	2	2	726	
262	0	157	step_2_no_load	5	6	0.350909357271	0.720725456325	6	1122	1	
262	0	158	step_1_no_load	1	2	2	741	
262	0	158	step_2_no_load	3	4	0.532722108502	0.334595868098	4	1182	1	
262	0	159	step_1_no_load	1	2	2	961	
262	0	159	step_2_no_load	5	6	0.413026375257	0.697903160072	5	1032	1	
262	0	160	step_1_no_load	1	2	1	804	
262	0	160	step_2_no_load	3	4	0.521229931064	0.355992626298	4	1339	0	
262	0	161	step_1_no_load	1	2	1	1104	
262	0	161	step_2_no_load	3	4	0.516036498158	0.438878285506	4	1122	0	
262	0	162	step_1_no_load	1	2	1	596	
262	0	162	step_2_no_load	3	4	0.566496468084	0.455329532209	3	1078	0	
262	0	163	step_1_no_load	1	2	1	822	
262	0	163	step_2_no_load	5	6	0.395221309311	0.697095951435	6	1040	1	
262	0	164	step_1_no_load	1	2	2	644	
262	0	164	step_2_no_load	3	4	0.585961845322	0.430844125626	4	937	1	
262	0	165	step_1_no_load	1	2	2	662	
262	0	165	step_2_no_load	5	6	0.463777557969	0.717506143195	6	1197	0	
262	0	166	step_1_no_load	1	2	1	780	
262	0	166	step_2_no_load	3	4	0.549095060025	0.356317216644	4	1127	0	
262	0	167	step_1_no_load	1	2	1	665	
262	0	167	step_2_no_load	5	6	0.38753671275	0.706271792549	5	1065	0	
262	0	168	step_1_no_load	1	2	2	724	
262	0	168	step_2_no_load	5	6	0.400817642375	0.67192508984	6	1030	1	
262	0	169	step_1_no_load	1	2	2	595	
262	0	169	step_2_no_load	3	4	0.586049140041	0.365156560071	4	840	0	
262	0	170	step_1_no_load	1	2	1	579	
262	0	170	step_2_no_load	3	4	0.57151385403	0.364989630435	4	944	0	
262	0	171	step_1_no_load	1	2	1	554	
262	0	171	step_2_no_load	3	4	0.553314431843	0.425122034074	4	1190	0	
262	0	172	step_1_no_load	1	2	1	787	
262	0	172	step_2_no_load	3	4	0.519090471457	0.490120307546	4	1139	0	
262	0	173	step_1_no_load	1	2	1	611	
262	0	173	step_2_no_load	3	4	0.484428109849	0.462866379815	3	920	0	
262	0	174	step_1_no_load	1	2	2	706	
262	0	174	step_2_no_load	3	4	0.472729524832	0.46236234172	4	983	1	
262	0	175	step_1_no_load	1	2	2	605	
262	0	175	step_2_no_load	3	4	0.52644949356	0.484825491933	4	711	0	
262	0	176	step_1_no_load	1	2	1	575	
262	0	176	step_2_no_load	3	4	0.474046874473	0.500856457218	4	1021	1	
262	0	177	step_1_no_load	1	2	2	700	
262	0	177	step_2_no_load	5	6	0.357425668099	0.714070205704	6	948	1	
262	0	178	step_1_no_load	1	2	1	914	
262	0	178	step_2_no_load	3	4	0.493712351915	0.49020858644	3	1431	0	
262	0	179	step_1_no_load	1	2	2	807	
262	0	179	step_2_no_load	5	6	0.324685418097	0.709345707515	6	1017	1	
262	0	180	step_1_no_load	1	2	1	668	
262	0	180	step_2_no_load	3	4	0.482853857291	0.489345734128	4	1001	0	
262	0	181	step_1_no_load	1	2	1	935	
262	0	181	step_2_no_load	3	4	0.508735114046	0.480141179559	4	1131	0	
262	0	182	step_1_no_load	1	2	1	700	
262	0	182	step_2_no_load	3	4	0.506773281362	0.49907747228	3	1096	0	
262	0	183	step_1_no_load	1	2	2	669	
262	0	183	step_2_no_load	5	6	0.350175837802	0.720388040749	6	1197	1	
262	0	184	step_1_no_load	1	2	1	1038	
262	0	184	step_2_no_load	5	6	0.362743255194	0.657291439324	6	1227	1	
262	0	185	step_1_no_load	1	2	2	797	
262	0	185	step_2_no_load	5	6	0.362611152222	0.665622647081	6	685	0	
262	0	186	step_1_no_load	1	2	2	828	
262	0	186	step_2_no_load	5	6	0.332733011923	0.656308636836	5	807	0	
262	0	187	step_1_no_load	1	2	2	680	
262	0	187	step_2_no_load	5	6	0.328890769988	0.678211978625	5	900	0	
262	0	188	step_1_no_load	1	2	2	643	
262	0	188	step_2_no_load	5	6	0.291508050861	0.696362660087	6	1003	1	
262	0	189	step_1_no_load	1	2	2	584	
262	0	189	step_2_no_load	5	6	0.285168135955	0.688353284054	6	1103	0	
262	0	190	step_1_no_load	1	2	1	801	
262	0	190	step_2_no_load	3	4	0.433568856946	0.505820429042	4	1078	0	
262	0	191	step_1_no_load	1	2	1	684	
262	0	191	step_2_no_load	3	4	0.435748387321	0.512103523931	4	1096	0	
262	0	192	step_1_no_load	1	2	1	608	
262	0	192	step_2_no_load	5	6	0.299297135717	0.705517419189	6	1078	1	
262	0	193	step_1_no_load	1	2	2	802	
262	0	193	step_2_no_load	5	6	0.321008037746	0.679792491164	6	1267	0	
262	0	194	step_1_no_load	1	2	1	702	
262	0	194	step_2_no_load	3	4	0.433250459893	0.505359594715	3	1491	0	
262	0	195	step_1_no_load	1	2	1	1463	
262	0	195	step_2_no_load	3	4	0.466795336969	0.494102184238	4	1236	0	
262	0	196	step_1_no_load	1	2	1	667	
262	0	196	step_2_no_load	3	4	0.421761207498	0.496717662777	-1	-1	-1	
262	0	197	step_1_no_load	1	2	2	790	
262	0	197	step_2_no_load	3	4	0.422511153127	0.47786945426	3	1098	1	
262	0	198	step_1_no_load	1	2	1	657	
262	0	198	step_2_no_load	3	4	0.397292432346	0.485065498391	4	1080	0	
262	0	199	step_1_no_load	1	2	1	688	
262	0	199	step_2_no_load	3	4	0.39793773834	0.529438031858	3	1014	0	
262	0	200	step_1_no_load	1	2	2	687	
262	0	200	step_2_no_load	5	6	0.299128796668	0.728996708473	6	731	1	

Fri Aug  9 15:54:22 2019
