Wed Aug 21 13:53:19 2019	
264	0	1	step_1_no_load	1	2	-1	-1	
264	0	2	step_1_no_load	1	2	1	612	
264	0	2	step_2_no_load	3	4	0.474613197709	0.610961032466	-1	-1	-1	
264	0	3	step_1_no_load	1	2	1	307	
264	0	3	step_2_no_load	5	6	0.584197065669	0.516002945397	5	239	0	
264	0	4	step_1_no_load	1	2	1	139	
264	0	4	step_2_no_load	3	4	0.478607661228	0.564086293706	3	900	0	
264	0	5	step_1_no_load	1	2	1	225	
264	0	5	step_2_no_load	5	6	0.623810210114	0.543908521457	6	495	0	
264	0	6	step_1_no_load	1	2	2	747	
264	0	6	step_2_no_load	3	4	0.506877622204	0.603642866427	4	1075	0	
264	0	7	step_1_no_load	1	2	2	575	
264	0	7	step_2_no_load	3	4	0.500071913476	0.622642364361	4	1111	1	
264	0	8	step_1_no_load	1	2	2	80	
264	0	8	step_2_no_load	5	6	0.59128639594	0.499203529332	-1	-1	-1	
264	0	9	step_1_no_load	1	2	1	453	
264	0	9	step_2_no_load	3	4	0.496546708465	0.641106877158	3	858	1	
264	0	10	step_1_no_load	1	2	1	504	
264	0	10	step_2_no_load	5	6	0.652626043146	0.576063520885	5	1306	0	
264	0	11	step_1_no_load	1	2	1	354	
264	0	11	step_2_no_load	3	4	0.477013315682	0.609191465743	3	707	1	
264	0	12	step_1_no_load	1	2	1	479	
264	0	12	step_2_no_load	3	4	0.48457206759	0.552770607849	3	968	0	
264	0	13	step_1_no_load	1	2	1	439	
264	0	13	step_2_no_load	5	6	0.653587098421	0.595790490356	6	823	0	
264	0	14	step_1_no_load	1	2	2	386	
264	0	14	step_2_no_load	5	6	0.629137942344	0.611256675753	6	814	0	
264	0	15	step_1_no_load	1	2	2	399	
264	0	15	step_2_no_load	5	6	0.612260006668	0.633564630036	6	1057	1	
264	0	16	step_1_no_load	1	2	2	450	
264	0	16	step_2_no_load	3	4	0.510958036527	0.553308964466	4	770	0	
264	0	17	step_1_no_load	1	2	2	460	
264	0	17	step_2_no_load	3	4	0.535958400205	0.562895132605	-1	-1	-1	
264	0	18	step_1_no_load	1	2	2	152	
264	0	18	step_2_no_load	5	6	0.626834332012	0.626895526976	6	1115	0	
264	0	19	step_1_no_load	1	2	1	544	
264	0	19	step_2_no_load	5	6	0.619895761657	0.644773170243	5	742	1	
264	0	20	step_1_no_load	1	2	1	409	
264	0	20	step_2_no_load	3	4	0.478025448397	0.491720931314	3	820	0	
264	0	21	step_1_no_load	1	2	1	434	
264	0	21	step_2_no_load	5	6	0.630305464549	0.611328949295	5	1061	1	
264	0	22	step_1_no_load	1	2	1	7	
264	0	22	step_2_no_load	3	4	0.506100011497	0.468700882609	-1	-1	-1	
264	0	23	step_1_no_load	1	2	2	415	
264	0	23	step_2_no_load	3	4	0.520606588181	0.513759772011	4	616	1	
264	0	24	step_1_no_load	1	2	2	394	
264	0	24	step_2_no_load	5	6	0.582115115688	0.5800912085	-1	-1	-1	
264	0	25	step_1_no_load	1	2	2	1101	
264	0	25	step_2_no_load	5	6	0.565698722896	0.629917901014	6	1320	0	
264	0	26	step_1_no_load	1	2	2	98	
264	0	26	step_2_no_load	5	6	0.592410219737	0.640635035276	6	353	1	
264	0	27	step_1_no_load	1	2	2	318	
264	0	27	step_2_no_load	5	6	0.57860777711	0.642144756622	6	177	1	
264	0	28	step_1_no_load	1	2	2	375	
264	0	28	step_2_no_load	3	4	0.520177259699	0.553259388875	4	1050	1	
264	0	29	step_1_no_load	1	2	2	684	
264	0	29	step_2_no_load	5	6	0.606613029227	0.618626354124	6	835	0	
264	0	30	step_1_no_load	1	2	2	275	
264	0	30	step_2_no_load	3	4	0.4919199548	0.574272497114	4	797	1	
264	0	31	step_1_no_load	1	2	2	265	
264	0	31	step_2_no_load	5	6	0.636602545794	0.606122691795	6	62	0	
264	0	32	step_1_no_load	1	2	2	337	
264	0	32	step_2_no_load	5	6	0.634585171267	0.605616211083	5	499	1	
264	0	33	step_1_no_load	1	2	1	372	
264	0	33	step_2_no_load	5	6	0.611700032906	0.618000238621	5	561	0	
264	0	34	step_1_no_load	1	2	1	1	
264	0	34	step_2_no_load	3	4	0.454565258478	0.538523758058	3	1044	0	
264	0	35	step_1_no_load	1	2	1	490	
264	0	35	step_2_no_load	3	4	0.491437207585	0.594167768198	3	1017	0	
264	0	36	step_1_no_load	1	2	1	458	
264	0	36	step_2_no_load	3	4	0.513210053121	0.611274573488	3	903	0	
264	0	37	step_1_no_load	1	2	1	363	
264	0	37	step_2_no_load	3	4	0.543074626387	0.598446394142	4	567	0	
264	0	38	step_1_no_load	1	2	2	442	
264	0	38	step_2_no_load	5	6	0.539078491643	0.651263699161	6	553	1	
264	0	39	step_1_no_load	1	2	2	429	
264	0	39	step_2_no_load	5	6	0.557005857101	0.634483337633	5	616	0	
264	0	40	step_1_no_load	1	2	1	357	
264	0	40	step_2_no_load	5	6	0.580760785074	0.636994900683	6	1385	1	
264	0	41	step_1_no_load	1	2	2	562	
264	0	41	step_2_no_load	5	6	0.524862294848	0.633285941184	5	763	0	
264	0	42	step_1_no_load	1	2	2	405	
264	0	42	step_2_no_load	3	4	0.553461946234	0.609164606591	4	656	1	
264	0	43	step_1_no_load	1	2	2	475	
264	0	43	step_2_no_load	5	6	0.553703096215	0.581931546759	6	638	0	
264	0	44	step_1_no_load	1	2	1	393	
264	0	44	step_2_no_load	3	4	0.537842745081	0.611481438855	3	827	0	
264	0	45	step_1_no_load	1	2	1	429	
264	0	45	step_2_no_load	3	4	0.5288039409	0.632991467829	3	1104	1	
264	0	46	step_1_no_load	1	2	1	321	
264	0	46	step_2_no_load	3	4	0.532238720495	0.600964500555	3	1272	1	
264	0	47	step_1_no_load	1	2	2	759	
264	0	47	step_2_no_load	5	6	0.546259467838	0.634373567175	6	130	1	
264	0	48	step_1_no_load	1	2	2	611	
264	0	48	step_2_no_load	5	6	0.534690828011	0.657624935632	5	108	1	
264	0	49	step_1_no_load	1	2	2	500	
264	0	49	step_2_no_load	5	6	0.512405963374	0.614679490594	6	779	1	
264	0	50	step_1_no_load	1	2	1	367	
264	0	50	step_2_no_load	5	6	0.481616544184	0.593458480934	5	631	1	
264	0	51	step_1_no_load	1	2	2	267	
264	0	51	step_2_no_load	3	4	0.469943944943	0.564866799699	3	1046	1	
264	0	52	step_1_no_load	1	2	2	292	
264	0	52	step_2_no_load	5	6	0.513589895419	0.613408921915	6	651	1	
264	0	53	step_1_no_load	1	2	1	420	
264	0	53	step_2_no_load	3	4	0.451905460347	0.551457882502	3	726	1	
264	0	54	step_1_no_load	1	2	2	320	
264	0	54	step_2_no_load	3	4	0.491512498697	0.570223904064	4	504	1	
264	0	55	step_1_no_load	1	2	2	537	
264	0	55	step_2_no_load	5	6	0.526704292526	0.639840796975	6	723	1	
264	0	56	step_1_no_load	1	2	1	339	
264	0	56	step_2_no_load	3	4	0.459773408493	0.601856598146	3	633	0	
264	0	57	step_1_no_load	1	2	1	407	
264	0	57	step_2_no_load	3	4	0.466449077359	0.641849303307	3	555	0	
264	0	58	step_1_no_load	1	2	1	440	
264	0	58	step_2_no_load	3	4	0.478335218822	0.664682809182	3	560	1	
264	0	59	step_1_no_load	1	2	2	406	
264	0	59	step_2_no_load	3	4	0.480274332693	0.632500293208	4	564	1	
264	0	60	step_1_no_load	1	2	2	346	
264	0	60	step_2_no_load	5	6	0.479287247283	0.599559577859	6	418	1	
264	0	61	step_1_no_load	1	2	1	368	
264	0	61	step_2_no_load	5	6	0.527144452559	0.602879526975	5	366	0	
264	0	62	step_1_no_load	1	2	1	666	
264	0	62	step_2_no_load	5	6	0.533031417444	0.622820395113	5	560	1	
264	0	63	step_1_no_load	1	2	2	378	
264	0	63	step_2_no_load	5	6	0.519445130796	0.642623127313	6	670	1	
264	0	64	step_1_no_load	1	2	2	392	
264	0	64	step_2_no_load	5	6	0.533849886794	0.626149195169	6	495	0	
264	0	65	step_1_no_load	1	2	1	966	
264	0	65	step_2_no_load	3	4	0.569109504048	0.612660225018	3	260	0	
264	0	66	step_1_no_load	1	2	2	686	
264	0	66	step_2_no_load	3	4	0.573761869714	0.606938648072	3	1490	0	
264	0	67	step_1_no_load	1	2	2	556	
264	0	67	step_2_no_load	5	6	0.538279387614	0.674463681351	5	1240	0	
264	0	68	step_1_no_load	1	2	2	980	
264	0	68	step_2_no_load	5	6	0.523301545299	0.719455209845	6	677	1	
264	0	69	step_1_no_load	1	2	2	458	
264	0	69	step_2_no_load	3	4	0.499137600991	0.622221685203	4	569	1	
264	0	70	step_1_no_load	1	2	2	510	
264	0	70	step_2_no_load	3	4	0.498834901463	0.637556284465	4	604	0	
264	0	71	step_1_no_load	1	2	1	443	
264	0	71	step_2_no_load	3	4	0.482863323776	0.639174917797	3	466	0	
264	0	72	step_1_no_load	1	2	2	368	
264	0	72	step_2_no_load	3	4	0.47409116389	0.626024641967	3	1334	0	
264	0	73	step_1_no_load	1	2	2	598	
264	0	73	step_2_no_load	3	4	0.435957313805	0.657126403029	-1	-1	-1	
264	0	74	step_1_no_load	1	2	1	481	
264	0	74	step_2_no_load	5	6	0.491044983779	0.693624670847	5	627	0	
264	0	75	step_1_no_load	1	2	2	585	
264	0	75	step_2_no_load	3	4	0.44832280175	0.615552849174	3	1253	1	
264	0	76	step_1_no_load	1	2	2	483	
264	0	76	step_2_no_load	5	6	0.518881389358	0.690117652944	5	654	1	
264	0	77	step_1_no_load	1	2	2	873	
264	0	77	step_2_no_load	5	6	0.538119616568	0.679737625371	6	875	0	
264	0	78	step_1_no_load	1	2	2	596	
264	0	78	step_2_no_load	5	6	0.538654072849	0.647586191228	5	663	0	
264	0	79	step_1_no_load	1	2	1	804	
264	0	79	step_2_no_load	3	4	0.389124152368	0.513695512795	4	1158	0	
264	0	80	step_1_no_load	1	2	2	542	
264	0	80	step_2_no_load	5	6	0.49921021142	0.703969305517	5	946	0	
264	0	81	step_1_no_load	1	2	2	495	
264	0	81	step_2_no_load	5	6	0.494116554432	0.702400933084	6	630	1	
264	0	82	step_1_no_load	1	2	1	691	
264	0	82	step_2_no_load	3	4	0.395813831323	0.564729328387	3	600	0	
264	0	83	step_1_no_load	1	2	2	357	
264	0	83	step_2_no_load	5	6	0.483255412498	0.726885136842	5	590	1	
264	0	84	step_1_no_load	1	2	2	609	
264	0	84	step_2_no_load	5	6	0.505586222209	0.731466635793	5	1241	0	
264	0	85	step_1_no_load	1	2	2	394	
264	0	85	step_2_no_load	5	6	0.485785534744	0.712989604416	6	909	1	
264	0	86	step_1_no_load	1	2	2	718	
264	0	86	step_2_no_load	3	4	0.345323068124	0.691782850001	4	1002	1	
264	0	87	step_1_no_load	1	2	2	503	
264	0	87	step_2_no_load	5	6	0.493867001103	0.690012761069	6	471	0	
264	0	88	step_1_no_load	1	2	1	417	
264	0	88	step_2_no_load	3	4	0.377947492322	0.717410082358	4	1409	1	
264	0	89	step_1_no_load	1	2	1	582	
264	0	89	step_2_no_load	3	4	0.415882489686	0.690772436485	3	847	1	
264	0	90	step_1_no_load	1	2	2	511	
264	0	90	step_2_no_load	5	6	0.530126112124	0.688736868033	6	496	1	
264	0	91	step_1_no_load	1	2	2	472	
264	0	91	step_2_no_load	3	4	0.43534164751	0.685023809334	4	723	1	
264	0	92	step_1_no_load	1	2	1	566	
264	0	92	step_2_no_load	5	6	0.484260039873	0.679381608313	5	1044	1	
264	0	93	step_1_no_load	1	2	1	799	
264	0	93	step_2_no_load	3	4	0.439878153082	0.70415710998	3	582	0	
264	0	94	step_1_no_load	1	2	2	423	
264	0	94	step_2_no_load	5	6	0.468637558205	0.668295023896	5	1026	1	
264	0	95	step_1_no_load	1	2	2	494	
264	0	95	step_2_no_load	3	4	0.427150666411	0.715495469274	3	1007	1	
264	0	96	step_1_no_load	1	2	2	789	
264	0	96	step_2_no_load	5	6	0.437558890646	0.663095813561	5	827	0	
264	0	97	step_1_no_load	1	2	2	523	
264	0	97	step_2_no_load	3	4	0.392885664353	0.681272614291	3	1130	0	
264	0	98	step_1_no_load	1	2	2	489	
264	0	98	step_2_no_load	5	6	0.431479829356	0.646040060297	6	438	1	
264	0	99	step_1_no_load	1	2	1	812	
264	0	99	step_2_no_load	3	4	0.397561363605	0.673709850038	3	717	1	
264	0	100	step_1_no_load	1	2	1	412	
264	0	100	step_2_no_load	3	4	0.4333505304	0.666227451505	3	769	0	
264	0	101	step_1_no_load	1	2	1	451	
264	0	101	step_2_no_load	3	4	0.497432607584	0.623812401974	3	684	1	
264	0	102	step_1_no_load	1	2	1	889	
264	0	102	step_2_no_load	5	6	0.326080462175	0.663124617603	5	791	0	
264	0	103	step_1_no_load	1	2	1	555	
264	0	103	step_2_no_load	3	4	0.481975449893	0.663997796029	3	1095	1	
264	0	104	step_1_no_load	1	2	2	661	
264	0	104	step_2_no_load	3	4	0.521047445908	0.703870701136	4	658	1	
264	0	105	step_1_no_load	1	2	1	441	
264	0	105	step_2_no_load	3	4	0.514318365187	0.689135357059	3	748	0	
264	0	106	step_1_no_load	1	2	2	767	
264	0	106	step_2_no_load	3	4	0.508908032404	0.712883638252	4	958	1	
264	0	107	step_1_no_load	1	2	1	677	
264	0	107	step_2_no_load	3	4	0.565220528809	0.692607431435	3	532	1	
264	0	108	step_1_no_load	1	2	2	639	
264	0	108	step_2_no_load	5	6	0.388185708856	0.681491063126	5	1132	1	
264	0	109	step_1_no_load	1	2	2	478	
264	0	109	step_2_no_load	5	6	0.372328831887	0.68658494263	5	1212	0	
264	0	110	step_1_no_load	1	2	2	493	
264	0	110	step_2_no_load	3	4	0.432626681236	0.729599891941	3	826	1	
264	0	111	step_1_no_load	1	2	1	619	
264	0	111	step_2_no_load	3	4	0.384948378665	0.724852671171	3	910	0	
264	0	112	step_1_no_load	1	2	1	585	
264	0	112	step_2_no_load	3	4	0.392887565883	0.725701866094	3	457	1	
264	0	113	step_1_no_load	1	2	1	522	
264	0	113	step_2_no_load	3	4	0.370697120277	0.719324307956	3	926	0	
264	0	114	step_1_no_load	1	2	1	767	
264	0	114	step_2_no_load	3	4	0.380324086676	0.718213323791	3	778	1	
264	0	115	step_1_no_load	1	2	1	534	
264	0	115	step_2_no_load	3	4	0.390027643099	0.739704344621	4	1220	1	
264	0	116	step_1_no_load	1	2	1	482	
264	0	116	step_2_no_load	5	6	0.369438791876	0.680124293449	5	833	1	
264	0	117	step_1_no_load	1	2	1	689	
264	0	117	step_2_no_load	5	6	0.363056877927	0.671842537277	5	489	0	
264	0	118	step_1_no_load	1	2	2	514	
264	0	118	step_2_no_load	5	6	0.362977115924	0.690484235012	5	873	1	
264	0	119	step_1_no_load	1	2	2	977	
264	0	119	step_2_no_load	5	6	0.358243439099	0.661177321751	6	43	0	
264	0	120	step_1_no_load	1	2	2	649	
264	0	120	step_2_no_load	5	6	0.333809617664	0.666433355915	5	974	0	
264	0	121	step_1_no_load	1	2	1	420	
264	0	121	step_2_no_load	3	4	0.352721767208	0.658856304095	3	676	0	
264	0	122	step_1_no_load	1	2	1	574	
264	0	122	step_2_no_load	3	4	0.329624572119	0.6136886145	4	995	0	
264	0	123	step_1_no_load	1	2	1	419	
264	0	123	step_2_no_load	5	6	0.269780614928	0.664849878232	5	143	0	
264	0	124	step_1_no_load	1	2	2	499	
264	0	124	step_2_no_load	3	4	0.309430836661	0.603013298253	4	974	1	
264	0	125	step_1_no_load	1	2	1	574	
264	0	125	step_2_no_load	3	4	0.303110862715	0.559596800931	-1	-1	-1	
264	0	126	step_1_no_load	1	2	1	450	
264	0	126	step_2_no_load	3	4	0.300846667696	0.537863824328	3	478	1	
264	0	127	step_1_no_load	1	2	1	269	
264	0	127	step_2_no_load	3	4	0.274944938508	0.560824094575	3	495	0	
264	0	128	step_1_no_load	1	2	1	626	
264	0	128	step_2_no_load	3	4	0.250790232267	0.636905534066	4	688	1	
264	0	129	step_1_no_load	1	2	1	514	
264	0	129	step_2_no_load	5	6	0.268213321963	0.632682846317	6	27	1	
264	0	130	step_1_no_load	1	2	1	678	
264	0	130	step_2_no_load	3	4	0.274560758494	0.682031489739	3	998	1	
264	0	131	step_1_no_load	1	2	2	483	
264	0	131	step_2_no_load	5	6	0.281500842289	0.638450601212	5	971	1	
264	0	132	step_1_no_load	1	2	2	483	
264	0	132	step_2_no_load	5	6	0.27986961048	0.660013924697	6	441	1	
264	0	133	step_1_no_load	1	2	2	434	
264	0	133	step_2_no_load	5	6	0.315608831386	0.691649444281	6	549	0	
264	0	134	step_1_no_load	1	2	1	525	
264	0	134	step_2_no_load	3	4	0.302839427162	0.621945110858	-1	-1	-1	
264	0	135	step_1_no_load	1	2	1	553	
264	0	135	step_2_no_load	3	4	0.287118934166	0.593710006149	3	151	0	
264	0	136	step_1_no_load	1	2	1	0	
264	0	136	step_2_no_load	3	4	0.284521085726	0.597814413435	3	35	1	
264	0	137	step_1_no_load	1	2	2	467	
264	0	137	step_2_no_load	5	6	0.346433498467	0.668540846495	6	481	0	
264	0	138	step_1_no_load	1	2	2	584	
264	0	138	step_2_no_load	5	6	0.366701525561	0.688182193337	6	528	0	
264	0	139	step_1_no_load	1	2	1	420	
264	0	139	step_2_no_load	3	4	0.323660750961	0.636630981281	3	514	1	
264	0	140	step_1_no_load	1	2	1	438	
264	0	140	step_2_no_load	3	4	0.328174526491	0.671213945178	3	208	0	
264	0	141	step_1_no_load	1	2	1	558	
264	0	141	step_2_no_load	3	4	0.311809871418	0.711987889705	3	544	0	
264	0	142	step_1_no_load	1	2	2	550	
264	0	142	step_2_no_load	3	4	0.304203281606	0.690276058009	4	757	1	
264	0	143	step_1_no_load	1	2	2	723	
264	0	143	step_2_no_load	3	4	0.313516825296	0.661365099615	3	542	0	
264	0	144	step_1_no_load	1	2	2	410	
264	0	144	step_2_no_load	5	6	0.389234194056	0.639347300184	6	536	1	
264	0	145	step_1_no_load	1	2	1	476	
264	0	145	step_2_no_load	3	4	0.266265924094	0.6669125229	3	518	1	
264	0	146	step_1_no_load	1	2	2	419	
264	0	146	step_2_no_load	3	4	0.257861956214	0.681611991725	4	636	0	
264	0	147	step_1_no_load	1	2	1	432	
264	0	147	step_2_no_load	3	4	0.265578160642	0.647798886916	3	676	0	
264	0	148	step_1_no_load	1	2	1	700	
264	0	148	step_2_no_load	3	4	0.305288021243	0.619272702026	3	581	1	
264	0	149	step_1_no_load	1	2	1	516	
264	0	149	step_2_no_load	3	4	0.269951834184	0.601870110183	3	496	0	
264	0	150	step_1_no_load	1	2	1	766	
264	0	150	step_2_no_load	3	4	0.305587692243	0.575985663078	4	1042	1	
264	0	151	step_1_no_load	1	2	1	590	
264	0	151	step_2_no_load	5	6	0.310557101463	0.614159737668	5	1016	1	
264	0	152	step_1_no_load	1	2	2	481	
264	0	152	step_2_no_load	5	6	0.323194010514	0.644204174791	5	950	1	
264	0	153	step_1_no_load	1	2	2	399	
264	0	153	step_2_no_load	5	6	0.343622632154	0.681559292085	5	743	0	
264	0	154	step_1_no_load	1	2	2	338	
264	0	154	step_2_no_load	5	6	0.348349389262	0.671672162443	5	848	0	
264	0	155	step_1_no_load	1	2	2	553	
264	0	155	step_2_no_load	5	6	0.372188990474	0.716100930629	5	1158	1	
264	0	156	step_1_no_load	1	2	1	640	
264	0	156	step_2_no_load	3	4	0.32564867104	0.631048201903	4	1224	1	
264	0	157	step_1_no_load	1	2	2	984	
264	0	157	step_2_no_load	5	6	0.324728201487	0.720725456325	5	958	0	
264	0	158	step_1_no_load	1	2	1	619	
264	0	158	step_2_no_load	3	4	0.408728803896	0.532722108502	3	787	0	
264	0	159	step_1_no_load	1	2	2	403	
264	0	159	step_2_no_load	5	6	0.321150411254	0.697903160072	5	774	1	
264	0	160	step_1_no_load	1	2	2	579	
264	0	160	step_2_no_load	3	4	0.415052912783	0.521229931064	3	875	1	
264	0	161	step_1_no_load	1	2	1	584	
264	0	161	step_2_no_load	3	4	0.407025633682	0.516036498158	3	626	0	
264	0	162	step_1_no_load	1	2	2	1112	
264	0	162	step_2_no_load	3	4	0.3926701003	0.566496468084	4	169	0	
264	0	163	step_1_no_load	1	2	1	577	
264	0	163	step_2_no_load	3	4	0.395221309311	0.5863391277	3	890	0	
264	0	164	step_1_no_load	1	2	1	684	
264	0	164	step_2_no_load	3	4	0.432761720497	0.585961845322	3	729	0	
264	0	165	step_1_no_load	1	2	1	418	
264	0	165	step_2_no_load	3	4	0.463777557969	0.538026607649	3	626	0	
264	0	166	step_1_no_load	1	2	2	552	
264	0	166	step_2_no_load	5	6	0.356317216644	0.686594248975	5	913	1	
264	0	167	step_1_no_load	1	2	2	776	
264	0	167	step_2_no_load	5	6	0.331115714939	0.706271792549	5	715	0	
264	0	168	step_1_no_load	1	2	2	556	
264	0	168	step_2_no_load	5	6	0.335777599654	0.67192508984	6	992	1	
264	0	169	step_1_no_load	1	2	2	689	
264	0	169	step_2_no_load	5	6	0.365156560071	0.704981910944	5	920	0	
264	0	170	step_1_no_load	1	2	2	488	
264	0	170	step_2_no_load	3	4	0.411067820436	0.57151385403	3	861	0	
264	0	171	step_1_no_load	1	2	2	942	
264	0	171	step_2_no_load	5	6	0.425122034074	0.727248140829	5	812	1	
264	0	172	step_1_no_load	1	2	2	564	
264	0	172	step_2_no_load	5	6	0.490120307546	0.668669556875	5	834	0	
264	0	173	step_1_no_load	1	2	2	385	
264	0	173	step_2_no_load	5	6	0.462866379815	0.667027212577	6	468	0	
264	0	174	step_1_no_load	1	2	2	612	
264	0	174	step_2_no_load	5	6	0.46236234172	0.729877433725	5	751	1	
264	0	175	step_1_no_load	1	2	1	452	
264	0	175	step_2_no_load	5	6	0.484825491933	0.693968268443	5	737	1	
264	0	176	step_1_no_load	1	2	1	555	
264	0	176	step_2_no_load	3	4	0.383231572002	0.474046874473	3	714	1	
264	0	177	step_1_no_load	1	2	2	536	
264	0	177	step_2_no_load	3	4	0.357425668099	0.501268576771	4	695	0	
264	0	178	step_1_no_load	1	2	2	801	
264	0	178	step_2_no_load	3	4	0.36473828006	0.493712351915	3	881	1	
264	0	179	step_1_no_load	1	2	1	543	
264	0	179	step_2_no_load	5	6	0.493565996034	0.709345707515	5	1282	0	
264	0	180	step_1_no_load	1	2	2	503	
264	0	180	step_2_no_load	5	6	0.489345734128	0.719795072986	5	832	1	
264	0	181	step_1_no_load	1	2	2	358	
264	0	181	step_2_no_load	5	6	0.480141179559	0.746910336326	5	800	1	
264	0	182	step_1_no_load	1	2	1	621	
264	0	182	step_2_no_load	5	6	0.49907747228	0.72717560423	5	642	0	
264	0	183	step_1_no_load	1	2	2	1145	
264	0	183	step_2_no_load	5	6	0.492742497507	0.720388040749	5	805	0	
264	0	184	step_1_no_load	1	2	1	631	
264	0	184	step_2_no_load	3	4	0.362743255194	0.460890977786	3	723	1	
264	0	185	step_1_no_load	1	2	1	525	
264	0	185	step_2_no_load	3	4	0.362611152222	0.479703516092	3	682	0	
264	0	186	step_1_no_load	1	2	2	436	
264	0	186	step_2_no_load	5	6	0.484672582719	0.656308636836	5	997	0	
264	0	187	step_1_no_load	1	2	2	563	
264	0	187	step_2_no_load	3	4	0.328890769988	0.443962917772	3	851	0	
264	0	188	step_1_no_load	1	2	2	974	
264	0	188	step_2_no_load	3	4	0.291508050861	0.471319680586	3	743	0	
264	0	189	step_1_no_load	1	2	2	419	
264	0	189	step_2_no_load	5	6	0.534753756004	0.688353284054	5	180	1	
264	0	190	step_1_no_load	1	2	2	573	
264	0	190	step_2_no_load	5	6	0.505820429042	0.667655825994	5	732	0	
264	0	191	step_1_no_load	1	2	2	460	
264	0	191	step_2_no_load	5	6	0.512103523931	0.664271461991	5	775	0	
264	0	192	step_1_no_load	1	2	2	896	
264	0	192	step_2_no_load	5	6	0.493851022417	0.705517419189	5	742	1	
264	0	193	step_1_no_load	1	2	2	797	
264	0	193	step_2_no_load	5	6	0.504944704439	0.679792491164	5	886	1	
264	0	194	step_1_no_load	1	2	2	585	
264	0	194	step_2_no_load	5	6	0.505359594715	0.655261361454	5	586	1	
264	0	195	step_1_no_load	1	2	2	748	
264	0	195	step_2_no_load	5	6	0.494102184238	0.646280688878	5	571	0	
264	0	196	step_1_no_load	1	2	2	530	
264	0	196	step_2_no_load	5	6	0.496717662777	0.695101215304	5	715	1	
264	0	197	step_1_no_load	1	2	1	607	
264	0	197	step_2_no_load	5	6	0.47786945426	0.686552522522	5	54	0	
264	0	198	step_1_no_load	1	2	2	827	
264	0	198	step_2_no_load	3	4	0.303352625941	0.397292432346	3	813	1	
264	0	199	step_1_no_load	1	2	1	551	
264	0	199	step_2_no_load	3	4	0.292861528884	0.39793773834	3	831	1	
264	0	200	step_1_no_load	1	2	2	778	
264	0	200	step_2_no_load	3	4	0.299128796668	0.372436949782	3	1229	0	

Wed Aug 21 14:13:23 2019
