Fri Aug 23 14:55:34 2019	
265	0	1	step_1_no_load	1	2	-1	-1	
265	0	2	step_1_no_load	1	2	2	976	
265	0	2	step_2_no_load	5	6	0.533203491871	0.474613197709	-1	-1	-1	
265	0	3	step_1_no_load	1	2	1	788	
265	0	3	step_2_no_load	5	6	0.516002945397	0.476767372206	6	1107	1	
265	0	4	step_1_no_load	1	2	2	689	
265	0	4	step_2_no_load	3	4	0.597491569846	0.564086293706	4	1062	1	
265	0	5	step_1_no_load	1	2	2	762	
265	0	5	step_2_no_load	5	6	0.543908521457	0.495568760483	5	868	1	
265	0	6	step_1_no_load	1	2	2	1042	
265	0	6	step_2_no_load	3	4	0.585722686883	0.603642866427	3	767	1	
265	0	7	step_1_no_load	1	2	1	501	
265	0	7	step_2_no_load	3	4	0.568656746487	0.622642364361	3	751	1	
265	0	8	step_1_no_load	1	2	2	645	
265	0	8	step_2_no_load	5	6	0.499203529332	0.489816616396	5	1412	0	
265	0	9	step_1_no_load	1	2	2	648	
265	0	9	step_2_no_load	5	6	0.54429228266	0.496546708465	-1	-1	-1	
265	0	10	step_1_no_load	1	2	2	971	
265	0	10	step_2_no_load	5	6	0.576063520885	0.482364178155	5	1171	1	
265	0	11	step_1_no_load	1	2	2	862	
265	0	11	step_2_no_load	5	6	0.59022801242	0.477013315682	5	808	1	
265	0	12	step_1_no_load	1	2	1	530	
265	0	12	step_2_no_load	3	4	0.682786328054	0.552770607849	3	845	0	
265	0	13	step_1_no_load	1	2	2	520	
265	0	13	step_2_no_load	5	6	0.595790490356	0.52012981853	5	790	1	
265	0	14	step_1_no_load	1	2	2	601	
265	0	14	step_2_no_load	3	4	0.629137942344	0.545555696267	3	942	1	
265	0	15	step_1_no_load	1	2	1	541	
265	0	15	step_2_no_load	3	4	0.612260006668	0.570419113221	3	846	1	
265	0	16	step_1_no_load	1	2	1	970	
265	0	16	step_2_no_load	3	4	0.628091198119	0.553308964466	4	1335	1	
265	0	17	step_1_no_load	1	2	2	858	
265	0	17	step_2_no_load	5	6	0.643116883134	0.535958400205	5	945	1	
265	0	18	step_1_no_load	1	2	1	1499	
265	0	18	step_2_no_load	3	4	0.626834332012	0.553554620302	3	1063	0	
265	0	19	step_1_no_load	1	2	2	588	
265	0	19	step_2_no_load	3	4	0.619895761657	0.536502319591	3	728	1	
265	0	20	step_1_no_load	1	2	1	882	
265	0	20	step_2_no_load	3	4	0.636521555122	0.491720931314	3	1347	0	
265	0	21	step_1_no_load	1	2	2	934	
265	0	21	step_2_no_load	5	6	0.611328949295	0.49769376036	5	798	0	
265	0	22	step_1_no_load	1	2	1	438	
265	0	22	step_2_no_load	3	4	0.621949894727	0.468700882609	3	736	0	
265	0	23	step_1_no_load	1	2	2	533	
265	0	23	step_2_no_load	5	6	0.604065470975	0.520606588181	5	1029	1	
265	0	24	step_1_no_load	1	2	1	938	
265	0	24	step_2_no_load	5	6	0.5800912085	0.505388876622	5	1123	1	
265	0	25	step_1_no_load	1	2	1	1114	
265	0	25	step_2_no_load	5	6	0.629917901014	0.503316372362	-1	-1	-1	
265	0	26	step_1_no_load	1	2	1	553	
265	0	26	step_2_no_load	3	4	0.592410219737	0.532884212818	3	1014	0	
265	0	27	step_1_no_load	1	2	2	771	
265	0	27	step_2_no_load	5	6	0.642144756622	0.507272671939	5	1476	1	
265	0	28	step_1_no_load	1	2	-1	-1	
265	0	29	step_1_no_load	1	2	2	569	
265	0	29	step_2_no_load	5	6	0.618626354124	0.521159009103	5	791	1	
265	0	30	step_1_no_load	1	2	2	755	
265	0	30	step_2_no_load	5	6	0.610227092493	0.4919199548	5	920	1	
265	0	31	step_1_no_load	1	2	1	534	
265	0	31	step_2_no_load	3	4	0.636602545794	0.541819886458	3	1179	1	
265	0	32	step_1_no_load	1	2	2	696	
265	0	32	step_2_no_load	5	6	0.605616211083	0.520318771114	5	885	1	
265	0	33	step_1_no_load	1	2	1	1269	
265	0	33	step_2_no_load	3	4	0.611700032906	0.542309898544	3	1097	0	
265	0	34	step_1_no_load	1	2	1	568	
265	0	34	step_2_no_load	3	4	0.575802910074	0.538523758058	3	884	1	
265	0	35	step_1_no_load	1	2	2	1125	
265	0	35	step_2_no_load	5	6	0.649776015006	0.491437207585	5	1070	1	
265	0	36	step_1_no_load	1	2	2	956	
265	0	36	step_2_no_load	3	4	0.527635087561	0.611274573488	3	809	1	
265	0	37	step_1_no_load	1	2	2	708	
265	0	37	step_2_no_load	5	6	0.660658056664	0.543074626387	5	816	1	
265	0	38	step_1_no_load	1	2	2	610	
265	0	38	step_2_no_load	3	4	0.539078491643	0.595113730206	3	697	0	
265	0	39	step_1_no_load	1	2	2	662	
265	0	39	step_2_no_load	5	6	0.634483337633	0.578640235206	5	915	1	
265	0	40	step_1_no_load	1	2	2	1299	
265	0	40	step_2_no_load	5	6	0.636994900683	0.5691386571	5	884	1	
265	0	41	step_1_no_load	1	2	2	852	
265	0	41	step_2_no_load	5	6	0.633285941184	0.583829055298	5	1404	0	
265	0	42	step_1_no_load	1	2	2	884	
265	0	42	step_2_no_load	5	6	0.606696263624	0.553461946234	5	581	0	
265	0	43	step_1_no_load	1	2	2	696	
265	0	43	step_2_no_load	3	4	0.553703096215	0.612705031264	3	754	1	
265	0	44	step_1_no_load	1	2	2	622	
265	0	44	step_2_no_load	5	6	0.589653131867	0.537842745081	6	896	1	
265	0	45	step_1_no_load	1	2	2	870	
265	0	45	step_2_no_load	5	6	0.620699591043	0.5288039409	6	664	0	
265	0	46	step_1_no_load	1	2	2	773	
265	0	46	step_2_no_load	5	6	0.654261318712	0.532238720495	6	918	0	
265	0	47	step_1_no_load	1	2	2	564	
265	0	47	step_2_no_load	3	4	0.546259467838	0.598724660986	3	586	0	
265	0	48	step_1_no_load	1	2	-1	-1	
265	0	49	step_1_no_load	1	2	-1	-1	
265	0	50	step_1_no_load	1	2	2	574	
265	0	50	step_2_no_load	5	6	0.593458480934	0.47381367271	6	1241	1	
265	0	51	step_1_no_load	1	2	2	891	
265	0	51	step_2_no_load	5	6	0.613357430892	0.469943944943	6	832	1	
265	0	52	step_1_no_load	1	2	2	1	
265	0	52	step_2_no_load	5	6	0.613408921915	0.429622901875	6	827	1	
265	0	53	step_1_no_load	1	2	1	1174	
265	0	53	step_2_no_load	5	6	0.630956764252	0.451905460347	6	1484	0	
265	0	54	step_1_no_load	1	2	1	395	
265	0	54	step_2_no_load	3	4	0.493362545513	0.570223904064	3	788	1	
265	0	55	step_1_no_load	1	2	2	952	
265	0	55	step_2_no_load	3	4	0.526704292526	0.574045915747	3	764	0	
265	0	56	step_1_no_load	1	2	2	579	
265	0	56	step_2_no_load	5	6	0.60038825769	0.459773408493	6	774	1	
265	0	57	step_1_no_load	1	2	2	611	
265	0	57	step_2_no_load	5	6	0.586335094239	0.466449077359	6	623	0	
265	0	58	step_1_no_load	1	2	2	736	
265	0	58	step_2_no_load	5	6	0.610896130115	0.478335218822	6	898	0	
265	0	59	step_1_no_load	1	2	1	800	
265	0	59	step_2_no_load	3	4	0.537400760025	0.632500293208	4	972	1	
265	0	60	step_1_no_load	1	2	2	1041	
265	0	60	step_2_no_load	5	6	0.599559577859	0.491916707098	6	945	1	
265	0	61	step_1_no_load	1	2	2	687	
265	0	61	step_2_no_load	5	6	0.602879526975	0.464268875813	6	696	0	
265	0	62	step_1_no_load	1	2	2	1359	
265	0	62	step_2_no_load	3	4	0.533031417444	0.691137204746	4	1133	1	
265	0	63	step_1_no_load	1	2	2	737	
265	0	63	step_2_no_load	3	4	0.519445130796	0.664284493458	4	1106	0	
265	0	64	step_1_no_load	1	2	2	539	
265	0	64	step_2_no_load	5	6	0.626149195169	0.555062911513	6	989	0	
265	0	65	step_1_no_load	1	2	2	658	
265	0	65	step_2_no_load	3	4	0.517687993213	0.612660225018	4	748	1	
265	0	66	step_1_no_load	1	2	2	902	
265	0	66	step_2_no_load	5	6	0.630357351236	0.573761869714	-1	-1	-1	
265	0	67	step_1_no_load	1	2	2	881	
265	0	67	step_2_no_load	5	6	0.674463681351	0.542076810516	6	856	0	
265	0	68	step_1_no_load	1	2	1	809	
265	0	68	step_2_no_load	3	4	0.523301545299	0.622963076372	4	1167	1	
265	0	69	step_1_no_load	1	2	2	839	
265	0	69	step_2_no_load	5	6	0.718756538957	0.499137600991	6	1194	0	
265	0	70	step_1_no_load	1	2	2	809	
265	0	70	step_2_no_load	5	6	0.697741832068	0.498834901463	5	967	1	
265	0	71	step_1_no_load	1	2	2	1049	
265	0	71	step_2_no_load	3	4	0.546215110045	0.639174917797	-1	-1	-1	
265	0	72	step_1_no_load	1	2	2	584	
265	0	72	step_2_no_load	3	4	0.556486305476	0.626024641967	4	974	0	
265	0	73	step_1_no_load	1	2	1	434	
265	0	73	step_2_no_load	3	4	0.50185699984	0.657126403029	4	921	1	
265	0	74	step_1_no_load	1	2	2	562	
265	0	74	step_2_no_load	5	6	0.693624670847	0.453420386428	6	756	0	
265	0	75	step_1_no_load	1	2	2	558	
265	0	75	step_2_no_load	5	6	0.697629587097	0.44832280175	6	1032	0	
265	0	76	step_1_no_load	1	2	2	640	
265	0	76	step_2_no_load	5	6	0.690117652944	0.488583631821	5	786	0	
265	0	77	step_1_no_load	1	2	1	744	
265	0	77	step_2_no_load	3	4	0.538119616568	0.564257587118	4	965	0	
265	0	78	step_1_no_load	1	2	2	545	
265	0	78	step_2_no_load	5	6	0.647586191228	0.435911167612	6	754	0	
265	0	79	step_1_no_load	1	2	2	955	
265	0	79	step_2_no_load	3	4	0.540085062695	0.513695512795	4	1056	0	
265	0	80	step_1_no_load	1	2	2	763	
265	0	80	step_2_no_load	5	6	0.703969305517	0.396016175285	6	822	0	
265	0	81	step_1_no_load	1	2	2	690	
265	0	81	step_2_no_load	5	6	0.702400933084	0.419265522488	5	831	0	
265	0	82	step_1_no_load	1	2	2	708	
265	0	82	step_2_no_load	5	6	0.688340116885	0.395813831323	6	878	0	
265	0	83	step_1_no_load	1	2	2	738	
265	0	83	step_2_no_load	5	6	0.726885136842	0.382772464038	6	1143	0	
265	0	84	step_1_no_load	1	2	2	775	
265	0	84	step_2_no_load	5	6	0.731466635793	0.385087938645	5	785	1	
265	0	85	step_1_no_load	1	2	2	837	
265	0	85	step_2_no_load	5	6	0.712989604416	0.384458259121	6	906	0	
265	0	86	step_1_no_load	1	2	2	1020	
265	0	86	step_2_no_load	5	6	0.721207648497	0.345323068124	5	707	1	
265	0	87	step_1_no_load	1	2	2	866	
265	0	87	step_2_no_load	5	6	0.690012761069	0.40000499778	5	818	1	
265	0	88	step_1_no_load	1	2	2	498	
265	0	88	step_2_no_load	5	6	0.696773608304	0.377947492322	5	554	1	
265	0	89	step_1_no_load	1	2	2	704	
265	0	89	step_2_no_load	5	6	0.660112261017	0.415882489686	6	581	1	
265	0	90	step_1_no_load	1	2	2	892	
265	0	90	step_2_no_load	3	4	0.530126112124	0.712247848046	4	1142	1	
265	0	91	step_1_no_load	1	2	2	672	
265	0	91	step_2_no_load	5	6	0.657820521772	0.43534164751	6	550	0	
265	0	92	step_1_no_load	1	2	2	876	
265	0	92	step_2_no_load	3	4	0.484260039873	0.692406274724	3	581	1	
265	0	93	step_1_no_load	1	2	2	1051	
265	0	93	step_2_no_load	3	4	0.473273727684	0.70415710998	3	741	0	
265	0	94	step_1_no_load	1	2	2	588	
265	0	94	step_2_no_load	5	6	0.668295023896	0.429211756872	6	720	0	
265	0	95	step_1_no_load	1	2	2	850	
265	0	95	step_2_no_load	3	4	0.42505578884	0.715495469274	4	1013	0	
265	0	96	step_1_no_load	1	2	2	621	
265	0	96	step_2_no_load	5	6	0.663095813561	0.383038640121	5	1256	0	
265	0	97	step_1_no_load	1	2	2	740	
265	0	97	step_2_no_load	3	4	0.455601814112	0.681272614291	4	925	1	
265	0	98	step_1_no_load	1	2	2	921	
265	0	98	step_2_no_load	5	6	0.646040060297	0.409778171713	5	1206	1	
265	0	99	step_1_no_load	1	2	2	736	
265	0	99	step_2_no_load	3	4	0.375249961522	0.673709850038	4	1123	0	
265	0	100	step_1_no_load	1	2	2	637	
265	0	100	step_2_no_load	5	6	0.66579920021	0.4333505304	5	661	1	
265	0	101	step_1_no_load	1	2	2	781	
265	0	101	step_2_no_load	5	6	0.655903528958	0.497432607584	5	726	1	
265	0	102	step_1_no_load	1	2	2	785	
265	0	102	step_2_no_load	3	4	0.326080462175	0.666304534392	4	860	0	
265	0	103	step_1_no_load	1	2	2	607	
265	0	103	step_2_no_load	5	6	0.69058998368	0.481975449893	6	937	0	
265	0	104	step_1_no_load	1	2	2	759	
265	0	104	step_2_no_load	5	6	0.743372642809	0.521047445908	5	746	0	
265	0	105	step_1_no_load	1	2	2	622	
265	0	105	step_2_no_load	5	6	0.722851301692	0.514318365187	6	717	1	
265	0	106	step_1_no_load	1	2	2	693	
265	0	106	step_2_no_load	5	6	0.699623252899	0.508908032404	5	1135	1	
265	0	107	step_1_no_load	1	2	2	676	
265	0	107	step_2_no_load	5	6	0.677514185929	0.565220528809	5	923	1	
265	0	108	step_1_no_load	1	2	2	536	
265	0	108	step_2_no_load	3	4	0.388185708856	0.695928523711	4	1072	1	
265	0	109	step_1_no_load	1	2	2	642	
265	0	109	step_2_no_load	5	6	0.68658494263	0.479977531501	6	1165	1	
265	0	110	step_1_no_load	1	2	2	776	
265	0	110	step_2_no_load	5	6	0.65455226558	0.432626681236	5	595	0	
265	0	111	step_1_no_load	1	2	2	702	
265	0	111	step_2_no_load	3	4	0.407158158569	0.724852671171	3	585	0	
265	0	112	step_1_no_load	1	2	2	649	
265	0	112	step_2_no_load	3	4	0.413393106784	0.725701866094	4	1285	0	
265	0	113	step_1_no_load	1	2	2	603	
265	0	113	step_2_no_load	3	4	0.387112818105	0.719324307956	3	1037	0	
265	0	114	step_1_no_load	1	2	2	570	
265	0	114	step_2_no_load	5	6	0.657654904272	0.380324086676	5	797	1	
265	0	115	step_1_no_load	1	2	2	593	
265	0	115	step_2_no_load	3	4	0.357661171116	0.739704344621	-1	-1	-1	
265	0	116	step_1_no_load	1	2	2	554	
265	0	116	step_2_no_load	5	6	0.680124293449	0.378149844807	6	636	0	
265	0	117	step_1_no_load	1	2	2	684	
265	0	117	step_2_no_load	5	6	0.671842537277	0.374621793791	6	858	0	
265	0	118	step_1_no_load	1	2	2	559	
265	0	118	step_2_no_load	5	6	0.690484235012	0.357645851833	6	502	0	
265	0	119	step_1_no_load	1	2	2	480	
265	0	119	step_2_no_load	5	6	0.661177321751	0.357515098446	5	696	1	
265	0	120	step_1_no_load	1	2	2	703	
265	0	120	step_2_no_load	3	4	0.333809617664	0.70587238626	3	1366	0	
265	0	121	step_1_no_load	1	2	2	575	
265	0	121	step_2_no_load	5	6	0.671052306195	0.352721767208	6	776	0	
265	0	122	step_1_no_load	1	2	2	756	
265	0	122	step_2_no_load	5	6	0.672193618854	0.329624572119	5	790	1	
265	0	123	step_1_no_load	1	2	2	782	
265	0	123	step_2_no_load	3	4	0.269780614928	0.583607229978	4	1137	1	
265	0	124	step_1_no_load	1	2	2	766	
265	0	124	step_2_no_load	5	6	0.624161788269	0.309430836661	6	1197	0	
265	0	125	step_1_no_load	1	2	2	695	
265	0	125	step_2_no_load	5	6	0.633566302563	0.303110862715	5	743	0	
265	0	126	step_1_no_load	1	2	2	458	
265	0	126	step_2_no_load	5	6	0.600985760967	0.300846667696	5	596	0	
265	0	127	step_1_no_load	1	2	2	754	
265	0	127	step_2_no_load	5	6	0.646945556251	0.274944938508	6	569	0	
265	0	128	step_1_no_load	1	2	2	585	
265	0	128	step_2_no_load	5	6	0.620672334996	0.250790232267	5	880	0	
265	0	129	step_1_no_load	1	2	2	527	
265	0	129	step_2_no_load	5	6	0.632682846317	0.271709703542	6	747	0	
265	0	130	step_1_no_load	1	2	2	522	
265	0	130	step_2_no_load	3	4	0.267460866951	0.682031489739	3	582	0	
265	0	131	step_1_no_load	1	2	2	793	
265	0	131	step_2_no_load	3	4	0.281500842289	0.678044920845	4	1458	1	
265	0	132	step_1_no_load	1	2	2	897	
265	0	132	step_2_no_load	3	4	0.27986961048	0.668578020634	4	1026	1	
265	0	133	step_1_no_load	1	2	2	649	
265	0	133	step_2_no_load	5	6	0.691649444281	0.312642735495	6	1065	0	
265	0	134	step_1_no_load	1	2	2	680	
265	0	134	step_2_no_load	5	6	0.685529359147	0.302839427162	5	530	1	
265	0	135	step_1_no_load	1	2	2	876	
265	0	135	step_2_no_load	5	6	0.700779221781	0.287118934166	6	735	0	
265	0	136	step_1_no_load	1	2	2	748	
265	0	136	step_2_no_load	3	4	0.307766925452	0.597814413435	4	937	1	
265	0	137	step_1_no_load	1	2	2	575	
265	0	137	step_2_no_load	5	6	0.668540846495	0.325016613024	5	1097	0	
265	0	138	step_1_no_load	1	2	2	539	
265	0	138	step_2_no_load	3	4	0.366701525561	0.63240964674	4	590	1	
265	0	139	step_1_no_load	1	2	2	819	
265	0	139	step_2_no_load	3	4	0.325611400511	0.636630981281	4	1111	0	
265	0	140	step_1_no_load	1	2	2	525	
265	0	140	step_2_no_load	5	6	0.637682840728	0.328174526491	5	826	1	
265	0	141	step_1_no_load	1	2	2	515	
265	0	141	step_2_no_load	5	6	0.616803346728	0.311809871418	6	1016	0	
265	0	142	step_1_no_load	1	2	2	933	
265	0	142	step_2_no_load	3	4	0.397052682821	0.690276058009	4	1016	1	
265	0	143	step_1_no_load	1	2	2	647	
265	0	143	step_2_no_load	5	6	0.610219102298	0.313516825296	6	867	0	
265	0	144	step_1_no_load	1	2	2	572	
265	0	144	step_2_no_load	5	6	0.639347300184	0.275932517017	5	1236	0	
265	0	145	step_1_no_load	1	2	2	731	
265	0	145	step_2_no_load	5	6	0.606515632748	0.266265924094	6	671	0	
265	0	146	step_1_no_load	1	2	2	664	
265	0	146	step_2_no_load	3	4	0.320877500969	0.681611991725	4	1097	0	
265	0	147	step_1_no_load	1	2	2	544	
265	0	147	step_2_no_load	3	4	0.352879785946	0.647798886916	3	1160	0	
265	0	148	step_1_no_load	1	2	2	656	
265	0	148	step_2_no_load	5	6	0.648050021239	0.305288021243	6	907	0	
265	0	149	step_1_no_load	1	2	2	758	
265	0	149	step_2_no_load	5	6	0.623203869836	0.269951834184	5	658	0	
265	0	150	step_1_no_load	1	2	2	587	
265	0	150	step_2_no_load	5	6	0.605912419156	0.305587692243	6	603	0	
265	0	151	step_1_no_load	1	2	2	478	
265	0	151	step_2_no_load	5	6	0.614159737668	0.348172164421	5	665	1	
265	0	152	step_1_no_load	1	2	2	375	
265	0	152	step_2_no_load	3	4	0.323194010514	0.595108765344	3	947	0	
265	0	153	step_1_no_load	1	2	2	708	
265	0	153	step_2_no_load	5	6	0.681559292085	0.309356532263	6	981	0	
265	0	154	step_1_no_load	1	2	2	636	
265	0	154	step_2_no_load	3	4	0.348349389262	0.638934099562	4	1023	1	
265	0	155	step_1_no_load	1	2	2	713	
265	0	155	step_2_no_load	3	4	0.372188990474	0.632486591889	4	1355	1	
265	0	156	step_1_no_load	1	2	2	713	
265	0	156	step_2_no_load	5	6	0.734436160799	0.32564867104	5	1115	0	
265	0	157	step_1_no_load	1	2	2	452	
265	0	157	step_2_no_load	3	4	0.324728201487	0.585191807512	4	615	0	
265	0	158	step_1_no_load	1	2	2	773	
265	0	158	step_2_no_load	5	6	0.694270715354	0.408728803896	5	791	1	
265	0	159	step_1_no_load	1	2	2	678	
265	0	159	step_2_no_load	3	4	0.321150411254	0.541222065796	4	1171	0	
265	0	160	step_1_no_load	1	2	2	850	
265	0	160	step_2_no_load	3	4	0.355992626298	0.521229931064	3	839	1	
265	0	161	step_1_no_load	1	2	2	622	
265	0	161	step_2_no_load	5	6	0.719896286569	0.407025633682	6	1263	1	
265	0	162	step_1_no_load	1	2	2	856	
265	0	162	step_2_no_load	5	6	0.695144769903	0.3926701003	5	942	0	
265	0	163	step_1_no_load	1	2	2	565	
265	0	163	step_2_no_load	5	6	0.697095951435	0.395221309311	6	646	1	
265	0	164	step_1_no_load	1	2	2	595	
265	0	164	step_2_no_load	5	6	0.692137394606	0.432761720497	6	602	0	
265	0	165	step_1_no_load	1	2	2	511	
265	0	165	step_2_no_load	5	6	0.717506143195	0.463777557969	5	722	1	
265	0	166	step_1_no_load	1	2	2	510	
265	0	166	step_2_no_load	5	6	0.686594248975	0.422282731054	5	801	0	
265	0	167	step_1_no_load	1	2	2	470	
265	0	167	step_2_no_load	5	6	0.706271792549	0.38753671275	6	451	0	
265	0	168	step_1_no_load	1	2	2	2	
265	0	168	step_2_no_load	3	4	0.335777599654	0.613361520676	4	67	0	
265	0	169	step_1_no_load	1	2	2	139	
265	0	169	step_2_no_load	5	6	0.704981910944	0.42098542374	6	649	1	
265	0	170	step_1_no_load	1	2	2	506	
265	0	170	step_2_no_load	5	6	0.67334314737	0.411067820436	5	742	1	
265	0	171	step_1_no_load	1	2	2	733	
265	0	171	step_2_no_load	3	4	0.425122034074	0.553314431843	3	1213	0	
265	0	172	step_1_no_load	1	2	2	697	
265	0	172	step_2_no_load	5	6	0.668669556875	0.363617002148	6	1166	1	
265	0	173	step_1_no_load	1	2	2	700	
265	0	173	step_2_no_load	3	4	0.462866379815	0.484428109849	4	1070	1	
265	0	174	step_1_no_load	1	2	2	632	
265	0	174	step_2_no_load	5	6	0.729877433725	0.387867297446	5	776	1	
265	0	175	step_1_no_load	1	2	2	651	
265	0	175	step_2_no_load	5	6	0.693968268443	0.426185553904	6	854	1	
265	0	176	step_1_no_load	1	2	2	603	
265	0	176	step_2_no_load	5	6	0.679250000396	0.383231572002	6	938	0	
265	0	177	step_1_no_load	1	2	2	478	
265	0	177	step_2_no_load	5	6	0.714070205704	0.357425668099	5	724	1	
265	0	178	step_1_no_load	1	2	2	528	
265	0	178	step_2_no_load	3	4	0.49020858644	0.493712351915	4	1227	1	
265	0	179	step_1_no_load	1	2	2	648	
265	0	179	step_2_no_load	3	4	0.493565996034	0.457298770028	4	1076	1	
265	0	180	step_1_no_load	1	2	2	709	
265	0	180	step_2_no_load	3	4	0.489345734128	0.482853857291	-1	-1	-1	
265	0	181	step_1_no_load	1	2	2	593	
265	0	181	step_2_no_load	5	6	0.746910336326	0.342402764747	6	747	0	
265	0	182	step_1_no_load	1	2	2	653	
265	0	182	step_2_no_load	5	6	0.72717560423	0.340533666308	5	640	1	
265	0	183	step_1_no_load	1	2	2	597	
265	0	183	step_2_no_load	3	4	0.492742497507	0.502991759047	4	1172	0	
265	0	184	step_1_no_load	1	2	2	589	
265	0	184	step_2_no_load	5	6	0.657291439324	0.362743255194	5	739	0	
265	0	185	step_1_no_load	1	2	2	465	
265	0	185	step_2_no_load	3	4	0.482228039858	0.479703516092	4	697	1	
265	0	186	step_1_no_load	1	2	2	490	
265	0	186	step_2_no_load	5	6	0.656308636836	0.332733011923	5	491	1	
265	0	187	step_1_no_load	1	2	2	439	
265	0	187	step_2_no_load	5	6	0.678211978625	0.328890769988	5	652	0	
265	0	188	step_1_no_load	1	2	2	557	
265	0	188	step_2_no_load	5	6	0.696362660087	0.291508050861	6	476	0	
265	0	189	step_1_no_load	1	2	2	529	
265	0	189	step_2_no_load	3	4	0.534753756004	0.448897869069	4	1192	0	
265	0	190	step_1_no_load	1	2	2	544	
265	0	190	step_2_no_load	5	6	0.667655825994	0.304557739386	5	989	1	
265	0	191	step_1_no_load	1	2	2	562	
265	0	191	step_2_no_load	5	6	0.664271461991	0.318839908867	6	653	0	
265	0	192	step_1_no_load	1	2	2	594	
265	0	192	step_2_no_load	5	6	0.705517419189	0.299297135717	5	459	1	
265	0	193	step_1_no_load	1	2	2	784	
265	0	193	step_2_no_load	5	6	0.679792491164	0.321008037746	5	729	0	
265	0	194	step_1_no_load	1	2	2	566	
265	0	194	step_2_no_load	5	6	0.655261361454	0.342437174514	6	604	0	
265	0	195	step_1_no_load	1	2	2	637	
265	0	195	step_2_no_load	5	6	0.646280688878	0.348571348505	5	574	1	
265	0	196	step_1_no_load	1	2	2	138	
265	0	196	step_2_no_load	5	6	0.695101215304	0.365373286058	6	667	0	
265	0	197	step_1_no_load	1	2	2	891	
265	0	197	step_2_no_load	5	6	0.686552522522	0.316987700969	5	674	1	
265	0	198	step_1_no_load	1	2	2	478	
265	0	198	step_2_no_load	3	4	0.485065498391	0.397292432346	4	633	0	
265	0	199	step_1_no_load	1	2	2	693	
265	0	199	step_2_no_load	3	4	0.529438031858	0.39793773834	3	727	1	
265	0	200	step_1_no_load	1	2	2	505	
265	0	200	step_2_no_load	3	4	0.507902534353	0.372436949782	4	701	0	

Fri Aug 23 15:14:04 2019
