Mon Aug 26 15:24:34 2019	
266	0	1	step_1_no_load	1	2	1	1488	
266	0	1	step_2_no_load	3	4	0.511789129507	0.457620150462	4	1285	1	
266	0	2	step_1_no_load	1	2	1	426	
266	0	2	step_2_no_load	3	4	0.533203491871	0.474613197709	3	502	1	
266	0	3	step_1_no_load	1	2	2	670	
266	0	3	step_2_no_load	3	4	0.516002945397	0.476767372206	3	508	0	
266	0	4	step_1_no_load	1	2	2	780	
266	0	4	step_2_no_load	3	4	0.494597764192	0.478607661228	3	591	0	
266	0	5	step_1_no_load	1	2	1	392	
266	0	5	step_2_no_load	3	4	0.543908521457	0.495568760483	-1	-1	-1	
266	0	6	step_1_no_load	1	2	2	377	
266	0	6	step_2_no_load	5	6	0.603642866427	0.585722686883	-1	-1	-1	
266	0	7	step_1_no_load	1	2	2	460	
266	0	7	step_2_no_load	5	6	0.622642364361	0.568656746487	5	1226	1	
266	0	8	step_1_no_load	1	2	2	388	
266	0	8	step_2_no_load	3	4	0.499203529332	0.489816616396	3	653	1	
266	0	9	step_1_no_load	1	2	1	350	
266	0	9	step_2_no_load	5	6	0.641106877158	0.598049061473	6	446	1	
266	0	10	step_1_no_load	1	2	1	373	
266	0	10	step_2_no_load	5	6	0.636063269715	0.652626043146	-1	-1	-1	
266	0	11	step_1_no_load	1	2	1	433	
266	0	11	step_2_no_load	3	4	0.59022801242	0.477013315682	4	624	0	
266	0	12	step_1_no_load	1	2	1	395	
266	0	12	step_2_no_load	3	4	0.597131918027	0.48457206759	-1	-1	-1	
266	0	13	step_1_no_load	1	2	2	438	
266	0	13	step_2_no_load	3	4	0.595790490356	0.52012981853	-1	-1	-1	
266	0	14	step_1_no_load	1	2	2	350	
266	0	14	step_2_no_load	3	4	0.611256675753	0.491234392147	3	324	0	
266	0	15	step_1_no_load	1	2	2	243	
266	0	15	step_2_no_load	5	6	0.570419113221	0.612260006668	5	1273	1	
266	0	16	step_1_no_load	1	2	1	374	
266	0	16	step_2_no_load	3	4	0.626326396372	0.510958036527	3	497	0	
266	0	17	step_1_no_load	1	2	2	382	
266	0	17	step_2_no_load	5	6	0.562895132605	0.633350170016	6	940	1	
266	0	18	step_1_no_load	1	2	1	431	
266	0	18	step_2_no_load	3	4	0.626895526976	0.517514133912	3	497	0	
266	0	19	step_1_no_load	1	2	2	309	
266	0	19	step_2_no_load	5	6	0.536502319591	0.619895761657	6	551	1	
266	0	20	step_1_no_load	1	2	1	16	
266	0	20	step_2_no_load	3	4	0.60665343963	0.478025448397	3	524	0	
266	0	21	step_1_no_load	1	2	1	512	
266	0	21	step_2_no_load	3	4	0.611328949295	0.49769376036	4	570	1	
266	0	22	step_1_no_load	1	2	2	74	
266	0	22	step_2_no_load	5	6	0.468700882609	0.621949894727	6	49	0	
266	0	23	step_1_no_load	1	2	1	325	
266	0	23	step_2_no_load	3	4	0.604065470975	0.520606588181	4	426	1	
266	0	24	step_1_no_load	1	2	1	329	
266	0	24	step_2_no_load	5	6	0.503316199018	0.582115115688	6	385	1	
266	0	25	step_1_no_load	1	2	2	480	
266	0	25	step_2_no_load	3	4	0.629917901014	0.503316372362	4	541	0	
266	0	26	step_1_no_load	1	2	1	296	
266	0	26	step_2_no_load	3	4	0.640635035276	0.511744353778	4	441	0	
266	0	27	step_1_no_load	1	2	2	6	
266	0	27	step_2_no_load	5	6	0.54756089792	0.57860777711	5	80	1	
266	0	28	step_1_no_load	1	2	2	8	
266	0	28	step_2_no_load	5	6	0.553259388875	0.588356036098	6	268	1	
266	0	29	step_1_no_load	1	2	2	256	
266	0	29	step_2_no_load	5	6	0.561957580386	0.606613029227	6	600	1	
266	0	30	step_1_no_load	1	2	2	293	
266	0	30	step_2_no_load	5	6	0.574272497114	0.608245979832	5	552	0	
266	0	31	step_1_no_load	1	2	2	62	
266	0	31	step_2_no_load	3	4	0.606122691795	0.483156722265	3	347	1	
266	0	32	step_1_no_load	1	2	1	321	
266	0	32	step_2_no_load	3	4	0.605616211083	0.520318771114	4	584	1	
266	0	33	step_1_no_load	1	2	1	279	
266	0	33	step_2_no_load	3	4	0.618000238621	0.487664344039	4	512	0	
266	0	34	step_1_no_load	1	2	2	504	
266	0	34	step_2_no_load	5	6	0.538523758058	0.575802910074	6	740	1	
266	0	35	step_1_no_load	1	2	1	351	
266	0	35	step_2_no_load	3	4	0.649776015006	0.491437207585	4	752	1	
266	0	36	step_1_no_load	1	2	2	232	
266	0	36	step_2_no_load	5	6	0.611274573488	0.527635087561	5	638	0	
266	0	37	step_1_no_load	1	2	2	453	
266	0	37	step_2_no_load	3	4	0.660658056664	0.543074626387	3	502	0	
266	0	38	step_1_no_load	1	2	1	608	
266	0	38	step_2_no_load	3	4	0.651263699161	0.553931241266	4	1474	1	
266	0	39	step_1_no_load	1	2	-1	-1	
266	0	40	step_1_no_load	1	2	-1	-1	
266	0	41	step_1_no_load	1	2	1	1	
266	0	41	step_2_no_load	5	6	0.588857868869	0.524862294848	5	526	1	
266	0	42	step_1_no_load	1	2	2	250	
266	0	42	step_2_no_load	5	6	0.609164606591	0.533857158543	5	599	1	
266	0	43	step_1_no_load	1	2	2	264	
266	0	43	step_2_no_load	5	6	0.612705031264	0.553703096215	6	757	0	
266	0	44	step_1_no_load	1	2	1	268	
266	0	44	step_2_no_load	3	4	0.589653131867	0.537842745081	4	125	0	
266	0	45	step_1_no_load	1	2	1	377	
266	0	45	step_2_no_load	3	4	0.620699591043	0.5288039409	3	520	0	
266	0	46	step_1_no_load	1	2	1	297	
266	0	46	step_2_no_load	3	4	0.654261318712	0.532238720495	4	767	0	
266	0	47	step_1_no_load	1	2	2	315	
266	0	47	step_2_no_load	5	6	0.598724660986	0.546259467838	5	957	0	
266	0	48	step_1_no_load	1	2	1	367	
266	0	48	step_2_no_load	3	4	0.657624935632	0.488280685105	4	892	1	
266	0	49	step_1_no_load	1	2	1	433	
266	0	49	step_2_no_load	3	4	0.614679490594	0.489287375157	4	1004	1	
266	0	50	step_1_no_load	1	2	1	95	
266	0	50	step_2_no_load	3	4	0.593458480934	0.47381367271	4	1110	0	
266	0	51	step_1_no_load	1	2	1	140	
266	0	51	step_2_no_load	3	4	0.613357430892	0.469943944943	4	511	1	
266	0	52	step_1_no_load	1	2	1	402	
266	0	52	step_2_no_load	3	4	0.613408921915	0.429622901875	4	691	1	
266	0	53	step_1_no_load	1	2	1	0	
266	0	53	step_2_no_load	3	4	0.630956764252	0.451905460347	4	710	0	
266	0	54	step_1_no_load	1	2	2	640	
266	0	54	step_2_no_load	3	4	0.652515308527	0.491512498697	3	741	1	
266	0	55	step_1_no_load	1	2	2	501	
266	0	55	step_2_no_load	3	4	0.639840796975	0.487025527704	3	417	1	
266	0	56	step_1_no_load	1	2	2	455	
266	0	56	step_2_no_load	3	4	0.60038825769	0.459773408493	4	425	1	
266	0	57	step_1_no_load	1	2	2	412	
266	0	57	step_2_no_load	3	4	0.586335094239	0.466449077359	4	722	0	
266	0	58	step_1_no_load	1	2	2	348	
266	0	58	step_2_no_load	5	6	0.664682809182	0.528376440027	6	528	0	
266	0	59	step_1_no_load	1	2	2	494	
266	0	59	step_2_no_load	5	6	0.632500293208	0.537400760025	6	519	0	
266	0	60	step_1_no_load	1	2	1	348	
266	0	60	step_2_no_load	3	4	0.599559577859	0.491916707098	4	434	0	
266	0	61	step_1_no_load	1	2	2	650	
266	0	61	step_2_no_load	5	6	0.669587072502	0.527144452559	5	730	1	
266	0	62	step_1_no_load	1	2	2	389	
266	0	62	step_2_no_load	5	6	0.691137204746	0.533031417444	5	265	1	
266	0	63	step_1_no_load	1	2	2	330	
266	0	63	step_2_no_load	3	4	0.642623127313	0.53192660365	3	262	1	
266	0	64	step_1_no_load	1	2	2	289	
266	0	64	step_2_no_load	5	6	0.642369708469	0.533849886794	5	262	1	
266	0	65	step_1_no_load	1	2	2	346	
266	0	65	step_2_no_load	3	4	0.619953360065	0.569109504048	3	292	0	
266	0	66	step_1_no_load	1	2	2	556	
266	0	66	step_2_no_load	3	4	0.630357351236	0.573761869714	3	405	1	
266	0	67	step_1_no_load	1	2	2	428	
266	0	67	step_2_no_load	5	6	0.597650193897	0.538279387614	5	431	1	
266	0	68	step_1_no_load	1	2	-1	-1	
266	0	69	step_1_no_load	1	2	1	261	
266	0	69	step_2_no_load	3	4	0.718756538957	0.499137600991	4	786	1	
266	0	70	step_1_no_load	1	2	1	393	
266	0	70	step_2_no_load	5	6	0.637556284465	0.548075770764	6	857	0	
266	0	71	step_1_no_load	1	2	1	387	
266	0	71	step_2_no_load	5	6	0.639174917797	0.546215110045	6	627	0	
266	0	72	step_1_no_load	1	2	2	446	
266	0	72	step_2_no_load	5	6	0.626024641967	0.556486305476	5	523	1	
266	0	73	step_1_no_load	1	2	2	332	
266	0	73	step_2_no_load	5	6	0.657126403029	0.50185699984	6	389	0	
266	0	74	step_1_no_load	1	2	2	404	
266	0	74	step_2_no_load	5	6	0.614462146454	0.491044983779	5	531	1	
266	0	75	step_1_no_load	1	2	2	440	
266	0	75	step_2_no_load	5	6	0.615552849174	0.483983914712	5	403	0	
266	0	76	step_1_no_load	1	2	2	349	
266	0	76	step_2_no_load	5	6	0.62770291155	0.518881389358	5	407	0	
266	0	77	step_1_no_load	1	2	1	545	
266	0	77	step_2_no_load	5	6	0.564257587118	0.538119616568	6	435	0	
266	0	78	step_1_no_load	1	2	1	340	
266	0	78	step_2_no_load	3	4	0.647586191228	0.435911167612	3	278	1	
266	0	79	step_1_no_load	1	2	1	377	
266	0	79	step_2_no_load	3	4	0.647841624544	0.389124152368	3	543	1	
266	0	80	step_1_no_load	1	2	1	862	
266	0	80	step_2_no_load	3	4	0.703969305517	0.396016175285	3	453	1	
266	0	81	step_1_no_load	1	2	1	370	
266	0	81	step_2_no_load	5	6	0.529745690463	0.494116554432	5	331	1	
266	0	82	step_1_no_load	1	2	1	320	
266	0	82	step_2_no_load	3	4	0.688340116885	0.395813831323	3	353	0	
266	0	83	step_1_no_load	1	2	1	410	
266	0	83	step_2_no_load	5	6	0.607907985871	0.483255412498	6	481	0	
266	0	84	step_1_no_load	1	2	1	401	
266	0	84	step_2_no_load	3	4	0.731466635793	0.385087938645	3	661	0	
266	0	85	step_1_no_load	1	2	2	377	
266	0	85	step_2_no_load	3	4	0.712989604416	0.384458259121	4	642	0	
266	0	86	step_1_no_load	1	2	2	331	
266	0	86	step_2_no_load	5	6	0.691782850001	0.486462788728	5	391	1	
266	0	87	step_1_no_load	1	2	2	414	
266	0	87	step_2_no_load	5	6	0.719375344246	0.493867001103	5	330	1	
266	0	88	step_1_no_load	1	2	2	362	
266	0	88	step_2_no_load	5	6	0.717410082358	0.509563243675	5	362	0	
266	0	89	step_1_no_load	1	2	2	330	
266	0	89	step_2_no_load	3	4	0.660112261017	0.415882489686	3	420	1	
266	0	90	step_1_no_load	1	2	2	431	
266	0	90	step_2_no_load	5	6	0.712247848046	0.530126112124	5	360	1	
266	0	91	step_1_no_load	1	2	2	359	
266	0	91	step_2_no_load	3	4	0.657820521772	0.43534164751	3	369	1	
266	0	92	step_1_no_load	1	2	2	365	
266	0	92	step_2_no_load	5	6	0.692406274724	0.484260039873	5	431	1	
266	0	93	step_1_no_load	1	2	2	332	
266	0	93	step_2_no_load	5	6	0.70415710998	0.473273727684	5	471	0	
266	0	94	step_1_no_load	1	2	2	534	
266	0	94	step_2_no_load	3	4	0.668295023896	0.429211756872	4	570	1	
266	0	95	step_1_no_load	1	2	2	446	
266	0	95	step_2_no_load	5	6	0.715495469274	0.42505578884	6	506	0	
266	0	96	step_1_no_load	1	2	2	536	
266	0	96	step_2_no_load	3	4	0.663095813561	0.383038640121	4	394	1	
266	0	97	step_1_no_load	1	2	1	686	
266	0	97	step_2_no_load	3	4	0.651202057411	0.392885664353	4	413	0	
266	0	98	step_1_no_load	1	2	1	347	
266	0	98	step_2_no_load	5	6	0.70287861952	0.431479829356	5	322	1	
266	0	99	step_1_no_load	1	2	1	365	
266	0	99	step_2_no_load	3	4	0.645191748454	0.397561363605	3	322	1	
266	0	100	step_1_no_load	1	2	1	377	
266	0	100	step_2_no_load	3	4	0.66579920021	0.4333505304	3	345	1	
266	0	101	step_1_no_load	1	2	1	505	
266	0	101	step_2_no_load	3	4	0.655903528958	0.497432607584	3	369	1	
266	0	102	step_1_no_load	1	2	1	389	
266	0	102	step_2_no_load	3	4	0.663124617603	0.494584754513	3	443	0	
266	0	103	step_1_no_load	1	2	1	467	
266	0	103	step_2_no_load	3	4	0.69058998368	0.481975449893	4	407	1	
266	0	104	step_1_no_load	1	2	1	303	
266	0	104	step_2_no_load	3	4	0.743372642809	0.521047445908	3	314	0	
266	0	105	step_1_no_load	1	2	1	350	
266	0	105	step_2_no_load	3	4	0.722851301692	0.514318365187	4	358	0	
266	0	106	step_1_no_load	1	2	2	1202	
266	0	106	step_2_no_load	5	6	0.712883638252	0.374131494222	6	589	0	
266	0	107	step_1_no_load	1	2	2	350	
266	0	107	step_2_no_load	5	6	0.692607431435	0.388257337796	6	348	1	
266	0	108	step_1_no_load	1	2	2	324	
266	0	108	step_2_no_load	5	6	0.695928523711	0.388185708856	6	559	0	
266	0	109	step_1_no_load	1	2	2	423	
266	0	109	step_2_no_load	5	6	0.71632547018	0.372328831887	6	431	1	
266	0	110	step_1_no_load	1	2	2	357	
266	0	110	step_2_no_load	5	6	0.729599891941	0.395544455384	6	337	1	
266	0	111	step_1_no_load	1	2	2	319	
266	0	111	step_2_no_load	5	6	0.724852671171	0.407158158569	6	266	0	
266	0	112	step_1_no_load	1	2	1	286	
266	0	112	step_2_no_load	5	6	0.725701866094	0.413393106784	5	378	1	
266	0	113	step_1_no_load	1	2	1	327	
266	0	113	step_2_no_load	5	6	0.719324307956	0.387112818105	5	284	1	
266	0	114	step_1_no_load	1	2	1	351	
266	0	114	step_2_no_load	5	6	0.718213323791	0.384736699284	5	389	1	
266	0	115	step_1_no_load	1	2	1	400	
266	0	115	step_2_no_load	5	6	0.739704344621	0.357661171116	5	340	1	
266	0	116	step_1_no_load	1	2	1	333	
266	0	116	step_2_no_load	3	4	0.680124293449	0.378149844807	3	391	1	
266	0	117	step_1_no_load	1	2	1	326	
266	0	117	step_2_no_load	3	4	0.671842537277	0.374621793791	3	393	1	
266	0	118	step_1_no_load	1	2	1	479	
266	0	118	step_2_no_load	3	4	0.690484235012	0.357645851833	3	352	0	
266	0	119	step_1_no_load	1	2	2	383	
266	0	119	step_2_no_load	5	6	0.690424535099	0.358243439099	6	389	0	
266	0	120	step_1_no_load	1	2	2	316	
266	0	120	step_2_no_load	5	6	0.70587238626	0.333809617664	5	351	1	
266	0	121	step_1_no_load	1	2	2	394	
266	0	121	step_2_no_load	5	6	0.658856304095	0.310775244958	5	330	1	
266	0	122	step_1_no_load	1	2	2	854	
266	0	122	step_2_no_load	5	6	0.6136886145	0.266650857402	5	434	0	
266	0	123	step_1_no_load	1	2	2	664	
266	0	123	step_2_no_load	5	6	0.583607229978	0.269780614928	5	0	1	
266	0	124	step_1_no_load	1	2	2	424	
266	0	124	step_2_no_load	3	4	0.624161788269	0.309430836661	3	534	1	
266	0	125	step_1_no_load	1	2	2	313	
266	0	125	step_2_no_load	3	4	0.633566302563	0.303110862715	3	603	1	
266	0	126	step_1_no_load	1	2	2	493	
266	0	126	step_2_no_load	5	6	0.537863824328	0.267206368684	5	659	0	
266	0	127	step_1_no_load	1	2	1	301	
266	0	127	step_2_no_load	5	6	0.560824094575	0.273483952592	5	545	0	
266	0	128	step_1_no_load	1	2	1	336	
266	0	128	step_2_no_load	3	4	0.620672334996	0.250790232267	4	439	0	
266	0	129	step_1_no_load	1	2	1	435	
266	0	129	step_2_no_load	5	6	0.685297910719	0.268213321963	5	549	1	
266	0	130	step_1_no_load	1	2	1	315	
266	0	130	step_2_no_load	5	6	0.682031489739	0.267460866951	5	389	0	
266	0	131	step_1_no_load	1	2	1	339	
266	0	131	step_2_no_load	3	4	0.638450601212	0.311475039155	4	385	1	
266	0	132	step_1_no_load	1	2	1	322	
266	0	132	step_2_no_load	3	4	0.660013924697	0.315328810424	4	452	0	
266	0	133	step_1_no_load	1	2	2	315	
266	0	133	step_2_no_load	5	6	0.617383991623	0.315608831386	6	1215	0	
266	0	134	step_1_no_load	1	2	2	341	
266	0	134	step_2_no_load	5	6	0.621945110858	0.287393715313	5	842	1	
266	0	135	step_1_no_load	1	2	1	413	
266	0	135	step_2_no_load	3	4	0.700779221781	0.287118934166	3	446	1	
266	0	136	step_1_no_load	1	2	1	367	
266	0	136	step_2_no_load	3	4	0.674914008636	0.284521085726	3	523	1	
266	0	137	step_1_no_load	1	2	1	532	
266	0	137	step_2_no_load	3	4	0.668540846495	0.325016613024	3	381	1	
266	0	138	step_1_no_load	1	2	1	358	
266	0	138	step_2_no_load	3	4	0.688182193337	0.307694123906	3	391	1	
266	0	139	step_1_no_load	1	2	1	1	
266	0	139	step_2_no_load	3	4	0.696355985729	0.323660750961	4	632	0	
266	0	140	step_1_no_load	1	2	1	239	
266	0	140	step_2_no_load	5	6	0.671213945178	0.348740542008	5	287	0	
266	0	141	step_1_no_load	1	2	1	1	
266	0	141	step_2_no_load	3	4	0.616803346728	0.311809871418	3	398	1	
266	0	142	step_1_no_load	1	2	1	404	
266	0	142	step_2_no_load	3	4	0.627356259123	0.304203281606	3	382	1	
266	0	143	step_1_no_load	1	2	1	441	
266	0	143	step_2_no_load	3	4	0.610219102298	0.313516825296	3	325	0	
266	0	144	step_1_no_load	1	2	1	385	
266	0	144	step_2_no_load	3	4	0.639347300184	0.275932517017	3	335	1	
266	0	145	step_1_no_load	1	2	1	337	
266	0	145	step_2_no_load	3	4	0.606515632748	0.266265924094	3	2	1	
266	0	146	step_1_no_load	1	2	1	248	
266	0	146	step_2_no_load	5	6	0.681611991725	0.320877500969	5	231	0	
266	0	147	step_1_no_load	1	2	2	410	
266	0	147	step_2_no_load	3	4	0.594861186319	0.265578160642	4	377	0	
266	0	148	step_1_no_load	1	2	2	350	
266	0	148	step_2_no_load	3	4	0.648050021239	0.305288021243	3	358	1	
266	0	149	step_1_no_load	1	2	2	432	
266	0	149	step_2_no_load	3	4	0.623203869836	0.269951834184	4	396	0	
266	0	150	step_1_no_load	1	2	2	322	
266	0	150	step_2_no_load	3	4	0.605912419156	0.305587692243	3	402	1	
266	0	151	step_1_no_load	1	2	2	480	
266	0	151	step_2_no_load	3	4	0.614159737668	0.348172164421	3	292	0	
266	0	152	step_1_no_load	1	2	1	321	
266	0	152	step_2_no_load	3	4	0.644204174791	0.307702500543	3	809	1	
266	0	153	step_1_no_load	1	2	1	326	
266	0	153	step_2_no_load	3	4	0.681559292085	0.309356532263	3	337	1	
266	0	154	step_1_no_load	1	2	1	356	
266	0	154	step_2_no_load	5	6	0.638934099562	0.348349389262	5	386	1	
266	0	155	step_1_no_load	1	2	1	382	
266	0	155	step_2_no_load	3	4	0.716100930629	0.296093457977	3	282	1	
266	0	156	step_1_no_load	1	2	1	455	
266	0	156	step_2_no_load	3	4	0.734436160799	0.32564867104	3	343	0	
266	0	157	step_1_no_load	1	2	2	433	
266	0	157	step_2_no_load	5	6	0.585191807512	0.324728201487	5	261	0	
266	0	158	step_1_no_load	1	2	2	510	
266	0	158	step_2_no_load	5	6	0.532722108502	0.334595868098	6	323	0	
266	0	159	step_1_no_load	1	2	2	375	
266	0	159	step_2_no_load	5	6	0.541222065796	0.321150411254	6	325	1	
266	0	160	step_1_no_load	1	2	2	333	
266	0	160	step_2_no_load	3	4	0.710728171711	0.415052912783	4	222	0	
266	0	161	step_1_no_load	1	2	2	407	
266	0	161	step_2_no_load	5	6	0.516036498158	0.438878285506	5	259	1	
266	0	162	step_1_no_load	1	2	2	367	
266	0	162	step_2_no_load	3	4	0.695144769903	0.3926701003	3	1140	0	
266	0	163	step_1_no_load	1	2	1	346	
266	0	163	step_2_no_load	3	4	0.697095951435	0.395221309311	4	389	0	
266	0	164	step_1_no_load	1	2	1	301	
266	0	164	step_2_no_load	3	4	0.692137394606	0.432761720497	3	272	1	
266	0	165	step_1_no_load	1	2	1	443	
266	0	165	step_2_no_load	3	4	0.717506143195	0.463777557969	3	302	1	
266	0	166	step_1_no_load	1	2	1	323	
266	0	166	step_2_no_load	3	4	0.686594248975	0.422282731054	3	289	1	
266	0	167	step_1_no_load	1	2	1	472	
266	0	167	step_2_no_load	5	6	0.585131062446	0.331115714939	5	339	1	
266	0	168	step_1_no_load	1	2	1	390	
266	0	168	step_2_no_load	3	4	0.67192508984	0.400817642375	3	401	0	
266	0	169	step_1_no_load	1	2	1	768	
266	0	169	step_2_no_load	5	6	0.586049140041	0.365156560071	6	335	0	
266	0	170	step_1_no_load	1	2	2	545	
266	0	170	step_2_no_load	5	6	0.57151385403	0.364989630435	6	398	1	
266	0	171	step_1_no_load	1	2	2	439	
266	0	171	step_2_no_load	5	6	0.553314431843	0.425122034074	5	237	0	
266	0	172	step_1_no_load	1	2	2	323	
266	0	172	step_2_no_load	5	6	0.519090471457	0.490120307546	6	402	1	
266	0	173	step_1_no_load	1	2	2	403	
266	0	173	step_2_no_load	5	6	0.484428109849	0.462866379815	6	393	0	
266	0	174	step_1_no_load	1	2	2	308	
266	0	174	step_2_no_load	3	4	0.729877433725	0.387867297446	4	310	1	
266	0	175	step_1_no_load	1	2	2	426	
266	0	175	step_2_no_load	3	4	0.693968268443	0.426185553904	4	441	1	
266	0	176	step_1_no_load	1	2	2	365	
266	0	176	step_2_no_load	5	6	0.474046874473	0.500856457218	6	396	0	
266	0	177	step_1_no_load	1	2	2	342	
266	0	177	step_2_no_load	5	6	0.501268576771	0.4798184927	5	356	1	
266	0	178	step_1_no_load	1	2	1	355	
266	0	178	step_2_no_load	3	4	0.705993797498	0.36473828006	4	438	1	
266	0	179	step_1_no_load	1	2	1	399	
266	0	179	step_2_no_load	3	4	0.709345707515	0.324685418097	3	359	1	
266	0	180	step_1_no_load	1	2	1	307	
266	0	180	step_2_no_load	5	6	0.482853857291	0.489345734128	5	268	0	
266	0	181	step_1_no_load	1	2	1	351	
266	0	181	step_2_no_load	3	4	0.746910336326	0.342402764747	4	285	0	
266	0	182	step_1_no_load	1	2	2	278	
266	0	182	step_2_no_load	5	6	0.506773281362	0.49907747228	6	221	0	
266	0	183	step_1_no_load	1	2	1	380	
266	0	183	step_2_no_load	5	6	0.502991759047	0.492742497507	5	342	0	
266	0	184	step_1_no_load	1	2	1	420	
266	0	184	step_2_no_load	5	6	0.460890977786	0.480863422096	6	127	0	
266	0	185	step_1_no_load	1	2	2	324	
266	0	185	step_2_no_load	5	6	0.479703516092	0.482228039858	5	334	0	
266	0	186	step_1_no_load	1	2	1	422	
266	0	186	step_2_no_load	3	4	0.656308636836	0.332733011923	4	424	0	
266	0	187	step_1_no_load	1	2	2	398	
266	0	187	step_2_no_load	5	6	0.443962917772	0.498596507669	5	345	1	
266	0	188	step_1_no_load	1	2	2	416	
266	0	188	step_2_no_load	5	6	0.471319680586	0.548350535247	5	354	0	
266	0	189	step_1_no_load	1	2	2	344	
266	0	189	step_2_no_load	5	6	0.448897869069	0.534753756004	6	319	1	
266	0	190	step_1_no_load	1	2	2	312	
266	0	190	step_2_no_load	5	6	0.433568856946	0.505820429042	6	345	0	
266	0	191	step_1_no_load	1	2	2	381	
266	0	191	step_2_no_load	3	4	0.664271461991	0.318839908867	4	367	1	
266	0	192	step_1_no_load	1	2	2	306	
266	0	192	step_2_no_load	5	6	0.450791310283	0.493851022417	6	287	1	
266	0	193	step_1_no_load	1	2	2	336	
266	0	193	step_2_no_load	3	4	0.679792491164	0.321008037746	4	284	0	
266	0	194	step_1_no_load	1	2	2	540	
266	0	194	step_2_no_load	5	6	0.433250459893	0.505359594715	5	299	1	
266	0	195	step_1_no_load	1	2	2	321	
266	0	195	step_2_no_load	5	6	0.466795336969	0.494102184238	5	360	1	
266	0	196	step_1_no_load	1	2	2	394	
266	0	196	step_2_no_load	3	4	0.695101215304	0.365373286058	3	378	1	
266	0	197	step_1_no_load	1	2	2	757	
266	0	197	step_2_no_load	5	6	0.422511153127	0.47786945426	5	395	1	
266	0	198	step_1_no_load	1	2	2	275	
266	0	198	step_2_no_load	5	6	0.397292432346	0.485065498391	5	372	0	
266	0	199	step_1_no_load	1	2	1	400	
266	0	199	step_2_no_load	5	6	0.39793773834	0.529438031858	5	399	0	
266	0	200	step_1_no_load	1	2	1	322	
266	0	200	step_2_no_load	3	4	0.728996708473	0.299128796668	4	408	0	

Mon Aug 26 15:42:56 2019
