Tue Aug 27 14:59:16 2019	
267	0	1	step_1_no_load	1	2	1	921	
267	0	1	step_2_no_load	3	4	0.457620150462	0.594299910136	4	650	1	
267	0	2	step_1_no_load	1	2	1	680	
267	0	2	step_2_no_load	3	4	0.474613197709	0.610961032466	4	749	0	
267	0	3	step_1_no_load	1	2	1	7	
267	0	3	step_2_no_load	5	6	0.516002945397	0.584197065669	5	12	1	
267	0	4	step_1_no_load	1	2	1	343	
267	0	4	step_2_no_load	3	4	0.478607661228	0.564086293706	4	863	0	
267	0	5	step_1_no_load	1	2	1	403	
267	0	5	step_2_no_load	3	4	0.495568760483	0.576104915614	3	637	1	
267	0	6	step_1_no_load	1	2	1	337	
267	0	6	step_2_no_load	5	6	0.490454120702	0.585722686883	6	911	0	
267	0	7	step_1_no_load	1	2	1	358	
267	0	7	step_2_no_load	3	4	0.500071913476	0.622642364361	3	388	0	
267	0	8	step_1_no_load	1	2	1	281	
267	0	8	step_2_no_load	3	4	0.489816616396	0.624210374623	4	851	0	
267	0	9	step_1_no_load	1	2	1	1	
267	0	9	step_2_no_load	3	4	0.496546708465	0.641106877158	4	718	1	
267	0	10	step_1_no_load	1	2	1	463	
267	0	10	step_2_no_load	3	4	0.482364178155	0.636063269715	3	415	0	
267	0	11	step_1_no_load	1	2	1	411	
267	0	11	step_2_no_load	3	4	0.477013315682	0.609191465743	3	444	0	
267	0	12	step_1_no_load	1	2	1	325	
267	0	12	step_2_no_load	5	6	0.597131918027	0.682786328054	5	535	0	
267	0	13	step_1_no_load	1	2	1	432	
267	0	13	step_2_no_load	3	4	0.52012981853	0.558313135925	4	458	0	
267	0	14	step_1_no_load	1	2	2	432	
267	0	14	step_2_no_load	5	6	0.611256675753	0.629137942344	6	528	0	
267	0	15	step_1_no_load	1	2	2	356	
267	0	15	step_2_no_load	5	6	0.633564630036	0.612260006668	5	447	0	
267	0	16	step_1_no_load	1	2	2	417	
267	0	16	step_2_no_load	5	6	0.626326396372	0.628091198119	6	588	1	
267	0	17	step_1_no_load	1	2	2	413	
267	0	17	step_2_no_load	5	6	0.643116883134	0.633350170016	6	713	1	
267	0	18	step_1_no_load	1	2	1	383	
267	0	18	step_2_no_load	3	4	0.517514133912	0.553554620302	3	565	1	
267	0	19	step_1_no_load	1	2	1	337	
267	0	19	step_2_no_load	3	4	0.498240186199	0.536502319591	3	424	0	
267	0	20	step_1_no_load	1	2	2	345	
267	0	20	step_2_no_load	5	6	0.60665343963	0.636521555122	6	462	1	
267	0	21	step_1_no_load	1	2	2	313	
267	0	21	step_2_no_load	3	4	0.49769376036	0.470207377245	4	374	0	
267	0	22	step_1_no_load	1	2	2	345	
267	0	22	step_2_no_load	3	4	0.506100011497	0.468700882609	3	451	0	
267	0	23	step_1_no_load	1	2	1	277	
267	0	23	step_2_no_load	3	4	0.520606588181	0.513759772011	3	763	0	
267	0	24	step_1_no_load	1	2	1	381	
267	0	24	step_2_no_load	3	4	0.505388876622	0.503316199018	4	680	0	
267	0	25	step_1_no_load	1	2	1	374	
267	0	25	step_2_no_load	3	4	0.503316372362	0.503605105412	3	912	0	
267	0	26	step_1_no_load	1	2	1	400	
267	0	26	step_2_no_load	3	4	0.511744353778	0.532884212818	4	440	1	
267	0	27	step_1_no_load	1	2	1	1109	
267	0	27	step_2_no_load	3	4	0.507272671939	0.54756089792	3	436	1	
267	0	28	step_1_no_load	1	2	2	400	
267	0	28	step_2_no_load	5	6	0.647441527317	0.588356036098	6	447	1	
267	0	29	step_1_no_load	1	2	2	401	
267	0	29	step_2_no_load	5	6	0.618626354124	0.606613029227	5	398	1	
267	0	30	step_1_no_load	1	2	1	437	
267	0	30	step_2_no_load	5	6	0.610227092493	0.608245979832	5	370	1	
267	0	31	step_1_no_load	1	2	2	469	
267	0	31	step_2_no_load	5	6	0.606122691795	0.636602545794	6	435	0	
267	0	32	step_1_no_load	1	2	1	420	
267	0	32	step_2_no_load	3	4	0.520318771114	0.522993086096	3	603	0	
267	0	33	step_1_no_load	1	2	1	735	
267	0	33	step_2_no_load	3	4	0.487664344039	0.542309898544	3	548	1	
267	0	34	step_1_no_load	1	2	2	293	
267	0	34	step_2_no_load	5	6	0.670290552209	0.575802910074	6	444	0	
267	0	35	step_1_no_load	1	2	1	343	
267	0	35	step_2_no_load	5	6	0.649776015006	0.566827313385	6	347	1	
267	0	36	step_1_no_load	1	2	1	543	
267	0	36	step_2_no_load	3	4	0.513210053121	0.611274573488	4	503	1	
267	0	37	step_1_no_load	1	2	1	432	
267	0	37	step_2_no_load	3	4	0.543074626387	0.598446394142	4	413	0	
267	0	38	step_1_no_load	1	2	2	201	
267	0	38	step_2_no_load	5	6	0.651263699161	0.539078491643	6	462	0	
267	0	39	step_1_no_load	1	2	2	290	
267	0	39	step_2_no_load	5	6	0.634483337633	0.557005857101	5	435	1	
267	0	40	step_1_no_load	1	2	2	366	
267	0	40	step_2_no_load	3	4	0.5691386571	0.607992802154	3	469	0	
267	0	41	step_1_no_load	1	2	1	402	
267	0	41	step_2_no_load	3	4	0.583829055298	0.588857868869	4	413	0	
267	0	42	step_1_no_load	1	2	1	371	
267	0	42	step_2_no_load	3	4	0.553461946234	0.609164606591	3	643	0	
267	0	43	step_1_no_load	1	2	2	365	
267	0	43	step_2_no_load	3	4	0.548128010644	0.612705031264	3	766	1	
267	0	44	step_1_no_load	1	2	2	557	
267	0	44	step_2_no_load	5	6	0.589653131867	0.541854396676	5	635	1	
267	0	45	step_1_no_load	1	2	2	493	
267	0	45	step_2_no_load	5	6	0.620699591043	0.579346234508	5	606	1	
267	0	46	step_1_no_load	1	2	2	501	
267	0	46	step_2_no_load	5	6	0.654261318712	0.55511883717	5	683	1	
267	0	47	step_1_no_load	1	2	2	312	
267	0	47	step_2_no_load	5	6	0.634373567175	0.546259467838	5	499	0	
267	0	48	step_1_no_load	1	2	2	430	
267	0	48	step_2_no_load	5	6	0.657624935632	0.534690828011	6	604	0	
267	0	49	step_1_no_load	1	2	1	466	
267	0	49	step_2_no_load	3	4	0.489287375157	0.610193185592	3	371	0	
267	0	50	step_1_no_load	1	2	2	225	
267	0	50	step_2_no_load	3	4	0.47381367271	0.606862017918	3	919	1	
267	0	51	step_1_no_load	1	2	2	383	
267	0	51	step_2_no_load	5	6	0.613357430892	0.508197321577	5	382	1	
267	0	52	step_1_no_load	1	2	1	387	
267	0	52	step_2_no_load	3	4	0.429622901875	0.539065404057	4	536	1	
267	0	53	step_1_no_load	1	2	2	336	
267	0	53	step_2_no_load	5	6	0.630956764252	0.475342927439	5	368	1	
267	0	54	step_1_no_load	1	2	1	457	
267	0	54	step_2_no_load	3	4	0.491512498697	0.570223904064	4	468	0	
267	0	55	step_1_no_load	1	2	2	325	
267	0	55	step_2_no_load	5	6	0.639840796975	0.526704292526	5	561	0	
267	0	56	step_1_no_load	1	2	1	377	
267	0	56	step_2_no_load	3	4	0.459773408493	0.601856598146	4	370	0	
267	0	57	step_1_no_load	1	2	2	325	
267	0	57	step_2_no_load	5	6	0.586335094239	0.516475618243	5	386	0	
267	0	58	step_1_no_load	1	2	1	356	
267	0	58	step_2_no_load	3	4	0.478335218822	0.664682809182	4	385	0	
267	0	59	step_1_no_load	1	2	2	457	
267	0	59	step_2_no_load	5	6	0.608951267756	0.537400760025	6	574	1	
267	0	60	step_1_no_load	1	2	2	439	
267	0	60	step_2_no_load	5	6	0.599559577859	0.479287247283	5	411	1	
267	0	61	step_1_no_load	1	2	2	551	
267	0	61	step_2_no_load	5	6	0.602879526975	0.527144452559	5	352	0	
267	0	62	step_1_no_load	1	2	1	519	
267	0	62	step_2_no_load	3	4	0.50724109756	0.691137204746	4	396	1	
267	0	63	step_1_no_load	1	2	2	428	
267	0	63	step_2_no_load	3	4	0.53192660365	0.664284493458	3	391	0	
267	0	64	step_1_no_load	1	2	1	407	
267	0	64	step_2_no_load	3	4	0.555062911513	0.642369708469	4	594	1	
267	0	65	step_1_no_load	1	2	1	571	
267	0	65	step_2_no_load	5	6	0.619953360065	0.517687993213	5	872	0	
267	0	66	step_1_no_load	1	2	2	386	
267	0	66	step_2_no_load	3	4	0.573761869714	0.606938648072	3	410	1	
267	0	67	step_1_no_load	1	2	2	445	
267	0	67	step_2_no_load	5	6	0.674463681351	0.538279387614	5	564	1	
267	0	68	step_1_no_load	1	2	2	1068	
267	0	68	step_2_no_load	5	6	0.719455209845	0.523301545299	5	672	1	
267	0	69	step_1_no_load	1	2	1	1	
267	0	69	step_2_no_load	3	4	0.499137600991	0.622221685203	4	459	1	
267	0	70	step_1_no_load	1	2	2	469	
267	0	70	step_2_no_load	3	4	0.498834901463	0.637556284465	3	480	1	
267	0	71	step_1_no_load	1	2	2	420	
267	0	71	step_2_no_load	3	4	0.482863323776	0.639174917797	3	438	0	
267	0	72	step_1_no_load	1	2	2	391	
267	0	72	step_2_no_load	3	4	0.47409116389	0.626024641967	3	371	1	
267	0	73	step_1_no_load	1	2	2	329	
267	0	73	step_2_no_load	3	4	0.435957313805	0.657126403029	3	389	0	
267	0	74	step_1_no_load	1	2	1	369	
267	0	74	step_2_no_load	3	4	0.453420386428	0.614462146454	4	351	1	
267	0	75	step_1_no_load	1	2	2	1	
267	0	75	step_2_no_load	5	6	0.697629587097	0.483983914712	5	456	1	
267	0	76	step_1_no_load	1	2	2	367	
267	0	76	step_2_no_load	5	6	0.690117652944	0.518881389358	5	393	1	
267	0	77	step_1_no_load	1	2	1	326	
267	0	77	step_2_no_load	5	6	0.679737625371	0.538119616568	6	442	0	
267	0	78	step_1_no_load	1	2	2	423	
267	0	78	step_2_no_load	3	4	0.435911167612	0.536711448352	3	420	1	
267	0	79	step_1_no_load	1	2	1	365	
267	0	79	step_2_no_load	3	4	0.389124152368	0.513695512795	4	482	1	
267	0	80	step_1_no_load	1	2	2	382	
267	0	80	step_2_no_load	3	4	0.396016175285	0.518583383166	4	541	1	
267	0	81	step_1_no_load	1	2	2	323	
267	0	81	step_2_no_load	5	6	0.702400933084	0.494116554432	5	618	0	
267	0	82	step_1_no_load	1	2	2	310	
267	0	82	step_2_no_load	5	6	0.688340116885	0.482727017837	5	444	1	
267	0	83	step_1_no_load	1	2	2	341	
267	0	83	step_2_no_load	5	6	0.726885136842	0.483255412498	5	728	0	
267	0	84	step_1_no_load	1	2	2	371	
267	0	84	step_2_no_load	5	6	0.731466635793	0.505586222209	5	401	1	
267	0	85	step_1_no_load	1	2	2	406	
267	0	85	step_2_no_load	5	6	0.712989604416	0.485785534744	5	410	0	
267	0	86	step_1_no_load	1	2	1	398	
267	0	86	step_2_no_load	3	4	0.345323068124	0.691782850001	4	392	1	
267	0	87	step_1_no_load	1	2	2	498	
267	0	87	step_2_no_load	5	6	0.690012761069	0.493867001103	6	304	0	
267	0	88	step_1_no_load	1	2	2	415	
267	0	88	step_2_no_load	5	6	0.696773608304	0.509563243675	5	440	1	
267	0	89	step_1_no_load	1	2	1	326	
267	0	89	step_2_no_load	5	6	0.660112261017	0.490019385174	6	327	0	
267	0	90	step_1_no_load	1	2	2	440	
267	0	90	step_2_no_load	3	4	0.411459496853	0.712247848046	3	487	0	
267	0	91	step_1_no_load	1	2	1	351	
267	0	91	step_2_no_load	5	6	0.657820521772	0.479087223222	6	533	0	
267	0	92	step_1_no_load	1	2	2	349	
267	0	92	step_2_no_load	3	4	0.444368850664	0.692406274724	3	421	0	
267	0	93	step_1_no_load	1	2	1	404	
267	0	93	step_2_no_load	3	4	0.439878153082	0.70415710998	4	420	1	
267	0	94	step_1_no_load	1	2	2	470	
267	0	94	step_2_no_load	3	4	0.429211756872	0.719464414227	3	365	1	
267	0	95	step_1_no_load	1	2	1	347	
267	0	95	step_2_no_load	3	4	0.427150666411	0.715495469274	4	392	0	
267	0	96	step_1_no_load	1	2	2	387	
267	0	96	step_2_no_load	5	6	0.663095813561	0.437558890646	5	342	1	
267	0	97	step_1_no_load	1	2	1	419	
267	0	97	step_2_no_load	3	4	0.392885664353	0.681272614291	3	310	1	
267	0	98	step_1_no_load	1	2	1	411	
267	0	98	step_2_no_load	5	6	0.646040060297	0.431479829356	6	655	1	
267	0	99	step_1_no_load	1	2	1	396	
267	0	99	step_2_no_load	3	4	0.397561363605	0.673709850038	3	482	0	
267	0	100	step_1_no_load	1	2	1	385	
267	0	100	step_2_no_load	3	4	0.4333505304	0.666227451505	4	462	1	
267	0	101	step_1_no_load	1	2	1	370	
267	0	101	step_2_no_load	5	6	0.655903528958	0.366879421891	6	541	0	
267	0	102	step_1_no_load	1	2	2	246	
267	0	102	step_2_no_load	3	4	0.494584754513	0.666304534392	3	586	0	
267	0	103	step_1_no_load	1	2	2	601	
267	0	103	step_2_no_load	5	6	0.69058998368	0.322834495838	5	1042	1	
267	0	104	step_1_no_load	1	2	1	310	
267	0	104	step_2_no_load	5	6	0.743372642809	0.303696146503	6	529	0	
267	0	105	step_1_no_load	1	2	2	364	
267	0	105	step_2_no_load	3	4	0.514318365187	0.689135357059	3	390	1	
267	0	106	step_1_no_load	1	2	1	482	
267	0	106	step_2_no_load	3	4	0.508908032404	0.712883638252	4	487	1	
267	0	107	step_1_no_load	1	2	2	435	
267	0	107	step_2_no_load	5	6	0.677514185929	0.388257337796	5	454	1	
267	0	108	step_1_no_load	1	2	1	335	
267	0	108	step_2_no_load	5	6	0.681491063126	0.388185708856	6	345	1	
267	0	109	step_1_no_load	1	2	2	318	
267	0	109	step_2_no_load	3	4	0.479977531501	0.71632547018	3	363	0	
267	0	110	step_1_no_load	1	2	1	289	
267	0	110	step_2_no_load	3	4	0.432626681236	0.729599891941	4	386	1	
267	0	111	step_1_no_load	1	2	2	360	
267	0	111	step_2_no_load	5	6	0.634599547742	0.407158158569	5	388	0	
267	0	112	step_1_no_load	1	2	1	1	
267	0	112	step_2_no_load	3	4	0.392887565883	0.725701866094	4	398	1	
267	0	113	step_1_no_load	1	2	1	757	
267	0	113	step_2_no_load	3	4	0.370697120277	0.719324307956	4	445	0	
267	0	114	step_1_no_load	1	2	2	384	
267	0	114	step_2_no_load	3	4	0.380324086676	0.718213323791	3	307	1	
267	0	115	step_1_no_load	1	2	1	437	
267	0	115	step_2_no_load	5	6	0.645721217949	0.357661171116	6	403	1	
267	0	116	step_1_no_load	1	2	1	344	
267	0	116	step_2_no_load	5	6	0.680124293449	0.369438791876	6	336	0	
267	0	117	step_1_no_load	1	2	2	402	
267	0	117	step_2_no_load	5	6	0.671842537277	0.363056877927	5	399	0	
267	0	118	step_1_no_load	1	2	2	324	
267	0	118	step_2_no_load	3	4	0.357645851833	0.740051715856	3	403	0	
267	0	119	step_1_no_load	1	2	1	388	
267	0	119	step_2_no_load	5	6	0.661177321751	0.358243439099	6	404	0	
267	0	120	step_1_no_load	1	2	2	409	
267	0	120	step_2_no_load	5	6	0.666433355915	0.333809617664	6	501	0	
267	0	121	step_1_no_load	1	2	2	427	
267	0	121	step_2_no_load	5	6	0.671052306195	0.310775244958	5	500	0	
267	0	122	step_1_no_load	1	2	1	410	
267	0	122	step_2_no_load	3	4	0.329624572119	0.6136886145	4	457	0	
267	0	123	step_1_no_load	1	2	2	417	
267	0	123	step_2_no_load	3	4	0.337526896345	0.583607229978	3	260	1	
267	0	124	step_1_no_load	1	2	1	880	
267	0	124	step_2_no_load	3	4	0.309430836661	0.603013298253	3	351	0	
267	0	125	step_1_no_load	1	2	2	447	
267	0	125	step_2_no_load	5	6	0.633566302563	0.290374841566	5	455	1	
267	0	126	step_1_no_load	1	2	2	777	
267	0	126	step_2_no_load	5	6	0.600985760967	0.267206368684	6	521	0	
267	0	127	step_1_no_load	1	2	2	482	
267	0	127	step_2_no_load	3	4	0.274944938508	0.560824094575	3	426	0	
267	0	128	step_1_no_load	1	2	1	363	
267	0	128	step_2_no_load	3	4	0.250790232267	0.636905534066	4	338	0	
267	0	129	step_1_no_load	1	2	2	460	
267	0	129	step_2_no_load	5	6	0.632682846317	0.268213321963	5	19	1	
267	0	130	step_1_no_load	1	2	1	314	
267	0	130	step_2_no_load	5	6	0.630285316669	0.267460866951	6	1129	0	
267	0	131	step_1_no_load	1	2	1	442	
267	0	131	step_2_no_load	3	4	0.311475039155	0.678044920845	3	867	0	
267	0	132	step_1_no_load	1	2	1	349	
267	0	132	step_2_no_load	3	4	0.315328810424	0.668578020634	4	969	1	
267	0	133	step_1_no_load	1	2	1	584	
267	0	133	step_2_no_load	3	4	0.312642735495	0.617383991623	4	864	1	
267	0	134	step_1_no_load	1	2	1	371	
267	0	134	step_2_no_load	3	4	0.302839427162	0.621945110858	4	575	0	
267	0	135	step_1_no_load	1	2	2	607	
267	0	135	step_2_no_load	5	6	0.700779221781	0.300079459047	5	380	0	
267	0	136	step_1_no_load	1	2	1	464	
267	0	136	step_2_no_load	3	4	0.284521085726	0.597814413435	4	596	1	
267	0	137	step_1_no_load	1	2	1	478	
267	0	137	step_2_no_load	5	6	0.668540846495	0.346433498467	5	876	1	
267	0	138	step_1_no_load	1	2	1	455	
267	0	138	step_2_no_load	3	4	0.307694123906	0.63240964674	4	611	1	
267	0	139	step_1_no_load	1	2	1	385	
267	0	139	step_2_no_load	3	4	0.323660750961	0.636630981281	3	1115	0	
267	0	140	step_1_no_load	1	2	1	590	
267	0	140	step_2_no_load	5	6	0.637682840728	0.348740542008	5	989	1	
267	0	141	step_1_no_load	1	2	2	451	
267	0	141	step_2_no_load	5	6	0.616803346728	0.390227133375	5	828	0	
267	0	142	step_1_no_load	1	2	1	483	
267	0	142	step_2_no_load	5	6	0.627356259123	0.397052682821	5	850	1	
267	0	143	step_1_no_load	1	2	2	555	
267	0	143	step_2_no_load	5	6	0.610219102298	0.410970957547	6	1443	1	
267	0	144	step_1_no_load	1	2	1	551	
267	0	144	step_2_no_load	3	4	0.275932517017	0.626443722248	4	1167	0	
267	0	145	step_1_no_load	1	2	1	549	
267	0	145	step_2_no_load	5	6	0.606515632748	0.355256413269	5	1176	1	
267	0	146	step_1_no_load	1	2	1	552	
267	0	146	step_2_no_load	3	4	0.257861956214	0.681611991725	4	1041	0	
267	0	147	step_1_no_load	1	2	1	523	
267	0	147	step_2_no_load	3	4	0.265578160642	0.647798886916	3	878	0	
267	0	148	step_1_no_load	1	2	1	331	
267	0	148	step_2_no_load	5	6	0.648050021239	0.311162711725	6	1006	0	
267	0	149	step_1_no_load	1	2	1	313	
267	0	149	step_2_no_load	3	4	0.269951834184	0.601870110183	4	1197	0	
267	0	150	step_1_no_load	1	2	1	285	
267	0	150	step_2_no_load	5	6	0.605912419156	0.306860041627	5	455	1	
267	0	151	step_1_no_load	1	2	1	361	
267	0	151	step_2_no_load	5	6	0.614159737668	0.310557101463	5	736	1	
267	0	152	step_1_no_load	1	2	1	419	
267	0	152	step_2_no_load	3	4	0.307702500543	0.595108765344	4	894	1	
267	0	153	step_1_no_load	1	2	1	351	
267	0	153	step_2_no_load	5	6	0.681559292085	0.343622632154	5	586	1	
267	0	154	step_1_no_load	1	2	1	513	
267	0	154	step_2_no_load	3	4	0.316375537537	0.638934099562	4	542	1	
267	0	155	step_1_no_load	1	2	1	327	
267	0	155	step_2_no_load	3	4	0.296093457977	0.632486591889	3	510	1	
267	0	156	step_1_no_load	1	2	1	345	
267	0	156	step_2_no_load	3	4	0.32564867104	0.631048201903	4	439	1	
267	0	157	step_1_no_load	1	2	2	397	
267	0	157	step_2_no_load	5	6	0.720725456325	0.324728201487	5	389	1	
267	0	158	step_1_no_load	1	2	1	349	
267	0	158	step_2_no_load	5	6	0.694270715354	0.334595868098	6	422	0	
267	0	159	step_1_no_load	1	2	2	279	
267	0	159	step_2_no_load	5	6	0.697903160072	0.321150411254	5	420	1	
267	0	160	step_1_no_load	1	2	1	561	
267	0	160	step_2_no_load	3	4	0.415052912783	0.521229931064	4	552	1	
267	0	161	step_1_no_load	1	2	2	407	
267	0	161	step_2_no_load	5	6	0.719896286569	0.438878285506	5	344	1	
267	0	162	step_1_no_load	1	2	1	390	
267	0	162	step_2_no_load	3	4	0.3926701003	0.566496468084	4	459	0	
267	0	163	step_1_no_load	1	2	2	351	
267	0	163	step_2_no_load	5	6	0.697095951435	0.430920885959	5	452	1	
267	0	164	step_1_no_load	1	2	1	746	
267	0	164	step_2_no_load	5	6	0.692137394606	0.430844125626	6	647	0	
267	0	165	step_1_no_load	1	2	1	555	
267	0	165	step_2_no_load	3	4	0.463777557969	0.538026607649	4	1017	1	
267	0	166	step_1_no_load	1	2	1	414	
267	0	166	step_2_no_load	3	4	0.422282731054	0.549095060025	3	778	0	
267	0	167	step_1_no_load	1	2	1	378	
267	0	167	step_2_no_load	3	4	0.38753671275	0.585131062446	4	548	1	
267	0	168	step_1_no_load	1	2	1	391	
267	0	168	step_2_no_load	3	4	0.400817642375	0.613361520676	4	848	1	
267	0	169	step_1_no_load	1	2	1	333	
267	0	169	step_2_no_load	3	4	0.42098542374	0.586049140041	4	992	0	
267	0	170	step_1_no_load	1	2	1	280	
267	0	170	step_2_no_load	5	6	0.67334314737	0.364989630435	5	1104	1	
267	0	171	step_1_no_load	1	2	1	340	
267	0	171	step_2_no_load	3	4	0.386979310814	0.553314431843	4	943	1	
267	0	172	step_1_no_load	1	2	1	325	
267	0	172	step_2_no_load	5	6	0.668669556875	0.490120307546	5	906	1	
267	0	173	step_1_no_load	1	2	1	340	
267	0	173	step_2_no_load	5	6	0.667027212577	0.462866379815	5	678	1	
267	0	174	step_1_no_load	1	2	1	445	
267	0	174	step_2_no_load	3	4	0.387867297446	0.472729524832	4	847	1	
267	0	175	step_1_no_load	1	2	1	321	
267	0	175	step_2_no_load	5	6	0.693968268443	0.484825491933	6	418	1	
267	0	176	step_1_no_load	1	2	1	545	
267	0	176	step_2_no_load	5	6	0.679250000396	0.500856457218	6	493	0	
267	0	177	step_1_no_load	1	2	1	378	
267	0	177	step_2_no_load	3	4	0.357425668099	0.501268576771	3	469	1	
267	0	178	step_1_no_load	1	2	1	414	
267	0	178	step_2_no_load	3	4	0.36473828006	0.493712351915	4	491	0	
267	0	179	step_1_no_load	1	2	1	369	
267	0	179	step_2_no_load	3	4	0.324685418097	0.457298770028	3	427	1	
267	0	180	step_1_no_load	1	2	1	256	
267	0	180	step_2_no_load	3	4	0.341214611607	0.482853857291	4	914	0	
267	0	181	step_1_no_load	1	2	1	648	
267	0	181	step_2_no_load	3	4	0.342402764747	0.508735114046	4	538	1	
267	0	182	step_1_no_load	1	2	1	533	
267	0	182	step_2_no_load	3	4	0.340533666308	0.506773281362	4	584	1	
267	0	183	step_1_no_load	1	2	1	333	
267	0	183	step_2_no_load	3	4	0.350175837802	0.502991759047	3	544	1	
267	0	184	step_1_no_load	1	2	1	338	
267	0	184	step_2_no_load	3	4	0.362743255194	0.460890977786	4	581	1	
267	0	185	step_1_no_load	1	2	1	330	
267	0	185	step_2_no_load	3	4	0.362611152222	0.479703516092	3	492	0	
267	0	186	step_1_no_load	1	2	1	151	
267	0	186	step_2_no_load	3	4	0.332733011923	0.46870859828	4	416	0	
267	0	187	step_1_no_load	1	2	1	0	
267	0	187	step_2_no_load	5	6	0.678211978625	0.498596507669	5	621	0	
267	0	188	step_1_no_load	1	2	1	495	
267	0	188	step_2_no_load	5	6	0.696362660087	0.548350535247	6	563	1	
267	0	189	step_1_no_load	1	2	1	542	
267	0	189	step_2_no_load	5	6	0.688353284054	0.534753756004	6	447	1	
267	0	190	step_1_no_load	1	2	1	333	
267	0	190	step_2_no_load	3	4	0.304557739386	0.433568856946	4	416	1	
267	0	191	step_1_no_load	1	2	1	387	
267	0	191	step_2_no_load	3	4	0.318839908867	0.435748387321	4	334	1	
267	0	192	step_1_no_load	1	2	1	285	
267	0	192	step_2_no_load	3	4	0.299297135717	0.450791310283	4	388	1	
267	0	193	step_1_no_load	1	2	1	175	
267	0	193	step_2_no_load	3	4	0.321008037746	0.440813209638	4	356	1	
267	0	194	step_1_no_load	1	2	1	458	
267	0	194	step_2_no_load	3	4	0.342437174514	0.433250459893	4	509	1	
267	0	195	step_1_no_load	1	2	1	349	
267	0	195	step_2_no_load	5	6	0.646280688878	0.494102184238	6	398	1	
267	0	196	step_1_no_load	1	2	2	643	
267	0	196	step_2_no_load	3	4	0.365373286058	0.421761207498	4	767	1	
267	0	197	step_1_no_load	1	2	2	487	
267	0	197	step_2_no_load	5	6	0.686552522522	0.47786945426	5	739	1	
267	0	198	step_1_no_load	1	2	1	453	
267	0	198	step_2_no_load	3	4	0.303352625941	0.397292432346	4	997	1	
267	0	199	step_1_no_load	1	2	1	931	
267	0	199	step_2_no_load	3	4	0.292861528884	0.39793773834	4	648	0	
267	0	200	step_1_no_load	1	2	2	368	
267	0	200	step_2_no_load	5	6	0.728996708473	0.507902534353	6	521	1	

Tue Aug 27 15:17:40 2019
