Tue Oct 15 16:01:56 2019	
269	0	1	step_1_no_load	1	2	-1	-1	
269	0	2	step_1_no_load	1	2	1	418	
269	0	2	step_2_no_load	5	6	0.533203491871	0.474613197709	5	849	1	
269	0	3	step_1_no_load	1	2	1	551	
269	0	3	step_2_no_load	3	4	0.584197065669	0.589215227351	3	489	0	
269	0	4	step_1_no_load	1	2	1	381	
269	0	4	step_2_no_load	3	4	0.597491569846	0.564086293706	3	62	1	
269	0	5	step_1_no_load	1	2	1	502	
269	0	5	step_2_no_load	3	4	0.623810210114	0.576104915614	3	59	0	
269	0	6	step_1_no_load	1	2	1	598	
269	0	6	step_2_no_load	5	6	0.490454120702	0.506877622204	5	603	1	
269	0	7	step_1_no_load	1	2	1	446	
269	0	7	step_2_no_load	5	6	0.506408070053	0.500071913476	5	571	1	
269	0	8	step_1_no_load	1	2	-1	-1	
269	0	9	step_1_no_load	1	2	1	504	
269	0	9	step_2_no_load	3	4	0.598049061473	0.641106877158	3	124	1	
269	0	10	step_1_no_load	1	2	1	552	
269	0	10	step_2_no_load	5	6	0.576063520885	0.482364178155	5	400	1	
269	0	11	step_1_no_load	1	2	1	645	
269	0	11	step_2_no_load	5	6	0.59022801242	0.477013315682	5	606	0	
269	0	12	step_1_no_load	1	2	1	387	
269	0	12	step_2_no_load	3	4	0.682786328054	0.552770607849	3	65	1	
269	0	13	step_1_no_load	1	2	1	577	
269	0	13	step_2_no_load	3	4	0.653587098421	0.558313135925	3	495	1	
269	0	14	step_1_no_load	1	2	2	692	
269	0	14	step_2_no_load	5	6	0.611256675753	0.491234392147	6	551	0	
269	0	15	step_1_no_load	1	2	-1	-1	
269	0	16	step_1_no_load	1	2	2	655	
269	0	16	step_2_no_load	3	4	0.628091198119	0.553308964466	4	597	0	
269	0	17	step_1_no_load	1	2	1	463	
269	0	17	step_2_no_load	3	4	0.633350170016	0.562895132605	3	0	1	
269	0	18	step_1_no_load	1	2	1	503	
269	0	18	step_2_no_load	5	6	0.626895526976	0.517514133912	5	110	0	
269	0	19	step_1_no_load	1	2	1	793	
269	0	19	step_2_no_load	3	4	0.619895761657	0.536502319591	3	555	0	
269	0	20	step_1_no_load	1	2	1	1280	
269	0	20	step_2_no_load	3	4	0.636521555122	0.491720931314	3	50	1	
269	0	21	step_1_no_load	1	2	-1	-1	
269	0	22	step_1_no_load	1	2	2	720	
269	0	22	step_2_no_load	5	6	0.618527126547	0.506100011497	6	453	1	
269	0	23	step_1_no_load	1	2	-1	-1	
269	0	24	step_1_no_load	1	2	-1	-1	
269	0	25	step_1_no_load	1	2	-1	-1	
269	0	26	step_1_no_load	1	2	2	367	
269	0	26	step_2_no_load	5	6	0.640635035276	0.511744353778	6	609	1	
269	0	27	step_1_no_load	1	2	1	522	
269	0	27	step_2_no_load	5	6	0.642144756622	0.507272671939	5	163	0	
269	0	28	step_1_no_load	1	2	2	1112	
269	0	28	step_2_no_load	3	4	0.588356036098	0.553259388875	4	71	1	
269	0	29	step_1_no_load	1	2	1	723	
269	0	29	step_2_no_load	5	6	0.618626354124	0.521159009103	5	0	0	
269	0	30	step_1_no_load	1	2	1	1343	
269	0	30	step_2_no_load	5	6	0.610227092493	0.4919199548	5	100	1	
269	0	31	step_1_no_load	1	2	2	940	
269	0	31	step_2_no_load	5	6	0.606122691795	0.483156722265	6	424	0	
269	0	32	step_1_no_load	1	2	2	635	
269	0	32	step_2_no_load	5	6	0.605616211083	0.520318771114	6	135	1	
269	0	33	step_1_no_load	1	2	1	1165	
269	0	33	step_2_no_load	5	6	0.618000238621	0.487664344039	5	197	0	
269	0	34	step_1_no_load	1	2	1	1491	
269	0	34	step_2_no_load	5	6	0.670290552209	0.454565258478	5	235	0	
269	0	35	step_1_no_load	1	2	-1	-1	
269	0	36	step_1_no_load	1	2	2	776	
269	0	36	step_2_no_load	3	4	0.527635087561	0.611274573488	4	97	1	
269	0	37	step_1_no_load	1	2	2	899	
269	0	37	step_2_no_load	5	6	0.660658056664	0.543074626387	6	873	0	
269	0	38	step_1_no_load	1	2	2	777	
269	0	38	step_2_no_load	3	4	0.539078491643	0.595113730206	3	814	0	
269	0	39	step_1_no_load	1	2	2	809	
269	0	39	step_2_no_load	3	4	0.557005857101	0.610601635554	4	927	0	
269	0	40	step_1_no_load	1	2	1	551	
269	0	40	step_2_no_load	5	6	0.636994900683	0.5691386571	5	896	0	
269	0	41	step_1_no_load	1	2	2	578	
269	0	41	step_2_no_load	5	6	0.633285941184	0.583829055298	6	934	0	
269	0	42	step_1_no_load	1	2	1	676	
269	0	42	step_2_no_load	3	4	0.533857158543	0.609164606591	3	604	1	
269	0	43	step_1_no_load	1	2	1	1118	
269	0	43	step_2_no_load	3	4	0.553703096215	0.612705031264	3	405	1	
269	0	44	step_1_no_load	1	2	2	1171	
269	0	44	step_2_no_load	5	6	0.589653131867	0.537842745081	6	193	0	
269	0	45	step_1_no_load	1	2	2	1028	
269	0	45	step_2_no_load	3	4	0.579346234508	0.632991467829	4	1047	0	
269	0	46	step_1_no_load	1	2	1	643	
269	0	46	step_2_no_load	3	4	0.55511883717	0.600964500555	3	664	0	
269	0	47	step_1_no_load	1	2	2	661	
269	0	47	step_2_no_load	5	6	0.634373567175	0.493112702321	6	580	0	
269	0	48	step_1_no_load	1	2	2	678	
269	0	48	step_2_no_load	3	4	0.534690828011	0.615767119776	4	1021	0	
269	0	49	step_1_no_load	1	2	1	666	
269	0	49	step_2_no_load	3	4	0.512405963374	0.610193185592	3	495	0	
269	0	50	step_1_no_load	1	2	2	569	
269	0	50	step_2_no_load	3	4	0.481616544184	0.606862017918	4	404	0	
269	0	51	step_1_no_load	1	2	-1	-1	
269	0	52	step_1_no_load	1	2	2	624	
269	0	52	step_2_no_load	5	6	0.613408921915	0.429622901875	6	651	0	
269	0	53	step_1_no_load	1	2	2	1141	
269	0	53	step_2_no_load	5	6	0.630956764252	0.451905460347	6	8	0	
269	0	54	step_1_no_load	1	2	2	465	
269	0	54	step_2_no_load	5	6	0.652515308527	0.491512498697	6	1437	1	
269	0	55	step_1_no_load	1	2	2	1088	
269	0	55	step_2_no_load	5	6	0.639840796975	0.487025527704	6	100	1	
269	0	56	step_1_no_load	1	2	2	633	
269	0	56	step_2_no_load	5	6	0.60038825769	0.459773408493	5	1023	1	
269	0	57	step_1_no_load	1	2	2	816	
269	0	57	step_2_no_load	3	4	0.516475618243	0.641849303307	3	1279	0	
269	0	58	step_1_no_load	1	2	2	505	
269	0	58	step_2_no_load	3	4	0.528376440027	0.664682809182	4	1228	1	
269	0	59	step_1_no_load	1	2	2	705	
269	0	59	step_2_no_load	5	6	0.608951267756	0.480274332693	5	783	1	
269	0	60	step_1_no_load	1	2	2	506	
269	0	60	step_2_no_load	5	6	0.599559577859	0.491916707098	5	764	0	
269	0	61	step_1_no_load	1	2	2	424	
269	0	61	step_2_no_load	5	6	0.602879526975	0.464268875813	6	863	1	
269	0	62	step_1_no_load	1	2	2	480	
269	0	62	step_2_no_load	3	4	0.533031417444	0.691137204746	4	1090	0	
269	0	63	step_1_no_load	1	2	1	744	
269	0	63	step_2_no_load	5	6	0.642623127313	0.53192660365	5	979	1	
269	0	64	step_1_no_load	1	2	1	509	
269	0	64	step_2_no_load	5	6	0.626149195169	0.555062911513	6	1332	0	
269	0	65	step_1_no_load	1	2	1	516	
269	0	65	step_2_no_load	3	4	0.517687993213	0.612660225018	4	615	1	
269	0	66	step_1_no_load	1	2	2	536	
269	0	66	step_2_no_load	5	6	0.630357351236	0.573761869714	5	813	0	
269	0	67	step_1_no_load	1	2	2	473	
269	0	67	step_2_no_load	5	6	0.674463681351	0.542076810516	6	539	1	
269	0	68	step_1_no_load	1	2	2	1035	
269	0	68	step_2_no_load	5	6	0.719455209845	0.509127161919	5	493	1	
269	0	69	step_1_no_load	1	2	2	517	
269	0	69	step_2_no_load	3	4	0.560462111264	0.622221685203	4	496	1	
269	0	70	step_1_no_load	1	2	1	506	
269	0	70	step_2_no_load	3	4	0.548075770764	0.637556284465	3	643	1	
269	0	71	step_1_no_load	1	2	2	507	
269	0	71	step_2_no_load	5	6	0.706816191949	0.482863323776	6	707	0	
269	0	72	step_1_no_load	1	2	2	448	
269	0	72	step_2_no_load	3	4	0.556486305476	0.626024641967	4	783	1	
269	0	73	step_1_no_load	1	2	2	509	
269	0	73	step_2_no_load	5	6	0.727961155836	0.435957313805	5	707	0	
269	0	74	step_1_no_load	1	2	2	450	
269	0	74	step_2_no_load	5	6	0.693624670847	0.453420386428	5	845	1	
269	0	75	step_1_no_load	1	2	2	525	
269	0	75	step_2_no_load	5	6	0.697629587097	0.44832280175	5	632	0	
269	0	76	step_1_no_load	1	2	2	437	
269	0	76	step_2_no_load	5	6	0.690117652944	0.488583631821	6	627	0	
269	0	77	step_1_no_load	1	2	1	469	
269	0	77	step_2_no_load	3	4	0.538119616568	0.564257587118	3	694	1	
269	0	78	step_1_no_load	1	2	2	602	
269	0	78	step_2_no_load	5	6	0.647586191228	0.435911167612	6	1203	0	
269	0	79	step_1_no_load	1	2	1	519	
269	0	79	step_2_no_load	3	4	0.540085062695	0.513695512795	3	677	1	
269	0	80	step_1_no_load	1	2	2	653	
269	0	80	step_2_no_load	5	6	0.703969305517	0.396016175285	6	723	1	
269	0	81	step_1_no_load	1	2	2	1181	
269	0	81	step_2_no_load	5	6	0.702400933084	0.419265522488	6	81	0	
269	0	82	step_1_no_load	1	2	2	411	
269	0	82	step_2_no_load	5	6	0.688340116885	0.395813831323	5	561	1	
269	0	83	step_1_no_load	1	2	2	459	
269	0	83	step_2_no_load	5	6	0.726885136842	0.382772464038	6	658	1	
269	0	84	step_1_no_load	1	2	2	571	
269	0	84	step_2_no_load	5	6	0.731466635793	0.385087938645	5	522	1	
269	0	85	step_1_no_load	1	2	2	456	
269	0	85	step_2_no_load	5	6	0.712989604416	0.384458259121	6	850	0	
269	0	86	step_1_no_load	1	2	1	422	
269	0	86	step_2_no_load	3	4	0.486462788728	0.691782850001	4	711	1	
269	0	87	step_1_no_load	1	2	2	419	
269	0	87	step_2_no_load	3	4	0.493867001103	0.719375344246	3	600	1	
269	0	88	step_1_no_load	1	2	2	456	
269	0	88	step_2_no_load	3	4	0.509563243675	0.717410082358	4	595	0	
269	0	89	step_1_no_load	1	2	2	565	
269	0	89	step_2_no_load	5	6	0.660112261017	0.415882489686	6	650	1	
269	0	90	step_1_no_load	1	2	2	341	
269	0	90	step_2_no_load	3	4	0.530126112124	0.712247848046	3	506	0	
269	0	91	step_1_no_load	1	2	2	441	
269	0	91	step_2_no_load	5	6	0.657820521772	0.43534164751	6	643	0	
269	0	92	step_1_no_load	1	2	2	578	
269	0	92	step_2_no_load	5	6	0.679381608313	0.444368850664	5	535	1	
269	0	93	step_1_no_load	1	2	2	553	
269	0	93	step_2_no_load	5	6	0.662863370634	0.439878153082	5	581	1	
269	0	94	step_1_no_load	1	2	2	355	
269	0	94	step_2_no_load	5	6	0.668295023896	0.429211756872	5	657	0	
269	0	95	step_1_no_load	1	2	2	0	
269	0	95	step_2_no_load	5	6	0.640209855442	0.427150666411	5	657	0	
269	0	96	step_1_no_load	1	2	-1	-1	
269	0	97	step_1_no_load	1	2	2	468	
269	0	97	step_2_no_load	3	4	0.455601814112	0.681272614291	4	826	1	
269	0	98	step_1_no_load	1	2	2	550	
269	0	98	step_2_no_load	3	4	0.431479829356	0.70287861952	3	689	0	
269	0	99	step_1_no_load	1	2	2	373	
269	0	99	step_2_no_load	3	4	0.375249961522	0.673709850038	4	1187	1	
269	0	100	step_1_no_load	1	2	2	467	
269	0	100	step_2_no_load	5	6	0.66579920021	0.4333505304	5	964	0	
269	0	101	step_1_no_load	1	2	2	399	
269	0	101	step_2_no_load	5	6	0.655903528958	0.497432607584	6	590	1	
269	0	102	step_1_no_load	1	2	2	446	
269	0	102	step_2_no_load	5	6	0.663124617603	0.494584754513	6	1212	1	
269	0	103	step_1_no_load	1	2	2	463	
269	0	103	step_2_no_load	5	6	0.69058998368	0.481975449893	6	774	0	
269	0	104	step_1_no_load	1	2	2	1401	
269	0	104	step_2_no_load	3	4	0.303696146503	0.703870701136	4	158	1	
269	0	105	step_1_no_load	1	2	2	495	
269	0	105	step_2_no_load	5	6	0.722851301692	0.514318365187	5	618	1	
269	0	106	step_1_no_load	1	2	2	408	
269	0	106	step_2_no_load	5	6	0.699623252899	0.508908032404	5	473	1	
269	0	107	step_1_no_load	1	2	2	345	
269	0	107	step_2_no_load	3	4	0.388257337796	0.692607431435	4	594	1	
269	0	108	step_1_no_load	1	2	2	486	
269	0	108	step_2_no_load	5	6	0.681491063126	0.526955028982	5	699	1	
269	0	109	step_1_no_load	1	2	2	426	
269	0	109	step_2_no_load	5	6	0.68658494263	0.479977531501	6	1212	0	
269	0	110	step_1_no_load	1	2	2	478	
269	0	110	step_2_no_load	5	6	0.65455226558	0.432626681236	5	498	1	
269	0	111	step_1_no_load	1	2	2	458	
269	0	111	step_2_no_load	3	4	0.407158158569	0.724852671171	4	994	1	
269	0	112	step_1_no_load	1	2	2	365	
269	0	112	step_2_no_load	5	6	0.635252945963	0.392887565883	5	592	1	
269	0	113	step_1_no_load	1	2	2	454	
269	0	113	step_2_no_load	5	6	0.634627459817	0.370697120277	6	802	0	
269	0	114	step_1_no_load	1	2	2	414	
269	0	114	step_2_no_load	5	6	0.657654904272	0.380324086676	6	840	1	
269	0	115	step_1_no_load	1	2	2	432	
269	0	115	step_2_no_load	5	6	0.645721217949	0.390027643099	5	695	1	
269	0	116	step_1_no_load	1	2	2	476	
269	0	116	step_2_no_load	5	6	0.680124293449	0.378149844807	5	779	1	
269	0	117	step_1_no_load	1	2	2	373	
269	0	117	step_2_no_load	3	4	0.363056877927	0.747012267642	4	783	1	
269	0	118	step_1_no_load	1	2	1	507	
269	0	118	step_2_no_load	5	6	0.690484235012	0.357645851833	6	810	1	
269	0	119	step_1_no_load	1	2	2	443	
269	0	119	step_2_no_load	5	6	0.661177321751	0.357515098446	5	630	1	
269	0	120	step_1_no_load	1	2	2	417	
269	0	120	step_2_no_load	5	6	0.666433355915	0.370150243662	5	705	1	
269	0	121	step_1_no_load	1	2	2	401	
269	0	121	step_2_no_load	5	6	0.671052306195	0.352721767208	6	537	0	
269	0	122	step_1_no_load	1	2	2	379	
269	0	122	step_2_no_load	3	4	0.266650857402	0.6136886145	4	550	0	
269	0	123	step_1_no_load	1	2	2	513	
269	0	123	step_2_no_load	5	6	0.664849878232	0.337526896345	6	684	0	
269	0	124	step_1_no_load	1	2	2	602	
269	0	124	step_2_no_load	5	6	0.624161788269	0.309430836661	5	546	1	
269	0	125	step_1_no_load	1	2	2	467	
269	0	125	step_2_no_load	3	4	0.290374841566	0.559596800931	3	1037	0	
269	0	126	step_1_no_load	1	2	2	383	
269	0	126	step_2_no_load	5	6	0.600985760967	0.300846667696	6	578	1	
269	0	127	step_1_no_load	1	2	2	528	
269	0	127	step_2_no_load	5	6	0.646945556251	0.274944938508	6	684	1	
269	0	128	step_1_no_load	1	2	2	423	
269	0	128	step_2_no_load	5	6	0.620672334996	0.250790232267	6	471	0	
269	0	129	step_1_no_load	1	2	1	499	
269	0	129	step_2_no_load	3	4	0.268213321963	0.685297910719	3	831	1	
269	0	130	step_1_no_load	1	2	1	581	
269	0	130	step_2_no_load	5	6	0.630285316669	0.274560758494	5	879	0	
269	0	131	step_1_no_load	1	2	2	530	
269	0	131	step_2_no_load	5	6	0.638450601212	0.311475039155	6	1024	0	
269	0	132	step_1_no_load	1	2	2	749	
269	0	132	step_2_no_load	5	6	0.660013924697	0.315328810424	5	508	1	
269	0	133	step_1_no_load	1	2	1	675	
269	0	133	step_2_no_load	3	4	0.315608831386	0.617383991623	-1	-1	-1	
269	0	134	step_1_no_load	1	2	1	366	
269	0	134	step_2_no_load	3	4	0.287393715313	0.621945110858	3	333	0	
269	0	135	step_1_no_load	1	2	2	804	
269	0	135	step_2_no_load	5	6	0.700779221781	0.287118934166	6	595	0	
269	0	136	step_1_no_load	1	2	2	401	
269	0	136	step_2_no_load	5	6	0.674914008636	0.284521085726	6	463	0	
269	0	137	step_1_no_load	1	2	2	401	
269	0	137	step_2_no_load	5	6	0.668540846495	0.325016613024	5	1119	0	
269	0	138	step_1_no_load	1	2	2	423	
269	0	138	step_2_no_load	5	6	0.688182193337	0.307694123906	5	499	1	
269	0	139	step_1_no_load	1	2	2	550	
269	0	139	step_2_no_load	5	6	0.696355985729	0.323660750961	5	577	1	
269	0	140	step_1_no_load	1	2	2	448	
269	0	140	step_2_no_load	3	4	0.348740542008	0.671213945178	4	882	0	
269	0	141	step_1_no_load	1	2	2	396	
269	0	141	step_2_no_load	5	6	0.616803346728	0.311809871418	5	464	0	
269	0	142	step_1_no_load	1	2	2	423	
269	0	142	step_2_no_load	5	6	0.627356259123	0.304203281606	6	421	1	
269	0	143	step_1_no_load	1	2	2	465	
269	0	143	step_2_no_load	5	6	0.610219102298	0.313516825296	6	998	1	
269	0	144	step_1_no_load	1	2	2	426	
269	0	144	step_2_no_load	3	4	0.389234194056	0.626443722248	3	834	1	
269	0	145	step_1_no_load	1	2	1	426	
269	0	145	step_2_no_load	3	4	0.355256413269	0.6669125229	3	748	0	
269	0	146	step_1_no_load	1	2	2	415	
269	0	146	step_2_no_load	5	6	0.593778463268	0.257861956214	6	1203	0	
269	0	147	step_1_no_load	1	2	2	416	
269	0	147	step_2_no_load	5	6	0.594861186319	0.265578160642	5	626	1	
269	0	148	step_1_no_load	1	2	2	507	
269	0	148	step_2_no_load	5	6	0.648050021239	0.305288021243	5	1067	1	
269	0	149	step_1_no_load	1	2	2	430	
269	0	149	step_2_no_load	3	4	0.300290206122	0.601870110183	4	979	1	
269	0	150	step_1_no_load	1	2	2	396	
269	0	150	step_2_no_load	5	6	0.605912419156	0.305587692243	6	852	0	
269	0	151	step_1_no_load	1	2	2	533	
269	0	151	step_2_no_load	5	6	0.614159737668	0.348172164421	5	453	1	
269	0	152	step_1_no_load	1	2	2	362	
269	0	152	step_2_no_load	5	6	0.644204174791	0.307702500543	5	627	0	
269	0	153	step_1_no_load	1	2	2	341	
269	0	153	step_2_no_load	5	6	0.681559292085	0.309356532263	6	605	0	
269	0	154	step_1_no_load	1	2	1	654	
269	0	154	step_2_no_load	5	6	0.671672162443	0.316375537537	6	1236	0	
269	0	155	step_1_no_load	1	2	-1	-1	
269	0	156	step_1_no_load	1	2	2	790	
269	0	156	step_2_no_load	5	6	0.734436160799	0.32564867104	5	430	1	
269	0	157	step_1_no_load	1	2	1	633	
269	0	157	step_2_no_load	3	4	0.324728201487	0.585191807512	4	801	0	
269	0	158	step_1_no_load	1	2	2	403	
269	0	158	step_2_no_load	5	6	0.694270715354	0.408728803896	5	482	0	
269	0	159	step_1_no_load	1	2	2	457	
269	0	159	step_2_no_load	5	6	0.697903160072	0.413026375257	5	588	1	
269	0	160	step_1_no_load	1	2	2	415	
269	0	160	step_2_no_load	3	4	0.355992626298	0.521229931064	4	709	0	
269	0	161	step_1_no_load	1	2	2	511	
269	0	161	step_2_no_load	5	6	0.719896286569	0.407025633682	5	464	0	
269	0	162	step_1_no_load	1	2	2	482	
269	0	162	step_2_no_load	5	6	0.695144769903	0.3926701003	6	432	0	
269	0	163	step_1_no_load	1	2	2	482	
269	0	163	step_2_no_load	5	6	0.697095951435	0.395221309311	5	495	1	
269	0	164	step_1_no_load	1	2	1	543	
269	0	164	step_2_no_load	3	4	0.430844125626	0.585961845322	3	734	1	
269	0	165	step_1_no_load	1	2	1	492	
269	0	165	step_2_no_load	5	6	0.717506143195	0.463777557969	6	488	1	
269	0	166	step_1_no_load	1	2	2	494	
269	0	166	step_2_no_load	5	6	0.686594248975	0.422282731054	6	482	1	
269	0	167	step_1_no_load	1	2	2	451	
269	0	167	step_2_no_load	5	6	0.706271792549	0.38753671275	5	859	1	
269	0	168	step_1_no_load	1	2	2	686	
269	0	168	step_2_no_load	3	4	0.335777599654	0.613361520676	3	644	0	
269	0	169	step_1_no_load	1	2	2	475	
269	0	169	step_2_no_load	5	6	0.704981910944	0.42098542374	5	363	1	
269	0	170	step_1_no_load	1	2	-1	-1	
269	0	171	step_1_no_load	1	2	2	352	
269	0	171	step_2_no_load	5	6	0.727248140829	0.386979310814	6	16	1	
269	0	172	step_1_no_load	1	2	2	468	
269	0	172	step_2_no_load	5	6	0.668669556875	0.363617002148	6	482	1	
269	0	173	step_1_no_load	1	2	2	698	
269	0	173	step_2_no_load	5	6	0.667027212577	0.385349297983	5	525	1	
269	0	174	step_1_no_load	1	2	1	639	
269	0	174	step_2_no_load	3	4	0.46236234172	0.472729524832	3	723	0	
269	0	175	step_1_no_load	1	2	2	261	
269	0	175	step_2_no_load	5	6	0.693968268443	0.426185553904	6	1303	0	
269	0	176	step_1_no_load	1	2	1	346	
269	0	176	step_2_no_load	3	4	0.500856457218	0.474046874473	4	430	1	
269	0	177	step_1_no_load	1	2	2	573	
269	0	177	step_2_no_load	5	6	0.714070205704	0.357425668099	6	1236	1	
269	0	178	step_1_no_load	1	2	2	371	
269	0	178	step_2_no_load	5	6	0.705993797498	0.36473828006	6	538	1	
269	0	179	step_1_no_load	1	2	2	405	
269	0	179	step_2_no_load	3	4	0.493565996034	0.457298770028	3	975	1	
269	0	180	step_1_no_load	1	2	2	562	
269	0	180	step_2_no_load	5	6	0.719795072986	0.341214611607	5	605	1	
269	0	181	step_1_no_load	1	2	2	437	
269	0	181	step_2_no_load	3	4	0.480141179559	0.508735114046	4	582	1	
269	0	182	step_1_no_load	1	2	2	423	
269	0	182	step_2_no_load	5	6	0.72717560423	0.340533666308	6	624	0	
269	0	183	step_1_no_load	1	2	2	550	
269	0	183	step_2_no_load	3	4	0.492742497507	0.502991759047	3	1241	1	
269	0	184	step_1_no_load	1	2	2	409	
269	0	184	step_2_no_load	5	6	0.657291439324	0.362743255194	6	433	0	
269	0	185	step_1_no_load	1	2	1	383	
269	0	185	step_2_no_load	3	4	0.482228039858	0.479703516092	3	1141	0	
269	0	186	step_1_no_load	1	2	2	458	
269	0	186	step_2_no_load	5	6	0.656308636836	0.332733011923	6	461	0	
269	0	187	step_1_no_load	1	2	1	397	
269	0	187	step_2_no_load	3	4	0.498596507669	0.443962917772	3	374	0	
269	0	188	step_1_no_load	1	2	2	438	
269	0	188	step_2_no_load	5	6	0.696362660087	0.291508050861	5	1166	1	
269	0	189	step_1_no_load	1	2	2	554	
269	0	189	step_2_no_load	5	6	0.688353284054	0.285168135955	6	616	0	
269	0	190	step_1_no_load	1	2	1	400	
269	0	190	step_2_no_load	5	6	0.667655825994	0.304557739386	5	754	1	
269	0	191	step_1_no_load	1	2	1	492	
269	0	191	step_2_no_load	5	6	0.664271461991	0.318839908867	6	929	0	
269	0	192	step_1_no_load	1	2	1	564	
269	0	192	step_2_no_load	3	4	0.493851022417	0.450791310283	3	605	0	
269	0	193	step_1_no_load	1	2	2	335	
269	0	193	step_2_no_load	5	6	0.679792491164	0.321008037746	6	487	0	
269	0	194	step_1_no_load	1	2	1	771	
269	0	194	step_2_no_load	5	6	0.655261361454	0.342437174514	5	1451	0	
269	0	195	step_1_no_load	1	2	2	237	
269	0	195	step_2_no_load	5	6	0.646280688878	0.348571348505	6	575	1	
269	0	196	step_1_no_load	1	2	2	412	
269	0	196	step_2_no_load	3	4	0.496717662777	0.421761207498	4	894	0	
269	0	197	step_1_no_load	1	2	1	303	
269	0	197	step_2_no_load	5	6	0.686552522522	0.316987700969	6	567	0	
269	0	198	step_1_no_load	1	2	1	452	
269	0	198	step_2_no_load	3	4	0.485065498391	0.397292432346	3	434	1	
269	0	199	step_1_no_load	1	2	2	697	
269	0	199	step_2_no_load	3	4	0.529438031858	0.39793773834	4	1202	0	
269	0	200	step_1_no_load	1	2	1	354	
269	0	200	step_2_no_load	3	4	0.507902534353	0.372436949782	4	1225	0	

Tue Oct 15 16:19:26 2019
