Fri Oct 25 14:48:54 2019	
270	0	1	step_1_no_load	1	2	1	616	
270	0	1	step_2_no_load	3	4	0.598297890399	0.594299910136	4	797	1	
270	0	2	step_1_no_load	1	2	1	676	
270	0	2	step_2_no_load	5	6	0.533203491871	0.474613197709	6	710	0	
270	0	3	step_1_no_load	1	2	1	567	
270	0	3	step_2_no_load	3	4	0.584197065669	0.589215227351	4	658	0	
270	0	4	step_1_no_load	1	2	1	364	
270	0	4	step_2_no_load	5	6	0.494597764192	0.478607661228	6	688	0	
270	0	5	step_1_no_load	1	2	1	465	
270	0	5	step_2_no_load	3	4	0.623810210114	0.576104915614	3	935	0	
270	0	6	step_1_no_load	1	2	2	671	
270	0	6	step_2_no_load	5	6	0.490454120702	0.506877622204	6	1012	0	
270	0	7	step_1_no_load	1	2	1	617	
270	0	7	step_2_no_load	3	4	0.568656746487	0.622642364361	3	718	0	
270	0	8	step_1_no_load	1	2	1	581	
270	0	8	step_2_no_load	5	6	0.499203529332	0.489816616396	5	931	1	
270	0	9	step_1_no_load	1	2	1	850	
270	0	9	step_2_no_load	3	4	0.598049061473	0.641106877158	3	863	1	
270	0	10	step_1_no_load	1	2	1	947	
270	0	10	step_2_no_load	5	6	0.576063520885	0.482364178155	5	835	1	
270	0	11	step_1_no_load	1	2	1	579	
270	0	11	step_2_no_load	5	6	0.59022801242	0.477013315682	5	703	1	
270	0	12	step_1_no_load	1	2	-1	-1	
270	0	13	step_1_no_load	1	2	1	553	
270	0	13	step_2_no_load	3	4	0.653587098421	0.558313135925	3	845	0	
270	0	14	step_1_no_load	1	2	1	4	
270	0	14	step_2_no_load	3	4	0.629137942344	0.545555696267	3	89	1	
270	0	15	step_1_no_load	1	2	1	14	
270	0	15	step_2_no_load	5	6	0.633564630036	0.505377237737	5	118	1	
270	0	16	step_1_no_load	1	2	1	10	
270	0	16	step_2_no_load	5	6	0.626326396372	0.510958036527	5	37	1	
270	0	17	step_1_no_load	1	2	1	381	
270	0	17	step_2_no_load	3	4	0.633350170016	0.562895132605	3	948	1	
270	0	18	step_1_no_load	1	2	1	509	
270	0	18	step_2_no_load	5	6	0.626895526976	0.517514133912	-1	-1	-1	
270	0	19	step_1_no_load	1	2	2	32	
270	0	19	step_2_no_load	5	6	0.644773170243	0.498240186199	6	594	0	
270	0	20	step_1_no_load	1	2	1	282	
270	0	20	step_2_no_load	5	6	0.60665343963	0.478025448397	5	549	1	
270	0	21	step_1_no_load	1	2	1	285	
270	0	21	step_2_no_load	5	6	0.611328949295	0.49769376036	5	398	1	
270	0	22	step_1_no_load	1	2	1	352	
270	0	22	step_2_no_load	3	4	0.621949894727	0.468700882609	3	664	1	
270	0	23	step_1_no_load	1	2	1	730	
270	0	23	step_2_no_load	3	4	0.640163623731	0.513759772011	-1	-1	-1	
270	0	24	step_1_no_load	1	2	1	4	
270	0	24	step_2_no_load	3	4	0.582115115688	0.503316199018	3	966	1	
270	0	25	step_1_no_load	1	2	1	303	
270	0	25	step_2_no_load	3	4	0.565698722896	0.503605105412	3	700	0	
270	0	26	step_1_no_load	1	2	2	15	
270	0	26	step_2_no_load	5	6	0.640635035276	0.511744353778	6	509	0	
270	0	27	step_1_no_load	1	2	1	301	
270	0	27	step_2_no_load	3	4	0.57860777711	0.54756089792	3	613	0	
270	0	28	step_1_no_load	1	2	1	147	
270	0	28	step_2_no_load	3	4	0.588356036098	0.553259388875	4	1188	1	
270	0	29	step_1_no_load	1	2	1	354	
270	0	29	step_2_no_load	5	6	0.618626354124	0.521159009103	6	1013	1	
270	0	30	step_1_no_load	1	2	1	611	
270	0	30	step_2_no_load	3	4	0.608245979832	0.574272497114	4	788	1	
270	0	31	step_1_no_load	1	2	1	328	
270	0	31	step_2_no_load	5	6	0.606122691795	0.483156722265	6	363	1	
270	0	32	step_1_no_load	1	2	2	340	
270	0	32	step_2_no_load	5	6	0.605616211083	0.520318771114	5	670	0	
270	0	33	step_1_no_load	1	2	2	262	
270	0	33	step_2_no_load	5	6	0.618000238621	0.487664344039	5	149	1	
270	0	34	step_1_no_load	1	2	2	4	
270	0	34	step_2_no_load	3	4	0.575802910074	0.538523758058	3	65	1	
270	0	35	step_1_no_load	1	2	2	464	
270	0	35	step_2_no_load	5	6	0.649776015006	0.491437207585	5	360	0	
270	0	36	step_1_no_load	1	2	1	363	
270	0	36	step_2_no_load	3	4	0.527635087561	0.611274573488	4	156	1	
270	0	37	step_1_no_load	1	2	1	328	
270	0	37	step_2_no_load	3	4	0.513822304161	0.598446394142	4	351	1	
270	0	38	step_1_no_load	1	2	1	410	
270	0	38	step_2_no_load	5	6	0.651263699161	0.553931241266	6	370	0	
270	0	39	step_1_no_load	1	2	2	49	
270	0	39	step_2_no_load	3	4	0.557005857101	0.610601635554	3	423	1	
270	0	40	step_1_no_load	1	2	2	466	
270	0	40	step_2_no_load	3	4	0.580760785074	0.607992802154	3	21	1	
270	0	41	step_1_no_load	1	2	2	67	
270	0	41	step_2_no_load	5	6	0.633285941184	0.583829055298	5	668	0	
270	0	42	step_1_no_load	1	2	1	306	
270	0	42	step_2_no_load	3	4	0.533857158543	0.609164606591	4	1439	1	
270	0	43	step_1_no_load	1	2	1	300	
270	0	43	step_2_no_load	5	6	0.581931546759	0.548128010644	6	909	0	
270	0	44	step_1_no_load	1	2	2	110	
270	0	44	step_2_no_load	5	6	0.589653131867	0.537842745081	5	892	1	
270	0	45	step_1_no_load	1	2	1	239	
270	0	45	step_2_no_load	3	4	0.579346234508	0.632991467829	4	399	1	
270	0	46	step_1_no_load	1	2	2	390	
270	0	46	step_2_no_load	5	6	0.654261318712	0.532238720495	5	121	1	
270	0	47	step_1_no_load	1	2	1	672	
270	0	47	step_2_no_load	3	4	0.546259467838	0.598724660986	3	88	1	
270	0	48	step_1_no_load	1	2	1	561	
270	0	48	step_2_no_load	5	6	0.657624935632	0.488280685105	6	140	1	
270	0	49	step_1_no_load	1	2	1	563	
270	0	49	step_2_no_load	3	4	0.512405963374	0.610193185592	3	1017	1	
270	0	50	step_1_no_load	1	2	2	359	
270	0	50	step_2_no_load	5	6	0.593458480934	0.47381367271	5	882	0	
270	0	51	step_1_no_load	1	2	2	785	
270	0	51	step_2_no_load	3	4	0.508197321577	0.564866799699	4	1166	0	
270	0	52	step_1_no_load	1	2	1	419	
270	0	52	step_2_no_load	3	4	0.513589895419	0.539065404057	4	1015	0	
270	0	53	step_1_no_load	1	2	1	460	
270	0	53	step_2_no_load	3	4	0.475342927439	0.551457882502	4	508	1	
270	0	54	step_1_no_load	1	2	1	344	
270	0	54	step_2_no_load	3	4	0.493362545513	0.570223904064	4	491	1	
270	0	55	step_1_no_load	1	2	2	372	
270	0	55	step_2_no_load	3	4	0.526704292526	0.574045915747	3	627	1	
270	0	56	step_1_no_load	1	2	2	8	
270	0	56	step_2_no_load	5	6	0.60038825769	0.459773408493	6	977	0	
270	0	57	step_1_no_load	1	2	1	663	
270	0	57	step_2_no_load	5	6	0.586335094239	0.466449077359	-1	-1	-1	
270	0	58	step_1_no_load	1	2	1	728	
270	0	58	step_2_no_load	3	4	0.528376440027	0.664682809182	4	1117	1	
270	0	59	step_1_no_load	1	2	2	1232	
270	0	59	step_2_no_load	5	6	0.608951267756	0.480274332693	5	1171	1	
270	0	60	step_1_no_load	1	2	2	938	
270	0	60	step_2_no_load	3	4	0.479287247283	0.623687406259	3	935	0	
270	0	61	step_1_no_load	1	2	1	420	
270	0	61	step_2_no_load	3	4	0.527144452559	0.669587072502	4	455	1	
270	0	62	step_1_no_load	1	2	1	427	
270	0	62	step_2_no_load	5	6	0.622820395113	0.50724109756	6	389	0	
270	0	63	step_1_no_load	1	2	2	123	
270	0	63	step_2_no_load	5	6	0.642623127313	0.53192660365	5	452	1	
270	0	64	step_1_no_load	1	2	1	741	
270	0	64	step_2_no_load	3	4	0.533849886794	0.642369708469	4	715	0	
270	0	65	step_1_no_load	1	2	2	52	
270	0	65	step_2_no_load	5	6	0.619953360065	0.569109504048	5	600	0	
270	0	66	step_1_no_load	1	2	1	294	
270	0	66	step_2_no_load	3	4	0.555324764318	0.606938648072	3	526	1	
270	0	67	step_1_no_load	1	2	1	437	
270	0	67	step_2_no_load	3	4	0.538279387614	0.597650193897	4	528	0	
270	0	68	step_1_no_load	1	2	-1	-1	
270	0	69	step_1_no_load	1	2	1	4	
270	0	69	step_2_no_load	3	4	0.560462111264	0.622221685203	3	398	1	
270	0	70	step_1_no_load	1	2	2	513	
270	0	70	step_2_no_load	5	6	0.697741832068	0.498834901463	6	632	1	
270	0	71	step_1_no_load	1	2	2	880	
270	0	71	step_2_no_load	5	6	0.706816191949	0.482863323776	5	971	1	
270	0	72	step_1_no_load	1	2	-1	-1	
270	0	73	step_1_no_load	1	2	1	607	
270	0	73	step_2_no_load	3	4	0.50185699984	0.657126403029	4	970	0	
270	0	74	step_1_no_load	1	2	1	533	
270	0	74	step_2_no_load	5	6	0.693624670847	0.453420386428	6	694	1	
270	0	75	step_1_no_load	1	2	1	605	
270	0	75	step_2_no_load	3	4	0.483983914712	0.615552849174	4	1250	1	
270	0	76	step_1_no_load	1	2	1	846	
270	0	76	step_2_no_load	3	4	0.518881389358	0.62770291155	3	809	1	
270	0	77	step_1_no_load	1	2	2	406	
270	0	77	step_2_no_load	3	4	0.538119616568	0.564257587118	3	667	1	
270	0	78	step_1_no_load	1	2	1	1363	
270	0	78	step_2_no_load	3	4	0.538654072849	0.536711448352	4	1096	0	
270	0	79	step_1_no_load	1	2	1	299	
270	0	79	step_2_no_load	3	4	0.540085062695	0.513695512795	3	857	1	
270	0	80	step_1_no_load	1	2	2	502	
270	0	80	step_2_no_load	5	6	0.703969305517	0.396016175285	5	650	0	
270	0	81	step_1_no_load	1	2	2	371	
270	0	81	step_2_no_load	3	4	0.494116554432	0.529745690463	3	617	0	
270	0	82	step_1_no_load	1	2	2	534	
270	0	82	step_2_no_load	3	4	0.482727017837	0.564729328387	3	1079	0	
270	0	83	step_1_no_load	1	2	2	465	
270	0	83	step_2_no_load	3	4	0.483255412498	0.607907985871	3	832	0	
270	0	84	step_1_no_load	1	2	2	3	
270	0	84	step_2_no_load	5	6	0.731466635793	0.385087938645	5	616	1	
270	0	85	step_1_no_load	1	2	1	863	
270	0	85	step_2_no_load	5	6	0.712989604416	0.384458259121	6	592	0	
270	0	86	step_1_no_load	1	2	1	524	
270	0	86	step_2_no_load	3	4	0.486462788728	0.691782850001	4	740	1	
270	0	87	step_1_no_load	1	2	1	661	
270	0	87	step_2_no_load	3	4	0.493867001103	0.719375344246	3	1241	1	
270	0	88	step_1_no_load	1	2	1	590	
270	0	88	step_2_no_load	5	6	0.696773608304	0.377947492322	6	1044	0	
270	0	89	step_1_no_load	1	2	1	1202	
270	0	89	step_2_no_load	3	4	0.490019385174	0.690772436485	-1	-1	-1	
270	0	90	step_1_no_load	1	2	2	152	
270	0	90	step_2_no_load	3	4	0.530126112124	0.712247848046	3	1455	1	
270	0	91	step_1_no_load	1	2	-1	-1	
270	0	92	step_1_no_load	1	2	1	198	
270	0	92	step_2_no_load	5	6	0.679381608313	0.444368850664	5	567	1	
270	0	93	step_1_no_load	1	2	2	281	
270	0	93	step_2_no_load	5	6	0.662863370634	0.439878153082	6	264	0	
270	0	94	step_1_no_load	1	2	1	929	
270	0	94	step_2_no_load	3	4	0.468637558205	0.719464414227	4	752	0	
270	0	95	step_1_no_load	1	2	1	411	
270	0	95	step_2_no_load	3	4	0.42505578884	0.715495469274	3	837	0	
270	0	96	step_1_no_load	1	2	2	645	
270	0	96	step_2_no_load	5	6	0.663095813561	0.383038640121	5	918	1	
270	0	97	step_1_no_load	1	2	1	604	
270	0	97	step_2_no_load	3	4	0.455601814112	0.681272614291	3	682	0	
270	0	98	step_1_no_load	1	2	2	672	
270	0	98	step_2_no_load	5	6	0.646040060297	0.409778171713	5	950	0	
270	0	99	step_1_no_load	1	2	2	657	
270	0	99	step_2_no_load	3	4	0.375249961522	0.673709850038	3	517	0	
270	0	100	step_1_no_load	1	2	2	352	
270	0	100	step_2_no_load	5	6	0.66579920021	0.4333505304	-1	-1	-1	
270	0	101	step_1_no_load	1	2	-1	-1	
270	0	102	step_1_no_load	1	2	1	367	
270	0	102	step_2_no_load	3	4	0.326080462175	0.666304534392	3	939	0	
270	0	103	step_1_no_load	1	2	2	499	
270	0	103	step_2_no_load	5	6	0.69058998368	0.481975449893	6	1000	0	
270	0	104	step_1_no_load	1	2	1	926	
270	0	104	step_2_no_load	3	4	0.303696146503	0.703870701136	3	832	0	
270	0	105	step_1_no_load	1	2	2	495	
270	0	105	step_2_no_load	5	6	0.722851301692	0.514318365187	6	584	1	
270	0	106	step_1_no_load	1	2	2	597	
270	0	106	step_2_no_load	5	6	0.699623252899	0.508908032404	6	685	1	
270	0	107	step_1_no_load	1	2	2	798	
270	0	107	step_2_no_load	5	6	0.677514185929	0.565220528809	6	699	0	
270	0	108	step_1_no_load	1	2	1	6	
270	0	108	step_2_no_load	3	4	0.388185708856	0.695928523711	3	566	0	
270	0	109	step_1_no_load	1	2	2	584	
270	0	109	step_2_no_load	5	6	0.68658494263	0.479977531501	5	623	1	
270	0	110	step_1_no_load	1	2	1	135	
270	0	110	step_2_no_load	5	6	0.65455226558	0.432626681236	5	46	0	
270	0	111	step_1_no_load	1	2	1	479	
270	0	111	step_2_no_load	3	4	0.407158158569	0.724852671171	3	25	1	
270	0	112	step_1_no_load	1	2	1	49	
270	0	112	step_2_no_load	3	4	0.413393106784	0.725701866094	3	983	0	
270	0	113	step_1_no_load	1	2	1	56	
270	0	113	step_2_no_load	3	4	0.387112818105	0.719324307956	3	214	0	
270	0	114	step_1_no_load	1	2	2	704	
270	0	114	step_2_no_load	3	4	0.384736699284	0.718213323791	3	1013	1	
270	0	115	step_1_no_load	1	2	-1	-1	
270	0	116	step_1_no_load	1	2	1	0	
270	0	116	step_2_no_load	3	4	0.369438791876	0.706736514943	3	962	0	
270	0	117	step_1_no_load	1	2	1	206	
270	0	117	step_2_no_load	5	6	0.671842537277	0.374621793791	5	830	1	
270	0	118	step_1_no_load	1	2	2	624	
270	0	118	step_2_no_load	5	6	0.690484235012	0.357645851833	6	532	1	
270	0	119	step_1_no_load	1	2	2	193	
270	0	119	step_2_no_load	5	6	0.661177321751	0.357515098446	5	18	1	
270	0	120	step_1_no_load	1	2	1	445	
270	0	120	step_2_no_load	3	4	0.333809617664	0.70587238626	3	19	1	
270	0	121	step_1_no_load	1	2	1	394	
270	0	121	step_2_no_load	3	4	0.310775244958	0.658856304095	3	516	0	
270	0	122	step_1_no_load	1	2	2	408	
270	0	122	step_2_no_load	5	6	0.672193618854	0.329624572119	6	752	0	
270	0	123	step_1_no_load	1	2	1	601	
270	0	123	step_2_no_load	3	4	0.269780614928	0.583607229978	3	571	1	
270	0	124	step_1_no_load	1	2	1	389	
270	0	124	step_2_no_load	5	6	0.624161788269	0.309430836661	5	376	1	
270	0	125	step_1_no_load	1	2	1	8	
270	0	125	step_2_no_load	3	4	0.290374841566	0.559596800931	3	210	0	
270	0	126	step_1_no_load	1	2	2	15	
270	0	126	step_2_no_load	3	4	0.267206368684	0.537863824328	4	434	0	
270	0	127	step_1_no_load	1	2	1	11	
270	0	127	step_2_no_load	5	6	0.646945556251	0.274944938508	6	30	0	
270	0	128	step_1_no_load	1	2	1	7	
270	0	128	step_2_no_load	5	6	0.620672334996	0.250790232267	5	345	0	
270	0	129	step_1_no_load	1	2	1	802	
270	0	129	step_2_no_load	3	4	0.268213321963	0.685297910719	3	610	0	
270	0	130	step_1_no_load	1	2	2	125	
270	0	130	step_2_no_load	3	4	0.267460866951	0.682031489739	3	509	0	
270	0	131	step_1_no_load	1	2	2	138	
270	0	131	step_2_no_load	5	6	0.638450601212	0.311475039155	5	559	1	
270	0	132	step_1_no_load	1	2	2	476	
270	0	132	step_2_no_load	5	6	0.660013924697	0.315328810424	5	466	1	
270	0	133	step_1_no_load	1	2	1	584	
270	0	133	step_2_no_load	3	4	0.315608831386	0.617383991623	3	469	0	
270	0	134	step_1_no_load	1	2	2	457	
270	0	134	step_2_no_load	3	4	0.287393715313	0.621945110858	3	691	0	
270	0	135	step_1_no_load	1	2	1	548	
270	0	135	step_2_no_load	3	4	0.300079459047	0.593710006149	3	46	0	
270	0	136	step_1_no_load	1	2	2	523	
270	0	136	step_2_no_load	5	6	0.674914008636	0.284521085726	5	162	1	
270	0	137	step_1_no_load	1	2	1	36	
270	0	137	step_2_no_load	3	4	0.346433498467	0.605896884497	3	118	0	
270	0	138	step_1_no_load	1	2	2	11	
270	0	138	step_2_no_load	5	6	0.688182193337	0.307694123906	5	525	1	
270	0	139	step_1_no_load	1	2	2	3	
270	0	139	step_2_no_load	3	4	0.325611400511	0.636630981281	3	181	0	
270	0	140	step_1_no_load	1	2	2	7	
270	0	140	step_2_no_load	3	4	0.348740542008	0.671213945178	3	38	1	
270	0	141	step_1_no_load	1	2	1	9	
270	0	141	step_2_no_load	5	6	0.616803346728	0.311809871418	5	207	1	
270	0	142	step_1_no_load	1	2	1	7	
270	0	142	step_2_no_load	3	4	0.397052682821	0.690276058009	3	25	0	
270	0	143	step_1_no_load	1	2	1	25	
270	0	143	step_2_no_load	3	4	0.410970957547	0.661365099615	3	1220	1	
270	0	144	step_1_no_load	1	2	1	19	
270	0	144	step_2_no_load	3	4	0.389234194056	0.626443722248	3	43	0	
270	0	145	step_1_no_load	1	2	1	206	
270	0	145	step_2_no_load	3	4	0.355256413269	0.6669125229	4	635	0	
270	0	146	step_1_no_load	1	2	1	65	
270	0	146	step_2_no_load	5	6	0.593778463268	0.257861956214	5	66	1	
270	0	147	step_1_no_load	1	2	1	314	
270	0	147	step_2_no_load	3	4	0.352879785946	0.647798886916	3	67	0	
270	0	148	step_1_no_load	1	2	1	648	
270	0	148	step_2_no_load	3	4	0.311162711725	0.619272702026	3	578	0	
270	0	149	step_1_no_load	1	2	1	466	
270	0	149	step_2_no_load	3	4	0.300290206122	0.601870110183	3	463	0	
270	0	150	step_1_no_load	1	2	2	405	
270	0	150	step_2_no_load	5	6	0.605912419156	0.305587692243	5	515	0	
270	0	151	step_1_no_load	1	2	2	458	
270	0	151	step_2_no_load	5	6	0.614159737668	0.348172164421	5	672	0	
270	0	152	step_1_no_load	1	2	2	630	
270	0	152	step_2_no_load	5	6	0.644204174791	0.307702500543	6	618	0	
270	0	153	step_1_no_load	1	2	-1	-1	
270	0	154	step_1_no_load	1	2	1	450	
270	0	154	step_2_no_load	3	4	0.348349389262	0.638934099562	3	21	0	
270	0	155	step_1_no_load	1	2	2	10	
270	0	155	step_2_no_load	5	6	0.716100930629	0.296093457977	6	101	0	
270	0	156	step_1_no_load	1	2	1	12	
270	0	156	step_2_no_load	3	4	0.368378667812	0.631048201903	3	9	0	
270	0	157	step_1_no_load	1	2	1	19	
270	0	157	step_2_no_load	3	4	0.324728201487	0.585191807512	3	247	1	
270	0	158	step_1_no_load	1	2	1	535	
270	0	158	step_2_no_load	5	6	0.694270715354	0.408728803896	5	691	1	
270	0	159	step_1_no_load	1	2	1	163	
270	0	159	step_2_no_load	3	4	0.321150411254	0.541222065796	3	197	0	
270	0	160	step_1_no_load	1	2	1	4	
270	0	160	step_2_no_load	3	4	0.355992626298	0.521229931064	3	169	0	
270	0	161	step_1_no_load	1	2	1	101	
270	0	161	step_2_no_load	3	4	0.438878285506	0.516036498158	3	158	0	
270	0	162	step_1_no_load	1	2	1	81	
270	0	162	step_2_no_load	3	4	0.455329532209	0.566496468084	3	95	0	
270	0	163	step_1_no_load	1	2	1	0	
270	0	163	step_2_no_load	3	4	0.430920885959	0.5863391277	3	102	0	
270	0	164	step_1_no_load	1	2	1	102	
270	0	164	step_2_no_load	5	6	0.692137394606	0.432761720497	5	54	0	
270	0	165	step_1_no_load	1	2	1	7	
270	0	165	step_2_no_load	3	4	0.347974240867	0.538026607649	3	10	0	
270	0	166	step_1_no_load	1	2	1	58	
270	0	166	step_2_no_load	3	4	0.356317216644	0.549095060025	3	329	0	
270	0	167	step_1_no_load	1	2	1	1	
270	0	167	step_2_no_load	5	6	0.706271792549	0.38753671275	5	421	1	
270	0	168	step_1_no_load	1	2	1	185	
270	0	168	step_2_no_load	5	6	0.67192508984	0.400817642375	5	238	0	
270	0	169	step_1_no_load	1	2	2	7	
270	0	169	step_2_no_load	5	6	0.704981910944	0.42098542374	6	1325	0	
270	0	170	step_1_no_load	1	2	1	583	
270	0	170	step_2_no_load	3	4	0.364989630435	0.57151385403	3	47	0	
270	0	171	step_1_no_load	1	2	2	11	
270	0	171	step_2_no_load	3	4	0.425122034074	0.553314431843	3	204	0	
270	0	172	step_1_no_load	1	2	2	773	
270	0	172	step_2_no_load	5	6	0.668669556875	0.363617002148	5	7	0	
270	0	173	step_1_no_load	1	2	2	115	
270	0	173	step_2_no_load	3	4	0.462866379815	0.484428109849	4	373	0	
270	0	174	step_1_no_load	1	2	1	13	
270	0	174	step_2_no_load	3	4	0.46236234172	0.472729524832	3	247	1	
270	0	175	step_1_no_load	1	2	1	11	
270	0	175	step_2_no_load	5	6	0.693968268443	0.426185553904	5	10	1	
270	0	176	step_1_no_load	1	2	1	82	
270	0	176	step_2_no_load	3	4	0.500856457218	0.474046874473	3	157	1	
270	0	177	step_1_no_load	1	2	1	47	
270	0	177	step_2_no_load	3	4	0.4798184927	0.501268576771	3	209	0	
270	0	178	step_1_no_load	1	2	1	10	
270	0	178	step_2_no_load	3	4	0.49020858644	0.493712351915	3	63	1	
270	0	179	step_1_no_load	1	2	1	175	
270	0	179	step_2_no_load	3	4	0.493565996034	0.457298770028	3	89	0	
270	0	180	step_1_no_load	1	2	1	809	
270	0	180	step_2_no_load	3	4	0.489345734128	0.482853857291	3	434	1	
270	0	181	step_1_no_load	1	2	1	7	
270	0	181	step_2_no_load	5	6	0.746910336326	0.342402764747	5	61	1	
270	0	182	step_1_no_load	1	2	2	731	
270	0	182	step_2_no_load	5	6	0.72717560423	0.340533666308	5	846	1	
270	0	183	step_1_no_load	1	2	2	558	
270	0	183	step_2_no_load	5	6	0.720388040749	0.350175837802	5	658	0	
270	0	184	step_1_no_load	1	2	2	753	
270	0	184	step_2_no_load	5	6	0.657291439324	0.362743255194	6	682	1	
270	0	185	step_1_no_load	1	2	1	412	
270	0	185	step_2_no_load	5	6	0.665622647081	0.362611152222	5	541	0	
270	0	186	step_1_no_load	1	2	2	1078	
270	0	186	step_2_no_load	5	6	0.656308636836	0.332733011923	6	1171	1	
270	0	187	step_1_no_load	1	2	2	935	
270	0	187	step_2_no_load	3	4	0.498596507669	0.443962917772	4	753	0	
270	0	188	step_1_no_load	1	2	1	7	
270	0	188	step_2_no_load	3	4	0.548350535247	0.471319680586	3	389	1	
270	0	189	step_1_no_load	1	2	1	318	
270	0	189	step_2_no_load	5	6	0.688353284054	0.285168135955	6	1445	0	
270	0	190	step_1_no_load	1	2	1	338	
270	0	190	step_2_no_load	3	4	0.505820429042	0.433568856946	3	835	1	
270	0	191	step_1_no_load	1	2	1	361	
270	0	191	step_2_no_load	3	4	0.512103523931	0.435748387321	4	413	0	
270	0	192	step_1_no_load	1	2	1	954	
270	0	192	step_2_no_load	3	4	0.493851022417	0.450791310283	3	757	0	
270	0	193	step_1_no_load	1	2	1	751	
270	0	193	step_2_no_load	5	6	0.679792491164	0.321008037746	5	945	1	
270	0	194	step_1_no_load	1	2	1	945	
270	0	194	step_2_no_load	5	6	0.655261361454	0.342437174514	6	729	1	
270	0	195	step_1_no_load	1	2	1	826	
270	0	195	step_2_no_load	3	4	0.494102184238	0.466795336969	3	1199	0	
270	0	196	step_1_no_load	1	2	2	458	
270	0	196	step_2_no_load	5	6	0.695101215304	0.365373286058	5	924	1	
270	0	197	step_1_no_load	1	2	-1	-1	
270	0	198	step_1_no_load	1	2	2	508	
270	0	198	step_2_no_load	5	6	0.68660989813	0.303352625941	5	790	1	
270	0	199	step_1_no_load	1	2	-1	-1	
270	0	200	step_1_no_load	1	2	1	680	
270	0	200	step_2_no_load	3	4	0.507902534353	0.372436949782	4	770	0	

Fri Oct 25 15:05:57 2019
