Tue Nov  5 14:38:13 2019	
272	0	1	step_1_no_load	1	2	2	441	
272	0	1	step_2_no_load	5	6	0.457620150462	0.511789129507	5	296	1	
272	0	2	step_1_no_load	1	2	1	305	
272	0	2	step_2_no_load	3	4	0.610961032466	0.580156942153	4	326	1	
272	0	3	step_1_no_load	1	2	2	264	
272	0	3	step_2_no_load	5	6	0.476767372206	0.516002945397	6	225	0	
272	0	4	step_1_no_load	1	2	1	239	
272	0	4	step_2_no_load	3	4	0.564086293706	0.597491569846	3	296	1	
272	0	5	step_1_no_load	1	2	1	0	
272	0	5	step_2_no_load	5	6	0.495568760483	0.543908521457	6	241	1	
272	0	6	step_1_no_load	1	2	2	547	
272	0	6	step_2_no_load	5	6	0.506877622204	0.490454120702	5	666	1	
272	0	7	step_1_no_load	1	2	2	220	
272	0	7	step_2_no_load	3	4	0.622642364361	0.568656746487	4	276	1	
272	0	8	step_1_no_load	1	2	1	386	
272	0	8	step_2_no_load	3	4	0.624210374623	0.59128639594	3	442	1	
272	0	9	step_1_no_load	1	2	1	203	
272	0	9	step_2_no_load	3	4	0.641106877158	0.598049061473	4	329	1	
272	0	10	step_1_no_load	1	2	2	246	
272	0	10	step_2_no_load	3	4	0.636063269715	0.652626043146	3	385	1	
272	0	11	step_1_no_load	1	2	1	226	
272	0	11	step_2_no_load	3	4	0.609191465743	0.69163818036	3	312	0	
272	0	12	step_1_no_load	1	2	2	314	
272	0	12	step_2_no_load	5	6	0.48457206759	0.597131918027	6	291	0	
272	0	13	step_1_no_load	1	2	1	308	
272	0	13	step_2_no_load	3	4	0.558313135925	0.653587098421	3	303	0	
272	0	14	step_1_no_load	1	2	2	252	
272	0	14	step_2_no_load	5	6	0.491234392147	0.611256675753	6	241	1	
272	0	15	step_1_no_load	1	2	1	283	
272	0	15	step_2_no_load	3	4	0.570419113221	0.612260006668	4	236	0	
272	0	16	step_1_no_load	1	2	2	366	
272	0	16	step_2_no_load	3	4	0.553308964466	0.628091198119	3	336	1	
272	0	17	step_1_no_load	1	2	1	287	
272	0	17	step_2_no_load	3	4	0.562895132605	0.633350170016	3	276	1	
272	0	18	step_1_no_load	1	2	1	864	
272	0	18	step_2_no_load	3	4	0.553554620302	0.626834332012	4	442	0	
272	0	19	step_1_no_load	1	2	2	761	
272	0	19	step_2_no_load	5	6	0.498240186199	0.644773170243	6	342	1	
272	0	20	step_1_no_load	1	2	2	704	
272	0	20	step_2_no_load	5	6	0.478025448397	0.60665343963	5	315	1	
272	0	21	step_1_no_load	1	2	1	160	
272	0	21	step_2_no_load	3	4	0.470207377245	0.630305464549	4	248	1	
272	0	22	step_1_no_load	1	2	1	271	
272	0	22	step_2_no_load	3	4	0.468700882609	0.621949894727	3	275	0	
272	0	23	step_1_no_load	1	2	2	641	
272	0	23	step_2_no_load	5	6	0.520606588181	0.604065470975	5	705	1	
272	0	24	step_1_no_load	1	2	2	312	
272	0	24	step_2_no_load	5	6	0.505388876622	0.5800912085	6	352	1	
272	0	25	step_1_no_load	1	2	1	230	
272	0	25	step_2_no_load	3	4	0.503605105412	0.565698722896	3	534	1	
272	0	26	step_1_no_load	1	2	2	191	
272	0	26	step_2_no_load	5	6	0.511744353778	0.640635035276	6	187	0	
272	0	27	step_1_no_load	1	2	1	107	
272	0	27	step_2_no_load	3	4	0.54756089792	0.57860777711	3	290	0	
272	0	28	step_1_no_load	1	2	2	218	
272	0	28	step_2_no_load	5	6	0.520177259699	0.647441527317	5	342	0	
272	0	29	step_1_no_load	1	2	1	182	
272	0	29	step_2_no_load	3	4	0.561957580386	0.606613029227	3	276	1	
272	0	30	step_1_no_load	1	2	2	397	
272	0	30	step_2_no_load	5	6	0.4919199548	0.610227092493	6	300	0	
272	0	31	step_1_no_load	1	2	1	247	
272	0	31	step_2_no_load	3	4	0.541819886458	0.636602545794	4	286	1	
272	0	32	step_1_no_load	1	2	2	273	
272	0	32	step_2_no_load	5	6	0.520318771114	0.605616211083	5	238	0	
272	0	33	step_1_no_load	1	2	1	209	
272	0	33	step_2_no_load	3	4	0.542309898544	0.611700032906	3	632	1	
272	0	34	step_1_no_load	1	2	2	303	
272	0	34	step_2_no_load	5	6	0.454565258478	0.670290552209	6	366	1	
272	0	35	step_1_no_load	1	2	1	259	
272	0	35	step_2_no_load	3	4	0.594167768198	0.566827313385	4	395	1	
272	0	36	step_1_no_load	1	2	2	296	
272	0	36	step_2_no_load	3	4	0.611274573488	0.527635087561	4	461	1	
272	0	37	step_1_no_load	1	2	1	225	
272	0	37	step_2_no_load	5	6	0.543074626387	0.660658056664	5	251	1	
272	0	38	step_1_no_load	1	2	2	253	
272	0	38	step_2_no_load	5	6	0.553931241266	0.651263699161	5	269	0	
272	0	39	step_1_no_load	1	2	1	298	
272	0	39	step_2_no_load	3	4	0.610601635554	0.557005857101	4	354	0	
272	0	40	step_1_no_load	1	2	2	210	
272	0	40	step_2_no_load	5	6	0.5691386571	0.636994900683	6	262	1	
272	0	41	step_1_no_load	1	2	1	107	
272	0	41	step_2_no_load	3	4	0.588857868869	0.524862294848	4	485	1	
272	0	42	step_1_no_load	1	2	1	276	
272	0	42	step_2_no_load	5	6	0.553461946234	0.606696263624	5	324	0	
272	0	43	step_1_no_load	1	2	2	298	
272	0	43	step_2_no_load	5	6	0.548128010644	0.581931546759	5	352	1	
272	0	44	step_1_no_load	1	2	2	306	
272	0	44	step_2_no_load	3	4	0.611481438855	0.541854396676	4	345	1	
272	0	45	step_1_no_load	1	2	1	176	
272	0	45	step_2_no_load	3	4	0.632991467829	0.579346234508	4	388	1	
272	0	46	step_1_no_load	1	2	2	390	
272	0	46	step_2_no_load	5	6	0.532238720495	0.654261318712	5	366	1	
272	0	47	step_1_no_load	1	2	1	597	
272	0	47	step_2_no_load	3	4	0.598724660986	0.546259467838	4	598	0	
272	0	48	step_1_no_load	1	2	1	384	
272	0	48	step_2_no_load	3	4	0.615767119776	0.534690828011	3	398	0	
272	0	49	step_1_no_load	1	2	2	616	
272	0	49	step_2_no_load	5	6	0.489287375157	0.614679490594	6	414	1	
272	0	50	step_1_no_load	1	2	1	371	
272	0	50	step_2_no_load	3	4	0.606862017918	0.481616544184	4	578	0	
272	0	51	step_1_no_load	1	2	1	469	
272	0	51	step_2_no_load	3	4	0.564866799699	0.508197321577	4	725	1	
272	0	52	step_1_no_load	1	2	2	586	
272	0	52	step_2_no_load	5	6	0.429622901875	0.613408921915	6	618	1	
272	0	53	step_1_no_load	1	2	1	364	
272	0	53	step_2_no_load	5	6	0.451905460347	0.630956764252	5	486	0	
272	0	54	step_1_no_load	1	2	2	366	
272	0	54	step_2_no_load	5	6	0.491512498697	0.652515308527	6	248	0	
272	0	55	step_1_no_load	1	2	2	388	
272	0	55	step_2_no_load	5	6	0.487025527704	0.639840796975	5	240	0	
272	0	56	step_1_no_load	1	2	2	320	
272	0	56	step_2_no_load	5	6	0.459773408493	0.60038825769	6	255	1	
272	0	57	step_1_no_load	1	2	1	467	
272	0	57	step_2_no_load	5	6	0.466449077359	0.586335094239	6	341	0	
272	0	58	step_1_no_load	1	2	1	263	
272	0	58	step_2_no_load	5	6	0.478335218822	0.610896130115	5	564	1	
272	0	59	step_1_no_load	1	2	2	357	
272	0	59	step_2_no_load	5	6	0.480274332693	0.608951267756	6	362	1	
272	0	60	step_1_no_load	1	2	1	272	
272	0	60	step_2_no_load	3	4	0.623687406259	0.479287247283	4	508	0	
272	0	61	step_1_no_load	1	2	1	345	
272	0	61	step_2_no_load	3	4	0.669587072502	0.527144452559	4	283	0	
272	0	62	step_1_no_load	1	2	2	217	
272	0	62	step_2_no_load	5	6	0.50724109756	0.622820395113	5	103	1	
272	0	63	step_1_no_load	1	2	1	227	
272	0	63	step_2_no_load	3	4	0.664284493458	0.519445130796	4	259	0	
272	0	64	step_1_no_load	1	2	2	354	
272	0	64	step_2_no_load	5	6	0.555062911513	0.626149195169	6	247	0	
272	0	65	step_1_no_load	1	2	1	451	
272	0	65	step_2_no_load	3	4	0.612660225018	0.517687993213	3	304	1	
272	0	66	step_1_no_load	1	2	1	520	
272	0	66	step_2_no_load	3	4	0.606938648072	0.555324764318	4	466	1	
272	0	67	step_1_no_load	1	2	2	374	
272	0	67	step_2_no_load	5	6	0.542076810516	0.674463681351	5	490	1	
272	0	68	step_1_no_load	1	2	2	356	
272	0	68	step_2_no_load	5	6	0.509127161919	0.719455209845	5	269	0	
272	0	69	step_1_no_load	1	2	2	210	
272	0	69	step_2_no_load	3	4	0.622221685203	0.560462111264	4	219	1	
272	0	70	step_1_no_load	1	2	1	222	
272	0	70	step_2_no_load	3	4	0.637556284465	0.548075770764	3	307	1	
272	0	71	step_1_no_load	1	2	2	252	
272	0	71	step_2_no_load	3	4	0.639174917797	0.546215110045	4	419	0	
272	0	72	step_1_no_load	1	2	1	296	
272	0	72	step_2_no_load	5	6	0.47409116389	0.705884789502	6	294	1	
272	0	73	step_1_no_load	1	2	2	336	
272	0	73	step_2_no_load	3	4	0.657126403029	0.50185699984	3	409	0	
272	0	74	step_1_no_load	1	2	2	200	
272	0	74	step_2_no_load	5	6	0.453420386428	0.693624670847	6	330	1	
272	0	75	step_1_no_load	1	2	1	110	
272	0	75	step_2_no_load	5	6	0.44832280175	0.697629587097	6	319	1	
272	0	76	step_1_no_load	1	2	2	295	
272	0	76	step_2_no_load	5	6	0.488583631821	0.690117652944	5	255	1	
272	0	77	step_1_no_load	1	2	1	224	
272	0	77	step_2_no_load	3	4	0.564257587118	0.538119616568	3	361	0	
272	0	78	step_1_no_load	1	2	2	275	
272	0	78	step_2_no_load	5	6	0.435911167612	0.647586191228	5	394	1	
272	0	79	step_1_no_load	1	2	2	394	
272	0	79	step_2_no_load	3	4	0.513695512795	0.540085062695	4	418	1	
272	0	80	step_1_no_load	1	2	1	364	
272	0	80	step_2_no_load	3	4	0.518583383166	0.49921021142	4	345	1	
272	0	81	step_1_no_load	1	2	1	326	
272	0	81	step_2_no_load	5	6	0.419265522488	0.702400933084	5	330	0	
272	0	82	step_1_no_load	1	2	2	256	
272	0	82	step_2_no_load	5	6	0.395813831323	0.688340116885	5	225	1	
272	0	83	step_1_no_load	1	2	1	143	
272	0	83	step_2_no_load	3	4	0.607907985871	0.483255412498	4	204	1	
272	0	84	step_1_no_load	1	2	2	260	
272	0	84	step_2_no_load	3	4	0.65843840156	0.505586222209	4	201	1	
272	0	85	step_1_no_load	1	2	1	636	
272	0	85	step_2_no_load	5	6	0.384458259121	0.712989604416	5	322	1	
272	0	86	step_1_no_load	1	2	2	292	
272	0	86	step_2_no_load	5	6	0.345323068124	0.721207648497	6	209	0	
272	0	87	step_1_no_load	1	2	1	274	
272	0	87	step_2_no_load	5	6	0.40000499778	0.690012761069	6	248	0	
272	0	88	step_1_no_load	1	2	1	336	
272	0	88	step_2_no_load	3	4	0.717410082358	0.509563243675	3	471	1	
272	0	89	step_1_no_load	1	2	2	294	
272	0	89	step_2_no_load	3	4	0.690772436485	0.490019385174	3	342	0	
272	0	90	step_1_no_load	1	2	2	365	
272	0	90	step_2_no_load	5	6	0.411459496853	0.688736868033	6	393	1	
272	0	91	step_1_no_load	1	2	2	317	
272	0	91	step_2_no_load	5	6	0.43534164751	0.657820521772	5	337	1	
272	0	92	step_1_no_load	1	2	1	252	
272	0	92	step_2_no_load	3	4	0.692406274724	0.484260039873	3	246	1	
272	0	93	step_1_no_load	1	2	2	328	
272	0	93	step_2_no_load	3	4	0.70415710998	0.473273727684	4	418	1	
272	0	94	step_1_no_load	1	2	2	257	
272	0	94	step_2_no_load	5	6	0.429211756872	0.668295023896	5	892	1	
272	0	95	step_1_no_load	1	2	-1	-1	
272	0	96	step_1_no_load	1	2	1	294	
272	0	96	step_2_no_load	3	4	0.693739812506	0.437558890646	4	635	0	
272	0	97	step_1_no_load	1	2	1	290	
272	0	97	step_2_no_load	3	4	0.681272614291	0.455601814112	3	318	0	
272	0	98	step_1_no_load	1	2	2	302	
272	0	98	step_2_no_load	3	4	0.70287861952	0.431479829356	3	371	0	
272	0	99	step_1_no_load	1	2	2	427	
272	0	99	step_2_no_load	5	6	0.397561363605	0.645191748454	6	359	1	
272	0	100	step_1_no_load	1	2	2	241	
272	0	100	step_2_no_load	3	4	0.666227451505	0.363162156005	3	329	0	
272	0	101	step_1_no_load	1	2	2	263	
272	0	101	step_2_no_load	5	6	0.497432607584	0.655903528958	5	414	0	
272	0	102	step_1_no_load	1	2	2	118	
272	0	102	step_2_no_load	3	4	0.666304534392	0.326080462175	4	151	1	
272	0	103	step_1_no_load	1	2	1	10	
272	0	103	step_2_no_load	3	4	0.663997796029	0.322834495838	3	131	1	
272	0	104	step_1_no_load	1	2	2	252	
272	0	104	step_2_no_load	5	6	0.521047445908	0.743372642809	5	166	0	
272	0	105	step_1_no_load	1	2	2	386	
272	0	105	step_2_no_load	5	6	0.514318365187	0.722851301692	6	995	0	
272	0	106	step_1_no_load	1	2	1	379	
272	0	106	step_2_no_load	3	4	0.712883638252	0.374131494222	4	243	0	
272	0	107	step_1_no_load	1	2	2	522	
272	0	107	step_2_no_load	5	6	0.565220528809	0.677514185929	6	338	1	
272	0	108	step_1_no_load	1	2	1	0	
272	0	108	step_2_no_load	5	6	0.526955028982	0.681491063126	6	55	1	
272	0	109	step_1_no_load	1	2	2	942	
272	0	109	step_2_no_load	3	4	0.71632547018	0.372328831887	4	588	0	
272	0	110	step_1_no_load	1	2	1	351	
272	0	110	step_2_no_load	5	6	0.432626681236	0.65455226558	5	528	1	
272	0	111	step_1_no_load	1	2	2	213	
272	0	111	step_2_no_load	3	4	0.724852671171	0.407158158569	3	315	1	
272	0	112	step_1_no_load	1	2	2	0	
272	0	112	step_2_no_load	5	6	0.392887565883	0.635252945963	5	529	0	
272	0	113	step_1_no_load	1	2	1	294	
272	0	113	step_2_no_load	5	6	0.370697120277	0.634627459817	5	351	1	
272	0	114	step_1_no_load	1	2	2	314	
272	0	114	step_2_no_load	5	6	0.380324086676	0.657654904272	6	495	1	
272	0	115	step_1_no_load	1	2	1	345	
272	0	115	step_2_no_load	3	4	0.739704344621	0.357661171116	3	816	1	
272	0	116	step_1_no_load	1	2	2	230	
272	0	116	step_2_no_load	3	4	0.706736514943	0.369438791876	3	566	1	
272	0	117	step_1_no_load	1	2	2	226	
272	0	117	step_2_no_load	3	4	0.747012267642	0.363056877927	4	430	1	
272	0	118	step_1_no_load	1	2	1	354	
272	0	118	step_2_no_load	3	4	0.740051715856	0.362977115924	3	476	1	
272	0	119	step_1_no_load	1	2	2	358	
272	0	119	step_2_no_load	5	6	0.357515098446	0.661177321751	6	484	0	
272	0	120	step_1_no_load	1	2	1	130	
272	0	120	step_2_no_load	3	4	0.70587238626	0.333809617664	3	573	0	
272	0	121	step_1_no_load	1	2	2	1059	
272	0	121	step_2_no_load	3	4	0.658856304095	0.310775244958	4	595	0	
272	0	122	step_1_no_load	1	2	1	189	
272	0	122	step_2_no_load	3	4	0.6136886145	0.266650857402	4	312	0	
272	0	123	step_1_no_load	1	2	1	475	
272	0	123	step_2_no_load	3	4	0.583607229978	0.269780614928	4	755	0	
272	0	124	step_1_no_load	1	2	2	239	
272	0	124	step_2_no_load	3	4	0.603013298253	0.26095206597	3	287	1	
272	0	125	step_1_no_load	1	2	1	310	
272	0	125	step_2_no_load	3	4	0.559596800931	0.290374841566	3	875	0	
272	0	126	step_1_no_load	1	2	2	194	
272	0	126	step_2_no_load	5	6	0.300846667696	0.600985760967	5	627	0	
272	0	127	step_1_no_load	1	2	1	152	
272	0	127	step_2_no_load	3	4	0.560824094575	0.273483952592	3	474	1	
272	0	128	step_1_no_load	1	2	2	297	
272	0	128	step_2_no_load	3	4	0.636905534066	0.260252451606	3	405	1	
272	0	129	step_1_no_load	1	2	1	243	
272	0	129	step_2_no_load	3	4	0.685297910719	0.268213321963	3	485	1	
272	0	130	step_1_no_load	1	2	2	284	
272	0	130	step_2_no_load	5	6	0.274560758494	0.630285316669	6	313	0	
272	0	131	step_1_no_load	1	2	1	51	
272	0	131	step_2_no_load	5	6	0.311475039155	0.638450601212	6	272	1	
272	0	132	step_1_no_load	1	2	2	262	
272	0	132	step_2_no_load	5	6	0.315328810424	0.660013924697	5	380	1	
272	0	133	step_1_no_load	1	2	1	0	
272	0	133	step_2_no_load	5	6	0.312642735495	0.691649444281	6	271	0	
272	0	134	step_1_no_load	1	2	2	785	
272	0	134	step_2_no_load	5	6	0.302839427162	0.685529359147	6	379	1	
272	0	135	step_1_no_load	1	2	1	298	
272	0	135	step_2_no_load	3	4	0.593710006149	0.300079459047	4	241	1	
272	0	136	step_1_no_load	1	2	1	269	
272	0	136	step_2_no_load	3	4	0.597814413435	0.307766925452	3	275	1	
272	0	137	step_1_no_load	1	2	1	344	
272	0	137	step_2_no_load	3	4	0.605896884497	0.346433498467	3	222	0	
272	0	138	step_1_no_load	1	2	2	265	
272	0	138	step_2_no_load	5	6	0.307694123906	0.688182193337	5	328	0	
272	0	139	step_1_no_load	1	2	2	220	
272	0	139	step_2_no_load	3	4	0.636630981281	0.325611400511	4	342	0	
272	0	140	step_1_no_load	1	2	1	208	
272	0	140	step_2_no_load	3	4	0.671213945178	0.348740542008	4	388	0	
272	0	141	step_1_no_load	1	2	2	208	
272	0	141	step_2_no_load	5	6	0.311809871418	0.616803346728	5	312	0	
272	0	142	step_1_no_load	1	2	2	38	
272	0	142	step_2_no_load	3	4	0.690276058009	0.397052682821	4	208	1	
272	0	143	step_1_no_load	1	2	1	327	
272	0	143	step_2_no_load	3	4	0.661365099615	0.410970957547	3	246	1	
272	0	144	step_1_no_load	1	2	1	154	
272	0	144	step_2_no_load	3	4	0.626443722248	0.389234194056	4	596	1	
272	0	145	step_1_no_load	1	2	2	293	
272	0	145	step_2_no_load	5	6	0.266265924094	0.606515632748	5	279	0	
272	0	146	step_1_no_load	1	2	1	296	
272	0	146	step_2_no_load	3	4	0.681611991725	0.320877500969	3	314	1	
272	0	147	step_1_no_load	1	2	2	259	
272	0	147	step_2_no_load	3	4	0.647798886916	0.352879785946	4	335	0	
272	0	148	step_1_no_load	1	2	1	204	
272	0	148	step_2_no_load	5	6	0.305288021243	0.648050021239	5	390	1	
272	0	149	step_1_no_load	1	2	2	309	
272	0	149	step_2_no_load	5	6	0.269951834184	0.623203869836	5	309	0	
272	0	150	step_1_no_load	1	2	2	200	
272	0	150	step_2_no_load	5	6	0.305587692243	0.605912419156	6	228	1	
272	0	151	step_1_no_load	1	2	2	0	
272	0	151	step_2_no_load	3	4	0.59154759351	0.310557101463	3	235	0	
272	0	152	step_1_no_load	1	2	1	472	
272	0	152	step_2_no_load	3	4	0.595108765344	0.323194010514	4	473	1	
272	0	153	step_1_no_load	1	2	2	282	
272	0	153	step_2_no_load	3	4	0.613336203392	0.343622632154	3	336	1	
272	0	154	step_1_no_load	1	2	1	162	
272	0	154	step_2_no_load	3	4	0.638934099562	0.348349389262	3	281	1	
272	0	155	step_1_no_load	1	2	2	349	
272	0	155	step_2_no_load	5	6	0.296093457977	0.716100930629	5	421	1	
272	0	156	step_1_no_load	1	2	2	14	
272	0	156	step_2_no_load	5	6	0.32564867104	0.734436160799	6	216	1	
272	0	157	step_1_no_load	1	2	1	246	
272	0	157	step_2_no_load	5	6	0.350909357271	0.720725456325	5	241	0	
272	0	158	step_1_no_load	1	2	2	362	
272	0	158	step_2_no_load	3	4	0.532722108502	0.334595868098	3	367	1	
272	0	159	step_1_no_load	1	2	1	415	
272	0	159	step_2_no_load	3	4	0.541222065796	0.321150411254	4	355	0	
272	0	160	step_1_no_load	1	2	2	337	
272	0	160	step_2_no_load	3	4	0.521229931064	0.355992626298	3	490	1	
272	0	161	step_1_no_load	1	2	1	36	
272	0	161	step_2_no_load	3	4	0.516036498158	0.438878285506	4	335	1	
272	0	162	step_1_no_load	1	2	2	227	
272	0	162	step_2_no_load	5	6	0.3926701003	0.695144769903	6	404	1	
272	0	163	step_1_no_load	1	2	1	334	
272	0	163	step_2_no_load	5	6	0.395221309311	0.697095951435	6	381	0	
272	0	164	step_1_no_load	1	2	1	218	
272	0	164	step_2_no_load	5	6	0.432761720497	0.692137394606	5	332	1	
272	0	165	step_1_no_load	1	2	2	318	
272	0	165	step_2_no_load	5	6	0.463777557969	0.717506143195	5	464	1	
272	0	166	step_1_no_load	1	2	1	226	
272	0	166	step_2_no_load	3	4	0.549095060025	0.356317216644	4	554	0	
272	0	167	step_1_no_load	1	2	2	0	
272	0	167	step_2_no_load	5	6	0.38753671275	0.706271792549	5	277	0	
272	0	168	step_1_no_load	1	2	2	154	
272	0	168	step_2_no_load	5	6	0.400817642375	0.67192508984	6	213	0	
272	0	169	step_1_no_load	1	2	1	65	
272	0	169	step_2_no_load	3	4	0.586049140041	0.365156560071	4	249	1	
272	0	170	step_1_no_load	1	2	2	308	
272	0	170	step_2_no_load	5	6	0.411067820436	0.67334314737	5	320	1	
272	0	171	step_1_no_load	1	2	1	326	
272	0	171	step_2_no_load	3	4	0.553314431843	0.425122034074	4	291	0	
272	0	172	step_1_no_load	1	2	1	250	
272	0	172	step_2_no_load	5	6	0.363617002148	0.668669556875	6	251	1	
272	0	173	step_1_no_load	1	2	1	318	
272	0	173	step_2_no_load	3	4	0.484428109849	0.462866379815	4	421	1	
272	0	174	step_1_no_load	1	2	2	254	
272	0	174	step_2_no_load	5	6	0.387867297446	0.729877433725	5	331	0	
272	0	175	step_1_no_load	1	2	2	242	
272	0	175	step_2_no_load	5	6	0.426185553904	0.693968268443	6	370	1	
272	0	176	step_1_no_load	1	2	1	338	
272	0	176	step_2_no_load	5	6	0.383231572002	0.679250000396	6	357	0	
272	0	177	step_1_no_load	1	2	1	145	
272	0	177	step_2_no_load	5	6	0.357425668099	0.714070205704	5	161	0	
272	0	178	step_1_no_load	1	2	2	321	
272	0	178	step_2_no_load	3	4	0.493712351915	0.49020858644	4	261	1	
272	0	179	step_1_no_load	1	2	1	89	
272	0	179	step_2_no_load	3	4	0.457298770028	0.493565996034	4	304	0	
272	0	180	step_1_no_load	1	2	2	247	
272	0	180	step_2_no_load	3	4	0.482853857291	0.489345734128	3	258	1	
272	0	181	step_1_no_load	1	2	1	0	
272	0	181	step_2_no_load	3	4	0.508735114046	0.480141179559	4	221	1	
272	0	182	step_1_no_load	1	2	2	321	
272	0	182	step_2_no_load	5	6	0.340533666308	0.72717560423	5	329	0	
272	0	183	step_1_no_load	1	2	2	0	
272	0	183	step_2_no_load	5	6	0.350175837802	0.720388040749	5	374	1	
272	0	184	step_1_no_load	1	2	2	497	
272	0	184	step_2_no_load	3	4	0.460890977786	0.480863422096	3	383	1	
272	0	185	step_1_no_load	1	2	1	295	
272	0	185	step_2_no_load	3	4	0.479703516092	0.482228039858	4	296	0	
272	0	186	step_1_no_load	1	2	2	315	
272	0	186	step_2_no_load	3	4	0.46870859828	0.484672582719	3	371	0	
272	0	187	step_1_no_load	1	2	2	192	
272	0	187	step_2_no_load	5	6	0.328890769988	0.678211978625	6	292	0	
272	0	188	step_1_no_load	1	2	1	159	
272	0	188	step_2_no_load	3	4	0.471319680586	0.548350535247	4	258	1	
272	0	189	step_1_no_load	1	2	2	261	
272	0	189	step_2_no_load	5	6	0.285168135955	0.688353284054	5	492	1	
272	0	190	step_1_no_load	1	2	2	73	
272	0	190	step_2_no_load	5	6	0.304557739386	0.667655825994	6	350	1	
272	0	191	step_1_no_load	1	2	2	420	
272	0	191	step_2_no_load	5	6	0.318839908867	0.664271461991	5	407	1	
272	0	192	step_1_no_load	1	2	1	277	
272	0	192	step_2_no_load	3	4	0.450791310283	0.493851022417	4	399	1	
272	0	193	step_1_no_load	1	2	1	190	
272	0	193	step_2_no_load	3	4	0.440813209638	0.504944704439	3	414	1	
272	0	194	step_1_no_load	1	2	2	255	
272	0	194	step_2_no_load	3	4	0.433250459893	0.505359594715	3	362	1	
272	0	195	step_1_no_load	1	2	2	264	
272	0	195	step_2_no_load	3	4	0.466795336969	0.494102184238	3	263	0	
272	0	196	step_1_no_load	1	2	1	277	
272	0	196	step_2_no_load	3	4	0.421761207498	0.496717662777	4	395	0	
272	0	197	step_1_no_load	1	2	2	291	
272	0	197	step_2_no_load	5	6	0.316987700969	0.686552522522	6	328	0	
272	0	198	step_1_no_load	1	2	1	539	
272	0	198	step_2_no_load	3	4	0.397292432346	0.485065498391	3	613	1	
272	0	199	step_1_no_load	1	2	2	316	
272	0	199	step_2_no_load	3	4	0.39793773834	0.529438031858	4	522	0	
272	0	200	step_1_no_load	1	2	1	12	
272	0	200	step_2_no_load	3	4	0.372436949782	0.507902534353	4	172	1	

Tue Nov  5 14:55:38 2019
