Thu Nov  7 15:17:17 2019	
273	0	1	step_1_no_load	1	2	1	744	
273	0	1	step_2_no_load	3	4	0.594299910136	0.598297890399	3	652	1	
273	0	2	step_1_no_load	1	2	1	664	
273	0	2	step_2_no_load	3	4	0.610961032466	0.580156942153	3	568	1	
273	0	3	step_1_no_load	1	2	1	673	
273	0	3	step_2_no_load	3	4	0.589215227351	0.584197065669	3	677	0	
273	0	4	step_1_no_load	1	2	1	590	
273	0	4	step_2_no_load	3	4	0.564086293706	0.597491569846	3	387	0	
273	0	5	step_1_no_load	1	2	2	392	
273	0	5	step_2_no_load	5	6	0.543908521457	0.495568760483	6	1116	1	
273	0	6	step_1_no_load	1	2	2	766	
273	0	6	step_2_no_load	5	6	0.490454120702	0.506877622204	6	561	1	
273	0	7	step_1_no_load	1	2	2	515	
273	0	7	step_2_no_load	3	4	0.622642364361	0.568656746487	4	88	0	
273	0	8	step_1_no_load	1	2	1	350	
273	0	8	step_2_no_load	3	4	0.624210374623	0.59128639594	3	960	1	
273	0	9	step_1_no_load	1	2	1	859	
273	0	9	step_2_no_load	3	4	0.641106877158	0.598049061473	3	537	1	
273	0	10	step_1_no_load	1	2	2	355	
273	0	10	step_2_no_load	5	6	0.576063520885	0.482364178155	6	626	0	
273	0	11	step_1_no_load	1	2	1	324	
273	0	11	step_2_no_load	3	4	0.609191465743	0.69163818036	3	535	1	
273	0	12	step_1_no_load	1	2	1	395	
273	0	12	step_2_no_load	5	6	0.597131918027	0.48457206759	5	626	0	
273	0	13	step_1_no_load	1	2	2	304	
273	0	13	step_2_no_load	5	6	0.595790490356	0.52012981853	6	654	0	
273	0	14	step_1_no_load	1	2	1	456	
273	0	14	step_2_no_load	3	4	0.545555696267	0.629137942344	3	641	0	
273	0	15	step_1_no_load	1	2	2	472	
273	0	15	step_2_no_load	5	6	0.633564630036	0.505377237737	6	1133	0	
273	0	16	step_1_no_load	1	2	2	417	
273	0	16	step_2_no_load	5	6	0.626326396372	0.510958036527	6	758	0	
273	0	17	step_1_no_load	1	2	1	474	
273	0	17	step_2_no_load	3	4	0.562895132605	0.633350170016	3	629	1	
273	0	18	step_1_no_load	1	2	2	1037	
273	0	18	step_2_no_load	5	6	0.626895526976	0.517514133912	6	257	0	
273	0	19	step_1_no_load	1	2	1	394	
273	0	19	step_2_no_load	5	6	0.644773170243	0.498240186199	5	761	1	
273	0	20	step_1_no_load	1	2	1	474	
273	0	20	step_2_no_load	3	4	0.491720931314	0.636521555122	3	1216	1	
273	0	21	step_1_no_load	1	2	1	443	
273	0	21	step_2_no_load	5	6	0.611328949295	0.49769376036	5	1008	1	
273	0	22	step_1_no_load	1	2	1	452	
273	0	22	step_2_no_load	5	6	0.618527126547	0.506100011497	5	899	1	
273	0	23	step_1_no_load	1	2	1	452	
273	0	23	step_2_no_load	5	6	0.604065470975	0.520606588181	5	840	0	
273	0	24	step_1_no_load	1	2	1	713	
273	0	24	step_2_no_load	5	6	0.5800912085	0.505388876622	6	1052	0	
273	0	25	step_1_no_load	1	2	2	947	
273	0	25	step_2_no_load	5	6	0.629917901014	0.503316372362	6	81	0	
273	0	26	step_1_no_load	1	2	1	468	
273	0	26	step_2_no_load	3	4	0.532884212818	0.592410219737	-1	-1	-1	
273	0	27	step_1_no_load	1	2	1	493	
273	0	27	step_2_no_load	3	4	0.54756089792	0.57860777711	3	361	0	
273	0	28	step_1_no_load	1	2	2	505	
273	0	28	step_2_no_load	3	4	0.553259388875	0.588356036098	4	924	1	
273	0	29	step_1_no_load	1	2	1	470	
273	0	29	step_2_no_load	5	6	0.618626354124	0.521159009103	5	958	0	
273	0	30	step_1_no_load	1	2	2	616	
273	0	30	step_2_no_load	3	4	0.574272497114	0.608245979832	4	875	1	
273	0	31	step_1_no_load	1	2	1	495	
273	0	31	step_2_no_load	3	4	0.541819886458	0.636602545794	4	997	1	
273	0	32	step_1_no_load	1	2	1	481	
273	0	32	step_2_no_load	3	4	0.522993086096	0.634585171267	4	814	1	
273	0	33	step_1_no_load	1	2	2	527	
273	0	33	step_2_no_load	3	4	0.542309898544	0.611700032906	4	754	0	
273	0	34	step_1_no_load	1	2	1	477	
273	0	34	step_2_no_load	3	4	0.538523758058	0.575802910074	4	658	1	
273	0	35	step_1_no_load	1	2	2	546	
273	0	35	step_2_no_load	5	6	0.649776015006	0.491437207585	5	835	1	
273	0	36	step_1_no_load	1	2	2	541	
273	0	36	step_2_no_load	3	4	0.611274573488	0.527635087561	3	838	1	
273	0	37	step_1_no_load	1	2	1	438	
273	0	37	step_2_no_load	3	4	0.598446394142	0.513822304161	4	418	0	
273	0	38	step_1_no_load	1	2	1	476	
273	0	38	step_2_no_load	3	4	0.595113730206	0.539078491643	3	824	0	
273	0	39	step_1_no_load	1	2	2	305	
273	0	39	step_2_no_load	5	6	0.634483337633	0.578640235206	6	636	1	
273	0	40	step_1_no_load	1	2	2	734	
273	0	40	step_2_no_load	3	4	0.607992802154	0.580760785074	4	1337	1	
273	0	41	step_1_no_load	1	2	2	569	
273	0	41	step_2_no_load	3	4	0.588857868869	0.524862294848	4	745	0	
273	0	42	step_1_no_load	1	2	1	389	
273	0	42	step_2_no_load	3	4	0.609164606591	0.533857158543	3	384	0	
273	0	43	step_1_no_load	1	2	2	413	
273	0	43	step_2_no_load	5	6	0.581931546759	0.548128010644	5	817	1	
273	0	44	step_1_no_load	1	2	2	396	
273	0	44	step_2_no_load	3	4	0.611481438855	0.541854396676	3	444	0	
273	0	45	step_1_no_load	1	2	2	470	
273	0	45	step_2_no_load	5	6	0.620699591043	0.5288039409	6	835	0	
273	0	46	step_1_no_load	1	2	2	284	
273	0	46	step_2_no_load	5	6	0.654261318712	0.532238720495	5	918	1	
273	0	47	step_1_no_load	1	2	2	228	
273	0	47	step_2_no_load	5	6	0.634373567175	0.493112702321	5	663	0	
273	0	48	step_1_no_load	1	2	2	289	
273	0	48	step_2_no_load	5	6	0.657624935632	0.488280685105	6	936	1	
273	0	49	step_1_no_load	1	2	2	384	
273	0	49	step_2_no_load	5	6	0.614679490594	0.489287375157	6	688	1	
273	0	50	step_1_no_load	1	2	2	438	
273	0	50	step_2_no_load	5	6	0.593458480934	0.47381367271	6	756	0	
273	0	51	step_1_no_load	1	2	2	489	
273	0	51	step_2_no_load	3	4	0.564866799699	0.508197321577	3	515	1	
273	0	52	step_1_no_load	1	2	2	664	
273	0	52	step_2_no_load	3	4	0.539065404057	0.513589895419	3	1025	1	
273	0	53	step_1_no_load	1	2	2	346	
273	0	53	step_2_no_load	3	4	0.551457882502	0.475342927439	3	617	1	
273	0	54	step_1_no_load	1	2	2	323	
273	0	54	step_2_no_load	5	6	0.652515308527	0.491512498697	6	1118	1	
273	0	55	step_1_no_load	1	2	2	515	
273	0	55	step_2_no_load	5	6	0.639840796975	0.487025527704	6	1120	1	
273	0	56	step_1_no_load	1	2	2	540	
273	0	56	step_2_no_load	5	6	0.60038825769	0.459773408493	6	898	1	
273	0	57	step_1_no_load	1	2	2	307	
273	0	57	step_2_no_load	5	6	0.586335094239	0.466449077359	6	671	0	
273	0	58	step_1_no_load	1	2	2	306	
273	0	58	step_2_no_load	5	6	0.610896130115	0.478335218822	6	799	0	
273	0	59	step_1_no_load	1	2	2	492	
273	0	59	step_2_no_load	3	4	0.632500293208	0.537400760025	3	661	0	
273	0	60	step_1_no_load	1	2	2	404	
273	0	60	step_2_no_load	5	6	0.599559577859	0.491916707098	5	879	0	
273	0	61	step_1_no_load	1	2	2	352	
273	0	61	step_2_no_load	3	4	0.669587072502	0.527144452559	4	434	1	
273	0	62	step_1_no_load	1	2	2	521	
273	0	62	step_2_no_load	5	6	0.622820395113	0.50724109756	5	933	0	
273	0	63	step_1_no_load	1	2	2	418	
273	0	63	step_2_no_load	5	6	0.642623127313	0.53192660365	6	792	1	
273	0	64	step_1_no_load	1	2	2	449	
273	0	64	step_2_no_load	5	6	0.626149195169	0.555062911513	6	767	0	
273	0	65	step_1_no_load	1	2	2	342	
273	0	65	step_2_no_load	5	6	0.619953360065	0.569109504048	5	495	1	
273	0	66	step_1_no_load	1	2	2	325	
273	0	66	step_2_no_load	5	6	0.630357351236	0.573761869714	5	745	1	
273	0	67	step_1_no_load	1	2	2	579	
273	0	67	step_2_no_load	5	6	0.674463681351	0.542076810516	5	675	1	
273	0	68	step_1_no_load	1	2	2	982	
273	0	68	step_2_no_load	5	6	0.719455209845	0.509127161919	5	775	1	
273	0	69	step_1_no_load	1	2	2	298	
273	0	69	step_2_no_load	5	6	0.718756538957	0.499137600991	5	611	1	
273	0	70	step_1_no_load	1	2	2	4	
273	0	70	step_2_no_load	3	4	0.637556284465	0.548075770764	4	10	0	
273	0	71	step_1_no_load	1	2	1	742	
273	0	71	step_2_no_load	5	6	0.706816191949	0.482863323776	5	713	1	
273	0	72	step_1_no_load	1	2	1	423	
273	0	72	step_2_no_load	3	4	0.626024641967	0.556486305476	4	601	0	
273	0	73	step_1_no_load	1	2	1	455	
273	0	73	step_2_no_load	5	6	0.727961155836	0.435957313805	5	405	1	
273	0	74	step_1_no_load	1	2	1	355	
273	0	74	step_2_no_load	5	6	0.693624670847	0.453420386428	5	454	0	
273	0	75	step_1_no_load	1	2	1	535	
273	0	75	step_2_no_load	3	4	0.615552849174	0.483983914712	3	47	0	
273	0	76	step_1_no_load	1	2	1	496	
273	0	76	step_2_no_load	3	4	0.62770291155	0.518881389358	4	491	0	
273	0	77	step_1_no_load	1	2	1	514	
273	0	77	step_2_no_load	3	4	0.564257587118	0.538119616568	3	469	0	
273	0	78	step_1_no_load	1	2	1	559	
273	0	78	step_2_no_load	3	4	0.536711448352	0.538654072849	4	532	1	
273	0	79	step_1_no_load	1	2	1	285	
273	0	79	step_2_no_load	3	4	0.513695512795	0.540085062695	4	597	1	
273	0	80	step_1_no_load	1	2	1	319	
273	0	80	step_2_no_load	3	4	0.518583383166	0.49921021142	4	437	1	
273	0	81	step_1_no_load	1	2	1	291	
273	0	81	step_2_no_load	3	4	0.529745690463	0.494116554432	4	692	1	
273	0	82	step_1_no_load	1	2	1	316	
273	0	82	step_2_no_load	3	4	0.564729328387	0.482727017837	4	638	0	
273	0	83	step_1_no_load	1	2	1	333	
273	0	83	step_2_no_load	3	4	0.607907985871	0.483255412498	3	314	1	
273	0	84	step_1_no_load	1	2	1	525	
273	0	84	step_2_no_load	3	4	0.65843840156	0.505586222209	3	565	1	
273	0	85	step_1_no_load	1	2	1	303	
273	0	85	step_2_no_load	3	4	0.692384972752	0.485785534744	3	415	1	
273	0	86	step_1_no_load	1	2	1	437	
273	0	86	step_2_no_load	5	6	0.721207648497	0.345323068124	6	808	0	
273	0	87	step_1_no_load	1	2	1	257	
273	0	87	step_2_no_load	3	4	0.719375344246	0.493867001103	3	400	0	
273	0	88	step_1_no_load	1	2	2	532	
273	0	88	step_2_no_load	3	4	0.717410082358	0.509563243675	4	379	0	
273	0	89	step_1_no_load	1	2	1	462	
273	0	89	step_2_no_load	3	4	0.690772436485	0.490019385174	3	436	1	
273	0	90	step_1_no_load	1	2	1	313	
273	0	90	step_2_no_load	3	4	0.712247848046	0.530126112124	3	528	0	
273	0	91	step_1_no_load	1	2	1	387	
273	0	91	step_2_no_load	3	4	0.685023809334	0.479087223222	3	950	1	
273	0	92	step_1_no_load	1	2	1	359	
273	0	92	step_2_no_load	3	4	0.692406274724	0.484260039873	4	616	1	
273	0	93	step_1_no_load	1	2	1	332	
273	0	93	step_2_no_load	5	6	0.662863370634	0.439878153082	5	439	0	
273	0	94	step_1_no_load	1	2	1	481	
273	0	94	step_2_no_load	3	4	0.719464414227	0.468637558205	3	976	1	
273	0	95	step_1_no_load	1	2	1	282	
273	0	95	step_2_no_load	3	4	0.715495469274	0.42505578884	4	973	0	
273	0	96	step_1_no_load	1	2	1	314	
273	0	96	step_2_no_load	3	4	0.693739812506	0.437558890646	3	536	1	
273	0	97	step_1_no_load	1	2	1	350	
273	0	97	step_2_no_load	5	6	0.651202057411	0.392885664353	6	827	1	
273	0	98	step_1_no_load	1	2	1	315	
273	0	98	step_2_no_load	3	4	0.70287861952	0.431479829356	3	443	1	
273	0	99	step_1_no_load	1	2	1	335	
273	0	99	step_2_no_load	3	4	0.673709850038	0.375249961522	3	499	1	
273	0	100	step_1_no_load	1	2	1	387	
273	0	100	step_2_no_load	3	4	0.666227451505	0.363162156005	3	768	1	
273	0	101	step_1_no_load	1	2	1	538	
273	0	101	step_2_no_load	3	4	0.623812401974	0.366879421891	3	512	0	
273	0	102	step_1_no_load	1	2	1	293	
273	0	102	step_2_no_load	3	4	0.666304534392	0.326080462175	4	482	0	
273	0	103	step_1_no_load	1	2	1	288	
273	0	103	step_2_no_load	3	4	0.663997796029	0.322834495838	3	456	1	
273	0	104	step_1_no_load	1	2	1	298	
273	0	104	step_2_no_load	3	4	0.703870701136	0.303696146503	3	449	1	
273	0	105	step_1_no_load	1	2	1	459	
273	0	105	step_2_no_load	3	4	0.689135357059	0.352639603242	3	616	0	
273	0	106	step_1_no_load	1	2	2	312	
273	0	106	step_2_no_load	5	6	0.699623252899	0.508908032404	6	1034	1	
273	0	107	step_1_no_load	1	2	2	405	
273	0	107	step_2_no_load	3	4	0.692607431435	0.388257337796	3	851	1	
273	0	108	step_1_no_load	1	2	2	625	
273	0	108	step_2_no_load	3	4	0.695928523711	0.388185708856	3	666	1	
273	0	109	step_1_no_load	1	2	2	389	
273	0	109	step_2_no_load	5	6	0.68658494263	0.479977531501	6	936	0	
273	0	110	step_1_no_load	1	2	2	300	
273	0	110	step_2_no_load	5	6	0.65455226558	0.432626681236	5	935	1	
273	0	111	step_1_no_load	1	2	2	428	
273	0	111	step_2_no_load	5	6	0.634599547742	0.384948378665	5	778	0	
273	0	112	step_1_no_load	1	2	1	326	
273	0	112	step_2_no_load	5	6	0.635252945963	0.392887565883	5	752	0	
273	0	113	step_1_no_load	1	2	2	512	
273	0	113	step_2_no_load	5	6	0.634627459817	0.370697120277	6	457	0	
273	0	114	step_1_no_load	1	2	2	284	
273	0	114	step_2_no_load	3	4	0.718213323791	0.384736699284	3	708	0	
273	0	115	step_1_no_load	1	2	1	305	
273	0	115	step_2_no_load	5	6	0.645721217949	0.390027643099	5	387	0	
273	0	116	step_1_no_load	1	2	1	309	
273	0	116	step_2_no_load	3	4	0.706736514943	0.369438791876	3	917	1	
273	0	117	step_1_no_load	1	2	1	436	
273	0	117	step_2_no_load	3	4	0.747012267642	0.363056877927	3	587	1	
273	0	118	step_1_no_load	1	2	1	462	
273	0	118	step_2_no_load	3	4	0.740051715856	0.362977115924	3	726	1	
273	0	119	step_1_no_load	1	2	1	302	
273	0	119	step_2_no_load	5	6	0.661177321751	0.357515098446	6	985	0	
273	0	120	step_1_no_load	1	2	1	264	
273	0	120	step_2_no_load	3	4	0.70587238626	0.333809617664	3	559	1	
273	0	121	step_1_no_load	1	2	1	324	
273	0	121	step_2_no_load	3	4	0.658856304095	0.310775244958	3	465	0	
273	0	122	step_1_no_load	1	2	1	274	
273	0	122	step_2_no_load	3	4	0.6136886145	0.266650857402	3	389	1	
273	0	123	step_1_no_load	1	2	1	346	
273	0	123	step_2_no_load	3	4	0.583607229978	0.269780614928	3	289	0	
273	0	124	step_1_no_load	1	2	1	287	
273	0	124	step_2_no_load	3	4	0.603013298253	0.26095206597	3	426	1	
273	0	125	step_1_no_load	1	2	1	223	
273	0	125	step_2_no_load	5	6	0.633566302563	0.303110862715	5	320	1	
273	0	126	step_1_no_load	1	2	1	271	
273	0	126	step_2_no_load	3	4	0.537863824328	0.267206368684	3	374	0	
273	0	127	step_1_no_load	1	2	1	405	
273	0	127	step_2_no_load	3	4	0.560824094575	0.273483952592	3	439	1	
273	0	128	step_1_no_load	1	2	1	595	
273	0	128	step_2_no_load	5	6	0.620672334996	0.250790232267	5	325	1	
273	0	129	step_1_no_load	1	2	1	405	
273	0	129	step_2_no_load	5	6	0.632682846317	0.271709703542	5	379	1	
273	0	130	step_1_no_load	1	2	1	305	
273	0	130	step_2_no_load	3	4	0.682031489739	0.267460866951	3	339	0	
273	0	131	step_1_no_load	1	2	2	415	
273	0	131	step_2_no_load	5	6	0.638450601212	0.311475039155	5	755	0	
273	0	132	step_1_no_load	1	2	2	318	
273	0	132	step_2_no_load	5	6	0.660013924697	0.315328810424	6	405	0	
273	0	133	step_1_no_load	1	2	1	343	
273	0	133	step_2_no_load	5	6	0.691649444281	0.312642735495	5	630	0	
273	0	134	step_1_no_load	1	2	1	319	
273	0	134	step_2_no_load	3	4	0.621945110858	0.287393715313	3	464	1	
273	0	135	step_1_no_load	1	2	2	452	
273	0	135	step_2_no_load	5	6	0.700779221781	0.287118934166	6	551	0	
273	0	136	step_1_no_load	1	2	2	948	
273	0	136	step_2_no_load	3	4	0.597814413435	0.307766925452	3	753	1	
273	0	137	step_1_no_load	1	2	2	644	
273	0	137	step_2_no_load	5	6	0.668540846495	0.325016613024	5	685	1	
273	0	138	step_1_no_load	1	2	2	544	
273	0	138	step_2_no_load	5	6	0.688182193337	0.307694123906	5	596	1	
273	0	139	step_1_no_load	1	2	2	605	
273	0	139	step_2_no_load	5	6	0.696355985729	0.323660750961	5	686	1	
273	0	140	step_1_no_load	1	2	2	643	
273	0	140	step_2_no_load	5	6	0.637682840728	0.328174526491	5	624	1	
273	0	141	step_1_no_load	1	2	2	576	
273	0	141	step_2_no_load	5	6	0.616803346728	0.311809871418	5	475	0	
273	0	142	step_1_no_load	1	2	2	429	
273	0	142	step_2_no_load	5	6	0.627356259123	0.304203281606	5	512	1	
273	0	143	step_1_no_load	1	2	2	401	
273	0	143	step_2_no_load	5	6	0.610219102298	0.313516825296	5	492	1	
273	0	144	step_1_no_load	1	2	2	310	
273	0	144	step_2_no_load	5	6	0.639347300184	0.275932517017	5	408	1	
273	0	145	step_1_no_load	1	2	2	465	
273	0	145	step_2_no_load	3	4	0.6669125229	0.355256413269	3	543	1	
273	0	146	step_1_no_load	1	2	2	286	
273	0	146	step_2_no_load	5	6	0.593778463268	0.257861956214	5	420	1	
273	0	147	step_1_no_load	1	2	2	215	
273	0	147	step_2_no_load	5	6	0.594861186319	0.265578160642	5	520	1	
273	0	148	step_1_no_load	1	2	2	385	
273	0	148	step_2_no_load	3	4	0.619272702026	0.311162711725	3	489	1	
273	0	149	step_1_no_load	1	2	2	460	
273	0	149	step_2_no_load	5	6	0.623203869836	0.269951834184	5	501	0	
273	0	150	step_1_no_load	1	2	2	357	
273	0	150	step_2_no_load	5	6	0.605912419156	0.305587692243	5	468	0	
273	0	151	step_1_no_load	1	2	2	278	
273	0	151	step_2_no_load	5	6	0.614159737668	0.348172164421	6	425	0	
273	0	152	step_1_no_load	1	2	1	329	
273	0	152	step_2_no_load	3	4	0.595108765344	0.323194010514	3	492	1	
273	0	153	step_1_no_load	1	2	1	304	
273	0	153	step_2_no_load	3	4	0.613336203392	0.343622632154	3	409	1	
273	0	154	step_1_no_load	1	2	1	292	
273	0	154	step_2_no_load	5	6	0.671672162443	0.316375537537	5	573	1	
273	0	155	step_1_no_load	1	2	1	374	
273	0	155	step_2_no_load	3	4	0.632486591889	0.372188990474	3	499	0	
273	0	156	step_1_no_load	1	2	1	401	
273	0	156	step_2_no_load	3	4	0.631048201903	0.368378667812	3	778	0	
273	0	157	step_1_no_load	1	2	1	307	
273	0	157	step_2_no_load	5	6	0.720725456325	0.350909357271	6	665	1	
273	0	158	step_1_no_load	1	2	1	441	
273	0	158	step_2_no_load	3	4	0.532722108502	0.334595868098	3	690	0	
273	0	159	step_1_no_load	1	2	1	275	
273	0	159	step_2_no_load	5	6	0.697903160072	0.413026375257	6	894	0	
273	0	160	step_1_no_load	1	2	1	310	
273	0	160	step_2_no_load	3	4	0.521229931064	0.355992626298	4	762	1	
273	0	161	step_1_no_load	1	2	1	283	
273	0	161	step_2_no_load	3	4	0.516036498158	0.438878285506	4	660	1	
273	0	162	step_1_no_load	1	2	1	311	
273	0	162	step_2_no_load	3	4	0.566496468084	0.455329532209	4	531	0	
273	0	163	step_1_no_load	1	2	1	314	
273	0	163	step_2_no_load	5	6	0.697095951435	0.395221309311	5	1086	1	
273	0	164	step_1_no_load	1	2	1	311	
273	0	164	step_2_no_load	3	4	0.585961845322	0.430844125626	3	560	0	
273	0	165	step_1_no_load	1	2	1	457	
273	0	165	step_2_no_load	3	4	0.538026607649	0.347974240867	4	677	1	
273	0	166	step_1_no_load	1	2	1	589	
273	0	166	step_2_no_load	5	6	0.686594248975	0.422282731054	5	988	1	
273	0	167	step_1_no_load	1	2	1	439	
273	0	167	step_2_no_load	3	4	0.585131062446	0.331115714939	4	854	0	
273	0	168	step_1_no_load	1	2	1	330	
273	0	168	step_2_no_load	3	4	0.613361520676	0.335777599654	3	484	1	
273	0	169	step_1_no_load	1	2	1	578	
273	0	169	step_2_no_load	3	4	0.586049140041	0.365156560071	3	711	1	
273	0	170	step_1_no_load	1	2	1	327	
273	0	170	step_2_no_load	5	6	0.67334314737	0.411067820436	5	748	1	
273	0	171	step_1_no_load	1	2	1	331	
273	0	171	step_2_no_load	5	6	0.727248140829	0.386979310814	5	505	1	
273	0	172	step_1_no_load	1	2	1	304	
273	0	172	step_2_no_load	5	6	0.668669556875	0.363617002148	5	416	1	
273	0	173	step_1_no_load	1	2	1	304	
273	0	173	step_2_no_load	3	4	0.484428109849	0.462866379815	3	393	1	
273	0	174	step_1_no_load	1	2	1	327	
273	0	174	step_2_no_load	5	6	0.729877433725	0.387867297446	5	474	1	
273	0	175	step_1_no_load	1	2	1	641	
273	0	175	step_2_no_load	3	4	0.52644949356	0.484825491933	3	443	1	
273	0	176	step_1_no_load	1	2	1	336	
273	0	176	step_2_no_load	5	6	0.679250000396	0.383231572002	5	463	1	
273	0	177	step_1_no_load	1	2	1	318	
273	0	177	step_2_no_load	3	4	0.501268576771	0.4798184927	3	481	0	
273	0	178	step_1_no_load	1	2	2	304	
273	0	178	step_2_no_load	3	4	0.493712351915	0.49020858644	4	434	0	
273	0	179	step_1_no_load	1	2	1	425	
273	0	179	step_2_no_load	3	4	0.457298770028	0.493565996034	4	447	0	
273	0	180	step_1_no_load	1	2	1	358	
273	0	180	step_2_no_load	3	4	0.482853857291	0.489345734128	3	393	0	
273	0	181	step_1_no_load	1	2	1	345	
273	0	181	step_2_no_load	5	6	0.746910336326	0.342402764747	5	384	1	
273	0	182	step_1_no_load	1	2	1	0	
273	0	182	step_2_no_load	3	4	0.506773281362	0.49907747228	3	743	0	
273	0	183	step_1_no_load	1	2	1	328	
273	0	183	step_2_no_load	5	6	0.720388040749	0.350175837802	5	696	1	
273	0	184	step_1_no_load	1	2	1	286	
273	0	184	step_2_no_load	3	4	0.460890977786	0.480863422096	4	575	0	
273	0	185	step_1_no_load	1	2	1	415	
273	0	185	step_2_no_load	3	4	0.479703516092	0.482228039858	4	1367	1	
273	0	186	step_1_no_load	1	2	2	463	
273	0	186	step_2_no_load	5	6	0.656308636836	0.332733011923	5	440	1	
273	0	187	step_1_no_load	1	2	2	338	
273	0	187	step_2_no_load	5	6	0.678211978625	0.328890769988	5	578	1	
273	0	188	step_1_no_load	1	2	2	389	
273	0	188	step_2_no_load	3	4	0.471319680586	0.548350535247	3	537	0	
273	0	189	step_1_no_load	1	2	2	389	
273	0	189	step_2_no_load	3	4	0.448897869069	0.534753756004	3	924	1	
273	0	190	step_1_no_load	1	2	2	337	
273	0	190	step_2_no_load	5	6	0.667655825994	0.304557739386	5	819	1	
273	0	191	step_1_no_load	1	2	2	429	
273	0	191	step_2_no_load	3	4	0.435748387321	0.512103523931	3	465	0	
273	0	192	step_1_no_load	1	2	2	380	
273	0	192	step_2_no_load	5	6	0.705517419189	0.299297135717	5	628	1	
273	0	193	step_1_no_load	1	2	1	319	
273	0	193	step_2_no_load	3	4	0.440813209638	0.504944704439	3	545	1	
273	0	194	step_1_no_load	1	2	1	337	
273	0	194	step_2_no_load	3	4	0.433250459893	0.505359594715	3	614	0	
273	0	195	step_1_no_load	1	2	2	359	
273	0	195	step_2_no_load	3	4	0.466795336969	0.494102184238	4	683	0	
273	0	196	step_1_no_load	1	2	1	234	
273	0	196	step_2_no_load	3	4	0.421761207498	0.496717662777	3	422	1	
273	0	197	step_1_no_load	1	2	1	424	
273	0	197	step_2_no_load	5	6	0.686552522522	0.316987700969	5	500	0	
273	0	198	step_1_no_load	1	2	1	350	
273	0	198	step_2_no_load	3	4	0.397292432346	0.485065498391	4	392	1	
273	0	199	step_1_no_load	1	2	1	414	
273	0	199	step_2_no_load	5	6	0.73697129762	0.292861528884	5	701	1	
273	0	200	step_1_no_load	1	2	1	316	
273	0	200	step_2_no_load	3	4	0.372436949782	0.507902534353	4	457	1	

Thu Nov  7 15:35:11 2019
