Tue Nov 12 14:59:46 2019	
274	0	1	step_1_no_load	1	2	1	666	
274	0	1	step_2_no_load	5	6	0.594299910136	0.598297890399	6	1150	0	
274	0	2	step_1_no_load	1	2	1	503	
274	0	2	step_2_no_load	3	4	0.533203491871	0.474613197709	3	1294	1	
274	0	3	step_1_no_load	1	2	1	377	
274	0	3	step_2_no_load	5	6	0.589215227351	0.584197065669	5	1325	0	
274	0	4	step_1_no_load	1	2	1	406	
274	0	4	step_2_no_load	5	6	0.564086293706	0.597491569846	6	1458	1	
274	0	5	step_1_no_load	1	2	1	356	
274	0	5	step_2_no_load	3	4	0.543908521457	0.495568760483	3	606	0	
274	0	6	step_1_no_load	1	2	1	453	
274	0	6	step_2_no_load	3	4	0.490454120702	0.506877622204	-1	-1	-1	
274	0	7	step_1_no_load	1	2	1	431	
274	0	7	step_2_no_load	3	4	0.506408070053	0.500071913476	3	602	0	
274	0	8	step_1_no_load	1	2	1	368	
274	0	8	step_2_no_load	3	4	0.499203529332	0.489816616396	3	412	1	
274	0	9	step_1_no_load	1	2	1	372	
274	0	9	step_2_no_load	3	4	0.54429228266	0.496546708465	3	389	0	
274	0	10	step_1_no_load	1	2	1	402	
274	0	10	step_2_no_load	3	4	0.576063520885	0.482364178155	3	733	0	
274	0	11	step_1_no_load	1	2	2	234	
274	0	11	step_2_no_load	3	4	0.59022801242	0.477013315682	3	826	0	
274	0	12	step_1_no_load	1	2	1	415	
274	0	12	step_2_no_load	3	4	0.597131918027	0.48457206759	4	558	0	
274	0	13	step_1_no_load	1	2	1	325	
274	0	13	step_2_no_load	3	4	0.595790490356	0.52012981853	3	387	0	
274	0	14	step_1_no_load	1	2	2	921	
274	0	14	step_2_no_load	5	6	0.545555696267	0.629137942344	5	1023	1	
274	0	15	step_1_no_load	1	2	2	383	
274	0	15	step_2_no_load	3	4	0.633564630036	0.505377237737	3	1086	0	
274	0	16	step_1_no_load	1	2	2	445	
274	0	16	step_2_no_load	5	6	0.553308964466	0.628091198119	5	524	1	
274	0	17	step_1_no_load	1	2	2	942	
274	0	17	step_2_no_load	3	4	0.643116883134	0.535958400205	4	1157	1	
274	0	18	step_1_no_load	1	2	2	467	
274	0	18	step_2_no_load	5	6	0.553554620302	0.626834332012	5	1079	0	
274	0	19	step_1_no_load	1	2	1	527	
274	0	19	step_2_no_load	3	4	0.644773170243	0.498240186199	4	803	1	
274	0	20	step_1_no_load	1	2	1	613	
274	0	20	step_2_no_load	5	6	0.491720931314	0.636521555122	6	1202	1	
274	0	21	step_1_no_load	1	2	2	437	
274	0	21	step_2_no_load	5	6	0.470207377245	0.630305464549	6	870	1	
274	0	22	step_1_no_load	1	2	2	337	
274	0	22	step_2_no_load	5	6	0.468700882609	0.621949894727	6	717	1	
274	0	23	step_1_no_load	1	2	1	384	
274	0	23	step_2_no_load	3	4	0.604065470975	0.520606588181	4	1135	0	
274	0	24	step_1_no_load	1	2	1	575	
274	0	24	step_2_no_load	3	4	0.5800912085	0.505388876622	3	512	1	
274	0	25	step_1_no_load	1	2	1	381	
274	0	25	step_2_no_load	5	6	0.503605105412	0.565698722896	6	865	1	
274	0	26	step_1_no_load	1	2	1	325	
274	0	26	step_2_no_load	3	4	0.640635035276	0.511744353778	4	1202	1	
274	0	27	step_1_no_load	1	2	1	348	
274	0	27	step_2_no_load	3	4	0.642144756622	0.507272671939	3	532	1	
274	0	28	step_1_no_load	1	2	1	445	
274	0	28	step_2_no_load	3	4	0.647441527317	0.520177259699	4	688	1	
274	0	29	step_1_no_load	1	2	1	349	
274	0	29	step_2_no_load	3	4	0.618626354124	0.521159009103	3	515	1	
274	0	30	step_1_no_load	1	2	1	361	
274	0	30	step_2_no_load	3	4	0.610227092493	0.4919199548	4	668	0	
274	0	31	step_1_no_load	1	2	1	323	
274	0	31	step_2_no_load	5	6	0.541819886458	0.636602545794	6	710	1	
274	0	32	step_1_no_load	1	2	1	368	
274	0	32	step_2_no_load	3	4	0.605616211083	0.520318771114	4	628	0	
274	0	33	step_1_no_load	1	2	1	481	
274	0	33	step_2_no_load	3	4	0.618000238621	0.487664344039	4	537	1	
274	0	34	step_1_no_load	1	2	1	299	
274	0	34	step_2_no_load	3	4	0.670290552209	0.454565258478	3	689	0	
274	0	35	step_1_no_load	1	2	1	225	
274	0	35	step_2_no_load	5	6	0.594167768198	0.566827313385	6	832	1	
274	0	36	step_1_no_load	1	2	1	862	
274	0	36	step_2_no_load	5	6	0.611274573488	0.527635087561	5	839	1	
274	0	37	step_1_no_load	1	2	1	351	
274	0	37	step_2_no_load	5	6	0.598446394142	0.513822304161	6	588	1	
274	0	38	step_1_no_load	1	2	1	311	
274	0	38	step_2_no_load	3	4	0.651263699161	0.553931241266	4	1285	1	
274	0	39	step_1_no_load	1	2	1	286	
274	0	39	step_2_no_load	3	4	0.634483337633	0.578640235206	3	773	0	
274	0	40	step_1_no_load	1	2	1	342	
274	0	40	step_2_no_load	3	4	0.636994900683	0.5691386571	4	517	0	
274	0	41	step_1_no_load	1	2	1	312	
274	0	41	step_2_no_load	5	6	0.588857868869	0.524862294848	5	479	1	
274	0	42	step_1_no_load	1	2	1	445	
274	0	42	step_2_no_load	3	4	0.606696263624	0.553461946234	4	467	1	
274	0	43	step_1_no_load	1	2	1	451	
274	0	43	step_2_no_load	5	6	0.612705031264	0.553703096215	5	93	0	
274	0	44	step_1_no_load	1	2	1	463	
274	0	44	step_2_no_load	5	6	0.611481438855	0.541854396676	6	505	1	
274	0	45	step_1_no_load	1	2	1	594	
274	0	45	step_2_no_load	5	6	0.632991467829	0.579346234508	6	390	1	
274	0	46	step_1_no_load	1	2	1	924	
274	0	46	step_2_no_load	5	6	0.600964500555	0.55511883717	6	922	0	
274	0	47	step_1_no_load	1	2	1	528	
274	0	47	step_2_no_load	5	6	0.598724660986	0.546259467838	5	499	0	
274	0	48	step_1_no_load	1	2	1	434	
274	0	48	step_2_no_load	3	4	0.657624935632	0.488280685105	4	560	0	
274	0	49	step_1_no_load	1	2	1	390	
274	0	49	step_2_no_load	3	4	0.614679490594	0.489287375157	3	1234	0	
274	0	50	step_1_no_load	1	2	1	505	
274	0	50	step_2_no_load	3	4	0.593458480934	0.47381367271	4	751	0	
274	0	51	step_1_no_load	1	2	1	490	
274	0	51	step_2_no_load	3	4	0.613357430892	0.469943944943	-1	-1	-1	
274	0	52	step_1_no_load	1	2	1	0	
274	0	52	step_2_no_load	3	4	0.613408921915	0.429622901875	4	209	0	
274	0	53	step_1_no_load	1	2	1	300	
274	0	53	step_2_no_load	3	4	0.630956764252	0.451905460347	4	670	0	
274	0	54	step_1_no_load	1	2	1	345	
274	0	54	step_2_no_load	3	4	0.652515308527	0.491512498697	4	398	0	
274	0	55	step_1_no_load	1	2	1	306	
274	0	55	step_2_no_load	3	4	0.639840796975	0.487025527704	3	540	0	
274	0	56	step_1_no_load	1	2	1	506	
274	0	56	step_2_no_load	3	4	0.60038825769	0.459773408493	4	385	0	
274	0	57	step_1_no_load	1	2	1	680	
274	0	57	step_2_no_load	3	4	0.586335094239	0.466449077359	3	513	1	
274	0	58	step_1_no_load	1	2	1	711	
274	0	58	step_2_no_load	3	4	0.610896130115	0.478335218822	3	1095	0	
274	0	59	step_1_no_load	1	2	1	0	
274	0	59	step_2_no_load	3	4	0.608951267756	0.480274332693	4	483	1	
274	0	60	step_1_no_load	1	2	1	529	
274	0	60	step_2_no_load	3	4	0.599559577859	0.491916707098	4	438	1	
274	0	61	step_1_no_load	1	2	1	466	
274	0	61	step_2_no_load	5	6	0.669587072502	0.527144452559	6	342	0	
274	0	62	step_1_no_load	1	2	1	719	
274	0	62	step_2_no_load	3	4	0.622820395113	0.50724109756	4	741	1	
274	0	63	step_1_no_load	1	2	1	464	
274	0	63	step_2_no_load	3	4	0.642623127313	0.53192660365	3	506	1	
274	0	64	step_1_no_load	1	2	1	521	
274	0	64	step_2_no_load	3	4	0.626149195169	0.555062911513	-1	-1	-1	
274	0	65	step_1_no_load	1	2	1	92	
274	0	65	step_2_no_load	3	4	0.619953360065	0.569109504048	3	394	0	
274	0	66	step_1_no_load	1	2	1	464	
274	0	66	step_2_no_load	3	4	0.630357351236	0.573761869714	3	392	1	
274	0	67	step_1_no_load	1	2	1	451	
274	0	67	step_2_no_load	5	6	0.597650193897	0.538279387614	5	1453	1	
274	0	68	step_1_no_load	1	2	1	813	
274	0	68	step_2_no_load	3	4	0.719455209845	0.509127161919	3	746	0	
274	0	69	step_1_no_load	1	2	1	382	
274	0	69	step_2_no_load	5	6	0.622221685203	0.560462111264	6	846	0	
274	0	70	step_1_no_load	1	2	1	462	
274	0	70	step_2_no_load	3	4	0.697741832068	0.498834901463	3	564	0	
274	0	71	step_1_no_load	1	2	1	256	
274	0	71	step_2_no_load	5	6	0.639174917797	0.546215110045	5	162	0	
274	0	72	step_1_no_load	1	2	1	338	
274	0	72	step_2_no_load	3	4	0.705884789502	0.47409116389	3	407	1	
274	0	73	step_1_no_load	1	2	1	473	
274	0	73	step_2_no_load	3	4	0.727961155836	0.435957313805	3	387	1	
274	0	74	step_1_no_load	1	2	1	368	
274	0	74	step_2_no_load	3	4	0.693624670847	0.453420386428	3	515	1	
274	0	75	step_1_no_load	1	2	1	478	
274	0	75	step_2_no_load	3	4	0.697629587097	0.44832280175	4	331	0	
274	0	76	step_1_no_load	1	2	1	285	
274	0	76	step_2_no_load	3	4	0.690117652944	0.488583631821	4	310	0	
274	0	77	step_1_no_load	1	2	1	428	
274	0	77	step_2_no_load	3	4	0.679737625371	0.446809557226	3	635	0	
274	0	78	step_1_no_load	1	2	2	300	
274	0	78	step_2_no_load	5	6	0.536711448352	0.538654072849	6	315	1	
274	0	79	step_1_no_load	1	2	2	316	
274	0	79	step_2_no_load	3	4	0.647841624544	0.389124152368	4	394	1	
274	0	80	step_1_no_load	1	2	2	319	
274	0	80	step_2_no_load	5	6	0.518583383166	0.49921021142	6	518	1	
274	0	81	step_1_no_load	1	2	2	242	
274	0	81	step_2_no_load	5	6	0.529745690463	0.494116554432	6	348	1	
274	0	82	step_1_no_load	1	2	2	278	
274	0	82	step_2_no_load	5	6	0.564729328387	0.482727017837	6	591	0	
274	0	83	step_1_no_load	1	2	2	252	
274	0	83	step_2_no_load	3	4	0.726885136842	0.382772464038	4	247	0	
274	0	84	step_1_no_load	1	2	2	420	
274	0	84	step_2_no_load	5	6	0.65843840156	0.505586222209	6	117	0	
274	0	85	step_1_no_load	1	2	2	299	
274	0	85	step_2_no_load	5	6	0.692384972752	0.485785534744	6	284	0	
274	0	86	step_1_no_load	1	2	2	392	
274	0	86	step_2_no_load	3	4	0.721207648497	0.345323068124	3	455	1	
274	0	87	step_1_no_load	1	2	2	324	
274	0	87	step_2_no_load	3	4	0.690012761069	0.40000499778	3	334	0	
274	0	88	step_1_no_load	1	2	2	321	
274	0	88	step_2_no_load	5	6	0.717410082358	0.509563243675	-1	-1	-1	
274	0	89	step_1_no_load	1	2	2	329	
274	0	89	step_2_no_load	5	6	0.690772436485	0.490019385174	5	303	1	
274	0	90	step_1_no_load	1	2	2	333	
274	0	90	step_2_no_load	3	4	0.688736868033	0.411459496853	3	433	0	
274	0	91	step_1_no_load	1	2	2	433	
274	0	91	step_2_no_load	3	4	0.657820521772	0.43534164751	3	490	0	
274	0	92	step_1_no_load	1	2	2	337	
274	0	92	step_2_no_load	5	6	0.692406274724	0.484260039873	5	183	0	
274	0	93	step_1_no_load	1	2	2	331	
274	0	93	step_2_no_load	5	6	0.70415710998	0.473273727684	5	420	0	
274	0	94	step_1_no_load	1	2	2	738	
274	0	94	step_2_no_load	5	6	0.719464414227	0.468637558205	5	460	1	
274	0	95	step_1_no_load	1	2	2	587	
274	0	95	step_2_no_load	5	6	0.715495469274	0.42505578884	6	274	0	
274	0	96	step_1_no_load	1	2	2	462	
274	0	96	step_2_no_load	5	6	0.693739812506	0.437558890646	5	696	1	
274	0	97	step_1_no_load	1	2	2	258	
274	0	97	step_2_no_load	5	6	0.681272614291	0.455601814112	5	434	0	
274	0	98	step_1_no_load	1	2	2	0	
274	0	98	step_2_no_load	5	6	0.70287861952	0.431479829356	6	24	0	
274	0	99	step_1_no_load	1	2	2	906	
274	0	99	step_2_no_load	5	6	0.673709850038	0.375249961522	5	505	0	
274	0	100	step_1_no_load	1	2	2	156	
274	0	100	step_2_no_load	5	6	0.666227451505	0.363162156005	5	416	1	
274	0	101	step_1_no_load	1	2	2	0	
274	0	101	step_2_no_load	3	4	0.655903528958	0.497432607584	4	662	0	
274	0	102	step_1_no_load	1	2	2	0	
274	0	102	step_2_no_load	5	6	0.666304534392	0.326080462175	5	549	0	
274	0	103	step_1_no_load	1	2	2	345	
274	0	103	step_2_no_load	5	6	0.663997796029	0.322834495838	5	405	1	
274	0	104	step_1_no_load	1	2	2	252	
274	0	104	step_2_no_load	5	6	0.703870701136	0.303696146503	5	329	1	
274	0	105	step_1_no_load	1	2	2	274	
274	0	105	step_2_no_load	5	6	0.689135357059	0.352639603242	5	361	1	
274	0	106	step_1_no_load	1	2	2	259	
274	0	106	step_2_no_load	5	6	0.712883638252	0.374131494222	5	320	1	
274	0	107	step_1_no_load	1	2	2	371	
274	0	107	step_2_no_load	3	4	0.677514185929	0.565220528809	3	332	0	
274	0	108	step_1_no_load	1	2	2	576	
274	0	108	step_2_no_load	3	4	0.681491063126	0.526955028982	3	472	0	
274	0	109	step_1_no_load	1	2	2	543	
274	0	109	step_2_no_load	3	4	0.68658494263	0.479977531501	3	778	1	
274	0	110	step_1_no_load	1	2	2	294	
274	0	110	step_2_no_load	5	6	0.729599891941	0.395544455384	5	225	1	
274	0	111	step_1_no_load	1	2	2	297	
274	0	111	step_2_no_load	5	6	0.724852671171	0.407158158569	5	411	1	
274	0	112	step_1_no_load	1	2	2	310	
274	0	112	step_2_no_load	5	6	0.725701866094	0.413393106784	5	305	1	
274	0	113	step_1_no_load	1	2	2	361	
274	0	113	step_2_no_load	3	4	0.634627459817	0.370697120277	3	295	0	
274	0	114	step_1_no_load	1	2	2	276	
274	0	114	step_2_no_load	5	6	0.718213323791	0.384736699284	5	284	1	
274	0	115	step_1_no_load	1	2	2	261	
274	0	115	step_2_no_load	3	4	0.645721217949	0.390027643099	3	432	1	
274	0	116	step_1_no_load	1	2	2	295	
274	0	116	step_2_no_load	5	6	0.706736514943	0.369438791876	5	280	1	
274	0	117	step_1_no_load	1	2	2	321	
274	0	117	step_2_no_load	5	6	0.747012267642	0.363056877927	5	340	1	
274	0	118	step_1_no_load	1	2	2	298	
274	0	118	step_2_no_load	5	6	0.740051715856	0.362977115924	5	249	1	
274	0	119	step_1_no_load	1	2	2	247	
274	0	119	step_2_no_load	5	6	0.690424535099	0.358243439099	5	274	0	
274	0	120	step_1_no_load	1	2	2	297	
274	0	120	step_2_no_load	3	4	0.666433355915	0.370150243662	3	614	0	
274	0	121	step_1_no_load	1	2	2	888	
274	0	121	step_2_no_load	5	6	0.658856304095	0.310775244958	5	456	1	
274	0	122	step_1_no_load	1	2	2	546	
274	0	122	step_2_no_load	3	4	0.672193618854	0.329624572119	3	880	1	
274	0	123	step_1_no_load	1	2	2	351	
274	0	123	step_2_no_load	3	4	0.664849878232	0.337526896345	3	353	1	
274	0	124	step_1_no_load	1	2	2	281	
274	0	124	step_2_no_load	5	6	0.603013298253	0.26095206597	5	306	0	
274	0	125	step_1_no_load	1	2	2	235	
274	0	125	step_2_no_load	5	6	0.559596800931	0.290374841566	-1	-1	-1	
274	0	126	step_1_no_load	1	2	2	279	
274	0	126	step_2_no_load	5	6	0.537863824328	0.267206368684	5	329	0	
274	0	127	step_1_no_load	1	2	2	269	
274	0	127	step_2_no_load	3	4	0.646945556251	0.274944938508	3	327	1	
274	0	128	step_1_no_load	1	2	2	313	
274	0	128	step_2_no_load	3	4	0.620672334996	0.250790232267	3	353	0	
274	0	129	step_1_no_load	1	2	2	294	
274	0	129	step_2_no_load	3	4	0.632682846317	0.271709703542	3	282	0	
274	0	130	step_1_no_load	1	2	2	0	
274	0	130	step_2_no_load	5	6	0.682031489739	0.267460866951	5	453	1	
274	0	131	step_1_no_load	1	2	2	268	
274	0	131	step_2_no_load	5	6	0.678044920845	0.281500842289	5	321	1	
274	0	132	step_1_no_load	1	2	2	262	
274	0	132	step_2_no_load	5	6	0.668578020634	0.27986961048	5	280	1	
274	0	133	step_1_no_load	1	2	2	360	
274	0	133	step_2_no_load	5	6	0.617383991623	0.315608831386	5	374	1	
274	0	134	step_1_no_load	1	2	2	275	
274	0	134	step_2_no_load	5	6	0.621945110858	0.287393715313	5	592	0	
274	0	135	step_1_no_load	1	2	2	732	
274	0	135	step_2_no_load	5	6	0.593710006149	0.300079459047	5	308	1	
274	0	136	step_1_no_load	1	2	2	301	
274	0	136	step_2_no_load	5	6	0.597814413435	0.307766925452	5	308	1	
274	0	137	step_1_no_load	1	2	2	337	
274	0	137	step_2_no_load	5	6	0.605896884497	0.346433498467	5	299	1	
274	0	138	step_1_no_load	1	2	2	373	
274	0	138	step_2_no_load	5	6	0.63240964674	0.366701525561	5	280	0	
274	0	139	step_1_no_load	1	2	2	287	
274	0	139	step_2_no_load	3	4	0.696355985729	0.323660750961	3	263	0	
274	0	140	step_1_no_load	1	2	2	296	
274	0	140	step_2_no_load	5	6	0.671213945178	0.348740542008	5	312	1	
274	0	141	step_1_no_load	1	2	2	317	
274	0	141	step_2_no_load	3	4	0.616803346728	0.311809871418	3	292	1	
274	0	142	step_1_no_load	1	2	2	269	
274	0	142	step_2_no_load	5	6	0.690276058009	0.397052682821	5	421	1	
274	0	143	step_1_no_load	1	2	2	345	
274	0	143	step_2_no_load	5	6	0.661365099615	0.410970957547	5	286	0	
274	0	144	step_1_no_load	1	2	2	470	
274	0	144	step_2_no_load	3	4	0.639347300184	0.275932517017	3	507	1	
274	0	145	step_1_no_load	1	2	2	485	
274	0	145	step_2_no_load	5	6	0.6669125229	0.355256413269	5	338	1	
274	0	146	step_1_no_load	1	2	2	311	
274	0	146	step_2_no_load	5	6	0.681611991725	0.320877500969	5	222	1	
274	0	147	step_1_no_load	1	2	2	254	
274	0	147	step_2_no_load	5	6	0.647798886916	0.352879785946	5	274	1	
274	0	148	step_1_no_load	1	2	2	312	
274	0	148	step_2_no_load	3	4	0.648050021239	0.305288021243	3	379	1	
274	0	149	step_1_no_load	1	2	2	328	
274	0	149	step_2_no_load	3	4	0.623203869836	0.269951834184	3	276	1	
274	0	150	step_1_no_load	1	2	2	281	
274	0	150	step_2_no_load	3	4	0.605912419156	0.305587692243	3	259	0	
274	0	151	step_1_no_load	1	2	2	233	
274	0	151	step_2_no_load	5	6	0.59154759351	0.310557101463	5	102	0	
274	0	152	step_1_no_load	1	2	2	256	
274	0	152	step_2_no_load	3	4	0.644204174791	0.307702500543	3	332	0	
274	0	153	step_1_no_load	1	2	2	298	
274	0	153	step_2_no_load	5	6	0.613336203392	0.343622632154	5	430	0	
274	0	154	step_1_no_load	1	2	2	293	
274	0	154	step_2_no_load	5	6	0.638934099562	0.348349389262	5	332	1	
274	0	155	step_1_no_load	1	2	2	304	
274	0	155	step_2_no_load	3	4	0.716100930629	0.296093457977	3	400	0	
274	0	156	step_1_no_load	1	2	2	365	
274	0	156	step_2_no_load	3	4	0.734436160799	0.32564867104	3	350	0	
274	0	157	step_1_no_load	1	2	2	336	
274	0	157	step_2_no_load	5	6	0.585191807512	0.324728201487	5	291	1	
274	0	158	step_1_no_load	1	2	2	545	
274	0	158	step_2_no_load	3	4	0.694270715354	0.408728803896	3	573	0	
274	0	159	step_1_no_load	1	2	2	349	
274	0	159	step_2_no_load	5	6	0.541222065796	0.321150411254	5	339	1	
274	0	160	step_1_no_load	1	2	2	285	
274	0	160	step_2_no_load	3	4	0.710728171711	0.415052912783	3	349	0	
274	0	161	step_1_no_load	1	2	2	334	
274	0	161	step_2_no_load	3	4	0.719896286569	0.407025633682	3	371	1	
274	0	162	step_1_no_load	1	2	2	277	
274	0	162	step_2_no_load	5	6	0.566496468084	0.455329532209	5	285	1	
274	0	163	step_1_no_load	1	2	2	311	
274	0	163	step_2_no_load	5	6	0.5863391277	0.430920885959	5	533	1	
274	0	164	step_1_no_load	1	2	2	336	
274	0	164	step_2_no_load	5	6	0.585961845322	0.430844125626	5	343	0	
274	0	165	step_1_no_load	1	2	2	363	
274	0	165	step_2_no_load	3	4	0.717506143195	0.463777557969	3	341	0	
274	0	166	step_1_no_load	1	2	2	254	
274	0	166	step_2_no_load	5	6	0.549095060025	0.356317216644	5	376	0	
274	0	167	step_1_no_load	1	2	2	353	
274	0	167	step_2_no_load	5	6	0.585131062446	0.331115714939	5	324	1	
274	0	168	step_1_no_load	1	2	2	432	
274	0	168	step_2_no_load	5	6	0.613361520676	0.335777599654	5	441	1	
274	0	169	step_1_no_load	1	2	2	687	
274	0	169	step_2_no_load	5	6	0.586049140041	0.365156560071	5	1160	1	
274	0	170	step_1_no_load	1	2	2	321	
274	0	170	step_2_no_load	3	4	0.67334314737	0.411067820436	3	357	1	
274	0	171	step_1_no_load	1	2	2	240	
274	0	171	step_2_no_load	5	6	0.553314431843	0.425122034074	5	315	0	
274	0	172	step_1_no_load	1	2	2	279	
274	0	172	step_2_no_load	5	6	0.519090471457	0.490120307546	5	315	0	
274	0	173	step_1_no_load	1	2	2	295	
274	0	173	step_2_no_load	5	6	0.484428109849	0.462866379815	5	370	0	
274	0	174	step_1_no_load	1	2	2	300	
274	0	174	step_2_no_load	5	6	0.472729524832	0.46236234172	5	559	1	
274	0	175	step_1_no_load	1	2	2	296	
274	0	175	step_2_no_load	5	6	0.52644949356	0.484825491933	5	320	0	
274	0	176	step_1_no_load	1	2	2	385	
274	0	176	step_2_no_load	5	6	0.474046874473	0.500856457218	5	337	0	
274	0	177	step_1_no_load	1	2	2	537	
274	0	177	step_2_no_load	5	6	0.501268576771	0.4798184927	5	97	0	
274	0	178	step_1_no_load	1	2	2	391	
274	0	178	step_2_no_load	3	4	0.705993797498	0.36473828006	3	337	0	
274	0	179	step_1_no_load	1	2	2	420	
274	0	179	step_2_no_load	5	6	0.457298770028	0.493565996034	5	937	0	
274	0	180	step_1_no_load	1	2	2	296	
274	0	180	step_2_no_load	3	4	0.719795072986	0.341214611607	3	278	1	
274	0	181	step_1_no_load	1	2	2	388	
274	0	181	step_2_no_load	3	4	0.746910336326	0.342402764747	3	375	1	
274	0	182	step_1_no_load	1	2	2	569	
274	0	182	step_2_no_load	5	6	0.506773281362	0.49907747228	5	579	0	
274	0	183	step_1_no_load	1	2	2	382	
274	0	183	step_2_no_load	5	6	0.502991759047	0.492742497507	-1	-1	-1	
274	0	184	step_1_no_load	1	2	2	623	
274	0	184	step_2_no_load	5	6	0.460890977786	0.480863422096	5	333	0	
274	0	185	step_1_no_load	1	2	2	303	
274	0	185	step_2_no_load	5	6	0.479703516092	0.482228039858	5	345	1	
274	0	186	step_1_no_load	1	2	2	334	
274	0	186	step_2_no_load	5	6	0.46870859828	0.484672582719	5	580	0	
274	0	187	step_1_no_load	1	2	2	430	
274	0	187	step_2_no_load	5	6	0.443962917772	0.498596507669	5	273	0	
274	0	188	step_1_no_load	1	2	2	471	
274	0	188	step_2_no_load	3	4	0.696362660087	0.291508050861	3	444	0	
274	0	189	step_1_no_load	1	2	2	569	
274	0	189	step_2_no_load	3	4	0.688353284054	0.285168135955	3	383	1	
274	0	190	step_1_no_load	1	2	2	298	
274	0	190	step_2_no_load	5	6	0.433568856946	0.505820429042	5	426	1	
274	0	191	step_1_no_load	1	2	2	333	
274	0	191	step_2_no_load	5	6	0.435748387321	0.512103523931	5	262	1	
274	0	192	step_1_no_load	1	2	2	479	
274	0	192	step_2_no_load	3	4	0.705517419189	0.299297135717	3	267	1	
274	0	193	step_1_no_load	1	2	2	383	
274	0	193	step_2_no_load	5	6	0.440813209638	0.504944704439	5	209	0	
274	0	194	step_1_no_load	1	2	2	664	
274	0	194	step_2_no_load	5	6	0.433250459893	0.505359594715	5	540	1	
274	0	195	step_1_no_load	1	2	2	412	
274	0	195	step_2_no_load	5	6	0.466795336969	0.494102184238	5	472	1	
274	0	196	step_1_no_load	1	2	2	452	
274	0	196	step_2_no_load	5	6	0.421761207498	0.496717662777	5	443	1	
274	0	197	step_1_no_load	1	2	2	336	
274	0	197	step_2_no_load	5	6	0.422511153127	0.47786945426	5	256	1	
274	0	198	step_1_no_load	1	2	2	409	
274	0	198	step_2_no_load	5	6	0.397292432346	0.485065498391	5	278	0	
274	0	199	step_1_no_load	1	2	2	350	
274	0	199	step_2_no_load	5	6	0.39793773834	0.529438031858	5	243	0	
274	0	200	step_1_no_load	1	2	2	464	
274	0	200	step_2_no_load	5	6	0.372436949782	0.507902534353	5	341	0	

Tue Nov 12 15:18:08 2019
