Thu Nov 14 14:31:32 2019	
275	0	1	step_1_no_load	1	2	2	423	
275	0	1	step_2_no_load	3	4	0.594299910136	0.598297890399	4	297	1	
275	0	2	step_1_no_load	1	2	2	612	
275	0	2	step_2_no_load	5	6	0.533203491871	0.474613197709	6	372	1	
275	0	3	step_1_no_load	1	2	2	417	
275	0	3	step_2_no_load	3	4	0.589215227351	0.584197065669	4	697	1	
275	0	4	step_1_no_load	1	2	2	467	
275	0	4	step_2_no_load	5	6	0.494597764192	0.478607661228	6	527	0	
275	0	5	step_1_no_load	1	2	2	634	
275	0	5	step_2_no_load	5	6	0.543908521457	0.495568760483	5	325	1	
275	0	6	step_1_no_load	1	2	2	449	
275	0	6	step_2_no_load	5	6	0.490454120702	0.506877622204	5	880	1	
275	0	7	step_1_no_load	1	2	2	524	
275	0	7	step_2_no_load	5	6	0.506408070053	0.500071913476	5	919	0	
275	0	8	step_1_no_load	1	2	2	0	
275	0	8	step_2_no_load	5	6	0.499203529332	0.489816616396	6	716	0	
275	0	9	step_1_no_load	1	2	1	860	
275	0	9	step_2_no_load	5	6	0.54429228266	0.496546708465	6	426	1	
275	0	10	step_1_no_load	1	2	1	510	
275	0	10	step_2_no_load	5	6	0.576063520885	0.482364178155	6	420	0	
275	0	11	step_1_no_load	1	2	1	346	
275	0	11	step_2_no_load	5	6	0.59022801242	0.477013315682	5	365	0	
275	0	12	step_1_no_load	1	2	-1	-1	
275	0	13	step_1_no_load	1	2	2	387	
275	0	13	step_2_no_load	3	4	0.558313135925	0.653587098421	4	855	1	
275	0	14	step_1_no_load	1	2	2	481	
275	0	14	step_2_no_load	3	4	0.545555696267	0.629137942344	4	480	1	
275	0	15	step_1_no_load	1	2	2	582	
275	0	15	step_2_no_load	5	6	0.633564630036	0.505377237737	6	600	0	
275	0	16	step_1_no_load	1	2	2	476	
275	0	16	step_2_no_load	5	6	0.626326396372	0.510958036527	5	601	1	
275	0	17	step_1_no_load	1	2	2	519	
275	0	17	step_2_no_load	5	6	0.643116883134	0.535958400205	5	467	1	
275	0	18	step_1_no_load	1	2	2	467	
275	0	18	step_2_no_load	5	6	0.626895526976	0.517514133912	5	381	1	
275	0	19	step_1_no_load	1	2	2	390	
275	0	19	step_2_no_load	5	6	0.644773170243	0.498240186199	5	499	1	
275	0	20	step_1_no_load	1	2	2	430	
275	0	20	step_2_no_load	5	6	0.60665343963	0.478025448397	5	426	0	
275	0	21	step_1_no_load	1	2	2	474	
275	0	21	step_2_no_load	5	6	0.611328949295	0.49769376036	6	305	1	
275	0	22	step_1_no_load	1	2	2	476	
275	0	22	step_2_no_load	5	6	0.618527126547	0.506100011497	6	333	0	
275	0	23	step_1_no_load	1	2	2	305	
275	0	23	step_2_no_load	5	6	0.604065470975	0.520606588181	5	412	0	
275	0	24	step_1_no_load	1	2	1	554	
275	0	24	step_2_no_load	5	6	0.5800912085	0.505388876622	5	283	1	
275	0	25	step_1_no_load	1	2	1	445	
275	0	25	step_2_no_load	3	4	0.503605105412	0.565698722896	3	312	0	
275	0	26	step_1_no_load	1	2	2	1491	
275	0	26	step_2_no_load	3	4	0.532884212818	0.592410219737	4	443	0	
275	0	27	step_1_no_load	1	2	2	459	
275	0	27	step_2_no_load	5	6	0.642144756622	0.507272671939	6	652	1	
275	0	28	step_1_no_load	1	2	2	468	
275	0	28	step_2_no_load	3	4	0.553259388875	0.588356036098	3	1187	1	
275	0	29	step_1_no_load	1	2	2	762	
275	0	29	step_2_no_load	5	6	0.618626354124	0.521159009103	5	528	0	
275	0	30	step_1_no_load	1	2	2	83	
275	0	30	step_2_no_load	3	4	0.574272497114	0.608245979832	3	848	1	
275	0	31	step_1_no_load	1	2	2	423	
275	0	31	step_2_no_load	5	6	0.606122691795	0.483156722265	6	667	0	
275	0	32	step_1_no_load	1	2	2	538	
275	0	32	step_2_no_load	5	6	0.605616211083	0.520318771114	5	379	1	
275	0	33	step_1_no_load	1	2	2	623	
275	0	33	step_2_no_load	3	4	0.542309898544	0.611700032906	3	474	1	
275	0	34	step_1_no_load	1	2	2	444	
275	0	34	step_2_no_load	5	6	0.670290552209	0.454565258478	5	447	1	
275	0	35	step_1_no_load	1	2	2	835	
275	0	35	step_2_no_load	5	6	0.649776015006	0.491437207585	5	397	0	
275	0	36	step_1_no_load	1	2	2	544	
275	0	36	step_2_no_load	5	6	0.661229326326	0.513210053121	6	571	0	
275	0	37	step_1_no_load	1	2	1	669	
275	0	37	step_2_no_load	3	4	0.598446394142	0.513822304161	3	699	1	
275	0	38	step_1_no_load	1	2	2	808	
275	0	38	step_2_no_load	5	6	0.651263699161	0.553931241266	5	565	1	
275	0	39	step_1_no_load	1	2	2	602	
275	0	39	step_2_no_load	5	6	0.634483337633	0.578640235206	5	740	0	
275	0	40	step_1_no_load	1	2	1	545	
275	0	40	step_2_no_load	5	6	0.636994900683	0.5691386571	6	515	1	
275	0	41	step_1_no_load	1	2	2	570	
275	0	41	step_2_no_load	3	4	0.588857868869	0.524862294848	3	699	0	
275	0	42	step_1_no_load	1	2	2	1282	
275	0	42	step_2_no_load	3	4	0.609164606591	0.533857158543	4	575	0	
275	0	43	step_1_no_load	1	2	1	1070	
275	0	43	step_2_no_load	3	4	0.612705031264	0.553703096215	-1	-1	-1	
275	0	44	step_1_no_load	1	2	1	540	
275	0	44	step_2_no_load	3	4	0.611481438855	0.541854396676	3	431	0	
275	0	45	step_1_no_load	1	2	2	426	
275	0	45	step_2_no_load	5	6	0.620699591043	0.5288039409	5	335	0	
275	0	46	step_1_no_load	1	2	1	501	
275	0	46	step_2_no_load	3	4	0.600964500555	0.55511883717	4	363	0	
275	0	47	step_1_no_load	1	2	1	397	
275	0	47	step_2_no_load	3	4	0.598724660986	0.546259467838	3	377	1	
275	0	48	step_1_no_load	1	2	1	452	
275	0	48	step_2_no_load	3	4	0.615767119776	0.534690828011	3	456	1	
275	0	49	step_1_no_load	1	2	1	578	
275	0	49	step_2_no_load	3	4	0.610193185592	0.512405963374	3	814	1	
275	0	50	step_1_no_load	1	2	1	521	
275	0	50	step_2_no_load	5	6	0.593458480934	0.47381367271	5	471	0	
275	0	51	step_1_no_load	1	2	1	440	
275	0	51	step_2_no_load	3	4	0.564866799699	0.508197321577	4	426	1	
275	0	52	step_1_no_load	1	2	1	504	
275	0	52	step_2_no_load	3	4	0.539065404057	0.513589895419	3	446	0	
275	0	53	step_1_no_load	1	2	1	330	
275	0	53	step_2_no_load	3	4	0.551457882502	0.475342927439	4	407	1	
275	0	54	step_1_no_load	1	2	1	721	
275	0	54	step_2_no_load	3	4	0.570223904064	0.493362545513	4	946	0	
275	0	55	step_1_no_load	1	2	1	536	
275	0	55	step_2_no_load	3	4	0.574045915747	0.526704292526	3	1034	0	
275	0	56	step_1_no_load	1	2	2	619	
275	0	56	step_2_no_load	5	6	0.60038825769	0.459773408493	5	995	0	
275	0	57	step_1_no_load	1	2	2	554	
275	0	57	step_2_no_load	5	6	0.586335094239	0.466449077359	6	466	0	
275	0	58	step_1_no_load	1	2	1	83	
275	0	58	step_2_no_load	3	4	0.664682809182	0.528376440027	3	1012	1	
275	0	59	step_1_no_load	1	2	1	409	
275	0	59	step_2_no_load	5	6	0.608951267756	0.480274332693	5	512	0	
275	0	60	step_1_no_load	1	2	1	212	
275	0	60	step_2_no_load	3	4	0.623687406259	0.479287247283	4	508	1	
275	0	61	step_1_no_load	1	2	1	402	
275	0	61	step_2_no_load	5	6	0.602879526975	0.464268875813	6	421	0	
275	0	62	step_1_no_load	1	2	1	451	
275	0	62	step_2_no_load	3	4	0.691137204746	0.533031417444	3	397	0	
275	0	63	step_1_no_load	1	2	2	298	
275	0	63	step_2_no_load	3	4	0.664284493458	0.519445130796	4	616	0	
275	0	64	step_1_no_load	1	2	2	366	
275	0	64	step_2_no_load	5	6	0.626149195169	0.555062911513	5	805	1	
275	0	65	step_1_no_load	1	2	2	499	
275	0	65	step_2_no_load	3	4	0.612660225018	0.517687993213	3	512	0	
275	0	66	step_1_no_load	1	2	2	95	
275	0	66	step_2_no_load	3	4	0.606938648072	0.555324764318	4	312	0	
275	0	67	step_1_no_load	1	2	1	635	
275	0	67	step_2_no_load	5	6	0.674463681351	0.542076810516	5	462	1	
275	0	68	step_1_no_load	1	2	1	1292	
275	0	68	step_2_no_load	5	6	0.719455209845	0.509127161919	5	360	0	
275	0	69	step_1_no_load	1	2	2	477	
275	0	69	step_2_no_load	5	6	0.718756538957	0.499137600991	5	395	1	
275	0	70	step_1_no_load	1	2	2	496	
275	0	70	step_2_no_load	5	6	0.697741832068	0.498834901463	5	352	0	
275	0	71	step_1_no_load	1	2	1	529	
275	0	71	step_2_no_load	3	4	0.639174917797	0.546215110045	4	340	1	
275	0	72	step_1_no_load	1	2	1	904	
275	0	72	step_2_no_load	3	4	0.626024641967	0.556486305476	3	656	1	
275	0	73	step_1_no_load	1	2	1	0	
275	0	73	step_2_no_load	3	4	0.657126403029	0.50185699984	3	486	1	
275	0	74	step_1_no_load	1	2	1	745	
275	0	74	step_2_no_load	5	6	0.693624670847	0.453420386428	6	596	1	
275	0	75	step_1_no_load	1	2	1	576	
275	0	75	step_2_no_load	3	4	0.615552849174	0.483983914712	3	1005	1	
275	0	76	step_1_no_load	1	2	1	593	
275	0	76	step_2_no_load	3	4	0.62770291155	0.518881389358	-1	-1	-1	
275	0	77	step_1_no_load	1	2	1	306	
275	0	77	step_2_no_load	3	4	0.564257587118	0.538119616568	3	266	1	
275	0	78	step_1_no_load	1	2	1	447	
275	0	78	step_2_no_load	3	4	0.536711448352	0.538654072849	3	498	1	
275	0	79	step_1_no_load	1	2	1	797	
275	0	79	step_2_no_load	5	6	0.647841624544	0.389124152368	5	929	1	
275	0	80	step_1_no_load	1	2	1	451	
275	0	80	step_2_no_load	3	4	0.518583383166	0.49921021142	3	319	0	
275	0	81	step_1_no_load	1	2	1	954	
275	0	81	step_2_no_load	5	6	0.702400933084	0.419265522488	6	587	1	
275	0	82	step_1_no_load	1	2	1	841	
275	0	82	step_2_no_load	3	4	0.564729328387	0.482727017837	3	832	0	
275	0	83	step_1_no_load	1	2	1	465	
275	0	83	step_2_no_load	5	6	0.726885136842	0.382772464038	6	392	0	
275	0	84	step_1_no_load	1	2	2	562	
275	0	84	step_2_no_load	5	6	0.731466635793	0.385087938645	5	1047	1	
275	0	85	step_1_no_load	1	2	2	698	
275	0	85	step_2_no_load	3	4	0.692384972752	0.485785534744	3	519	1	
275	0	86	step_1_no_load	1	2	2	975	
275	0	86	step_2_no_load	3	4	0.691782850001	0.486462788728	3	560	1	
275	0	87	step_1_no_load	1	2	2	572	
275	0	87	step_2_no_load	5	6	0.690012761069	0.40000499778	5	466	1	
275	0	88	step_1_no_load	1	2	2	632	
275	0	88	step_2_no_load	5	6	0.696773608304	0.377947492322	5	951	1	
275	0	89	step_1_no_load	1	2	2	718	
275	0	89	step_2_no_load	5	6	0.660112261017	0.415882489686	5	102	0	
275	0	90	step_1_no_load	1	2	1	624	
275	0	90	step_2_no_load	3	4	0.712247848046	0.530126112124	3	283	1	
275	0	91	step_1_no_load	1	2	1	661	
275	0	91	step_2_no_load	5	6	0.657820521772	0.43534164751	5	313	1	
275	0	92	step_1_no_load	1	2	1	507	
275	0	92	step_2_no_load	5	6	0.679381608313	0.444368850664	5	199	1	
275	0	93	step_1_no_load	1	2	1	562	
275	0	93	step_2_no_load	3	4	0.70415710998	0.473273727684	3	367	0	
275	0	94	step_1_no_load	1	2	2	605	
275	0	94	step_2_no_load	5	6	0.668295023896	0.429211756872	5	340	1	
275	0	95	step_1_no_load	1	2	2	504	
275	0	95	step_2_no_load	5	6	0.640209855442	0.427150666411	5	346	1	
275	0	96	step_1_no_load	1	2	-1	-1	
275	0	97	step_1_no_load	1	2	2	558	
275	0	97	step_2_no_load	5	6	0.651202057411	0.392885664353	5	714	1	
275	0	98	step_1_no_load	1	2	2	560	
275	0	98	step_2_no_load	5	6	0.646040060297	0.409778171713	5	322	0	
275	0	99	step_1_no_load	1	2	1	347	
275	0	99	step_2_no_load	3	4	0.673709850038	0.375249961522	3	560	0	
275	0	100	step_1_no_load	1	2	1	677	
275	0	100	step_2_no_load	3	4	0.666227451505	0.363162156005	4	346	0	
275	0	101	step_1_no_load	1	2	2	316	
275	0	101	step_2_no_load	5	6	0.655903528958	0.497432607584	6	280	1	
275	0	102	step_1_no_load	1	2	2	620	
275	0	102	step_2_no_load	5	6	0.663124617603	0.494584754513	6	333	1	
275	0	103	step_1_no_load	1	2	2	485	
275	0	103	step_2_no_load	5	6	0.69058998368	0.481975449893	6	323	1	
275	0	104	step_1_no_load	1	2	2	671	
275	0	104	step_2_no_load	5	6	0.743372642809	0.521047445908	6	316	1	
275	0	105	step_1_no_load	1	2	2	529	
275	0	105	step_2_no_load	3	4	0.689135357059	0.352639603242	4	353	0	
275	0	106	step_1_no_load	1	2	1	787	
275	0	106	step_2_no_load	5	6	0.699623252899	0.508908032404	5	431	1	
275	0	107	step_1_no_load	1	2	1	290	
275	0	107	step_2_no_load	3	4	0.692607431435	0.388257337796	3	615	0	
275	0	108	step_1_no_load	1	2	2	298	
275	0	108	step_2_no_load	5	6	0.681491063126	0.526955028982	6	355	1	
275	0	109	step_1_no_load	1	2	2	857	
275	0	109	step_2_no_load	5	6	0.68658494263	0.479977531501	6	408	0	
275	0	110	step_1_no_load	1	2	1	500	
275	0	110	step_2_no_load	3	4	0.729599891941	0.395544455384	3	535	1	
275	0	111	step_1_no_load	1	2	1	565	
275	0	111	step_2_no_load	5	6	0.634599547742	0.384948378665	5	330	0	
275	0	112	step_1_no_load	1	2	2	252	
275	0	112	step_2_no_load	5	6	0.635252945963	0.392887565883	6	446	1	
275	0	113	step_1_no_load	1	2	2	399	
275	0	113	step_2_no_load	5	6	0.634627459817	0.370697120277	6	632	1	
275	0	114	step_1_no_load	1	2	2	355	
275	0	114	step_2_no_load	5	6	0.657654904272	0.380324086676	6	449	0	
275	0	115	step_1_no_load	1	2	1	272	
275	0	115	step_2_no_load	3	4	0.739704344621	0.357661171116	3	278	1	
275	0	116	step_1_no_load	1	2	1	782	
275	0	116	step_2_no_load	3	4	0.706736514943	0.369438791876	3	366	1	
275	0	117	step_1_no_load	1	2	1	259	
275	0	117	step_2_no_load	3	4	0.747012267642	0.363056877927	3	337	0	
275	0	118	step_1_no_load	1	2	2	425	
275	0	118	step_2_no_load	5	6	0.690484235012	0.357645851833	6	485	0	
275	0	119	step_1_no_load	1	2	1	810	
275	0	119	step_2_no_load	3	4	0.690424535099	0.358243439099	3	308	1	
275	0	120	step_1_no_load	1	2	2	598	
275	0	120	step_2_no_load	5	6	0.666433355915	0.370150243662	6	260	0	
275	0	121	step_1_no_load	1	2	1	512	
275	0	121	step_2_no_load	3	4	0.658856304095	0.310775244958	3	569	0	
275	0	122	step_1_no_load	1	2	1	348	
275	0	122	step_2_no_load	3	4	0.6136886145	0.266650857402	4	354	0	
275	0	123	step_1_no_load	1	2	2	351	
275	0	123	step_2_no_load	3	4	0.583607229978	0.269780614928	3	367	1	
275	0	124	step_1_no_load	1	2	2	544	
275	0	124	step_2_no_load	5	6	0.624161788269	0.309430836661	5	413	0	
275	0	125	step_1_no_load	1	2	2	273	
275	0	125	step_2_no_load	5	6	0.633566302563	0.303110862715	6	268	1	
275	0	126	step_1_no_load	1	2	2	292	
275	0	126	step_2_no_load	3	4	0.537863824328	0.267206368684	4	349	1	
275	0	127	step_1_no_load	1	2	2	347	
275	0	127	step_2_no_load	5	6	0.646945556251	0.274944938508	6	314	0	
275	0	128	step_1_no_load	1	2	1	485	
275	0	128	step_2_no_load	5	6	0.620672334996	0.250790232267	6	544	0	
275	0	129	step_1_no_load	1	2	1	481	
275	0	129	step_2_no_load	3	4	0.685297910719	0.268213321963	3	281	1	
275	0	130	step_1_no_load	1	2	2	584	
275	0	130	step_2_no_load	5	6	0.630285316669	0.274560758494	6	328	1	
275	0	131	step_1_no_load	1	2	2	283	
275	0	131	step_2_no_load	5	6	0.638450601212	0.311475039155	6	525	0	
275	0	132	step_1_no_load	1	2	1	361	
275	0	132	step_2_no_load	5	6	0.660013924697	0.315328810424	5	416	1	
275	0	133	step_1_no_load	1	2	1	533	
275	0	133	step_2_no_load	5	6	0.691649444281	0.312642735495	5	445	1	
275	0	134	step_1_no_load	1	2	1	467	
275	0	134	step_2_no_load	5	6	0.685529359147	0.302839427162	5	329	1	
275	0	135	step_1_no_load	1	2	1	476	
275	0	135	step_2_no_load	3	4	0.593710006149	0.300079459047	3	256	1	
275	0	136	step_1_no_load	1	2	1	318	
275	0	136	step_2_no_load	3	4	0.597814413435	0.307766925452	3	294	1	
275	0	137	step_1_no_load	1	2	1	405	
275	0	137	step_2_no_load	3	4	0.605896884497	0.346433498467	3	398	1	
275	0	138	step_1_no_load	1	2	1	537	
275	0	138	step_2_no_load	3	4	0.63240964674	0.366701525561	3	370	1	
275	0	139	step_1_no_load	1	2	1	319	
275	0	139	step_2_no_load	3	4	0.636630981281	0.325611400511	3	464	1	
275	0	140	step_1_no_load	1	2	1	13	
275	0	140	step_2_no_load	3	4	0.671213945178	0.348740542008	3	562	0	
275	0	141	step_1_no_load	1	2	1	80	
275	0	141	step_2_no_load	3	4	0.711987889705	0.390227133375	4	355	0	
275	0	142	step_1_no_load	1	2	2	631	
275	0	142	step_2_no_load	5	6	0.627356259123	0.304203281606	6	871	0	
275	0	143	step_1_no_load	1	2	2	789	
275	0	143	step_2_no_load	3	4	0.661365099615	0.410970957547	3	408	0	
275	0	144	step_1_no_load	1	2	1	375	
275	0	144	step_2_no_load	5	6	0.639347300184	0.275932517017	5	316	1	
275	0	145	step_1_no_load	1	2	1	597	
275	0	145	step_2_no_load	5	6	0.606515632748	0.266265924094	5	318	1	
275	0	146	step_1_no_load	1	2	1	871	
275	0	146	step_2_no_load	5	6	0.593778463268	0.257861956214	5	167	0	
275	0	147	step_1_no_load	1	2	1	778	
275	0	147	step_2_no_load	3	4	0.647798886916	0.352879785946	4	1345	0	
275	0	148	step_1_no_load	1	2	1	1270	
275	0	148	step_2_no_load	3	4	0.619272702026	0.311162711725	3	459	1	
275	0	149	step_1_no_load	1	2	1	784	
275	0	149	step_2_no_load	3	4	0.601870110183	0.300290206122	3	402	1	
275	0	150	step_1_no_load	1	2	1	598	
275	0	150	step_2_no_load	3	4	0.575985663078	0.306860041627	3	573	0	
275	0	151	step_1_no_load	1	2	1	941	
275	0	151	step_2_no_load	3	4	0.59154759351	0.310557101463	3	324	1	
275	0	152	step_1_no_load	1	2	1	730	
275	0	152	step_2_no_load	3	4	0.595108765344	0.323194010514	3	512	1	
275	0	153	step_1_no_load	1	2	1	547	
275	0	153	step_2_no_load	3	4	0.613336203392	0.343622632154	3	424	0	
275	0	154	step_1_no_load	1	2	1	375	
275	0	154	step_2_no_load	5	6	0.671672162443	0.316375537537	5	401	0	
275	0	155	step_1_no_load	1	2	1	612	
275	0	155	step_2_no_load	3	4	0.632486591889	0.372188990474	4	340	1	
275	0	156	step_1_no_load	1	2	1	729	
275	0	156	step_2_no_load	3	4	0.631048201903	0.368378667812	4	438	0	
275	0	157	step_1_no_load	1	2	1	152	
275	0	157	step_2_no_load	3	4	0.585191807512	0.324728201487	3	61	1	
275	0	158	step_1_no_load	1	2	1	355	
275	0	158	step_2_no_load	5	6	0.694270715354	0.408728803896	5	342	1	
275	0	159	step_1_no_load	1	2	1	649	
275	0	159	step_2_no_load	5	6	0.697903160072	0.413026375257	5	407	1	
275	0	160	step_1_no_load	1	2	1	335	
275	0	160	step_2_no_load	5	6	0.710728171711	0.415052912783	5	410	1	
275	0	161	step_1_no_load	1	2	1	466	
275	0	161	step_2_no_load	3	4	0.516036498158	0.438878285506	3	517	0	
275	0	162	step_1_no_load	1	2	1	1	
275	0	162	step_2_no_load	5	6	0.695144769903	0.3926701003	5	408	0	
275	0	163	step_1_no_load	1	2	1	308	
275	0	163	step_2_no_load	3	4	0.5863391277	0.430920885959	4	324	0	
275	0	164	step_1_no_load	1	2	2	298	
275	0	164	step_2_no_load	5	6	0.692137394606	0.432761720497	6	653	0	
275	0	165	step_1_no_load	1	2	2	631	
275	0	165	step_2_no_load	5	6	0.717506143195	0.463777557969	5	359	1	
275	0	166	step_1_no_load	1	2	2	942	
275	0	166	step_2_no_load	5	6	0.686594248975	0.422282731054	5	422	0	
275	0	167	step_1_no_load	1	2	1	386	
275	0	167	step_2_no_load	3	4	0.585131062446	0.331115714939	3	348	0	
275	0	168	step_1_no_load	1	2	1	932	
275	0	168	step_2_no_load	3	4	0.613361520676	0.335777599654	4	433	0	
275	0	169	step_1_no_load	1	2	2	399	
275	0	169	step_2_no_load	3	4	0.586049140041	0.365156560071	4	313	0	
275	0	170	step_1_no_load	1	2	2	430	
275	0	170	step_2_no_load	5	6	0.67334314737	0.411067820436	5	346	1	
275	0	171	step_1_no_load	1	2	2	355	
275	0	171	step_2_no_load	5	6	0.727248140829	0.386979310814	5	359	0	
275	0	172	step_1_no_load	1	2	2	570	
275	0	172	step_2_no_load	5	6	0.668669556875	0.363617002148	5	373	0	
275	0	173	step_1_no_load	1	2	1	485	
275	0	173	step_2_no_load	3	4	0.484428109849	0.462866379815	3	335	1	
275	0	174	step_1_no_load	1	2	1	689	
275	0	174	step_2_no_load	3	4	0.472729524832	0.46236234172	3	689	1	
275	0	175	step_1_no_load	1	2	1	470	
275	0	175	step_2_no_load	5	6	0.693968268443	0.426185553904	5	487	1	
275	0	176	step_1_no_load	1	2	1	1059	
275	0	176	step_2_no_load	5	6	0.679250000396	0.383231572002	5	772	1	
275	0	177	step_1_no_load	1	2	1	495	
275	0	177	step_2_no_load	5	6	0.714070205704	0.357425668099	5	922	1	
275	0	178	step_1_no_load	1	2	1	501	
275	0	178	step_2_no_load	5	6	0.705993797498	0.36473828006	5	779	1	
275	0	179	step_1_no_load	1	2	1	0	
275	0	179	step_2_no_load	3	4	0.457298770028	0.493565996034	3	738	0	
275	0	180	step_1_no_load	1	2	2	514	
275	0	180	step_2_no_load	5	6	0.719795072986	0.341214611607	5	309	1	
275	0	181	step_1_no_load	1	2	1	402	
275	0	181	step_2_no_load	3	4	0.508735114046	0.480141179559	3	315	0	
275	0	182	step_1_no_load	1	2	2	376	
275	0	182	step_2_no_load	5	6	0.72717560423	0.340533666308	5	495	1	
275	0	183	step_1_no_load	1	2	2	592	
275	0	183	step_2_no_load	3	4	0.502991759047	0.492742497507	3	304	1	
275	0	184	step_1_no_load	1	2	2	324	
275	0	184	step_2_no_load	5	6	0.657291439324	0.362743255194	5	346	0	
275	0	185	step_1_no_load	1	2	1	437	
275	0	185	step_2_no_load	3	4	0.479703516092	0.482228039858	3	409	1	
275	0	186	step_1_no_load	1	2	1	40	
275	0	186	step_2_no_load	3	4	0.46870859828	0.484672582719	3	614	0	
275	0	187	step_1_no_load	1	2	2	461	
275	0	187	step_2_no_load	3	4	0.443962917772	0.498596507669	3	311	0	
275	0	188	step_1_no_load	1	2	2	336	
275	0	188	step_2_no_load	5	6	0.696362660087	0.291508050861	6	1048	0	
275	0	189	step_1_no_load	1	2	1	594	
275	0	189	step_2_no_load	3	4	0.448897869069	0.534753756004	4	497	0	
275	0	190	step_1_no_load	1	2	1	332	
275	0	190	step_2_no_load	3	4	0.433568856946	0.505820429042	3	29	1	
275	0	191	step_1_no_load	1	2	1	619	
275	0	191	step_2_no_load	3	4	0.435748387321	0.512103523931	3	528	1	
275	0	192	step_1_no_load	1	2	1	770	
275	0	192	step_2_no_load	5	6	0.705517419189	0.299297135717	5	392	1	
275	0	193	step_1_no_load	1	2	1	208	
275	0	193	step_2_no_load	3	4	0.440813209638	0.504944704439	3	711	1	
275	0	194	step_1_no_load	1	2	1	632	
275	0	194	step_2_no_load	3	4	0.433250459893	0.505359594715	3	791	1	
275	0	195	step_1_no_load	1	2	1	838	
275	0	195	step_2_no_load	5	6	0.646280688878	0.348571348505	5	1356	1	
275	0	196	step_1_no_load	1	2	1	466	
275	0	196	step_2_no_load	3	4	0.421761207498	0.496717662777	3	555	1	
275	0	197	step_1_no_load	1	2	1	663	
275	0	197	step_2_no_load	3	4	0.422511153127	0.47786945426	3	579	1	
275	0	198	step_1_no_load	1	2	1	437	
275	0	198	step_2_no_load	3	4	0.397292432346	0.485065498391	3	497	0	
275	0	199	step_1_no_load	1	2	2	556	
275	0	199	step_2_no_load	3	4	0.39793773834	0.529438031858	3	348	1	
275	0	200	step_1_no_load	1	2	1	545	
275	0	200	step_2_no_load	5	6	0.728996708473	0.299128796668	5	346	1	

Thu Nov 14 14:50:53 2019
