Fri Nov 15 15:43:18 2019	
276	0	1	step_1_no_load	1	2	-1	-1	
276	0	2	step_1_no_load	1	2	1	580	
276	0	2	step_2_no_load	3	4	0.533203491871	0.580156942153	-1	-1	-1	
276	0	3	step_1_no_load	1	2	2	883	
276	0	3	step_2_no_load	5	6	0.476767372206	0.589215227351	-1	-1	-1	
276	0	4	step_1_no_load	1	2	-1	-1	
276	0	5	step_1_no_load	1	2	2	423	
276	0	5	step_2_no_load	5	6	0.495568760483	0.576104915614	6	419	0	
276	0	6	step_1_no_load	1	2	-1	-1	
276	0	7	step_1_no_load	1	2	2	713	
276	0	7	step_2_no_load	5	6	0.500071913476	0.622642364361	5	595	1	
276	0	8	step_1_no_load	1	2	2	535	
276	0	8	step_2_no_load	3	4	0.499203529332	0.59128639594	3	423	0	
276	0	9	step_1_no_load	1	2	2	434	
276	0	9	step_2_no_load	5	6	0.496546708465	0.641106877158	5	430	0	
276	0	10	step_1_no_load	1	2	1	333	
276	0	10	step_2_no_load	3	4	0.576063520885	0.652626043146	4	405	0	
276	0	11	step_1_no_load	1	2	1	330	
276	0	11	step_2_no_load	3	4	0.59022801242	0.69163818036	3	408	1	
276	0	12	step_1_no_load	1	2	1	40	
276	0	12	step_2_no_load	3	4	0.597131918027	0.682786328054	3	507	0	
276	0	13	step_1_no_load	1	2	1	5	
276	0	13	step_2_no_load	5	6	0.52012981853	0.558313135925	6	460	1	
276	0	14	step_1_no_load	1	2	1	527	
276	0	14	step_2_no_load	5	6	0.491234392147	0.545555696267	6	498	0	
276	0	15	step_1_no_load	1	2	2	426	
276	0	15	step_2_no_load	5	6	0.505377237737	0.570419113221	6	398	0	
276	0	16	step_1_no_load	1	2	1	342	
276	0	16	step_2_no_load	5	6	0.510958036527	0.553308964466	5	302	1	
276	0	17	step_1_no_load	1	2	1	23	
276	0	17	step_2_no_load	3	4	0.643116883134	0.633350170016	4	367	1	
276	0	18	step_1_no_load	1	2	1	401	
276	0	18	step_2_no_load	3	4	0.626895526976	0.626834332012	3	222	1	
276	0	19	step_1_no_load	1	2	2	152	
276	0	19	step_2_no_load	3	4	0.644773170243	0.619895761657	3	335	0	
276	0	20	step_1_no_load	1	2	2	4	
276	0	20	step_2_no_load	5	6	0.478025448397	0.491720931314	5	442	1	
276	0	21	step_1_no_load	1	2	1	628	
276	0	21	step_2_no_load	3	4	0.611328949295	0.630305464549	3	644	1	
276	0	22	step_1_no_load	1	2	1	381	
276	0	22	step_2_no_load	3	4	0.618527126547	0.621949894727	3	911	0	
276	0	23	step_1_no_load	1	2	1	550	
276	0	23	step_2_no_load	3	4	0.604065470975	0.640163623731	3	535	1	
276	0	24	step_1_no_load	1	2	1	659	
276	0	24	step_2_no_load	5	6	0.505388876622	0.503316199018	5	498	0	
276	0	25	step_1_no_load	1	2	1	502	
276	0	25	step_2_no_load	3	4	0.629917901014	0.565698722896	3	530	1	
276	0	26	step_1_no_load	1	2	1	376	
276	0	26	step_2_no_load	5	6	0.511744353778	0.532884212818	5	555	0	
276	0	27	step_1_no_load	1	2	1	417	
276	0	27	step_2_no_load	3	4	0.642144756622	0.57860777711	3	717	0	
276	0	28	step_1_no_load	1	2	1	278	
276	0	28	step_2_no_load	3	4	0.647441527317	0.588356036098	3	887	1	
276	0	29	step_1_no_load	1	2	1	308	
276	0	29	step_2_no_load	3	4	0.618626354124	0.606613029227	3	502	1	
276	0	30	step_1_no_load	1	2	1	326	
276	0	30	step_2_no_load	3	4	0.610227092493	0.608245979832	3	457	1	
276	0	31	step_1_no_load	1	2	1	391	
276	0	31	step_2_no_load	5	6	0.483156722265	0.541819886458	5	582	0	
276	0	32	step_1_no_load	1	2	2	438	
276	0	32	step_2_no_load	5	6	0.520318771114	0.522993086096	6	326	1	
276	0	33	step_1_no_load	1	2	1	430	
276	0	33	step_2_no_load	3	4	0.618000238621	0.611700032906	3	267	0	
276	0	34	step_1_no_load	1	2	2	269	
276	0	34	step_2_no_load	5	6	0.454565258478	0.538523758058	6	644	1	
276	0	35	step_1_no_load	1	2	2	461	
276	0	35	step_2_no_load	3	4	0.649776015006	0.566827313385	3	764	1	
276	0	36	step_1_no_load	1	2	2	473	
276	0	36	step_2_no_load	5	6	0.513210053121	0.611274573488	6	605	0	
276	0	37	step_1_no_load	1	2	1	362	
276	0	37	step_2_no_load	3	4	0.660658056664	0.513822304161	4	719	0	
276	0	38	step_1_no_load	1	2	2	463	
276	0	38	step_2_no_load	3	4	0.651263699161	0.539078491643	4	621	1	
276	0	39	step_1_no_load	1	2	1	453	
276	0	39	step_2_no_load	3	4	0.634483337633	0.557005857101	4	413	1	
276	0	40	step_1_no_load	1	2	2	411	
276	0	40	step_2_no_load	5	6	0.5691386571	0.607992802154	6	521	0	
276	0	41	step_1_no_load	1	2	2	447	
276	0	41	step_2_no_load	5	6	0.583829055298	0.588857868869	5	146	1	
276	0	42	step_1_no_load	1	2	2	411	
276	0	42	step_2_no_load	5	6	0.553461946234	0.609164606591	5	216	0	
276	0	43	step_1_no_load	1	2	2	401	
276	0	43	step_2_no_load	5	6	0.548128010644	0.612705031264	6	767	0	
276	0	44	step_1_no_load	1	2	2	470	
276	0	44	step_2_no_load	5	6	0.537842745081	0.611481438855	5	156	1	
276	0	45	step_1_no_load	1	2	2	510	
276	0	45	step_2_no_load	3	4	0.620699591043	0.579346234508	4	688	1	
276	0	46	step_1_no_load	1	2	2	1214	
276	0	46	step_2_no_load	3	4	0.654261318712	0.55511883717	3	491	0	
276	0	47	step_1_no_load	1	2	1	499	
276	0	47	step_2_no_load	3	4	0.634373567175	0.546259467838	3	150	1	
276	0	48	step_1_no_load	1	2	2	717	
276	0	48	step_2_no_load	5	6	0.488280685105	0.615767119776	6	699	1	
276	0	49	step_1_no_load	1	2	1	490	
276	0	49	step_2_no_load	3	4	0.614679490594	0.512405963374	4	0	0	
276	0	50	step_1_no_load	1	2	2	231	
276	0	50	step_2_no_load	5	6	0.47381367271	0.606862017918	6	582	0	
276	0	51	step_1_no_load	1	2	2	764	
276	0	51	step_2_no_load	3	4	0.613357430892	0.508197321577	4	789	1	
276	0	52	step_1_no_load	1	2	2	636	
276	0	52	step_2_no_load	5	6	0.429622901875	0.539065404057	6	794	1	
276	0	53	step_1_no_load	1	2	2	890	
276	0	53	step_2_no_load	3	4	0.630956764252	0.475342927439	4	732	0	
276	0	54	step_1_no_load	1	2	2	436	
276	0	54	step_2_no_load	3	4	0.652515308527	0.493362545513	4	94	0	
276	0	55	step_1_no_load	1	2	2	592	
276	0	55	step_2_no_load	5	6	0.487025527704	0.574045915747	6	738	0	
276	0	56	step_1_no_load	1	2	1	3	
276	0	56	step_2_no_load	3	4	0.60038825769	0.538512915562	4	477	1	
276	0	57	step_1_no_load	1	2	2	490	
276	0	57	step_2_no_load	5	6	0.466449077359	0.641849303307	6	917	0	
276	0	58	step_1_no_load	1	2	1	626	
276	0	58	step_2_no_load	3	4	0.610896130115	0.528376440027	4	589	1	
276	0	59	step_1_no_load	1	2	-1	-1	
276	0	60	step_1_no_load	1	2	-1	-1	
276	0	61	step_1_no_load	1	2	1	885	
276	0	61	step_2_no_load	3	4	0.602879526975	0.527144452559	-1	-1	-1	
276	0	62	step_1_no_load	1	2	1	18	
276	0	62	step_2_no_load	3	4	0.622820395113	0.533031417444	3	81	1	
276	0	63	step_1_no_load	1	2	1	992	
276	0	63	step_2_no_load	3	4	0.642623127313	0.519445130796	4	247	0	
276	0	64	step_1_no_load	1	2	1	520	
276	0	64	step_2_no_load	3	4	0.626149195169	0.533849886794	4	808	1	
276	0	65	step_1_no_load	1	2	1	1267	
276	0	65	step_2_no_load	5	6	0.569109504048	0.612660225018	-1	-1	-1	
276	0	66	step_1_no_load	1	2	1	105	
276	0	66	step_2_no_load	3	4	0.630357351236	0.555324764318	-1	-1	-1	
276	0	67	step_1_no_load	1	2	2	884	
276	0	67	step_2_no_load	3	4	0.674463681351	0.538279387614	4	64	0	
276	0	68	step_1_no_load	1	2	-1	-1	
276	0	69	step_1_no_load	1	2	-1	-1	
276	0	70	step_1_no_load	1	2	-1	-1	
276	0	71	step_1_no_load	1	2	-1	-1	
276	0	72	step_1_no_load	1	2	-1	-1	
276	0	73	step_1_no_load	1	2	1	1151	
276	0	73	step_2_no_load	3	4	0.727961155836	0.50185699984	3	626	1	
276	0	74	step_1_no_load	1	2	1	958	
276	0	74	step_2_no_load	5	6	0.453420386428	0.614462146454	5	660	1	
276	0	75	step_1_no_load	1	2	1	1449	
276	0	75	step_2_no_load	3	4	0.697629587097	0.483983914712	3	695	1	
276	0	76	step_1_no_load	1	2	-1	-1	
276	0	77	step_1_no_load	1	2	1	1045	
276	0	77	step_2_no_load	5	6	0.446809557226	0.564257587118	6	1137	0	
276	0	78	step_1_no_load	1	2	1	460	
276	0	78	step_2_no_load	3	4	0.647586191228	0.538654072849	3	0	1	
276	0	79	step_1_no_load	1	2	1	491	
276	0	79	step_2_no_load	3	4	0.647841624544	0.540085062695	3	499	1	
276	0	80	step_1_no_load	1	2	1	483	
276	0	80	step_2_no_load	3	4	0.703969305517	0.49921021142	-1	-1	-1	
276	0	81	step_1_no_load	1	2	1	428	
276	0	81	step_2_no_load	3	4	0.702400933084	0.494116554432	3	20	0	
276	0	82	step_1_no_load	1	2	1	133	
276	0	82	step_2_no_load	3	4	0.688340116885	0.482727017837	-1	-1	-1	
276	0	83	step_1_no_load	1	2	-1	-1	
276	0	84	step_1_no_load	1	2	-1	-1	
276	0	85	step_1_no_load	1	2	1	543	
276	0	85	step_2_no_load	5	6	0.384458259121	0.692384972752	5	565	0	
276	0	86	step_1_no_load	1	2	2	0	
276	0	86	step_2_no_load	5	6	0.345323068124	0.691782850001	5	437	0	
276	0	87	step_1_no_load	1	2	2	276	
276	0	87	step_2_no_load	3	4	0.690012761069	0.493867001103	3	624	0	
276	0	88	step_1_no_load	1	2	-1	-1	
276	0	89	step_1_no_load	1	2	1	743	
276	0	89	step_2_no_load	3	4	0.660112261017	0.490019385174	-1	-1	-1	
276	0	90	step_1_no_load	1	2	1	604	
276	0	90	step_2_no_load	3	4	0.688736868033	0.530126112124	-1	-1	-1	
276	0	91	step_1_no_load	1	2	1	553	
276	0	91	step_2_no_load	3	4	0.657820521772	0.479087223222	3	467	1	
276	0	92	step_1_no_load	1	2	1	533	
276	0	92	step_2_no_load	3	4	0.679381608313	0.484260039873	3	804	1	
276	0	93	step_1_no_load	1	2	1	517	
276	0	93	step_2_no_load	3	4	0.662863370634	0.473273727684	-1	-1	-1	
276	0	94	step_1_no_load	1	2	2	1409	
276	0	94	step_2_no_load	5	6	0.429211756872	0.719464414227	6	699	1	
276	0	95	step_1_no_load	1	2	-1	-1	
276	0	96	step_1_no_load	1	2	2	413	
276	0	96	step_2_no_load	5	6	0.383038640121	0.693739812506	6	127	1	
276	0	97	step_1_no_load	1	2	1	352	
276	0	97	step_2_no_load	3	4	0.651202057411	0.455601814112	3	46	0	
276	0	98	step_1_no_load	1	2	2	400	
276	0	98	step_2_no_load	5	6	0.409778171713	0.70287861952	6	55	1	
276	0	99	step_1_no_load	1	2	2	446	
276	0	99	step_2_no_load	3	4	0.645191748454	0.375249961522	4	83	0	
276	0	100	step_1_no_load	1	2	1	613	
276	0	100	step_2_no_load	3	4	0.66579920021	0.363162156005	3	381	0	
276	0	101	step_1_no_load	1	2	2	654	
276	0	101	step_2_no_load	5	6	0.497432607584	0.623812401974	6	716	1	
276	0	102	step_1_no_load	1	2	2	882	
276	0	102	step_2_no_load	3	4	0.663124617603	0.326080462175	-1	-1	-1	
276	0	103	step_1_no_load	1	2	1	635	
276	0	103	step_2_no_load	3	4	0.69058998368	0.322834495838	-1	-1	-1	
276	0	104	step_1_no_load	1	2	2	803	
276	0	104	step_2_no_load	5	6	0.521047445908	0.703870701136	5	637	1	
276	0	105	step_1_no_load	1	2	2	487	
276	0	105	step_2_no_load	5	6	0.514318365187	0.689135357059	5	658	0	
276	0	106	step_1_no_load	1	2	2	466	
276	0	106	step_2_no_load	5	6	0.508908032404	0.712883638252	5	743	1	
276	0	107	step_1_no_load	1	2	2	559	
276	0	107	step_2_no_load	3	4	0.677514185929	0.388257337796	3	538	0	
276	0	108	step_1_no_load	1	2	2	614	
276	0	108	step_2_no_load	3	4	0.681491063126	0.388185708856	3	1194	0	
276	0	109	step_1_no_load	1	2	2	442	
276	0	109	step_2_no_load	5	6	0.479977531501	0.71632547018	5	793	0	
276	0	110	step_1_no_load	1	2	2	434	
276	0	110	step_2_no_load	5	6	0.432626681236	0.729599891941	5	758	0	
276	0	111	step_1_no_load	1	2	2	494	
276	0	111	step_2_no_load	5	6	0.384948378665	0.724852671171	5	296	0	
276	0	112	step_1_no_load	1	2	2	715	
276	0	112	step_2_no_load	5	6	0.392887565883	0.725701866094	6	541	1	
276	0	113	step_1_no_load	1	2	-1	-1	
276	0	114	step_1_no_load	1	2	2	457	
276	0	114	step_2_no_load	3	4	0.657654904272	0.384736699284	4	392	0	
276	0	115	step_1_no_load	1	2	2	422	
276	0	115	step_2_no_load	5	6	0.390027643099	0.739704344621	5	618	0	
276	0	116	step_1_no_load	1	2	2	491	
276	0	116	step_2_no_load	3	4	0.680124293449	0.369438791876	4	491	0	
276	0	117	step_1_no_load	1	2	2	483	
276	0	117	step_2_no_load	5	6	0.374621793791	0.747012267642	6	402	0	
276	0	118	step_1_no_load	1	2	1	407	
276	0	118	step_2_no_load	3	4	0.690484235012	0.362977115924	3	434	1	
276	0	119	step_1_no_load	1	2	1	923	
276	0	119	step_2_no_load	3	4	0.661177321751	0.358243439099	4	439	0	
276	0	120	step_1_no_load	1	2	1	544	
276	0	120	step_2_no_load	3	4	0.666433355915	0.333809617664	3	645	1	
276	0	121	step_1_no_load	1	2	2	759	
276	0	121	step_2_no_load	3	4	0.671052306195	0.310775244958	4	501	0	
276	0	122	step_1_no_load	1	2	1	449	
276	0	122	step_2_no_load	3	4	0.672193618854	0.266650857402	3	745	0	
276	0	123	step_1_no_load	1	2	2	473	
276	0	123	step_2_no_load	5	6	0.337526896345	0.583607229978	5	579	1	
276	0	124	step_1_no_load	1	2	1	819	
276	0	124	step_2_no_load	3	4	0.624161788269	0.26095206597	3	322	1	
276	0	125	step_1_no_load	1	2	1	371	
276	0	125	step_2_no_load	3	4	0.633566302563	0.290374841566	3	219	0	
276	0	126	step_1_no_load	1	2	-1	-1	
276	0	127	step_1_no_load	1	2	1	386	
276	0	127	step_2_no_load	5	6	0.274944938508	0.560824094575	5	336	0	
276	0	128	step_1_no_load	1	2	1	315	
276	0	128	step_2_no_load	3	4	0.620672334996	0.260252451606	3	337	0	
276	0	129	step_1_no_load	1	2	1	190	
276	0	129	step_2_no_load	3	4	0.632682846317	0.268213321963	3	247	0	
276	0	130	step_1_no_load	1	2	1	52	
276	0	130	step_2_no_load	3	4	0.630285316669	0.267460866951	3	719	1	
276	0	131	step_1_no_load	1	2	1	3	
276	0	131	step_2_no_load	3	4	0.638450601212	0.281500842289	3	648	1	
276	0	132	step_1_no_load	1	2	1	468	
276	0	132	step_2_no_load	5	6	0.315328810424	0.668578020634	5	196	1	
276	0	133	step_1_no_load	1	2	1	404	
276	0	133	step_2_no_load	3	4	0.691649444281	0.315608831386	-1	-1	-1	
276	0	134	step_1_no_load	1	2	1	626	
276	0	134	step_2_no_load	5	6	0.302839427162	0.621945110858	5	632	0	
276	0	135	step_1_no_load	1	2	1	491	
276	0	135	step_2_no_load	5	6	0.287118934166	0.593710006149	5	548	1	
276	0	136	step_1_no_load	1	2	1	489	
276	0	136	step_2_no_load	3	4	0.674914008636	0.307766925452	3	543	0	
276	0	137	step_1_no_load	1	2	1	1083	
276	0	137	step_2_no_load	3	4	0.668540846495	0.346433498467	3	453	1	
276	0	138	step_1_no_load	1	2	1	484	
276	0	138	step_2_no_load	3	4	0.688182193337	0.366701525561	3	527	0	
276	0	139	step_1_no_load	1	2	1	423	
276	0	139	step_2_no_load	3	4	0.696355985729	0.325611400511	3	533	1	
276	0	140	step_1_no_load	1	2	1	476	
276	0	140	step_2_no_load	3	4	0.637682840728	0.348740542008	-1	-1	-1	
276	0	141	step_1_no_load	1	2	1	565	
276	0	141	step_2_no_load	3	4	0.616803346728	0.390227133375	3	1375	1	
276	0	142	step_1_no_load	1	2	2	872	
276	0	142	step_2_no_load	3	4	0.627356259123	0.397052682821	4	516	0	
276	0	143	step_1_no_load	1	2	2	680	
276	0	143	step_2_no_load	3	4	0.610219102298	0.410970957547	4	574	1	
276	0	144	step_1_no_load	1	2	2	460	
276	0	144	step_2_no_load	5	6	0.275932517017	0.626443722248	5	583	0	
276	0	145	step_1_no_load	1	2	2	402	
276	0	145	step_2_no_load	3	4	0.606515632748	0.355256413269	4	661	0	
276	0	146	step_1_no_load	1	2	2	596	
276	0	146	step_2_no_load	3	4	0.593778463268	0.320877500969	4	858	1	
276	0	147	step_1_no_load	1	2	2	602	
276	0	147	step_2_no_load	5	6	0.265578160642	0.647798886916	5	480	1	
276	0	148	step_1_no_load	1	2	2	256	
276	0	148	step_2_no_load	3	4	0.648050021239	0.311162711725	3	384	1	
276	0	149	step_1_no_load	1	2	2	450	
276	0	149	step_2_no_load	3	4	0.623203869836	0.300290206122	3	463	0	
276	0	150	step_1_no_load	1	2	2	484	
276	0	150	step_2_no_load	3	4	0.605912419156	0.306860041627	3	417	1	
276	0	151	step_1_no_load	1	2	2	568	
276	0	151	step_2_no_load	5	6	0.348172164421	0.59154759351	5	859	1	
276	0	152	step_1_no_load	1	2	2	751	
276	0	152	step_2_no_load	5	6	0.307702500543	0.595108765344	6	1369	0	
276	0	153	step_1_no_load	1	2	2	425	
276	0	153	step_2_no_load	5	6	0.309356532263	0.613336203392	-1	-1	-1	
276	0	154	step_1_no_load	1	2	2	509	
276	0	154	step_2_no_load	5	6	0.316375537537	0.638934099562	5	983	0	
276	0	155	step_1_no_load	1	2	2	367	
276	0	155	step_2_no_load	5	6	0.296093457977	0.632486591889	5	1071	0	
276	0	156	step_1_no_load	1	2	2	20	
276	0	156	step_2_no_load	5	6	0.32564867104	0.631048201903	6	909	1	
276	0	157	step_1_no_load	1	2	2	1486	
276	0	157	step_2_no_load	5	6	0.350909357271	0.585191807512	6	617	0	
276	0	158	step_1_no_load	1	2	2	1223	
276	0	158	step_2_no_load	5	6	0.408728803896	0.532722108502	6	973	1	
276	0	159	step_1_no_load	1	2	1	334	
276	0	159	step_2_no_load	3	4	0.697903160072	0.321150411254	4	1189	0	
276	0	160	step_1_no_load	1	2	-1	-1	
276	0	161	step_1_no_load	1	2	1	384	
276	0	161	step_2_no_load	5	6	0.407025633682	0.516036498158	6	877	0	
276	0	162	step_1_no_load	1	2	1	611	
276	0	162	step_2_no_load	3	4	0.695144769903	0.455329532209	4	1485	0	
276	0	163	step_1_no_load	1	2	-1	-1	
276	0	164	step_1_no_load	1	2	1	489	
276	0	164	step_2_no_load	3	4	0.692137394606	0.430844125626	-1	-1	-1	
276	0	165	step_1_no_load	1	2	-1	-1	
276	0	166	step_1_no_load	1	2	-1	-1	
276	0	167	step_1_no_load	1	2	2	518	
276	0	167	step_2_no_load	3	4	0.706271792549	0.331115714939	-1	-1	-1	
276	0	168	step_1_no_load	1	2	2	859	
276	0	168	step_2_no_load	5	6	0.400817642375	0.613361520676	5	721	1	
276	0	169	step_1_no_load	1	2	2	792	
276	0	169	step_2_no_load	5	6	0.42098542374	0.586049140041	6	1191	0	
276	0	170	step_1_no_load	1	2	2	837	
276	0	170	step_2_no_load	5	6	0.411067820436	0.57151385403	5	1325	0	
276	0	171	step_1_no_load	1	2	2	801	
276	0	171	step_2_no_load	3	4	0.727248140829	0.425122034074	3	1311	0	
276	0	172	step_1_no_load	1	2	2	383	
276	0	172	step_2_no_load	5	6	0.363617002148	0.519090471457	6	550	1	
276	0	173	step_1_no_load	1	2	1	376	
276	0	173	step_2_no_load	3	4	0.667027212577	0.462866379815	4	435	1	
276	0	174	step_1_no_load	1	2	2	441	
276	0	174	step_2_no_load	3	4	0.729877433725	0.46236234172	3	364	1	
276	0	175	step_1_no_load	1	2	2	578	
276	0	175	step_2_no_load	5	6	0.426185553904	0.52644949356	5	1133	0	
276	0	176	step_1_no_load	1	2	2	425	
276	0	176	step_2_no_load	5	6	0.383231572002	0.474046874473	6	639	0	
276	0	177	step_1_no_load	1	2	1	850	
276	0	177	step_2_no_load	3	4	0.714070205704	0.4798184927	4	496	0	
276	0	178	step_1_no_load	1	2	2	380	
276	0	178	step_2_no_load	5	6	0.36473828006	0.493712351915	5	273	0	
276	0	179	step_1_no_load	1	2	2	401	
276	0	179	step_2_no_load	5	6	0.324685418097	0.457298770028	5	316	0	
276	0	180	step_1_no_load	1	2	2	332	
276	0	180	step_2_no_load	5	6	0.341214611607	0.482853857291	5	429	0	
276	0	181	step_1_no_load	1	2	2	341	
276	0	181	step_2_no_load	3	4	0.746910336326	0.480141179559	3	515	1	
276	0	182	step_1_no_load	1	2	2	355	
276	0	182	step_2_no_load	5	6	0.340533666308	0.506773281362	5	167	0	
276	0	183	step_1_no_load	1	2	2	418	
276	0	183	step_2_no_load	5	6	0.350175837802	0.502991759047	6	615	0	
276	0	184	step_1_no_load	1	2	2	495	
276	0	184	step_2_no_load	3	4	0.657291439324	0.480863422096	3	597	1	
276	0	185	step_1_no_load	1	2	2	524	
276	0	185	step_2_no_load	5	6	0.362611152222	0.479703516092	6	728	1	
276	0	186	step_1_no_load	1	2	2	355	
276	0	186	step_2_no_load	3	4	0.656308636836	0.484672582719	4	784	0	
276	0	187	step_1_no_load	1	2	1	714	
276	0	187	step_2_no_load	5	6	0.328890769988	0.443962917772	6	117	0	
276	0	188	step_1_no_load	1	2	1	307	
276	0	188	step_2_no_load	3	4	0.696362660087	0.548350535247	3	818	1	
276	0	189	step_1_no_load	1	2	2	449	
276	0	189	step_2_no_load	3	4	0.688353284054	0.534753756004	3	337	1	
276	0	190	step_1_no_load	1	2	2	934	
276	0	190	step_2_no_load	3	4	0.667655825994	0.505820429042	3	239	1	
276	0	191	step_1_no_load	1	2	2	604	
276	0	191	step_2_no_load	5	6	0.318839908867	0.435748387321	-1	-1	-1	
276	0	192	step_1_no_load	1	2	2	439	
276	0	192	step_2_no_load	3	4	0.705517419189	0.493851022417	3	223	0	
276	0	193	step_1_no_load	1	2	2	420	
276	0	193	step_2_no_load	5	6	0.321008037746	0.440813209638	6	503	0	
276	0	194	step_1_no_load	1	2	2	360	
276	0	194	step_2_no_load	5	6	0.342437174514	0.433250459893	5	578	0	
276	0	195	step_1_no_load	1	2	2	311	
276	0	195	step_2_no_load	3	4	0.646280688878	0.494102184238	3	222	1	
276	0	196	step_1_no_load	1	2	1	423	
276	0	196	step_2_no_load	5	6	0.365373286058	0.421761207498	6	125	1	
276	0	197	step_1_no_load	1	2	1	0	
276	0	197	step_2_no_load	3	4	0.686552522522	0.47786945426	3	326	1	
276	0	198	step_1_no_load	1	2	1	454	
276	0	198	step_2_no_load	3	4	0.68660989813	0.485065498391	3	500	1	
276	0	199	step_1_no_load	1	2	1	567	
276	0	199	step_2_no_load	3	4	0.73697129762	0.529438031858	4	556	0	
276	0	200	step_1_no_load	1	2	2	559	
276	0	200	step_2_no_load	5	6	0.299128796668	0.372436949782	5	1477	0	

Fri Nov 15 16:01:42 2019
