Tue Nov 19 15:11:13 2019	
277	0	1	step_1_no_load	1	2	-1	-1	
277	0	2	step_1_no_load	1	2	2	817	
277	0	2	step_2_no_load	5	6	0.580156942153	0.533203491871	-1	-1	-1	
277	0	3	step_1_no_load	1	2	1	658	
277	0	3	step_2_no_load	3	4	0.476767372206	0.589215227351	3	649	1	
277	0	4	step_1_no_load	1	2	2	552	
277	0	4	step_2_no_load	5	6	0.597491569846	0.494597764192	5	1062	1	
277	0	5	step_1_no_load	1	2	1	982	
277	0	5	step_2_no_load	3	4	0.495568760483	0.576104915614	-1	-1	-1	
277	0	6	step_1_no_load	1	2	2	454	
277	0	6	step_2_no_load	3	4	0.506877622204	0.603642866427	3	27	1	
277	0	7	step_1_no_load	1	2	1	413	
277	0	7	step_2_no_load	3	4	0.500071913476	0.622642364361	4	959	1	
277	0	8	step_1_no_load	1	2	1	475	
277	0	8	step_2_no_load	5	6	0.59128639594	0.499203529332	6	959	0	
277	0	9	step_1_no_load	1	2	1	602	
277	0	9	step_2_no_load	3	4	0.496546708465	0.641106877158	3	901	0	
277	0	10	step_1_no_load	1	2	1	673	
277	0	10	step_2_no_load	5	6	0.652626043146	0.576063520885	5	821	0	
277	0	11	step_1_no_load	1	2	2	523	
277	0	11	step_2_no_load	5	6	0.69163818036	0.59022801242	5	789	0	
277	0	12	step_1_no_load	1	2	2	566	
277	0	12	step_2_no_load	5	6	0.682786328054	0.597131918027	6	601	1	
277	0	13	step_1_no_load	1	2	2	728	
277	0	13	step_2_no_load	5	6	0.653587098421	0.595790490356	5	604	1	
277	0	14	step_1_no_load	1	2	1	906	
277	0	14	step_2_no_load	3	4	0.491234392147	0.545555696267	3	758	1	
277	0	15	step_1_no_load	1	2	1	737	
277	0	15	step_2_no_load	3	4	0.505377237737	0.570419113221	4	988	0	
277	0	16	step_1_no_load	1	2	2	567	
277	0	16	step_2_no_load	5	6	0.628091198119	0.626326396372	6	449	1	
277	0	17	step_1_no_load	1	2	1	805	
277	0	17	step_2_no_load	3	4	0.535958400205	0.562895132605	4	850	1	
277	0	18	step_1_no_load	1	2	1	741	
277	0	18	step_2_no_load	3	4	0.517514133912	0.553554620302	3	720	1	
277	0	19	step_1_no_load	1	2	2	601	
277	0	19	step_2_no_load	5	6	0.619895761657	0.644773170243	6	613	0	
277	0	20	step_1_no_load	1	2	2	464	
277	0	20	step_2_no_load	5	6	0.636521555122	0.60665343963	6	721	1	
277	0	21	step_1_no_load	1	2	2	617	
277	0	21	step_2_no_load	5	6	0.630305464549	0.611328949295	5	600	0	
277	0	22	step_1_no_load	1	2	1	448	
277	0	22	step_2_no_load	5	6	0.621949894727	0.618527126547	5	379	0	
277	0	23	step_1_no_load	1	2	2	500	
277	0	23	step_2_no_load	5	6	0.640163623731	0.604065470975	5	484	1	
277	0	24	step_1_no_load	1	2	2	615	
277	0	24	step_2_no_load	5	6	0.582115115688	0.5800912085	5	1188	1	
277	0	25	step_1_no_load	1	2	2	597	
277	0	25	step_2_no_load	5	6	0.565698722896	0.629917901014	5	752	0	
277	0	26	step_1_no_load	1	2	2	540	
277	0	26	step_2_no_load	3	4	0.511744353778	0.532884212818	3	1071	1	
277	0	27	step_1_no_load	1	2	2	619	
277	0	27	step_2_no_load	5	6	0.57860777711	0.642144756622	6	1386	1	
277	0	28	step_1_no_load	1	2	1	1082	
277	0	28	step_2_no_load	3	4	0.520177259699	0.553259388875	3	1301	0	
277	0	29	step_1_no_load	1	2	1	1096	
277	0	29	step_2_no_load	5	6	0.606613029227	0.618626354124	6	1121	1	
277	0	30	step_1_no_load	1	2	1	690	
277	0	30	step_2_no_load	3	4	0.4919199548	0.574272497114	4	694	0	
277	0	31	step_1_no_load	1	2	2	489	
277	0	31	step_2_no_load	5	6	0.636602545794	0.606122691795	6	652	1	
277	0	32	step_1_no_load	1	2	2	540	
277	0	32	step_2_no_load	5	6	0.634585171267	0.605616211083	6	1065	0	
277	0	33	step_1_no_load	1	2	2	880	
277	0	33	step_2_no_load	5	6	0.611700032906	0.618000238621	6	1066	1	
277	0	34	step_1_no_load	1	2	1	602	
277	0	34	step_2_no_load	3	4	0.454565258478	0.538523758058	4	1153	0	
277	0	35	step_1_no_load	1	2	1	473	
277	0	35	step_2_no_load	5	6	0.566827313385	0.649776015006	6	1241	1	
277	0	36	step_1_no_load	1	2	1	507	
277	0	36	step_2_no_load	3	4	0.513210053121	0.611274573488	3	1053	1	
277	0	37	step_1_no_load	1	2	2	551	
277	0	37	step_2_no_load	3	4	0.543074626387	0.598446394142	4	1076	0	
277	0	38	step_1_no_load	1	2	2	596	
277	0	38	step_2_no_load	5	6	0.539078491643	0.651263699161	6	640	1	
277	0	39	step_1_no_load	1	2	1	631	
277	0	39	step_2_no_load	3	4	0.578640235206	0.610601635554	3	1288	1	
277	0	40	step_1_no_load	1	2	2	849	
277	0	40	step_2_no_load	5	6	0.580760785074	0.636994900683	6	618	0	
277	0	41	step_1_no_load	1	2	2	620	
277	0	41	step_2_no_load	3	4	0.583829055298	0.588857868869	4	1276	0	
277	0	42	step_1_no_load	1	2	1	482	
277	0	42	step_2_no_load	3	4	0.553461946234	0.609164606591	3	836	1	
277	0	43	step_1_no_load	1	2	1	784	
277	0	43	step_2_no_load	3	4	0.548128010644	0.612705031264	4	1069	1	
277	0	44	step_1_no_load	1	2	2	490	
277	0	44	step_2_no_load	5	6	0.541854396676	0.589653131867	6	944	1	
277	0	45	step_1_no_load	1	2	1	554	
277	0	45	step_2_no_load	3	4	0.5288039409	0.632991467829	4	1091	0	
277	0	46	step_1_no_load	1	2	2	462	
277	0	46	step_2_no_load	5	6	0.55511883717	0.654261318712	6	625	1	
277	0	47	step_1_no_load	1	2	2	563	
277	0	47	step_2_no_load	5	6	0.546259467838	0.634373567175	6	969	1	
277	0	48	step_1_no_load	1	2	1	486	
277	0	48	step_2_no_load	5	6	0.534690828011	0.657624935632	5	1256	1	
277	0	49	step_1_no_load	1	2	2	494	
277	0	49	step_2_no_load	3	4	0.489287375157	0.610193185592	4	797	0	
277	0	50	step_1_no_load	1	2	2	487	
277	0	50	step_2_no_load	3	4	0.47381367271	0.606862017918	3	1412	1	
277	0	51	step_1_no_load	1	2	1	755	
277	0	51	step_2_no_load	3	4	0.469943944943	0.564866799699	4	1013	0	
277	0	52	step_1_no_load	1	2	1	463	
277	0	52	step_2_no_load	3	4	0.429622901875	0.539065404057	3	1445	0	
277	0	53	step_1_no_load	1	2	2	406	
277	0	53	step_2_no_load	5	6	0.475342927439	0.630956764252	6	843	0	
277	0	54	step_1_no_load	1	2	2	491	
277	0	54	step_2_no_load	5	6	0.493362545513	0.652515308527	5	1012	1	
277	0	55	step_1_no_load	1	2	2	528	
277	0	55	step_2_no_load	5	6	0.526704292526	0.639840796975	6	1470	1	
277	0	56	step_1_no_load	1	2	1	632	
277	0	56	step_2_no_load	5	6	0.538512915562	0.60038825769	5	934	1	
277	0	57	step_1_no_load	1	2	2	427	
277	0	57	step_2_no_load	3	4	0.466449077359	0.641849303307	4	977	1	
277	0	58	step_1_no_load	1	2	1	587	
277	0	58	step_2_no_load	3	4	0.478335218822	0.664682809182	4	1066	1	
277	0	59	step_1_no_load	1	2	1	496	
277	0	59	step_2_no_load	3	4	0.480274332693	0.632500293208	3	1083	0	
277	0	60	step_1_no_load	1	2	2	440	
277	0	60	step_2_no_load	5	6	0.479287247283	0.599559577859	6	692	0	
277	0	61	step_1_no_load	1	2	2	404	
277	0	61	step_2_no_load	5	6	0.527144452559	0.602879526975	6	744	0	
277	0	62	step_1_no_load	1	2	1	662	
277	0	62	step_2_no_load	5	6	0.533031417444	0.622820395113	6	885	0	
277	0	63	step_1_no_load	1	2	2	429	
277	0	63	step_2_no_load	3	4	0.53192660365	0.664284493458	3	1188	1	
277	0	64	step_1_no_load	1	2	2	728	
277	0	64	step_2_no_load	5	6	0.533849886794	0.626149195169	6	830	1	
277	0	65	step_1_no_load	1	2	2	782	
277	0	65	step_2_no_load	5	6	0.517687993213	0.619953360065	5	1059	1	
277	0	66	step_1_no_load	1	2	2	487	
277	0	66	step_2_no_load	5	6	0.555324764318	0.630357351236	6	817	1	
277	0	67	step_1_no_load	1	2	1	544	
277	0	67	step_2_no_load	3	4	0.542076810516	0.597650193897	4	1328	0	
277	0	68	step_1_no_load	1	2	2	1302	
277	0	68	step_2_no_load	5	6	0.523301545299	0.719455209845	6	790	1	
277	0	69	step_1_no_load	1	2	1	729	
277	0	69	step_2_no_load	5	6	0.560462111264	0.718756538957	5	1142	1	
277	0	70	step_1_no_load	1	2	2	575	
277	0	70	step_2_no_load	5	6	0.548075770764	0.697741832068	6	958	1	
277	0	71	step_1_no_load	1	2	1	561	
277	0	71	step_2_no_load	3	4	0.482863323776	0.639174917797	3	1177	1	
277	0	72	step_1_no_load	1	2	2	619	
277	0	72	step_2_no_load	3	4	0.47409116389	0.626024641967	3	1254	0	
277	0	73	step_1_no_load	1	2	2	371	
277	0	73	step_2_no_load	5	6	0.50185699984	0.727961155836	6	770	0	
277	0	74	step_1_no_load	1	2	2	443	
277	0	74	step_2_no_load	3	4	0.453420386428	0.614462146454	4	750	0	
277	0	75	step_1_no_load	1	2	1	474	
277	0	75	step_2_no_load	5	6	0.483983914712	0.697629587097	5	979	0	
277	0	76	step_1_no_load	1	2	1	607	
277	0	76	step_2_no_load	3	4	0.488583631821	0.62770291155	4	1199	1	
277	0	77	step_1_no_load	1	2	1	687	
277	0	77	step_2_no_load	3	4	0.446809557226	0.564257587118	4	1258	1	
277	0	78	step_1_no_load	1	2	2	529	
277	0	78	step_2_no_load	5	6	0.538654072849	0.647586191228	6	856	1	
277	0	79	step_1_no_load	1	2	1	550	
277	0	79	step_2_no_load	3	4	0.389124152368	0.513695512795	4	1069	0	
277	0	80	step_1_no_load	1	2	1	449	
277	0	80	step_2_no_load	3	4	0.396016175285	0.518583383166	3	1206	0	
277	0	81	step_1_no_load	1	2	2	459	
277	0	81	step_2_no_load	3	4	0.419265522488	0.529745690463	4	673	0	
277	0	82	step_1_no_load	1	2	1	464	
277	0	82	step_2_no_load	5	6	0.482727017837	0.688340116885	6	928	0	
277	0	83	step_1_no_load	1	2	1	457	
277	0	83	step_2_no_load	3	4	0.382772464038	0.607907985871	3	790	0	
277	0	84	step_1_no_load	1	2	2	464	
277	0	84	step_2_no_load	5	6	0.505586222209	0.731466635793	6	874	1	
277	0	85	step_1_no_load	1	2	2	469	
277	0	85	step_2_no_load	5	6	0.485785534744	0.712989604416	6	1158	0	
277	0	86	step_1_no_load	1	2	2	488	
277	0	86	step_2_no_load	5	6	0.486462788728	0.721207648497	5	884	0	
277	0	87	step_1_no_load	1	2	2	577	
277	0	87	step_2_no_load	5	6	0.493867001103	0.690012761069	6	1262	1	
277	0	88	step_1_no_load	1	2	2	600	
277	0	88	step_2_no_load	5	6	0.509563243675	0.696773608304	5	1162	0	
277	0	89	step_1_no_load	1	2	1	418	
277	0	89	step_2_no_load	3	4	0.415882489686	0.690772436485	4	931	1	
277	0	90	step_1_no_load	1	2	2	431	
277	0	90	step_2_no_load	5	6	0.530126112124	0.688736868033	6	1229	0	
277	0	91	step_1_no_load	1	2	2	696	
277	0	91	step_2_no_load	5	6	0.479087223222	0.657820521772	6	936	0	
277	0	92	step_1_no_load	1	2	2	414	
277	0	92	step_2_no_load	3	4	0.444368850664	0.692406274724	3	1446	0	
277	0	93	step_1_no_load	1	2	1	470	
277	0	93	step_2_no_load	5	6	0.473273727684	0.662863370634	6	407	1	
277	0	94	step_1_no_load	1	2	2	386	
277	0	94	step_2_no_load	5	6	0.468637558205	0.668295023896	6	1358	1	
277	0	95	step_1_no_load	1	2	2	770	
277	0	95	step_2_no_load	5	6	0.42505578884	0.640209855442	5	1011	1	
277	0	96	step_1_no_load	1	2	1	459	
277	0	96	step_2_no_load	3	4	0.383038640121	0.693739812506	4	1257	1	
277	0	97	step_1_no_load	1	2	1	717	
277	0	97	step_2_no_load	3	4	0.392885664353	0.681272614291	3	920	1	
277	0	98	step_1_no_load	1	2	2	467	
277	0	98	step_2_no_load	5	6	0.431479829356	0.646040060297	6	1111	0	
277	0	99	step_1_no_load	1	2	1	366	
277	0	99	step_2_no_load	3	4	0.397561363605	0.673709850038	4	818	1	
277	0	100	step_1_no_load	1	2	2	417	
277	0	100	step_2_no_load	5	6	0.363162156005	0.66579920021	6	1076	1	
277	0	101	step_1_no_load	1	2	1	661	
277	0	101	step_2_no_load	3	4	0.497432607584	0.623812401974	4	1112	0	
277	0	102	step_1_no_load	1	2	2	381	
277	0	102	step_2_no_load	3	4	0.494584754513	0.666304534392	4	1202	0	
277	0	103	step_1_no_load	1	2	1	461	
277	0	103	step_2_no_load	3	4	0.481975449893	0.663997796029	4	966	0	
277	0	104	step_1_no_load	1	2	2	382	
277	0	104	step_2_no_load	5	6	0.303696146503	0.743372642809	6	915	0	
277	0	105	step_1_no_load	1	2	2	412	
277	0	105	step_2_no_load	3	4	0.514318365187	0.689135357059	3	1317	0	
277	0	106	step_1_no_load	1	2	2	440	
277	0	106	step_2_no_load	5	6	0.374131494222	0.699623252899	6	1048	0	
277	0	107	step_1_no_load	1	2	2	527	
277	0	107	step_2_no_load	5	6	0.388257337796	0.677514185929	6	974	1	
277	0	108	step_1_no_load	1	2	1	625	
277	0	108	step_2_no_load	3	4	0.526955028982	0.695928523711	4	1346	1	
277	0	109	step_1_no_load	1	2	1	575	
277	0	109	step_2_no_load	3	4	0.479977531501	0.71632547018	3	1407	1	
277	0	110	step_1_no_load	1	2	2	432	
277	0	110	step_2_no_load	5	6	0.395544455384	0.65455226558	-1	-1	-1	
277	0	111	step_1_no_load	1	2	2	376	
277	0	111	step_2_no_load	3	4	0.384948378665	0.724852671171	4	799	0	
277	0	112	step_1_no_load	1	2	1	429	
277	0	112	step_2_no_load	5	6	0.413393106784	0.635252945963	6	753	1	
277	0	113	step_1_no_load	1	2	2	433	
277	0	113	step_2_no_load	3	4	0.370697120277	0.719324307956	4	850	1	
277	0	114	step_1_no_load	1	2	1	427	
277	0	114	step_2_no_load	3	4	0.380324086676	0.718213323791	4	742	1	
277	0	115	step_1_no_load	1	2	2	440	
277	0	115	step_2_no_load	3	4	0.390027643099	0.739704344621	3	982	0	
277	0	116	step_1_no_load	1	2	2	510	
277	0	116	step_2_no_load	5	6	0.369438791876	0.680124293449	5	867	0	
277	0	117	step_1_no_load	1	2	2	363	
277	0	117	step_2_no_load	5	6	0.363056877927	0.671842537277	6	748	0	
277	0	118	step_1_no_load	1	2	2	397	
277	0	118	step_2_no_load	5	6	0.362977115924	0.690484235012	6	1019	1	
277	0	119	step_1_no_load	1	2	1	416	
277	0	119	step_2_no_load	3	4	0.357515098446	0.690424535099	3	960	0	
277	0	120	step_1_no_load	1	2	1	434	
277	0	120	step_2_no_load	3	4	0.370150243662	0.70587238626	4	994	1	
277	0	121	step_1_no_load	1	2	2	481	
277	0	121	step_2_no_load	5	6	0.310775244958	0.671052306195	5	1091	1	
277	0	122	step_1_no_load	1	2	2	429	
277	0	122	step_2_no_load	5	6	0.266650857402	0.672193618854	5	1023	0	
277	0	123	step_1_no_load	1	2	2	396	
277	0	123	step_2_no_load	5	6	0.269780614928	0.664849878232	6	556	1	
277	0	124	step_1_no_load	1	2	1	456	
277	0	124	step_2_no_load	5	6	0.26095206597	0.624161788269	5	1051	0	
277	0	125	step_1_no_load	1	2	2	618	
277	0	125	step_2_no_load	3	4	0.303110862715	0.559596800931	4	798	1	
277	0	126	step_1_no_load	1	2	2	629	
277	0	126	step_2_no_load	5	6	0.267206368684	0.600985760967	6	823	0	
277	0	127	step_1_no_load	1	2	1	477	
277	0	127	step_2_no_load	3	4	0.274944938508	0.560824094575	4	724	0	
277	0	128	step_1_no_load	1	2	1	458	
277	0	128	step_2_no_load	3	4	0.250790232267	0.636905534066	3	597	0	
277	0	129	step_1_no_load	1	2	2	677	
277	0	129	step_2_no_load	3	4	0.271709703542	0.685297910719	4	1081	1	
277	0	130	step_1_no_load	1	2	2	599	
277	0	130	step_2_no_load	5	6	0.267460866951	0.630285316669	5	1018	0	
277	0	131	step_1_no_load	1	2	2	782	
277	0	131	step_2_no_load	5	6	0.281500842289	0.638450601212	6	1056	0	
277	0	132	step_1_no_load	1	2	2	15	
277	0	132	step_2_no_load	5	6	0.27986961048	0.660013924697	6	637	1	
277	0	133	step_1_no_load	1	2	1	604	
277	0	133	step_2_no_load	3	4	0.312642735495	0.617383991623	4	811	0	
277	0	134	step_1_no_load	1	2	2	444	
277	0	134	step_2_no_load	3	4	0.302839427162	0.621945110858	3	568	0	
277	0	135	step_1_no_load	1	2	-1	-1	
277	0	136	step_1_no_load	1	2	2	578	
277	0	136	step_2_no_load	5	6	0.307766925452	0.674914008636	6	529	0	
277	0	137	step_1_no_load	1	2	2	608	
277	0	137	step_2_no_load	5	6	0.346433498467	0.668540846495	6	825	0	
277	0	138	step_1_no_load	1	2	1	480	
277	0	138	step_2_no_load	3	4	0.307694123906	0.63240964674	4	777	0	
277	0	139	step_1_no_load	1	2	2	89	
277	0	139	step_2_no_load	5	6	0.325611400511	0.696355985729	6	664	1	
277	0	140	step_1_no_load	1	2	2	472	
277	0	140	step_2_no_load	3	4	0.328174526491	0.671213945178	3	874	0	
277	0	141	step_1_no_load	1	2	2	512	
277	0	141	step_2_no_load	5	6	0.390227133375	0.616803346728	6	506	1	
277	0	142	step_1_no_load	1	2	1	534	
277	0	142	step_2_no_load	3	4	0.304203281606	0.690276058009	4	732	1	
277	0	143	step_1_no_load	1	2	1	609	
277	0	143	step_2_no_load	3	4	0.313516825296	0.661365099615	3	1227	0	
277	0	144	step_1_no_load	1	2	2	405	
277	0	144	step_2_no_load	5	6	0.389234194056	0.639347300184	5	591	1	
277	0	145	step_1_no_load	1	2	2	474	
277	0	145	step_2_no_load	5	6	0.355256413269	0.606515632748	6	849	1	
277	0	146	step_1_no_load	1	2	2	482	
277	0	146	step_2_no_load	5	6	0.320877500969	0.593778463268	5	958	0	
277	0	147	step_1_no_load	1	2	2	526	
277	0	147	step_2_no_load	5	6	0.352879785946	0.594861186319	5	1055	0	
277	0	148	step_1_no_load	1	2	2	401	
277	0	148	step_2_no_load	5	6	0.311162711725	0.648050021239	5	702	0	
277	0	149	step_1_no_load	1	2	1	562	
277	0	149	step_2_no_load	3	4	0.269951834184	0.601870110183	4	481	1	
277	0	150	step_1_no_load	1	2	2	529	
277	0	150	step_2_no_load	5	6	0.306860041627	0.605912419156	6	593	1	
277	0	151	step_1_no_load	1	2	2	554	
277	0	151	step_2_no_load	5	6	0.310557101463	0.614159737668	5	847	0	
277	0	152	step_1_no_load	1	2	2	499	
277	0	152	step_2_no_load	3	4	0.307702500543	0.595108765344	3	1100	0	
277	0	153	step_1_no_load	1	2	2	460	
277	0	153	step_2_no_load	3	4	0.309356532263	0.613336203392	4	969	1	
277	0	154	step_1_no_load	1	2	1	489	
277	0	154	step_2_no_load	3	4	0.316375537537	0.638934099562	3	1105	0	
277	0	155	step_1_no_load	1	2	1	548	
277	0	155	step_2_no_load	3	4	0.296093457977	0.632486591889	4	750	1	
277	0	156	step_1_no_load	1	2	2	555	
277	0	156	step_2_no_load	3	4	0.32564867104	0.631048201903	3	1016	0	
277	0	157	step_1_no_load	1	2	2	426	
277	0	157	step_2_no_load	5	6	0.324728201487	0.720725456325	6	894	1	
277	0	158	step_1_no_load	1	2	2	590	
277	0	158	step_2_no_load	5	6	0.334595868098	0.694270715354	5	894	0	
277	0	159	step_1_no_load	1	2	2	460	
277	0	159	step_2_no_load	3	4	0.413026375257	0.541222065796	4	855	0	
277	0	160	step_1_no_load	1	2	2	379	
277	0	160	step_2_no_load	3	4	0.415052912783	0.521229931064	4	1167	0	
277	0	161	step_1_no_load	1	2	2	496	
277	0	161	step_2_no_load	5	6	0.438878285506	0.719896286569	5	556	1	
277	0	162	step_1_no_load	1	2	2	648	
277	0	162	step_2_no_load	3	4	0.3926701003	0.566496468084	3	1152	1	
277	0	163	step_1_no_load	1	2	2	477	
277	0	163	step_2_no_load	5	6	0.430920885959	0.697095951435	6	688	1	
277	0	164	step_1_no_load	1	2	2	472	
277	0	164	step_2_no_load	5	6	0.430844125626	0.692137394606	6	941	0	
277	0	165	step_1_no_load	1	2	2	461	
277	0	165	step_2_no_load	5	6	0.347974240867	0.717506143195	6	607	1	
277	0	166	step_1_no_load	1	2	1	448	
277	0	166	step_2_no_load	5	6	0.356317216644	0.686594248975	5	933	1	
277	0	167	step_1_no_load	1	2	2	783	
277	0	167	step_2_no_load	5	6	0.331115714939	0.706271792549	6	805	1	
277	0	168	step_1_no_load	1	2	1	456	
277	0	168	step_2_no_load	5	6	0.335777599654	0.67192508984	6	919	0	
277	0	169	step_1_no_load	1	2	2	861	
277	0	169	step_2_no_load	5	6	0.365156560071	0.704981910944	6	741	1	
277	0	170	step_1_no_load	1	2	1	489	
277	0	170	step_2_no_load	5	6	0.364989630435	0.67334314737	6	783	1	
277	0	171	step_1_no_load	1	2	2	577	
277	0	171	step_2_no_load	3	4	0.386979310814	0.553314431843	4	1012	1	
277	0	172	step_1_no_load	1	2	2	452	
277	0	172	step_2_no_load	3	4	0.363617002148	0.519090471457	3	1187	1	
277	0	173	step_1_no_load	1	2	2	479	
277	0	173	step_2_no_load	3	4	0.385349297983	0.484428109849	3	1052	1	
277	0	174	step_1_no_load	1	2	2	417	
277	0	174	step_2_no_load	3	4	0.387867297446	0.472729524832	3	896	0	
277	0	175	step_1_no_load	1	2	2	422	
277	0	175	step_2_no_load	3	4	0.426185553904	0.52644949356	3	1056	0	
277	0	176	step_1_no_load	1	2	2	501	
277	0	176	step_2_no_load	3	4	0.383231572002	0.474046874473	4	729	1	
277	0	177	step_1_no_load	1	2	1	426	
277	0	177	step_2_no_load	5	6	0.4798184927	0.714070205704	6	806	1	
277	0	178	step_1_no_load	1	2	2	447	
277	0	178	step_2_no_load	3	4	0.36473828006	0.493712351915	3	891	0	
277	0	179	step_1_no_load	1	2	2	558	
277	0	179	step_2_no_load	3	4	0.324685418097	0.457298770028	3	860	0	
277	0	180	step_1_no_load	1	2	2	491	
277	0	180	step_2_no_load	5	6	0.489345734128	0.719795072986	5	650	0	
277	0	181	step_1_no_load	1	2	2	20	
277	0	181	step_2_no_load	3	4	0.342402764747	0.508735114046	4	457	0	
277	0	182	step_1_no_load	1	2	2	506	
277	0	182	step_2_no_load	5	6	0.49907747228	0.72717560423	6	693	1	
277	0	183	step_1_no_load	1	2	2	503	
277	0	183	step_2_no_load	5	6	0.492742497507	0.720388040749	6	933	0	
277	0	184	step_1_no_load	1	2	1	589	
277	0	184	step_2_no_load	3	4	0.362743255194	0.460890977786	4	597	0	
277	0	185	step_1_no_load	1	2	1	364	
277	0	185	step_2_no_load	3	4	0.362611152222	0.479703516092	3	797	1	
277	0	186	step_1_no_load	1	2	2	525	
277	0	186	step_2_no_load	3	4	0.332733011923	0.46870859828	3	522	0	
277	0	187	step_1_no_load	1	2	2	573	
277	0	187	step_2_no_load	5	6	0.498596507669	0.678211978625	5	1045	0	
277	0	188	step_1_no_load	1	2	2	492	
277	0	188	step_2_no_load	3	4	0.291508050861	0.471319680586	4	913	0	
277	0	189	step_1_no_load	1	2	2	576	
277	0	189	step_2_no_load	5	6	0.534753756004	0.688353284054	6	880	1	
277	0	190	step_1_no_load	1	2	1	588	
277	0	190	step_2_no_load	3	4	0.304557739386	0.433568856946	3	799	0	
277	0	191	step_1_no_load	1	2	2	472	
277	0	191	step_2_no_load	5	6	0.512103523931	0.664271461991	6	1008	1	
277	0	192	step_1_no_load	1	2	1	435	
277	0	192	step_2_no_load	3	4	0.299297135717	0.450791310283	3	1167	0	
277	0	193	step_1_no_load	1	2	2	382	
277	0	193	step_2_no_load	5	6	0.504944704439	0.679792491164	5	985	1	
277	0	194	step_1_no_load	1	2	2	471	
277	0	194	step_2_no_load	5	6	0.505359594715	0.655261361454	6	701	1	
277	0	195	step_1_no_load	1	2	1	632	
277	0	195	step_2_no_load	3	4	0.348571348505	0.466795336969	4	964	0	
277	0	196	step_1_no_load	1	2	2	443	
277	0	196	step_2_no_load	3	4	0.365373286058	0.421761207498	3	1203	0	
277	0	197	step_1_no_load	1	2	2	537	
277	0	197	step_2_no_load	3	4	0.316987700969	0.422511153127	3	1345	0	
277	0	198	step_1_no_load	1	2	2	353	
277	0	198	step_2_no_load	3	4	0.303352625941	0.397292432346	3	1384	0	
277	0	199	step_1_no_load	1	2	2	432	
277	0	199	step_2_no_load	3	4	0.292861528884	0.39793773834	4	1134	1	
277	0	200	step_1_no_load	1	2	2	516	
277	0	200	step_2_no_load	5	6	0.507902534353	0.728996708473	5	894	1	

Tue Nov 19 15:28:42 2019
