Fri Nov 22 14:50:32 2019	
278	0	1	step_1_no_load	1	2	1	1309	
278	0	1	step_2_no_load	3	4	0.511789129507	0.457620150462	4	965	0	
278	0	2	step_1_no_load	1	2	1	507	
278	0	2	step_2_no_load	3	4	0.533203491871	0.474613197709	3	594	0	
278	0	3	step_1_no_load	1	2	2	621	
278	0	3	step_2_no_load	5	6	0.584197065669	0.589215227351	5	858	0	
278	0	4	step_1_no_load	1	2	2	558	
278	0	4	step_2_no_load	5	6	0.597491569846	0.564086293706	6	681	1	
278	0	5	step_1_no_load	1	2	2	608	
278	0	5	step_2_no_load	3	4	0.543908521457	0.495568760483	4	913	0	
278	0	6	step_1_no_load	1	2	2	1021	
278	0	6	step_2_no_load	5	6	0.585722686883	0.603642866427	5	942	0	
278	0	7	step_1_no_load	1	2	2	1372	
278	0	7	step_2_no_load	5	6	0.568656746487	0.622642364361	6	1300	1	
278	0	8	step_1_no_load	1	2	2	814	
278	0	8	step_2_no_load	5	6	0.59128639594	0.624210374623	6	670	1	
278	0	9	step_1_no_load	1	2	2	538	
278	0	9	step_2_no_load	3	4	0.54429228266	0.496546708465	3	1143	0	
278	0	10	step_1_no_load	1	2	1	544	
278	0	10	step_2_no_load	3	4	0.576063520885	0.482364178155	4	662	0	
278	0	11	step_1_no_load	1	2	1	426	
278	0	11	step_2_no_load	3	4	0.59022801242	0.477013315682	3	547	0	
278	0	12	step_1_no_load	1	2	2	399	
278	0	12	step_2_no_load	5	6	0.682786328054	0.552770607849	6	578	0	
278	0	13	step_1_no_load	1	2	2	757	
278	0	13	step_2_no_load	5	6	0.653587098421	0.558313135925	6	846	0	
278	0	14	step_1_no_load	1	2	2	485	
278	0	14	step_2_no_load	3	4	0.611256675753	0.491234392147	3	426	1	
278	0	15	step_1_no_load	1	2	2	425	
278	0	15	step_2_no_load	5	6	0.612260006668	0.570419113221	6	614	1	
278	0	16	step_1_no_load	1	2	2	605	
278	0	16	step_2_no_load	3	4	0.626326396372	0.510958036527	3	716	0	
278	0	17	step_1_no_load	1	2	2	612	
278	0	17	step_2_no_load	5	6	0.633350170016	0.562895132605	6	614	0	
278	0	18	step_1_no_load	1	2	2	1050	
278	0	18	step_2_no_load	5	6	0.626834332012	0.553554620302	-1	-1	-1	
278	0	19	step_1_no_load	1	2	2	405	
278	0	19	step_2_no_load	3	4	0.644773170243	0.498240186199	4	303	0	
278	0	20	step_1_no_load	1	2	2	446	
278	0	20	step_2_no_load	3	4	0.60665343963	0.478025448397	3	883	1	
278	0	21	step_1_no_load	1	2	2	464	
278	0	21	step_2_no_load	5	6	0.630305464549	0.470207377245	6	916	0	
278	0	22	step_1_no_load	1	2	2	554	
278	0	22	step_2_no_load	5	6	0.621949894727	0.468700882609	6	902	1	
278	0	23	step_1_no_load	1	2	2	392	
278	0	23	step_2_no_load	3	4	0.604065470975	0.520606588181	4	1373	0	
278	0	24	step_1_no_load	1	2	1	387	
278	0	24	step_2_no_load	3	4	0.5800912085	0.505388876622	3	817	1	
278	0	25	step_1_no_load	1	2	1	506	
278	0	25	step_2_no_load	3	4	0.629917901014	0.503316372362	3	1049	0	
278	0	26	step_1_no_load	1	2	1	441	
278	0	26	step_2_no_load	3	4	0.640635035276	0.511744353778	4	611	1	
278	0	27	step_1_no_load	1	2	1	855	
278	0	27	step_2_no_load	3	4	0.642144756622	0.507272671939	3	1132	0	
278	0	28	step_1_no_load	1	2	1	483	
278	0	28	step_2_no_load	3	4	0.647441527317	0.520177259699	4	655	0	
278	0	29	step_1_no_load	1	2	2	409	
278	0	29	step_2_no_load	3	4	0.618626354124	0.521159009103	-1	-1	-1	
278	0	30	step_1_no_load	1	2	2	359	
278	0	30	step_2_no_load	5	6	0.608245979832	0.574272497114	6	568	1	
278	0	31	step_1_no_load	1	2	2	625	
278	0	31	step_2_no_load	3	4	0.606122691795	0.483156722265	3	882	0	
278	0	32	step_1_no_load	1	2	1	437	
278	0	32	step_2_no_load	3	4	0.605616211083	0.520318771114	3	779	1	
278	0	33	step_1_no_load	1	2	2	364	
278	0	33	step_2_no_load	3	4	0.618000238621	0.487664344039	3	862	1	
278	0	34	step_1_no_load	1	2	1	383	
278	0	34	step_2_no_load	3	4	0.670290552209	0.454565258478	3	744	1	
278	0	35	step_1_no_load	1	2	2	312	
278	0	35	step_2_no_load	5	6	0.566827313385	0.594167768198	6	507	1	
278	0	36	step_1_no_load	1	2	1	520	
278	0	36	step_2_no_load	5	6	0.527635087561	0.611274573488	6	1356	1	
278	0	37	step_1_no_load	1	2	2	452	
278	0	37	step_2_no_load	5	6	0.513822304161	0.598446394142	6	684	1	
278	0	38	step_1_no_load	1	2	1	416	
278	0	38	step_2_no_load	3	4	0.651263699161	0.553931241266	3	759	1	
278	0	39	step_1_no_load	1	2	2	296	
278	0	39	step_2_no_load	3	4	0.634483337633	0.578640235206	3	735	1	
278	0	40	step_1_no_load	1	2	1	393	
278	0	40	step_2_no_load	3	4	0.636994900683	0.5691386571	3	752	1	
278	0	41	step_1_no_load	1	2	2	309	
278	0	41	step_2_no_load	3	4	0.633285941184	0.583829055298	3	634	1	
278	0	42	step_1_no_load	1	2	1	436	
278	0	42	step_2_no_load	3	4	0.606696263624	0.553461946234	3	611	1	
278	0	43	step_1_no_load	1	2	2	347	
278	0	43	step_2_no_load	5	6	0.553703096215	0.612705031264	6	576	1	
278	0	44	step_1_no_load	1	2	1	433	
278	0	44	step_2_no_load	3	4	0.589653131867	0.537842745081	3	684	1	
278	0	45	step_1_no_load	1	2	2	432	
278	0	45	step_2_no_load	5	6	0.579346234508	0.632991467829	6	586	1	
278	0	46	step_1_no_load	1	2	1	483	
278	0	46	step_2_no_load	3	4	0.654261318712	0.532238720495	3	727	0	
278	0	47	step_1_no_load	1	2	2	533	
278	0	47	step_2_no_load	5	6	0.546259467838	0.598724660986	5	833	1	
278	0	48	step_1_no_load	1	2	1	463	
278	0	48	step_2_no_load	5	6	0.534690828011	0.615767119776	5	853	1	
278	0	49	step_1_no_load	1	2	2	509	
278	0	49	step_2_no_load	5	6	0.512405963374	0.610193185592	5	819	0	
278	0	50	step_1_no_load	1	2	1	541	
278	0	50	step_2_no_load	5	6	0.481616544184	0.606862017918	5	982	1	
278	0	51	step_1_no_load	1	2	2	365	
278	0	51	step_2_no_load	3	4	0.613357430892	0.469943944943	3	732	1	
278	0	52	step_1_no_load	1	2	1	433	
278	0	52	step_2_no_load	3	4	0.613408921915	0.429622901875	3	711	1	
278	0	53	step_1_no_load	1	2	2	373	
278	0	53	step_2_no_load	5	6	0.475342927439	0.551457882502	6	706	1	
278	0	54	step_1_no_load	1	2	1	341	
278	0	54	step_2_no_load	3	4	0.652515308527	0.491512498697	3	677	1	
278	0	55	step_1_no_load	1	2	2	447	
278	0	55	step_2_no_load	3	4	0.639840796975	0.487025527704	3	842	1	
278	0	56	step_1_no_load	1	2	1	559	
278	0	56	step_2_no_load	5	6	0.538512915562	0.601856598146	6	1014	1	
278	0	57	step_1_no_load	1	2	2	495	
278	0	57	step_2_no_load	5	6	0.516475618243	0.641849303307	6	1006	1	
278	0	58	step_1_no_load	1	2	1	531	
278	0	58	step_2_no_load	3	4	0.610896130115	0.478335218822	3	949	0	
278	0	59	step_1_no_load	1	2	2	466	
278	0	59	step_2_no_load	5	6	0.537400760025	0.632500293208	6	634	1	
278	0	60	step_1_no_load	1	2	1	430	
278	0	60	step_2_no_load	5	6	0.479287247283	0.623687406259	6	679	1	
278	0	61	step_1_no_load	1	2	2	404	
278	0	61	step_2_no_load	3	4	0.602879526975	0.464268875813	3	666	1	
278	0	62	step_1_no_load	1	2	1	442	
278	0	62	step_2_no_load	3	4	0.622820395113	0.50724109756	3	741	1	
278	0	63	step_1_no_load	1	2	2	338	
278	0	63	step_2_no_load	5	6	0.519445130796	0.664284493458	6	619	1	
278	0	64	step_1_no_load	1	2	1	391	
278	0	64	step_2_no_load	3	4	0.626149195169	0.555062911513	4	259	0	
278	0	65	step_1_no_load	1	2	2	413	
278	0	65	step_2_no_load	5	6	0.517687993213	0.612660225018	6	542	1	
278	0	66	step_1_no_load	1	2	1	398	
278	0	66	step_2_no_load	3	4	0.630357351236	0.573761869714	3	637	0	
278	0	67	step_1_no_load	1	2	2	378	
278	0	67	step_2_no_load	5	6	0.538279387614	0.597650193897	6	438	0	
278	0	68	step_1_no_load	1	2	2	943	
278	0	68	step_2_no_load	3	4	0.719455209845	0.509127161919	4	798	1	
278	0	69	step_1_no_load	1	2	1	553	
278	0	69	step_2_no_load	3	4	0.718756538957	0.499137600991	4	800	0	
278	0	70	step_1_no_load	1	2	2	375	
278	0	70	step_2_no_load	3	4	0.697741832068	0.498834901463	4	830	0	
278	0	71	step_1_no_load	1	2	1	673	
278	0	71	step_2_no_load	5	6	0.546215110045	0.639174917797	5	631	1	
278	0	72	step_1_no_load	1	2	2	382	
278	0	72	step_2_no_load	3	4	0.705884789502	0.47409116389	3	502	1	
278	0	73	step_1_no_load	1	2	1	392	
278	0	73	step_2_no_load	3	4	0.727961155836	0.435957313805	3	492	1	
278	0	74	step_1_no_load	1	2	2	394	
278	0	74	step_2_no_load	5	6	0.491044983779	0.614462146454	5	450	1	
278	0	75	step_1_no_load	1	2	2	314	
278	0	75	step_2_no_load	3	4	0.697629587097	0.44832280175	3	516	1	
278	0	76	step_1_no_load	1	2	1	345	
278	0	76	step_2_no_load	5	6	0.518881389358	0.62770291155	5	700	1	
278	0	77	step_1_no_load	1	2	2	680	
278	0	77	step_2_no_load	5	6	0.538119616568	0.564257587118	5	659	0	
278	0	78	step_1_no_load	1	2	1	341	
278	0	78	step_2_no_load	3	4	0.647586191228	0.435911167612	3	684	0	
278	0	79	step_1_no_load	1	2	2	780	
278	0	79	step_2_no_load	3	4	0.647841624544	0.389124152368	3	752	0	
278	0	80	step_1_no_load	1	2	1	677	
278	0	80	step_2_no_load	3	4	0.703969305517	0.396016175285	3	977	0	
278	0	81	step_1_no_load	1	2	2	419	
278	0	81	step_2_no_load	5	6	0.494116554432	0.529745690463	6	798	0	
278	0	82	step_1_no_load	1	2	2	325	
278	0	82	step_2_no_load	3	4	0.688340116885	0.395813831323	3	737	1	
278	0	83	step_1_no_load	1	2	1	387	
278	0	83	step_2_no_load	5	6	0.483255412498	0.607907985871	6	572	1	
278	0	84	step_1_no_load	1	2	1	342	
278	0	84	step_2_no_load	3	4	0.731466635793	0.385087938645	3	1132	0	
278	0	85	step_1_no_load	1	2	2	423	
278	0	85	step_2_no_load	5	6	0.485785534744	0.692384972752	6	782	1	
278	0	86	step_1_no_load	1	2	2	332	
278	0	86	step_2_no_load	5	6	0.486462788728	0.691782850001	6	618	1	
278	0	87	step_1_no_load	1	2	2	373	
278	0	87	step_2_no_load	5	6	0.493867001103	0.719375344246	6	558	1	
278	0	88	step_1_no_load	1	2	2	399	
278	0	88	step_2_no_load	5	6	0.509563243675	0.717410082358	6	574	0	
278	0	89	step_1_no_load	1	2	1	405	
278	0	89	step_2_no_load	3	4	0.660112261017	0.415882489686	3	631	1	
278	0	90	step_1_no_load	1	2	1	560	
278	0	90	step_2_no_load	3	4	0.688736868033	0.411459496853	3	743	0	
278	0	91	step_1_no_load	1	2	1	300	
278	0	91	step_2_no_load	3	4	0.657820521772	0.43534164751	3	463	0	
278	0	92	step_1_no_load	1	2	1	357	
278	0	92	step_2_no_load	3	4	0.679381608313	0.444368850664	4	500	1	
278	0	93	step_1_no_load	1	2	1	453	
278	0	93	step_2_no_load	3	4	0.662863370634	0.439878153082	4	494	1	
278	0	94	step_1_no_load	1	2	1	445	
278	0	94	step_2_no_load	5	6	0.468637558205	0.719464414227	6	398	0	
278	0	95	step_1_no_load	1	2	1	553	
278	0	95	step_2_no_load	3	4	0.640209855442	0.427150666411	4	754	0	
278	0	96	step_1_no_load	1	2	1	627	
278	0	96	step_2_no_load	5	6	0.437558890646	0.693739812506	5	1313	0	
278	0	97	step_1_no_load	1	2	1	533	
278	0	97	step_2_no_load	3	4	0.651202057411	0.392885664353	4	546	1	
278	0	98	step_1_no_load	1	2	1	496	
278	0	98	step_2_no_load	3	4	0.646040060297	0.409778171713	4	497	0	
278	0	99	step_1_no_load	1	2	2	370	
278	0	99	step_2_no_load	5	6	0.375249961522	0.673709850038	6	1091	0	
278	0	100	step_1_no_load	1	2	2	338	
278	0	100	step_2_no_load	5	6	0.363162156005	0.666227451505	5	601	0	
278	0	101	step_1_no_load	1	2	2	367	
278	0	101	step_2_no_load	3	4	0.655903528958	0.497432607584	3	1210	1	
278	0	102	step_1_no_load	1	2	1	539	
278	0	102	step_2_no_load	5	6	0.326080462175	0.666304534392	5	886	1	
278	0	103	step_1_no_load	1	2	2	380	
278	0	103	step_2_no_load	5	6	0.322834495838	0.663997796029	5	609	1	
278	0	104	step_1_no_load	1	2	2	480	
278	0	104	step_2_no_load	5	6	0.303696146503	0.703870701136	5	857	0	
278	0	105	step_1_no_load	1	2	2	799	
278	0	105	step_2_no_load	5	6	0.352639603242	0.689135357059	6	1193	1	
278	0	106	step_1_no_load	1	2	2	559	
278	0	106	step_2_no_load	5	6	0.374131494222	0.712883638252	6	632	1	
278	0	107	step_1_no_load	1	2	2	632	
278	0	107	step_2_no_load	3	4	0.677514185929	0.565220528809	3	841	1	
278	0	108	step_1_no_load	1	2	2	482	
278	0	108	step_2_no_load	5	6	0.388185708856	0.695928523711	5	607	0	
278	0	109	step_1_no_load	1	2	2	461	
278	0	109	step_2_no_load	3	4	0.68658494263	0.479977531501	3	1035	1	
278	0	110	step_1_no_load	1	2	1	671	
278	0	110	step_2_no_load	3	4	0.65455226558	0.432626681236	4	1058	1	
278	0	111	step_1_no_load	1	2	1	364	
278	0	111	step_2_no_load	3	4	0.634599547742	0.384948378665	4	614	1	
278	0	112	step_1_no_load	1	2	1	483	
278	0	112	step_2_no_load	3	4	0.635252945963	0.392887565883	4	670	1	
278	0	113	step_1_no_load	1	2	1	452	
278	0	113	step_2_no_load	3	4	0.634627459817	0.370697120277	4	726	0	
278	0	114	step_1_no_load	1	2	2	393	
278	0	114	step_2_no_load	5	6	0.384736699284	0.718213323791	6	880	1	
278	0	115	step_1_no_load	1	2	2	456	
278	0	115	step_2_no_load	5	6	0.357661171116	0.739704344621	5	707	0	
278	0	116	step_1_no_load	1	2	2	352	
278	0	116	step_2_no_load	5	6	0.369438791876	0.706736514943	6	719	1	
278	0	117	step_1_no_load	1	2	2	362	
278	0	117	step_2_no_load	3	4	0.671842537277	0.374621793791	3	952	1	
278	0	118	step_1_no_load	1	2	2	327	
278	0	118	step_2_no_load	5	6	0.362977115924	0.740051715856	6	639	1	
278	0	119	step_1_no_load	1	2	2	568	
278	0	119	step_2_no_load	5	6	0.358243439099	0.690424535099	5	910	0	
278	0	120	step_1_no_load	1	2	2	342	
278	0	120	step_2_no_load	3	4	0.666433355915	0.370150243662	3	881	0	
278	0	121	step_1_no_load	1	2	2	454	
278	0	121	step_2_no_load	5	6	0.310775244958	0.658856304095	6	1268	1	
278	0	122	step_1_no_load	1	2	2	393	
278	0	122	step_2_no_load	5	6	0.266650857402	0.6136886145	6	559	1	
278	0	123	step_1_no_load	1	2	2	344	
278	0	123	step_2_no_load	3	4	0.664849878232	0.337526896345	4	1076	1	
278	0	124	step_1_no_load	1	2	2	320	
278	0	124	step_2_no_load	3	4	0.624161788269	0.309430836661	4	555	0	
278	0	125	step_1_no_load	1	2	1	701	
278	0	125	step_2_no_load	3	4	0.633566302563	0.303110862715	4	854	0	
278	0	126	step_1_no_load	1	2	1	1162	
278	0	126	step_2_no_load	3	4	0.600985760967	0.300846667696	3	907	0	
278	0	127	step_1_no_load	1	2	2	315	
278	0	127	step_2_no_load	5	6	0.273483952592	0.560824094575	6	617	1	
278	0	128	step_1_no_load	1	2	2	318	
278	0	128	step_2_no_load	5	6	0.260252451606	0.636905534066	6	670	0	
278	0	129	step_1_no_load	1	2	2	19	
278	0	129	step_2_no_load	5	6	0.268213321963	0.685297910719	6	0	0	
278	0	130	step_1_no_load	1	2	1	471	
278	0	130	step_2_no_load	3	4	0.630285316669	0.274560758494	3	1313	0	
278	0	131	step_1_no_load	1	2	1	393	
278	0	131	step_2_no_load	3	4	0.638450601212	0.311475039155	4	807	0	
278	0	132	step_1_no_load	1	2	1	418	
278	0	132	step_2_no_load	3	4	0.660013924697	0.315328810424	4	694	0	
278	0	133	step_1_no_load	1	2	1	306	
278	0	133	step_2_no_load	5	6	0.315608831386	0.617383991623	6	1139	1	
278	0	134	step_1_no_load	1	2	1	326	
278	0	134	step_2_no_load	5	6	0.287393715313	0.621945110858	6	530	1	
278	0	135	step_1_no_load	1	2	2	768	
278	0	135	step_2_no_load	3	4	0.700779221781	0.287118934166	3	798	1	
278	0	136	step_1_no_load	1	2	2	366	
278	0	136	step_2_no_load	5	6	0.307766925452	0.597814413435	6	879	0	
278	0	137	step_1_no_load	1	2	2	287	
278	0	137	step_2_no_load	3	4	0.668540846495	0.325016613024	3	899	1	
278	0	138	step_1_no_load	1	2	2	322	
278	0	138	step_2_no_load	5	6	0.366701525561	0.63240964674	5	736	0	
278	0	139	step_1_no_load	1	2	2	362	
278	0	139	step_2_no_load	5	6	0.325611400511	0.636630981281	5	500	0	
278	0	140	step_1_no_load	1	2	2	357	
278	0	140	step_2_no_load	5	6	0.348740542008	0.671213945178	6	1234	1	
278	0	141	step_1_no_load	1	2	2	373	
278	0	141	step_2_no_load	5	6	0.390227133375	0.711987889705	6	564	1	
278	0	142	step_1_no_load	1	2	2	400	
278	0	142	step_2_no_load	5	6	0.397052682821	0.690276058009	6	531	1	
278	0	143	step_1_no_load	1	2	2	322	
278	0	143	step_2_no_load	5	6	0.410970957547	0.661365099615	6	553	1	
278	0	144	step_1_no_load	1	2	2	350	
278	0	144	step_2_no_load	5	6	0.389234194056	0.626443722248	6	671	0	
278	0	145	step_1_no_load	1	2	2	368	
278	0	145	step_2_no_load	5	6	0.355256413269	0.6669125229	5	477	1	
278	0	146	step_1_no_load	1	2	2	300	
278	0	146	step_2_no_load	5	6	0.320877500969	0.681611991725	5	440	0	
278	0	147	step_1_no_load	1	2	1	324	
278	0	147	step_2_no_load	5	6	0.352879785946	0.647798886916	6	381	1	
278	0	148	step_1_no_load	1	2	1	354	
278	0	148	step_2_no_load	5	6	0.311162711725	0.619272702026	6	380	1	
278	0	149	step_1_no_load	1	2	1	473	
278	0	149	step_2_no_load	5	6	0.300290206122	0.601870110183	6	413	1	
278	0	150	step_1_no_load	1	2	1	475	
278	0	150	step_2_no_load	3	4	0.605912419156	0.305587692243	3	875	0	
278	0	151	step_1_no_load	1	2	1	399	
278	0	151	step_2_no_load	3	4	0.614159737668	0.348172164421	4	517	0	
278	0	152	step_1_no_load	1	2	1	350	
278	0	152	step_2_no_load	3	4	0.644204174791	0.307702500543	3	513	1	
278	0	153	step_1_no_load	1	2	1	370	
278	0	153	step_2_no_load	3	4	0.681559292085	0.309356532263	3	654	1	
278	0	154	step_1_no_load	1	2	1	531	
278	0	154	step_2_no_load	3	4	0.671672162443	0.316375537537	3	635	0	
278	0	155	step_1_no_load	1	2	2	265	
278	0	155	step_2_no_load	5	6	0.372188990474	0.632486591889	6	661	1	
278	0	156	step_1_no_load	1	2	2	307	
278	0	156	step_2_no_load	5	6	0.368378667812	0.631048201903	6	571	1	
278	0	157	step_1_no_load	1	2	2	1122	
278	0	157	step_2_no_load	5	6	0.324728201487	0.585191807512	6	871	1	
278	0	158	step_1_no_load	1	2	2	551	
278	0	158	step_2_no_load	5	6	0.334595868098	0.532722108502	6	804	1	
278	0	159	step_1_no_load	1	2	2	397	
278	0	159	step_2_no_load	3	4	0.697903160072	0.413026375257	3	986	1	
278	0	160	step_1_no_load	1	2	2	392	
278	0	160	step_2_no_load	5	6	0.355992626298	0.521229931064	6	673	1	
278	0	161	step_1_no_load	1	2	2	625	
278	0	161	step_2_no_load	5	6	0.438878285506	0.516036498158	6	796	0	
278	0	162	step_1_no_load	1	2	2	358	
278	0	162	step_2_no_load	5	6	0.455329532209	0.566496468084	6	668	1	
278	0	163	step_1_no_load	1	2	2	401	
278	0	163	step_2_no_load	5	6	0.430920885959	0.5863391277	6	728	1	
278	0	164	step_1_no_load	1	2	2	1019	
278	0	164	step_2_no_load	5	6	0.430844125626	0.585961845322	6	502	0	
278	0	165	step_1_no_load	1	2	2	457	
278	0	165	step_2_no_load	5	6	0.347974240867	0.538026607649	6	791	1	
278	0	166	step_1_no_load	1	2	2	433	
278	0	166	step_2_no_load	5	6	0.356317216644	0.549095060025	6	479	1	
278	0	167	step_1_no_load	1	2	2	377	
278	0	167	step_2_no_load	5	6	0.331115714939	0.585131062446	6	619	0	
278	0	168	step_1_no_load	1	2	2	338	
278	0	168	step_2_no_load	3	4	0.67192508984	0.400817642375	3	968	0	
278	0	169	step_1_no_load	1	2	1	316	
278	0	169	step_2_no_load	5	6	0.365156560071	0.586049140041	6	814	0	
278	0	170	step_1_no_load	1	2	1	362	
278	0	170	step_2_no_load	3	4	0.67334314737	0.411067820436	3	694	1	
278	0	171	step_1_no_load	1	2	2	409	
278	0	171	step_2_no_load	5	6	0.425122034074	0.553314431843	6	527	0	
278	0	172	step_1_no_load	1	2	1	301	
278	0	172	step_2_no_load	3	4	0.668669556875	0.363617002148	3	638	0	
278	0	173	step_1_no_load	1	2	1	442	
278	0	173	step_2_no_load	3	4	0.667027212577	0.385349297983	4	918	1	
278	0	174	step_1_no_load	1	2	1	322	
278	0	174	step_2_no_load	3	4	0.729877433725	0.387867297446	4	810	0	
278	0	175	step_1_no_load	1	2	1	379	
278	0	175	step_2_no_load	3	4	0.693968268443	0.426185553904	3	465	0	
278	0	176	step_1_no_load	1	2	2	328	
278	0	176	step_2_no_load	3	4	0.679250000396	0.383231572002	3	726	1	
278	0	177	step_1_no_load	1	2	2	777	
278	0	177	step_2_no_load	3	4	0.714070205704	0.357425668099	3	611	1	
278	0	178	step_1_no_load	1	2	2	408	
278	0	178	step_2_no_load	5	6	0.49020858644	0.493712351915	6	772	0	
278	0	179	step_1_no_load	1	2	2	355	
278	0	179	step_2_no_load	3	4	0.709345707515	0.324685418097	3	757	1	
278	0	180	step_1_no_load	1	2	2	456	
278	0	180	step_2_no_load	3	4	0.719795072986	0.341214611607	3	555	1	
278	0	181	step_1_no_load	1	2	2	596	
278	0	181	step_2_no_load	5	6	0.480141179559	0.508735114046	5	1205	1	
278	0	182	step_1_no_load	1	2	2	898	
278	0	182	step_2_no_load	5	6	0.49907747228	0.506773281362	5	632	0	
278	0	183	step_1_no_load	1	2	2	425	
278	0	183	step_2_no_load	3	4	0.720388040749	0.350175837802	3	1040	1	
278	0	184	step_1_no_load	1	2	2	397	
278	0	184	step_2_no_load	5	6	0.480863422096	0.460890977786	5	757	1	
278	0	185	step_1_no_load	1	2	2	348	
278	0	185	step_2_no_load	3	4	0.665622647081	0.362611152222	3	543	1	
278	0	186	step_1_no_load	1	2	2	442	
278	0	186	step_2_no_load	3	4	0.656308636836	0.332733011923	3	787	1	
278	0	187	step_1_no_load	1	2	2	629	
278	0	187	step_2_no_load	5	6	0.498596507669	0.443962917772	5	864	0	
278	0	188	step_1_no_load	1	2	2	374	
278	0	188	step_2_no_load	5	6	0.548350535247	0.471319680586	5	751	1	
278	0	189	step_1_no_load	1	2	2	464	
278	0	189	step_2_no_load	5	6	0.534753756004	0.448897869069	5	868	1	
278	0	190	step_1_no_load	1	2	2	474	
278	0	190	step_2_no_load	5	6	0.505820429042	0.433568856946	5	803	0	
278	0	191	step_1_no_load	1	2	2	661	
278	0	191	step_2_no_load	5	6	0.512103523931	0.435748387321	5	785	1	
278	0	192	step_1_no_load	1	2	2	461	
278	0	192	step_2_no_load	5	6	0.493851022417	0.450791310283	5	588	1	
278	0	193	step_1_no_load	1	2	2	684	
278	0	193	step_2_no_load	3	4	0.679792491164	0.321008037746	3	682	0	
278	0	194	step_1_no_load	1	2	1	378	
278	0	194	step_2_no_load	5	6	0.505359594715	0.433250459893	5	718	1	
278	0	195	step_1_no_load	1	2	2	355	
278	0	195	step_2_no_load	5	6	0.494102184238	0.466795336969	5	988	1	
278	0	196	step_1_no_load	1	2	2	437	
278	0	196	step_2_no_load	3	4	0.695101215304	0.365373286058	3	566	1	
278	0	197	step_1_no_load	1	2	1	397	
278	0	197	step_2_no_load	3	4	0.686552522522	0.316987700969	3	837	0	
278	0	198	step_1_no_load	1	2	2	416	
278	0	198	step_2_no_load	5	6	0.485065498391	0.397292432346	5	894	0	
278	0	199	step_1_no_load	1	2	2	335	
278	0	199	step_2_no_load	5	6	0.529438031858	0.39793773834	5	645	1	
278	0	200	step_1_no_load	1	2	2	646	
278	0	200	step_2_no_load	3	4	0.728996708473	0.299128796668	3	688	0	

Fri Nov 22 15:08:46 2019
