Thu Nov 28 14:43:04 2019	
279	0	1	step_1_no_load	1	2	1	567	
279	0	1	step_2_no_load	3	4	0.511789129507	0.598297890399	3	1016	0	
279	0	2	step_1_no_load	1	2	1	580	
279	0	2	step_2_no_load	3	4	0.533203491871	0.580156942153	4	665	0	
279	0	3	step_1_no_load	1	2	2	393	
279	0	3	step_2_no_load	5	6	0.589215227351	0.476767372206	5	514	1	
279	0	4	step_1_no_load	1	2	2	344	
279	0	4	step_2_no_load	3	4	0.494597764192	0.597491569846	3	378	0	
279	0	5	step_1_no_load	1	2	2	427	
279	0	5	step_2_no_load	5	6	0.576104915614	0.495568760483	5	940	0	
279	0	6	step_1_no_load	1	2	2	406	
279	0	6	step_2_no_load	3	4	0.490454120702	0.585722686883	4	1195	1	
279	0	7	step_1_no_load	1	2	1	611	
279	0	7	step_2_no_load	3	4	0.506408070053	0.568656746487	4	996	0	
279	0	8	step_1_no_load	1	2	1	259	
279	0	8	step_2_no_load	3	4	0.499203529332	0.59128639594	3	681	1	
279	0	9	step_1_no_load	1	2	1	444	
279	0	9	step_2_no_load	3	4	0.54429228266	0.598049061473	3	691	1	
279	0	10	step_1_no_load	1	2	1	508	
279	0	10	step_2_no_load	5	6	0.636063269715	0.482364178155	6	1437	1	
279	0	11	step_1_no_load	1	2	2	484	
279	0	11	step_2_no_load	5	6	0.609191465743	0.477013315682	6	514	0	
279	0	12	step_1_no_load	1	2	2	773	
279	0	12	step_2_no_load	3	4	0.597131918027	0.682786328054	3	861	1	
279	0	13	step_1_no_load	1	2	1	310	
279	0	13	step_2_no_load	3	4	0.595790490356	0.653587098421	4	759	0	
279	0	14	step_1_no_load	1	2	2	275	
279	0	14	step_2_no_load	5	6	0.545555696267	0.491234392147	6	506	0	
279	0	15	step_1_no_load	1	2	2	284	
279	0	15	step_2_no_load	5	6	0.570419113221	0.505377237737	5	612	1	
279	0	16	step_1_no_load	1	2	2	650	
279	0	16	step_2_no_load	5	6	0.553308964466	0.510958036527	6	550	0	
279	0	17	step_1_no_load	1	2	2	427	
279	0	17	step_2_no_load	5	6	0.562895132605	0.535958400205	5	361	1	
279	0	18	step_1_no_load	1	2	2	231	
279	0	18	step_2_no_load	5	6	0.553554620302	0.517514133912	6	1210	1	
279	0	19	step_1_no_load	1	2	2	430	
279	0	19	step_2_no_load	5	6	0.536502319591	0.498240186199	6	1382	1	
279	0	20	step_1_no_load	1	2	2	260	
279	0	20	step_2_no_load	3	4	0.60665343963	0.636521555122	4	979	0	
279	0	21	step_1_no_load	1	2	2	225	
279	0	21	step_2_no_load	5	6	0.470207377245	0.49769376036	5	868	0	
279	0	22	step_1_no_load	1	2	1	229	
279	0	22	step_2_no_load	3	4	0.618527126547	0.621949894727	3	457	1	
279	0	23	step_1_no_load	1	2	1	250	
279	0	23	step_2_no_load	5	6	0.513759772011	0.520606588181	6	1254	0	
279	0	24	step_1_no_load	1	2	1	521	
279	0	24	step_2_no_load	3	4	0.5800912085	0.582115115688	3	524	0	
279	0	25	step_1_no_load	1	2	1	287	
279	0	25	step_2_no_load	5	6	0.503605105412	0.503316372362	6	402	0	
279	0	26	step_1_no_load	1	2	1	317	
279	0	26	step_2_no_load	5	6	0.532884212818	0.511744353778	5	416	1	
279	0	27	step_1_no_load	1	2	1	286	
279	0	27	step_2_no_load	3	4	0.642144756622	0.57860777711	3	663	1	
279	0	28	step_1_no_load	1	2	1	286	
279	0	28	step_2_no_load	5	6	0.553259388875	0.520177259699	5	1409	1	
279	0	29	step_1_no_load	1	2	1	262	
279	0	29	step_2_no_load	3	4	0.618626354124	0.606613029227	3	419	1	
279	0	30	step_1_no_load	1	2	1	224	
279	0	30	step_2_no_load	5	6	0.574272497114	0.4919199548	5	268	0	
279	0	31	step_1_no_load	1	2	2	109	
279	0	31	step_2_no_load	5	6	0.541819886458	0.483156722265	6	206	1	
279	0	32	step_1_no_load	1	2	2	407	
279	0	32	step_2_no_load	5	6	0.522993086096	0.520318771114	6	412	1	
279	0	33	step_1_no_load	1	2	2	326	
279	0	33	step_2_no_load	5	6	0.542309898544	0.487664344039	6	394	0	
279	0	34	step_1_no_load	1	2	1	223	
279	0	34	step_2_no_load	3	4	0.670290552209	0.575802910074	3	328	1	
279	0	35	step_1_no_load	1	2	1	227	
279	0	35	step_2_no_load	3	4	0.649776015006	0.566827313385	3	369	1	
279	0	36	step_1_no_load	1	2	1	363	
279	0	36	step_2_no_load	5	6	0.611274573488	0.513210053121	5	466	0	
279	0	37	step_1_no_load	1	2	1	387	
279	0	37	step_2_no_load	3	4	0.660658056664	0.513822304161	4	345	1	
279	0	38	step_1_no_load	1	2	1	234	
279	0	38	step_2_no_load	5	6	0.595113730206	0.553931241266	6	396	1	
279	0	39	step_1_no_load	1	2	1	224	
279	0	39	step_2_no_load	5	6	0.610601635554	0.578640235206	6	402	0	
279	0	40	step_1_no_load	1	2	1	200	
279	0	40	step_2_no_load	3	4	0.636994900683	0.580760785074	3	369	1	
279	0	41	step_1_no_load	1	2	1	18	
279	0	41	step_2_no_load	3	4	0.633285941184	0.524862294848	3	492	1	
279	0	42	step_1_no_load	1	2	1	182	
279	0	42	step_2_no_load	5	6	0.609164606591	0.553461946234	6	1243	1	
279	0	43	step_1_no_load	1	2	1	362	
279	0	43	step_2_no_load	5	6	0.612705031264	0.548128010644	6	993	1	
279	0	44	step_1_no_load	1	2	1	1013	
279	0	44	step_2_no_load	5	6	0.611481438855	0.537842745081	5	1198	1	
279	0	45	step_1_no_load	1	2	1	334	
279	0	45	step_2_no_load	3	4	0.620699591043	0.579346234508	4	450	0	
279	0	46	step_1_no_load	1	2	1	298	
279	0	46	step_2_no_load	3	4	0.654261318712	0.55511883717	3	398	1	
279	0	47	step_1_no_load	1	2	1	251	
279	0	47	step_2_no_load	5	6	0.598724660986	0.493112702321	5	378	1	
279	0	48	step_1_no_load	1	2	1	217	
279	0	48	step_2_no_load	5	6	0.615767119776	0.488280685105	6	417	0	
279	0	49	step_1_no_load	1	2	2	223	
279	0	49	step_2_no_load	5	6	0.610193185592	0.489287375157	6	784	0	
279	0	50	step_1_no_load	1	2	2	373	
279	0	50	step_2_no_load	5	6	0.606862017918	0.47381367271	5	488	1	
279	0	51	step_1_no_load	1	2	2	330	
279	0	51	step_2_no_load	5	6	0.564866799699	0.469943944943	5	402	0	
279	0	52	step_1_no_load	1	2	1	717	
279	0	52	step_2_no_load	5	6	0.539065404057	0.429622901875	5	831	1	
279	0	53	step_1_no_load	1	2	1	250	
279	0	53	step_2_no_load	3	4	0.630956764252	0.475342927439	4	1413	1	
279	0	54	step_1_no_load	1	2	1	386	
279	0	54	step_2_no_load	5	6	0.570223904064	0.491512498697	5	1317	1	
279	0	55	step_1_no_load	1	2	1	94	
279	0	55	step_2_no_load	3	4	0.639840796975	0.526704292526	4	851	0	
279	0	56	step_1_no_load	1	2	1	137	
279	0	56	step_2_no_load	3	4	0.60038825769	0.538512915562	3	498	0	
279	0	57	step_1_no_load	1	2	2	303	
279	0	57	step_2_no_load	5	6	0.641849303307	0.466449077359	6	910	0	
279	0	58	step_1_no_load	1	2	2	279	
279	0	58	step_2_no_load	5	6	0.664682809182	0.478335218822	5	192	1	
279	0	59	step_1_no_load	1	2	2	286	
279	0	59	step_2_no_load	5	6	0.632500293208	0.480274332693	5	370	1	
279	0	60	step_1_no_load	1	2	2	345	
279	0	60	step_2_no_load	5	6	0.623687406259	0.491916707098	5	409	1	
279	0	61	step_1_no_load	1	2	2	209	
279	0	61	step_2_no_load	5	6	0.669587072502	0.464268875813	5	371	0	
279	0	62	step_1_no_load	1	2	2	200	
279	0	62	step_2_no_load	5	6	0.691137204746	0.50724109756	6	299	1	
279	0	63	step_1_no_load	1	2	2	206	
279	0	63	step_2_no_load	5	6	0.664284493458	0.53192660365	6	267	1	
279	0	64	step_1_no_load	1	2	2	217	
279	0	64	step_2_no_load	5	6	0.642369708469	0.555062911513	6	356	0	
279	0	65	step_1_no_load	1	2	1	295	
279	0	65	step_2_no_load	3	4	0.619953360065	0.517687993213	3	445	1	
279	0	66	step_1_no_load	1	2	1	308	
279	0	66	step_2_no_load	3	4	0.630357351236	0.555324764318	3	384	0	
279	0	67	step_1_no_load	1	2	2	284	
279	0	67	step_2_no_load	3	4	0.674463681351	0.538279387614	3	406	1	
279	0	68	step_1_no_load	1	2	1	486	
279	0	68	step_2_no_load	3	4	0.719455209845	0.523301545299	3	590	0	
279	0	69	step_1_no_load	1	2	1	254	
279	0	69	step_2_no_load	3	4	0.718756538957	0.560462111264	4	322	0	
279	0	70	step_1_no_load	1	2	1	151	
279	0	70	step_2_no_load	3	4	0.697741832068	0.548075770764	3	279	1	
279	0	71	step_1_no_load	1	2	1	216	
279	0	71	step_2_no_load	3	4	0.706816191949	0.546215110045	3	616	1	
279	0	72	step_1_no_load	1	2	1	227	
279	0	72	step_2_no_load	5	6	0.626024641967	0.47409116389	5	401	1	
279	0	73	step_1_no_load	1	2	1	248	
279	0	73	step_2_no_load	3	4	0.727961155836	0.50185699984	3	346	0	
279	0	74	step_1_no_load	1	2	2	0	
279	0	74	step_2_no_load	3	4	0.693624670847	0.491044983779	4	368	1	
279	0	75	step_1_no_load	1	2	2	298	
279	0	75	step_2_no_load	5	6	0.615552849174	0.44832280175	6	361	0	
279	0	76	step_1_no_load	1	2	2	240	
279	0	76	step_2_no_load	5	6	0.62770291155	0.488583631821	6	317	0	
279	0	77	step_1_no_load	1	2	2	279	
279	0	77	step_2_no_load	5	6	0.564257587118	0.446809557226	5	602	0	
279	0	78	step_1_no_load	1	2	2	345	
279	0	78	step_2_no_load	5	6	0.536711448352	0.435911167612	6	363	1	
279	0	79	step_1_no_load	1	2	2	244	
279	0	79	step_2_no_load	3	4	0.647841624544	0.540085062695	4	380	0	
279	0	80	step_1_no_load	1	2	2	238	
279	0	80	step_2_no_load	5	6	0.518583383166	0.396016175285	5	573	0	
279	0	81	step_1_no_load	1	2	1	229	
279	0	81	step_2_no_load	3	4	0.702400933084	0.494116554432	4	393	0	
279	0	82	step_1_no_load	1	2	1	332	
279	0	82	step_2_no_load	5	6	0.564729328387	0.395813831323	5	331	0	
279	0	83	step_1_no_load	1	2	1	236	
279	0	83	step_2_no_load	5	6	0.607907985871	0.382772464038	5	717	0	
279	0	84	step_1_no_load	1	2	1	593	
279	0	84	step_2_no_load	3	4	0.731466635793	0.505586222209	4	556	1	
279	0	85	step_1_no_load	1	2	1	670	
279	0	85	step_2_no_load	5	6	0.692384972752	0.384458259121	6	619	0	
279	0	86	step_1_no_load	1	2	1	341	
279	0	86	step_2_no_load	3	4	0.721207648497	0.486462788728	4	656	0	
279	0	87	step_1_no_load	1	2	1	554	
279	0	87	step_2_no_load	3	4	0.690012761069	0.493867001103	3	526	1	
279	0	88	step_1_no_load	1	2	1	366	
279	0	88	step_2_no_load	5	6	0.717410082358	0.377947492322	5	540	1	
279	0	89	step_1_no_load	1	2	1	254	
279	0	89	step_2_no_load	3	4	0.660112261017	0.490019385174	3	336	1	
279	0	90	step_1_no_load	1	2	2	361	
279	0	90	step_2_no_load	3	4	0.688736868033	0.530126112124	4	493	0	
279	0	91	step_1_no_load	1	2	2	345	
279	0	91	step_2_no_load	5	6	0.685023809334	0.43534164751	5	381	0	
279	0	92	step_1_no_load	1	2	1	230	
279	0	92	step_2_no_load	5	6	0.692406274724	0.444368850664	5	444	0	
279	0	93	step_1_no_load	1	2	1	264	
279	0	93	step_2_no_load	5	6	0.70415710998	0.439878153082	6	650	0	
279	0	94	step_1_no_load	1	2	1	582	
279	0	94	step_2_no_load	3	4	0.668295023896	0.468637558205	3	431	1	
279	0	95	step_1_no_load	1	2	1	209	
279	0	95	step_2_no_load	5	6	0.715495469274	0.427150666411	5	990	0	
279	0	96	step_1_no_load	1	2	1	407	
279	0	96	step_2_no_load	5	6	0.693739812506	0.383038640121	6	720	0	
279	0	97	step_1_no_load	1	2	2	388	
279	0	97	step_2_no_load	3	4	0.651202057411	0.455601814112	4	522	0	
279	0	98	step_1_no_load	1	2	2	305	
279	0	98	step_2_no_load	5	6	0.70287861952	0.409778171713	5	1187	0	
279	0	99	step_1_no_load	1	2	2	361	
279	0	99	step_2_no_load	5	6	0.673709850038	0.397561363605	6	1412	1	
279	0	100	step_1_no_load	1	2	2	394	
279	0	100	step_2_no_load	5	6	0.666227451505	0.4333505304	6	535	1	
279	0	101	step_1_no_load	1	2	2	274	
279	0	101	step_2_no_load	5	6	0.623812401974	0.497432607584	6	679	1	
279	0	102	step_1_no_load	1	2	2	282	
279	0	102	step_2_no_load	5	6	0.666304534392	0.494584754513	6	419	1	
279	0	103	step_1_no_load	1	2	2	227	
279	0	103	step_2_no_load	5	6	0.663997796029	0.481975449893	6	416	1	
279	0	104	step_1_no_load	1	2	2	231	
279	0	104	step_2_no_load	5	6	0.703870701136	0.521047445908	6	614	0	
279	0	105	step_1_no_load	1	2	1	584	
279	0	105	step_2_no_load	3	4	0.722851301692	0.352639603242	3	602	1	
279	0	106	step_1_no_load	1	2	1	338	
279	0	106	step_2_no_load	5	6	0.712883638252	0.508908032404	6	1465	1	
279	0	107	step_1_no_load	1	2	1	610	
279	0	107	step_2_no_load	3	4	0.677514185929	0.388257337796	3	858	1	
279	0	108	step_1_no_load	1	2	1	263	
279	0	108	step_2_no_load	3	4	0.681491063126	0.388185708856	3	975	0	
279	0	109	step_1_no_load	1	2	2	305	
279	0	109	step_2_no_load	3	4	0.68658494263	0.372328831887	4	450	1	
279	0	110	step_1_no_load	1	2	2	627	
279	0	110	step_2_no_load	5	6	0.729599891941	0.432626681236	6	898	0	
279	0	111	step_1_no_load	1	2	2	290	
279	0	111	step_2_no_load	3	4	0.634599547742	0.407158158569	3	548	1	
279	0	112	step_1_no_load	1	2	2	515	
279	0	112	step_2_no_load	3	4	0.635252945963	0.413393106784	3	939	1	
279	0	113	step_1_no_load	1	2	2	352	
279	0	113	step_2_no_load	3	4	0.634627459817	0.387112818105	3	608	1	
279	0	114	step_1_no_load	1	2	2	549	
279	0	114	step_2_no_load	5	6	0.718213323791	0.380324086676	5	1000	1	
279	0	115	step_1_no_load	1	2	2	270	
279	0	115	step_2_no_load	5	6	0.739704344621	0.390027643099	6	950	1	
279	0	116	step_1_no_load	1	2	2	258	
279	0	116	step_2_no_load	5	6	0.706736514943	0.378149844807	6	749	1	
279	0	117	step_1_no_load	1	2	2	289	
279	0	117	step_2_no_load	3	4	0.671842537277	0.363056877927	4	381	0	
279	0	118	step_1_no_load	1	2	2	287	
279	0	118	step_2_no_load	5	6	0.740051715856	0.357645851833	6	787	0	
279	0	119	step_1_no_load	1	2	1	397	
279	0	119	step_2_no_load	3	4	0.661177321751	0.358243439099	3	1176	0	
279	0	120	step_1_no_load	1	2	1	368	
279	0	120	step_2_no_load	3	4	0.666433355915	0.333809617664	3	458	0	
279	0	121	step_1_no_load	1	2	1	485	
279	0	121	step_2_no_load	3	4	0.671052306195	0.310775244958	3	740	1	
279	0	122	step_1_no_load	1	2	1	408	
279	0	122	step_2_no_load	3	4	0.672193618854	0.266650857402	4	657	0	
279	0	123	step_1_no_load	1	2	2	383	
279	0	123	step_2_no_load	3	4	0.664849878232	0.269780614928	3	853	1	
279	0	124	step_1_no_load	1	2	2	308	
279	0	124	step_2_no_load	3	4	0.624161788269	0.26095206597	3	831	1	
279	0	125	step_1_no_load	1	2	2	350	
279	0	125	step_2_no_load	5	6	0.559596800931	0.303110862715	5	918	1	
279	0	126	step_1_no_load	1	2	2	282	
279	0	126	step_2_no_load	5	6	0.537863824328	0.300846667696	5	857	1	
279	0	127	step_1_no_load	1	2	2	329	
279	0	127	step_2_no_load	5	6	0.560824094575	0.274944938508	5	521	0	
279	0	128	step_1_no_load	1	2	1	325	
279	0	128	step_2_no_load	3	4	0.620672334996	0.260252451606	3	1012	0	
279	0	129	step_1_no_load	1	2	1	270	
279	0	129	step_2_no_load	3	4	0.632682846317	0.268213321963	4	1052	0	
279	0	130	step_1_no_load	1	2	2	310	
279	0	130	step_2_no_load	3	4	0.630285316669	0.267460866951	-1	-1	-1	
279	0	131	step_1_no_load	1	2	2	353	
279	0	131	step_2_no_load	5	6	0.678044920845	0.311475039155	6	453	0	
279	0	132	step_1_no_load	1	2	2	288	
279	0	132	step_2_no_load	3	4	0.660013924697	0.27986961048	3	397	1	
279	0	133	step_1_no_load	1	2	2	545	
279	0	133	step_2_no_load	5	6	0.617383991623	0.312642735495	5	728	0	
279	0	134	step_1_no_load	1	2	2	271	
279	0	134	step_2_no_load	5	6	0.621945110858	0.302839427162	6	484	0	
279	0	135	step_1_no_load	1	2	1	500	
279	0	135	step_2_no_load	3	4	0.700779221781	0.300079459047	3	590	1	
279	0	136	step_1_no_load	1	2	1	271	
279	0	136	step_2_no_load	3	4	0.674914008636	0.307766925452	3	380	0	
279	0	137	step_1_no_load	1	2	1	472	
279	0	137	step_2_no_load	3	4	0.668540846495	0.346433498467	4	875	0	
279	0	138	step_1_no_load	1	2	2	219	
279	0	138	step_2_no_load	5	6	0.63240964674	0.307694123906	6	437	1	
279	0	139	step_1_no_load	1	2	2	431	
279	0	139	step_2_no_load	5	6	0.636630981281	0.323660750961	6	529	0	
279	0	140	step_1_no_load	1	2	2	280	
279	0	140	step_2_no_load	5	6	0.671213945178	0.328174526491	5	370	1	
279	0	141	step_1_no_load	1	2	2	327	
279	0	141	step_2_no_load	5	6	0.711987889705	0.311809871418	5	455	1	
279	0	142	step_1_no_load	1	2	2	352	
279	0	142	step_2_no_load	5	6	0.690276058009	0.304203281606	5	451	1	
279	0	143	step_1_no_load	1	2	2	317	
279	0	143	step_2_no_load	5	6	0.661365099615	0.313516825296	6	490	0	
279	0	144	step_1_no_load	1	2	2	310	
279	0	144	step_2_no_load	3	4	0.639347300184	0.389234194056	3	1326	1	
279	0	145	step_1_no_load	1	2	2	367	
279	0	145	step_2_no_load	5	6	0.6669125229	0.266265924094	5	660	1	
279	0	146	step_1_no_load	1	2	2	347	
279	0	146	step_2_no_load	5	6	0.681611991725	0.257861956214	5	532	1	
279	0	147	step_1_no_load	1	2	2	311	
279	0	147	step_2_no_load	5	6	0.647798886916	0.265578160642	5	487	1	
279	0	148	step_1_no_load	1	2	2	391	
279	0	148	step_2_no_load	5	6	0.619272702026	0.305288021243	5	382	0	
279	0	149	step_1_no_load	1	2	1	230	
279	0	149	step_2_no_load	3	4	0.623203869836	0.300290206122	4	435	0	
279	0	150	step_1_no_load	1	2	1	360	
279	0	150	step_2_no_load	5	6	0.575985663078	0.305587692243	5	1365	1	
279	0	151	step_1_no_load	1	2	1	460	
279	0	151	step_2_no_load	3	4	0.614159737668	0.310557101463	3	914	0	
279	0	152	step_1_no_load	1	2	1	343	
279	0	152	step_2_no_load	3	4	0.644204174791	0.323194010514	4	393	0	
279	0	153	step_1_no_load	1	2	2	306	
279	0	153	step_2_no_load	5	6	0.613336203392	0.309356532263	5	492	1	
279	0	154	step_1_no_load	1	2	2	273	
279	0	154	step_2_no_load	5	6	0.638934099562	0.316375537537	5	393	1	
279	0	155	step_1_no_load	1	2	2	275	
279	0	155	step_2_no_load	5	6	0.632486591889	0.296093457977	5	460	0	
279	0	156	step_1_no_load	1	2	2	286	
279	0	156	step_2_no_load	3	4	0.734436160799	0.368378667812	4	576	1	
279	0	157	step_1_no_load	1	2	2	357	
279	0	157	step_2_no_load	3	4	0.720725456325	0.324728201487	4	590	0	
279	0	158	step_1_no_load	1	2	2	466	
279	0	158	step_2_no_load	5	6	0.532722108502	0.408728803896	5	517	1	
279	0	159	step_1_no_load	1	2	2	307	
279	0	159	step_2_no_load	5	6	0.541222065796	0.413026375257	5	352	1	
279	0	160	step_1_no_load	1	2	2	316	
279	0	160	step_2_no_load	3	4	0.710728171711	0.355992626298	3	328	1	
279	0	161	step_1_no_load	1	2	2	297	
279	0	161	step_2_no_load	5	6	0.516036498158	0.407025633682	5	314	0	
279	0	162	step_1_no_load	1	2	2	282	
279	0	162	step_2_no_load	3	4	0.695144769903	0.455329532209	3	628	1	
279	0	163	step_1_no_load	1	2	2	372	
279	0	163	step_2_no_load	3	4	0.697095951435	0.430920885959	3	381	0	
279	0	164	step_1_no_load	1	2	1	515	
279	0	164	step_2_no_load	3	4	0.692137394606	0.430844125626	3	884	1	
279	0	165	step_1_no_load	1	2	1	387	
279	0	165	step_2_no_load	5	6	0.538026607649	0.463777557969	5	1002	1	
279	0	166	step_1_no_load	1	2	1	283	
279	0	166	step_2_no_load	3	4	0.686594248975	0.356317216644	3	357	0	
279	0	167	step_1_no_load	1	2	1	245	
279	0	167	step_2_no_load	3	4	0.706271792549	0.331115714939	3	545	1	
279	0	168	step_1_no_load	1	2	1	348	
279	0	168	step_2_no_load	5	6	0.613361520676	0.400817642375	5	759	0	
279	0	169	step_1_no_load	1	2	1	295	
279	0	169	step_2_no_load	5	6	0.586049140041	0.42098542374	6	355	1	
279	0	170	step_1_no_load	1	2	2	354	
279	0	170	step_2_no_load	5	6	0.57151385403	0.411067820436	6	356	1	
279	0	171	step_1_no_load	1	2	2	450	
279	0	171	step_2_no_load	5	6	0.553314431843	0.386979310814	6	546	0	
279	0	172	step_1_no_load	1	2	1	387	
279	0	172	step_2_no_load	3	4	0.668669556875	0.490120307546	3	504	0	
279	0	173	step_1_no_load	1	2	1	268	
279	0	173	step_2_no_load	3	4	0.667027212577	0.462866379815	4	357	0	
279	0	174	step_1_no_load	1	2	2	332	
279	0	174	step_2_no_load	5	6	0.472729524832	0.387867297446	6	643	0	
279	0	175	step_1_no_load	1	2	2	279	
279	0	175	step_2_no_load	5	6	0.52644949356	0.426185553904	5	544	1	
279	0	176	step_1_no_load	1	2	2	310	
279	0	176	step_2_no_load	5	6	0.474046874473	0.383231572002	5	354	1	
279	0	177	step_1_no_load	1	2	2	247	
279	0	177	step_2_no_load	5	6	0.501268576771	0.357425668099	5	279	0	
279	0	178	step_1_no_load	1	2	2	259	
279	0	178	step_2_no_load	5	6	0.493712351915	0.36473828006	6	375	0	
279	0	179	step_1_no_load	1	2	2	259	
279	0	179	step_2_no_load	5	6	0.457298770028	0.324685418097	5	329	1	
279	0	180	step_1_no_load	1	2	2	263	
279	0	180	step_2_no_load	5	6	0.482853857291	0.341214611607	5	461	1	
279	0	181	step_1_no_load	1	2	2	267	
279	0	181	step_2_no_load	3	4	0.746910336326	0.480141179559	4	1288	1	
279	0	182	step_1_no_load	1	2	2	390	
279	0	182	step_2_no_load	5	6	0.506773281362	0.340533666308	5	866	0	
279	0	183	step_1_no_load	1	2	2	283	
279	0	183	step_2_no_load	5	6	0.502991759047	0.350175837802	6	331	1	
279	0	184	step_1_no_load	1	2	2	235	
279	0	184	step_2_no_load	5	6	0.460890977786	0.362743255194	6	417	0	
279	0	185	step_1_no_load	1	2	2	241	
279	0	185	step_2_no_load	5	6	0.479703516092	0.362611152222	6	398	1	
279	0	186	step_1_no_load	1	2	2	205	
279	0	186	step_2_no_load	5	6	0.46870859828	0.332733011923	6	538	0	
279	0	187	step_1_no_load	1	2	1	223	
279	0	187	step_2_no_load	3	4	0.678211978625	0.498596507669	3	536	0	
279	0	188	step_1_no_load	1	2	1	857	
279	0	188	step_2_no_load	3	4	0.696362660087	0.548350535247	4	726	1	
279	0	189	step_1_no_load	1	2	1	279	
279	0	189	step_2_no_load	3	4	0.688353284054	0.534753756004	4	393	1	
279	0	190	step_1_no_load	1	2	1	272	
279	0	190	step_2_no_load	3	4	0.667655825994	0.505820429042	4	314	1	
279	0	191	step_1_no_load	1	2	1	294	
279	0	191	step_2_no_load	5	6	0.435748387321	0.318839908867	6	306	0	
279	0	192	step_1_no_load	1	2	1	312	
279	0	192	step_2_no_load	3	4	0.705517419189	0.493851022417	3	508	1	
279	0	193	step_1_no_load	1	2	1	317	
279	0	193	step_2_no_load	5	6	0.440813209638	0.321008037746	5	410	0	
279	0	194	step_1_no_load	1	2	1	243	
279	0	194	step_2_no_load	3	4	0.655261361454	0.505359594715	4	407	0	
279	0	195	step_1_no_load	1	2	1	413	
279	0	195	step_2_no_load	5	6	0.466795336969	0.348571348505	5	651	0	
279	0	196	step_1_no_load	1	2	1	265	
279	0	196	step_2_no_load	5	6	0.421761207498	0.365373286058	5	537	0	
279	0	197	step_1_no_load	1	2	1	109	
279	0	197	step_2_no_load	3	4	0.686552522522	0.47786945426	4	337	1	
279	0	198	step_1_no_load	1	2	1	280	
279	0	198	step_2_no_load	5	6	0.397292432346	0.303352625941	6	376	0	
279	0	199	step_1_no_load	1	2	2	687	
279	0	199	step_2_no_load	5	6	0.39793773834	0.292861528884	6	384	1	
279	0	200	step_1_no_load	1	2	2	281	
279	0	200	step_2_no_load	5	6	0.372436949782	0.299128796668	6	333	0	

Thu Nov 28 15:00:25 2019
