Mon Dec  2 15:05:47 2019	
281	0	1	step_1_no_load	1	2	1	1145	
281	0	1	step_2_no_load	5	6	0.457620150462	0.594299910136	6	782	1	
281	0	2	step_1_no_load	1	2	1	384	
281	0	2	step_2_no_load	3	4	0.533203491871	0.580156942153	4	438	1	
281	0	3	step_1_no_load	1	2	1	391	
281	0	3	step_2_no_load	3	4	0.516002945397	0.584197065669	4	333	0	
281	0	4	step_1_no_load	1	2	1	293	
281	0	4	step_2_no_load	3	4	0.494597764192	0.597491569846	3	424	1	
281	0	5	step_1_no_load	1	2	1	348	
281	0	5	step_2_no_load	3	4	0.543908521457	0.623810210114	4	761	1	
281	0	6	step_1_no_load	1	2	1	371	
281	0	6	step_2_no_load	5	6	0.506877622204	0.603642866427	6	601	0	
281	0	7	step_1_no_load	1	2	1	285	
281	0	7	step_2_no_load	3	4	0.506408070053	0.568656746487	3	448	1	
281	0	8	step_1_no_load	1	2	1	454	
281	0	8	step_2_no_load	3	4	0.499203529332	0.59128639594	3	849	0	
281	0	9	step_1_no_load	1	2	1	774	
281	0	9	step_2_no_load	5	6	0.496546708465	0.641106877158	6	510	1	
281	0	10	step_1_no_load	1	2	1	392	
281	0	10	step_2_no_load	3	4	0.576063520885	0.652626043146	4	386	0	
281	0	11	step_1_no_load	1	2	1	455	
281	0	11	step_2_no_load	3	4	0.59022801242	0.69163818036	3	373	1	
281	0	12	step_1_no_load	1	2	1	397	
281	0	12	step_2_no_load	5	6	0.48457206759	0.552770607849	6	1398	1	
281	0	13	step_1_no_load	1	2	1	465	
281	0	13	step_2_no_load	3	4	0.595790490356	0.653587098421	3	983	0	
281	0	14	step_1_no_load	1	2	1	478	
281	0	14	step_2_no_load	3	4	0.611256675753	0.629137942344	4	677	1	
281	0	15	step_1_no_load	1	2	2	284	
281	0	15	step_2_no_load	3	4	0.633564630036	0.612260006668	3	845	1	
281	0	16	step_1_no_load	1	2	1	1130	
281	0	16	step_2_no_load	5	6	0.510958036527	0.553308964466	5	1273	0	
281	0	17	step_1_no_load	1	2	1	426	
281	0	17	step_2_no_load	3	4	0.643116883134	0.633350170016	4	633	1	
281	0	18	step_1_no_load	1	2	1	572	
281	0	18	step_2_no_load	3	4	0.626895526976	0.626834332012	4	747	0	
281	0	19	step_1_no_load	1	2	1	1058	
281	0	19	step_2_no_load	3	4	0.644773170243	0.619895761657	3	859	1	
281	0	20	step_1_no_load	1	2	1	1174	
281	0	20	step_2_no_load	3	4	0.60665343963	0.636521555122	3	644	0	
281	0	21	step_1_no_load	1	2	1	644	
281	0	21	step_2_no_load	3	4	0.611328949295	0.630305464549	4	487	0	
281	0	22	step_1_no_load	1	2	2	344	
281	0	22	step_2_no_load	5	6	0.506100011497	0.468700882609	5	1023	1	
281	0	23	step_1_no_load	1	2	1	593	
281	0	23	step_2_no_load	5	6	0.520606588181	0.513759772011	5	595	1	
281	0	24	step_1_no_load	1	2	1	420	
281	0	24	step_2_no_load	5	6	0.505388876622	0.503316199018	6	656	0	
281	0	25	step_1_no_load	1	2	1	296	
281	0	25	step_2_no_load	5	6	0.503316372362	0.503605105412	5	417	1	
281	0	26	step_1_no_load	1	2	1	343	
281	0	26	step_2_no_load	3	4	0.640635035276	0.592410219737	4	711	1	
281	0	27	step_1_no_load	1	2	1	337	
281	0	27	step_2_no_load	3	4	0.642144756622	0.57860777711	4	868	0	
281	0	28	step_1_no_load	1	2	1	900	
281	0	28	step_2_no_load	5	6	0.520177259699	0.553259388875	6	939	1	
281	0	29	step_1_no_load	1	2	1	523	
281	0	29	step_2_no_load	3	4	0.618626354124	0.606613029227	4	786	1	
281	0	30	step_1_no_load	1	2	1	429	
281	0	30	step_2_no_load	3	4	0.610227092493	0.608245979832	4	718	1	
281	0	31	step_1_no_load	1	2	2	337	
281	0	31	step_2_no_load	5	6	0.483156722265	0.541819886458	6	842	1	
281	0	32	step_1_no_load	1	2	2	450	
281	0	32	step_2_no_load	5	6	0.520318771114	0.522993086096	6	440	1	
281	0	33	step_1_no_load	1	2	2	449	
281	0	33	step_2_no_load	5	6	0.487664344039	0.542309898544	6	769	1	
281	0	34	step_1_no_load	1	2	2	543	
281	0	34	step_2_no_load	5	6	0.454565258478	0.538523758058	6	639	1	
281	0	35	step_1_no_load	1	2	2	264	
281	0	35	step_2_no_load	3	4	0.649776015006	0.566827313385	-1	-1	-1	
281	0	36	step_1_no_load	1	2	-1	-1	
281	0	37	step_1_no_load	1	2	1	350	
281	0	37	step_2_no_load	3	4	0.660658056664	0.513822304161	3	661	1	
281	0	38	step_1_no_load	1	2	1	453	
281	0	38	step_2_no_load	3	4	0.651263699161	0.539078491643	4	380	1	
281	0	39	step_1_no_load	1	2	2	334	
281	0	39	step_2_no_load	5	6	0.578640235206	0.610601635554	5	1054	1	
281	0	40	step_1_no_load	1	2	2	617	
281	0	40	step_2_no_load	3	4	0.636994900683	0.580760785074	3	525	1	
281	0	41	step_1_no_load	1	2	2	383	
281	0	41	step_2_no_load	5	6	0.583829055298	0.588857868869	5	948	1	
281	0	42	step_1_no_load	1	2	1	690	
281	0	42	step_2_no_load	3	4	0.606696263624	0.533857158543	4	479	0	
281	0	43	step_1_no_load	1	2	1	359	
281	0	43	step_2_no_load	5	6	0.548128010644	0.612705031264	6	399	1	
281	0	44	step_1_no_load	1	2	1	398	
281	0	44	step_2_no_load	3	4	0.589653131867	0.541854396676	4	548	0	
281	0	45	step_1_no_load	1	2	1	327	
281	0	45	step_2_no_load	5	6	0.5288039409	0.632991467829	5	1156	1	
281	0	46	step_1_no_load	1	2	1	438	
281	0	46	step_2_no_load	5	6	0.532238720495	0.600964500555	5	379	1	
281	0	47	step_1_no_load	1	2	1	537	
281	0	47	step_2_no_load	3	4	0.634373567175	0.546259467838	3	646	0	
281	0	48	step_1_no_load	1	2	1	610	
281	0	48	step_2_no_load	3	4	0.657624935632	0.534690828011	4	791	0	
281	0	49	step_1_no_load	1	2	1	450	
281	0	49	step_2_no_load	5	6	0.489287375157	0.610193185592	5	927	0	
281	0	50	step_1_no_load	1	2	2	427	
281	0	50	step_2_no_load	3	4	0.593458480934	0.481616544184	3	729	0	
281	0	51	step_1_no_load	1	2	1	593	
281	0	51	step_2_no_load	3	4	0.613357430892	0.508197321577	4	519	1	
281	0	52	step_1_no_load	1	2	1	469	
281	0	52	step_2_no_load	3	4	0.613408921915	0.513589895419	4	410	1	
281	0	53	step_1_no_load	1	2	1	380	
281	0	53	step_2_no_load	5	6	0.451905460347	0.551457882502	6	453	1	
281	0	54	step_1_no_load	1	2	1	442	
281	0	54	step_2_no_load	3	4	0.652515308527	0.493362545513	4	565	0	
281	0	55	step_1_no_load	1	2	2	629	
281	0	55	step_2_no_load	5	6	0.487025527704	0.574045915747	5	793	0	
281	0	56	step_1_no_load	1	2	2	506	
281	0	56	step_2_no_load	5	6	0.459773408493	0.601856598146	6	539	0	
281	0	57	step_1_no_load	1	2	1	1121	
281	0	57	step_2_no_load	5	6	0.466449077359	0.641849303307	5	591	1	
281	0	58	step_1_no_load	1	2	1	456	
281	0	58	step_2_no_load	3	4	0.610896130115	0.528376440027	3	727	0	
281	0	59	step_1_no_load	1	2	1	339	
281	0	59	step_2_no_load	5	6	0.480274332693	0.632500293208	5	685	0	
281	0	60	step_1_no_load	1	2	1	318	
281	0	60	step_2_no_load	3	4	0.599559577859	0.479287247283	4	419	1	
281	0	61	step_1_no_load	1	2	1	485	
281	0	61	step_2_no_load	5	6	0.464268875813	0.669587072502	6	522	0	
281	0	62	step_1_no_load	1	2	1	342	
281	0	62	step_2_no_load	3	4	0.622820395113	0.533031417444	3	328	0	
281	0	63	step_1_no_load	1	2	1	349	
281	0	63	step_2_no_load	5	6	0.53192660365	0.664284493458	5	948	1	
281	0	64	step_1_no_load	1	2	1	358	
281	0	64	step_2_no_load	5	6	0.555062911513	0.642369708469	5	639	1	
281	0	65	step_1_no_load	1	2	1	367	
281	0	65	step_2_no_load	3	4	0.619953360065	0.517687993213	4	1054	1	
281	0	66	step_1_no_load	1	2	1	612	
281	0	66	step_2_no_load	3	4	0.630357351236	0.555324764318	4	807	1	
281	0	67	step_1_no_load	1	2	1	395	
281	0	67	step_2_no_load	5	6	0.542076810516	0.597650193897	5	975	0	
281	0	68	step_1_no_load	1	2	1	794	
281	0	68	step_2_no_load	5	6	0.509127161919	0.622963076372	6	898	1	
281	0	69	step_1_no_load	1	2	1	1005	
281	0	69	step_2_no_load	3	4	0.718756538957	0.560462111264	3	910	0	
281	0	70	step_1_no_load	1	2	2	406	
281	0	70	step_2_no_load	3	4	0.697741832068	0.548075770764	3	960	0	
281	0	71	step_1_no_load	1	2	2	258	
281	0	71	step_2_no_load	5	6	0.482863323776	0.639174917797	-1	-1	-1	
281	0	72	step_1_no_load	1	2	2	812	
281	0	72	step_2_no_load	5	6	0.47409116389	0.626024641967	5	478	0	
281	0	73	step_1_no_load	1	2	2	265	
281	0	73	step_2_no_load	3	4	0.727961155836	0.50185699984	4	1013	1	
281	0	74	step_1_no_load	1	2	2	604	
281	0	74	step_2_no_load	5	6	0.453420386428	0.614462146454	6	899	1	
281	0	75	step_1_no_load	1	2	2	455	
281	0	75	step_2_no_load	5	6	0.44832280175	0.615552849174	6	654	1	
281	0	76	step_1_no_load	1	2	2	349	
281	0	76	step_2_no_load	5	6	0.488583631821	0.62770291155	6	814	1	
281	0	77	step_1_no_load	1	2	2	353	
281	0	77	step_2_no_load	5	6	0.446809557226	0.564257587118	6	851	1	
281	0	78	step_1_no_load	1	2	2	272	
281	0	78	step_2_no_load	5	6	0.435911167612	0.536711448352	6	604	1	
281	0	79	step_1_no_load	1	2	2	451	
281	0	79	step_2_no_load	3	4	0.647841624544	0.540085062695	4	579	0	
281	0	80	step_1_no_load	1	2	2	332	
281	0	80	step_2_no_load	5	6	0.396016175285	0.518583383166	6	794	1	
281	0	81	step_1_no_load	1	2	2	274	
281	0	81	step_2_no_load	3	4	0.702400933084	0.494116554432	4	423	1	
281	0	82	step_1_no_load	1	2	2	390	
281	0	82	step_2_no_load	5	6	0.395813831323	0.564729328387	6	849	1	
281	0	83	step_1_no_load	1	2	2	255	
281	0	83	step_2_no_load	5	6	0.382772464038	0.607907985871	6	368	1	
281	0	84	step_1_no_load	1	2	2	329	
281	0	84	step_2_no_load	5	6	0.385087938645	0.65843840156	6	512	1	
281	0	85	step_1_no_load	1	2	2	279	
281	0	85	step_2_no_load	3	4	0.712989604416	0.485785534744	4	319	0	
281	0	86	step_1_no_load	1	2	2	277	
281	0	86	step_2_no_load	5	6	0.345323068124	0.691782850001	6	750	1	
281	0	87	step_1_no_load	1	2	2	397	
281	0	87	step_2_no_load	5	6	0.40000499778	0.719375344246	6	599	1	
281	0	88	step_1_no_load	1	2	2	376	
281	0	88	step_2_no_load	5	6	0.377947492322	0.717410082358	6	515	0	
281	0	89	step_1_no_load	1	2	2	303	
281	0	89	step_2_no_load	5	6	0.415882489686	0.690772436485	6	472	0	
281	0	90	step_1_no_load	1	2	2	303	
281	0	90	step_2_no_load	5	6	0.411459496853	0.712247848046	5	442	0	
281	0	91	step_1_no_load	1	2	2	448	
281	0	91	step_2_no_load	5	6	0.43534164751	0.685023809334	6	611	1	
281	0	92	step_1_no_load	1	2	2	535	
281	0	92	step_2_no_load	3	4	0.679381608313	0.484260039873	3	1269	0	
281	0	93	step_1_no_load	1	2	1	341	
281	0	93	step_2_no_load	3	4	0.662863370634	0.473273727684	4	841	1	
281	0	94	step_1_no_load	1	2	1	378	
281	0	94	step_2_no_load	3	4	0.668295023896	0.468637558205	4	661	0	
281	0	95	step_1_no_load	1	2	1	391	
281	0	95	step_2_no_load	5	6	0.427150666411	0.715495469274	5	665	1	
281	0	96	step_1_no_load	1	2	1	329	
281	0	96	step_2_no_load	3	4	0.663095813561	0.437558890646	4	878	0	
281	0	97	step_1_no_load	1	2	1	403	
281	0	97	step_2_no_load	3	4	0.651202057411	0.455601814112	3	1042	0	
281	0	98	step_1_no_load	1	2	1	629	
281	0	98	step_2_no_load	3	4	0.646040060297	0.431479829356	4	598	1	
281	0	99	step_1_no_load	1	2	1	295	
281	0	99	step_2_no_load	3	4	0.645191748454	0.375249961522	4	554	1	
281	0	100	step_1_no_load	1	2	1	518	
281	0	100	step_2_no_load	3	4	0.66579920021	0.363162156005	4	590	0	
281	0	101	step_1_no_load	1	2	2	518	
281	0	101	step_2_no_load	5	6	0.497432607584	0.623812401974	5	822	0	
281	0	102	step_1_no_load	1	2	2	320	
281	0	102	step_2_no_load	5	6	0.494584754513	0.666304534392	6	390	1	
281	0	103	step_1_no_load	1	2	2	349	
281	0	103	step_2_no_load	3	4	0.69058998368	0.322834495838	4	399	0	
281	0	104	step_1_no_load	1	2	2	302	
281	0	104	step_2_no_load	3	4	0.743372642809	0.303696146503	4	585	0	
281	0	105	step_1_no_load	1	2	2	291	
281	0	105	step_2_no_load	5	6	0.514318365187	0.689135357059	6	1017	0	
281	0	106	step_1_no_load	1	2	2	398	
281	0	106	step_2_no_load	5	6	0.508908032404	0.712883638252	5	463	1	
281	0	107	step_1_no_load	1	2	2	426	
281	0	107	step_2_no_load	5	6	0.565220528809	0.692607431435	5	704	1	
281	0	108	step_1_no_load	1	2	2	455	
281	0	108	step_2_no_load	5	6	0.526955028982	0.695928523711	5	803	1	
281	0	109	step_1_no_load	1	2	2	324	
281	0	109	step_2_no_load	3	4	0.68658494263	0.372328831887	4	792	0	
281	0	110	step_1_no_load	1	2	2	556	
281	0	110	step_2_no_load	5	6	0.432626681236	0.729599891941	5	586	0	
281	0	111	step_1_no_load	1	2	1	365	
281	0	111	step_2_no_load	3	4	0.634599547742	0.407158158569	4	1014	0	
281	0	112	step_1_no_load	1	2	1	302	
281	0	112	step_2_no_load	3	4	0.635252945963	0.413393106784	3	280	1	
281	0	113	step_1_no_load	1	2	2	446	
281	0	113	step_2_no_load	5	6	0.370697120277	0.719324307956	6	460	0	
281	0	114	step_1_no_load	1	2	1	351	
281	0	114	step_2_no_load	5	6	0.380324086676	0.718213323791	5	440	1	
281	0	115	step_1_no_load	1	2	1	280	
281	0	115	step_2_no_load	3	4	0.645721217949	0.357661171116	3	392	0	
281	0	116	step_1_no_load	1	2	1	381	
281	0	116	step_2_no_load	3	4	0.680124293449	0.369438791876	4	361	0	
281	0	117	step_1_no_load	1	2	1	150	
281	0	117	step_2_no_load	3	4	0.671842537277	0.363056877927	3	458	1	
281	0	118	step_1_no_load	1	2	1	319	
281	0	118	step_2_no_load	3	4	0.690484235012	0.362977115924	3	651	1	
281	0	119	step_1_no_load	1	2	1	470	
281	0	119	step_2_no_load	3	4	0.661177321751	0.358243439099	3	443	1	
281	0	120	step_1_no_load	1	2	1	7	
281	0	120	step_2_no_load	5	6	0.370150243662	0.70587238626	5	729	0	
281	0	121	step_1_no_load	1	2	1	493	
281	0	121	step_2_no_load	5	6	0.352721767208	0.658856304095	6	524	0	
281	0	122	step_1_no_load	1	2	1	453	
281	0	122	step_2_no_load	3	4	0.672193618854	0.266650857402	3	357	0	
281	0	123	step_1_no_load	1	2	2	12	
281	0	123	step_2_no_load	3	4	0.664849878232	0.269780614928	4	750	0	
281	0	124	step_1_no_load	1	2	2	357	
281	0	124	step_2_no_load	5	6	0.309430836661	0.603013298253	5	355	0	
281	0	125	step_1_no_load	1	2	2	439	
281	0	125	step_2_no_load	3	4	0.633566302563	0.290374841566	4	501	1	
281	0	126	step_1_no_load	1	2	2	583	
281	0	126	step_2_no_load	5	6	0.300846667696	0.537863824328	5	898	0	
281	0	127	step_1_no_load	1	2	2	395	
281	0	127	step_2_no_load	5	6	0.274944938508	0.560824094575	6	534	0	
281	0	128	step_1_no_load	1	2	2	284	
281	0	128	step_2_no_load	5	6	0.250790232267	0.636905534066	5	421	1	
281	0	129	step_1_no_load	1	2	2	386	
281	0	129	step_2_no_load	5	6	0.271709703542	0.685297910719	5	654	1	
281	0	130	step_1_no_load	1	2	2	423	
281	0	130	step_2_no_load	5	6	0.274560758494	0.682031489739	5	501	0	
281	0	131	step_1_no_load	1	2	2	592	
281	0	131	step_2_no_load	5	6	0.311475039155	0.678044920845	6	1323	0	
281	0	132	step_1_no_load	1	2	2	561	
281	0	132	step_2_no_load	5	6	0.315328810424	0.668578020634	5	482	0	
281	0	133	step_1_no_load	1	2	1	720	
281	0	133	step_2_no_load	3	4	0.691649444281	0.315608831386	4	654	0	
281	0	134	step_1_no_load	1	2	1	328	
281	0	134	step_2_no_load	3	4	0.685529359147	0.287393715313	3	491	0	
281	0	135	step_1_no_load	1	2	1	733	
281	0	135	step_2_no_load	3	4	0.700779221781	0.300079459047	4	699	0	
281	0	136	step_1_no_load	1	2	1	274	
281	0	136	step_2_no_load	3	4	0.674914008636	0.307766925452	3	367	1	
281	0	137	step_1_no_load	1	2	1	443	
281	0	137	step_2_no_load	5	6	0.325016613024	0.605896884497	6	756	1	
281	0	138	step_1_no_load	1	2	1	511	
281	0	138	step_2_no_load	3	4	0.688182193337	0.366701525561	3	1007	1	
281	0	139	step_1_no_load	1	2	1	359	
281	0	139	step_2_no_load	3	4	0.696355985729	0.325611400511	3	708	1	
281	0	140	step_1_no_load	1	2	1	316	
281	0	140	step_2_no_load	5	6	0.328174526491	0.671213945178	6	969	1	
281	0	141	step_1_no_load	1	2	1	394	
281	0	141	step_2_no_load	3	4	0.616803346728	0.390227133375	3	761	0	
281	0	142	step_1_no_load	1	2	1	400	
281	0	142	step_2_no_load	3	4	0.627356259123	0.397052682821	4	629	0	
281	0	143	step_1_no_load	1	2	1	498	
281	0	143	step_2_no_load	5	6	0.313516825296	0.661365099615	6	854	0	
281	0	144	step_1_no_load	1	2	1	528	
281	0	144	step_2_no_load	3	4	0.639347300184	0.389234194056	3	406	1	
281	0	145	step_1_no_load	1	2	1	517	
281	0	145	step_2_no_load	3	4	0.606515632748	0.355256413269	3	403	1	
281	0	146	step_1_no_load	1	2	1	423	
281	0	146	step_2_no_load	5	6	0.257861956214	0.681611991725	5	585	0	
281	0	147	step_1_no_load	1	2	2	292	
281	0	147	step_2_no_load	5	6	0.265578160642	0.647798886916	5	961	0	
281	0	148	step_1_no_load	1	2	2	287	
281	0	148	step_2_no_load	3	4	0.648050021239	0.311162711725	4	529	1	
281	0	149	step_1_no_load	1	2	2	393	
281	0	149	step_2_no_load	5	6	0.269951834184	0.601870110183	6	472	1	
281	0	150	step_1_no_load	1	2	2	315	
281	0	150	step_2_no_load	5	6	0.305587692243	0.575985663078	6	495	1	
281	0	151	step_1_no_load	1	2	2	483	
281	0	151	step_2_no_load	5	6	0.348172164421	0.59154759351	6	636	0	
281	0	152	step_1_no_load	1	2	2	336	
281	0	152	step_2_no_load	5	6	0.307702500543	0.595108765344	5	610	1	
281	0	153	step_1_no_load	1	2	2	381	
281	0	153	step_2_no_load	5	6	0.309356532263	0.613336203392	5	548	1	
281	0	154	step_1_no_load	1	2	2	315	
281	0	154	step_2_no_load	5	6	0.316375537537	0.638934099562	5	452	0	
281	0	155	step_1_no_load	1	2	1	376	
281	0	155	step_2_no_load	5	6	0.296093457977	0.632486591889	6	852	1	
281	0	156	step_1_no_load	1	2	1	345	
281	0	156	step_2_no_load	3	4	0.734436160799	0.368378667812	3	1212	1	
281	0	157	step_1_no_load	1	2	1	430	
281	0	157	step_2_no_load	5	6	0.350909357271	0.585191807512	6	878	1	
281	0	158	step_1_no_load	1	2	1	357	
281	0	158	step_2_no_load	3	4	0.694270715354	0.334595868098	3	1237	0	
281	0	159	step_1_no_load	1	2	1	391	
281	0	159	step_2_no_load	3	4	0.697903160072	0.321150411254	4	560	1	
281	0	160	step_1_no_load	1	2	1	409	
281	0	160	step_2_no_load	3	4	0.710728171711	0.355992626298	4	823	0	
281	0	161	step_1_no_load	1	2	1	566	
281	0	161	step_2_no_load	3	4	0.719896286569	0.438878285506	3	956	1	
281	0	162	step_1_no_load	1	2	1	566	
281	0	162	step_2_no_load	3	4	0.695144769903	0.455329532209	3	772	1	
281	0	163	step_1_no_load	1	2	1	339	
281	0	163	step_2_no_load	3	4	0.697095951435	0.430920885959	3	398	1	
281	0	164	step_1_no_load	1	2	1	378	
281	0	164	step_2_no_load	3	4	0.692137394606	0.430844125626	3	469	1	
281	0	165	step_1_no_load	1	2	1	411	
281	0	165	step_2_no_load	5	6	0.463777557969	0.538026607649	5	986	0	
281	0	166	step_1_no_load	1	2	2	248	
281	0	166	step_2_no_load	5	6	0.422282731054	0.549095060025	5	630	1	
281	0	167	step_1_no_load	1	2	2	349	
281	0	167	step_2_no_load	5	6	0.38753671275	0.585131062446	5	471	1	
281	0	168	step_1_no_load	1	2	2	319	
281	0	168	step_2_no_load	5	6	0.400817642375	0.613361520676	5	662	0	
281	0	169	step_1_no_load	1	2	1	398	
281	0	169	step_2_no_load	5	6	0.42098542374	0.586049140041	6	627	1	
281	0	170	step_1_no_load	1	2	1	402	
281	0	170	step_2_no_load	3	4	0.67334314737	0.364989630435	4	425	1	
281	0	171	step_1_no_load	1	2	1	393	
281	0	171	step_2_no_load	5	6	0.386979310814	0.553314431843	5	996	0	
281	0	172	step_1_no_load	1	2	1	551	
281	0	172	step_2_no_load	3	4	0.668669556875	0.490120307546	4	427	1	
281	0	173	step_1_no_load	1	2	1	372	
281	0	173	step_2_no_load	5	6	0.385349297983	0.484428109849	6	407	0	
281	0	174	step_1_no_load	1	2	2	272	
281	0	174	step_2_no_load	3	4	0.729877433725	0.46236234172	4	1057	0	
281	0	175	step_1_no_load	1	2	2	317	
281	0	175	step_2_no_load	3	4	0.693968268443	0.484825491933	3	613	1	
281	0	176	step_1_no_load	1	2	2	512	
281	0	176	step_2_no_load	5	6	0.383231572002	0.474046874473	5	510	0	
281	0	177	step_1_no_load	1	2	2	273	
281	0	177	step_2_no_load	5	6	0.357425668099	0.501268576771	6	575	1	
281	0	178	step_1_no_load	1	2	2	347	
281	0	178	step_2_no_load	5	6	0.36473828006	0.493712351915	5	383	0	
281	0	179	step_1_no_load	1	2	2	508	
281	0	179	step_2_no_load	5	6	0.324685418097	0.457298770028	6	481	0	
281	0	180	step_1_no_load	1	2	1	215	
281	0	180	step_2_no_load	5	6	0.341214611607	0.482853857291	5	589	1	
281	0	181	step_1_no_load	1	2	1	372	
281	0	181	step_2_no_load	3	4	0.746910336326	0.480141179559	3	417	1	
281	0	182	step_1_no_load	1	2	1	344	
281	0	182	step_2_no_load	3	4	0.72717560423	0.49907747228	3	602	1	
281	0	183	step_1_no_load	1	2	1	246	
281	0	183	step_2_no_load	5	6	0.350175837802	0.502991759047	5	781	0	
281	0	184	step_1_no_load	1	2	1	586	
281	0	184	step_2_no_load	5	6	0.362743255194	0.460890977786	6	485	1	
281	0	185	step_1_no_load	1	2	1	357	
281	0	185	step_2_no_load	3	4	0.665622647081	0.482228039858	4	415	1	
281	0	186	step_1_no_load	1	2	1	364	
281	0	186	step_2_no_load	3	4	0.656308636836	0.484672582719	4	439	0	
281	0	187	step_1_no_load	1	2	1	297	
281	0	187	step_2_no_load	3	4	0.678211978625	0.498596507669	3	412	1	
281	0	188	step_1_no_load	1	2	1	328	
281	0	188	step_2_no_load	3	4	0.696362660087	0.548350535247	3	472	0	
281	0	189	step_1_no_load	1	2	2	481	
281	0	189	step_2_no_load	5	6	0.285168135955	0.448897869069	6	1129	0	
281	0	190	step_1_no_load	1	2	1	457	
281	0	190	step_2_no_load	3	4	0.667655825994	0.505820429042	3	796	1	
281	0	191	step_1_no_load	1	2	1	546	
281	0	191	step_2_no_load	5	6	0.318839908867	0.435748387321	6	641	1	
281	0	192	step_1_no_load	1	2	1	537	
281	0	192	step_2_no_load	5	6	0.299297135717	0.450791310283	6	596	0	
281	0	193	step_1_no_load	1	2	1	330	
281	0	193	step_2_no_load	5	6	0.321008037746	0.440813209638	5	416	0	
281	0	194	step_1_no_load	1	2	2	365	
281	0	194	step_2_no_load	5	6	0.342437174514	0.433250459893	5	490	0	
281	0	195	step_1_no_load	1	2	1	254	
281	0	195	step_2_no_load	3	4	0.646280688878	0.494102184238	4	791	0	
281	0	196	step_1_no_load	1	2	1	295	
281	0	196	step_2_no_load	3	4	0.695101215304	0.496717662777	3	313	0	
281	0	197	step_1_no_load	1	2	2	382	
281	0	197	step_2_no_load	5	6	0.316987700969	0.422511153127	6	783	1	
281	0	198	step_1_no_load	1	2	2	316	
281	0	198	step_2_no_load	5	6	0.303352625941	0.397292432346	6	607	0	
281	0	199	step_1_no_load	1	2	2	455	
281	0	199	step_2_no_load	5	6	0.292861528884	0.39793773834	5	404	0	
281	0	200	step_1_no_load	1	2	2	414	
281	0	200	step_2_no_load	5	6	0.299128796668	0.372436949782	6	295	0	

Mon Dec  2 15:23:09 2019
