Mon Dec  9 14:51:49 2019	
282	0	1	step_1_no_load	1	2	2	909	
282	0	1	step_2_no_load	3	4	0.457620150462	0.598297890399	3	943	1	
282	0	2	step_1_no_load	1	2	2	427	
282	0	2	step_2_no_load	5	6	0.610961032466	0.533203491871	5	1052	0	
282	0	3	step_1_no_load	1	2	1	413	
282	0	3	step_2_no_load	3	4	0.476767372206	0.584197065669	4	705	0	
282	0	4	step_1_no_load	1	2	1	307	
282	0	4	step_2_no_load	3	4	0.478607661228	0.597491569846	3	750	1	
282	0	5	step_1_no_load	1	2	1	403	
282	0	5	step_2_no_load	3	4	0.495568760483	0.623810210114	3	752	1	
282	0	6	step_1_no_load	1	2	1	432	
282	0	6	step_2_no_load	3	4	0.506877622204	0.585722686883	4	649	0	
282	0	7	step_1_no_load	1	2	1	258	
282	0	7	step_2_no_load	3	4	0.500071913476	0.568656746487	3	1020	1	
282	0	8	step_1_no_load	1	2	1	484	
282	0	8	step_2_no_load	3	4	0.489816616396	0.59128639594	3	830	1	
282	0	9	step_1_no_load	1	2	1	351	
282	0	9	step_2_no_load	5	6	0.641106877158	0.54429228266	6	1216	0	
282	0	10	step_1_no_load	1	2	2	389	
282	0	10	step_2_no_load	3	4	0.482364178155	0.652626043146	3	1068	0	
282	0	11	step_1_no_load	1	2	1	491	
282	0	11	step_2_no_load	3	4	0.477013315682	0.69163818036	3	877	0	
282	0	12	step_1_no_load	1	2	1	277	
282	0	12	step_2_no_load	5	6	0.552770607849	0.597131918027	6	1195	1	
282	0	13	step_1_no_load	1	2	1	499	
282	0	13	step_2_no_load	5	6	0.558313135925	0.595790490356	6	1086	0	
282	0	14	step_1_no_load	1	2	1	403	
282	0	14	step_2_no_load	3	4	0.491234392147	0.629137942344	3	952	0	
282	0	15	step_1_no_load	1	2	1	335	
282	0	15	step_2_no_load	3	4	0.505377237737	0.612260006668	4	709	1	
282	0	16	step_1_no_load	1	2	1	393	
282	0	16	step_2_no_load	3	4	0.510958036527	0.628091198119	3	832	1	
282	0	17	step_1_no_load	1	2	1	418	
282	0	17	step_2_no_load	5	6	0.562895132605	0.643116883134	5	1055	1	
282	0	18	step_1_no_load	1	2	1	367	
282	0	18	step_2_no_load	3	4	0.517514133912	0.626834332012	4	672	1	
282	0	19	step_1_no_load	1	2	1	463	
282	0	19	step_2_no_load	3	4	0.498240186199	0.619895761657	4	854	1	
282	0	20	step_1_no_load	1	2	1	341	
282	0	20	step_2_no_load	5	6	0.491720931314	0.60665343963	5	1003	1	
282	0	21	step_1_no_load	1	2	1	330	
282	0	21	step_2_no_load	3	4	0.49769376036	0.630305464549	4	972	1	
282	0	22	step_1_no_load	1	2	1	326	
282	0	22	step_2_no_load	5	6	0.468700882609	0.618527126547	5	1104	0	
282	0	23	step_1_no_load	1	2	1	352	
282	0	23	step_2_no_load	3	4	0.520606588181	0.640163623731	4	943	1	
282	0	24	step_1_no_load	1	2	1	314	
282	0	24	step_2_no_load	3	4	0.505388876622	0.582115115688	4	706	1	
282	0	25	step_1_no_load	1	2	1	337	
282	0	25	step_2_no_load	3	4	0.503316372362	0.565698722896	4	1363	0	
282	0	26	step_1_no_load	1	2	1	501	
282	0	26	step_2_no_load	3	4	0.511744353778	0.592410219737	3	1182	1	
282	0	27	step_1_no_load	1	2	1	410	
282	0	27	step_2_no_load	5	6	0.54756089792	0.642144756622	6	1069	0	
282	0	28	step_1_no_load	1	2	1	392	
282	0	28	step_2_no_load	5	6	0.553259388875	0.647441527317	6	1088	1	
282	0	29	step_1_no_load	1	2	2	813	
282	0	29	step_2_no_load	5	6	0.561957580386	0.618626354124	5	873	1	
282	0	30	step_1_no_load	1	2	1	361	
282	0	30	step_2_no_load	5	6	0.574272497114	0.610227092493	6	911	0	
282	0	31	step_1_no_load	1	2	1	382	
282	0	31	step_2_no_load	5	6	0.541819886458	0.606122691795	5	1016	0	
282	0	32	step_1_no_load	1	2	1	361	
282	0	32	step_2_no_load	3	4	0.520318771114	0.634585171267	4	1000	1	
282	0	33	step_1_no_load	1	2	1	300	
282	0	33	step_2_no_load	3	4	0.487664344039	0.611700032906	3	1012	1	
282	0	34	step_1_no_load	1	2	1	300	
282	0	34	step_2_no_load	3	4	0.454565258478	0.575802910074	3	998	1	
282	0	35	step_1_no_load	1	2	1	336	
282	0	35	step_2_no_load	5	6	0.594167768198	0.649776015006	6	1144	1	
282	0	36	step_1_no_load	1	2	1	325	
282	0	36	step_2_no_load	5	6	0.611274573488	0.661229326326	5	741	1	
282	0	37	step_1_no_load	1	2	1	345	
282	0	37	step_2_no_load	5	6	0.598446394142	0.660658056664	6	935	0	
282	0	38	step_1_no_load	1	2	1	254	
282	0	38	step_2_no_load	3	4	0.553931241266	0.539078491643	3	1144	0	
282	0	39	step_1_no_load	1	2	2	551	
282	0	39	step_2_no_load	5	6	0.610601635554	0.634483337633	5	1005	1	
282	0	40	step_1_no_load	1	2	1	400	
282	0	40	step_2_no_load	3	4	0.5691386571	0.580760785074	3	1335	0	
282	0	41	step_1_no_load	1	2	2	450	
282	0	41	step_2_no_load	3	4	0.583829055298	0.524862294848	3	1375	1	
282	0	42	step_1_no_load	1	2	2	411	
282	0	42	step_2_no_load	3	4	0.553461946234	0.533857158543	4	1027	1	
282	0	43	step_1_no_load	1	2	2	261	
282	0	43	step_2_no_load	3	4	0.548128010644	0.553703096215	3	830	0	
282	0	44	step_1_no_load	1	2	2	336	
282	0	44	step_2_no_load	5	6	0.611481438855	0.589653131867	5	926	1	
282	0	45	step_1_no_load	1	2	2	432	
282	0	45	step_2_no_load	5	6	0.632991467829	0.620699591043	6	1125	1	
282	0	46	step_1_no_load	1	2	2	424	
282	0	46	step_2_no_load	5	6	0.600964500555	0.654261318712	5	864	0	
282	0	47	step_1_no_load	1	2	2	277	
282	0	47	step_2_no_load	3	4	0.493112702321	0.546259467838	4	869	1	
282	0	48	step_1_no_load	1	2	2	271	
282	0	48	step_2_no_load	3	4	0.488280685105	0.534690828011	3	861	1	
282	0	49	step_1_no_load	1	2	2	335	
282	0	49	step_2_no_load	3	4	0.489287375157	0.512405963374	4	821	0	
282	0	50	step_1_no_load	1	2	2	243	
282	0	50	step_2_no_load	5	6	0.606862017918	0.593458480934	6	801	1	
282	0	51	step_1_no_load	1	2	2	252	
282	0	51	step_2_no_load	5	6	0.564866799699	0.613357430892	5	623	0	
282	0	52	step_1_no_load	1	2	2	244	
282	0	52	step_2_no_load	3	4	0.429622901875	0.513589895419	4	963	1	
282	0	53	step_1_no_load	1	2	2	232	
282	0	53	step_2_no_load	3	4	0.451905460347	0.475342927439	4	603	1	
282	0	54	step_1_no_load	1	2	2	243	
282	0	54	step_2_no_load	5	6	0.570223904064	0.652515308527	5	825	1	
282	0	55	step_1_no_load	1	2	2	290	
282	0	55	step_2_no_load	3	4	0.487025527704	0.526704292526	4	1107	1	
282	0	56	step_1_no_load	1	2	2	429	
282	0	56	step_2_no_load	5	6	0.601856598146	0.60038825769	5	525	0	
282	0	57	step_1_no_load	1	2	2	279	
282	0	57	step_2_no_load	5	6	0.641849303307	0.586335094239	6	1020	0	
282	0	58	step_1_no_load	1	2	2	616	
282	0	58	step_2_no_load	5	6	0.664682809182	0.610896130115	5	769	1	
282	0	59	step_1_no_load	1	2	2	288	
282	0	59	step_2_no_load	5	6	0.632500293208	0.608951267756	5	817	0	
282	0	60	step_1_no_load	1	2	2	345	
282	0	60	step_2_no_load	5	6	0.623687406259	0.599559577859	6	860	1	
282	0	61	step_1_no_load	1	2	1	362	
282	0	61	step_2_no_load	3	4	0.464268875813	0.527144452559	4	1128	1	
282	0	62	step_1_no_load	1	2	1	285	
282	0	62	step_2_no_load	3	4	0.50724109756	0.533031417444	4	619	0	
282	0	63	step_1_no_load	1	2	1	303	
282	0	63	step_2_no_load	3	4	0.53192660365	0.519445130796	4	769	1	
282	0	64	step_1_no_load	1	2	1	304	
282	0	64	step_2_no_load	3	4	0.555062911513	0.533849886794	3	771	0	
282	0	65	step_1_no_load	1	2	1	230	
282	0	65	step_2_no_load	5	6	0.612660225018	0.619953360065	6	599	0	
282	0	66	step_1_no_load	1	2	1	268	
282	0	66	step_2_no_load	5	6	0.606938648072	0.630357351236	5	652	1	
282	0	67	step_1_no_load	1	2	1	298	
282	0	67	step_2_no_load	3	4	0.542076810516	0.538279387614	3	737	1	
282	0	68	step_1_no_load	1	2	1	790	
282	0	68	step_2_no_load	3	4	0.509127161919	0.523301545299	3	693	0	
282	0	69	step_1_no_load	1	2	1	353	
282	0	69	step_2_no_load	5	6	0.622221685203	0.718756538957	6	591	1	
282	0	70	step_1_no_load	1	2	1	346	
282	0	70	step_2_no_load	3	4	0.498834901463	0.548075770764	3	485	0	
282	0	71	step_1_no_load	1	2	2	567	
282	0	71	step_2_no_load	3	4	0.482863323776	0.546215110045	3	741	1	
282	0	72	step_1_no_load	1	2	2	298	
282	0	72	step_2_no_load	3	4	0.47409116389	0.556486305476	4	548	1	
282	0	73	step_1_no_load	1	2	2	278	
282	0	73	step_2_no_load	3	4	0.435957313805	0.50185699984	4	1126	1	
282	0	74	step_1_no_load	1	2	2	365	
282	0	74	step_2_no_load	5	6	0.614462146454	0.693624670847	6	660	1	
282	0	75	step_1_no_load	1	2	2	293	
282	0	75	step_2_no_load	5	6	0.615552849174	0.697629587097	5	643	0	
282	0	76	step_1_no_load	1	2	2	289	
282	0	76	step_2_no_load	3	4	0.488583631821	0.518881389358	4	856	1	
282	0	77	step_1_no_load	1	2	2	274	
282	0	77	step_2_no_load	3	4	0.446809557226	0.538119616568	4	646	0	
282	0	78	step_1_no_load	1	2	2	248	
282	0	78	step_2_no_load	5	6	0.536711448352	0.647586191228	6	643	0	
282	0	79	step_1_no_load	1	2	2	943	
282	0	79	step_2_no_load	5	6	0.513695512795	0.647841624544	5	742	1	
282	0	80	step_1_no_load	1	2	2	283	
282	0	80	step_2_no_load	5	6	0.518583383166	0.703969305517	6	661	1	
282	0	81	step_1_no_load	1	2	2	234	
282	0	81	step_2_no_load	5	6	0.529745690463	0.702400933084	6	874	1	
282	0	82	step_1_no_load	1	2	2	359	
282	0	82	step_2_no_load	3	4	0.395813831323	0.482727017837	4	597	0	
282	0	83	step_1_no_load	1	2	2	258	
282	0	83	step_2_no_load	3	4	0.382772464038	0.483255412498	3	565	1	
282	0	84	step_1_no_load	1	2	2	261	
282	0	84	step_2_no_load	5	6	0.65843840156	0.731466635793	5	490	1	
282	0	85	step_1_no_load	1	2	2	507	
282	0	85	step_2_no_load	5	6	0.692384972752	0.712989604416	6	1004	0	
282	0	86	step_1_no_load	1	2	2	255	
282	0	86	step_2_no_load	5	6	0.691782850001	0.721207648497	6	799	1	
282	0	87	step_1_no_load	1	2	2	299	
282	0	87	step_2_no_load	3	4	0.40000499778	0.493867001103	3	429	0	
282	0	88	step_1_no_load	1	2	2	219	
282	0	88	step_2_no_load	5	6	0.717410082358	0.696773608304	6	616	1	
282	0	89	step_1_no_load	1	2	2	259	
282	0	89	step_2_no_load	3	4	0.415882489686	0.490019385174	4	647	0	
282	0	90	step_1_no_load	1	2	2	407	
282	0	90	step_2_no_load	3	4	0.411459496853	0.530126112124	3	565	0	
282	0	91	step_1_no_load	1	2	1	245	
282	0	91	step_2_no_load	3	4	0.43534164751	0.479087223222	4	609	1	
282	0	92	step_1_no_load	1	2	1	228	
282	0	92	step_2_no_load	5	6	0.692406274724	0.679381608313	5	538	1	
282	0	93	step_1_no_load	1	2	1	250	
282	0	93	step_2_no_load	3	4	0.439878153082	0.473273727684	3	618	1	
282	0	94	step_1_no_load	1	2	1	265	
282	0	94	step_2_no_load	3	4	0.429211756872	0.468637558205	4	928	0	
282	0	95	step_1_no_load	1	2	1	213	
282	0	95	step_2_no_load	3	4	0.427150666411	0.42505578884	3	714	0	
282	0	96	step_1_no_load	1	2	1	199	
282	0	96	step_2_no_load	3	4	0.383038640121	0.437558890646	4	759	0	
282	0	97	step_1_no_load	1	2	2	247	
282	0	97	step_2_no_load	3	4	0.392885664353	0.455601814112	4	742	0	
282	0	98	step_1_no_load	1	2	2	222	
282	0	98	step_2_no_load	5	6	0.70287861952	0.646040060297	5	632	1	
282	0	99	step_1_no_load	1	2	2	248	
282	0	99	step_2_no_load	5	6	0.673709850038	0.645191748454	5	673	1	
282	0	100	step_1_no_load	1	2	2	207	
282	0	100	step_2_no_load	5	6	0.666227451505	0.66579920021	6	1069	1	
282	0	101	step_1_no_load	1	2	2	298	
282	0	101	step_2_no_load	5	6	0.623812401974	0.655903528958	5	701	0	
282	0	102	step_1_no_load	1	2	2	61	
282	0	102	step_2_no_load	5	6	0.666304534392	0.663124617603	6	617	1	
282	0	103	step_1_no_load	1	2	2	262	
282	0	103	step_2_no_load	3	4	0.481975449893	0.322834495838	3	424	0	
282	0	104	step_1_no_load	1	2	2	401	
282	0	104	step_2_no_load	5	6	0.703870701136	0.743372642809	6	434	1	
282	0	105	step_1_no_load	1	2	2	243	
282	0	105	step_2_no_load	5	6	0.689135357059	0.722851301692	6	588	0	
282	0	106	step_1_no_load	1	2	2	220	
282	0	106	step_2_no_load	5	6	0.712883638252	0.699623252899	5	428	1	
282	0	107	step_1_no_load	1	2	2	373	
282	0	107	step_2_no_load	5	6	0.692607431435	0.677514185929	5	497	1	
282	0	108	step_1_no_load	1	2	2	288	
282	0	108	step_2_no_load	5	6	0.695928523711	0.681491063126	5	452	1	
282	0	109	step_1_no_load	1	2	2	297	
282	0	109	step_2_no_load	5	6	0.71632547018	0.68658494263	6	595	1	
282	0	110	step_1_no_load	1	2	2	287	
282	0	110	step_2_no_load	5	6	0.729599891941	0.65455226558	6	433	1	
282	0	111	step_1_no_load	1	2	2	312	
282	0	111	step_2_no_load	3	4	0.384948378665	0.407158158569	3	440	1	
282	0	112	step_1_no_load	1	2	2	268	
282	0	112	step_2_no_load	5	6	0.725701866094	0.635252945963	5	443	0	
282	0	113	step_1_no_load	1	2	2	256	
282	0	113	step_2_no_load	3	4	0.370697120277	0.387112818105	4	771	1	
282	0	114	step_1_no_load	1	2	2	291	
282	0	114	step_2_no_load	5	6	0.718213323791	0.657654904272	6	520	1	
282	0	115	step_1_no_load	1	2	2	255	
282	0	115	step_2_no_load	5	6	0.739704344621	0.645721217949	6	426	1	
282	0	116	step_1_no_load	1	2	2	290	
282	0	116	step_2_no_load	5	6	0.706736514943	0.680124293449	6	596	1	
282	0	117	step_1_no_load	1	2	2	331	
282	0	117	step_2_no_load	5	6	0.747012267642	0.671842537277	5	547	0	
282	0	118	step_1_no_load	1	2	2	245	
282	0	118	step_2_no_load	5	6	0.740051715856	0.690484235012	6	992	1	
282	0	119	step_1_no_load	1	2	2	372	
282	0	119	step_2_no_load	5	6	0.690424535099	0.661177321751	6	523	1	
282	0	120	step_1_no_load	1	2	2	333	
282	0	120	step_2_no_load	5	6	0.70587238626	0.666433355915	6	433	0	
282	0	121	step_1_no_load	1	2	2	262	
282	0	121	step_2_no_load	5	6	0.658856304095	0.671052306195	5	488	0	
282	0	122	step_1_no_load	1	2	1	258	
282	0	122	step_2_no_load	3	4	0.329624572119	0.266650857402	4	464	0	
282	0	123	step_1_no_load	1	2	1	274	
282	0	123	step_2_no_load	3	4	0.337526896345	0.269780614928	3	589	0	
282	0	124	step_1_no_load	1	2	2	297	
282	0	124	step_2_no_load	5	6	0.603013298253	0.624161788269	6	527	1	
282	0	125	step_1_no_load	1	2	2	280	
282	0	125	step_2_no_load	5	6	0.559596800931	0.633566302563	6	470	1	
282	0	126	step_1_no_load	1	2	2	268	
282	0	126	step_2_no_load	5	6	0.537863824328	0.600985760967	6	857	0	
282	0	127	step_1_no_load	1	2	2	304	
282	0	127	step_2_no_load	5	6	0.560824094575	0.646945556251	5	452	1	
282	0	128	step_1_no_load	1	2	2	441	
282	0	128	step_2_no_load	3	4	0.250790232267	0.260252451606	4	713	0	
282	0	129	step_1_no_load	1	2	2	316	
282	0	129	step_2_no_load	5	6	0.685297910719	0.632682846317	5	516	0	
282	0	130	step_1_no_load	1	2	2	230	
282	0	130	step_2_no_load	5	6	0.682031489739	0.630285316669	6	429	1	
282	0	131	step_1_no_load	1	2	2	264	
282	0	131	step_2_no_load	5	6	0.678044920845	0.638450601212	6	731	1	
282	0	132	step_1_no_load	1	2	2	291	
282	0	132	step_2_no_load	5	6	0.668578020634	0.660013924697	5	511	1	
282	0	133	step_1_no_load	1	2	2	304	
282	0	133	step_2_no_load	5	6	0.617383991623	0.691649444281	6	529	0	
282	0	134	step_1_no_load	1	2	2	307	
282	0	134	step_2_no_load	5	6	0.621945110858	0.685529359147	6	592	1	
282	0	135	step_1_no_load	1	2	2	849	
282	0	135	step_2_no_load	3	4	0.287118934166	0.300079459047	3	891	0	
282	0	136	step_1_no_load	1	2	2	377	
282	0	136	step_2_no_load	5	6	0.597814413435	0.674914008636	6	737	0	
282	0	137	step_1_no_load	1	2	1	261	
282	0	137	step_2_no_load	3	4	0.325016613024	0.346433498467	3	589	0	
282	0	138	step_1_no_load	1	2	1	236	
282	0	138	step_2_no_load	3	4	0.307694123906	0.366701525561	4	509	0	
282	0	139	step_1_no_load	1	2	1	271	
282	0	139	step_2_no_load	3	4	0.323660750961	0.325611400511	3	443	0	
282	0	140	step_1_no_load	1	2	2	269	
282	0	140	step_2_no_load	5	6	0.671213945178	0.637682840728	6	544	1	
282	0	141	step_1_no_load	1	2	2	267	
282	0	141	step_2_no_load	5	6	0.711987889705	0.616803346728	6	751	1	
282	0	142	step_1_no_load	1	2	2	273	
282	0	142	step_2_no_load	5	6	0.690276058009	0.627356259123	5	865	1	
282	0	143	step_1_no_load	1	2	2	302	
282	0	143	step_2_no_load	5	6	0.661365099615	0.610219102298	5	805	1	
282	0	144	step_1_no_load	1	2	2	232	
282	0	144	step_2_no_load	3	4	0.275932517017	0.389234194056	4	790	1	
282	0	145	step_1_no_load	1	2	2	238	
282	0	145	step_2_no_load	5	6	0.6669125229	0.606515632748	6	892	1	
282	0	146	step_1_no_load	1	2	2	203	
282	0	146	step_2_no_load	3	4	0.257861956214	0.320877500969	3	726	1	
282	0	147	step_1_no_load	1	2	2	209	
282	0	147	step_2_no_load	5	6	0.647798886916	0.594861186319	5	1275	1	
282	0	148	step_1_no_load	1	2	2	239	
282	0	148	step_2_no_load	5	6	0.619272702026	0.648050021239	6	986	0	
282	0	149	step_1_no_load	1	2	2	210	
282	0	149	step_2_no_load	5	6	0.601870110183	0.623203869836	5	786	0	
282	0	150	step_1_no_load	1	2	2	367	
282	0	150	step_2_no_load	3	4	0.305587692243	0.306860041627	4	1235	1	
282	0	151	step_1_no_load	1	2	2	259	
282	0	151	step_2_no_load	3	4	0.348172164421	0.310557101463	3	1336	1	
282	0	152	step_1_no_load	1	2	2	238	
282	0	152	step_2_no_load	5	6	0.595108765344	0.644204174791	6	1032	1	
282	0	153	step_1_no_load	1	2	2	250	
282	0	153	step_2_no_load	5	6	0.613336203392	0.681559292085	6	827	0	
282	0	154	step_1_no_load	1	2	2	678	
282	0	154	step_2_no_load	5	6	0.638934099562	0.671672162443	6	913	1	
282	0	155	step_1_no_load	1	2	2	293	
282	0	155	step_2_no_load	5	6	0.632486591889	0.716100930629	5	806	1	
282	0	156	step_1_no_load	1	2	2	504	
282	0	156	step_2_no_load	5	6	0.631048201903	0.734436160799	6	487	1	
282	0	157	step_1_no_load	1	2	2	440	
282	0	157	step_2_no_load	5	6	0.585191807512	0.720725456325	6	937	1	
282	0	158	step_1_no_load	1	2	1	1483	
282	0	158	step_2_no_load	3	4	0.408728803896	0.334595868098	-1	-1	-1	
282	0	159	step_1_no_load	1	2	2	413	
282	0	159	step_2_no_load	5	6	0.541222065796	0.697903160072	5	588	1	
282	0	160	step_1_no_load	1	2	1	482	
282	0	160	step_2_no_load	3	4	0.415052912783	0.355992626298	4	1019	0	
282	0	161	step_1_no_load	1	2	2	237	
282	0	161	step_2_no_load	5	6	0.516036498158	0.719896286569	6	948	1	
282	0	162	step_1_no_load	1	2	2	298	
282	0	162	step_2_no_load	3	4	0.3926701003	0.455329532209	4	835	0	
282	0	163	step_1_no_load	1	2	2	274	
282	0	163	step_2_no_load	5	6	0.5863391277	0.697095951435	5	510	0	
282	0	164	step_1_no_load	1	2	2	456	
282	0	164	step_2_no_load	5	6	0.585961845322	0.692137394606	6	625	1	
282	0	165	step_1_no_load	1	2	2	260	
282	0	165	step_2_no_load	5	6	0.538026607649	0.717506143195	6	891	0	
282	0	166	step_1_no_load	1	2	2	282	
282	0	166	step_2_no_load	5	6	0.549095060025	0.686594248975	5	592	0	
282	0	167	step_1_no_load	1	2	1	303	
282	0	167	step_2_no_load	3	4	0.38753671275	0.331115714939	4	696	1	
282	0	168	step_1_no_load	1	2	1	290	
282	0	168	step_2_no_load	3	4	0.400817642375	0.335777599654	3	672	1	
282	0	169	step_1_no_load	1	2	1	259	
282	0	169	step_2_no_load	3	4	0.42098542374	0.365156560071	3	822	0	
282	0	170	step_1_no_load	1	2	1	259	
282	0	170	step_2_no_load	3	4	0.411067820436	0.364989630435	4	467	0	
282	0	171	step_1_no_load	1	2	1	188	
282	0	171	step_2_no_load	5	6	0.553314431843	0.727248140829	5	767	0	
282	0	172	step_1_no_load	1	2	1	278	
282	0	172	step_2_no_load	3	4	0.363617002148	0.490120307546	3	658	0	
282	0	173	step_1_no_load	1	2	2	279	
282	0	173	step_2_no_load	3	4	0.385349297983	0.462866379815	3	620	1	
282	0	174	step_1_no_load	1	2	2	203	
282	0	174	step_2_no_load	3	4	0.387867297446	0.46236234172	3	782	1	
282	0	175	step_1_no_load	1	2	2	213	
282	0	175	step_2_no_load	5	6	0.52644949356	0.693968268443	6	558	0	
282	0	176	step_1_no_load	1	2	2	373	
282	0	176	step_2_no_load	5	6	0.474046874473	0.679250000396	6	802	1	
282	0	177	step_1_no_load	1	2	2	266	
282	0	177	step_2_no_load	3	4	0.357425668099	0.4798184927	3	989	1	
282	0	178	step_1_no_load	1	2	2	245	
282	0	178	step_2_no_load	3	4	0.36473828006	0.49020858644	3	614	1	
282	0	179	step_1_no_load	1	2	2	216	
282	0	179	step_2_no_load	3	4	0.324685418097	0.493565996034	4	764	0	
282	0	180	step_1_no_load	1	2	2	207	
282	0	180	step_2_no_load	5	6	0.482853857291	0.719795072986	5	661	0	
282	0	181	step_1_no_load	1	2	2	232	
282	0	181	step_2_no_load	5	6	0.508735114046	0.746910336326	6	500	1	
282	0	182	step_1_no_load	1	2	2	272	
282	0	182	step_2_no_load	5	6	0.506773281362	0.72717560423	6	826	1	
282	0	183	step_1_no_load	1	2	2	253	
282	0	183	step_2_no_load	5	6	0.502991759047	0.720388040749	6	588	0	
282	0	184	step_1_no_load	1	2	2	244	
282	0	184	step_2_no_load	3	4	0.362743255194	0.480863422096	3	1043	1	
282	0	185	step_1_no_load	1	2	2	283	
282	0	185	step_2_no_load	5	6	0.479703516092	0.665622647081	5	1297	0	
282	0	186	step_1_no_load	1	2	1	349	
282	0	186	step_2_no_load	3	4	0.332733011923	0.484672582719	4	797	0	
282	0	187	step_1_no_load	1	2	2	221	
282	0	187	step_2_no_load	5	6	0.443962917772	0.678211978625	6	558	1	
282	0	188	step_1_no_load	1	2	1	577	
282	0	188	step_2_no_load	3	4	0.291508050861	0.548350535247	3	578	1	
282	0	189	step_1_no_load	1	2	2	261	
282	0	189	step_2_no_load	3	4	0.285168135955	0.534753756004	3	1036	1	
282	0	190	step_1_no_load	1	2	2	288	
282	0	190	step_2_no_load	3	4	0.304557739386	0.505820429042	4	800	0	
282	0	191	step_1_no_load	1	2	1	307	
282	0	191	step_2_no_load	5	6	0.435748387321	0.664271461991	6	638	1	
282	0	192	step_1_no_load	1	2	2	261	
282	0	192	step_2_no_load	5	6	0.450791310283	0.705517419189	6	923	1	
282	0	193	step_1_no_load	1	2	2	259	
282	0	193	step_2_no_load	5	6	0.440813209638	0.679792491164	5	886	0	
282	0	194	step_1_no_load	1	2	2	268	
282	0	194	step_2_no_load	5	6	0.433250459893	0.655261361454	6	492	1	
282	0	195	step_1_no_load	1	2	1	583	
282	0	195	step_2_no_load	3	4	0.348571348505	0.494102184238	4	930	1	
282	0	196	step_1_no_load	1	2	2	407	
282	0	196	step_2_no_load	5	6	0.421761207498	0.695101215304	6	883	1	
282	0	197	step_1_no_load	1	2	1	373	
282	0	197	step_2_no_load	3	4	0.316987700969	0.47786945426	3	1034	0	
282	0	198	step_1_no_load	1	2	2	232	
282	0	198	step_2_no_load	5	6	0.397292432346	0.68660989813	6	1217	1	
282	0	199	step_1_no_load	1	2	2	345	
282	0	199	step_2_no_load	5	6	0.39793773834	0.73697129762	6	741	1	
282	0	200	step_1_no_load	1	2	1	290	
282	0	200	step_2_no_load	5	6	0.372436949782	0.728996708473	5	1196	0	

Mon Dec  9 15:10:07 2019
