Tue Dec 10 15:06:57 2019	
283	0	1	step_1_no_load	1	2	1	688	
283	0	1	step_2_no_load	5	6	0.598297890399	0.594299910136	6	672	1	
283	0	2	step_1_no_load	1	2	1	371	
283	0	2	step_2_no_load	5	6	0.580156942153	0.610961032466	6	357	0	
283	0	3	step_1_no_load	1	2	1	611	
283	0	3	step_2_no_load	5	6	0.584197065669	0.589215227351	6	745	0	
283	0	4	step_1_no_load	1	2	2	623	
283	0	4	step_2_no_load	3	4	0.478607661228	0.494597764192	4	722	0	
283	0	5	step_1_no_load	1	2	2	333	
283	0	5	step_2_no_load	5	6	0.623810210114	0.576104915614	5	341	1	
283	0	6	step_1_no_load	1	2	2	239	
283	0	6	step_2_no_load	5	6	0.585722686883	0.603642866427	5	368	0	
283	0	7	step_1_no_load	1	2	1	283	
283	0	7	step_2_no_load	3	4	0.500071913476	0.506408070053	3	635	1	
283	0	8	step_1_no_load	1	2	1	514	
283	0	8	step_2_no_load	3	4	0.489816616396	0.499203529332	3	553	1	
283	0	9	step_1_no_load	1	2	1	421	
283	0	9	step_2_no_load	3	4	0.496546708465	0.54429228266	3	425	0	
283	0	10	step_1_no_load	1	2	2	737	
283	0	10	step_2_no_load	3	4	0.482364178155	0.576063520885	4	602	0	
283	0	11	step_1_no_load	1	2	1	394	
283	0	11	step_2_no_load	3	4	0.477013315682	0.59022801242	4	708	0	
283	0	12	step_1_no_load	1	2	1	625	
283	0	12	step_2_no_load	5	6	0.682786328054	0.552770607849	5	852	1	
283	0	13	step_1_no_load	1	2	1	464	
283	0	13	step_2_no_load	3	4	0.52012981853	0.595790490356	4	1022	1	
283	0	14	step_1_no_load	1	2	1	575	
283	0	14	step_2_no_load	5	6	0.629137942344	0.545555696267	5	739	1	
283	0	15	step_1_no_load	1	2	2	565	
283	0	15	step_2_no_load	5	6	0.612260006668	0.570419113221	5	694	1	
283	0	16	step_1_no_load	1	2	2	587	
283	0	16	step_2_no_load	5	6	0.628091198119	0.553308964466	5	619	0	
283	0	17	step_1_no_load	1	2	1	379	
283	0	17	step_2_no_load	3	4	0.535958400205	0.643116883134	4	899	1	
283	0	18	step_1_no_load	1	2	1	536	
283	0	18	step_2_no_load	3	4	0.517514133912	0.626895526976	4	810	0	
283	0	19	step_1_no_load	1	2	2	292	
283	0	19	step_2_no_load	5	6	0.619895761657	0.536502319591	5	499	1	
283	0	20	step_1_no_load	1	2	2	530	
283	0	20	step_2_no_load	3	4	0.478025448397	0.60665343963	3	472	1	
283	0	21	step_1_no_load	1	2	2	439	
283	0	21	step_2_no_load	5	6	0.630305464549	0.470207377245	5	800	0	
283	0	22	step_1_no_load	1	2	1	552	
283	0	22	step_2_no_load	3	4	0.506100011497	0.618527126547	4	930	1	
283	0	23	step_1_no_load	1	2	1	500	
283	0	23	step_2_no_load	3	4	0.520606588181	0.604065470975	4	426	1	
283	0	24	step_1_no_load	1	2	1	585	
283	0	24	step_2_no_load	3	4	0.505388876622	0.5800912085	4	577	0	
283	0	25	step_1_no_load	1	2	2	336	
283	0	25	step_2_no_load	3	4	0.503316372362	0.629917901014	3	803	0	
283	0	26	step_1_no_load	1	2	2	253	
283	0	26	step_2_no_load	5	6	0.592410219737	0.532884212818	5	1104	0	
283	0	27	step_1_no_load	1	2	2	301	
283	0	27	step_2_no_load	5	6	0.57860777711	0.54756089792	6	475	1	
283	0	28	step_1_no_load	1	2	2	314	
283	0	28	step_2_no_load	3	4	0.520177259699	0.647441527317	3	1413	1	
283	0	29	step_1_no_load	1	2	2	334	
283	0	29	step_2_no_load	5	6	0.606613029227	0.561957580386	6	636	1	
283	0	30	step_1_no_load	1	2	2	284	
283	0	30	step_2_no_load	5	6	0.608245979832	0.574272497114	6	977	0	
283	0	31	step_1_no_load	1	2	2	357	
283	0	31	step_2_no_load	5	6	0.636602545794	0.541819886458	5	577	0	
283	0	32	step_1_no_load	1	2	1	305	
283	0	32	step_2_no_load	3	4	0.520318771114	0.605616211083	3	648	1	
283	0	33	step_1_no_load	1	2	1	416	
283	0	33	step_2_no_load	3	4	0.487664344039	0.618000238621	3	521	1	
283	0	34	step_1_no_load	1	2	1	344	
283	0	34	step_2_no_load	3	4	0.454565258478	0.670290552209	3	531	1	
283	0	35	step_1_no_load	1	2	1	347	
283	0	35	step_2_no_load	3	4	0.491437207585	0.649776015006	3	400	1	
283	0	36	step_1_no_load	1	2	1	356	
283	0	36	step_2_no_load	5	6	0.527635087561	0.611274573488	5	385	1	
283	0	37	step_1_no_load	1	2	2	266	
283	0	37	step_2_no_load	5	6	0.513822304161	0.598446394142	5	541	1	
283	0	38	step_1_no_load	1	2	2	385	
283	0	38	step_2_no_load	3	4	0.553931241266	0.651263699161	3	952	1	
283	0	39	step_1_no_load	1	2	1	517	
283	0	39	step_2_no_load	5	6	0.557005857101	0.610601635554	6	675	1	
283	0	40	step_1_no_load	1	2	2	527	
283	0	40	step_2_no_load	5	6	0.580760785074	0.607992802154	5	965	1	
283	0	41	step_1_no_load	1	2	2	331	
283	0	41	step_2_no_load	5	6	0.524862294848	0.588857868869	5	652	0	
283	0	42	step_1_no_load	1	2	1	364	
283	0	42	step_2_no_load	5	6	0.533857158543	0.609164606591	6	454	1	
283	0	43	step_1_no_load	1	2	1	300	
283	0	43	step_2_no_load	3	4	0.548128010644	0.581931546759	3	703	1	
283	0	44	step_1_no_load	1	2	2	425	
283	0	44	step_2_no_load	5	6	0.541854396676	0.611481438855	5	781	1	
283	0	45	step_1_no_load	1	2	1	470	
283	0	45	step_2_no_load	5	6	0.579346234508	0.632991467829	6	746	1	
283	0	46	step_1_no_load	1	2	2	441	
283	0	46	step_2_no_load	5	6	0.55511883717	0.600964500555	5	707	0	
283	0	47	step_1_no_load	1	2	1	367	
283	0	47	step_2_no_load	3	4	0.493112702321	0.634373567175	4	467	0	
283	0	48	step_1_no_load	1	2	1	330	
283	0	48	step_2_no_load	5	6	0.534690828011	0.615767119776	6	871	0	
283	0	49	step_1_no_load	1	2	2	373	
283	0	49	step_2_no_load	5	6	0.512405963374	0.610193185592	6	607	0	
283	0	50	step_1_no_load	1	2	1	411	
283	0	50	step_2_no_load	3	4	0.47381367271	0.593458480934	4	746	0	
283	0	51	step_1_no_load	1	2	1	532	
283	0	51	step_2_no_load	5	6	0.508197321577	0.564866799699	6	831	0	
283	0	52	step_1_no_load	1	2	1	395	
283	0	52	step_2_no_load	3	4	0.429622901875	0.613408921915	3	972	1	
283	0	53	step_1_no_load	1	2	1	313	
283	0	53	step_2_no_load	5	6	0.475342927439	0.551457882502	6	674	0	
283	0	54	step_1_no_load	1	2	1	298	
283	0	54	step_2_no_load	5	6	0.493362545513	0.570223904064	5	379	0	
283	0	55	step_1_no_load	1	2	2	255	
283	0	55	step_2_no_load	5	6	0.526704292526	0.574045915747	6	556	0	
283	0	56	step_1_no_load	1	2	2	309	
283	0	56	step_2_no_load	5	6	0.538512915562	0.601856598146	5	422	1	
283	0	57	step_1_no_load	1	2	2	347	
283	0	57	step_2_no_load	3	4	0.466449077359	0.586335094239	4	1050	0	
283	0	58	step_1_no_load	1	2	1	287	
283	0	58	step_2_no_load	3	4	0.478335218822	0.610896130115	3	780	0	
283	0	59	step_1_no_load	1	2	1	318	
283	0	59	step_2_no_load	5	6	0.537400760025	0.632500293208	6	318	0	
283	0	60	step_1_no_load	1	2	2	283	
283	0	60	step_2_no_load	3	4	0.491916707098	0.599559577859	4	751	1	
283	0	61	step_1_no_load	1	2	2	309	
283	0	61	step_2_no_load	5	6	0.527144452559	0.669587072502	5	695	0	
283	0	62	step_1_no_load	1	2	1	337	
283	0	62	step_2_no_load	3	4	0.50724109756	0.622820395113	4	1086	1	
283	0	63	step_1_no_load	1	2	1	313	
283	0	63	step_2_no_load	3	4	0.53192660365	0.642623127313	4	576	0	
283	0	64	step_1_no_load	1	2	2	276	
283	0	64	step_2_no_load	5	6	0.533849886794	0.642369708469	6	650	1	
283	0	65	step_1_no_load	1	2	2	282	
283	0	65	step_2_no_load	3	4	0.569109504048	0.619953360065	3	679	1	
283	0	66	step_1_no_load	1	2	2	322	
283	0	66	step_2_no_load	5	6	0.555324764318	0.606938648072	6	635	1	
283	0	67	step_1_no_load	1	2	2	525	
283	0	67	step_2_no_load	3	4	0.542076810516	0.674463681351	3	789	1	
283	0	68	step_1_no_load	1	2	-1	-1	
283	0	69	step_1_no_load	1	2	2	364	
283	0	69	step_2_no_load	5	6	0.560462111264	0.622221685203	6	716	0	
283	0	70	step_1_no_load	1	2	1	300	
283	0	70	step_2_no_load	3	4	0.498834901463	0.697741832068	3	695	1	
283	0	71	step_1_no_load	1	2	1	311	
283	0	71	step_2_no_load	3	4	0.482863323776	0.706816191949	3	354	1	
283	0	72	step_1_no_load	1	2	1	296	
283	0	72	step_2_no_load	5	6	0.556486305476	0.626024641967	5	345	1	
283	0	73	step_1_no_load	1	2	1	373	
283	0	73	step_2_no_load	3	4	0.435957313805	0.727961155836	3	345	1	
283	0	74	step_1_no_load	1	2	1	264	
283	0	74	step_2_no_load	3	4	0.453420386428	0.693624670847	3	269	0	
283	0	75	step_1_no_load	1	2	2	221	
283	0	75	step_2_no_load	3	4	0.44832280175	0.697629587097	4	713	1	
283	0	76	step_1_no_load	1	2	2	361	
283	0	76	step_2_no_load	5	6	0.518881389358	0.62770291155	5	445	0	
283	0	77	step_1_no_load	1	2	2	402	
283	0	77	step_2_no_load	5	6	0.538119616568	0.564257587118	6	426	0	
283	0	78	step_1_no_load	1	2	1	302	
283	0	78	step_2_no_load	3	4	0.435911167612	0.647586191228	3	497	0	
283	0	79	step_1_no_load	1	2	1	330	
283	0	79	step_2_no_load	3	4	0.389124152368	0.647841624544	4	404	1	
283	0	80	step_1_no_load	1	2	1	268	
283	0	80	step_2_no_load	3	4	0.396016175285	0.703969305517	4	362	0	
283	0	81	step_1_no_load	1	2	1	292	
283	0	81	step_2_no_load	3	4	0.419265522488	0.702400933084	3	353	0	
283	0	82	step_1_no_load	1	2	2	332	
283	0	82	step_2_no_load	5	6	0.482727017837	0.564729328387	6	555	0	
283	0	83	step_1_no_load	1	2	2	286	
283	0	83	step_2_no_load	3	4	0.382772464038	0.726885136842	4	662	1	
283	0	84	step_1_no_load	1	2	2	423	
283	0	84	step_2_no_load	3	4	0.385087938645	0.731466635793	4	590	1	
283	0	85	step_1_no_load	1	2	2	342	
283	0	85	step_2_no_load	3	4	0.384458259121	0.712989604416	4	493	0	
283	0	86	step_1_no_load	1	2	1	326	
283	0	86	step_2_no_load	3	4	0.345323068124	0.721207648497	4	527	1	
283	0	87	step_1_no_load	1	2	1	310	
283	0	87	step_2_no_load	3	4	0.40000499778	0.690012761069	4	396	1	
283	0	88	step_1_no_load	1	2	1	375	
283	0	88	step_2_no_load	5	6	0.509563243675	0.717410082358	5	725	0	
283	0	89	step_1_no_load	1	2	2	580	
283	0	89	step_2_no_load	3	4	0.415882489686	0.660112261017	4	870	1	
283	0	90	step_1_no_load	1	2	2	262	
283	0	90	step_2_no_load	5	6	0.530126112124	0.712247848046	6	802	0	
283	0	91	step_1_no_load	1	2	1	276	
283	0	91	step_2_no_load	3	4	0.43534164751	0.657820521772	4	456	1	
283	0	92	step_1_no_load	1	2	1	305	
283	0	92	step_2_no_load	3	4	0.444368850664	0.679381608313	4	537	1	
283	0	93	step_1_no_load	1	2	2	251	
283	0	93	step_2_no_load	5	6	0.473273727684	0.70415710998	5	662	0	
283	0	94	step_1_no_load	1	2	1	327	
283	0	94	step_2_no_load	3	4	0.429211756872	0.668295023896	4	393	1	
283	0	95	step_1_no_load	1	2	1	359	
283	0	95	step_2_no_load	5	6	0.42505578884	0.715495469274	5	667	0	
283	0	96	step_1_no_load	1	2	2	251	
283	0	96	step_2_no_load	5	6	0.437558890646	0.693739812506	6	828	1	
283	0	97	step_1_no_load	1	2	2	420	
283	0	97	step_2_no_load	5	6	0.455601814112	0.681272614291	6	409	1	
283	0	98	step_1_no_load	1	2	2	364	
283	0	98	step_2_no_load	5	6	0.431479829356	0.70287861952	6	594	1	
283	0	99	step_1_no_load	1	2	2	423	
283	0	99	step_2_no_load	5	6	0.375249961522	0.673709850038	6	473	1	
283	0	100	step_1_no_load	1	2	2	465	
283	0	100	step_2_no_load	5	6	0.363162156005	0.666227451505	6	446	1	
283	0	101	step_1_no_load	1	2	2	330	
283	0	101	step_2_no_load	5	6	0.366879421891	0.623812401974	6	331	0	
283	0	102	step_1_no_load	1	2	1	279	
283	0	102	step_2_no_load	3	4	0.494584754513	0.663124617603	4	499	0	
283	0	103	step_1_no_load	1	2	1	286	
283	0	103	step_2_no_load	3	4	0.481975449893	0.69058998368	3	231	1	
283	0	104	step_1_no_load	1	2	1	347	
283	0	104	step_2_no_load	3	4	0.521047445908	0.743372642809	3	404	1	
283	0	105	step_1_no_load	1	2	1	280	
283	0	105	step_2_no_load	3	4	0.514318365187	0.722851301692	3	407	0	
283	0	106	step_1_no_load	1	2	2	288	
283	0	106	step_2_no_load	5	6	0.374131494222	0.712883638252	5	404	0	
283	0	107	step_1_no_load	1	2	2	238	
283	0	107	step_2_no_load	5	6	0.388257337796	0.692607431435	6	484	1	
283	0	108	step_1_no_load	1	2	2	266	
283	0	108	step_2_no_load	5	6	0.388185708856	0.695928523711	6	392	1	
283	0	109	step_1_no_load	1	2	2	414	
283	0	109	step_2_no_load	5	6	0.372328831887	0.71632547018	6	351	1	
283	0	110	step_1_no_load	1	2	2	285	
283	0	110	step_2_no_load	5	6	0.395544455384	0.729599891941	6	383	1	
283	0	111	step_1_no_load	1	2	2	371	
283	0	111	step_2_no_load	5	6	0.407158158569	0.724852671171	6	412	1	
283	0	112	step_1_no_load	1	2	2	273	
283	0	112	step_2_no_load	3	4	0.392887565883	0.635252945963	4	290	0	
283	0	113	step_1_no_load	1	2	1	257	
283	0	113	step_2_no_load	3	4	0.370697120277	0.634627459817	4	891	1	
283	0	114	step_1_no_load	1	2	1	497	
283	0	114	step_2_no_load	3	4	0.380324086676	0.657654904272	4	453	0	
283	0	115	step_1_no_load	1	2	2	12	
283	0	115	step_2_no_load	5	6	0.357661171116	0.739704344621	6	421	1	
283	0	116	step_1_no_load	1	2	2	231	
283	0	116	step_2_no_load	3	4	0.378149844807	0.680124293449	3	695	0	
283	0	117	step_1_no_load	1	2	1	209	
283	0	117	step_2_no_load	5	6	0.363056877927	0.747012267642	6	482	1	
283	0	118	step_1_no_load	1	2	1	314	
283	0	118	step_2_no_load	3	4	0.357645851833	0.690484235012	4	1001	0	
283	0	119	step_1_no_load	1	2	2	222	
283	0	119	step_2_no_load	5	6	0.358243439099	0.690424535099	6	645	1	
283	0	120	step_1_no_load	1	2	2	258	
283	0	120	step_2_no_load	5	6	0.333809617664	0.70587238626	6	356	1	
283	0	121	step_1_no_load	1	2	2	261	
283	0	121	step_2_no_load	5	6	0.310775244958	0.658856304095	6	297	1	
283	0	122	step_1_no_load	1	2	2	248	
283	0	122	step_2_no_load	5	6	0.266650857402	0.6136886145	6	351	0	
283	0	123	step_1_no_load	1	2	1	288	
283	0	123	step_2_no_load	5	6	0.269780614928	0.583607229978	5	569	0	
283	0	124	step_1_no_load	1	2	1	207	
283	0	124	step_2_no_load	3	4	0.309430836661	0.624161788269	4	368	1	
283	0	125	step_1_no_load	1	2	1	285	
283	0	125	step_2_no_load	3	4	0.303110862715	0.633566302563	4	399	0	
283	0	126	step_1_no_load	1	2	2	248	
283	0	126	step_2_no_load	5	6	0.267206368684	0.537863824328	6	274	0	
283	0	127	step_1_no_load	1	2	1	262	
283	0	127	step_2_no_load	3	4	0.274944938508	0.646945556251	3	416	0	
283	0	128	step_1_no_load	1	2	1	326	
283	0	128	step_2_no_load	3	4	0.250790232267	0.620672334996	4	282	1	
283	0	129	step_1_no_load	1	2	1	275	
283	0	129	step_2_no_load	5	6	0.268213321963	0.685297910719	6	549	1	
283	0	130	step_1_no_load	1	2	2	274	
283	0	130	step_2_no_load	5	6	0.267460866951	0.682031489739	6	322	1	
283	0	131	step_1_no_load	1	2	2	228	
283	0	131	step_2_no_load	5	6	0.281500842289	0.678044920845	6	385	1	
283	0	132	step_1_no_load	1	2	2	290	
283	0	132	step_2_no_load	5	6	0.27986961048	0.668578020634	6	308	1	
283	0	133	step_1_no_load	1	2	2	277	
283	0	133	step_2_no_load	5	6	0.315608831386	0.617383991623	6	342	0	
283	0	134	step_1_no_load	1	2	1	249	
283	0	134	step_2_no_load	3	4	0.302839427162	0.685529359147	4	290	1	
283	0	135	step_1_no_load	1	2	2	419	
283	0	135	step_2_no_load	5	6	0.300079459047	0.593710006149	6	390	1	
283	0	136	step_1_no_load	1	2	2	253	
283	0	136	step_2_no_load	5	6	0.307766925452	0.597814413435	6	257	1	
283	0	137	step_1_no_load	1	2	2	0	
283	0	137	step_2_no_load	3	4	0.325016613024	0.668540846495	4	64	1	
283	0	138	step_1_no_load	1	2	2	314	
283	0	138	step_2_no_load	3	4	0.307694123906	0.688182193337	4	396	0	
283	0	139	step_1_no_load	1	2	1	261	
283	0	139	step_2_no_load	5	6	0.325611400511	0.636630981281	6	463	1	
283	0	140	step_1_no_load	1	2	1	291	
283	0	140	step_2_no_load	3	4	0.328174526491	0.637682840728	4	413	1	
283	0	141	step_1_no_load	1	2	2	263	
283	0	141	step_2_no_load	5	6	0.390227133375	0.711987889705	6	349	0	
283	0	142	step_1_no_load	1	2	1	258	
283	0	142	step_2_no_load	3	4	0.304203281606	0.627356259123	4	319	1	
283	0	143	step_1_no_load	1	2	1	277	
283	0	143	step_2_no_load	5	6	0.410970957547	0.661365099615	6	766	1	
283	0	144	step_1_no_load	1	2	1	242	
283	0	144	step_2_no_load	3	4	0.275932517017	0.639347300184	4	498	1	
283	0	145	step_1_no_load	1	2	1	298	
283	0	145	step_2_no_load	3	4	0.266265924094	0.606515632748	4	449	1	
283	0	146	step_1_no_load	1	2	1	316	
283	0	146	step_2_no_load	3	4	0.257861956214	0.593778463268	4	411	1	
283	0	147	step_1_no_load	1	2	1	296	
283	0	147	step_2_no_load	3	4	0.265578160642	0.594861186319	4	288	1	
283	0	148	step_1_no_load	1	2	1	279	
283	0	148	step_2_no_load	3	4	0.305288021243	0.648050021239	4	276	0	
283	0	149	step_1_no_load	1	2	2	232	
283	0	149	step_2_no_load	5	6	0.300290206122	0.601870110183	6	262	0	
283	0	150	step_1_no_load	1	2	1	171	
283	0	150	step_2_no_load	3	4	0.305587692243	0.605912419156	4	354	1	
283	0	151	step_1_no_load	1	2	1	297	
283	0	151	step_2_no_load	5	6	0.310557101463	0.59154759351	6	322	0	
283	0	152	step_1_no_load	1	2	2	445	
283	0	152	step_2_no_load	3	4	0.307702500543	0.644204174791	4	317	0	
283	0	153	step_1_no_load	1	2	2	241	
283	0	153	step_2_no_load	5	6	0.343622632154	0.613336203392	6	396	0	
283	0	154	step_1_no_load	1	2	1	285	
283	0	154	step_2_no_load	3	4	0.316375537537	0.671672162443	4	298	0	
283	0	155	step_1_no_load	1	2	1	327	
283	0	155	step_2_no_load	3	4	0.296093457977	0.716100930629	3	425	0	
283	0	156	step_1_no_load	1	2	1	344	
283	0	156	step_2_no_load	5	6	0.368378667812	0.631048201903	6	292	1	
283	0	157	step_1_no_load	1	2	1	328	
283	0	157	step_2_no_load	3	4	0.350909357271	0.720725456325	4	557	0	
283	0	158	step_1_no_load	1	2	1	273	
283	0	158	step_2_no_load	3	4	0.408728803896	0.694270715354	4	419	1	
283	0	159	step_1_no_load	1	2	1	179	
283	0	159	step_2_no_load	5	6	0.321150411254	0.541222065796	6	511	0	
283	0	160	step_1_no_load	1	2	2	21	
283	0	160	step_2_no_load	3	4	0.415052912783	0.710728171711	4	306	1	
283	0	161	step_1_no_load	1	2	2	259	
283	0	161	step_2_no_load	3	4	0.407025633682	0.719896286569	4	265	0	
283	0	162	step_1_no_load	1	2	1	53	
283	0	162	step_2_no_load	3	4	0.3926701003	0.695144769903	4	273	1	
283	0	163	step_1_no_load	1	2	1	413	
283	0	163	step_2_no_load	3	4	0.395221309311	0.697095951435	4	438	1	
283	0	164	step_1_no_load	1	2	1	311	
283	0	164	step_2_no_load	5	6	0.430844125626	0.585961845322	6	316	1	
283	0	165	step_1_no_load	1	2	2	250	
283	0	165	step_2_no_load	3	4	0.463777557969	0.717506143195	4	251	1	
283	0	166	step_1_no_load	1	2	1	195	
283	0	166	step_2_no_load	5	6	0.356317216644	0.549095060025	6	276	1	
283	0	167	step_1_no_load	1	2	2	272	
283	0	167	step_2_no_load	5	6	0.331115714939	0.585131062446	6	278	1	
283	0	168	step_1_no_load	1	2	1	264	
283	0	168	step_2_no_load	5	6	0.335777599654	0.613361520676	6	334	0	
283	0	169	step_1_no_load	1	2	2	243	
283	0	169	step_2_no_load	5	6	0.365156560071	0.586049140041	6	250	1	
283	0	170	step_1_no_load	1	2	2	74	
283	0	170	step_2_no_load	3	4	0.411067820436	0.67334314737	4	261	0	
283	0	171	step_1_no_load	1	2	1	262	
283	0	171	step_2_no_load	3	4	0.386979310814	0.727248140829	4	311	1	
283	0	172	step_1_no_load	1	2	2	284	
283	0	172	step_2_no_load	5	6	0.490120307546	0.519090471457	6	274	0	
283	0	173	step_1_no_load	1	2	1	482	
283	0	173	step_2_no_load	3	4	0.385349297983	0.667027212577	4	319	1	
283	0	174	step_1_no_load	1	2	1	444	
283	0	174	step_2_no_load	3	4	0.387867297446	0.729877433725	4	347	1	
283	0	175	step_1_no_load	1	2	1	303	
283	0	175	step_2_no_load	3	4	0.426185553904	0.693968268443	4	364	1	
283	0	176	step_1_no_load	1	2	1	283	
283	0	176	step_2_no_load	5	6	0.500856457218	0.474046874473	5	413	1	
283	0	177	step_1_no_load	1	2	1	252	
283	0	177	step_2_no_load	3	4	0.357425668099	0.714070205704	4	502	1	
283	0	178	step_1_no_load	1	2	1	264	
283	0	178	step_2_no_load	3	4	0.36473828006	0.705993797498	4	710	0	
283	0	179	step_1_no_load	1	2	1	417	
283	0	179	step_2_no_load	5	6	0.493565996034	0.457298770028	5	617	0	
283	0	180	step_1_no_load	1	2	1	277	
283	0	180	step_2_no_load	5	6	0.489345734128	0.482853857291	6	345	1	
283	0	181	step_1_no_load	1	2	1	252	
283	0	181	step_2_no_load	3	4	0.342402764747	0.746910336326	4	301	1	
283	0	182	step_1_no_load	1	2	1	296	
283	0	182	step_2_no_load	3	4	0.340533666308	0.72717560423	4	367	1	
283	0	183	step_1_no_load	1	2	1	257	
283	0	183	step_2_no_load	3	4	0.350175837802	0.720388040749	4	255	0	
283	0	184	step_1_no_load	1	2	1	273	
283	0	184	step_2_no_load	5	6	0.480863422096	0.460890977786	5	568	1	
283	0	185	step_1_no_load	1	2	1	273	
283	0	185	step_2_no_load	3	4	0.362611152222	0.665622647081	4	579	1	
283	0	186	step_1_no_load	1	2	1	217	
283	0	186	step_2_no_load	5	6	0.484672582719	0.46870859828	5	523	0	
283	0	187	step_1_no_load	1	2	1	0	
283	0	187	step_2_no_load	5	6	0.498596507669	0.443962917772	5	617	0	
283	0	188	step_1_no_load	1	2	1	275	
283	0	188	step_2_no_load	3	4	0.291508050861	0.696362660087	4	395	1	
283	0	189	step_1_no_load	1	2	1	231	
283	0	189	step_2_no_load	3	4	0.285168135955	0.688353284054	4	416	1	
283	0	190	step_1_no_load	1	2	1	300	
283	0	190	step_2_no_load	3	4	0.304557739386	0.667655825994	4	274	0	
283	0	191	step_1_no_load	1	2	1	185	
283	0	191	step_2_no_load	3	4	0.318839908867	0.664271461991	4	463	1	
283	0	192	step_1_no_load	1	2	1	263	
283	0	192	step_2_no_load	3	4	0.299297135717	0.705517419189	4	287	1	
283	0	193	step_1_no_load	1	2	1	22	
283	0	193	step_2_no_load	3	4	0.321008037746	0.679792491164	4	634	0	
283	0	194	step_1_no_load	1	2	1	284	
283	0	194	step_2_no_load	5	6	0.505359594715	0.433250459893	5	799	0	
283	0	195	step_1_no_load	1	2	1	298	
283	0	195	step_2_no_load	3	4	0.348571348505	0.646280688878	4	400	1	
283	0	196	step_1_no_load	1	2	1	364	
283	0	196	step_2_no_load	3	4	0.365373286058	0.695101215304	4	415	1	
283	0	197	step_1_no_load	1	2	1	238	
283	0	197	step_2_no_load	5	6	0.47786945426	0.422511153127	6	747	0	
283	0	198	step_1_no_load	1	2	1	401	
283	0	198	step_2_no_load	3	4	0.303352625941	0.68660989813	4	415	1	
283	0	199	step_1_no_load	1	2	1	309	
283	0	199	step_2_no_load	3	4	0.292861528884	0.73697129762	4	278	1	
283	0	200	step_1_no_load	1	2	1	233	
283	0	200	step_2_no_load	3	4	0.299128796668	0.728996708473	3	646	0	

Tue Dec 10 15:25:03 2019
