Wed Dec 11 15:11:51 2019	
284	0	1	step_1_no_load	1	2	-1	-1	
284	0	2	step_1_no_load	1	2	1	484	
284	0	2	step_2_no_load	3	4	0.474613197709	0.610961032466	3	718	0	
284	0	3	step_1_no_load	1	2	2	443	
284	0	3	step_2_no_load	5	6	0.516002945397	0.584197065669	5	813	1	
284	0	4	step_1_no_load	1	2	2	765	
284	0	4	step_2_no_load	3	4	0.478607661228	0.564086293706	3	581	0	
284	0	5	step_1_no_load	1	2	1	976	
284	0	5	step_2_no_load	3	4	0.495568760483	0.576104915614	4	1213	0	
284	0	6	step_1_no_load	1	2	2	498	
284	0	6	step_2_no_load	5	6	0.490454120702	0.585722686883	5	597	0	
284	0	7	step_1_no_load	1	2	1	658	
284	0	7	step_2_no_load	5	6	0.506408070053	0.568656746487	5	631	0	
284	0	8	step_1_no_load	1	2	2	948	
284	0	8	step_2_no_load	5	6	0.499203529332	0.59128639594	6	1053	1	
284	0	9	step_1_no_load	1	2	2	587	
284	0	9	step_2_no_load	5	6	0.54429228266	0.598049061473	6	407	0	
284	0	10	step_1_no_load	1	2	2	482	
284	0	10	step_2_no_load	5	6	0.576063520885	0.652626043146	6	398	0	
284	0	11	step_1_no_load	1	2	2	356	
284	0	11	step_2_no_load	5	6	0.59022801242	0.69163818036	6	424	1	
284	0	12	step_1_no_load	1	2	1	574	
284	0	12	step_2_no_load	5	6	0.597131918027	0.682786328054	5	528	1	
284	0	13	step_1_no_load	1	2	2	623	
284	0	13	step_2_no_load	5	6	0.595790490356	0.653587098421	6	1042	0	
284	0	14	step_1_no_load	1	2	1	911	
284	0	14	step_2_no_load	3	4	0.491234392147	0.545555696267	-1	-1	-1	
284	0	15	step_1_no_load	1	2	1	591	
284	0	15	step_2_no_load	3	4	0.505377237737	0.570419113221	4	764	0	
284	0	16	step_1_no_load	1	2	2	323	
284	0	16	step_2_no_load	5	6	0.626326396372	0.628091198119	5	646	0	
284	0	17	step_1_no_load	1	2	1	466	
284	0	17	step_2_no_load	3	4	0.535958400205	0.562895132605	3	471	1	
284	0	18	step_1_no_load	1	2	2	601	
284	0	18	step_2_no_load	5	6	0.626895526976	0.626834332012	6	471	0	
284	0	19	step_1_no_load	1	2	1	340	
284	0	19	step_2_no_load	5	6	0.644773170243	0.619895761657	5	791	0	
284	0	20	step_1_no_load	1	2	2	513	
284	0	20	step_2_no_load	5	6	0.60665343963	0.636521555122	6	398	1	
284	0	21	step_1_no_load	1	2	1	388	
284	0	21	step_2_no_load	5	6	0.611328949295	0.630305464549	6	844	0	
284	0	22	step_1_no_load	1	2	2	275	
284	0	22	step_2_no_load	5	6	0.618527126547	0.621949894727	6	525	1	
284	0	23	step_1_no_load	1	2	1	237	
284	0	23	step_2_no_load	5	6	0.604065470975	0.640163623731	5	301	0	
284	0	24	step_1_no_load	1	2	2	327	
284	0	24	step_2_no_load	5	6	0.5800912085	0.582115115688	6	341	0	
284	0	25	step_1_no_load	1	2	2	132	
284	0	25	step_2_no_load	5	6	0.629917901014	0.565698722896	6	257	1	
284	0	26	step_1_no_load	1	2	2	314	
284	0	26	step_2_no_load	5	6	0.640635035276	0.592410219737	5	333	1	
284	0	27	step_1_no_load	1	2	2	395	
284	0	27	step_2_no_load	3	4	0.507272671939	0.54756089792	4	483	0	
284	0	28	step_1_no_load	1	2	2	302	
284	0	28	step_2_no_load	3	4	0.520177259699	0.553259388875	3	872	0	
284	0	29	step_1_no_load	1	2	2	308	
284	0	29	step_2_no_load	5	6	0.618626354124	0.606613029227	6	1102	0	
284	0	30	step_1_no_load	1	2	2	274	
284	0	30	step_2_no_load	3	4	0.4919199548	0.574272497114	3	1228	1	
284	0	31	step_1_no_load	1	2	2	371	
284	0	31	step_2_no_load	5	6	0.606122691795	0.636602545794	6	802	0	
284	0	32	step_1_no_load	1	2	2	312	
284	0	32	step_2_no_load	5	6	0.605616211083	0.634585171267	5	669	1	
284	0	33	step_1_no_load	1	2	1	394	
284	0	33	step_2_no_load	3	4	0.487664344039	0.542309898544	3	793	1	
284	0	34	step_1_no_load	1	2	2	407	
284	0	34	step_2_no_load	5	6	0.670290552209	0.575802910074	6	1240	1	
284	0	35	step_1_no_load	1	2	1	1136	
284	0	35	step_2_no_load	3	4	0.491437207585	0.594167768198	3	1102	1	
284	0	36	step_1_no_load	1	2	2	361	
284	0	36	step_2_no_load	5	6	0.661229326326	0.527635087561	6	754	1	
284	0	37	step_1_no_load	1	2	1	343	
284	0	37	step_2_no_load	5	6	0.660658056664	0.513822304161	5	861	0	
284	0	38	step_1_no_load	1	2	2	294	
284	0	38	step_2_no_load	3	4	0.553931241266	0.595113730206	3	1193	0	
284	0	39	step_1_no_load	1	2	1	392	
284	0	39	step_2_no_load	3	4	0.578640235206	0.610601635554	3	889	0	
284	0	40	step_1_no_load	1	2	2	312	
284	0	40	step_2_no_load	5	6	0.636994900683	0.580760785074	-1	-1	-1	
284	0	41	step_1_no_load	1	2	1	345	
284	0	41	step_2_no_load	5	6	0.633285941184	0.524862294848	5	440	0	
284	0	42	step_1_no_load	1	2	2	290	
284	0	42	step_2_no_load	3	4	0.553461946234	0.609164606591	4	496	0	
284	0	43	step_1_no_load	1	2	1	319	
284	0	43	step_2_no_load	3	4	0.548128010644	0.612705031264	3	496	0	
284	0	44	step_1_no_load	1	2	2	326	
284	0	44	step_2_no_load	5	6	0.589653131867	0.541854396676	5	944	0	
284	0	45	step_1_no_load	1	2	1	426	
284	0	45	step_2_no_load	3	4	0.5288039409	0.632991467829	3	943	1	
284	0	46	step_1_no_load	1	2	2	271	
284	0	46	step_2_no_load	5	6	0.654261318712	0.55511883717	6	339	0	
284	0	47	step_1_no_load	1	2	2	252	
284	0	47	step_2_no_load	3	4	0.493112702321	0.598724660986	4	1356	0	
284	0	48	step_1_no_load	1	2	1	406	
284	0	48	step_2_no_load	3	4	0.488280685105	0.615767119776	3	760	1	
284	0	49	step_1_no_load	1	2	1	246	
284	0	49	step_2_no_load	3	4	0.489287375157	0.610193185592	3	359	0	
284	0	50	step_1_no_load	1	2	2	256	
284	0	50	step_2_no_load	5	6	0.593458480934	0.481616544184	6	414	0	
284	0	51	step_1_no_load	1	2	1	279	
284	0	51	step_2_no_load	3	4	0.469943944943	0.564866799699	3	263	1	
284	0	52	step_1_no_load	1	2	1	340	
284	0	52	step_2_no_load	3	4	0.429622901875	0.539065404057	3	286	1	
284	0	53	step_1_no_load	1	2	1	275	
284	0	53	step_2_no_load	3	4	0.451905460347	0.551457882502	3	495	0	
284	0	54	step_1_no_load	1	2	2	737	
284	0	54	step_2_no_load	5	6	0.652515308527	0.493362545513	5	792	0	
284	0	55	step_1_no_load	1	2	1	223	
284	0	55	step_2_no_load	3	4	0.487025527704	0.574045915747	3	327	0	
284	0	56	step_1_no_load	1	2	1	259	
284	0	56	step_2_no_load	3	4	0.459773408493	0.601856598146	3	345	0	
284	0	57	step_1_no_load	1	2	2	846	
284	0	57	step_2_no_load	5	6	0.586335094239	0.516475618243	5	1163	1	
284	0	58	step_1_no_load	1	2	2	809	
284	0	58	step_2_no_load	3	4	0.478335218822	0.664682809182	3	332	0	
284	0	59	step_1_no_load	1	2	1	291	
284	0	59	step_2_no_load	3	4	0.480274332693	0.632500293208	3	343	0	
284	0	60	step_1_no_load	1	2	2	537	
284	0	60	step_2_no_load	5	6	0.599559577859	0.479287247283	5	508	0	
284	0	61	step_1_no_load	1	2	1	495	
284	0	61	step_2_no_load	3	4	0.464268875813	0.669587072502	3	473	0	
284	0	62	step_1_no_load	1	2	2	445	
284	0	62	step_2_no_load	5	6	0.622820395113	0.533031417444	5	668	1	
284	0	63	step_1_no_load	1	2	1	517	
284	0	63	step_2_no_load	5	6	0.642623127313	0.519445130796	5	1081	0	
284	0	64	step_1_no_load	1	2	2	365	
284	0	64	step_2_no_load	5	6	0.626149195169	0.533849886794	6	917	1	
284	0	65	step_1_no_load	1	2	1	286	
284	0	65	step_2_no_load	3	4	0.569109504048	0.612660225018	4	957	0	
284	0	66	step_1_no_load	1	2	2	281	
284	0	66	step_2_no_load	3	4	0.573761869714	0.606938648072	4	1208	1	
284	0	67	step_1_no_load	1	2	1	307	
284	0	67	step_2_no_load	3	4	0.542076810516	0.597650193897	4	1162	1	
284	0	68	step_1_no_load	1	2	-1	-1	
284	0	69	step_1_no_load	1	2	-1	-1	
284	0	70	step_1_no_load	1	2	1	388	
284	0	70	step_2_no_load	3	4	0.498834901463	0.637556284465	4	1154	1	
284	0	71	step_1_no_load	1	2	2	292	
284	0	71	step_2_no_load	3	4	0.482863323776	0.639174917797	4	911	1	
284	0	72	step_1_no_load	1	2	1	367	
284	0	72	step_2_no_load	3	4	0.47409116389	0.626024641967	-1	-1	-1	
284	0	73	step_1_no_load	1	2	1	528	
284	0	73	step_2_no_load	3	4	0.435957313805	0.657126403029	3	1105	0	
284	0	74	step_1_no_load	1	2	2	256	
284	0	74	step_2_no_load	5	6	0.693624670847	0.491044983779	6	952	0	
284	0	75	step_1_no_load	1	2	1	338	
284	0	75	step_2_no_load	3	4	0.44832280175	0.615552849174	3	525	0	
284	0	76	step_1_no_load	1	2	2	229	
284	0	76	step_2_no_load	3	4	0.488583631821	0.62770291155	-1	-1	-1	
284	0	77	step_1_no_load	1	2	1	310	
284	0	77	step_2_no_load	3	4	0.446809557226	0.564257587118	3	327	0	
284	0	78	step_1_no_load	1	2	2	294	
284	0	78	step_2_no_load	5	6	0.647586191228	0.538654072849	6	617	0	
284	0	79	step_1_no_load	1	2	2	265	
284	0	79	step_2_no_load	5	6	0.647841624544	0.540085062695	5	367	0	
284	0	80	step_1_no_load	1	2	1	553	
284	0	80	step_2_no_load	5	6	0.703969305517	0.49921021142	5	325	0	
284	0	81	step_1_no_load	1	2	1	260	
284	0	81	step_2_no_load	3	4	0.419265522488	0.529745690463	4	967	1	
284	0	82	step_1_no_load	1	2	2	297	
284	0	82	step_2_no_load	5	6	0.688340116885	0.482727017837	5	1073	1	
284	0	83	step_1_no_load	1	2	1	351	
284	0	83	step_2_no_load	5	6	0.726885136842	0.483255412498	5	1175	0	
284	0	84	step_1_no_load	1	2	2	297	
284	0	84	step_2_no_load	5	6	0.731466635793	0.505586222209	6	420	1	
284	0	85	step_1_no_load	1	2	1	300	
284	0	85	step_2_no_load	5	6	0.712989604416	0.485785534744	5	555	1	
284	0	86	step_1_no_load	1	2	2	279	
284	0	86	step_2_no_load	3	4	0.345323068124	0.691782850001	3	1328	0	
284	0	87	step_1_no_load	1	2	1	283	
284	0	87	step_2_no_load	5	6	0.690012761069	0.493867001103	6	1031	1	
284	0	88	step_1_no_load	1	2	2	305	
284	0	88	step_2_no_load	5	6	0.696773608304	0.509563243675	6	932	0	
284	0	89	step_1_no_load	1	2	1	0	
284	0	89	step_2_no_load	3	4	0.415882489686	0.690772436485	3	784	0	
284	0	90	step_1_no_load	1	2	2	360	
284	0	90	step_2_no_load	3	4	0.411459496853	0.712247848046	4	870	1	
284	0	91	step_1_no_load	1	2	1	303	
284	0	91	step_2_no_load	3	4	0.43534164751	0.685023809334	4	827	0	
284	0	92	step_1_no_load	1	2	2	278	
284	0	92	step_2_no_load	5	6	0.679381608313	0.484260039873	6	833	0	
284	0	93	step_1_no_load	1	2	1	299	
284	0	93	step_2_no_load	3	4	0.439878153082	0.70415710998	3	427	0	
284	0	94	step_1_no_load	1	2	2	275	
284	0	94	step_2_no_load	5	6	0.668295023896	0.468637558205	5	1083	1	
284	0	95	step_1_no_load	1	2	1	280	
284	0	95	step_2_no_load	5	6	0.640209855442	0.42505578884	6	1138	0	
284	0	96	step_1_no_load	1	2	2	384	
284	0	96	step_2_no_load	5	6	0.663095813561	0.437558890646	5	474	1	
284	0	97	step_1_no_load	1	2	1	286	
284	0	97	step_2_no_load	3	4	0.392885664353	0.681272614291	3	1333	0	
284	0	98	step_1_no_load	1	2	2	274	
284	0	98	step_2_no_load	5	6	0.646040060297	0.431479829356	5	895	1	
284	0	99	step_1_no_load	1	2	2	347	
284	0	99	step_2_no_load	3	4	0.397561363605	0.673709850038	4	1353	1	
284	0	100	step_1_no_load	1	2	1	802	
284	0	100	step_2_no_load	3	4	0.4333505304	0.666227451505	3	1042	0	
284	0	101	step_1_no_load	1	2	2	268	
284	0	101	step_2_no_load	5	6	0.655903528958	0.366879421891	5	972	1	
284	0	102	step_1_no_load	1	2	2	446	
284	0	102	step_2_no_load	5	6	0.663124617603	0.326080462175	5	492	1	
284	0	103	step_1_no_load	1	2	2	355	
284	0	103	step_2_no_load	5	6	0.69058998368	0.322834495838	6	573	0	
284	0	104	step_1_no_load	1	2	2	292	
284	0	104	step_2_no_load	3	4	0.521047445908	0.703870701136	-1	-1	-1	
284	0	105	step_1_no_load	1	2	2	326	
284	0	105	step_2_no_load	5	6	0.722851301692	0.352639603242	5	473	1	
284	0	106	step_1_no_load	1	2	2	314	
284	0	106	step_2_no_load	5	6	0.699623252899	0.374131494222	5	452	1	
284	0	107	step_1_no_load	1	2	2	350	
284	0	107	step_2_no_load	3	4	0.565220528809	0.692607431435	4	1340	0	
284	0	108	step_1_no_load	1	2	2	313	
284	0	108	step_2_no_load	5	6	0.681491063126	0.388185708856	5	467	0	
284	0	109	step_1_no_load	1	2	2	493	
284	0	109	step_2_no_load	5	6	0.68658494263	0.372328831887	5	419	0	
284	0	110	step_1_no_load	1	2	2	28	
284	0	110	step_2_no_load	5	6	0.65455226558	0.395544455384	5	493	1	
284	0	111	step_1_no_load	1	2	2	317	
284	0	111	step_2_no_load	5	6	0.634599547742	0.407158158569	5	337	1	
284	0	112	step_1_no_load	1	2	2	259	
284	0	112	step_2_no_load	5	6	0.635252945963	0.413393106784	6	587	1	
284	0	113	step_1_no_load	1	2	2	343	
284	0	113	step_2_no_load	5	6	0.634627459817	0.387112818105	6	481	0	
284	0	114	step_1_no_load	1	2	2	344	
284	0	114	step_2_no_load	3	4	0.380324086676	0.718213323791	3	430	0	
284	0	115	step_1_no_load	1	2	2	320	
284	0	115	step_2_no_load	3	4	0.390027643099	0.739704344621	3	614	0	
284	0	116	step_1_no_load	1	2	2	281	
284	0	116	step_2_no_load	5	6	0.680124293449	0.369438791876	5	625	1	
284	0	117	step_1_no_load	1	2	2	337	
284	0	117	step_2_no_load	5	6	0.671842537277	0.363056877927	5	357	1	
284	0	118	step_1_no_load	1	2	2	493	
284	0	118	step_2_no_load	5	6	0.690484235012	0.362977115924	6	620	0	
284	0	119	step_1_no_load	1	2	2	289	
284	0	119	step_2_no_load	5	6	0.661177321751	0.358243439099	5	568	1	
284	0	120	step_1_no_load	1	2	2	275	
284	0	120	step_2_no_load	3	4	0.370150243662	0.70587238626	3	387	1	
284	0	121	step_1_no_load	1	2	2	303	
284	0	121	step_2_no_load	5	6	0.671052306195	0.310775244958	6	600	0	
284	0	122	step_1_no_load	1	2	2	273	
284	0	122	step_2_no_load	5	6	0.672193618854	0.266650857402	5	491	0	
284	0	123	step_1_no_load	1	2	2	870	
284	0	123	step_2_no_load	3	4	0.337526896345	0.583607229978	3	1300	1	
284	0	124	step_1_no_load	1	2	2	324	
284	0	124	step_2_no_load	5	6	0.624161788269	0.26095206597	5	709	0	
284	0	125	step_1_no_load	1	2	2	292	
284	0	125	step_2_no_load	5	6	0.633566302563	0.290374841566	5	657	0	
284	0	126	step_1_no_load	1	2	2	295	
284	0	126	step_2_no_load	3	4	0.300846667696	0.537863824328	4	775	0	
284	0	127	step_1_no_load	1	2	2	330	
284	0	127	step_2_no_load	5	6	0.646945556251	0.273483952592	5	376	1	
284	0	128	step_1_no_load	1	2	2	263	
284	0	128	step_2_no_load	3	4	0.250790232267	0.636905534066	3	907	0	
284	0	129	step_1_no_load	1	2	2	280	
284	0	129	step_2_no_load	5	6	0.632682846317	0.268213321963	5	507	1	
284	0	130	step_1_no_load	1	2	2	360	
284	0	130	step_2_no_load	5	6	0.630285316669	0.267460866951	5	546	0	
284	0	131	step_1_no_load	1	2	2	664	
284	0	131	step_2_no_load	3	4	0.311475039155	0.678044920845	3	440	0	
284	0	132	step_1_no_load	1	2	2	332	
284	0	132	step_2_no_load	3	4	0.315328810424	0.668578020634	4	697	1	
284	0	133	step_1_no_load	1	2	2	327	
284	0	133	step_2_no_load	3	4	0.312642735495	0.617383991623	3	482	0	
284	0	134	step_1_no_load	1	2	2	303	
284	0	134	step_2_no_load	5	6	0.685529359147	0.287393715313	5	867	1	
284	0	135	step_1_no_load	1	2	1	664	
284	0	135	step_2_no_load	5	6	0.700779221781	0.300079459047	5	495	1	
284	0	136	step_1_no_load	1	2	1	406	
284	0	136	step_2_no_load	3	4	0.284521085726	0.597814413435	3	1454	0	
284	0	137	step_1_no_load	1	2	1	435	
284	0	137	step_2_no_load	3	4	0.325016613024	0.605896884497	4	860	0	
284	0	138	step_1_no_load	1	2	1	390	
284	0	138	step_2_no_load	3	4	0.307694123906	0.63240964674	3	948	1	
284	0	139	step_1_no_load	1	2	1	308	
284	0	139	step_2_no_load	3	4	0.323660750961	0.636630981281	3	821	1	
284	0	140	step_1_no_load	1	2	1	575	
284	0	140	step_2_no_load	3	4	0.328174526491	0.671213945178	3	869	0	
284	0	141	step_1_no_load	1	2	1	453	
284	0	141	step_2_no_load	3	4	0.311809871418	0.711987889705	4	1306	0	
284	0	142	step_1_no_load	1	2	1	322	
284	0	142	step_2_no_load	3	4	0.304203281606	0.690276058009	3	934	0	
284	0	143	step_1_no_load	1	2	1	394	
284	0	143	step_2_no_load	3	4	0.313516825296	0.661365099615	3	421	1	
284	0	144	step_1_no_load	1	2	1	198	
284	0	144	step_2_no_load	3	4	0.275932517017	0.626443722248	3	546	1	
284	0	145	step_1_no_load	1	2	1	271	
284	0	145	step_2_no_load	3	4	0.266265924094	0.6669125229	4	428	1	
284	0	146	step_1_no_load	1	2	1	79	
284	0	146	step_2_no_load	3	4	0.257861956214	0.681611991725	3	483	1	
284	0	147	step_1_no_load	1	2	1	479	
284	0	147	step_2_no_load	5	6	0.594861186319	0.352879785946	-1	-1	-1	
284	0	148	step_1_no_load	1	2	1	436	
284	0	148	step_2_no_load	3	4	0.305288021243	0.619272702026	3	518	0	
284	0	149	step_1_no_load	1	2	1	565	
284	0	149	step_2_no_load	3	4	0.269951834184	0.601870110183	3	529	1	
284	0	150	step_1_no_load	1	2	1	463	
284	0	150	step_2_no_load	3	4	0.305587692243	0.575985663078	3	405	0	
284	0	151	step_1_no_load	1	2	1	295	
284	0	151	step_2_no_load	3	4	0.348172164421	0.59154759351	4	753	1	
284	0	152	step_1_no_load	1	2	1	191	
284	0	152	step_2_no_load	5	6	0.644204174791	0.323194010514	5	868	0	
284	0	153	step_1_no_load	1	2	1	309	
284	0	153	step_2_no_load	3	4	0.309356532263	0.613336203392	4	459	0	
284	0	154	step_1_no_load	1	2	1	340	
284	0	154	step_2_no_load	5	6	0.671672162443	0.348349389262	5	145	1	
284	0	155	step_1_no_load	1	2	1	344	
284	0	155	step_2_no_load	5	6	0.716100930629	0.372188990474	6	1029	1	
284	0	156	step_1_no_load	1	2	1	273	
284	0	156	step_2_no_load	3	4	0.32564867104	0.631048201903	3	1436	0	
284	0	157	step_1_no_load	1	2	1	288	
284	0	157	step_2_no_load	5	6	0.720725456325	0.324728201487	6	984	0	
284	0	158	step_1_no_load	1	2	1	374	
284	0	158	step_2_no_load	3	4	0.408728803896	0.532722108502	4	875	1	
284	0	159	step_1_no_load	1	2	1	453	
284	0	159	step_2_no_load	3	4	0.413026375257	0.541222065796	3	1165	1	
284	0	160	step_1_no_load	1	2	1	163	
284	0	160	step_2_no_load	3	4	0.415052912783	0.521229931064	3	1135	0	
284	0	161	step_1_no_load	1	2	1	689	
284	0	161	step_2_no_load	5	6	0.719896286569	0.438878285506	6	686	1	
284	0	162	step_1_no_load	1	2	1	284	
284	0	162	step_2_no_load	5	6	0.695144769903	0.455329532209	5	1136	0	
284	0	163	step_1_no_load	1	2	1	299	
284	0	163	step_2_no_load	5	6	0.697095951435	0.430920885959	6	478	0	
284	0	164	step_1_no_load	1	2	1	582	
284	0	164	step_2_no_load	3	4	0.432761720497	0.585961845322	4	908	0	
284	0	165	step_1_no_load	1	2	1	302	
284	0	165	step_2_no_load	3	4	0.463777557969	0.538026607649	3	650	0	
284	0	166	step_1_no_load	1	2	1	316	
284	0	166	step_2_no_load	5	6	0.686594248975	0.356317216644	5	852	0	
284	0	167	step_1_no_load	1	2	1	300	
284	0	167	step_2_no_load	3	4	0.38753671275	0.585131062446	3	1070	0	
284	0	168	step_1_no_load	1	2	1	252	
284	0	168	step_2_no_load	5	6	0.67192508984	0.335777599654	6	844	1	
284	0	169	step_1_no_load	1	2	1	264	
284	0	169	step_2_no_load	3	4	0.42098542374	0.586049140041	4	834	1	
284	0	170	step_1_no_load	1	2	1	277	
284	0	170	step_2_no_load	3	4	0.411067820436	0.57151385403	3	660	0	
284	0	171	step_1_no_load	1	2	1	346	
284	0	171	step_2_no_load	3	4	0.386979310814	0.553314431843	-1	-1	-1	
284	0	172	step_1_no_load	1	2	2	542	
284	0	172	step_2_no_load	5	6	0.668669556875	0.490120307546	5	591	1	
284	0	173	step_1_no_load	1	2	2	389	
284	0	173	step_2_no_load	3	4	0.385349297983	0.484428109849	3	751	0	
284	0	174	step_1_no_load	1	2	2	351	
284	0	174	step_2_no_load	5	6	0.729877433725	0.46236234172	5	900	1	
284	0	175	step_1_no_load	1	2	2	336	
284	0	175	step_2_no_load	5	6	0.693968268443	0.484825491933	6	437	1	
284	0	176	step_1_no_load	1	2	2	477	
284	0	176	step_2_no_load	5	6	0.679250000396	0.500856457218	5	582	0	
284	0	177	step_1_no_load	1	2	2	239	
284	0	177	step_2_no_load	5	6	0.714070205704	0.4798184927	5	498	1	
284	0	178	step_1_no_load	1	2	2	592	
284	0	178	step_2_no_load	3	4	0.36473828006	0.493712351915	4	846	1	
284	0	179	step_1_no_load	1	2	2	392	
284	0	179	step_2_no_load	5	6	0.709345707515	0.493565996034	5	1096	0	
284	0	180	step_1_no_load	1	2	2	581	
284	0	180	step_2_no_load	3	4	0.341214611607	0.482853857291	4	1001	1	
284	0	181	step_1_no_load	1	2	2	270	
284	0	181	step_2_no_load	3	4	0.342402764747	0.508735114046	4	602	0	
284	0	182	step_1_no_load	1	2	2	430	
284	0	182	step_2_no_load	3	4	0.340533666308	0.506773281362	3	530	0	
284	0	183	step_1_no_load	1	2	2	378	
284	0	183	step_2_no_load	3	4	0.350175837802	0.502991759047	4	924	0	
284	0	184	step_1_no_load	1	2	2	461	
284	0	184	step_2_no_load	5	6	0.657291439324	0.480863422096	5	485	0	
284	0	185	step_1_no_load	1	2	2	241	
284	0	185	step_2_no_load	5	6	0.665622647081	0.482228039858	5	420	1	
284	0	186	step_1_no_load	1	2	2	289	
284	0	186	step_2_no_load	5	6	0.656308636836	0.484672582719	5	377	0	
284	0	187	step_1_no_load	1	2	2	273	
284	0	187	step_2_no_load	5	6	0.678211978625	0.498596507669	6	360	1	
284	0	188	step_1_no_load	1	2	2	251	
284	0	188	step_2_no_load	5	6	0.696362660087	0.548350535247	6	613	1	
284	0	189	step_1_no_load	1	2	2	278	
284	0	189	step_2_no_load	5	6	0.688353284054	0.534753756004	5	525	1	
284	0	190	step_1_no_load	1	2	2	399	
284	0	190	step_2_no_load	5	6	0.667655825994	0.505820429042	6	748	0	
284	0	191	step_1_no_load	1	2	2	321	
284	0	191	step_2_no_load	3	4	0.318839908867	0.435748387321	4	956	1	
284	0	192	step_1_no_load	1	2	2	291	
284	0	192	step_2_no_load	5	6	0.705517419189	0.493851022417	6	1377	1	
284	0	193	step_1_no_load	1	2	2	256	
284	0	193	step_2_no_load	3	4	0.321008037746	0.440813209638	3	450	0	
284	0	194	step_1_no_load	1	2	2	290	
284	0	194	step_2_no_load	5	6	0.655261361454	0.505359594715	5	789	1	
284	0	195	step_1_no_load	1	2	2	214	
284	0	195	step_2_no_load	3	4	0.348571348505	0.466795336969	4	1279	1	
284	0	196	step_1_no_load	1	2	2	498	
284	0	196	step_2_no_load	5	6	0.695101215304	0.496717662777	6	641	1	
284	0	197	step_1_no_load	1	2	2	382	
284	0	197	step_2_no_load	5	6	0.686552522522	0.47786945426	6	1310	0	
284	0	198	step_1_no_load	1	2	2	274	
284	0	198	step_2_no_load	5	6	0.68660989813	0.485065498391	5	369	1	
284	0	199	step_1_no_load	1	2	2	300	
284	0	199	step_2_no_load	5	6	0.73697129762	0.529438031858	5	819	0	
284	0	200	step_1_no_load	1	2	2	411	
284	0	200	step_2_no_load	5	6	0.728996708473	0.507902534353	5	388	1	

Wed Dec 11 15:30:14 2019
