Tue Feb  4 17:00:11 2020	
285	0	1	step_1_no_load	1	2	-1	-1	
285	0	2	step_1_no_load	1	2	1	416	
285	0	2	step_2_no_load	3	4	0.580156942153	0.533203491871	4	1417	1	
285	0	3	step_1_no_load	1	2	1	891	
285	0	3	step_2_no_load	3	4	0.584197065669	0.516002945397	4	1252	0	
285	0	4	step_1_no_load	1	2	-1	-1	
285	0	5	step_1_no_load	1	2	1	506	
285	0	5	step_2_no_load	5	6	0.495568760483	0.576104915614	6	1338	1	
285	0	6	step_1_no_load	1	2	1	1033	
285	0	6	step_2_no_load	3	4	0.585722686883	0.490454120702	4	1194	0	
285	0	7	step_1_no_load	1	2	1	759	
285	0	7	step_2_no_load	3	4	0.568656746487	0.506408070053	3	1224	1	
285	0	8	step_1_no_load	1	2	1	708	
285	0	8	step_2_no_load	3	4	0.59128639594	0.499203529332	3	1222	1	
285	0	9	step_1_no_load	1	2	1	756	
285	0	9	step_2_no_load	3	4	0.598049061473	0.54429228266	3	913	1	
285	0	10	step_1_no_load	1	2	1	731	
285	0	10	step_2_no_load	3	4	0.652626043146	0.576063520885	3	928	0	
285	0	11	step_1_no_load	1	2	2	908	
285	0	11	step_2_no_load	5	6	0.477013315682	0.609191465743	6	1219	0	
285	0	12	step_1_no_load	1	2	2	408	
285	0	12	step_2_no_load	5	6	0.48457206759	0.552770607849	5	835	0	
285	0	13	step_1_no_load	1	2	1	1311	
285	0	13	step_2_no_load	3	4	0.653587098421	0.595790490356	3	897	1	
285	0	14	step_1_no_load	1	2	1	475	
285	0	14	step_2_no_load	3	4	0.629137942344	0.611256675753	3	811	0	
285	0	15	step_1_no_load	1	2	2	1143	
285	0	15	step_2_no_load	5	6	0.505377237737	0.570419113221	6	1258	0	
285	0	16	step_1_no_load	1	2	2	549	
285	0	16	step_2_no_load	5	6	0.510958036527	0.553308964466	5	556	0	
285	0	17	step_1_no_load	1	2	1	862	
285	0	17	step_2_no_load	5	6	0.535958400205	0.562895132605	6	1150	1	
285	0	18	step_1_no_load	1	2	1	861	
285	0	18	step_2_no_load	3	4	0.626834332012	0.626895526976	3	1304	0	
285	0	19	step_1_no_load	1	2	2	588	
285	0	19	step_2_no_load	5	6	0.498240186199	0.536502319591	5	672	1	
285	0	20	step_1_no_load	1	2	2	513	
285	0	20	step_2_no_load	3	4	0.636521555122	0.60665343963	3	929	1	
285	0	21	step_1_no_load	1	2	2	574	
285	0	21	step_2_no_load	5	6	0.49769376036	0.470207377245	5	631	1	
285	0	22	step_1_no_load	1	2	2	470	
285	0	22	step_2_no_load	3	4	0.621949894727	0.618527126547	3	492	1	
285	0	23	step_1_no_load	1	2	2	951	
285	0	23	step_2_no_load	5	6	0.520606588181	0.513759772011	5	740	0	
285	0	24	step_1_no_load	1	2	-1	-1	
285	0	25	step_1_no_load	1	2	1	489	
285	0	25	step_2_no_load	5	6	0.503316372362	0.503605105412	6	717	1	
285	0	26	step_1_no_load	1	2	1	474	
285	0	26	step_2_no_load	3	4	0.592410219737	0.640635035276	4	1092	0	
285	0	27	step_1_no_load	1	2	2	582	
285	0	27	step_2_no_load	5	6	0.507272671939	0.54756089792	5	935	0	
285	0	28	step_1_no_load	1	2	2	821	
285	0	28	step_2_no_load	5	6	0.520177259699	0.553259388875	6	582	0	
285	0	29	step_1_no_load	1	2	2	505	
285	0	29	step_2_no_load	5	6	0.521159009103	0.561957580386	5	452	0	
285	0	30	step_1_no_load	1	2	2	502	
285	0	30	step_2_no_load	5	6	0.4919199548	0.574272497114	6	473	1	
285	0	31	step_1_no_load	1	2	2	586	
285	0	31	step_2_no_load	5	6	0.483156722265	0.541819886458	6	466	1	
285	0	32	step_1_no_load	1	2	2	465	
285	0	32	step_2_no_load	5	6	0.520318771114	0.522993086096	6	679	1	
285	0	33	step_1_no_load	1	2	2	595	
285	0	33	step_2_no_load	5	6	0.487664344039	0.542309898544	6	408	1	
285	0	34	step_1_no_load	1	2	2	451	
285	0	34	step_2_no_load	3	4	0.575802910074	0.670290552209	3	651	0	
285	0	35	step_1_no_load	1	2	1	663	
285	0	35	step_2_no_load	5	6	0.491437207585	0.594167768198	6	1011	1	
285	0	36	step_1_no_load	1	2	1	539	
285	0	36	step_2_no_load	3	4	0.527635087561	0.661229326326	4	862	1	
285	0	37	step_1_no_load	1	2	1	365	
285	0	37	step_2_no_load	3	4	0.513822304161	0.660658056664	4	592	0	
285	0	38	step_1_no_load	1	2	2	619	
285	0	38	step_2_no_load	5	6	0.553931241266	0.595113730206	5	1091	1	
285	0	39	step_1_no_load	1	2	2	624	
285	0	39	step_2_no_load	5	6	0.578640235206	0.610601635554	5	513	1	
285	0	40	step_1_no_load	1	2	2	454	
285	0	40	step_2_no_load	5	6	0.5691386571	0.607992802154	5	452	1	
285	0	41	step_1_no_load	1	2	2	632	
285	0	41	step_2_no_load	3	4	0.524862294848	0.633285941184	4	486	1	
285	0	42	step_1_no_load	1	2	2	772	
285	0	42	step_2_no_load	5	6	0.553461946234	0.609164606591	5	712	0	
285	0	43	step_1_no_load	1	2	2	1164	
285	0	43	step_2_no_load	5	6	0.548128010644	0.612705031264	5	664	0	
285	0	44	step_1_no_load	1	2	1	678	
285	0	44	step_2_no_load	3	4	0.541854396676	0.589653131867	4	963	1	
285	0	45	step_1_no_load	1	2	1	538	
285	0	45	step_2_no_load	5	6	0.5288039409	0.632991467829	6	458	0	
285	0	46	step_1_no_load	1	2	1	636	
285	0	46	step_2_no_load	5	6	0.532238720495	0.600964500555	6	1306	1	
285	0	47	step_1_no_load	1	2	1	579	
285	0	47	step_2_no_load	3	4	0.546259467838	0.634373567175	4	564	1	
285	0	48	step_1_no_load	1	2	1	556	
285	0	48	step_2_no_load	3	4	0.534690828011	0.657624935632	4	433	0	
285	0	49	step_1_no_load	1	2	2	398	
285	0	49	step_2_no_load	3	4	0.512405963374	0.614679490594	3	1343	1	
285	0	50	step_1_no_load	1	2	2	697	
285	0	50	step_2_no_load	5	6	0.47381367271	0.606862017918	6	540	1	
285	0	51	step_1_no_load	1	2	2	437	
285	0	51	step_2_no_load	5	6	0.469943944943	0.564866799699	6	796	1	
285	0	52	step_1_no_load	1	2	2	467	
285	0	52	step_2_no_load	3	4	0.513589895419	0.613408921915	4	411	0	
285	0	53	step_1_no_load	1	2	1	803	
285	0	53	step_2_no_load	3	4	0.475342927439	0.630956764252	3	1208	1	
285	0	54	step_1_no_load	1	2	1	503	
285	0	54	step_2_no_load	5	6	0.491512498697	0.570223904064	6	401	1	
285	0	55	step_1_no_load	1	2	1	482	
285	0	55	step_2_no_load	5	6	0.487025527704	0.574045915747	5	504	0	
285	0	56	step_1_no_load	1	2	2	761	
285	0	56	step_2_no_load	5	6	0.459773408493	0.601856598146	6	651	1	
285	0	57	step_1_no_load	1	2	2	523	
285	0	57	step_2_no_load	3	4	0.516475618243	0.586335094239	3	499	0	
285	0	58	step_1_no_load	1	2	1	657	
285	0	58	step_2_no_load	5	6	0.478335218822	0.664682809182	6	1176	1	
285	0	59	step_1_no_load	1	2	1	631	
285	0	59	step_2_no_load	5	6	0.480274332693	0.632500293208	6	793	0	
285	0	60	step_1_no_load	1	2	2	661	
285	0	60	step_2_no_load	5	6	0.491916707098	0.623687406259	6	980	1	
285	0	61	step_1_no_load	1	2	2	681	
285	0	61	step_2_no_load	5	6	0.464268875813	0.669587072502	6	817	0	
285	0	62	step_1_no_load	1	2	1	392	
285	0	62	step_2_no_load	3	4	0.533031417444	0.622820395113	4	774	1	
285	0	63	step_1_no_load	1	2	1	708	
285	0	63	step_2_no_load	5	6	0.53192660365	0.664284493458	6	720	1	
285	0	64	step_1_no_load	1	2	1	690	
285	0	64	step_2_no_load	3	4	0.533849886794	0.626149195169	3	783	0	
285	0	65	step_1_no_load	1	2	2	695	
285	0	65	step_2_no_load	3	4	0.517687993213	0.619953360065	4	1101	0	
285	0	66	step_1_no_load	1	2	2	708	
285	0	66	step_2_no_load	5	6	0.573761869714	0.606938648072	5	487	1	
285	0	67	step_1_no_load	1	2	2	474	
285	0	67	step_2_no_load	5	6	0.542076810516	0.597650193897	6	604	1	
285	0	68	step_1_no_load	1	2	1	1002	
285	0	68	step_2_no_load	3	4	0.523301545299	0.719455209845	4	912	1	
285	0	69	step_1_no_load	1	2	1	652	
285	0	69	step_2_no_load	3	4	0.560462111264	0.718756538957	4	560	0	
285	0	70	step_1_no_load	1	2	2	731	
285	0	70	step_2_no_load	3	4	0.548075770764	0.697741832068	4	1060	0	
285	0	71	step_1_no_load	1	2	2	399	
285	0	71	step_2_no_load	5	6	0.482863323776	0.639174917797	5	465	1	
285	0	72	step_1_no_load	1	2	2	468	
285	0	72	step_2_no_load	5	6	0.47409116389	0.626024641967	6	493	1	
285	0	73	step_1_no_load	1	2	2	423	
285	0	73	step_2_no_load	5	6	0.435957313805	0.657126403029	5	603	0	
285	0	74	step_1_no_load	1	2	1	581	
285	0	74	step_2_no_load	3	4	0.491044983779	0.693624670847	3	943	0	
285	0	75	step_1_no_load	1	2	1	377	
285	0	75	step_2_no_load	5	6	0.44832280175	0.615552849174	5	435	1	
285	0	76	step_1_no_load	1	2	1	348	
285	0	76	step_2_no_load	3	4	0.518881389358	0.690117652944	4	702	1	
285	0	77	step_1_no_load	1	2	1	436	
285	0	77	step_2_no_load	3	4	0.538119616568	0.679737625371	4	472	1	
285	0	78	step_1_no_load	1	2	1	389	
285	0	78	step_2_no_load	3	4	0.538654072849	0.647586191228	3	449	0	
285	0	79	step_1_no_load	1	2	2	625	
285	0	79	step_2_no_load	5	6	0.389124152368	0.513695512795	5	713	1	
285	0	80	step_1_no_load	1	2	2	511	
285	0	80	step_2_no_load	3	4	0.49921021142	0.703969305517	4	633	1	
285	0	81	step_1_no_load	1	2	2	484	
285	0	81	step_2_no_load	3	4	0.494116554432	0.702400933084	3	650	0	
285	0	82	step_1_no_load	1	2	1	501	
285	0	82	step_2_no_load	3	4	0.482727017837	0.688340116885	4	990	1	
285	0	83	step_1_no_load	1	2	1	575	
285	0	83	step_2_no_load	3	4	0.483255412498	0.726885136842	3	468	1	
285	0	84	step_1_no_load	1	2	1	398	
285	0	84	step_2_no_load	5	6	0.385087938645	0.65843840156	5	519	1	
285	0	85	step_1_no_load	1	2	1	431	
285	0	85	step_2_no_load	5	6	0.384458259121	0.692384972752	6	574	1	
285	0	86	step_1_no_load	1	2	1	553	
285	0	86	step_2_no_load	5	6	0.345323068124	0.691782850001	6	518	0	
285	0	87	step_1_no_load	1	2	2	822	
285	0	87	step_2_no_load	5	6	0.40000499778	0.719375344246	6	1170	1	
285	0	88	step_1_no_load	1	2	2	399	
285	0	88	step_2_no_load	5	6	0.377947492322	0.717410082358	5	585	0	
285	0	89	step_1_no_load	1	2	2	887	
285	0	89	step_2_no_load	5	6	0.415882489686	0.690772436485	6	775	1	
285	0	90	step_1_no_load	1	2	2	275	
285	0	90	step_2_no_load	5	6	0.411459496853	0.712247848046	6	391	1	
285	0	91	step_1_no_load	1	2	2	363	
285	0	91	step_2_no_load	3	4	0.479087223222	0.657820521772	4	454	0	
285	0	92	step_1_no_load	1	2	1	505	
285	0	92	step_2_no_load	3	4	0.484260039873	0.679381608313	4	707	0	
285	0	93	step_1_no_load	1	2	1	707	
285	0	93	step_2_no_load	3	4	0.473273727684	0.662863370634	4	785	1	
285	0	94	step_1_no_load	1	2	-1	-1	
285	0	95	step_1_no_load	1	2	2	406	
285	0	95	step_2_no_load	5	6	0.427150666411	0.715495469274	6	513	1	
285	0	96	step_1_no_load	1	2	2	285	
285	0	96	step_2_no_load	5	6	0.383038640121	0.693739812506	6	319	1	
285	0	97	step_1_no_load	1	2	2	388	
285	0	97	step_2_no_load	5	6	0.392885664353	0.681272614291	5	832	1	
285	0	98	step_1_no_load	1	2	2	413	
285	0	98	step_2_no_load	5	6	0.409778171713	0.70287861952	6	498	0	
285	0	99	step_1_no_load	1	2	1	532	
285	0	99	step_2_no_load	5	6	0.397561363605	0.673709850038	6	1158	1	
285	0	100	step_1_no_load	1	2	1	464	
285	0	100	step_2_no_load	3	4	0.363162156005	0.66579920021	4	527	0	
285	0	101	step_1_no_load	1	2	1	891	
285	0	101	step_2_no_load	3	4	0.366879421891	0.655903528958	3	816	0	
285	0	102	step_1_no_load	1	2	1	420	
285	0	102	step_2_no_load	3	4	0.326080462175	0.663124617603	4	364	1	
285	0	103	step_1_no_load	1	2	1	417	
285	0	103	step_2_no_load	3	4	0.322834495838	0.69058998368	4	664	0	
285	0	104	step_1_no_load	1	2	2	621	
285	0	104	step_2_no_load	3	4	0.303696146503	0.743372642809	4	1104	1	
285	0	105	step_1_no_load	1	2	2	403	
285	0	105	step_2_no_load	5	6	0.514318365187	0.689135357059	5	385	1	
285	0	106	step_1_no_load	1	2	2	1113	
285	0	106	step_2_no_load	5	6	0.508908032404	0.712883638252	6	1079	0	
285	0	107	step_1_no_load	1	2	1	1054	
285	0	107	step_2_no_load	3	4	0.388257337796	0.677514185929	4	651	1	
285	0	108	step_1_no_load	1	2	1	653	
285	0	108	step_2_no_load	5	6	0.526955028982	0.695928523711	5	863	0	
285	0	109	step_1_no_load	1	2	2	1261	
285	0	109	step_2_no_load	5	6	0.479977531501	0.71632547018	5	1048	0	
285	0	110	step_1_no_load	1	2	2	542	
285	0	110	step_2_no_load	5	6	0.432626681236	0.729599891941	6	600	1	
285	0	111	step_1_no_load	1	2	2	376	
285	0	111	step_2_no_load	3	4	0.407158158569	0.634599547742	3	636	1	
285	0	112	step_1_no_load	1	2	2	358	
285	0	112	step_2_no_load	5	6	0.392887565883	0.725701866094	5	485	0	
285	0	113	step_1_no_load	1	2	1	1087	
285	0	113	step_2_no_load	5	6	0.370697120277	0.719324307956	6	1274	1	
285	0	114	step_1_no_load	1	2	1	485	
285	0	114	step_2_no_load	3	4	0.384736699284	0.657654904272	4	638	1	
285	0	115	step_1_no_load	1	2	1	567	
285	0	115	step_2_no_load	5	6	0.390027643099	0.739704344621	5	454	0	
285	0	116	step_1_no_load	1	2	2	1494	
285	0	116	step_2_no_load	5	6	0.378149844807	0.706736514943	6	1417	1	
285	0	117	step_1_no_load	1	2	2	400	
285	0	117	step_2_no_load	5	6	0.374621793791	0.747012267642	6	627	1	
285	0	118	step_1_no_load	1	2	2	404	
285	0	118	step_2_no_load	5	6	0.357645851833	0.740051715856	5	449	1	
285	0	119	step_1_no_load	1	2	2	617	
285	0	119	step_2_no_load	5	6	0.357515098446	0.690424535099	6	388	1	
285	0	120	step_1_no_load	1	2	2	503	
285	0	120	step_2_no_load	5	6	0.370150243662	0.70587238626	6	457	1	
285	0	121	step_1_no_load	1	2	2	307	
285	0	121	step_2_no_load	5	6	0.352721767208	0.658856304095	5	433	0	
285	0	122	step_1_no_load	1	2	1	1064	
285	0	122	step_2_no_load	5	6	0.329624572119	0.6136886145	6	1149	1	
285	0	123	step_1_no_load	1	2	1	633	
285	0	123	step_2_no_load	3	4	0.269780614928	0.664849878232	3	1148	1	
285	0	124	step_1_no_load	1	2	1	464	
285	0	124	step_2_no_load	3	4	0.26095206597	0.624161788269	4	546	1	
285	0	125	step_1_no_load	1	2	-1	-1	
285	0	126	step_1_no_load	1	2	1	493	
285	0	126	step_2_no_load	3	4	0.267206368684	0.600985760967	4	416	0	
285	0	127	step_1_no_load	1	2	2	557	
285	0	127	step_2_no_load	5	6	0.274944938508	0.560824094575	6	827	1	
285	0	128	step_1_no_load	1	2	2	397	
285	0	128	step_2_no_load	3	4	0.260252451606	0.620672334996	3	442	1	
285	0	129	step_1_no_load	1	2	2	523	
285	0	129	step_2_no_load	3	4	0.268213321963	0.632682846317	4	566	1	
285	0	130	step_1_no_load	1	2	2	441	
285	0	130	step_2_no_load	5	6	0.274560758494	0.682031489739	5	477	0	
285	0	131	step_1_no_load	1	2	1	915	
285	0	131	step_2_no_load	3	4	0.281500842289	0.638450601212	4	771	1	
285	0	132	step_1_no_load	1	2	1	678	
285	0	132	step_2_no_load	5	6	0.315328810424	0.668578020634	6	610	1	
285	0	133	step_1_no_load	1	2	1	457	
285	0	133	step_2_no_load	3	4	0.315608831386	0.691649444281	3	511	1	
285	0	134	step_1_no_load	1	2	1	835	
285	0	134	step_2_no_load	3	4	0.287393715313	0.685529359147	4	893	0	
285	0	135	step_1_no_load	1	2	2	1381	
285	0	135	step_2_no_load	3	4	0.300079459047	0.700779221781	4	919	0	
285	0	136	step_1_no_load	1	2	2	798	
285	0	136	step_2_no_load	5	6	0.284521085726	0.597814413435	6	1061	1	
285	0	137	step_1_no_load	1	2	2	562	
285	0	137	step_2_no_load	3	4	0.346433498467	0.668540846495	3	534	0	
285	0	138	step_1_no_load	1	2	1	433	
285	0	138	step_2_no_load	3	4	0.366701525561	0.688182193337	4	683	0	
285	0	139	step_1_no_load	1	2	1	954	
285	0	139	step_2_no_load	5	6	0.323660750961	0.636630981281	5	892	1	
285	0	140	step_1_no_load	1	2	1	561	
285	0	140	step_2_no_load	3	4	0.348740542008	0.637682840728	3	618	0	
285	0	141	step_1_no_load	1	2	2	539	
285	0	141	step_2_no_load	5	6	0.311809871418	0.711987889705	6	751	1	
285	0	142	step_1_no_load	1	2	2	497	
285	0	142	step_2_no_load	3	4	0.397052682821	0.627356259123	3	441	1	
285	0	143	step_1_no_load	1	2	2	376	
285	0	143	step_2_no_load	5	6	0.313516825296	0.661365099615	6	430	1	
285	0	144	step_1_no_load	1	2	2	361	
285	0	144	step_2_no_load	5	6	0.275932517017	0.626443722248	6	334	1	
285	0	145	step_1_no_load	1	2	2	405	
285	0	145	step_2_no_load	5	6	0.266265924094	0.6669125229	5	462	0	
285	0	146	step_1_no_load	1	2	1	363	
285	0	146	step_2_no_load	5	6	0.257861956214	0.681611991725	5	535	0	
285	0	147	step_1_no_load	1	2	1	476	
285	0	147	step_2_no_load	5	6	0.265578160642	0.647798886916	6	991	0	
285	0	148	step_1_no_load	1	2	2	499	
285	0	148	step_2_no_load	5	6	0.305288021243	0.619272702026	6	629	1	
285	0	149	step_1_no_load	1	2	2	392	
285	0	149	step_2_no_load	3	4	0.300290206122	0.623203869836	3	397	1	
285	0	150	step_1_no_load	1	2	2	400	
285	0	150	step_2_no_load	3	4	0.306860041627	0.605912419156	4	616	0	
285	0	151	step_1_no_load	1	2	-1	-1	
285	0	152	step_1_no_load	1	2	1	364	
285	0	152	step_2_no_load	3	4	0.323194010514	0.644204174791	4	474	1	
285	0	153	step_1_no_load	1	2	1	391	
285	0	153	step_2_no_load	3	4	0.343622632154	0.681559292085	3	496	0	
285	0	154	step_1_no_load	1	2	2	437	
285	0	154	step_2_no_load	5	6	0.316375537537	0.638934099562	6	526	1	
285	0	155	step_1_no_load	1	2	2	558	
285	0	155	step_2_no_load	5	6	0.296093457977	0.632486591889	5	474	0	
285	0	156	step_1_no_load	1	2	1	403	
285	0	156	step_2_no_load	5	6	0.32564867104	0.631048201903	6	518	0	
285	0	157	step_1_no_load	1	2	1	540	
285	0	157	step_2_no_load	3	4	0.324728201487	0.720725456325	-1	-1	-1	
285	0	158	step_1_no_load	1	2	1	853	
285	0	158	step_2_no_load	3	4	0.334595868098	0.694270715354	4	385	1	
285	0	159	step_1_no_load	1	2	1	389	
285	0	159	step_2_no_load	3	4	0.321150411254	0.697903160072	3	402	1	
285	0	160	step_1_no_load	1	2	1	410	
285	0	160	step_2_no_load	5	6	0.415052912783	0.521229931064	6	616	0	
285	0	161	step_1_no_load	1	2	2	360	
285	0	161	step_2_no_load	3	4	0.438878285506	0.719896286569	4	749	0	
285	0	162	step_1_no_load	1	2	2	597	
285	0	162	step_2_no_load	3	4	0.455329532209	0.695144769903	4	385	1	
285	0	163	step_1_no_load	1	2	2	467	
285	0	163	step_2_no_load	5	6	0.395221309311	0.5863391277	6	348	1	
285	0	164	step_1_no_load	1	2	2	412	
285	0	164	step_2_no_load	3	4	0.430844125626	0.692137394606	3	364	1	
285	0	165	step_1_no_load	1	2	2	466	
285	0	165	step_2_no_load	5	6	0.463777557969	0.538026607649	6	294	0	
285	0	166	step_1_no_load	1	2	1	299	
285	0	166	step_2_no_load	3	4	0.356317216644	0.686594248975	4	364	0	
285	0	167	step_1_no_load	1	2	1	287	
285	0	167	step_2_no_load	5	6	0.38753671275	0.585131062446	5	381	1	
285	0	168	step_1_no_load	1	2	1	442	
285	0	168	step_2_no_load	3	4	0.335777599654	0.67192508984	3	490	0	
285	0	169	step_1_no_load	1	2	1	416	
285	0	169	step_2_no_load	3	4	0.365156560071	0.704981910944	3	349	1	
285	0	170	step_1_no_load	1	2	1	306	
285	0	170	step_2_no_load	3	4	0.364989630435	0.67334314737	4	256	0	
285	0	171	step_1_no_load	1	2	2	373	
285	0	171	step_2_no_load	5	6	0.386979310814	0.553314431843	6	451	1	
285	0	172	step_1_no_load	1	2	2	443	
285	0	172	step_2_no_load	5	6	0.363617002148	0.519090471457	6	658	0	
285	0	173	step_1_no_load	1	2	1	496	
285	0	173	step_2_no_load	5	6	0.385349297983	0.484428109849	5	459	0	
285	0	174	step_1_no_load	1	2	1	461	
285	0	174	step_2_no_load	3	4	0.46236234172	0.729877433725	4	471	1	
285	0	175	step_1_no_load	1	2	1	1166	
285	0	175	step_2_no_load	5	6	0.426185553904	0.52644949356	6	987	0	
285	0	176	step_1_no_load	1	2	2	577	
285	0	176	step_2_no_load	5	6	0.383231572002	0.474046874473	6	484	0	
285	0	177	step_1_no_load	1	2	2	401	
285	0	177	step_2_no_load	3	4	0.4798184927	0.714070205704	3	339	0	
285	0	178	step_1_no_load	1	2	1	417	
285	0	178	step_2_no_load	5	6	0.36473828006	0.493712351915	6	473	0	
285	0	179	step_1_no_load	1	2	2	1149	
285	0	179	step_2_no_load	3	4	0.493565996034	0.709345707515	4	395	0	
285	0	180	step_1_no_load	1	2	2	554	
285	0	180	step_2_no_load	5	6	0.341214611607	0.482853857291	5	299	0	
285	0	181	step_1_no_load	1	2	1	423	
285	0	181	step_2_no_load	3	4	0.480141179559	0.746910336326	4	491	1	
285	0	182	step_1_no_load	1	2	1	284	
285	0	182	step_2_no_load	3	4	0.49907747228	0.72717560423	4	369	0	
285	0	183	step_1_no_load	1	2	2	405	
285	0	183	step_2_no_load	5	6	0.350175837802	0.502991759047	5	265	0	
285	0	184	step_1_no_load	1	2	2	293	
285	0	184	step_2_no_load	5	6	0.362743255194	0.460890977786	5	222	1	
285	0	185	step_1_no_load	1	2	2	372	
285	0	185	step_2_no_load	5	6	0.362611152222	0.479703516092	6	505	1	
285	0	186	step_1_no_load	1	2	2	551	
285	0	186	step_2_no_load	5	6	0.332733011923	0.46870859828	5	451	1	
285	0	187	step_1_no_load	1	2	2	471	
285	0	187	step_2_no_load	5	6	0.328890769988	0.443962917772	5	523	1	
285	0	188	step_1_no_load	1	2	2	470	
285	0	188	step_2_no_load	3	4	0.548350535247	0.696362660087	4	444	1	
285	0	189	step_1_no_load	1	2	2	399	
285	0	189	step_2_no_load	5	6	0.285168135955	0.448897869069	5	383	0	
285	0	190	step_1_no_load	1	2	1	594	
285	0	190	step_2_no_load	5	6	0.304557739386	0.433568856946	6	661	0	
285	0	191	step_1_no_load	1	2	1	553	
285	0	191	step_2_no_load	3	4	0.512103523931	0.664271461991	3	452	1	
285	0	192	step_1_no_load	1	2	1	427	
285	0	192	step_2_no_load	3	4	0.493851022417	0.705517419189	4	1187	0	
285	0	193	step_1_no_load	1	2	2	475	
285	0	193	step_2_no_load	5	6	0.321008037746	0.440813209638	6	773	0	
285	0	194	step_1_no_load	1	2	2	444	
285	0	194	step_2_no_load	5	6	0.342437174514	0.433250459893	5	402	1	
285	0	195	step_1_no_load	1	2	2	491	
285	0	195	step_2_no_load	5	6	0.348571348505	0.466795336969	6	436	1	
285	0	196	step_1_no_load	1	2	2	668	
285	0	196	step_2_no_load	5	6	0.365373286058	0.421761207498	5	540	1	
285	0	197	step_1_no_load	1	2	2	609	
285	0	197	step_2_no_load	5	6	0.316987700969	0.422511153127	6	809	0	
285	0	198	step_1_no_load	1	2	1	1057	
285	0	198	step_2_no_load	3	4	0.485065498391	0.68660989813	3	875	1	
285	0	199	step_1_no_load	1	2	1	432	
285	0	199	step_2_no_load	3	4	0.529438031858	0.73697129762	4	415	1	
285	0	200	step_1_no_load	1	2	1	331	
285	0	200	step_2_no_load	3	4	0.507902534353	0.728996708473	3	405	0	

Tue Feb  4 17:19:27 2020
