Fri Feb 28 14:55:47 2020	
286	0	1	step_1_no_load	1	2	1	1184	
286	0	1	step_2_no_load	5	6	0.511789129507	0.594299910136	5	723	0	
286	0	2	step_1_no_load	1	2	1	352	
286	0	2	step_2_no_load	3	4	0.474613197709	0.580156942153	3	216	1	
286	0	3	step_1_no_load	1	2	1	315	
286	0	3	step_2_no_load	3	4	0.476767372206	0.584197065669	3	350	1	
286	0	4	step_1_no_load	1	2	1	301	
286	0	4	step_2_no_load	5	6	0.494597764192	0.564086293706	5	239	0	
286	0	5	step_1_no_load	1	2	1	245	
286	0	5	step_2_no_load	3	4	0.495568760483	0.623810210114	3	356	1	
286	0	6	step_1_no_load	1	2	1	249	
286	0	6	step_2_no_load	3	4	0.506877622204	0.585722686883	3	240	0	
286	0	7	step_1_no_load	1	2	2	590	
286	0	7	step_2_no_load	3	4	0.500071913476	0.568656746487	3	956	0	
286	0	8	step_1_no_load	1	2	2	361	
286	0	8	step_2_no_load	3	4	0.489816616396	0.59128639594	4	332	1	
286	0	9	step_1_no_load	1	2	2	497	
286	0	9	step_2_no_load	5	6	0.54429228266	0.641106877158	6	480	1	
286	0	10	step_1_no_load	1	2	2	520	
286	0	10	step_2_no_load	3	4	0.482364178155	0.652626043146	4	804	1	
286	0	11	step_1_no_load	1	2	2	321	
286	0	11	step_2_no_load	5	6	0.59022801242	0.609191465743	6	349	1	
286	0	12	step_1_no_load	1	2	2	412	
286	0	12	step_2_no_load	5	6	0.597131918027	0.552770607849	6	411	1	
286	0	13	step_1_no_load	1	2	2	351	
286	0	13	step_2_no_load	3	4	0.52012981853	0.653587098421	4	385	0	
286	0	14	step_1_no_load	1	2	2	430	
286	0	14	step_2_no_load	5	6	0.611256675753	0.545555696267	6	397	1	
286	0	15	step_1_no_load	1	2	2	387	
286	0	15	step_2_no_load	3	4	0.505377237737	0.612260006668	3	687	1	
286	0	16	step_1_no_load	1	2	2	363	
286	0	16	step_2_no_load	5	6	0.626326396372	0.553308964466	6	543	1	
286	0	17	step_1_no_load	1	2	2	464	
286	0	17	step_2_no_load	5	6	0.643116883134	0.562895132605	6	472	0	
286	0	18	step_1_no_load	1	2	2	331	
286	0	18	step_2_no_load	3	4	0.517514133912	0.626834332012	3	643	0	
286	0	19	step_1_no_load	1	2	2	292	
286	0	19	step_2_no_load	5	6	0.644773170243	0.536502319591	6	987	0	
286	0	20	step_1_no_load	1	2	2	396	
286	0	20	step_2_no_load	5	6	0.60665343963	0.491720931314	5	461	0	
286	0	21	step_1_no_load	1	2	2	340	
286	0	21	step_2_no_load	5	6	0.611328949295	0.470207377245	6	289	1	
286	0	22	step_1_no_load	1	2	2	276	
286	0	22	step_2_no_load	5	6	0.618527126547	0.468700882609	6	240	1	
286	0	23	step_1_no_load	1	2	2	288	
286	0	23	step_2_no_load	3	4	0.520606588181	0.640163623731	4	295	1	
286	0	24	step_1_no_load	1	2	2	445	
286	0	24	step_2_no_load	3	4	0.505388876622	0.582115115688	3	667	1	
286	0	25	step_1_no_load	1	2	2	322	
286	0	25	step_2_no_load	5	6	0.629917901014	0.503605105412	6	783	0	
286	0	26	step_1_no_load	1	2	2	362	
286	0	26	step_2_no_load	5	6	0.640635035276	0.532884212818	5	362	0	
286	0	27	step_1_no_load	1	2	2	537	
286	0	27	step_2_no_load	3	4	0.507272671939	0.57860777711	4	672	0	
286	0	28	step_1_no_load	1	2	2	658	
286	0	28	step_2_no_load	5	6	0.647441527317	0.553259388875	5	551	0	
286	0	29	step_1_no_load	1	2	2	482	
286	0	29	step_2_no_load	5	6	0.618626354124	0.561957580386	6	513	0	
286	0	30	step_1_no_load	1	2	2	362	
286	0	30	step_2_no_load	5	6	0.610227092493	0.574272497114	5	427	1	
286	0	31	step_1_no_load	1	2	2	312	
286	0	31	step_2_no_load	5	6	0.606122691795	0.541819886458	5	397	1	
286	0	32	step_1_no_load	1	2	2	308	
286	0	32	step_2_no_load	5	6	0.605616211083	0.522993086096	5	354	0	
286	0	33	step_1_no_load	1	2	2	393	
286	0	33	step_2_no_load	3	4	0.487664344039	0.611700032906	4	579	1	
286	0	34	step_1_no_load	1	2	2	373	
286	0	34	step_2_no_load	5	6	0.670290552209	0.538523758058	5	521	1	
286	0	35	step_1_no_load	1	2	2	468	
286	0	35	step_2_no_load	3	4	0.491437207585	0.566827313385	4	633	0	
286	0	36	step_1_no_load	1	2	2	458	
286	0	36	step_2_no_load	5	6	0.661229326326	0.611274573488	5	270	1	
286	0	37	step_1_no_load	1	2	2	347	
286	0	37	step_2_no_load	5	6	0.660658056664	0.598446394142	5	468	0	
286	0	38	step_1_no_load	1	2	2	408	
286	0	38	step_2_no_load	3	4	0.553931241266	0.539078491643	4	544	1	
286	0	39	step_1_no_load	1	2	2	486	
286	0	39	step_2_no_load	3	4	0.578640235206	0.557005857101	3	632	1	
286	0	40	step_1_no_load	1	2	2	406	
286	0	40	step_2_no_load	5	6	0.636994900683	0.607992802154	6	400	0	
286	0	41	step_1_no_load	1	2	2	309	
286	0	41	step_2_no_load	5	6	0.633285941184	0.588857868869	5	304	1	
286	0	42	step_1_no_load	1	2	2	277	
286	0	42	step_2_no_load	3	4	0.553461946234	0.533857158543	3	750	0	
286	0	43	step_1_no_load	1	2	2	356	
286	0	43	step_2_no_load	3	4	0.548128010644	0.553703096215	4	276	0	
286	0	44	step_1_no_load	1	2	2	329	
286	0	44	step_2_no_load	5	6	0.589653131867	0.611481438855	5	277	1	
286	0	45	step_1_no_load	1	2	2	389	
286	0	45	step_2_no_load	5	6	0.620699591043	0.632991467829	5	326	1	
286	0	46	step_1_no_load	1	2	2	268	
286	0	46	step_2_no_load	5	6	0.654261318712	0.600964500555	5	352	0	
286	0	47	step_1_no_load	1	2	2	381	
286	0	47	step_2_no_load	3	4	0.493112702321	0.546259467838	4	354	0	
286	0	48	step_1_no_load	1	2	2	350	
286	0	48	step_2_no_load	5	6	0.657624935632	0.615767119776	5	328	0	
286	0	49	step_1_no_load	1	2	1	315	
286	0	49	step_2_no_load	3	4	0.489287375157	0.512405963374	4	403	0	
286	0	50	step_1_no_load	1	2	1	308	
286	0	50	step_2_no_load	3	4	0.47381367271	0.481616544184	3	332	0	
286	0	51	step_1_no_load	1	2	2	315	
286	0	51	step_2_no_load	5	6	0.613357430892	0.564866799699	5	236	0	
286	0	52	step_1_no_load	1	2	2	234	
286	0	52	step_2_no_load	5	6	0.613408921915	0.539065404057	6	356	0	
286	0	53	step_1_no_load	1	2	2	352	
286	0	53	step_2_no_load	5	6	0.630956764252	0.551457882502	6	346	1	
286	0	54	step_1_no_load	1	2	2	359	
286	0	54	step_2_no_load	5	6	0.652515308527	0.570223904064	5	380	0	
286	0	55	step_1_no_load	1	2	2	368	
286	0	55	step_2_no_load	3	4	0.487025527704	0.526704292526	4	526	1	
286	0	56	step_1_no_load	1	2	2	389	
286	0	56	step_2_no_load	5	6	0.60038825769	0.601856598146	5	287	1	
286	0	57	step_1_no_load	1	2	2	246	
286	0	57	step_2_no_load	3	4	0.466449077359	0.516475618243	3	366	0	
286	0	58	step_1_no_load	1	2	2	399	
286	0	58	step_2_no_load	5	6	0.610896130115	0.664682809182	6	482	1	
286	0	59	step_1_no_load	1	2	2	429	
286	0	59	step_2_no_load	5	6	0.608951267756	0.632500293208	6	336	1	
286	0	60	step_1_no_load	1	2	2	586	
286	0	60	step_2_no_load	5	6	0.599559577859	0.623687406259	6	548	1	
286	0	61	step_1_no_load	1	2	2	564	
286	0	61	step_2_no_load	3	4	0.464268875813	0.527144452559	3	258	0	
286	0	62	step_1_no_load	1	2	2	332	
286	0	62	step_2_no_load	5	6	0.622820395113	0.691137204746	6	269	1	
286	0	63	step_1_no_load	1	2	2	312	
286	0	63	step_2_no_load	3	4	0.53192660365	0.519445130796	4	217	1	
286	0	64	step_1_no_load	1	2	2	291	
286	0	64	step_2_no_load	5	6	0.626149195169	0.642369708469	6	236	0	
286	0	65	step_1_no_load	1	2	2	313	
286	0	65	step_2_no_load	5	6	0.619953360065	0.612660225018	6	457	1	
286	0	66	step_1_no_load	1	2	2	384	
286	0	66	step_2_no_load	5	6	0.630357351236	0.606938648072	5	317	1	
286	0	67	step_1_no_load	1	2	2	322	
286	0	67	step_2_no_load	5	6	0.674463681351	0.597650193897	6	439	0	
286	0	68	step_1_no_load	1	2	-1	-1	
286	0	69	step_1_no_load	1	2	2	383	
286	0	69	step_2_no_load	3	4	0.499137600991	0.560462111264	3	561	1	
286	0	70	step_1_no_load	1	2	2	292	
286	0	70	step_2_no_load	3	4	0.498834901463	0.548075770764	3	252	1	
286	0	71	step_1_no_load	1	2	2	269	
286	0	71	step_2_no_load	5	6	0.706816191949	0.639174917797	5	330	1	
286	0	72	step_1_no_load	1	2	2	353	
286	0	72	step_2_no_load	3	4	0.47409116389	0.556486305476	3	345	0	
286	0	73	step_1_no_load	1	2	2	301	
286	0	73	step_2_no_load	5	6	0.727961155836	0.657126403029	6	277	1	
286	0	74	step_1_no_load	1	2	2	279	
286	0	74	step_2_no_load	3	4	0.453420386428	0.491044983779	4	280	0	
286	0	75	step_1_no_load	1	2	2	762	
286	0	75	step_2_no_load	5	6	0.697629587097	0.615552849174	6	725	1	
286	0	76	step_1_no_load	1	2	2	501	
286	0	76	step_2_no_load	5	6	0.690117652944	0.62770291155	6	325	0	
286	0	77	step_1_no_load	1	2	2	365	
286	0	77	step_2_no_load	5	6	0.679737625371	0.564257587118	5	125	1	
286	0	78	step_1_no_load	1	2	2	352	
286	0	78	step_2_no_load	3	4	0.435911167612	0.538654072849	3	264	0	
286	0	79	step_1_no_load	1	2	2	384	
286	0	79	step_2_no_load	5	6	0.647841624544	0.513695512795	6	369	1	
286	0	80	step_1_no_load	1	2	2	495	
286	0	80	step_2_no_load	5	6	0.703969305517	0.518583383166	5	340	1	
286	0	81	step_1_no_load	1	2	2	314	
286	0	81	step_2_no_load	5	6	0.702400933084	0.529745690463	5	301	1	
286	0	82	step_1_no_load	1	2	2	306	
286	0	82	step_2_no_load	5	6	0.688340116885	0.564729328387	5	233	0	
286	0	83	step_1_no_load	1	2	2	344	
286	0	83	step_2_no_load	5	6	0.726885136842	0.607907985871	6	230	0	
286	0	84	step_1_no_load	1	2	2	299	
286	0	84	step_2_no_load	3	4	0.385087938645	0.505586222209	3	236	0	
286	0	85	step_1_no_load	1	2	2	279	
286	0	85	step_2_no_load	5	6	0.712989604416	0.692384972752	6	1107	1	
286	0	86	step_1_no_load	1	2	2	386	
286	0	86	step_2_no_load	5	6	0.721207648497	0.691782850001	6	384	1	
286	0	87	step_1_no_load	1	2	-1	-1	
286	0	88	step_1_no_load	1	2	2	283	
286	0	88	step_2_no_load	5	6	0.696773608304	0.717410082358	5	233	1	
286	0	89	step_1_no_load	1	2	2	249	
286	0	89	step_2_no_load	5	6	0.660112261017	0.690772436485	5	260	0	
286	0	90	step_1_no_load	1	2	2	503	
286	0	90	step_2_no_load	3	4	0.411459496853	0.530126112124	3	925	1	
286	0	91	step_1_no_load	1	2	2	377	
286	0	91	step_2_no_load	5	6	0.657820521772	0.685023809334	5	361	1	
286	0	92	step_1_no_load	1	2	2	354	
286	0	92	step_2_no_load	5	6	0.679381608313	0.692406274724	5	298	1	
286	0	93	step_1_no_load	1	2	2	337	
286	0	93	step_2_no_load	5	6	0.662863370634	0.70415710998	5	237	1	
286	0	94	step_1_no_load	1	2	2	358	
286	0	94	step_2_no_load	3	4	0.429211756872	0.468637558205	3	545	1	
286	0	95	step_1_no_load	1	2	2	296	
286	0	95	step_2_no_load	5	6	0.640209855442	0.715495469274	5	386	0	
286	0	96	step_1_no_load	1	2	2	433	
286	0	96	step_2_no_load	3	4	0.383038640121	0.437558890646	4	440	1	
286	0	97	step_1_no_load	1	2	2	332	
286	0	97	step_2_no_load	3	4	0.392885664353	0.455601814112	4	238	1	
286	0	98	step_1_no_load	1	2	2	270	
286	0	98	step_2_no_load	5	6	0.646040060297	0.70287861952	6	357	1	
286	0	99	step_1_no_load	1	2	2	334	
286	0	99	step_2_no_load	3	4	0.397561363605	0.375249961522	4	250	0	
286	0	100	step_1_no_load	1	2	2	368	
286	0	100	step_2_no_load	5	6	0.66579920021	0.666227451505	6	587	0	
286	0	101	step_1_no_load	1	2	2	591	
286	0	101	step_2_no_load	5	6	0.655903528958	0.623812401974	6	757	1	
286	0	102	step_1_no_load	1	2	2	551	
286	0	102	step_2_no_load	5	6	0.663124617603	0.666304534392	5	376	1	
286	0	103	step_1_no_load	1	2	2	436	
286	0	103	step_2_no_load	3	4	0.481975449893	0.322834495838	4	569	0	
286	0	104	step_1_no_load	1	2	2	316	
286	0	104	step_2_no_load	3	4	0.521047445908	0.303696146503	3	487	0	
286	0	105	step_1_no_load	1	2	2	426	
286	0	105	step_2_no_load	3	4	0.514318365187	0.352639603242	4	487	0	
286	0	106	step_1_no_load	1	2	2	450	
286	0	106	step_2_no_load	5	6	0.699623252899	0.712883638252	5	322	1	
286	0	107	step_1_no_load	1	2	2	488	
286	0	107	step_2_no_load	5	6	0.677514185929	0.692607431435	6	504	1	
286	0	108	step_1_no_load	1	2	2	488	
286	0	108	step_2_no_load	3	4	0.526955028982	0.388185708856	3	408	1	
286	0	109	step_1_no_load	1	2	2	500	
286	0	109	step_2_no_load	5	6	0.68658494263	0.71632547018	6	380	1	
286	0	110	step_1_no_load	1	2	2	335	
286	0	110	step_2_no_load	5	6	0.65455226558	0.729599891941	6	257	1	
286	0	111	step_1_no_load	1	2	2	466	
286	0	111	step_2_no_load	5	6	0.634599547742	0.724852671171	6	325	1	
286	0	112	step_1_no_load	1	2	2	351	
286	0	112	step_2_no_load	5	6	0.635252945963	0.725701866094	6	295	1	
286	0	113	step_1_no_load	1	2	2	628	
286	0	113	step_2_no_load	5	6	0.634627459817	0.719324307956	6	835	1	
286	0	114	step_1_no_load	1	2	2	464	
286	0	114	step_2_no_load	5	6	0.657654904272	0.718213323791	6	332	0	
286	0	115	step_1_no_load	1	2	2	242	
286	0	115	step_2_no_load	5	6	0.645721217949	0.739704344621	6	253	1	
286	0	116	step_1_no_load	1	2	2	378	
286	0	116	step_2_no_load	5	6	0.680124293449	0.706736514943	6	581	1	
286	0	117	step_1_no_load	1	2	2	287	
286	0	117	step_2_no_load	5	6	0.671842537277	0.747012267642	6	228	1	
286	0	118	step_1_no_load	1	2	2	297	
286	0	118	step_2_no_load	5	6	0.690484235012	0.740051715856	6	313	1	
286	0	119	step_1_no_load	1	2	2	249	
286	0	119	step_2_no_load	3	4	0.357515098446	0.358243439099	4	219	0	
286	0	120	step_1_no_load	1	2	2	520	
286	0	120	step_2_no_load	5	6	0.666433355915	0.70587238626	6	395	0	
286	0	121	step_1_no_load	1	2	2	324	
286	0	121	step_2_no_load	5	6	0.671052306195	0.658856304095	6	614	1	
286	0	122	step_1_no_load	1	2	2	375	
286	0	122	step_2_no_load	5	6	0.672193618854	0.6136886145	6	376	0	
286	0	123	step_1_no_load	1	2	2	281	
286	0	123	step_2_no_load	5	6	0.664849878232	0.583607229978	5	267	0	
286	0	124	step_1_no_load	1	2	2	294	
286	0	124	step_2_no_load	5	6	0.624161788269	0.603013298253	6	421	1	
286	0	125	step_1_no_load	1	2	2	468	
286	0	125	step_2_no_load	3	4	0.303110862715	0.290374841566	4	418	1	
286	0	126	step_1_no_load	1	2	2	433	
286	0	126	step_2_no_load	5	6	0.600985760967	0.537863824328	6	588	0	
286	0	127	step_1_no_load	1	2	2	378	
286	0	127	step_2_no_load	3	4	0.274944938508	0.273483952592	4	416	0	
286	0	128	step_1_no_load	1	2	2	393	
286	0	128	step_2_no_load	5	6	0.620672334996	0.636905534066	-1	-1	-1	
286	0	129	step_1_no_load	1	2	2	523	
286	0	129	step_2_no_load	5	6	0.632682846317	0.685297910719	5	815	0	
286	0	130	step_1_no_load	1	2	2	312	
286	0	130	step_2_no_load	3	4	0.274560758494	0.267460866951	4	636	0	
286	0	131	step_1_no_load	1	2	2	471	
286	0	131	step_2_no_load	5	6	0.638450601212	0.678044920845	5	472	1	
286	0	132	step_1_no_load	1	2	2	356	
286	0	132	step_2_no_load	5	6	0.660013924697	0.668578020634	6	497	1	
286	0	133	step_1_no_load	1	2	2	477	
286	0	133	step_2_no_load	5	6	0.691649444281	0.617383991623	6	695	1	
286	0	134	step_1_no_load	1	2	2	698	
286	0	134	step_2_no_load	3	4	0.302839427162	0.287393715313	4	384	0	
286	0	135	step_1_no_load	1	2	2	824	
286	0	135	step_2_no_load	3	4	0.287118934166	0.300079459047	4	674	1	
286	0	136	step_1_no_load	1	2	2	300	
286	0	136	step_2_no_load	5	6	0.674914008636	0.597814413435	6	223	0	
286	0	137	step_1_no_load	1	2	2	336	
286	0	137	step_2_no_load	5	6	0.668540846495	0.605896884497	6	313	0	
286	0	138	step_1_no_load	1	2	2	353	
286	0	138	step_2_no_load	5	6	0.688182193337	0.63240964674	6	929	1	
286	0	139	step_1_no_load	1	2	1	282	
286	0	139	step_2_no_load	5	6	0.696355985729	0.636630981281	6	429	1	
286	0	140	step_1_no_load	1	2	2	399	
286	0	140	step_2_no_load	5	6	0.637682840728	0.671213945178	6	515	1	
286	0	141	step_1_no_load	1	2	2	1255	
286	0	141	step_2_no_load	3	4	0.311809871418	0.390227133375	4	577	0	
286	0	142	step_1_no_load	1	2	2	417	
286	0	142	step_2_no_load	5	6	0.627356259123	0.690276058009	6	273	1	
286	0	143	step_1_no_load	1	2	2	308	
286	0	143	step_2_no_load	5	6	0.610219102298	0.661365099615	6	270	1	
286	0	144	step_1_no_load	1	2	2	397	
286	0	144	step_2_no_load	5	6	0.639347300184	0.626443722248	6	277	0	
286	0	145	step_1_no_load	1	2	2	325	
286	0	145	step_2_no_load	3	4	0.266265924094	0.355256413269	4	245	0	
286	0	146	step_1_no_load	1	2	2	266	
286	0	146	step_2_no_load	5	6	0.593778463268	0.681611991725	6	321	1	
286	0	147	step_1_no_load	1	2	2	546	
286	0	147	step_2_no_load	5	6	0.594861186319	0.647798886916	6	399	1	
286	0	148	step_1_no_load	1	2	2	472	
286	0	148	step_2_no_load	5	6	0.648050021239	0.619272702026	6	503	0	
286	0	149	step_1_no_load	1	2	2	263	
286	0	149	step_2_no_load	5	6	0.623203869836	0.601870110183	6	245	1	
286	0	150	step_1_no_load	1	2	2	405	
286	0	150	step_2_no_load	3	4	0.305587692243	0.306860041627	4	413	1	
286	0	151	step_1_no_load	1	2	2	309	
286	0	151	step_2_no_load	5	6	0.614159737668	0.59154759351	6	624	1	
286	0	152	step_1_no_load	1	2	2	398	
286	0	152	step_2_no_load	5	6	0.644204174791	0.595108765344	6	570	0	
286	0	153	step_1_no_load	1	2	2	429	
286	0	153	step_2_no_load	3	4	0.309356532263	0.343622632154	4	380	1	
286	0	154	step_1_no_load	1	2	2	320	
286	0	154	step_2_no_load	5	6	0.671672162443	0.638934099562	6	496	0	
286	0	155	step_1_no_load	1	2	2	304	
286	0	155	step_2_no_load	5	6	0.716100930629	0.632486591889	6	431	1	
286	0	156	step_1_no_load	1	2	2	293	
286	0	156	step_2_no_load	5	6	0.734436160799	0.631048201903	6	227	0	
286	0	157	step_1_no_load	1	2	2	291	
286	0	157	step_2_no_load	5	6	0.720725456325	0.585191807512	6	239	0	
286	0	158	step_1_no_load	1	2	2	420	
286	0	158	step_2_no_load	5	6	0.694270715354	0.532722108502	6	1343	1	
286	0	159	step_1_no_load	1	2	2	515	
286	0	159	step_2_no_load	5	6	0.697903160072	0.541222065796	6	583	0	
286	0	160	step_1_no_load	1	2	2	305	
286	0	160	step_2_no_load	3	4	0.415052912783	0.355992626298	4	297	1	
286	0	161	step_1_no_load	1	2	2	297	
286	0	161	step_2_no_load	5	6	0.719896286569	0.516036498158	6	470	0	
286	0	162	step_1_no_load	1	2	2	303	
286	0	162	step_2_no_load	3	4	0.3926701003	0.455329532209	4	446	1	
286	0	163	step_1_no_load	1	2	2	544	
286	0	163	step_2_no_load	5	6	0.697095951435	0.5863391277	-1	-1	-1	
286	0	164	step_1_no_load	1	2	2	491	
286	0	164	step_2_no_load	5	6	0.692137394606	0.585961845322	6	413	1	
286	0	165	step_1_no_load	1	2	-1	-1	
286	0	166	step_1_no_load	1	2	2	500	
286	0	166	step_2_no_load	5	6	0.686594248975	0.549095060025	6	1153	0	
286	0	167	step_1_no_load	1	2	2	581	
286	0	167	step_2_no_load	5	6	0.706271792549	0.585131062446	6	685	1	
286	0	168	step_1_no_load	1	2	2	484	
286	0	168	step_2_no_load	5	6	0.67192508984	0.613361520676	6	401	1	
286	0	169	step_1_no_load	1	2	2	300	
286	0	169	step_2_no_load	5	6	0.704981910944	0.586049140041	6	397	1	
286	0	170	step_1_no_load	1	2	2	275	
286	0	170	step_2_no_load	3	4	0.411067820436	0.364989630435	4	367	0	
286	0	171	step_1_no_load	1	2	2	411	
286	0	171	step_2_no_load	3	4	0.386979310814	0.425122034074	4	895	1	
286	0	172	step_1_no_load	1	2	2	454	
286	0	172	step_2_no_load	5	6	0.668669556875	0.519090471457	6	394	0	
286	0	173	step_1_no_load	1	2	2	253	
286	0	173	step_2_no_load	3	4	0.385349297983	0.462866379815	4	242	0	
286	0	174	step_1_no_load	1	2	2	504	
286	0	174	step_2_no_load	5	6	0.729877433725	0.472729524832	6	447	0	
286	0	175	step_1_no_load	1	2	2	452	
286	0	175	step_2_no_load	5	6	0.693968268443	0.52644949356	6	418	1	
286	0	176	step_1_no_load	1	2	2	311	
286	0	176	step_2_no_load	3	4	0.383231572002	0.500856457218	4	508	1	
286	0	177	step_1_no_load	1	2	2	254	
286	0	177	step_2_no_load	5	6	0.714070205704	0.501268576771	6	268	1	
286	0	178	step_1_no_load	1	2	2	287	
286	0	178	step_2_no_load	5	6	0.705993797498	0.493712351915	6	246	1	
286	0	179	step_1_no_load	1	2	2	450	
286	0	179	step_2_no_load	3	4	0.324685418097	0.493565996034	4	432	1	
286	0	180	step_1_no_load	1	2	2	328	
286	0	180	step_2_no_load	5	6	0.719795072986	0.482853857291	6	342	1	
286	0	181	step_1_no_load	1	2	2	267	
286	0	181	step_2_no_load	5	6	0.746910336326	0.508735114046	6	251	0	
286	0	182	step_1_no_load	1	2	2	345	
286	0	182	step_2_no_load	3	4	0.340533666308	0.49907747228	4	311	1	
286	0	183	step_1_no_load	1	2	2	285	
286	0	183	step_2_no_load	5	6	0.720388040749	0.502991759047	6	340	0	
286	0	184	step_1_no_load	1	2	2	428	
286	0	184	step_2_no_load	5	6	0.657291439324	0.460890977786	6	597	0	
286	0	185	step_1_no_load	1	2	2	487	
286	0	185	step_2_no_load	5	6	0.665622647081	0.479703516092	6	306	0	
286	0	186	step_1_no_load	1	2	2	454	
286	0	186	step_2_no_load	5	6	0.656308636836	0.46870859828	6	417	1	
286	0	187	step_1_no_load	1	2	2	577	
286	0	187	step_2_no_load	5	6	0.678211978625	0.443962917772	6	424	1	
286	0	188	step_1_no_load	1	2	2	329	
286	0	188	step_2_no_load	5	6	0.696362660087	0.471319680586	6	291	0	
286	0	189	step_1_no_load	1	2	2	414	
286	0	189	step_2_no_load	5	6	0.688353284054	0.448897869069	6	429	0	
286	0	190	step_1_no_load	1	2	2	428	
286	0	190	step_2_no_load	5	6	0.667655825994	0.433568856946	6	384	0	
286	0	191	step_1_no_load	1	2	2	318	
286	0	191	step_2_no_load	5	6	0.664271461991	0.435748387321	6	243	1	
286	0	192	step_1_no_load	1	2	2	307	
286	0	192	step_2_no_load	5	6	0.705517419189	0.450791310283	6	215	0	
286	0	193	step_1_no_load	1	2	2	221	
286	0	193	step_2_no_load	3	4	0.321008037746	0.504944704439	4	231	1	
286	0	194	step_1_no_load	1	2	2	517	
286	0	194	step_2_no_load	3	4	0.342437174514	0.505359594715	4	427	0	
286	0	195	step_1_no_load	1	2	2	502	
286	0	195	step_2_no_load	5	6	0.646280688878	0.466795336969	6	897	1	
286	0	196	step_1_no_load	1	2	2	316	
286	0	196	step_2_no_load	5	6	0.695101215304	0.421761207498	6	272	1	
286	0	197	step_1_no_load	1	2	2	374	
286	0	197	step_2_no_load	5	6	0.686552522522	0.422511153127	6	601	1	
286	0	198	step_1_no_load	1	2	2	492	
286	0	198	step_2_no_load	5	6	0.68660989813	0.397292432346	6	440	0	
286	0	199	step_1_no_load	1	2	2	398	
286	0	199	step_2_no_load	5	6	0.73697129762	0.39793773834	6	293	0	
286	0	200	step_1_no_load	1	2	2	322	
286	0	200	step_2_no_load	5	6	0.728996708473	0.372436949782	6	1179	0	

Fri Feb 28 15:14:13 2020
