Tue Mar  3 14:59:25 2020	
289	0	1	step_1_no_load	1	2	1	1003	
289	0	1	step_2_no_load	3	4	0.511789129507	0.457620150462	3	841	1	
289	0	2	step_1_no_load	1	2	1	604	
289	0	2	step_2_no_load	3	4	0.533203491871	0.474613197709	3	579	1	
289	0	3	step_1_no_load	1	2	1	527	
289	0	3	step_2_no_load	5	6	0.589215227351	0.584197065669	5	652	1	
289	0	4	step_1_no_load	1	2	2	858	
289	0	4	step_2_no_load	5	6	0.564086293706	0.597491569846	6	855	1	
289	0	5	step_1_no_load	1	2	1	997	
289	0	5	step_2_no_load	3	4	0.543908521457	0.495568760483	-1	-1	-1	
289	0	6	step_1_no_load	1	2	1	514	
289	0	6	step_2_no_load	5	6	0.603642866427	0.585722686883	5	551	0	
289	0	7	step_1_no_load	1	2	2	405	
289	0	7	step_2_no_load	3	4	0.506408070053	0.500071913476	4	710	0	
289	0	8	step_1_no_load	1	2	1	430	
289	0	8	step_2_no_load	3	4	0.499203529332	0.489816616396	3	652	1	
289	0	9	step_1_no_load	1	2	1	771	
289	0	9	step_2_no_load	3	4	0.54429228266	0.496546708465	3	826	0	
289	0	10	step_1_no_load	1	2	1	233	
289	0	10	step_2_no_load	3	4	0.576063520885	0.482364178155	3	319	0	
289	0	11	step_1_no_load	1	2	2	273	
289	0	11	step_2_no_load	5	6	0.609191465743	0.69163818036	6	1260	1	
289	0	12	step_1_no_load	1	2	2	580	
289	0	12	step_2_no_load	5	6	0.552770607849	0.682786328054	6	607	1	
289	0	13	step_1_no_load	1	2	1	799	
289	0	13	step_2_no_load	3	4	0.595790490356	0.52012981853	3	810	1	
289	0	14	step_1_no_load	1	2	2	718	
289	0	14	step_2_no_load	5	6	0.545555696267	0.629137942344	6	954	1	
289	0	15	step_1_no_load	1	2	1	579	
289	0	15	step_2_no_load	5	6	0.570419113221	0.612260006668	5	774	1	
289	0	16	step_1_no_load	1	2	1	1034	
289	0	16	step_2_no_load	3	4	0.626326396372	0.510958036527	3	583	0	
289	0	17	step_1_no_load	1	2	2	885	
289	0	17	step_2_no_load	5	6	0.562895132605	0.633350170016	6	362	1	
289	0	18	step_1_no_load	1	2	1	835	
289	0	18	step_2_no_load	5	6	0.553554620302	0.626834332012	5	600	1	
289	0	19	step_1_no_load	1	2	2	843	
289	0	19	step_2_no_load	5	6	0.536502319591	0.619895761657	6	545	0	
289	0	20	step_1_no_load	1	2	1	1006	
289	0	20	step_2_no_load	3	4	0.60665343963	0.478025448397	3	518	0	
289	0	21	step_1_no_load	1	2	1	674	
289	0	21	step_2_no_load	5	6	0.470207377245	0.630305464549	5	428	1	
289	0	22	step_1_no_load	1	2	2	843	
289	0	22	step_2_no_load	5	6	0.468700882609	0.621949894727	6	898	0	
289	0	23	step_1_no_load	1	2	1	535	
289	0	23	step_2_no_load	3	4	0.604065470975	0.520606588181	3	257	0	
289	0	24	step_1_no_load	1	2	2	354	
289	0	24	step_2_no_load	5	6	0.503316199018	0.582115115688	5	472	0	
289	0	25	step_1_no_load	1	2	1	1042	
289	0	25	step_2_no_load	5	6	0.503605105412	0.565698722896	5	445	0	
289	0	26	step_1_no_load	1	2	-1	-1	
289	0	27	step_1_no_load	1	2	2	381	
289	0	27	step_2_no_load	5	6	0.54756089792	0.57860777711	6	706	1	
289	0	28	step_1_no_load	1	2	1	1003	
289	0	28	step_2_no_load	3	4	0.647441527317	0.520177259699	4	1121	0	
289	0	29	step_1_no_load	1	2	1	607	
289	0	29	step_2_no_load	5	6	0.561957580386	0.606613029227	5	908	1	
289	0	30	step_1_no_load	1	2	2	1479	
289	0	30	step_2_no_load	5	6	0.574272497114	0.608245979832	6	847	1	
289	0	31	step_1_no_load	1	2	1	426	
289	0	31	step_2_no_load	5	6	0.541819886458	0.636602545794	5	290	1	
289	0	32	step_1_no_load	1	2	2	502	
289	0	32	step_2_no_load	5	6	0.522993086096	0.634585171267	6	644	0	
289	0	33	step_1_no_load	1	2	1	271	
289	0	33	step_2_no_load	3	4	0.618000238621	0.487664344039	3	287	0	
289	0	34	step_1_no_load	1	2	2	1138	
289	0	34	step_2_no_load	5	6	0.538523758058	0.575802910074	6	506	1	
289	0	35	step_1_no_load	1	2	1	561	
289	0	35	step_2_no_load	3	4	0.649776015006	0.491437207585	4	393	0	
289	0	36	step_1_no_load	1	2	1	840	
289	0	36	step_2_no_load	5	6	0.611274573488	0.527635087561	5	1317	1	
289	0	37	step_1_no_load	1	2	1	828	
289	0	37	step_2_no_load	5	6	0.598446394142	0.513822304161	6	584	0	
289	0	38	step_1_no_load	1	2	1	851	
289	0	38	step_2_no_load	3	4	0.651263699161	0.553931241266	3	897	1	
289	0	39	step_1_no_load	1	2	2	1499	
289	0	39	step_2_no_load	5	6	0.610601635554	0.557005857101	6	1011	1	
289	0	40	step_1_no_load	1	2	2	854	
289	0	40	step_2_no_load	5	6	0.607992802154	0.580760785074	6	788	0	
289	0	41	step_1_no_load	1	2	1	246	
289	0	41	step_2_no_load	5	6	0.588857868869	0.524862294848	5	406	0	
289	0	42	step_1_no_load	1	2	2	481	
289	0	42	step_2_no_load	5	6	0.609164606591	0.533857158543	5	492	1	
289	0	43	step_1_no_load	1	2	1	411	
289	0	43	step_2_no_load	3	4	0.581931546759	0.548128010644	3	1065	1	
289	0	44	step_1_no_load	1	2	2	543	
289	0	44	step_2_no_load	5	6	0.611481438855	0.541854396676	5	479	1	
289	0	45	step_1_no_load	1	2	1	611	
289	0	45	step_2_no_load	3	4	0.620699591043	0.5288039409	3	473	0	
289	0	46	step_1_no_load	1	2	1	1195	
289	0	46	step_2_no_load	3	4	0.654261318712	0.532238720495	-1	-1	-1	
289	0	47	step_1_no_load	1	2	1	998	
289	0	47	step_2_no_load	3	4	0.634373567175	0.493112702321	3	1109	0	
289	0	48	step_1_no_load	1	2	2	552	
289	0	48	step_2_no_load	5	6	0.615767119776	0.534690828011	6	700	0	
289	0	49	step_1_no_load	1	2	1	272	
289	0	49	step_2_no_load	5	6	0.610193185592	0.512405963374	5	219	0	
289	0	50	step_1_no_load	1	2	1	960	
289	0	50	step_2_no_load	3	4	0.593458480934	0.47381367271	3	409	1	
289	0	51	step_1_no_load	1	2	2	265	
289	0	51	step_2_no_load	3	4	0.613357430892	0.469943944943	3	819	1	
289	0	52	step_1_no_load	1	2	1	326	
289	0	52	step_2_no_load	3	4	0.613408921915	0.429622901875	3	738	1	
289	0	53	step_1_no_load	1	2	2	305	
289	0	53	step_2_no_load	3	4	0.630956764252	0.451905460347	3	596	1	
289	0	54	step_1_no_load	1	2	1	617	
289	0	54	step_2_no_load	3	4	0.652515308527	0.491512498697	3	749	1	
289	0	55	step_1_no_load	1	2	2	244	
289	0	55	step_2_no_load	3	4	0.639840796975	0.487025527704	3	688	0	
289	0	56	step_1_no_load	1	2	1	487	
289	0	56	step_2_no_load	5	6	0.601856598146	0.538512915562	6	1303	1	
289	0	57	step_1_no_load	1	2	1	1117	
289	0	57	step_2_no_load	3	4	0.586335094239	0.466449077359	3	1186	0	
289	0	58	step_1_no_load	1	2	2	480	
289	0	58	step_2_no_load	5	6	0.664682809182	0.528376440027	5	1065	1	
289	0	59	step_1_no_load	1	2	1	699	
289	0	59	step_2_no_load	3	4	0.608951267756	0.480274332693	3	632	0	
289	0	60	step_1_no_load	1	2	2	278	
289	0	60	step_2_no_load	5	6	0.623687406259	0.479287247283	5	227	1	
289	0	61	step_1_no_load	1	2	2	655	
289	0	61	step_2_no_load	5	6	0.669587072502	0.527144452559	5	448	0	
289	0	62	step_1_no_load	1	2	1	744	
289	0	62	step_2_no_load	3	4	0.622820395113	0.50724109756	3	951	0	
289	0	63	step_1_no_load	1	2	1	248	
289	0	63	step_2_no_load	3	4	0.642623127313	0.53192660365	4	1182	1	
289	0	64	step_1_no_load	1	2	2	625	
289	0	64	step_2_no_load	5	6	0.642369708469	0.533849886794	6	290	1	
289	0	65	step_1_no_load	1	2	1	310	
289	0	65	step_2_no_load	3	4	0.619953360065	0.569109504048	4	478	1	
289	0	66	step_1_no_load	1	2	2	1048	
289	0	66	step_2_no_load	5	6	0.606938648072	0.555324764318	5	403	1	
289	0	67	step_1_no_load	1	2	1	260	
289	0	67	step_2_no_load	3	4	0.674463681351	0.542076810516	4	965	0	
289	0	68	step_1_no_load	1	2	1	679	
289	0	68	step_2_no_load	3	4	0.719455209845	0.509127161919	3	526	0	
289	0	69	step_1_no_load	1	2	2	251	
289	0	69	step_2_no_load	5	6	0.622221685203	0.560462111264	5	280	1	
289	0	70	step_1_no_load	1	2	1	519	
289	0	70	step_2_no_load	3	4	0.697741832068	0.498834901463	3	812	1	
289	0	71	step_1_no_load	1	2	2	1037	
289	0	71	step_2_no_load	5	6	0.639174917797	0.546215110045	5	1180	1	
289	0	72	step_1_no_load	1	2	1	406	
289	0	72	step_2_no_load	5	6	0.626024641967	0.556486305476	5	520	0	
289	0	73	step_1_no_load	1	2	1	251	
289	0	73	step_2_no_load	3	4	0.727961155836	0.435957313805	4	208	0	
289	0	74	step_1_no_load	1	2	2	551	
289	0	74	step_2_no_load	3	4	0.693624670847	0.453420386428	3	458	0	
289	0	75	step_1_no_load	1	2	1	338	
289	0	75	step_2_no_load	5	6	0.615552849174	0.483983914712	5	763	1	
289	0	76	step_1_no_load	1	2	1	304	
289	0	76	step_2_no_load	5	6	0.62770291155	0.518881389358	5	300	0	
289	0	77	step_1_no_load	1	2	2	243	
289	0	77	step_2_no_load	3	4	0.679737625371	0.446809557226	3	342	1	
289	0	78	step_1_no_load	1	2	1	386	
289	0	78	step_2_no_load	3	4	0.647586191228	0.435911167612	3	503	1	
289	0	79	step_1_no_load	1	2	2	617	
289	0	79	step_2_no_load	5	6	0.513695512795	0.540085062695	5	503	0	
289	0	80	step_1_no_load	1	2	1	729	
289	0	80	step_2_no_load	3	4	0.703969305517	0.396016175285	4	410	0	
289	0	81	step_1_no_load	1	2	1	638	
289	0	81	step_2_no_load	3	4	0.702400933084	0.419265522488	3	598	1	
289	0	82	step_1_no_load	1	2	1	259	
289	0	82	step_2_no_load	3	4	0.688340116885	0.395813831323	3	491	1	
289	0	83	step_1_no_load	1	2	1	393	
289	0	83	step_2_no_load	3	4	0.726885136842	0.382772464038	3	668	1	
289	0	84	step_1_no_load	1	2	1	382	
289	0	84	step_2_no_load	3	4	0.731466635793	0.385087938645	3	349	0	
289	0	85	step_1_no_load	1	2	1	260	
289	0	85	step_2_no_load	3	4	0.712989604416	0.384458259121	3	229	1	
289	0	86	step_1_no_load	1	2	1	301	
289	0	86	step_2_no_load	3	4	0.721207648497	0.345323068124	3	311	0	
289	0	87	step_1_no_load	1	2	2	787	
289	0	87	step_2_no_load	3	4	0.690012761069	0.40000499778	4	951	1	
289	0	88	step_1_no_load	1	2	2	774	
289	0	88	step_2_no_load	5	6	0.717410082358	0.509563243675	6	869	1	
289	0	89	step_1_no_load	1	2	1	416	
289	0	89	step_2_no_load	5	6	0.690772436485	0.490019385174	5	275	0	
289	0	90	step_1_no_load	1	2	2	241	
289	0	90	step_2_no_load	5	6	0.712247848046	0.530126112124	5	234	1	
289	0	91	step_1_no_load	1	2	1	758	
289	0	91	step_2_no_load	5	6	0.685023809334	0.479087223222	5	663	1	
289	0	92	step_1_no_load	1	2	2	777	
289	0	92	step_2_no_load	3	4	0.679381608313	0.444368850664	3	454	1	
289	0	93	step_1_no_load	1	2	1	252	
289	0	93	step_2_no_load	3	4	0.662863370634	0.439878153082	3	264	1	
289	0	94	step_1_no_load	1	2	1	398	
289	0	94	step_2_no_load	3	4	0.668295023896	0.429211756872	3	563	0	
289	0	95	step_1_no_load	1	2	1	371	
289	0	95	step_2_no_load	3	4	0.640209855442	0.427150666411	3	348	1	
289	0	96	step_1_no_load	1	2	2	211	
289	0	96	step_2_no_load	5	6	0.693739812506	0.437558890646	5	272	0	
289	0	97	step_1_no_load	1	2	2	327	
289	0	97	step_2_no_load	5	6	0.681272614291	0.455601814112	5	299	1	
289	0	98	step_1_no_load	1	2	1	384	
289	0	98	step_2_no_load	3	4	0.646040060297	0.409778171713	3	435	1	
289	0	99	step_1_no_load	1	2	1	277	
289	0	99	step_2_no_load	3	4	0.645191748454	0.397561363605	3	318	1	
289	0	100	step_1_no_load	1	2	2	286	
289	0	100	step_2_no_load	5	6	0.666227451505	0.363162156005	5	139	0	
289	0	101	step_1_no_load	1	2	1	791	
289	0	101	step_2_no_load	3	4	0.655903528958	0.497432607584	3	839	1	
289	0	102	step_1_no_load	1	2	-1	-1	
289	0	103	step_1_no_load	1	2	2	450	
289	0	103	step_2_no_load	5	6	0.663997796029	0.322834495838	5	320	0	
289	0	104	step_1_no_load	1	2	1	324	
289	0	104	step_2_no_load	3	4	0.743372642809	0.521047445908	3	487	1	
289	0	105	step_1_no_load	1	2	2	434	
289	0	105	step_2_no_load	5	6	0.689135357059	0.352639603242	5	471	1	
289	0	106	step_1_no_load	1	2	1	713	
289	0	106	step_2_no_load	5	6	0.712883638252	0.374131494222	5	657	1	
289	0	107	step_1_no_load	1	2	2	724	
289	0	107	step_2_no_load	5	6	0.692607431435	0.388257337796	6	490	0	
289	0	108	step_1_no_load	1	2	1	590	
289	0	108	step_2_no_load	3	4	0.681491063126	0.526955028982	3	705	0	
289	0	109	step_1_no_load	1	2	2	537	
289	0	109	step_2_no_load	5	6	0.71632547018	0.372328831887	5	380	1	
289	0	110	step_1_no_load	1	2	1	711	
289	0	110	step_2_no_load	3	4	0.65455226558	0.432626681236	3	416	1	
289	0	111	step_1_no_load	1	2	1	708	
289	0	111	step_2_no_load	3	4	0.634599547742	0.384948378665	3	551	1	
289	0	112	step_1_no_load	1	2	2	422	
289	0	112	step_2_no_load	5	6	0.725701866094	0.413393106784	5	238	1	
289	0	113	step_1_no_load	1	2	1	290	
289	0	113	step_2_no_load	5	6	0.719324307956	0.387112818105	5	640	1	
289	0	114	step_1_no_load	1	2	1	434	
289	0	114	step_2_no_load	3	4	0.657654904272	0.380324086676	3	281	1	
289	0	115	step_1_no_load	1	2	2	297	
289	0	115	step_2_no_load	3	4	0.645721217949	0.390027643099	3	413	1	
289	0	116	step_1_no_load	1	2	1	407	
289	0	116	step_2_no_load	3	4	0.680124293449	0.378149844807	3	239	1	
289	0	117	step_1_no_load	1	2	1	514	
289	0	117	step_2_no_load	3	4	0.671842537277	0.374621793791	3	581	1	
289	0	118	step_1_no_load	1	2	2	252	
289	0	118	step_2_no_load	3	4	0.690484235012	0.357645851833	4	295	0	
289	0	119	step_1_no_load	1	2	1	517	
289	0	119	step_2_no_load	3	4	0.661177321751	0.357515098446	3	703	1	
289	0	120	step_1_no_load	1	2	1	353	
289	0	120	step_2_no_load	5	6	0.70587238626	0.333809617664	5	262	1	
289	0	121	step_1_no_load	1	2	1	381	
289	0	121	step_2_no_load	3	4	0.671052306195	0.352721767208	3	430	0	
289	0	122	step_1_no_load	1	2	1	364	
289	0	122	step_2_no_load	3	4	0.672193618854	0.329624572119	3	600	1	
289	0	123	step_1_no_load	1	2	1	484	
289	0	123	step_2_no_load	3	4	0.664849878232	0.337526896345	3	331	0	
289	0	124	step_1_no_load	1	2	1	291	
289	0	124	step_2_no_load	3	4	0.624161788269	0.309430836661	3	276	1	
289	0	125	step_1_no_load	1	2	1	319	
289	0	125	step_2_no_load	3	4	0.633566302563	0.303110862715	3	304	1	
289	0	126	step_1_no_load	1	2	2	281	
289	0	126	step_2_no_load	5	6	0.537863824328	0.267206368684	6	295	0	
289	0	127	step_1_no_load	1	2	1	249	
289	0	127	step_2_no_load	3	4	0.646945556251	0.274944938508	3	315	1	
289	0	128	step_1_no_load	1	2	1	355	
289	0	128	step_2_no_load	3	4	0.620672334996	0.250790232267	3	644	1	
289	0	129	step_1_no_load	1	2	1	896	
289	0	129	step_2_no_load	3	4	0.632682846317	0.271709703542	3	563	1	
289	0	130	step_1_no_load	1	2	2	980	
289	0	130	step_2_no_load	5	6	0.682031489739	0.267460866951	6	559	0	
289	0	131	step_1_no_load	1	2	1	679	
289	0	131	step_2_no_load	5	6	0.678044920845	0.281500842289	5	1212	1	
289	0	132	step_1_no_load	1	2	1	620	
289	0	132	step_2_no_load	3	4	0.660013924697	0.315328810424	3	492	0	
289	0	133	step_1_no_load	1	2	2	460	
289	0	133	step_2_no_load	3	4	0.691649444281	0.312642735495	4	351	0	
289	0	134	step_1_no_load	1	2	1	316	
289	0	134	step_2_no_load	5	6	0.621945110858	0.287393715313	5	242	0	
289	0	135	step_1_no_load	1	2	1	641	
289	0	135	step_2_no_load	5	6	0.593710006149	0.300079459047	5	240	1	
289	0	136	step_1_no_load	1	2	1	320	
289	0	136	step_2_no_load	3	4	0.674914008636	0.284521085726	3	468	1	
289	0	137	step_1_no_load	1	2	2	869	
289	0	137	step_2_no_load	5	6	0.605896884497	0.346433498467	5	525	1	
289	0	138	step_1_no_load	1	2	1	221	
289	0	138	step_2_no_load	3	4	0.688182193337	0.307694123906	3	679	1	
289	0	139	step_1_no_load	1	2	1	244	
289	0	139	step_2_no_load	3	4	0.696355985729	0.323660750961	3	776	1	
289	0	140	step_1_no_load	1	2	2	292	
289	0	140	step_2_no_load	5	6	0.671213945178	0.348740542008	5	394	1	
289	0	141	step_1_no_load	1	2	1	225	
289	0	141	step_2_no_load	5	6	0.711987889705	0.390227133375	5	424	0	
289	0	142	step_1_no_load	1	2	2	406	
289	0	142	step_2_no_load	3	4	0.627356259123	0.304203281606	4	480	0	
289	0	143	step_1_no_load	1	2	1	111	
289	0	143	step_2_no_load	5	6	0.661365099615	0.410970957547	5	317	1	
289	0	144	step_1_no_load	1	2	1	649	
289	0	144	step_2_no_load	5	6	0.626443722248	0.389234194056	5	550	1	
289	0	145	step_1_no_load	1	2	2	311	
289	0	145	step_2_no_load	3	4	0.606515632748	0.266265924094	4	578	0	
289	0	146	step_1_no_load	1	2	1	423	
289	0	146	step_2_no_load	3	4	0.593778463268	0.257861956214	3	621	0	
289	0	147	step_1_no_load	1	2	1	568	
289	0	147	step_2_no_load	5	6	0.647798886916	0.352879785946	5	925	1	
289	0	148	step_1_no_load	1	2	1	401	
289	0	148	step_2_no_load	3	4	0.648050021239	0.305288021243	3	460	0	
289	0	149	step_1_no_load	1	2	1	351	
289	0	149	step_2_no_load	3	4	0.623203869836	0.269951834184	3	823	0	
289	0	150	step_1_no_load	1	2	1	274	
289	0	150	step_2_no_load	3	4	0.605912419156	0.305587692243	3	251	0	
289	0	151	step_1_no_load	1	2	2	405	
289	0	151	step_2_no_load	3	4	0.614159737668	0.348172164421	4	400	1	
289	0	152	step_1_no_load	1	2	2	406	
289	0	152	step_2_no_load	3	4	0.644204174791	0.307702500543	4	353	0	
289	0	153	step_1_no_load	1	2	1	335	
289	0	153	step_2_no_load	3	4	0.681559292085	0.309356532263	3	334	1	
289	0	154	step_1_no_load	1	2	1	459	
289	0	154	step_2_no_load	5	6	0.638934099562	0.348349389262	5	402	1	
289	0	155	step_1_no_load	1	2	2	345	
289	0	155	step_2_no_load	3	4	0.716100930629	0.296093457977	3	518	1	
289	0	156	step_1_no_load	1	2	2	424	
289	0	156	step_2_no_load	5	6	0.631048201903	0.368378667812	5	211	1	
289	0	157	step_1_no_load	1	2	1	281	
289	0	157	step_2_no_load	3	4	0.720725456325	0.350909357271	4	945	0	
289	0	158	step_1_no_load	1	2	1	260	
289	0	158	step_2_no_load	5	6	0.532722108502	0.334595868098	5	340	1	
289	0	159	step_1_no_load	1	2	1	288	
289	0	159	step_2_no_load	5	6	0.541222065796	0.321150411254	5	387	1	
289	0	160	step_1_no_load	1	2	2	539	
289	0	160	step_2_no_load	3	4	0.710728171711	0.415052912783	3	1211	1	
289	0	161	step_1_no_load	1	2	1	234	
289	0	161	step_2_no_load	3	4	0.719896286569	0.407025633682	3	220	0	
289	0	162	step_1_no_load	1	2	2	489	
289	0	162	step_2_no_load	5	6	0.566496468084	0.455329532209	5	297	0	
289	0	163	step_1_no_load	1	2	2	15	
289	0	163	step_2_no_load	5	6	0.5863391277	0.430920885959	5	366	1	
289	0	164	step_1_no_load	1	2	1	327	
289	0	164	step_2_no_load	3	4	0.692137394606	0.432761720497	4	366	0	
289	0	165	step_1_no_load	1	2	1	0	
289	0	165	step_2_no_load	3	4	0.717506143195	0.463777557969	3	311	1	
289	0	166	step_1_no_load	1	2	2	913	
289	0	166	step_2_no_load	5	6	0.549095060025	0.356317216644	5	545	1	
289	0	167	step_1_no_load	1	2	2	255	
289	0	167	step_2_no_load	5	6	0.585131062446	0.331115714939	5	230	1	
289	0	168	step_1_no_load	1	2	1	248	
289	0	168	step_2_no_load	5	6	0.613361520676	0.335777599654	5	383	1	
289	0	169	step_1_no_load	1	2	1	285	
289	0	169	step_2_no_load	3	4	0.704981910944	0.42098542374	3	236	1	
289	0	170	step_1_no_load	1	2	2	504	
289	0	170	step_2_no_load	5	6	0.57151385403	0.364989630435	5	580	0	
289	0	171	step_1_no_load	1	2	1	348	
289	0	171	step_2_no_load	5	6	0.553314431843	0.425122034074	5	266	1	
289	0	172	step_1_no_load	1	2	1	299	
289	0	172	step_2_no_load	5	6	0.519090471457	0.490120307546	5	337	1	
289	0	173	step_1_no_load	1	2	2	259	
289	0	173	step_2_no_load	5	6	0.484428109849	0.462866379815	5	418	0	
289	0	174	step_1_no_load	1	2	1	521	
289	0	174	step_2_no_load	3	4	0.729877433725	0.387867297446	3	214	1	
289	0	175	step_1_no_load	1	2	1	1075	
289	0	175	step_2_no_load	5	6	0.52644949356	0.484825491933	5	487	1	
289	0	176	step_1_no_load	1	2	1	441	
289	0	176	step_2_no_load	3	4	0.679250000396	0.383231572002	3	337	1	
289	0	177	step_1_no_load	1	2	2	376	
289	0	177	step_2_no_load	5	6	0.501268576771	0.4798184927	5	448	0	
289	0	178	step_1_no_load	1	2	2	224	
289	0	178	step_2_no_load	5	6	0.493712351915	0.49020858644	5	234	0	
289	0	179	step_1_no_load	1	2	2	293	
289	0	179	step_2_no_load	3	4	0.709345707515	0.324685418097	3	218	0	
289	0	180	step_1_no_load	1	2	1	4	
289	0	180	step_2_no_load	5	6	0.482853857291	0.489345734128	5	513	0	
289	0	181	step_1_no_load	1	2	2	374	
289	0	181	step_2_no_load	3	4	0.746910336326	0.342402764747	3	279	1	
289	0	182	step_1_no_load	1	2	1	274	
289	0	182	step_2_no_load	3	4	0.72717560423	0.340533666308	4	422	0	
289	0	183	step_1_no_load	1	2	1	396	
289	0	183	step_2_no_load	5	6	0.502991759047	0.492742497507	5	384	1	
289	0	184	step_1_no_load	1	2	1	733	
289	0	184	step_2_no_load	3	4	0.657291439324	0.362743255194	3	372	1	
289	0	185	step_1_no_load	1	2	2	695	
289	0	185	step_2_no_load	5	6	0.479703516092	0.482228039858	5	954	1	
289	0	186	step_1_no_load	1	2	1	565	
289	0	186	step_2_no_load	3	4	0.656308636836	0.332733011923	3	772	1	
289	0	187	step_1_no_load	1	2	2	749	
289	0	187	step_2_no_load	5	6	0.443962917772	0.498596507669	5	764	1	
289	0	188	step_1_no_load	1	2	2	409	
289	0	188	step_2_no_load	5	6	0.471319680586	0.548350535247	5	595	0	
289	0	189	step_1_no_load	1	2	1	669	
289	0	189	step_2_no_load	3	4	0.688353284054	0.285168135955	3	472	0	
289	0	190	step_1_no_load	1	2	1	256	
289	0	190	step_2_no_load	3	4	0.667655825994	0.304557739386	3	204	1	
289	0	191	step_1_no_load	1	2	1	264	
289	0	191	step_2_no_load	5	6	0.435748387321	0.512103523931	5	229	0	
289	0	192	step_1_no_load	1	2	2	361	
289	0	192	step_2_no_load	5	6	0.450791310283	0.493851022417	5	966	1	
289	0	193	step_1_no_load	1	2	2	330	
289	0	193	step_2_no_load	5	6	0.440813209638	0.504944704439	5	372	0	
289	0	194	step_1_no_load	1	2	1	714	
289	0	194	step_2_no_load	3	4	0.655261361454	0.342437174514	3	372	1	
289	0	195	step_1_no_load	1	2	1	266	
289	0	195	step_2_no_load	3	4	0.646280688878	0.348571348505	3	314	1	
289	0	196	step_1_no_load	1	2	2	742	
289	0	196	step_2_no_load	3	4	0.695101215304	0.365373286058	4	556	0	
289	0	197	step_1_no_load	1	2	1	624	
289	0	197	step_2_no_load	3	4	0.686552522522	0.316987700969	3	1159	1	
289	0	198	step_1_no_load	1	2	1	380	
289	0	198	step_2_no_load	3	4	0.68660989813	0.303352625941	3	1427	1	
289	0	199	step_1_no_load	1	2	1	574	
289	0	199	step_2_no_load	3	4	0.73697129762	0.292861528884	3	442	1	
289	0	200	step_1_no_load	1	2	1	233	
289	0	200	step_2_no_load	5	6	0.372436949782	0.507902534353	5	410	0	

Tue Mar  3 15:17:11 2020
