Fri Mar  6 13:47:58 2020	
290	0	1	step_1_no_load	1	2	1	997	
290	0	1	step_2_no_load	5	6	0.457620150462	0.598297890399	5	835	1	
290	0	2	step_1_no_load	1	2	1	349	
290	0	2	step_2_no_load	5	6	0.474613197709	0.580156942153	5	383	0	
290	0	3	step_1_no_load	1	2	1	487	
290	0	3	step_2_no_load	3	4	0.516002945397	0.589215227351	3	400	1	
290	0	4	step_1_no_load	1	2	1	422	
290	0	4	step_2_no_load	3	4	0.494597764192	0.564086293706	3	336	0	
290	0	5	step_1_no_load	1	2	2	1316	
290	0	5	step_2_no_load	5	6	0.495568760483	0.623810210114	5	1385	1	
290	0	6	step_1_no_load	1	2	2	493	
290	0	6	step_2_no_load	5	6	0.506877622204	0.585722686883	5	1144	0	
290	0	7	step_1_no_load	1	2	2	432	
290	0	7	step_2_no_load	3	4	0.506408070053	0.622642364361	-1	-1	-1	
290	0	8	step_1_no_load	1	2	2	442	
290	0	8	step_2_no_load	5	6	0.489816616396	0.59128639594	6	577	1	
290	0	9	step_1_no_load	1	2	2	481	
290	0	9	step_2_no_load	5	6	0.496546708465	0.598049061473	6	1171	1	
290	0	10	step_1_no_load	1	2	1	845	
290	0	10	step_2_no_load	3	4	0.576063520885	0.636063269715	3	1122	0	
290	0	11	step_1_no_load	1	2	1	324	
290	0	11	step_2_no_load	3	4	0.59022801242	0.609191465743	4	610	1	
290	0	12	step_1_no_load	1	2	2	472	
290	0	12	step_2_no_load	5	6	0.48457206759	0.682786328054	6	497	1	
290	0	13	step_1_no_load	1	2	1	397	
290	0	13	step_2_no_load	3	4	0.595790490356	0.558313135925	4	614	0	
290	0	14	step_1_no_load	1	2	1	574	
290	0	14	step_2_no_load	3	4	0.611256675753	0.545555696267	4	605	1	
290	0	15	step_1_no_load	1	2	2	710	
290	0	15	step_2_no_load	3	4	0.633564630036	0.570419113221	4	727	1	
290	0	16	step_1_no_load	1	2	2	420	
290	0	16	step_2_no_load	5	6	0.510958036527	0.628091198119	6	872	1	
290	0	17	step_1_no_load	1	2	2	441	
290	0	17	step_2_no_load	3	4	0.643116883134	0.562895132605	4	427	0	
290	0	18	step_1_no_load	1	2	1	434	
290	0	18	step_2_no_load	3	4	0.626895526976	0.553554620302	4	326	1	
290	0	19	step_1_no_load	1	2	1	487	
290	0	19	step_2_no_load	3	4	0.644773170243	0.536502319591	4	445	1	
290	0	20	step_1_no_load	1	2	2	466	
290	0	20	step_2_no_load	5	6	0.478025448397	0.636521555122	6	528	0	
290	0	21	step_1_no_load	1	2	2	385	
290	0	21	step_2_no_load	5	6	0.49769376036	0.630305464549	6	372	1	
290	0	22	step_1_no_load	1	2	2	802	
290	0	22	step_2_no_load	5	6	0.506100011497	0.621949894727	6	437	0	
290	0	23	step_1_no_load	1	2	2	865	
290	0	23	step_2_no_load	3	4	0.604065470975	0.513759772011	4	487	0	
290	0	24	step_1_no_load	1	2	1	458	
290	0	24	step_2_no_load	3	4	0.5800912085	0.503316199018	4	872	1	
290	0	25	step_1_no_load	1	2	1	588	
290	0	25	step_2_no_load	5	6	0.503316372362	0.565698722896	5	885	1	
290	0	26	step_1_no_load	1	2	2	436	
290	0	26	step_2_no_load	5	6	0.511744353778	0.592410219737	5	445	0	
290	0	27	step_1_no_load	1	2	2	733	
290	0	27	step_2_no_load	3	4	0.642144756622	0.54756089792	4	381	1	
290	0	28	step_1_no_load	1	2	2	294	
290	0	28	step_2_no_load	5	6	0.520177259699	0.588356036098	5	338	1	
290	0	29	step_1_no_load	1	2	2	574	
290	0	29	step_2_no_load	3	4	0.618626354124	0.561957580386	3	448	1	
290	0	30	step_1_no_load	1	2	2	587	
290	0	30	step_2_no_load	5	6	0.4919199548	0.608245979832	6	419	1	
290	0	31	step_1_no_load	1	2	2	474	
290	0	31	step_2_no_load	3	4	0.606122691795	0.541819886458	4	366	1	
290	0	32	step_1_no_load	1	2	1	329	
290	0	32	step_2_no_load	3	4	0.605616211083	0.522993086096	4	1240	1	
290	0	33	step_1_no_load	1	2	1	309	
290	0	33	step_2_no_load	3	4	0.618000238621	0.542309898544	3	464	1	
290	0	34	step_1_no_load	1	2	1	274	
290	0	34	step_2_no_load	5	6	0.454565258478	0.575802910074	5	396	1	
290	0	35	step_1_no_load	1	2	2	558	
290	0	35	step_2_no_load	3	4	0.649776015006	0.594167768198	3	603	0	
290	0	36	step_1_no_load	1	2	2	339	
290	0	36	step_2_no_load	5	6	0.513210053121	0.527635087561	6	383	1	
290	0	37	step_1_no_load	1	2	2	363	
290	0	37	step_2_no_load	5	6	0.543074626387	0.513822304161	6	327	0	
290	0	38	step_1_no_load	1	2	2	377	
290	0	38	step_2_no_load	3	4	0.651263699161	0.595113730206	3	791	1	
290	0	39	step_1_no_load	1	2	1	802	
290	0	39	step_2_no_load	3	4	0.634483337633	0.610601635554	3	801	1	
290	0	40	step_1_no_load	1	2	1	558	
290	0	40	step_2_no_load	5	6	0.5691386571	0.580760785074	5	859	0	
290	0	41	step_1_no_load	1	2	1	687	
290	0	41	step_2_no_load	3	4	0.633285941184	0.588857868869	3	793	1	
290	0	42	step_1_no_load	1	2	1	256	
290	0	42	step_2_no_load	3	4	0.606696263624	0.609164606591	3	453	1	
290	0	43	step_1_no_load	1	2	2	702	
290	0	43	step_2_no_load	5	6	0.548128010644	0.553703096215	6	458	1	
290	0	44	step_1_no_load	1	2	2	333	
290	0	44	step_2_no_load	5	6	0.537842745081	0.541854396676	6	422	0	
290	0	45	step_1_no_load	1	2	2	366	
290	0	45	step_2_no_load	5	6	0.5288039409	0.579346234508	5	1217	1	
290	0	46	step_1_no_load	1	2	2	614	
290	0	46	step_2_no_load	5	6	0.532238720495	0.55511883717	5	1224	1	
290	0	47	step_1_no_load	1	2	2	334	
290	0	47	step_2_no_load	5	6	0.493112702321	0.546259467838	5	400	1	
290	0	48	step_1_no_load	1	2	2	433	
290	0	48	step_2_no_load	3	4	0.657624935632	0.615767119776	4	479	0	
290	0	49	step_1_no_load	1	2	2	425	
290	0	49	step_2_no_load	5	6	0.489287375157	0.512405963374	6	1215	0	
290	0	50	step_1_no_load	1	2	2	381	
290	0	50	step_2_no_load	5	6	0.47381367271	0.481616544184	5	653	0	
290	0	51	step_1_no_load	1	2	2	544	
290	0	51	step_2_no_load	3	4	0.613357430892	0.564866799699	4	683	0	
290	0	52	step_1_no_load	1	2	2	456	
290	0	52	step_2_no_load	5	6	0.429622901875	0.513589895419	6	703	1	
290	0	53	step_1_no_load	1	2	2	498	
290	0	53	step_2_no_load	5	6	0.451905460347	0.475342927439	6	449	0	
290	0	54	step_1_no_load	1	2	2	411	
290	0	54	step_2_no_load	3	4	0.652515308527	0.570223904064	4	1226	0	
290	0	55	step_1_no_load	1	2	2	1116	
290	0	55	step_2_no_load	5	6	0.487025527704	0.526704292526	5	526	0	
290	0	56	step_1_no_load	1	2	2	482	
290	0	56	step_2_no_load	5	6	0.459773408493	0.538512915562	5	425	0	
290	0	57	step_1_no_load	1	2	2	342	
290	0	57	step_2_no_load	5	6	0.466449077359	0.516475618243	5	349	0	
290	0	58	step_1_no_load	1	2	2	969	
290	0	58	step_2_no_load	5	6	0.478335218822	0.528376440027	6	803	0	
290	0	59	step_1_no_load	1	2	2	541	
290	0	59	step_2_no_load	3	4	0.608951267756	0.632500293208	3	1078	0	
290	0	60	step_1_no_load	1	2	2	362	
290	0	60	step_2_no_load	5	6	0.491916707098	0.479287247283	6	410	0	
290	0	61	step_1_no_load	1	2	2	446	
290	0	61	step_2_no_load	5	6	0.464268875813	0.527144452559	6	1052	0	
290	0	62	step_1_no_load	1	2	2	763	
290	0	62	step_2_no_load	5	6	0.50724109756	0.533031417444	5	496	0	
290	0	63	step_1_no_load	1	2	1	490	
290	0	63	step_2_no_load	5	6	0.53192660365	0.519445130796	5	410	1	
290	0	64	step_1_no_load	1	2	1	300	
290	0	64	step_2_no_load	3	4	0.626149195169	0.642369708469	3	369	0	
290	0	65	step_1_no_load	1	2	1	207	
290	0	65	step_2_no_load	3	4	0.619953360065	0.612660225018	4	433	1	
290	0	66	step_1_no_load	1	2	1	645	
290	0	66	step_2_no_load	3	4	0.630357351236	0.606938648072	4	342	1	
290	0	67	step_1_no_load	1	2	1	364	
290	0	67	step_2_no_load	3	4	0.674463681351	0.597650193897	4	348	0	
290	0	68	step_1_no_load	1	2	-1	-1	
290	0	69	step_1_no_load	1	2	1	448	
290	0	69	step_2_no_load	3	4	0.718756538957	0.622221685203	3	1226	0	
290	0	70	step_1_no_load	1	2	2	769	
290	0	70	step_2_no_load	3	4	0.697741832068	0.637556284465	3	734	0	
290	0	71	step_1_no_load	1	2	2	363	
290	0	71	step_2_no_load	3	4	0.706816191949	0.639174917797	4	436	1	
290	0	72	step_1_no_load	1	2	2	545	
290	0	72	step_2_no_load	5	6	0.47409116389	0.556486305476	6	468	0	
290	0	73	step_1_no_load	1	2	2	469	
290	0	73	step_2_no_load	5	6	0.435957313805	0.50185699984	6	672	0	
290	0	74	step_1_no_load	1	2	2	454	
290	0	74	step_2_no_load	3	4	0.693624670847	0.614462146454	4	239	1	
290	0	75	step_1_no_load	1	2	2	525	
290	0	75	step_2_no_load	5	6	0.44832280175	0.483983914712	6	280	0	
290	0	76	step_1_no_load	1	2	2	400	
290	0	76	step_2_no_load	3	4	0.690117652944	0.62770291155	4	587	1	
290	0	77	step_1_no_load	1	2	2	340	
290	0	77	step_2_no_load	3	4	0.679737625371	0.564257587118	4	298	1	
290	0	78	step_1_no_load	1	2	2	249	
290	0	78	step_2_no_load	5	6	0.435911167612	0.538654072849	6	504	0	
290	0	79	step_1_no_load	1	2	2	424	
290	0	79	step_2_no_load	5	6	0.389124152368	0.540085062695	6	486	0	
290	0	80	step_1_no_load	1	2	2	512	
290	0	80	step_2_no_load	3	4	0.703969305517	0.518583383166	3	998	1	
290	0	81	step_1_no_load	1	2	2	408	
290	0	81	step_2_no_load	5	6	0.419265522488	0.494116554432	5	382	0	
290	0	82	step_1_no_load	1	2	2	1	
290	0	82	step_2_no_load	3	4	0.688340116885	0.564729328387	3	512	1	
290	0	83	step_1_no_load	1	2	2	257	
290	0	83	step_2_no_load	3	4	0.726885136842	0.607907985871	3	333	0	
290	0	84	step_1_no_load	1	2	2	482	
290	0	84	step_2_no_load	5	6	0.385087938645	0.505586222209	6	415	1	
290	0	85	step_1_no_load	1	2	2	487	
290	0	85	step_2_no_load	5	6	0.384458259121	0.485785534744	6	412	0	
290	0	86	step_1_no_load	1	2	2	447	
290	0	86	step_2_no_load	3	4	0.721207648497	0.691782850001	3	184	1	
290	0	87	step_1_no_load	1	2	2	425	
290	0	87	step_2_no_load	5	6	0.40000499778	0.493867001103	5	402	0	
290	0	88	step_1_no_load	1	2	2	423	
290	0	88	step_2_no_load	5	6	0.377947492322	0.509563243675	6	344	0	
290	0	89	step_1_no_load	1	2	2	467	
290	0	89	step_2_no_load	5	6	0.415882489686	0.490019385174	5	280	1	
290	0	90	step_1_no_load	1	2	2	736	
290	0	90	step_2_no_load	5	6	0.411459496853	0.530126112124	5	452	1	
290	0	91	step_1_no_load	1	2	2	1043	
290	0	91	step_2_no_load	5	6	0.43534164751	0.479087223222	5	525	0	
290	0	92	step_1_no_load	1	2	2	619	
290	0	92	step_2_no_load	5	6	0.444368850664	0.484260039873	6	968	1	
290	0	93	step_1_no_load	1	2	2	644	
290	0	93	step_2_no_load	3	4	0.662863370634	0.70415710998	4	591	1	
290	0	94	step_1_no_load	1	2	2	470	
290	0	94	step_2_no_load	3	4	0.668295023896	0.719464414227	-1	-1	-1	
290	0	95	step_1_no_load	1	2	2	768	
290	0	95	step_2_no_load	3	4	0.640209855442	0.715495469274	4	680	1	
290	0	96	step_1_no_load	1	2	2	824	
290	0	96	step_2_no_load	5	6	0.383038640121	0.437558890646	6	928	0	
290	0	97	step_1_no_load	1	2	1	1493	
290	0	97	step_2_no_load	5	6	0.392885664353	0.455601814112	5	710	0	
290	0	98	step_1_no_load	1	2	2	541	
290	0	98	step_2_no_load	5	6	0.409778171713	0.431479829356	6	412	1	
290	0	99	step_1_no_load	1	2	1	613	
290	0	99	step_2_no_load	5	6	0.397561363605	0.375249961522	5	717	1	
290	0	100	step_1_no_load	1	2	1	652	
290	0	100	step_2_no_load	3	4	0.66579920021	0.666227451505	3	835	1	
290	0	101	step_1_no_load	1	2	2	609	
290	0	101	step_2_no_load	5	6	0.497432607584	0.366879421891	6	377	1	
290	0	102	step_1_no_load	1	2	2	780	
290	0	102	step_2_no_load	5	6	0.494584754513	0.326080462175	6	614	0	
290	0	103	step_1_no_load	1	2	2	1056	
290	0	103	step_2_no_load	5	6	0.481975449893	0.322834495838	6	558	0	
290	0	104	step_1_no_load	1	2	1	1022	
290	0	104	step_2_no_load	3	4	0.743372642809	0.703870701136	3	524	0	
290	0	105	step_1_no_load	1	2	2	584	
290	0	105	step_2_no_load	5	6	0.514318365187	0.352639603242	6	475	1	
290	0	106	step_1_no_load	1	2	-1	-1	
290	0	107	step_1_no_load	1	2	2	508	
290	0	107	step_2_no_load	5	6	0.565220528809	0.388257337796	6	497	0	
290	0	108	step_1_no_load	1	2	1	519	
290	0	108	step_2_no_load	3	4	0.681491063126	0.695928523711	3	452	0	
290	0	109	step_1_no_load	1	2	1	993	
290	0	109	step_2_no_load	5	6	0.479977531501	0.372328831887	5	491	1	
290	0	110	step_1_no_load	1	2	1	617	
290	0	110	step_2_no_load	3	4	0.65455226558	0.729599891941	3	498	1	
290	0	111	step_1_no_load	1	2	1	401	
290	0	111	step_2_no_load	3	4	0.634599547742	0.724852671171	3	482	0	
290	0	112	step_1_no_load	1	2	2	628	
290	0	112	step_2_no_load	3	4	0.635252945963	0.725701866094	4	610	1	
290	0	113	step_1_no_load	1	2	2	901	
290	0	113	step_2_no_load	5	6	0.370697120277	0.387112818105	6	549	0	
290	0	114	step_1_no_load	1	2	1	527	
290	0	114	step_2_no_load	3	4	0.657654904272	0.718213323791	3	469	1	
290	0	115	step_1_no_load	1	2	1	540	
290	0	115	step_2_no_load	3	4	0.645721217949	0.739704344621	3	531	1	
290	0	116	step_1_no_load	1	2	1	669	
290	0	116	step_2_no_load	3	4	0.680124293449	0.706736514943	3	619	0	
290	0	117	step_1_no_load	1	2	2	592	
290	0	117	step_2_no_load	3	4	0.671842537277	0.747012267642	4	356	1	
290	0	118	step_1_no_load	1	2	1	396	
290	0	118	step_2_no_load	3	4	0.690484235012	0.740051715856	3	429	1	
290	0	119	step_1_no_load	1	2	1	528	
290	0	119	step_2_no_load	3	4	0.661177321751	0.690424535099	3	418	0	
290	0	120	step_1_no_load	1	2	2	650	
290	0	120	step_2_no_load	5	6	0.370150243662	0.333809617664	6	801	0	
290	0	121	step_1_no_load	1	2	1	463	
290	0	121	step_2_no_load	5	6	0.352721767208	0.310775244958	5	517	1	
290	0	122	step_1_no_load	1	2	1	818	
290	0	122	step_2_no_load	3	4	0.672193618854	0.6136886145	3	547	1	
290	0	123	step_1_no_load	1	2	1	584	
290	0	123	step_2_no_load	5	6	0.337526896345	0.269780614928	5	445	1	
290	0	124	step_1_no_load	1	2	1	534	
290	0	124	step_2_no_load	3	4	0.624161788269	0.603013298253	3	456	1	
290	0	125	step_1_no_load	1	2	1	625	
290	0	125	step_2_no_load	3	4	0.633566302563	0.559596800931	3	966	0	
290	0	126	step_1_no_load	1	2	1	574	
290	0	126	step_2_no_load	3	4	0.600985760967	0.537863824328	3	689	0	
290	0	127	step_1_no_load	1	2	2	916	
290	0	127	step_2_no_load	5	6	0.274944938508	0.273483952592	6	885	0	
290	0	128	step_1_no_load	1	2	2	498	
290	0	128	step_2_no_load	3	4	0.620672334996	0.636905534066	3	583	1	
290	0	129	step_1_no_load	1	2	2	695	
290	0	129	step_2_no_load	5	6	0.271709703542	0.268213321963	5	560	0	
290	0	130	step_1_no_load	1	2	2	649	
290	0	130	step_2_no_load	3	4	0.630285316669	0.682031489739	4	624	1	
290	0	131	step_1_no_load	1	2	2	575	
290	0	131	step_2_no_load	5	6	0.311475039155	0.281500842289	6	475	0	
290	0	132	step_1_no_load	1	2	2	373	
290	0	132	step_2_no_load	5	6	0.315328810424	0.27986961048	5	641	1	
290	0	133	step_1_no_load	1	2	2	448	
290	0	133	step_2_no_load	5	6	0.312642735495	0.315608831386	5	711	0	
290	0	134	step_1_no_load	1	2	2	550	
290	0	134	step_2_no_load	5	6	0.302839427162	0.287393715313	5	1027	0	
290	0	135	step_1_no_load	1	2	2	940	
290	0	135	step_2_no_load	5	6	0.287118934166	0.300079459047	6	844	0	
290	0	136	step_1_no_load	1	2	2	430	
290	0	136	step_2_no_load	5	6	0.284521085726	0.307766925452	5	422	0	
290	0	137	step_1_no_load	1	2	2	472	
290	0	137	step_2_no_load	3	4	0.668540846495	0.605896884497	4	404	1	
290	0	138	step_1_no_load	1	2	2	335	
290	0	138	step_2_no_load	3	4	0.688182193337	0.63240964674	4	838	0	
290	0	139	step_1_no_load	1	2	2	293	
290	0	139	step_2_no_load	5	6	0.323660750961	0.325611400511	6	481	1	
290	0	140	step_1_no_load	1	2	2	295	
290	0	140	step_2_no_load	5	6	0.328174526491	0.348740542008	6	450	1	
290	0	141	step_1_no_load	1	2	2	462	
290	0	141	step_2_no_load	5	6	0.311809871418	0.390227133375	6	475	1	
290	0	142	step_1_no_load	1	2	2	487	
290	0	142	step_2_no_load	5	6	0.304203281606	0.397052682821	6	951	0	
290	0	143	step_1_no_load	1	2	2	482	
290	0	143	step_2_no_load	5	6	0.313516825296	0.410970957547	6	918	0	
290	0	144	step_1_no_load	1	2	2	743	
290	0	144	step_2_no_load	5	6	0.275932517017	0.389234194056	5	607	1	
290	0	145	step_1_no_load	1	2	2	669	
290	0	145	step_2_no_load	5	6	0.266265924094	0.355256413269	5	624	0	
290	0	146	step_1_no_load	1	2	2	710	
290	0	146	step_2_no_load	3	4	0.593778463268	0.681611991725	4	1072	1	
290	0	147	step_1_no_load	1	2	2	1055	
290	0	147	step_2_no_load	5	6	0.265578160642	0.352879785946	6	1163	0	
290	0	148	step_1_no_load	1	2	2	1416	
290	0	148	step_2_no_load	5	6	0.305288021243	0.311162711725	5	738	1	
290	0	149	step_1_no_load	1	2	2	521	
290	0	149	step_2_no_load	3	4	0.623203869836	0.601870110183	3	514	1	
290	0	150	step_1_no_load	1	2	2	634	
290	0	150	step_2_no_load	5	6	0.305587692243	0.306860041627	5	673	0	
290	0	151	step_1_no_load	1	2	2	649	
290	0	151	step_2_no_load	5	6	0.348172164421	0.310557101463	5	749	0	
290	0	152	step_1_no_load	1	2	2	1086	
290	0	152	step_2_no_load	3	4	0.644204174791	0.595108765344	4	654	1	
290	0	153	step_1_no_load	1	2	2	1347	
290	0	153	step_2_no_load	3	4	0.681559292085	0.613336203392	-1	-1	-1	
290	0	154	step_1_no_load	1	2	2	769	
290	0	154	step_2_no_load	5	6	0.316375537537	0.348349389262	5	925	0	
290	0	155	step_1_no_load	1	2	2	690	
290	0	155	step_2_no_load	5	6	0.296093457977	0.372188990474	-1	-1	-1	
290	0	156	step_1_no_load	1	2	2	826	
290	0	156	step_2_no_load	5	6	0.32564867104	0.368378667812	5	768	0	
290	0	157	step_1_no_load	1	2	2	97	
290	0	157	step_2_no_load	5	6	0.350909357271	0.324728201487	6	636	0	
290	0	158	step_1_no_load	1	2	1	638	
290	0	158	step_2_no_load	3	4	0.694270715354	0.532722108502	4	683	1	
290	0	159	step_1_no_load	1	2	2	991	
290	0	159	step_2_no_load	3	4	0.697903160072	0.541222065796	4	782	0	
290	0	160	step_1_no_load	1	2	1	379	
290	0	160	step_2_no_load	3	4	0.710728171711	0.521229931064	3	706	1	
290	0	161	step_1_no_load	1	2	1	519	
290	0	161	step_2_no_load	3	4	0.719896286569	0.516036498158	4	446	0	
290	0	162	step_1_no_load	1	2	1	722	
290	0	162	step_2_no_load	5	6	0.3926701003	0.455329532209	6	690	1	
290	0	163	step_1_no_load	1	2	1	661	
290	0	163	step_2_no_load	3	4	0.697095951435	0.5863391277	3	1339	1	
290	0	164	step_1_no_load	1	2	1	503	
290	0	164	step_2_no_load	3	4	0.692137394606	0.585961845322	3	509	1	
290	0	165	step_1_no_load	1	2	1	655	
290	0	165	step_2_no_load	5	6	0.463777557969	0.347974240867	5	682	0	
290	0	166	step_1_no_load	1	2	1	596	
290	0	166	step_2_no_load	3	4	0.686594248975	0.549095060025	-1	-1	-1	
290	0	167	step_1_no_load	1	2	2	460	
290	0	167	step_2_no_load	5	6	0.38753671275	0.331115714939	6	1013	0	
290	0	168	step_1_no_load	1	2	2	585	
290	0	168	step_2_no_load	5	6	0.400817642375	0.335777599654	6	970	0	
290	0	169	step_1_no_load	1	2	2	536	
290	0	169	step_2_no_load	3	4	0.704981910944	0.586049140041	4	733	0	
290	0	170	step_1_no_load	1	2	2	449	
290	0	170	step_2_no_load	5	6	0.411067820436	0.364989630435	5	836	1	
290	0	171	step_1_no_load	1	2	1	1340	
290	0	171	step_2_no_load	3	4	0.727248140829	0.553314431843	-1	-1	-1	
290	0	172	step_1_no_load	1	2	1	606	
290	0	172	step_2_no_load	3	4	0.668669556875	0.519090471457	4	806	1	
290	0	173	step_1_no_load	1	2	2	737	
290	0	173	step_2_no_load	3	4	0.667027212577	0.484428109849	3	801	0	
290	0	174	step_1_no_load	1	2	2	467	
290	0	174	step_2_no_load	5	6	0.387867297446	0.46236234172	6	485	1	
290	0	175	step_1_no_load	1	2	2	569	
290	0	175	step_2_no_load	5	6	0.426185553904	0.484825491933	6	446	0	
290	0	176	step_1_no_load	1	2	2	547	
290	0	176	step_2_no_load	5	6	0.383231572002	0.500856457218	6	757	0	
290	0	177	step_1_no_load	1	2	-1	-1	
290	0	178	step_1_no_load	1	2	2	415	
290	0	178	step_2_no_load	5	6	0.36473828006	0.49020858644	5	437	1	
290	0	179	step_1_no_load	1	2	2	467	
290	0	179	step_2_no_load	3	4	0.709345707515	0.457298770028	3	680	1	
290	0	180	step_1_no_load	1	2	2	405	
290	0	180	step_2_no_load	5	6	0.341214611607	0.489345734128	5	527	0	
290	0	181	step_1_no_load	1	2	2	451	
290	0	181	step_2_no_load	3	4	0.746910336326	0.508735114046	4	516	0	
290	0	182	step_1_no_load	1	2	2	460	
290	0	182	step_2_no_load	5	6	0.340533666308	0.49907747228	5	358	0	
290	0	183	step_1_no_load	1	2	2	470	
290	0	183	step_2_no_load	5	6	0.350175837802	0.492742497507	6	581	1	
290	0	184	step_1_no_load	1	2	2	266	
290	0	184	step_2_no_load	5	6	0.362743255194	0.480863422096	6	889	0	
290	0	185	step_1_no_load	1	2	2	687	
290	0	185	step_2_no_load	5	6	0.362611152222	0.482228039858	5	470	0	
290	0	186	step_1_no_load	1	2	2	430	
290	0	186	step_2_no_load	5	6	0.332733011923	0.484672582719	6	510	1	
290	0	187	step_1_no_load	1	2	2	470	
290	0	187	step_2_no_load	5	6	0.328890769988	0.498596507669	6	624	1	
290	0	188	step_1_no_load	1	2	2	900	
290	0	188	step_2_no_load	3	4	0.696362660087	0.471319680586	4	748	1	
290	0	189	step_1_no_load	1	2	2	926	
290	0	189	step_2_no_load	5	6	0.285168135955	0.534753756004	6	685	0	
290	0	190	step_1_no_load	1	2	1	734	
290	0	190	step_2_no_load	3	4	0.667655825994	0.433568856946	4	1277	0	
290	0	191	step_1_no_load	1	2	1	427	
290	0	191	step_2_no_load	3	4	0.664271461991	0.435748387321	3	1476	1	
290	0	192	step_1_no_load	1	2	1	1289	
290	0	192	step_2_no_load	3	4	0.705517419189	0.450791310283	3	772	0	
290	0	193	step_1_no_load	1	2	2	381	
290	0	193	step_2_no_load	3	4	0.679792491164	0.440813209638	4	454	0	
290	0	194	step_1_no_load	1	2	1	441	
290	0	194	step_2_no_load	3	4	0.655261361454	0.433250459893	4	746	1	
290	0	195	step_1_no_load	1	2	1	414	
290	0	195	step_2_no_load	5	6	0.348571348505	0.494102184238	6	443	1	
290	0	196	step_1_no_load	1	2	1	412	
290	0	196	step_2_no_load	5	6	0.365373286058	0.496717662777	6	680	1	
290	0	197	step_1_no_load	1	2	1	722	
290	0	197	step_2_no_load	3	4	0.686552522522	0.422511153127	4	517	1	
290	0	198	step_1_no_load	1	2	1	307	
290	0	198	step_2_no_load	3	4	0.68660989813	0.397292432346	4	443	0	
290	0	199	step_1_no_load	1	2	2	315	
290	0	199	step_2_no_load	3	4	0.73697129762	0.39793773834	3	392	1	
290	0	200	step_1_no_load	1	2	2	355	
290	0	200	step_2_no_load	3	4	0.728996708473	0.372436949782	3	462	1	

Fri Mar  6 14:06:56 2020
