Fri Jul  3 14:56:29 2020	
291	0	1	step_1_no_load	1	2	1	853	
291	0	1	step_2_no_load	5	6	0.598297890399	0.511789129507	5	1058	1	
291	0	2	step_1_no_load	1	2	1	541	
291	0	2	step_2_no_load	3	4	0.474613197709	0.610961032466	4	676	1	
291	0	3	step_1_no_load	1	2	1	771	
291	0	3	step_2_no_load	3	4	0.476767372206	0.589215227351	3	835	0	
291	0	4	step_1_no_load	1	2	1	284	
291	0	4	step_2_no_load	3	4	0.478607661228	0.564086293706	3	431	0	
291	0	5	step_1_no_load	1	2	2	411	
291	0	5	step_2_no_load	5	6	0.623810210114	0.543908521457	6	569	0	
291	0	6	step_1_no_load	1	2	2	833	
291	0	6	step_2_no_load	5	6	0.585722686883	0.490454120702	6	1448	1	
291	0	7	step_1_no_load	1	2	2	641	
291	0	7	step_2_no_load	5	6	0.568656746487	0.506408070053	6	538	0	
291	0	8	step_1_no_load	1	2	1	411	
291	0	8	step_2_no_load	3	4	0.489816616396	0.624210374623	3	1046	1	
291	0	9	step_1_no_load	1	2	1	704	
291	0	9	step_2_no_load	3	4	0.496546708465	0.641106877158	3	490	1	
291	0	10	step_1_no_load	1	2	2	822	
291	0	10	step_2_no_load	3	4	0.482364178155	0.636063269715	4	1233	0	
291	0	11	step_1_no_load	1	2	1	644	
291	0	11	step_2_no_load	5	6	0.69163818036	0.59022801242	5	415	1	
291	0	12	step_1_no_load	1	2	1	316	
291	0	12	step_2_no_load	5	6	0.682786328054	0.597131918027	5	456	0	
291	0	13	step_1_no_load	1	2	1	321	
291	0	13	step_2_no_load	3	4	0.52012981853	0.558313135925	4	599	0	
291	0	14	step_1_no_load	1	2	1	513	
291	0	14	step_2_no_load	5	6	0.629137942344	0.611256675753	5	646	1	
291	0	15	step_1_no_load	1	2	2	589	
291	0	15	step_2_no_load	5	6	0.612260006668	0.633564630036	6	845	1	
291	0	16	step_1_no_load	1	2	2	351	
291	0	16	step_2_no_load	5	6	0.628091198119	0.626326396372	6	1188	0	
291	0	17	step_1_no_load	1	2	2	1072	
291	0	17	step_2_no_load	5	6	0.633350170016	0.643116883134	6	1039	0	
291	0	18	step_1_no_load	1	2	1	244	
291	0	18	step_2_no_load	5	6	0.626834332012	0.626895526976	5	789	1	
291	0	19	step_1_no_load	1	2	1	569	
291	0	19	step_2_no_load	5	6	0.619895761657	0.644773170243	5	246	1	
291	0	20	step_1_no_load	1	2	1	302	
291	0	20	step_2_no_load	3	4	0.478025448397	0.491720931314	3	276	0	
291	0	21	step_1_no_load	1	2	1	302	
291	0	21	step_2_no_load	3	4	0.49769376036	0.470207377245	3	408	1	
291	0	22	step_1_no_load	1	2	1	334	
291	0	22	step_2_no_load	3	4	0.506100011497	0.468700882609	3	490	1	
291	0	23	step_1_no_load	1	2	1	343	
291	0	23	step_2_no_load	3	4	0.520606588181	0.513759772011	3	406	1	
291	0	24	step_1_no_load	1	2	1	379	
291	0	24	step_2_no_load	3	4	0.505388876622	0.503316199018	3	423	0	
291	0	25	step_1_no_load	1	2	1	281	
291	0	25	step_2_no_load	3	4	0.503316372362	0.503605105412	4	318	1	
291	0	26	step_1_no_load	1	2	1	500	
291	0	26	step_2_no_load	5	6	0.592410219737	0.640635035276	6	491	0	
291	0	27	step_1_no_load	1	2	1	678	
291	0	27	step_2_no_load	3	4	0.507272671939	0.54756089792	4	669	1	
291	0	28	step_1_no_load	1	2	1	582	
291	0	28	step_2_no_load	5	6	0.588356036098	0.647441527317	5	1378	1	
291	0	29	step_1_no_load	1	2	1	286	
291	0	29	step_2_no_load	3	4	0.521159009103	0.561957580386	4	1069	0	
291	0	30	step_1_no_load	1	2	1	273	
291	0	30	step_2_no_load	5	6	0.608245979832	0.610227092493	5	768	0	
291	0	31	step_1_no_load	1	2	2	423	
291	0	31	step_2_no_load	5	6	0.636602545794	0.606122691795	5	506	1	
291	0	32	step_1_no_load	1	2	2	353	
291	0	32	step_2_no_load	3	4	0.520318771114	0.522993086096	4	599	1	
291	0	33	step_1_no_load	1	2	2	258	
291	0	33	step_2_no_load	3	4	0.487664344039	0.542309898544	4	817	1	
291	0	34	step_1_no_load	1	2	2	272	
291	0	34	step_2_no_load	3	4	0.454565258478	0.538523758058	4	409	0	
291	0	35	step_1_no_load	1	2	2	233	
291	0	35	step_2_no_load	5	6	0.566827313385	0.649776015006	6	1343	1	
291	0	36	step_1_no_load	1	2	2	401	
291	0	36	step_2_no_load	5	6	0.527635087561	0.661229326326	6	451	0	
291	0	37	step_1_no_load	1	2	1	239	
291	0	37	step_2_no_load	3	4	0.543074626387	0.598446394142	4	438	0	
291	0	38	step_1_no_load	1	2	1	318	
291	0	38	step_2_no_load	3	4	0.553931241266	0.595113730206	3	716	1	
291	0	39	step_1_no_load	1	2	1	305	
291	0	39	step_2_no_load	3	4	0.578640235206	0.610601635554	3	588	0	
291	0	40	step_1_no_load	1	2	1	241	
291	0	40	step_2_no_load	3	4	0.5691386571	0.607992802154	3	573	1	
291	0	41	step_1_no_load	1	2	1	287	
291	0	41	step_2_no_load	3	4	0.583829055298	0.588857868869	3	898	0	
291	0	42	step_1_no_load	1	2	2	275	
291	0	42	step_2_no_load	5	6	0.533857158543	0.606696263624	5	385	0	
291	0	43	step_1_no_load	1	2	2	310	
291	0	43	step_2_no_load	3	4	0.548128010644	0.612705031264	4	702	1	
291	0	44	step_1_no_load	1	2	2	596	
291	0	44	step_2_no_load	5	6	0.541854396676	0.589653131867	5	724	1	
291	0	45	step_1_no_load	1	2	2	470	
291	0	45	step_2_no_load	5	6	0.579346234508	0.620699591043	5	654	1	
291	0	46	step_1_no_load	1	2	2	290	
291	0	46	step_2_no_load	3	4	0.532238720495	0.600964500555	4	567	0	
291	0	47	step_1_no_load	1	2	1	266	
291	0	47	step_2_no_load	5	6	0.546259467838	0.634373567175	6	615	1	
291	0	48	step_1_no_load	1	2	1	295	
291	0	48	step_2_no_load	3	4	0.488280685105	0.615767119776	3	892	0	
291	0	49	step_1_no_load	1	2	2	291	
291	0	49	step_2_no_load	5	6	0.512405963374	0.614679490594	6	235	1	
291	0	50	step_1_no_load	1	2	1	301	
291	0	50	step_2_no_load	3	4	0.47381367271	0.606862017918	3	431	1	
291	0	51	step_1_no_load	1	2	2	637	
291	0	51	step_2_no_load	5	6	0.508197321577	0.613357430892	6	792	1	
291	0	52	step_1_no_load	1	2	2	282	
291	0	52	step_2_no_load	5	6	0.513589895419	0.613408921915	6	408	0	
291	0	53	step_1_no_load	1	2	1	206	
291	0	53	step_2_no_load	3	4	0.451905460347	0.551457882502	3	419	1	
291	0	54	step_1_no_load	1	2	1	251	
291	0	54	step_2_no_load	3	4	0.491512498697	0.570223904064	3	420	0	
291	0	55	step_1_no_load	1	2	2	296	
291	0	55	step_2_no_load	5	6	0.526704292526	0.639840796975	5	379	0	
291	0	56	step_1_no_load	1	2	1	374	
291	0	56	step_2_no_load	5	6	0.538512915562	0.60038825769	6	399	0	
291	0	57	step_1_no_load	1	2	2	208	
291	0	57	step_2_no_load	5	6	0.516475618243	0.586335094239	5	646	1	
291	0	58	step_1_no_load	1	2	1	311	
291	0	58	step_2_no_load	5	6	0.528376440027	0.610896130115	6	535	0	
291	0	59	step_1_no_load	1	2	2	416	
291	0	59	step_2_no_load	5	6	0.537400760025	0.608951267756	6	400	0	
291	0	60	step_1_no_load	1	2	2	247	
291	0	60	step_2_no_load	5	6	0.479287247283	0.599559577859	5	518	0	
291	0	61	step_1_no_load	1	2	2	436	
291	0	61	step_2_no_load	5	6	0.527144452559	0.602879526975	6	621	1	
291	0	62	step_1_no_load	1	2	2	468	
291	0	62	step_2_no_load	5	6	0.533031417444	0.622820395113	6	472	0	
291	0	63	step_1_no_load	1	2	1	196	
291	0	63	step_2_no_load	3	4	0.53192660365	0.664284493458	3	428	0	
291	0	64	step_1_no_load	1	2	1	238	
291	0	64	step_2_no_load	3	4	0.555062911513	0.642369708469	4	502	1	
291	0	65	step_1_no_load	1	2	1	224	
291	0	65	step_2_no_load	3	4	0.569109504048	0.612660225018	4	211	1	
291	0	66	step_1_no_load	1	2	1	265	
291	0	66	step_2_no_load	3	4	0.573761869714	0.606938648072	4	291	1	
291	0	67	step_1_no_load	1	2	1	354	
291	0	67	step_2_no_load	3	4	0.542076810516	0.597650193897	4	273	0	
291	0	68	step_1_no_load	1	2	1	703	
291	0	68	step_2_no_load	5	6	0.523301545299	0.719455209845	6	572	1	
291	0	69	step_1_no_load	1	2	1	254	
291	0	69	step_2_no_load	3	4	0.499137600991	0.622221685203	3	766	1	
291	0	70	step_1_no_load	1	2	1	249	
291	0	70	step_2_no_load	3	4	0.498834901463	0.637556284465	3	341	0	
291	0	71	step_1_no_load	1	2	2	261	
291	0	71	step_2_no_load	5	6	0.546215110045	0.706816191949	5	286	1	
291	0	72	step_1_no_load	1	2	2	295	
291	0	72	step_2_no_load	5	6	0.556486305476	0.705884789502	6	228	1	
291	0	73	step_1_no_load	1	2	2	361	
291	0	73	step_2_no_load	3	4	0.435957313805	0.657126403029	3	515	0	
291	0	74	step_1_no_load	1	2	2	357	
291	0	74	step_2_no_load	3	4	0.453420386428	0.614462146454	4	347	0	
291	0	75	step_1_no_load	1	2	1	286	
291	0	75	step_2_no_load	3	4	0.44832280175	0.615552849174	4	336	1	
291	0	76	step_1_no_load	1	2	1	223	
291	0	76	step_2_no_load	5	6	0.518881389358	0.690117652944	-1	-1	-1	
291	0	77	step_1_no_load	1	2	1	278	
291	0	77	step_2_no_load	3	4	0.446809557226	0.564257587118	3	176	1	
291	0	78	step_1_no_load	1	2	2	364	
291	0	78	step_2_no_load	3	4	0.435911167612	0.536711448352	3	302	0	
291	0	79	step_1_no_load	1	2	1	238	
291	0	79	step_2_no_load	5	6	0.540085062695	0.647841624544	5	600	1	
291	0	80	step_1_no_load	1	2	2	212	
291	0	80	step_2_no_load	3	4	0.396016175285	0.518583383166	4	406	1	
291	0	81	step_1_no_load	1	2	2	224	
291	0	81	step_2_no_load	5	6	0.494116554432	0.702400933084	5	766	1	
291	0	82	step_1_no_load	1	2	1	294	
291	0	82	step_2_no_load	3	4	0.395813831323	0.564729328387	4	397	1	
291	0	83	step_1_no_load	1	2	2	236	
291	0	83	step_2_no_load	5	6	0.483255412498	0.726885136842	5	364	0	
291	0	84	step_1_no_load	1	2	1	213	
291	0	84	step_2_no_load	5	6	0.505586222209	0.731466635793	5	609	0	
291	0	85	step_1_no_load	1	2	1	191	
291	0	85	step_2_no_load	3	4	0.384458259121	0.692384972752	3	543	0	
291	0	86	step_1_no_load	1	2	1	245	
291	0	86	step_2_no_load	3	4	0.345323068124	0.691782850001	4	403	1	
291	0	87	step_1_no_load	1	2	1	628	
291	0	87	step_2_no_load	5	6	0.493867001103	0.690012761069	5	734	0	
291	0	88	step_1_no_load	1	2	1	269	
291	0	88	step_2_no_load	5	6	0.509563243675	0.696773608304	5	650	0	
291	0	89	step_1_no_load	1	2	1	258	
291	0	89	step_2_no_load	3	4	0.415882489686	0.690772436485	-1	-1	-1	
291	0	90	step_1_no_load	1	2	1	233	
291	0	90	step_2_no_load	3	4	0.411459496853	0.712247848046	4	686	1	
291	0	91	step_1_no_load	1	2	2	210	
291	0	91	step_2_no_load	5	6	0.479087223222	0.657820521772	6	600	1	
291	0	92	step_1_no_load	1	2	2	273	
291	0	92	step_2_no_load	5	6	0.484260039873	0.679381608313	6	1139	0	
291	0	93	step_1_no_load	1	2	1	319	
291	0	93	step_2_no_load	3	4	0.439878153082	0.70415710998	4	626	1	
291	0	94	step_1_no_load	1	2	1	435	
291	0	94	step_2_no_load	3	4	0.429211756872	0.719464414227	4	616	1	
291	0	95	step_1_no_load	1	2	1	235	
291	0	95	step_2_no_load	3	4	0.427150666411	0.715495469274	4	398	1	
291	0	96	step_1_no_load	1	2	1	238	
291	0	96	step_2_no_load	5	6	0.437558890646	0.663095813561	5	1099	0	
291	0	97	step_1_no_load	1	2	2	219	
291	0	97	step_2_no_load	3	4	0.392885664353	0.681272614291	4	483	0	
291	0	98	step_1_no_load	1	2	1	292	
291	0	98	step_2_no_load	3	4	0.409778171713	0.70287861952	3	492	1	
291	0	99	step_1_no_load	1	2	1	259	
291	0	99	step_2_no_load	3	4	0.397561363605	0.673709850038	3	365	0	
291	0	100	step_1_no_load	1	2	1	207	
291	0	100	step_2_no_load	3	4	0.4333505304	0.666227451505	4	506	0	
291	0	101	step_1_no_load	1	2	1	259	
291	0	101	step_2_no_load	3	4	0.497432607584	0.623812401974	4	870	1	
291	0	102	step_1_no_load	1	2	1	242	
291	0	102	step_2_no_load	3	4	0.494584754513	0.666304534392	4	321	1	
291	0	103	step_1_no_load	1	2	1	285	
291	0	103	step_2_no_load	5	6	0.322834495838	0.69058998368	5	697	0	
291	0	104	step_1_no_load	1	2	2	309	
291	0	104	step_2_no_load	3	4	0.521047445908	0.703870701136	3	404	0	
291	0	105	step_1_no_load	1	2	2	31	
291	0	105	step_2_no_load	3	4	0.514318365187	0.689135357059	4	410	1	
291	0	106	step_1_no_load	1	2	2	294	
291	0	106	step_2_no_load	5	6	0.374131494222	0.699623252899	5	491	0	
291	0	107	step_1_no_load	1	2	1	302	
291	0	107	step_2_no_load	3	4	0.565220528809	0.692607431435	4	363	0	
291	0	108	step_1_no_load	1	2	1	261	
291	0	108	step_2_no_load	3	4	0.526955028982	0.695928523711	3	367	1	
291	0	109	step_1_no_load	1	2	1	232	
291	0	109	step_2_no_load	3	4	0.479977531501	0.71632547018	3	355	0	
291	0	110	step_1_no_load	1	2	1	307	
291	0	110	step_2_no_load	3	4	0.432626681236	0.729599891941	4	742	0	
291	0	111	step_1_no_load	1	2	1	230	
291	0	111	step_2_no_load	5	6	0.407158158569	0.634599547742	6	659	1	
291	0	112	step_1_no_load	1	2	1	221	
291	0	112	step_2_no_load	3	4	0.392887565883	0.725701866094	3	782	1	
291	0	113	step_1_no_load	1	2	1	222	
291	0	113	step_2_no_load	3	4	0.370697120277	0.719324307956	3	639	0	
291	0	114	step_1_no_load	1	2	1	282	
291	0	114	step_2_no_load	5	6	0.384736699284	0.657654904272	6	965	0	
291	0	115	step_1_no_load	1	2	1	249	
291	0	115	step_2_no_load	5	6	0.357661171116	0.645721217949	6	1124	1	
291	0	116	step_1_no_load	1	2	1	389	
291	0	116	step_2_no_load	3	4	0.378149844807	0.706736514943	4	412	1	
291	0	117	step_1_no_load	1	2	1	230	
291	0	117	step_2_no_load	5	6	0.363056877927	0.671842537277	5	424	0	
291	0	118	step_1_no_load	1	2	2	339	
291	0	118	step_2_no_load	5	6	0.362977115924	0.690484235012	6	467	1	
291	0	119	step_1_no_load	1	2	2	241	
291	0	119	step_2_no_load	5	6	0.358243439099	0.661177321751	6	1076	1	
291	0	120	step_1_no_load	1	2	2	239	
291	0	120	step_2_no_load	5	6	0.333809617664	0.666433355915	6	910	1	
291	0	121	step_1_no_load	1	2	2	210	
291	0	121	step_2_no_load	5	6	0.310775244958	0.671052306195	6	306	1	
291	0	122	step_1_no_load	1	2	2	349	
291	0	122	step_2_no_load	5	6	0.266650857402	0.672193618854	6	368	0	
291	0	123	step_1_no_load	1	2	2	238	
291	0	123	step_2_no_load	5	6	0.269780614928	0.664849878232	5	293	1	
291	0	124	step_1_no_load	1	2	2	229	
291	0	124	step_2_no_load	5	6	0.26095206597	0.624161788269	5	385	1	
291	0	125	step_1_no_load	1	2	2	263	
291	0	125	step_2_no_load	5	6	0.290374841566	0.633566302563	5	379	0	
291	0	126	step_1_no_load	1	2	1	263	
291	0	126	step_2_no_load	3	4	0.300846667696	0.537863824328	3	243	1	
291	0	127	step_1_no_load	1	2	1	277	
291	0	127	step_2_no_load	5	6	0.273483952592	0.646945556251	5	479	1	
291	0	128	step_1_no_load	1	2	1	356	
291	0	128	step_2_no_load	3	4	0.250790232267	0.636905534066	4	631	0	
291	0	129	step_1_no_load	1	2	1	264	
291	0	129	step_2_no_load	3	4	0.271709703542	0.685297910719	3	385	0	
291	0	130	step_1_no_load	1	2	1	246	
291	0	130	step_2_no_load	3	4	0.274560758494	0.682031489739	4	673	1	
291	0	131	step_1_no_load	1	2	1	256	
291	0	131	step_2_no_load	5	6	0.281500842289	0.638450601212	6	883	1	
291	0	132	step_1_no_load	1	2	1	274	
291	0	132	step_2_no_load	3	4	0.315328810424	0.668578020634	4	1106	1	
291	0	133	step_1_no_load	1	2	1	513	
291	0	133	step_2_no_load	3	4	0.312642735495	0.617383991623	4	476	1	
291	0	134	step_1_no_load	1	2	1	291	
291	0	134	step_2_no_load	3	4	0.302839427162	0.621945110858	4	272	0	
291	0	135	step_1_no_load	1	2	1	1073	
291	0	135	step_2_no_load	5	6	0.300079459047	0.700779221781	6	770	0	
291	0	136	step_1_no_load	1	2	1	0	
291	0	136	step_2_no_load	5	6	0.307766925452	0.674914008636	6	928	1	
291	0	137	step_1_no_load	1	2	1	492	
291	0	137	step_2_no_load	5	6	0.346433498467	0.668540846495	6	282	1	
291	0	138	step_1_no_load	1	2	1	307	
291	0	138	step_2_no_load	3	4	0.307694123906	0.63240964674	4	596	0	
291	0	139	step_1_no_load	1	2	1	269	
291	0	139	step_2_no_load	3	4	0.323660750961	0.636630981281	4	777	0	
291	0	140	step_1_no_load	1	2	2	287	
291	0	140	step_2_no_load	3	4	0.328174526491	0.671213945178	3	442	0	
291	0	141	step_1_no_load	1	2	2	234	
291	0	141	step_2_no_load	5	6	0.390227133375	0.616803346728	6	792	0	
291	0	142	step_1_no_load	1	2	1	367	
291	0	142	step_2_no_load	3	4	0.304203281606	0.690276058009	4	278	1	
291	0	143	step_1_no_load	1	2	1	300	
291	0	143	step_2_no_load	3	4	0.313516825296	0.661365099615	4	250	1	
291	0	144	step_1_no_load	1	2	1	496	
291	0	144	step_2_no_load	3	4	0.275932517017	0.626443722248	3	630	1	
291	0	145	step_1_no_load	1	2	1	385	
291	0	145	step_2_no_load	5	6	0.355256413269	0.606515632748	6	607	0	
291	0	146	step_1_no_load	1	2	1	362	
291	0	146	step_2_no_load	5	6	0.320877500969	0.593778463268	6	256	1	
291	0	147	step_1_no_load	1	2	2	330	
291	0	147	step_2_no_load	3	4	0.265578160642	0.647798886916	4	343	0	
291	0	148	step_1_no_load	1	2	2	239	
291	0	148	step_2_no_load	5	6	0.311162711725	0.648050021239	5	629	0	
291	0	149	step_1_no_load	1	2	2	235	
291	0	149	step_2_no_load	5	6	0.300290206122	0.623203869836	6	920	0	
291	0	150	step_1_no_load	1	2	2	181	
291	0	150	step_2_no_load	5	6	0.306860041627	0.605912419156	5	763	0	
291	0	151	step_1_no_load	1	2	2	367	
291	0	151	step_2_no_load	5	6	0.310557101463	0.614159737668	6	1146	1	
291	0	152	step_1_no_load	1	2	2	252	
291	0	152	step_2_no_load	5	6	0.323194010514	0.644204174791	6	1213	1	
291	0	153	step_1_no_load	1	2	2	270	
291	0	153	step_2_no_load	5	6	0.343622632154	0.681559292085	6	595	1	
291	0	154	step_1_no_load	1	2	2	552	
291	0	154	step_2_no_load	5	6	0.348349389262	0.671672162443	6	295	1	
291	0	155	step_1_no_load	1	2	2	342	
291	0	155	step_2_no_load	3	4	0.296093457977	0.632486591889	3	520	1	
291	0	156	step_1_no_load	1	2	2	274	
291	0	156	step_2_no_load	5	6	0.368378667812	0.734436160799	5	1011	1	
291	0	157	step_1_no_load	1	2	2	357	
291	0	157	step_2_no_load	5	6	0.324728201487	0.720725456325	5	663	1	
291	0	158	step_1_no_load	1	2	2	260	
291	0	158	step_2_no_load	5	6	0.334595868098	0.694270715354	5	756	0	
291	0	159	step_1_no_load	1	2	2	291	
291	0	159	step_2_no_load	5	6	0.321150411254	0.697903160072	6	367	1	
291	0	160	step_1_no_load	1	2	2	549	
291	0	160	step_2_no_load	5	6	0.355992626298	0.710728171711	6	371	0	
291	0	161	step_1_no_load	1	2	2	529	
291	0	161	step_2_no_load	5	6	0.438878285506	0.719896286569	5	395	0	
291	0	162	step_1_no_load	1	2	2	344	
291	0	162	step_2_no_load	5	6	0.455329532209	0.695144769903	5	500	1	
291	0	163	step_1_no_load	1	2	2	302	
291	0	163	step_2_no_load	3	4	0.395221309311	0.5863391277	4	382	1	
291	0	164	step_1_no_load	1	2	2	430	
291	0	164	step_2_no_load	5	6	0.430844125626	0.692137394606	5	792	0	
291	0	165	step_1_no_load	1	2	2	313	
291	0	165	step_2_no_load	5	6	0.347974240867	0.717506143195	5	454	1	
291	0	166	step_1_no_load	1	2	1	433	
291	0	166	step_2_no_load	5	6	0.356317216644	0.686594248975	5	558	1	
291	0	167	step_1_no_load	1	2	1	236	
291	0	167	step_2_no_load	3	4	0.38753671275	0.585131062446	4	727	1	
291	0	168	step_1_no_load	1	2	1	308	
291	0	168	step_2_no_load	3	4	0.400817642375	0.613361520676	4	499	0	
291	0	169	step_1_no_load	1	2	1	285	
291	0	169	step_2_no_load	3	4	0.42098542374	0.586049140041	3	524	1	
291	0	170	step_1_no_load	1	2	1	336	
291	0	170	step_2_no_load	3	4	0.411067820436	0.57151385403	3	615	0	
291	0	171	step_1_no_load	1	2	1	296	
291	0	171	step_2_no_load	3	4	0.386979310814	0.553314431843	4	466	0	
291	0	172	step_1_no_load	1	2	2	286	
291	0	172	step_2_no_load	3	4	0.363617002148	0.519090471457	3	570	1	
291	0	173	step_1_no_load	1	2	2	324	
291	0	173	step_2_no_load	3	4	0.385349297983	0.484428109849	4	913	0	
291	0	174	step_1_no_load	1	2	2	254	
291	0	174	step_2_no_load	5	6	0.46236234172	0.729877433725	5	632	0	
291	0	175	step_1_no_load	1	2	2	208	
291	0	175	step_2_no_load	5	6	0.484825491933	0.693968268443	6	496	1	
291	0	176	step_1_no_load	1	2	2	237	
291	0	176	step_2_no_load	5	6	0.500856457218	0.679250000396	6	364	1	
291	0	177	step_1_no_load	1	2	2	246	
291	0	177	step_2_no_load	5	6	0.4798184927	0.714070205704	6	382	0	
291	0	178	step_1_no_load	1	2	2	278	
291	0	178	step_2_no_load	3	4	0.36473828006	0.493712351915	3	569	0	
291	0	179	step_1_no_load	1	2	2	228	
291	0	179	step_2_no_load	5	6	0.493565996034	0.709345707515	5	1224	0	
291	0	180	step_1_no_load	1	2	2	194	
291	0	180	step_2_no_load	5	6	0.489345734128	0.719795072986	6	954	1	
291	0	181	step_1_no_load	1	2	2	198	
291	0	181	step_2_no_load	5	6	0.480141179559	0.746910336326	6	930	1	
291	0	182	step_1_no_load	1	2	2	222	
291	0	182	step_2_no_load	5	6	0.49907747228	0.72717560423	6	598	0	
291	0	183	step_1_no_load	1	2	2	342	
291	0	183	step_2_no_load	5	6	0.492742497507	0.720388040749	5	345	0	
291	0	184	step_1_no_load	1	2	2	354	
291	0	184	step_2_no_load	5	6	0.480863422096	0.657291439324	5	441	1	
291	0	185	step_1_no_load	1	2	2	332	
291	0	185	step_2_no_load	5	6	0.482228039858	0.665622647081	5	632	1	
291	0	186	step_1_no_load	1	2	2	259	
291	0	186	step_2_no_load	3	4	0.332733011923	0.46870859828	3	864	0	
291	0	187	step_1_no_load	1	2	2	221	
291	0	187	step_2_no_load	3	4	0.328890769988	0.443962917772	4	389	0	
291	0	188	step_1_no_load	1	2	2	269	
291	0	188	step_2_no_load	3	4	0.291508050861	0.471319680586	4	735	0	
291	0	189	step_1_no_load	1	2	2	241	
291	0	189	step_2_no_load	5	6	0.534753756004	0.688353284054	5	615	1	
291	0	190	step_1_no_load	1	2	2	201	
291	0	190	step_2_no_load	5	6	0.505820429042	0.667655825994	5	539	1	
291	0	191	step_1_no_load	1	2	2	322	
291	0	191	step_2_no_load	5	6	0.512103523931	0.664271461991	5	377	1	
291	0	192	step_1_no_load	1	2	2	322	
291	0	192	step_2_no_load	5	6	0.493851022417	0.705517419189	5	379	1	
291	0	193	step_1_no_load	1	2	2	250	
291	0	193	step_2_no_load	3	4	0.321008037746	0.440813209638	4	528	0	
291	0	194	step_1_no_load	1	2	2	311	
291	0	194	step_2_no_load	5	6	0.505359594715	0.655261361454	5	531	0	
291	0	195	step_1_no_load	1	2	1	507	
291	0	195	step_2_no_load	5	6	0.494102184238	0.646280688878	6	400	1	
291	0	196	step_1_no_load	1	2	1	342	
291	0	196	step_2_no_load	5	6	0.496717662777	0.695101215304	6	398	1	
291	0	197	step_1_no_load	1	2	1	252	
291	0	197	step_2_no_load	5	6	0.47786945426	0.686552522522	6	650	1	
291	0	198	step_1_no_load	1	2	1	339	
291	0	198	step_2_no_load	3	4	0.303352625941	0.397292432346	3	1146	0	
291	0	199	step_1_no_load	1	2	2	389	
291	0	199	step_2_no_load	5	6	0.529438031858	0.73697129762	6	401	1	
291	0	200	step_1_no_load	1	2	2	215	
291	0	200	step_2_no_load	3	4	0.299128796668	0.372436949782	3	581	1	

Fri Jul  3 15:14:31 2020
