Mon Jul  6 14:15:19 2020	
292	0	1	step_1_no_load	1	2	1	896	
292	0	1	step_2_no_load	3	4	0.594299910136	0.457620150462	3	604	0	
292	0	2	step_1_no_load	1	2	1	265	
292	0	2	step_2_no_load	3	4	0.610961032466	0.474613197709	3	323	1	
292	0	3	step_1_no_load	1	2	1	233	
292	0	3	step_2_no_load	5	6	0.516002945397	0.584197065669	5	731	1	
292	0	4	step_1_no_load	1	2	1	262	
292	0	4	step_2_no_load	3	4	0.564086293706	0.478607661228	3	534	1	
292	0	5	step_1_no_load	1	2	1	220	
292	0	5	step_2_no_load	5	6	0.543908521457	0.623810210114	5	581	1	
292	0	6	step_1_no_load	1	2	1	315	
292	0	6	step_2_no_load	5	6	0.490454120702	0.585722686883	5	635	1	
292	0	7	step_1_no_load	1	2	1	373	
292	0	7	step_2_no_load	3	4	0.622642364361	0.500071913476	3	524	1	
292	0	8	step_1_no_load	1	2	1	305	
292	0	8	step_2_no_load	5	6	0.499203529332	0.59128639594	5	321	0	
292	0	9	step_1_no_load	1	2	1	485	
292	0	9	step_2_no_load	3	4	0.641106877158	0.496546708465	3	774	1	
292	0	10	step_1_no_load	1	2	1	276	
292	0	10	step_2_no_load	3	4	0.636063269715	0.482364178155	3	489	1	
292	0	11	step_1_no_load	1	2	1	520	
292	0	11	step_2_no_load	5	6	0.59022801242	0.69163818036	6	792	1	
292	0	12	step_1_no_load	1	2	1	634	
292	0	12	step_2_no_load	3	4	0.552770607849	0.48457206759	3	753	1	
292	0	13	step_1_no_load	1	2	1	498	
292	0	13	step_2_no_load	3	4	0.558313135925	0.52012981853	3	483	0	
292	0	14	step_1_no_load	1	2	1	337	
292	0	14	step_2_no_load	3	4	0.545555696267	0.491234392147	3	939	0	
292	0	15	step_1_no_load	1	2	1	575	
292	0	15	step_2_no_load	3	4	0.570419113221	0.505377237737	4	1008	1	
292	0	16	step_1_no_load	1	2	1	377	
292	0	16	step_2_no_load	5	6	0.626326396372	0.628091198119	-1	-1	-1	
292	0	17	step_1_no_load	1	2	1	313	
292	0	17	step_2_no_load	5	6	0.643116883134	0.633350170016	6	498	1	
292	0	18	step_1_no_load	1	2	1	367	
292	0	18	step_2_no_load	3	4	0.553554620302	0.517514133912	3	642	0	
292	0	19	step_1_no_load	1	2	1	289	
292	0	19	step_2_no_load	5	6	0.644773170243	0.619895761657	6	677	1	
292	0	20	step_1_no_load	1	2	1	339	
292	0	20	step_2_no_load	5	6	0.60665343963	0.636521555122	6	295	0	
292	0	21	step_1_no_load	1	2	1	306	
292	0	21	step_2_no_load	3	4	0.470207377245	0.49769376036	4	708	1	
292	0	22	step_1_no_load	1	2	1	298	
292	0	22	step_2_no_load	5	6	0.618527126547	0.621949894727	5	654	0	
292	0	23	step_1_no_load	1	2	1	319	
292	0	23	step_2_no_load	3	4	0.513759772011	0.520606588181	4	812	1	
292	0	24	step_1_no_load	1	2	1	296	
292	0	24	step_2_no_load	5	6	0.5800912085	0.582115115688	5	728	1	
292	0	25	step_1_no_load	1	2	1	361	
292	0	25	step_2_no_load	3	4	0.503605105412	0.503316372362	4	745	1	
292	0	26	step_1_no_load	1	2	1	286	
292	0	26	step_2_no_load	3	4	0.532884212818	0.511744353778	4	947	0	
292	0	27	step_1_no_load	1	2	1	505	
292	0	27	step_2_no_load	5	6	0.642144756622	0.57860777711	5	1072	1	
292	0	28	step_1_no_load	1	2	1	352	
292	0	28	step_2_no_load	3	4	0.553259388875	0.520177259699	4	585	1	
292	0	29	step_1_no_load	1	2	1	542	
292	0	29	step_2_no_load	3	4	0.561957580386	0.521159009103	4	971	1	
292	0	30	step_1_no_load	1	2	1	511	
292	0	30	step_2_no_load	3	4	0.574272497114	0.4919199548	4	951	1	
292	0	31	step_1_no_load	1	2	1	301	
292	0	31	step_2_no_load	3	4	0.541819886458	0.483156722265	4	776	1	
292	0	32	step_1_no_load	1	2	1	291	
292	0	32	step_2_no_load	5	6	0.605616211083	0.634585171267	5	1027	0	
292	0	33	step_1_no_load	1	2	1	277	
292	0	33	step_2_no_load	5	6	0.618000238621	0.611700032906	6	508	1	
292	0	34	step_1_no_load	1	2	1	538	
292	0	34	step_2_no_load	3	4	0.538523758058	0.454565258478	4	550	0	
292	0	35	step_1_no_load	1	2	1	329	
292	0	35	step_2_no_load	3	4	0.594167768198	0.491437207585	3	1121	1	
292	0	36	step_1_no_load	1	2	1	257	
292	0	36	step_2_no_load	3	4	0.611274573488	0.513210053121	3	450	1	
292	0	37	step_1_no_load	1	2	1	266	
292	0	37	step_2_no_load	5	6	0.660658056664	0.513822304161	5	937	1	
292	0	38	step_1_no_load	1	2	1	389	
292	0	38	step_2_no_load	5	6	0.651263699161	0.539078491643	5	459	0	
292	0	39	step_1_no_load	1	2	1	332	
292	0	39	step_2_no_load	3	4	0.610601635554	0.578640235206	3	968	0	
292	0	40	step_1_no_load	1	2	1	258	
292	0	40	step_2_no_load	5	6	0.636994900683	0.580760785074	5	445	0	
292	0	41	step_1_no_load	1	2	1	629	
292	0	41	step_2_no_load	5	6	0.633285941184	0.524862294848	6	612	0	
292	0	42	step_1_no_load	1	2	2	300	
292	0	42	step_2_no_load	5	6	0.606696263624	0.533857158543	6	663	1	
292	0	43	step_1_no_load	1	2	2	344	
292	0	43	step_2_no_load	5	6	0.581931546759	0.553703096215	6	648	1	
292	0	44	step_1_no_load	1	2	2	423	
292	0	44	step_2_no_load	5	6	0.589653131867	0.541854396676	6	386	1	
292	0	45	step_1_no_load	1	2	2	246	
292	0	45	step_2_no_load	5	6	0.620699591043	0.579346234508	6	304	0	
292	0	46	step_1_no_load	1	2	2	294	
292	0	46	step_2_no_load	5	6	0.654261318712	0.55511883717	6	324	1	
292	0	47	step_1_no_load	1	2	2	302	
292	0	47	step_2_no_load	5	6	0.634373567175	0.546259467838	6	328	1	
292	0	48	step_1_no_load	1	2	2	253	
292	0	48	step_2_no_load	5	6	0.657624935632	0.534690828011	6	256	1	
292	0	49	step_1_no_load	1	2	2	414	
292	0	49	step_2_no_load	5	6	0.614679490594	0.512405963374	6	335	0	
292	0	50	step_1_no_load	1	2	2	243	
292	0	50	step_2_no_load	3	4	0.606862017918	0.47381367271	4	244	0	
292	0	51	step_1_no_load	1	2	2	211	
292	0	51	step_2_no_load	5	6	0.613357430892	0.508197321577	6	391	0	
292	0	52	step_1_no_load	1	2	2	209	
292	0	52	step_2_no_load	5	6	0.613408921915	0.513589895419	5	381	0	
292	0	53	step_1_no_load	1	2	1	244	
292	0	53	step_2_no_load	3	4	0.551457882502	0.451905460347	3	381	0	
292	0	54	step_1_no_load	1	2	1	332	
292	0	54	step_2_no_load	5	6	0.652515308527	0.493362545513	5	224	1	
292	0	55	step_1_no_load	1	2	1	356	
292	0	55	step_2_no_load	5	6	0.639840796975	0.526704292526	5	362	1	
292	0	56	step_1_no_load	1	2	1	252	
292	0	56	step_2_no_load	3	4	0.601856598146	0.459773408493	3	287	0	
292	0	57	step_1_no_load	1	2	1	177	
292	0	57	step_2_no_load	3	4	0.641849303307	0.466449077359	3	299	0	
292	0	58	step_1_no_load	1	2	1	311	
292	0	58	step_2_no_load	3	4	0.664682809182	0.478335218822	4	472	0	
292	0	59	step_1_no_load	1	2	1	282	
292	0	59	step_2_no_load	3	4	0.632500293208	0.480274332693	4	437	1	
292	0	60	step_1_no_load	1	2	1	347	
292	0	60	step_2_no_load	3	4	0.623687406259	0.491916707098	4	318	0	
292	0	61	step_1_no_load	1	2	1	252	
292	0	61	step_2_no_load	3	4	0.669587072502	0.464268875813	3	360	1	
292	0	62	step_1_no_load	1	2	1	289	
292	0	62	step_2_no_load	5	6	0.622820395113	0.533031417444	6	1075	1	
292	0	63	step_1_no_load	1	2	1	229	
292	0	63	step_2_no_load	3	4	0.664284493458	0.53192660365	3	383	1	
292	0	64	step_1_no_load	1	2	1	175	
292	0	64	step_2_no_load	3	4	0.642369708469	0.555062911513	3	387	1	
292	0	65	step_1_no_load	1	2	1	327	
292	0	65	step_2_no_load	3	4	0.612660225018	0.569109504048	3	388	1	
292	0	66	step_1_no_load	1	2	1	269	
292	0	66	step_2_no_load	3	4	0.606938648072	0.573761869714	3	464	0	
292	0	67	step_1_no_load	1	2	2	264	
292	0	67	step_2_no_load	5	6	0.674463681351	0.538279387614	6	300	0	
292	0	68	step_1_no_load	1	2	1	1173	
292	0	68	step_2_no_load	3	4	0.622963076372	0.509127161919	3	695	1	
292	0	69	step_1_no_load	1	2	1	202	
292	0	69	step_2_no_load	5	6	0.718756538957	0.560462111264	5	259	1	
292	0	70	step_1_no_load	1	2	1	269	
292	0	70	step_2_no_load	3	4	0.637556284465	0.498834901463	3	312	1	
292	0	71	step_1_no_load	1	2	1	265	
292	0	71	step_2_no_load	3	4	0.639174917797	0.482863323776	3	277	1	
292	0	72	step_1_no_load	1	2	1	228	
292	0	72	step_2_no_load	3	4	0.626024641967	0.47409116389	3	212	0	
292	0	73	step_1_no_load	1	2	1	186	
292	0	73	step_2_no_load	5	6	0.727961155836	0.50185699984	5	185	1	
292	0	74	step_1_no_load	1	2	1	257	
292	0	74	step_2_no_load	3	4	0.614462146454	0.453420386428	3	303	0	
292	0	75	step_1_no_load	1	2	2	315	
292	0	75	step_2_no_load	5	6	0.697629587097	0.483983914712	5	492	1	
292	0	76	step_1_no_load	1	2	2	230	
292	0	76	step_2_no_load	5	6	0.690117652944	0.518881389358	5	391	1	
292	0	77	step_1_no_load	1	2	2	253	
292	0	77	step_2_no_load	5	6	0.679737625371	0.538119616568	5	264	1	
292	0	78	step_1_no_load	1	2	2	305	
292	0	78	step_2_no_load	5	6	0.647586191228	0.538654072849	5	451	1	
292	0	79	step_1_no_load	1	2	2	212	
292	0	79	step_2_no_load	3	4	0.513695512795	0.389124152368	3	286	0	
292	0	80	step_1_no_load	1	2	2	409	
292	0	80	step_2_no_load	5	6	0.703969305517	0.49921021142	5	402	0	
292	0	81	step_1_no_load	1	2	1	293	
292	0	81	step_2_no_load	3	4	0.529745690463	0.419265522488	4	336	0	
292	0	82	step_1_no_load	1	2	1	371	
292	0	82	step_2_no_load	3	4	0.564729328387	0.395813831323	4	347	0	
292	0	83	step_1_no_load	1	2	2	264	
292	0	83	step_2_no_load	3	4	0.607907985871	0.382772464038	4	274	1	
292	0	84	step_1_no_load	1	2	2	283	
292	0	84	step_2_no_load	5	6	0.731466635793	0.505586222209	6	519	1	
292	0	85	step_1_no_load	1	2	2	212	
292	0	85	step_2_no_load	5	6	0.712989604416	0.485785534744	6	215	0	
292	0	86	step_1_no_load	1	2	2	265	
292	0	86	step_2_no_load	3	4	0.691782850001	0.345323068124	4	213	0	
292	0	87	step_1_no_load	1	2	1	259	
292	0	87	step_2_no_load	3	4	0.719375344246	0.40000499778	3	350	1	
292	0	88	step_1_no_load	1	2	1	188	
292	0	88	step_2_no_load	3	4	0.717410082358	0.377947492322	3	244	1	
292	0	89	step_1_no_load	1	2	1	235	
292	0	89	step_2_no_load	3	4	0.690772436485	0.415882489686	3	137	0	
292	0	90	step_1_no_load	1	2	2	305	
292	0	90	step_2_no_load	5	6	0.688736868033	0.530126112124	5	238	0	
292	0	91	step_1_no_load	1	2	2	236	
292	0	91	step_2_no_load	5	6	0.657820521772	0.479087223222	6	365	1	
292	0	92	step_1_no_load	1	2	2	286	
292	0	92	step_2_no_load	3	4	0.692406274724	0.444368850664	4	77	0	
292	0	93	step_1_no_load	1	2	2	337	
292	0	93	step_2_no_load	3	4	0.70415710998	0.439878153082	4	310	0	
292	0	94	step_1_no_load	1	2	2	283	
292	0	94	step_2_no_load	5	6	0.668295023896	0.468637558205	6	229	1	
292	0	95	step_1_no_load	1	2	2	273	
292	0	95	step_2_no_load	5	6	0.640209855442	0.42505578884	6	355	0	
292	0	96	step_1_no_load	1	2	2	236	
292	0	96	step_2_no_load	3	4	0.693739812506	0.383038640121	4	342	0	
292	0	97	step_1_no_load	1	2	1	315	
292	0	97	step_2_no_load	3	4	0.681272614291	0.392885664353	3	986	0	
292	0	98	step_1_no_load	1	2	1	237	
292	0	98	step_2_no_load	5	6	0.646040060297	0.431479829356	6	964	0	
292	0	99	step_1_no_load	1	2	2	231	
292	0	99	step_2_no_load	5	6	0.645191748454	0.375249961522	5	371	1	
292	0	100	step_1_no_load	1	2	2	373	
292	0	100	step_2_no_load	5	6	0.66579920021	0.363162156005	5	389	1	
292	0	101	step_1_no_load	1	2	2	210	
292	0	101	step_2_no_load	5	6	0.655903528958	0.366879421891	5	603	1	
292	0	102	step_1_no_load	1	2	2	315	
292	0	102	step_2_no_load	3	4	0.666304534392	0.494584754513	3	392	1	
292	0	103	step_1_no_load	1	2	2	305	
292	0	103	step_2_no_load	5	6	0.69058998368	0.322834495838	5	267	0	
292	0	104	step_1_no_load	1	2	1	176	
292	0	104	step_2_no_load	5	6	0.743372642809	0.303696146503	5	196	0	
292	0	105	step_1_no_load	1	2	1	359	
292	0	105	step_2_no_load	3	4	0.689135357059	0.514318365187	3	415	1	
292	0	106	step_1_no_load	1	2	1	203	
292	0	106	step_2_no_load	3	4	0.712883638252	0.508908032404	3	254	1	
292	0	107	step_1_no_load	1	2	1	329	
292	0	107	step_2_no_load	5	6	0.677514185929	0.388257337796	5	238	1	
292	0	108	step_1_no_load	1	2	1	107	
292	0	108	step_2_no_load	3	4	0.695928523711	0.526955028982	3	400	1	
292	0	109	step_1_no_load	1	2	1	0	
292	0	109	step_2_no_load	3	4	0.71632547018	0.479977531501	3	226	1	
292	0	110	step_1_no_load	1	2	1	369	
292	0	110	step_2_no_load	5	6	0.65455226558	0.395544455384	5	240	0	
292	0	111	step_1_no_load	1	2	2	289	
292	0	111	step_2_no_load	3	4	0.724852671171	0.384948378665	3	104	1	
292	0	112	step_1_no_load	1	2	1	289	
292	0	112	step_2_no_load	5	6	0.635252945963	0.413393106784	6	770	0	
292	0	113	step_1_no_load	1	2	1	64	
292	0	113	step_2_no_load	3	4	0.719324307956	0.370697120277	3	365	1	
292	0	114	step_1_no_load	1	2	1	344	
292	0	114	step_2_no_load	3	4	0.718213323791	0.380324086676	3	388	0	
292	0	115	step_1_no_load	1	2	1	741	
292	0	115	step_2_no_load	3	4	0.739704344621	0.390027643099	3	430	1	
292	0	116	step_1_no_load	1	2	1	323	
292	0	116	step_2_no_load	3	4	0.706736514943	0.378149844807	3	427	1	
292	0	117	step_1_no_load	1	2	1	245	
292	0	117	step_2_no_load	3	4	0.747012267642	0.374621793791	3	205	0	
292	0	118	step_1_no_load	1	2	1	218	
292	0	118	step_2_no_load	3	4	0.740051715856	0.357645851833	3	223	0	
292	0	119	step_1_no_load	1	2	2	213	
292	0	119	step_2_no_load	5	6	0.661177321751	0.358243439099	6	524	1	
292	0	120	step_1_no_load	1	2	2	299	
292	0	120	step_2_no_load	3	4	0.70587238626	0.370150243662	4	216	0	
292	0	121	step_1_no_load	1	2	2	0	
292	0	121	step_2_no_load	5	6	0.671052306195	0.310775244958	6	259	1	
292	0	122	step_1_no_load	1	2	2	250	
292	0	122	step_2_no_load	5	6	0.672193618854	0.266650857402	6	276	1	
292	0	123	step_1_no_load	1	2	2	409	
292	0	123	step_2_no_load	3	4	0.583607229978	0.337526896345	4	314	1	
292	0	124	step_1_no_load	1	2	2	320	
292	0	124	step_2_no_load	5	6	0.624161788269	0.26095206597	6	318	0	
292	0	125	step_1_no_load	1	2	2	226	
292	0	125	step_2_no_load	5	6	0.633566302563	0.290374841566	6	315	1	
292	0	126	step_1_no_load	1	2	2	179	
292	0	126	step_2_no_load	3	4	0.537863824328	0.300846667696	3	1245	0	
292	0	127	step_1_no_load	1	2	2	285	
292	0	127	step_2_no_load	3	4	0.560824094575	0.274944938508	3	1158	1	
292	0	128	step_1_no_load	1	2	2	285	
292	0	128	step_2_no_load	5	6	0.620672334996	0.260252451606	6	370	0	
292	0	129	step_1_no_load	1	2	1	389	
292	0	129	step_2_no_load	3	4	0.685297910719	0.271709703542	3	292	1	
292	0	130	step_1_no_load	1	2	1	269	
292	0	130	step_2_no_load	3	4	0.682031489739	0.274560758494	3	238	1	
292	0	131	step_1_no_load	1	2	1	378	
292	0	131	step_2_no_load	3	4	0.678044920845	0.311475039155	3	292	1	
292	0	132	step_1_no_load	1	2	1	337	
292	0	132	step_2_no_load	3	4	0.668578020634	0.315328810424	3	320	0	
292	0	133	step_1_no_load	1	2	1	300	
292	0	133	step_2_no_load	3	4	0.617383991623	0.312642735495	4	304	1	
292	0	134	step_1_no_load	1	2	1	288	
292	0	134	step_2_no_load	3	4	0.621945110858	0.302839427162	4	293	0	
292	0	135	step_1_no_load	1	2	1	728	
292	0	135	step_2_no_load	5	6	0.700779221781	0.300079459047	5	657	1	
292	0	136	step_1_no_load	1	2	1	259	
292	0	136	step_2_no_load	3	4	0.597814413435	0.284521085726	3	232	1	
292	0	137	step_1_no_load	1	2	1	247	
292	0	137	step_2_no_load	3	4	0.605896884497	0.325016613024	3	440	1	
292	0	138	step_1_no_load	1	2	1	283	
292	0	138	step_2_no_load	5	6	0.688182193337	0.366701525561	5	123	0	
292	0	139	step_1_no_load	1	2	1	251	
292	0	139	step_2_no_load	3	4	0.636630981281	0.323660750961	3	415	1	
292	0	140	step_1_no_load	1	2	1	318	
292	0	140	step_2_no_load	5	6	0.637682840728	0.348740542008	6	778	1	
292	0	141	step_1_no_load	1	2	1	266	
292	0	141	step_2_no_load	5	6	0.616803346728	0.390227133375	6	753	0	
292	0	142	step_1_no_load	1	2	1	288	
292	0	142	step_2_no_load	3	4	0.690276058009	0.304203281606	3	386	1	
292	0	143	step_1_no_load	1	2	1	491	
292	0	143	step_2_no_load	3	4	0.661365099615	0.313516825296	3	499	1	
292	0	144	step_1_no_load	1	2	1	399	
292	0	144	step_2_no_load	3	4	0.626443722248	0.275932517017	3	512	0	
292	0	145	step_1_no_load	1	2	1	96	
292	0	145	step_2_no_load	3	4	0.6669125229	0.266265924094	3	366	1	
292	0	146	step_1_no_load	1	2	1	257	
292	0	146	step_2_no_load	3	4	0.681611991725	0.257861956214	3	251	1	
292	0	147	step_1_no_load	1	2	1	423	
292	0	147	step_2_no_load	5	6	0.594861186319	0.352879785946	5	364	0	
292	0	148	step_1_no_load	1	2	1	1	
292	0	148	step_2_no_load	3	4	0.619272702026	0.305288021243	3	275	0	
292	0	149	step_1_no_load	1	2	1	306	
292	0	149	step_2_no_load	3	4	0.601870110183	0.269951834184	3	400	1	
292	0	150	step_1_no_load	1	2	1	395	
292	0	150	step_2_no_load	3	4	0.575985663078	0.305587692243	3	248	1	
292	0	151	step_1_no_load	1	2	1	314	
292	0	151	step_2_no_load	3	4	0.59154759351	0.348172164421	3	237	1	
292	0	152	step_1_no_load	1	2	1	238	
292	0	152	step_2_no_load	3	4	0.595108765344	0.307702500543	3	236	0	
292	0	153	step_1_no_load	1	2	1	234	
292	0	153	step_2_no_load	5	6	0.681559292085	0.343622632154	5	232	0	
292	0	154	step_1_no_load	1	2	1	258	
292	0	154	step_2_no_load	3	4	0.638934099562	0.316375537537	3	219	1	
292	0	155	step_1_no_load	1	2	1	257	
292	0	155	step_2_no_load	3	4	0.632486591889	0.296093457977	3	594	1	
292	0	156	step_1_no_load	1	2	1	256	
292	0	156	step_2_no_load	3	4	0.631048201903	0.32564867104	3	209	0	
292	0	157	step_1_no_load	1	2	1	249	
292	0	157	step_2_no_load	3	4	0.585191807512	0.350909357271	3	367	0	
292	0	158	step_1_no_load	1	2	2	44	
292	0	158	step_2_no_load	5	6	0.694270715354	0.334595868098	6	264	0	
292	0	159	step_1_no_load	1	2	2	375	
292	0	159	step_2_no_load	3	4	0.541222065796	0.413026375257	4	220	1	
292	0	160	step_1_no_load	1	2	1	344	
292	0	160	step_2_no_load	5	6	0.710728171711	0.355992626298	6	211	1	
292	0	161	step_1_no_load	1	2	1	241	
292	0	161	step_2_no_load	3	4	0.516036498158	0.407025633682	4	660	1	
292	0	162	step_1_no_load	1	2	1	311	
292	0	162	step_2_no_load	3	4	0.566496468084	0.3926701003	4	398	1	
292	0	163	step_1_no_load	1	2	1	321	
292	0	163	step_2_no_load	3	4	0.5863391277	0.395221309311	4	421	1	
292	0	164	step_1_no_load	1	2	1	339	
292	0	164	step_2_no_load	3	4	0.585961845322	0.432761720497	4	497	0	
292	0	165	step_1_no_load	1	2	1	200	
292	0	165	step_2_no_load	3	4	0.538026607649	0.463777557969	4	265	0	
292	0	166	step_1_no_load	1	2	2	79	
292	0	166	step_2_no_load	5	6	0.686594248975	0.356317216644	6	120	0	
292	0	167	step_1_no_load	1	2	2	224	
292	0	167	step_2_no_load	5	6	0.706271792549	0.331115714939	5	194	1	
292	0	168	step_1_no_load	1	2	2	224	
292	0	168	step_2_no_load	5	6	0.67192508984	0.335777599654	5	363	0	
292	0	169	step_1_no_load	1	2	1	234	
292	0	169	step_2_no_load	3	4	0.586049140041	0.42098542374	3	863	1	
292	0	170	step_1_no_load	1	2	1	319	
292	0	170	step_2_no_load	5	6	0.67334314737	0.364989630435	5	242	1	
292	0	171	step_1_no_load	1	2	1	215	
292	0	171	step_2_no_load	3	4	0.553314431843	0.386979310814	3	193	0	
292	0	172	step_1_no_load	1	2	1	453	
292	0	172	step_2_no_load	5	6	0.668669556875	0.490120307546	5	300	0	
292	0	173	step_1_no_load	1	2	1	220	
292	0	173	step_2_no_load	3	4	0.484428109849	0.385349297983	3	216	0	
292	0	174	step_1_no_load	1	2	1	351	
292	0	174	step_2_no_load	5	6	0.729877433725	0.46236234172	6	843	1	
292	0	175	step_1_no_load	1	2	1	267	
292	0	175	step_2_no_load	3	4	0.52644949356	0.426185553904	4	513	1	
292	0	176	step_1_no_load	1	2	1	359	
292	0	176	step_2_no_load	3	4	0.474046874473	0.383231572002	4	680	0	
292	0	177	step_1_no_load	1	2	2	215	
292	0	177	step_2_no_load	5	6	0.714070205704	0.4798184927	6	213	0	
292	0	178	step_1_no_load	1	2	2	289	
292	0	178	step_2_no_load	5	6	0.705993797498	0.49020858644	6	369	0	
292	0	179	step_1_no_load	1	2	2	34	
292	0	179	step_2_no_load	3	4	0.457298770028	0.324685418097	3	204	1	
292	0	180	step_1_no_load	1	2	2	295	
292	0	180	step_2_no_load	3	4	0.482853857291	0.341214611607	3	96	1	
292	0	181	step_1_no_load	1	2	1	301	
292	0	181	step_2_no_load	3	4	0.508735114046	0.342402764747	3	375	0	
292	0	182	step_1_no_load	1	2	1	235	
292	0	182	step_2_no_load	3	4	0.506773281362	0.340533666308	3	366	1	
292	0	183	step_1_no_load	1	2	1	361	
292	0	183	step_2_no_load	3	4	0.502991759047	0.350175837802	3	371	0	
292	0	184	step_1_no_load	1	2	1	368	
292	0	184	step_2_no_load	3	4	0.460890977786	0.362743255194	3	463	0	
292	0	185	step_1_no_load	1	2	2	0	
292	0	185	step_2_no_load	5	6	0.665622647081	0.482228039858	5	466	1	
292	0	186	step_1_no_load	1	2	2	349	
292	0	186	step_2_no_load	3	4	0.46870859828	0.332733011923	3	222	0	
292	0	187	step_1_no_load	1	2	2	844	
292	0	187	step_2_no_load	5	6	0.678211978625	0.498596507669	5	367	1	
292	0	188	step_1_no_load	1	2	2	375	
292	0	188	step_2_no_load	5	6	0.696362660087	0.548350535247	5	260	0	
292	0	189	step_1_no_load	1	2	2	236	
292	0	189	step_2_no_load	5	6	0.688353284054	0.534753756004	6	58	0	
292	0	190	step_1_no_load	1	2	1	219	
292	0	190	step_2_no_load	5	6	0.667655825994	0.505820429042	5	923	0	
292	0	191	step_1_no_load	1	2	1	347	
292	0	191	step_2_no_load	3	4	0.435748387321	0.318839908867	3	247	1	
292	0	192	step_1_no_load	1	2	1	646	
292	0	192	step_2_no_load	3	4	0.450791310283	0.299297135717	3	388	0	
292	0	193	step_1_no_load	1	2	1	228	
292	0	193	step_2_no_load	3	4	0.440813209638	0.321008037746	3	645	0	
292	0	194	step_1_no_load	1	2	1	250	
292	0	194	step_2_no_load	5	6	0.655261361454	0.505359594715	6	929	1	
292	0	195	step_1_no_load	1	2	2	262	
292	0	195	step_2_no_load	5	6	0.646280688878	0.494102184238	6	227	0	
292	0	196	step_1_no_load	1	2	2	485	
292	0	196	step_2_no_load	5	6	0.695101215304	0.496717662777	6	244	0	
292	0	197	step_1_no_load	1	2	1	291	
292	0	197	step_2_no_load	5	6	0.686552522522	0.47786945426	6	375	1	
292	0	198	step_1_no_load	1	2	1	442	
292	0	198	step_2_no_load	3	4	0.397292432346	0.303352625941	3	972	1	
292	0	199	step_1_no_load	1	2	2	55	
292	0	199	step_2_no_load	3	4	0.39793773834	0.292861528884	4	242	0	
292	0	200	step_1_no_load	1	2	2	311	
292	0	200	step_2_no_load	3	4	0.372436949782	0.299128796668	3	709	1	

Mon Jul  6 14:34:59 2020
