Tue Jul  7 13:54:14 2020	
293	0	1	step_1_no_load	1	2	-1	-1	
293	0	2	step_1_no_load	1	2	1	408	
293	0	2	step_2_no_load	3	4	0.533203491871	0.580156942153	-1	-1	-1	
293	0	3	step_1_no_load	1	2	1	381	
293	0	3	step_2_no_load	3	4	0.516002945397	0.584197065669	3	522	0	
293	0	4	step_1_no_load	1	2	1	617	
293	0	4	step_2_no_load	3	4	0.494597764192	0.597491569846	4	671	0	
293	0	5	step_1_no_load	1	2	1	1489	
293	0	5	step_2_no_load	3	4	0.543908521457	0.623810210114	3	1315	1	
293	0	6	step_1_no_load	1	2	1	577	
293	0	6	step_2_no_load	3	4	0.490454120702	0.585722686883	3	465	1	
293	0	7	step_1_no_load	1	2	1	448	
293	0	7	step_2_no_load	5	6	0.622642364361	0.500071913476	5	359	0	
293	0	8	step_1_no_load	1	2	1	729	
293	0	8	step_2_no_load	3	4	0.499203529332	0.59128639594	3	1388	0	
293	0	9	step_1_no_load	1	2	2	672	
293	0	9	step_2_no_load	3	4	0.54429228266	0.598049061473	-1	-1	-1	
293	0	10	step_1_no_load	1	2	2	425	
293	0	10	step_2_no_load	3	4	0.576063520885	0.652626043146	3	701	1	
293	0	11	step_1_no_load	1	2	1	859	
293	0	11	step_2_no_load	3	4	0.59022801242	0.69163818036	3	970	1	
293	0	12	step_1_no_load	1	2	1	535	
293	0	12	step_2_no_load	3	4	0.597131918027	0.682786328054	3	1122	0	
293	0	13	step_1_no_load	1	2	1	776	
293	0	13	step_2_no_load	3	4	0.595790490356	0.653587098421	3	792	1	
293	0	14	step_1_no_load	1	2	2	879	
293	0	14	step_2_no_load	5	6	0.545555696267	0.491234392147	-1	-1	-1	
293	0	15	step_1_no_load	1	2	2	512	
293	0	15	step_2_no_load	5	6	0.570419113221	0.505377237737	5	214	1	
293	0	16	step_1_no_load	1	2	2	375	
293	0	16	step_2_no_load	3	4	0.626326396372	0.628091198119	3	872	0	
293	0	17	step_1_no_load	1	2	2	615	
293	0	17	step_2_no_load	5	6	0.562895132605	0.535958400205	5	475	1	
293	0	18	step_1_no_load	1	2	2	531	
293	0	18	step_2_no_load	5	6	0.553554620302	0.517514133912	5	661	1	
293	0	19	step_1_no_load	1	2	2	513	
293	0	19	step_2_no_load	5	6	0.536502319591	0.498240186199	5	453	1	
293	0	20	step_1_no_load	1	2	2	381	
293	0	20	step_2_no_load	5	6	0.491720931314	0.478025448397	5	422	0	
293	0	21	step_1_no_load	1	2	1	443	
293	0	21	step_2_no_load	3	4	0.611328949295	0.630305464549	4	448	0	
293	0	22	step_1_no_load	1	2	1	384	
293	0	22	step_2_no_load	3	4	0.618527126547	0.621949894727	3	470	1	
293	0	23	step_1_no_load	1	2	1	543	
293	0	23	step_2_no_load	3	4	0.604065470975	0.640163623731	3	511	0	
293	0	24	step_1_no_load	1	2	2	316	
293	0	24	step_2_no_load	5	6	0.503316199018	0.505388876622	5	474	1	
293	0	25	step_1_no_load	1	2	2	277	
293	0	25	step_2_no_load	5	6	0.503605105412	0.503316372362	5	403	1	
293	0	26	step_1_no_load	1	2	2	421	
293	0	26	step_2_no_load	5	6	0.532884212818	0.511744353778	5	373	0	
293	0	27	step_1_no_load	1	2	2	338	
293	0	27	step_2_no_load	5	6	0.54756089792	0.507272671939	5	632	0	
293	0	28	step_1_no_load	1	2	2	387	
293	0	28	step_2_no_load	3	4	0.647441527317	0.588356036098	4	794	0	
293	0	29	step_1_no_load	1	2	2	386	
293	0	29	step_2_no_load	5	6	0.561957580386	0.521159009103	6	466	0	
293	0	30	step_1_no_load	1	2	2	322	
293	0	30	step_2_no_load	5	6	0.574272497114	0.4919199548	5	466	1	
293	0	31	step_1_no_load	1	2	2	381	
293	0	31	step_2_no_load	5	6	0.541819886458	0.483156722265	5	326	1	
293	0	32	step_1_no_load	1	2	2	375	
293	0	32	step_2_no_load	3	4	0.605616211083	0.634585171267	3	1079	1	
293	0	33	step_1_no_load	1	2	2	752	
293	0	33	step_2_no_load	5	6	0.542309898544	0.487664344039	5	349	1	
293	0	34	step_1_no_load	1	2	2	395	
293	0	34	step_2_no_load	5	6	0.538523758058	0.454565258478	5	263	1	
293	0	35	step_1_no_load	1	2	2	345	
293	0	35	step_2_no_load	3	4	0.649776015006	0.566827313385	3	297	0	
293	0	36	step_1_no_load	1	2	2	411	
293	0	36	step_2_no_load	5	6	0.611274573488	0.513210053121	5	430	1	
293	0	37	step_1_no_load	1	2	2	162	
293	0	37	step_2_no_load	3	4	0.660658056664	0.513822304161	4	95	0	
293	0	38	step_1_no_load	1	2	2	563	
293	0	38	step_2_no_load	3	4	0.651263699161	0.539078491643	-1	-1	-1	
293	0	39	step_1_no_load	1	2	2	54	
293	0	39	step_2_no_load	5	6	0.610601635554	0.578640235206	6	261	1	
293	0	40	step_1_no_load	1	2	2	379	
293	0	40	step_2_no_load	5	6	0.607992802154	0.5691386571	6	371	1	
293	0	41	step_1_no_load	1	2	2	339	
293	0	41	step_2_no_load	5	6	0.588857868869	0.583829055298	6	737	1	
293	0	42	step_1_no_load	1	2	2	497	
293	0	42	step_2_no_load	5	6	0.609164606591	0.553461946234	6	840	0	
293	0	43	step_1_no_load	1	2	2	542	
293	0	43	step_2_no_load	5	6	0.612705031264	0.548128010644	6	1206	1	
293	0	44	step_1_no_load	1	2	2	458	
293	0	44	step_2_no_load	5	6	0.611481438855	0.537842745081	6	1077	0	
293	0	45	step_1_no_load	1	2	2	394	
293	0	45	step_2_no_load	5	6	0.632991467829	0.5288039409	5	369	1	
293	0	46	step_1_no_load	1	2	2	420	
293	0	46	step_2_no_load	5	6	0.600964500555	0.532238720495	5	308	0	
293	0	47	step_1_no_load	1	2	1	494	
293	0	47	step_2_no_load	5	6	0.598724660986	0.493112702321	5	1012	1	
293	0	48	step_1_no_load	1	2	1	758	
293	0	48	step_2_no_load	3	4	0.657624935632	0.534690828011	4	1360	0	
293	0	49	step_1_no_load	1	2	1	960	
293	0	49	step_2_no_load	3	4	0.614679490594	0.512405963374	3	595	1	
293	0	50	step_1_no_load	1	2	2	226	
293	0	50	step_2_no_load	3	4	0.593458480934	0.481616544184	3	380	1	
293	0	51	step_1_no_load	1	2	2	313	
293	0	51	step_2_no_load	5	6	0.564866799699	0.469943944943	6	415	0	
293	0	52	step_1_no_load	1	2	2	385	
293	0	52	step_2_no_load	5	6	0.539065404057	0.429622901875	5	1228	1	
293	0	53	step_1_no_load	1	2	2	424	
293	0	53	step_2_no_load	5	6	0.551457882502	0.451905460347	-1	-1	-1	
293	0	54	step_1_no_load	1	2	2	322	
293	0	54	step_2_no_load	5	6	0.570223904064	0.491512498697	-1	-1	-1	
293	0	55	step_1_no_load	1	2	2	547	
293	0	55	step_2_no_load	5	6	0.574045915747	0.487025527704	5	334	0	
293	0	56	step_1_no_load	1	2	2	230	
293	0	56	step_2_no_load	5	6	0.601856598146	0.459773408493	6	912	0	
293	0	57	step_1_no_load	1	2	2	267	
293	0	57	step_2_no_load	5	6	0.641849303307	0.466449077359	6	420	0	
293	0	58	step_1_no_load	1	2	2	248	
293	0	58	step_2_no_load	3	4	0.610896130115	0.528376440027	3	298	0	
293	0	59	step_1_no_load	1	2	2	434	
293	0	59	step_2_no_load	5	6	0.632500293208	0.480274332693	5	593	0	
293	0	60	step_1_no_load	1	2	2	351	
293	0	60	step_2_no_load	5	6	0.623687406259	0.491916707098	5	490	1	
293	0	61	step_1_no_load	1	2	2	410	
293	0	61	step_2_no_load	5	6	0.669587072502	0.464268875813	5	463	1	
293	0	62	step_1_no_load	1	2	2	547	
293	0	62	step_2_no_load	5	6	0.691137204746	0.50724109756	5	953	1	
293	0	63	step_1_no_load	1	2	2	427	
293	0	63	step_2_no_load	5	6	0.664284493458	0.53192660365	5	598	1	
293	0	64	step_1_no_load	1	2	1	475	
293	0	64	step_2_no_load	5	6	0.642369708469	0.555062911513	5	953	0	
293	0	65	step_1_no_load	1	2	2	391	
293	0	65	step_2_no_load	3	4	0.619953360065	0.517687993213	-1	-1	-1	
293	0	66	step_1_no_load	1	2	2	444	
293	0	66	step_2_no_load	3	4	0.630357351236	0.555324764318	4	466	1	
293	0	67	step_1_no_load	1	2	2	297	
293	0	67	step_2_no_load	3	4	0.674463681351	0.538279387614	4	1090	0	
293	0	68	step_1_no_load	1	2	2	0	
293	0	68	step_2_no_load	5	6	0.622963076372	0.509127161919	6	881	1	
293	0	69	step_1_no_load	1	2	2	461	
293	0	69	step_2_no_load	5	6	0.622221685203	0.499137600991	6	557	0	
293	0	70	step_1_no_load	1	2	2	264	
293	0	70	step_2_no_load	3	4	0.697741832068	0.548075770764	3	928	1	
293	0	71	step_1_no_load	1	2	2	213	
293	0	71	step_2_no_load	5	6	0.639174917797	0.482863323776	6	448	1	
293	0	72	step_1_no_load	1	2	2	398	
293	0	72	step_2_no_load	3	4	0.705884789502	0.556486305476	3	360	1	
293	0	73	step_1_no_load	1	2	2	490	
293	0	73	step_2_no_load	3	4	0.727961155836	0.50185699984	-1	-1	-1	
293	0	74	step_1_no_load	1	2	2	307	
293	0	74	step_2_no_load	5	6	0.614462146454	0.453420386428	5	285	1	
293	0	75	step_1_no_load	1	2	2	473	
293	0	75	step_2_no_load	5	6	0.615552849174	0.44832280175	5	663	1	
293	0	76	step_1_no_load	1	2	2	468	
293	0	76	step_2_no_load	5	6	0.62770291155	0.488583631821	5	1392	1	
293	0	77	step_1_no_load	1	2	2	417	
293	0	77	step_2_no_load	5	6	0.564257587118	0.446809557226	5	442	0	
293	0	78	step_1_no_load	1	2	2	566	
293	0	78	step_2_no_load	5	6	0.536711448352	0.435911167612	6	321	1	
293	0	79	step_1_no_load	1	2	2	665	
293	0	79	step_2_no_load	3	4	0.647841624544	0.540085062695	3	704	1	
293	0	80	step_1_no_load	1	2	2	404	
293	0	80	step_2_no_load	5	6	0.518583383166	0.396016175285	6	350	0	
293	0	81	step_1_no_load	1	2	2	566	
293	0	81	step_2_no_load	5	6	0.529745690463	0.419265522488	5	626	0	
293	0	82	step_1_no_load	1	2	2	403	
293	0	82	step_2_no_load	3	4	0.688340116885	0.482727017837	3	318	1	
293	0	83	step_1_no_load	1	2	2	429	
293	0	83	step_2_no_load	5	6	0.607907985871	0.382772464038	5	487	0	
293	0	84	step_1_no_load	1	2	2	319	
293	0	84	step_2_no_load	5	6	0.65843840156	0.385087938645	6	604	0	
293	0	85	step_1_no_load	1	2	2	610	
293	0	85	step_2_no_load	3	4	0.712989604416	0.485785534744	3	391	1	
293	0	86	step_1_no_load	1	2	1	1308	
293	0	86	step_2_no_load	5	6	0.691782850001	0.345323068124	6	623	1	
293	0	87	step_1_no_load	1	2	1	451	
293	0	87	step_2_no_load	3	4	0.690012761069	0.493867001103	3	487	1	
293	0	88	step_1_no_load	1	2	1	418	
293	0	88	step_2_no_load	5	6	0.717410082358	0.377947492322	6	1021	1	
293	0	89	step_1_no_load	1	2	-1	-1	
293	0	90	step_1_no_load	1	2	1	242	
293	0	90	step_2_no_load	3	4	0.688736868033	0.530126112124	3	823	1	
293	0	91	step_1_no_load	1	2	1	419	
293	0	91	step_2_no_load	3	4	0.657820521772	0.479087223222	3	380	1	
293	0	92	step_1_no_load	1	2	1	230	
293	0	92	step_2_no_load	5	6	0.692406274724	0.444368850664	5	258	1	
293	0	93	step_1_no_load	1	2	1	316	
293	0	93	step_2_no_load	3	4	0.662863370634	0.473273727684	3	294	1	
293	0	94	step_1_no_load	1	2	1	426	
293	0	94	step_2_no_load	5	6	0.719464414227	0.429211756872	5	421	1	
293	0	95	step_1_no_load	1	2	1	350	
293	0	95	step_2_no_load	3	4	0.640209855442	0.42505578884	3	360	1	
293	0	96	step_1_no_load	1	2	1	502	
293	0	96	step_2_no_load	5	6	0.693739812506	0.383038640121	5	447	1	
293	0	97	step_1_no_load	1	2	1	314	
293	0	97	step_2_no_load	5	6	0.681272614291	0.392885664353	5	183	0	
293	0	98	step_1_no_load	1	2	1	386	
293	0	98	step_2_no_load	5	6	0.70287861952	0.409778171713	5	356	1	
293	0	99	step_1_no_load	1	2	1	427	
293	0	99	step_2_no_load	3	4	0.645191748454	0.375249961522	3	299	1	
293	0	100	step_1_no_load	1	2	1	245	
293	0	100	step_2_no_load	3	4	0.66579920021	0.363162156005	3	383	1	
293	0	101	step_1_no_load	1	2	1	507	
293	0	101	step_2_no_load	5	6	0.623812401974	0.497432607584	5	276	1	
293	0	102	step_1_no_load	1	2	1	378	
293	0	102	step_2_no_load	3	4	0.663124617603	0.326080462175	3	187	1	
293	0	103	step_1_no_load	1	2	1	321	
293	0	103	step_2_no_load	3	4	0.69058998368	0.322834495838	3	268	0	
293	0	104	step_1_no_load	1	2	1	316	
293	0	104	step_2_no_load	3	4	0.743372642809	0.303696146503	4	381	1	
293	0	105	step_1_no_load	1	2	1	407	
293	0	105	step_2_no_load	3	4	0.722851301692	0.352639603242	4	744	0	
293	0	106	step_1_no_load	1	2	1	403	
293	0	106	step_2_no_load	3	4	0.699623252899	0.374131494222	4	382	0	
293	0	107	step_1_no_load	1	2	1	345	
293	0	107	step_2_no_load	5	6	0.692607431435	0.565220528809	5	264	0	
293	0	108	step_1_no_load	1	2	1	257	
293	0	108	step_2_no_load	5	6	0.695928523711	0.526955028982	6	625	1	
293	0	109	step_1_no_load	1	2	1	679	
293	0	109	step_2_no_load	3	4	0.68658494263	0.372328831887	3	558	1	
293	0	110	step_1_no_load	1	2	1	743	
293	0	110	step_2_no_load	3	4	0.65455226558	0.395544455384	-1	-1	-1	
293	0	111	step_1_no_load	1	2	1	491	
293	0	111	step_2_no_load	3	4	0.634599547742	0.407158158569	3	639	0	
293	0	112	step_1_no_load	1	2	2	279	
293	0	112	step_2_no_load	3	4	0.635252945963	0.413393106784	3	761	1	
293	0	113	step_1_no_load	1	2	2	267	
293	0	113	step_2_no_load	5	6	0.719324307956	0.370697120277	6	471	0	
293	0	114	step_1_no_load	1	2	2	346	
293	0	114	step_2_no_load	5	6	0.718213323791	0.380324086676	6	738	0	
293	0	115	step_1_no_load	1	2	2	341	
293	0	115	step_2_no_load	5	6	0.739704344621	0.390027643099	6	297	1	
293	0	116	step_1_no_load	1	2	2	442	
293	0	116	step_2_no_load	3	4	0.680124293449	0.369438791876	3	607	1	
293	0	117	step_1_no_load	1	2	2	397	
293	0	117	step_2_no_load	3	4	0.671842537277	0.363056877927	4	501	1	
293	0	118	step_1_no_load	1	2	2	377	
293	0	118	step_2_no_load	5	6	0.740051715856	0.357645851833	6	459	0	
293	0	119	step_1_no_load	1	2	2	327	
293	0	119	step_2_no_load	5	6	0.690424535099	0.357515098446	5	277	0	
293	0	120	step_1_no_load	1	2	-1	-1	
293	0	121	step_1_no_load	1	2	2	439	
293	0	121	step_2_no_load	3	4	0.671052306195	0.310775244958	3	1018	1	
293	0	122	step_1_no_load	1	2	2	337	
293	0	122	step_2_no_load	5	6	0.6136886145	0.329624572119	6	559	0	
293	0	123	step_1_no_load	1	2	2	281	
293	0	123	step_2_no_load	3	4	0.664849878232	0.269780614928	3	331	0	
293	0	124	step_1_no_load	1	2	2	237	
293	0	124	step_2_no_load	5	6	0.603013298253	0.309430836661	5	257	1	
293	0	125	step_1_no_load	1	2	2	305	
293	0	125	step_2_no_load	5	6	0.559596800931	0.303110862715	5	350	0	
293	0	126	step_1_no_load	1	2	2	302	
293	0	126	step_2_no_load	3	4	0.600985760967	0.267206368684	3	492	0	
293	0	127	step_1_no_load	1	2	2	489	
293	0	127	step_2_no_load	5	6	0.560824094575	0.274944938508	5	408	0	
293	0	128	step_1_no_load	1	2	1	666	
293	0	128	step_2_no_load	5	6	0.636905534066	0.250790232267	6	665	1	
293	0	129	step_1_no_load	1	2	1	596	
293	0	129	step_2_no_load	5	6	0.685297910719	0.271709703542	6	778	0	
293	0	130	step_1_no_load	1	2	1	650	
293	0	130	step_2_no_load	5	6	0.682031489739	0.274560758494	6	554	0	
293	0	131	step_1_no_load	1	2	1	536	
293	0	131	step_2_no_load	3	4	0.638450601212	0.281500842289	-1	-1	-1	
293	0	132	step_1_no_load	1	2	1	229	
293	0	132	step_2_no_load	3	4	0.660013924697	0.27986961048	3	413	1	
293	0	133	step_1_no_load	1	2	1	478	
293	0	133	step_2_no_load	3	4	0.691649444281	0.315608831386	3	450	0	
293	0	134	step_1_no_load	1	2	1	382	
293	0	134	step_2_no_load	5	6	0.621945110858	0.302839427162	6	873	0	
293	0	135	step_1_no_load	1	2	2	640	
293	0	135	step_2_no_load	3	4	0.700779221781	0.300079459047	-1	-1	-1	
293	0	136	step_1_no_load	1	2	2	425	
293	0	136	step_2_no_load	3	4	0.674914008636	0.307766925452	3	659	0	
293	0	137	step_1_no_load	1	2	1	496	
293	0	137	step_2_no_load	3	4	0.668540846495	0.346433498467	4	809	1	
293	0	138	step_1_no_load	1	2	1	331	
293	0	138	step_2_no_load	3	4	0.688182193337	0.366701525561	4	535	0	
293	0	139	step_1_no_load	1	2	1	313	
293	0	139	step_2_no_load	3	4	0.696355985729	0.325611400511	3	547	0	
293	0	140	step_1_no_load	1	2	1	254	
293	0	140	step_2_no_load	5	6	0.671213945178	0.328174526491	6	426	0	
293	0	141	step_1_no_load	1	2	1	306	
293	0	141	step_2_no_load	3	4	0.616803346728	0.390227133375	4	367	1	
293	0	142	step_1_no_load	1	2	1	631	
293	0	142	step_2_no_load	3	4	0.627356259123	0.397052682821	4	318	0	
293	0	143	step_1_no_load	1	2	1	349	
293	0	143	step_2_no_load	3	4	0.610219102298	0.410970957547	4	529	0	
293	0	144	step_1_no_load	1	2	1	371	
293	0	144	step_2_no_load	5	6	0.626443722248	0.275932517017	6	290	1	
293	0	145	step_1_no_load	1	2	2	285	
293	0	145	step_2_no_load	5	6	0.6669125229	0.266265924094	6	434	1	
293	0	146	step_1_no_load	1	2	1	892	
293	0	146	step_2_no_load	3	4	0.593778463268	0.320877500969	3	1050	0	
293	0	147	step_1_no_load	1	2	2	525	
293	0	147	step_2_no_load	3	4	0.594861186319	0.352879785946	4	545	1	
293	0	148	step_1_no_load	1	2	2	375	
293	0	148	step_2_no_load	5	6	0.619272702026	0.305288021243	6	338	0	
293	0	149	step_1_no_load	1	2	2	0	
293	0	149	step_2_no_load	5	6	0.601870110183	0.269951834184	6	412	0	
293	0	150	step_1_no_load	1	2	2	375	
293	0	150	step_2_no_load	5	6	0.575985663078	0.305587692243	5	423	0	
293	0	151	step_1_no_load	1	2	2	297	
293	0	151	step_2_no_load	5	6	0.59154759351	0.348172164421	6	356	0	
293	0	152	step_1_no_load	1	2	2	449	
293	0	152	step_2_no_load	5	6	0.595108765344	0.307702500543	5	400	1	
293	0	153	step_1_no_load	1	2	2	475	
293	0	153	step_2_no_load	5	6	0.613336203392	0.309356532263	5	305	1	
293	0	154	step_1_no_load	1	2	2	382	
293	0	154	step_2_no_load	3	4	0.671672162443	0.348349389262	4	735	0	
293	0	155	step_1_no_load	1	2	2	453	
293	0	155	step_2_no_load	5	6	0.632486591889	0.296093457977	5	422	1	
293	0	156	step_1_no_load	1	2	2	335	
293	0	156	step_2_no_load	5	6	0.631048201903	0.32564867104	5	404	0	
293	0	157	step_1_no_load	1	2	2	352	
293	0	157	step_2_no_load	5	6	0.585191807512	0.350909357271	5	292	1	
293	0	158	step_1_no_load	1	2	2	309	
293	0	158	step_2_no_load	3	4	0.694270715354	0.334595868098	-1	-1	-1	
293	0	159	step_1_no_load	1	2	2	363	
293	0	159	step_2_no_load	3	4	0.697903160072	0.321150411254	4	587	0	
293	0	160	step_1_no_load	1	2	2	231	
293	0	160	step_2_no_load	3	4	0.710728171711	0.355992626298	4	737	0	
293	0	161	step_1_no_load	1	2	2	356	
293	0	161	step_2_no_load	5	6	0.516036498158	0.407025633682	6	386	0	
293	0	162	step_1_no_load	1	2	2	392	
293	0	162	step_2_no_load	3	4	0.695144769903	0.455329532209	3	423	1	
293	0	163	step_1_no_load	1	2	1	498	
293	0	163	step_2_no_load	3	4	0.697095951435	0.430920885959	3	352	1	
293	0	164	step_1_no_load	1	2	1	490	
293	0	164	step_2_no_load	3	4	0.692137394606	0.430844125626	3	629	1	
293	0	165	step_1_no_load	1	2	1	302	
293	0	165	step_2_no_load	3	4	0.717506143195	0.347974240867	3	407	1	
293	0	166	step_1_no_load	1	2	1	0	
293	0	166	step_2_no_load	3	4	0.686594248975	0.356317216644	3	1399	0	
293	0	167	step_1_no_load	1	2	1	282	
293	0	167	step_2_no_load	3	4	0.706271792549	0.331115714939	3	272	1	
293	0	168	step_1_no_load	1	2	1	405	
293	0	168	step_2_no_load	3	4	0.67192508984	0.335777599654	3	379	1	
293	0	169	step_1_no_load	1	2	1	457	
293	0	169	step_2_no_load	3	4	0.704981910944	0.365156560071	3	402	1	
293	0	170	step_1_no_load	1	2	1	408	
293	0	170	step_2_no_load	3	4	0.67334314737	0.364989630435	3	600	1	
293	0	171	step_1_no_load	1	2	1	340	
293	0	171	step_2_no_load	3	4	0.727248140829	0.425122034074	3	434	1	
293	0	172	step_1_no_load	1	2	1	462	
293	0	172	step_2_no_load	3	4	0.668669556875	0.490120307546	3	435	1	
293	0	173	step_1_no_load	1	2	1	523	
293	0	173	step_2_no_load	3	4	0.667027212577	0.462866379815	3	644	1	
293	0	174	step_1_no_load	1	2	1	471	
293	0	174	step_2_no_load	3	4	0.729877433725	0.46236234172	3	483	1	
293	0	175	step_1_no_load	1	2	1	422	
293	0	175	step_2_no_load	3	4	0.693968268443	0.484825491933	3	438	1	
293	0	176	step_1_no_load	1	2	1	626	
293	0	176	step_2_no_load	5	6	0.474046874473	0.383231572002	5	411	0	
293	0	177	step_1_no_load	1	2	1	272	
293	0	177	step_2_no_load	3	4	0.714070205704	0.4798184927	3	500	1	
293	0	178	step_1_no_load	1	2	1	254	
293	0	178	step_2_no_load	5	6	0.493712351915	0.36473828006	6	520	0	
293	0	179	step_1_no_load	1	2	1	426	
293	0	179	step_2_no_load	3	4	0.709345707515	0.493565996034	3	438	1	
293	0	180	step_1_no_load	1	2	1	307	
293	0	180	step_2_no_load	3	4	0.719795072986	0.489345734128	3	609	1	
293	0	181	step_1_no_load	1	2	1	309	
293	0	181	step_2_no_load	3	4	0.746910336326	0.480141179559	3	480	1	
293	0	182	step_1_no_load	1	2	1	395	
293	0	182	step_2_no_load	3	4	0.72717560423	0.49907747228	3	380	1	
293	0	183	step_1_no_load	1	2	1	278	
293	0	183	step_2_no_load	3	4	0.720388040749	0.492742497507	3	382	1	
293	0	184	step_1_no_load	1	2	1	313	
293	0	184	step_2_no_load	3	4	0.657291439324	0.480863422096	3	550	1	
293	0	185	step_1_no_load	1	2	1	560	
293	0	185	step_2_no_load	3	4	0.665622647081	0.482228039858	3	450	1	
293	0	186	step_1_no_load	1	2	1	283	
293	0	186	step_2_no_load	5	6	0.46870859828	0.332733011923	6	685	0	
293	0	187	step_1_no_load	1	2	1	450	
293	0	187	step_2_no_load	3	4	0.678211978625	0.498596507669	3	443	1	
293	0	188	step_1_no_load	1	2	1	1253	
293	0	188	step_2_no_load	3	4	0.696362660087	0.548350535247	3	530	0	
293	0	189	step_1_no_load	1	2	2	478	
293	0	189	step_2_no_load	3	4	0.688353284054	0.534753756004	3	567	1	
293	0	190	step_1_no_load	1	2	2	1002	
293	0	190	step_2_no_load	5	6	0.433568856946	0.304557739386	5	1109	0	
293	0	191	step_1_no_load	1	2	2	963	
293	0	191	step_2_no_load	5	6	0.435748387321	0.318839908867	-1	-1	-1	
293	0	192	step_1_no_load	1	2	2	308	
293	0	192	step_2_no_load	5	6	0.450791310283	0.299297135717	5	250	0	
293	0	193	step_1_no_load	1	2	2	477	
293	0	193	step_2_no_load	5	6	0.440813209638	0.321008037746	6	467	0	
293	0	194	step_1_no_load	1	2	2	302	
293	0	194	step_2_no_load	3	4	0.655261361454	0.505359594715	4	419	1	
293	0	195	step_1_no_load	1	2	2	262	
293	0	195	step_2_no_load	3	4	0.646280688878	0.494102184238	4	721	0	
293	0	196	step_1_no_load	1	2	2	326	
293	0	196	step_2_no_load	5	6	0.421761207498	0.365373286058	6	280	1	
293	0	197	step_1_no_load	1	2	2	281	
293	0	197	step_2_no_load	5	6	0.422511153127	0.316987700969	6	339	0	
293	0	198	step_1_no_load	1	2	2	358	
293	0	198	step_2_no_load	5	6	0.397292432346	0.303352625941	5	364	0	
293	0	199	step_1_no_load	1	2	1	331	
293	0	199	step_2_no_load	3	4	0.73697129762	0.529438031858	3	418	1	
293	0	200	step_1_no_load	1	2	1	392	
293	0	200	step_2_no_load	5	6	0.372436949782	0.299128796668	5	297	1	

Tue Jul  7 14:12:04 2020
