Fri Jul 10 14:17:56 2020	
294	0	1	step_1_no_load	1	2	2	1122	
294	0	1	step_2_no_load	3	4	0.511789129507	0.594299910136	4	1138	1	
294	0	2	step_1_no_load	1	2	2	586	
294	0	2	step_2_no_load	5	6	0.580156942153	0.474613197709	6	1005	0	
294	0	3	step_1_no_load	1	2	2	683	
294	0	3	step_2_no_load	5	6	0.584197065669	0.476767372206	5	774	1	
294	0	4	step_1_no_load	1	2	2	508	
294	0	4	step_2_no_load	3	4	0.494597764192	0.564086293706	4	1170	1	
294	0	5	step_1_no_load	1	2	2	620	
294	0	5	step_2_no_load	5	6	0.623810210114	0.495568760483	6	1051	1	
294	0	6	step_1_no_load	1	2	2	548	
294	0	6	step_2_no_load	3	4	0.490454120702	0.603642866427	4	718	1	
294	0	7	step_1_no_load	1	2	2	469	
294	0	7	step_2_no_load	3	4	0.506408070053	0.622642364361	4	650	1	
294	0	8	step_1_no_load	1	2	2	577	
294	0	8	step_2_no_load	5	6	0.59128639594	0.489816616396	6	721	1	
294	0	9	step_1_no_load	1	2	2	521	
294	0	9	step_2_no_load	3	4	0.54429228266	0.641106877158	4	602	1	
294	0	10	step_1_no_load	1	2	2	495	
294	0	10	step_2_no_load	5	6	0.652626043146	0.482364178155	6	637	1	
294	0	11	step_1_no_load	1	2	2	397	
294	0	11	step_2_no_load	5	6	0.69163818036	0.477013315682	6	540	0	
294	0	12	step_1_no_load	1	2	2	612	
294	0	12	step_2_no_load	3	4	0.597131918027	0.552770607849	4	786	1	
294	0	13	step_1_no_load	1	2	2	474	
294	0	13	step_2_no_load	5	6	0.653587098421	0.52012981853	5	960	0	
294	0	14	step_1_no_load	1	2	2	341	
294	0	14	step_2_no_load	5	6	0.629137942344	0.491234392147	6	687	0	
294	0	15	step_1_no_load	1	2	2	433	
294	0	15	step_2_no_load	5	6	0.612260006668	0.505377237737	5	1090	0	
294	0	16	step_1_no_load	1	2	1	793	
294	0	16	step_2_no_load	5	6	0.628091198119	0.510958036527	5	1387	1	
294	0	17	step_1_no_load	1	2	1	622	
294	0	17	step_2_no_load	3	4	0.643116883134	0.562895132605	4	966	1	
294	0	18	step_1_no_load	1	2	1	430	
294	0	18	step_2_no_load	3	4	0.626895526976	0.553554620302	4	761	0	
294	0	19	step_1_no_load	1	2	1	609	
294	0	19	step_2_no_load	3	4	0.644773170243	0.536502319591	3	860	0	
294	0	20	step_1_no_load	1	2	1	378	
294	0	20	step_2_no_load	3	4	0.60665343963	0.491720931314	4	879	0	
294	0	21	step_1_no_load	1	2	1	549	
294	0	21	step_2_no_load	5	6	0.630305464549	0.49769376036	5	1177	0	
294	0	22	step_1_no_load	1	2	1	403	
294	0	22	step_2_no_load	5	6	0.621949894727	0.506100011497	6	667	1	
294	0	23	step_1_no_load	1	2	1	438	
294	0	23	step_2_no_load	3	4	0.604065470975	0.513759772011	3	1226	0	
294	0	24	step_1_no_load	1	2	1	484	
294	0	24	step_2_no_load	3	4	0.5800912085	0.503316199018	4	988	0	
294	0	25	step_1_no_load	1	2	2	698	
294	0	25	step_2_no_load	3	4	0.629917901014	0.503605105412	4	819	1	
294	0	26	step_1_no_load	1	2	2	485	
294	0	26	step_2_no_load	5	6	0.592410219737	0.511744353778	6	783	1	
294	0	27	step_1_no_load	1	2	2	379	
294	0	27	step_2_no_load	5	6	0.57860777711	0.507272671939	6	595	0	
294	0	28	step_1_no_load	1	2	2	402	
294	0	28	step_2_no_load	5	6	0.588356036098	0.520177259699	6	713	0	
294	0	29	step_1_no_load	1	2	2	337	
294	0	29	step_2_no_load	3	4	0.618626354124	0.561957580386	4	1345	0	
294	0	30	step_1_no_load	1	2	2	311	
294	0	30	step_2_no_load	3	4	0.610227092493	0.574272497114	3	644	1	
294	0	31	step_1_no_load	1	2	2	700	
294	0	31	step_2_no_load	5	6	0.636602545794	0.483156722265	5	969	1	
294	0	32	step_1_no_load	1	2	2	326	
294	0	32	step_2_no_load	5	6	0.634585171267	0.520318771114	5	1163	0	
294	0	33	step_1_no_load	1	2	2	268	
294	0	33	step_2_no_load	5	6	0.611700032906	0.487664344039	5	777	0	
294	0	34	step_1_no_load	1	2	2	311	
294	0	34	step_2_no_load	3	4	0.670290552209	0.538523758058	3	634	1	
294	0	35	step_1_no_load	1	2	2	400	
294	0	35	step_2_no_load	5	6	0.566827313385	0.491437207585	6	730	0	
294	0	36	step_1_no_load	1	2	2	392	
294	0	36	step_2_no_load	5	6	0.527635087561	0.513210053121	5	1381	0	
294	0	37	step_1_no_load	1	2	2	260	
294	0	37	step_2_no_load	3	4	0.660658056664	0.598446394142	3	446	1	
294	0	38	step_1_no_load	1	2	2	484	
294	0	38	step_2_no_load	3	4	0.651263699161	0.595113730206	3	973	0	
294	0	39	step_1_no_load	1	2	1	910	
294	0	39	step_2_no_load	3	4	0.634483337633	0.610601635554	4	932	1	
294	0	40	step_1_no_load	1	2	1	362	
294	0	40	step_2_no_load	3	4	0.636994900683	0.607992802154	4	738	0	
294	0	41	step_1_no_load	1	2	1	526	
294	0	41	step_2_no_load	3	4	0.633285941184	0.588857868869	3	710	1	
294	0	42	step_1_no_load	1	2	1	320	
294	0	42	step_2_no_load	3	4	0.606696263624	0.609164606591	3	517	0	
294	0	43	step_1_no_load	1	2	1	962	
294	0	43	step_2_no_load	5	6	0.553703096215	0.548128010644	5	1407	1	
294	0	44	step_1_no_load	1	2	1	274	
294	0	44	step_2_no_load	3	4	0.589653131867	0.611481438855	3	1014	0	
294	0	45	step_1_no_load	1	2	1	332	
294	0	45	step_2_no_load	3	4	0.620699591043	0.632991467829	4	805	0	
294	0	46	step_1_no_load	1	2	1	730	
294	0	46	step_2_no_load	3	4	0.654261318712	0.600964500555	3	885	1	
294	0	47	step_1_no_load	1	2	1	577	
294	0	47	step_2_no_load	5	6	0.546259467838	0.493112702321	6	993	1	
294	0	48	step_1_no_load	1	2	1	389	
294	0	48	step_2_no_load	3	4	0.657624935632	0.615767119776	3	587	1	
294	0	49	step_1_no_load	1	2	1	431	
294	0	49	step_2_no_load	3	4	0.614679490594	0.610193185592	3	1115	0	
294	0	50	step_1_no_load	1	2	1	294	
294	0	50	step_2_no_load	5	6	0.481616544184	0.47381367271	6	1002	1	
294	0	51	step_1_no_load	1	2	1	559	
294	0	51	step_2_no_load	5	6	0.508197321577	0.469943944943	6	1073	1	
294	0	52	step_1_no_load	1	2	1	441	
294	0	52	step_2_no_load	3	4	0.613408921915	0.539065404057	4	1149	0	
294	0	53	step_1_no_load	1	2	1	245	
294	0	53	step_2_no_load	5	6	0.475342927439	0.451905460347	6	845	0	
294	0	54	step_1_no_load	1	2	1	1012	
294	0	54	step_2_no_load	5	6	0.493362545513	0.491512498697	5	824	1	
294	0	55	step_1_no_load	1	2	1	300	
294	0	55	step_2_no_load	3	4	0.639840796975	0.574045915747	4	1294	1	
294	0	56	step_1_no_load	1	2	1	322	
294	0	56	step_2_no_load	5	6	0.538512915562	0.459773408493	5	468	1	
294	0	57	step_1_no_load	1	2	1	518	
294	0	57	step_2_no_load	3	4	0.586335094239	0.641849303307	4	996	0	
294	0	58	step_1_no_load	1	2	1	281	
294	0	58	step_2_no_load	5	6	0.528376440027	0.478335218822	5	1202	1	
294	0	59	step_1_no_load	1	2	1	317	
294	0	59	step_2_no_load	3	4	0.608951267756	0.632500293208	4	910	0	
294	0	60	step_1_no_load	1	2	1	258	
294	0	60	step_2_no_load	3	4	0.599559577859	0.623687406259	3	671	1	
294	0	61	step_1_no_load	1	2	1	415	
294	0	61	step_2_no_load	3	4	0.602879526975	0.669587072502	3	606	1	
294	0	62	step_1_no_load	1	2	1	413	
294	0	62	step_2_no_load	3	4	0.622820395113	0.691137204746	3	607	0	
294	0	63	step_1_no_load	1	2	1	402	
294	0	63	step_2_no_load	3	4	0.642623127313	0.664284493458	3	678	1	
294	0	64	step_1_no_load	1	2	1	310	
294	0	64	step_2_no_load	3	4	0.626149195169	0.642369708469	3	468	0	
294	0	65	step_1_no_load	1	2	1	317	
294	0	65	step_2_no_load	3	4	0.619953360065	0.612660225018	3	562	1	
294	0	66	step_1_no_load	1	2	1	307	
294	0	66	step_2_no_load	5	6	0.555324764318	0.573761869714	5	1147	0	
294	0	67	step_1_no_load	1	2	1	275	
294	0	67	step_2_no_load	3	4	0.674463681351	0.597650193897	3	587	1	
294	0	68	step_1_no_load	1	2	1	834	
294	0	68	step_2_no_load	5	6	0.523301545299	0.509127161919	5	942	1	
294	0	69	step_1_no_load	1	2	1	414	
294	0	69	step_2_no_load	3	4	0.718756538957	0.622221685203	3	828	1	
294	0	70	step_1_no_load	1	2	1	427	
294	0	70	step_2_no_load	3	4	0.697741832068	0.637556284465	3	525	0	
294	0	71	step_1_no_load	1	2	1	323	
294	0	71	step_2_no_load	5	6	0.546215110045	0.482863323776	5	890	1	
294	0	72	step_1_no_load	1	2	1	523	
294	0	72	step_2_no_load	3	4	0.705884789502	0.626024641967	4	1248	0	
294	0	73	step_1_no_load	1	2	1	211	
294	0	73	step_2_no_load	3	4	0.727961155836	0.657126403029	3	724	1	
294	0	74	step_1_no_load	1	2	1	301	
294	0	74	step_2_no_load	5	6	0.491044983779	0.453420386428	5	611	0	
294	0	75	step_1_no_load	1	2	1	281	
294	0	75	step_2_no_load	3	4	0.697629587097	0.615552849174	3	990	1	
294	0	76	step_1_no_load	1	2	1	701	
294	0	76	step_2_no_load	3	4	0.690117652944	0.62770291155	3	900	1	
294	0	77	step_1_no_load	1	2	1	385	
294	0	77	step_2_no_load	5	6	0.538119616568	0.446809557226	5	748	0	
294	0	78	step_1_no_load	1	2	1	327	
294	0	78	step_2_no_load	3	4	0.647586191228	0.536711448352	3	984	0	
294	0	79	step_1_no_load	1	2	1	296	
294	0	79	step_2_no_load	3	4	0.647841624544	0.513695512795	3	710	1	
294	0	80	step_1_no_load	1	2	1	879	
294	0	80	step_2_no_load	3	4	0.703969305517	0.518583383166	3	1448	1	
294	0	81	step_1_no_load	1	2	1	553	
294	0	81	step_2_no_load	3	4	0.702400933084	0.529745690463	3	864	1	
294	0	82	step_1_no_load	1	2	1	419	
294	0	82	step_2_no_load	5	6	0.482727017837	0.395813831323	-1	-1	-1	
294	0	83	step_1_no_load	1	2	1	268	
294	0	83	step_2_no_load	3	4	0.726885136842	0.607907985871	3	864	1	
294	0	84	step_1_no_load	1	2	1	387	
294	0	84	step_2_no_load	5	6	0.505586222209	0.385087938645	6	1050	0	
294	0	85	step_1_no_load	1	2	1	361	
294	0	85	step_2_no_load	3	4	0.712989604416	0.692384972752	3	818	0	
294	0	86	step_1_no_load	1	2	1	229	
294	0	86	step_2_no_load	5	6	0.486462788728	0.345323068124	5	1050	1	
294	0	87	step_1_no_load	1	2	1	401	
294	0	87	step_2_no_load	3	4	0.690012761069	0.719375344246	3	600	0	
294	0	88	step_1_no_load	1	2	1	269	
294	0	88	step_2_no_load	5	6	0.509563243675	0.377947492322	5	804	0	
294	0	89	step_1_no_load	1	2	1	363	
294	0	89	step_2_no_load	3	4	0.660112261017	0.690772436485	4	747	0	
294	0	90	step_1_no_load	1	2	1	463	
294	0	90	step_2_no_load	3	4	0.688736868033	0.712247848046	3	1078	0	
294	0	91	step_1_no_load	1	2	1	240	
294	0	91	step_2_no_load	3	4	0.657820521772	0.685023809334	4	728	1	
294	0	92	step_1_no_load	1	2	1	382	
294	0	92	step_2_no_load	5	6	0.484260039873	0.444368850664	6	1194	1	
294	0	93	step_1_no_load	1	2	1	598	
294	0	93	step_2_no_load	3	4	0.662863370634	0.70415710998	4	927	1	
294	0	94	step_1_no_load	1	2	1	368	
294	0	94	step_2_no_load	5	6	0.468637558205	0.429211756872	6	971	1	
294	0	95	step_1_no_load	1	2	1	506	
294	0	95	step_2_no_load	3	4	0.640209855442	0.715495469274	4	906	1	
294	0	96	step_1_no_load	1	2	1	439	
294	0	96	step_2_no_load	3	4	0.663095813561	0.693739812506	4	662	1	
294	0	97	step_1_no_load	1	2	1	396	
294	0	97	step_2_no_load	5	6	0.455601814112	0.392885664353	6	891	0	
294	0	98	step_1_no_load	1	2	1	282	
294	0	98	step_2_no_load	3	4	0.646040060297	0.70287861952	4	1233	1	
294	0	99	step_1_no_load	1	2	1	285	
294	0	99	step_2_no_load	5	6	0.375249961522	0.397561363605	5	1152	1	
294	0	100	step_1_no_load	1	2	1	583	
294	0	100	step_2_no_load	3	4	0.66579920021	0.666227451505	4	1103	1	
294	0	101	step_1_no_load	1	2	1	471	
294	0	101	step_2_no_load	3	4	0.655903528958	0.623812401974	4	705	1	
294	0	102	step_1_no_load	1	2	1	571	
294	0	102	step_2_no_load	3	4	0.663124617603	0.666304534392	4	874	0	
294	0	103	step_1_no_load	1	2	1	319	
294	0	103	step_2_no_load	3	4	0.69058998368	0.663997796029	3	1003	0	
294	0	104	step_1_no_load	1	2	1	347	
294	0	104	step_2_no_load	5	6	0.303696146503	0.521047445908	6	1009	1	
294	0	105	step_1_no_load	1	2	1	381	
294	0	105	step_2_no_load	3	4	0.722851301692	0.689135357059	4	970	1	
294	0	106	step_1_no_load	1	2	1	398	
294	0	106	step_2_no_load	5	6	0.374131494222	0.508908032404	6	859	0	
294	0	107	step_1_no_load	1	2	1	494	
294	0	107	step_2_no_load	3	4	0.677514185929	0.692607431435	4	1248	1	
294	0	108	step_1_no_load	1	2	1	299	
294	0	108	step_2_no_load	3	4	0.681491063126	0.695928523711	4	806	1	
294	0	109	step_1_no_load	1	2	1	665	
294	0	109	step_2_no_load	3	4	0.68658494263	0.71632547018	4	510	1	
294	0	110	step_1_no_load	1	2	1	497	
294	0	110	step_2_no_load	3	4	0.65455226558	0.729599891941	4	800	0	
294	0	111	step_1_no_load	1	2	1	248	
294	0	111	step_2_no_load	3	4	0.634599547742	0.724852671171	4	704	1	
294	0	112	step_1_no_load	1	2	1	316	
294	0	112	step_2_no_load	5	6	0.413393106784	0.392887565883	6	727	1	
294	0	113	step_1_no_load	1	2	1	327	
294	0	113	step_2_no_load	3	4	0.634627459817	0.719324307956	4	698	0	
294	0	114	step_1_no_load	1	2	1	365	
294	0	114	step_2_no_load	3	4	0.657654904272	0.718213323791	4	572	1	
294	0	115	step_1_no_load	1	2	1	361	
294	0	115	step_2_no_load	3	4	0.645721217949	0.739704344621	4	744	1	
294	0	116	step_1_no_load	1	2	1	483	
294	0	116	step_2_no_load	3	4	0.680124293449	0.706736514943	4	713	0	
294	0	117	step_1_no_load	1	2	1	312	
294	0	117	step_2_no_load	3	4	0.671842537277	0.747012267642	4	525	1	
294	0	118	step_1_no_load	1	2	1	305	
294	0	118	step_2_no_load	5	6	0.362977115924	0.357645851833	6	805	1	
294	0	119	step_1_no_load	1	2	1	366	
294	0	119	step_2_no_load	5	6	0.358243439099	0.357515098446	6	784	0	
294	0	120	step_1_no_load	1	2	1	310	
294	0	120	step_2_no_load	3	4	0.666433355915	0.70587238626	4	797	0	
294	0	121	step_1_no_load	1	2	1	268	
294	0	121	step_2_no_load	3	4	0.671052306195	0.658856304095	4	639	1	
294	0	122	step_1_no_load	1	2	1	356	
294	0	122	step_2_no_load	3	4	0.672193618854	0.6136886145	4	1303	1	
294	0	123	step_1_no_load	1	2	1	278	
294	0	123	step_2_no_load	5	6	0.269780614928	0.337526896345	6	740	0	
294	0	124	step_1_no_load	1	2	1	296	
294	0	124	step_2_no_load	3	4	0.624161788269	0.603013298253	4	663	0	
294	0	125	step_1_no_load	1	2	1	353	
294	0	125	step_2_no_load	3	4	0.633566302563	0.559596800931	4	549	1	
294	0	126	step_1_no_load	1	2	1	703	
294	0	126	step_2_no_load	3	4	0.600985760967	0.537863824328	4	832	1	
294	0	127	step_1_no_load	1	2	1	664	
294	0	127	step_2_no_load	3	4	0.646945556251	0.560824094575	4	676	1	
294	0	128	step_1_no_load	1	2	1	344	
294	0	128	step_2_no_load	3	4	0.620672334996	0.636905534066	4	665	1	
294	0	129	step_1_no_load	1	2	1	368	
294	0	129	step_2_no_load	3	4	0.632682846317	0.685297910719	4	583	1	
294	0	130	step_1_no_load	1	2	1	403	
294	0	130	step_2_no_load	5	6	0.267460866951	0.274560758494	5	1016	0	
294	0	131	step_1_no_load	1	2	1	396	
294	0	131	step_2_no_load	3	4	0.638450601212	0.678044920845	4	654	1	
294	0	132	step_1_no_load	1	2	1	315	
294	0	132	step_2_no_load	5	6	0.27986961048	0.315328810424	5	1048	0	
294	0	133	step_1_no_load	1	2	1	325	
294	0	133	step_2_no_load	3	4	0.691649444281	0.617383991623	4	572	1	
294	0	134	step_1_no_load	1	2	1	285	
294	0	134	step_2_no_load	3	4	0.685529359147	0.621945110858	4	504	0	
294	0	135	step_1_no_load	1	2	1	902	
294	0	135	step_2_no_load	3	4	0.700779221781	0.593710006149	4	461	1	
294	0	136	step_1_no_load	1	2	1	331	
294	0	136	step_2_no_load	5	6	0.307766925452	0.284521085726	6	1182	1	
294	0	137	step_1_no_load	1	2	1	461	
294	0	137	step_2_no_load	3	4	0.668540846495	0.605896884497	4	797	1	
294	0	138	step_1_no_load	1	2	1	566	
294	0	138	step_2_no_load	3	4	0.688182193337	0.63240964674	4	867	1	
294	0	139	step_1_no_load	1	2	1	471	
294	0	139	step_2_no_load	3	4	0.696355985729	0.636630981281	4	576	0	
294	0	140	step_1_no_load	1	2	1	238	
294	0	140	step_2_no_load	3	4	0.637682840728	0.671213945178	4	432	1	
294	0	141	step_1_no_load	1	2	1	275	
294	0	141	step_2_no_load	5	6	0.390227133375	0.311809871418	6	394	0	
294	0	142	step_1_no_load	1	2	1	206	
294	0	142	step_2_no_load	3	4	0.627356259123	0.690276058009	4	600	1	
294	0	143	step_1_no_load	1	2	1	503	
294	0	143	step_2_no_load	3	4	0.610219102298	0.661365099615	4	575	1	
294	0	144	step_1_no_load	1	2	1	279	
294	0	144	step_2_no_load	5	6	0.389234194056	0.275932517017	5	870	1	
294	0	145	step_1_no_load	1	2	1	516	
294	0	145	step_2_no_load	3	4	0.606515632748	0.6669125229	4	663	1	
294	0	146	step_1_no_load	1	2	1	435	
294	0	146	step_2_no_load	3	4	0.593778463268	0.681611991725	4	905	1	
294	0	147	step_1_no_load	1	2	1	356	
294	0	147	step_2_no_load	3	4	0.594861186319	0.647798886916	4	745	0	
294	0	148	step_1_no_load	1	2	1	297	
294	0	148	step_2_no_load	3	4	0.648050021239	0.619272702026	4	734	0	
294	0	149	step_1_no_load	1	2	1	402	
294	0	149	step_2_no_load	3	4	0.623203869836	0.601870110183	3	644	1	
294	0	150	step_1_no_load	1	2	1	381	
294	0	150	step_2_no_load	3	4	0.605912419156	0.575985663078	3	507	1	
294	0	151	step_1_no_load	1	2	1	717	
294	0	151	step_2_no_load	5	6	0.310557101463	0.348172164421	5	1125	1	
294	0	152	step_1_no_load	1	2	1	452	
294	0	152	step_2_no_load	3	4	0.644204174791	0.595108765344	3	785	1	
294	0	153	step_1_no_load	1	2	1	310	
294	0	153	step_2_no_load	3	4	0.681559292085	0.613336203392	3	819	1	
294	0	154	step_1_no_load	1	2	1	260	
294	0	154	step_2_no_load	3	4	0.671672162443	0.638934099562	3	434	1	
294	0	155	step_1_no_load	1	2	1	310	
294	0	155	step_2_no_load	5	6	0.372188990474	0.296093457977	5	557	0	
294	0	156	step_1_no_load	1	2	1	406	
294	0	156	step_2_no_load	3	4	0.734436160799	0.631048201903	3	740	1	
294	0	157	step_1_no_load	1	2	1	367	
294	0	157	step_2_no_load	5	6	0.324728201487	0.350909357271	6	694	0	
294	0	158	step_1_no_load	1	2	1	247	
294	0	158	step_2_no_load	3	4	0.694270715354	0.532722108502	3	819	0	
294	0	159	step_1_no_load	1	2	1	240	
294	0	159	step_2_no_load	3	4	0.697903160072	0.541222065796	3	336	1	
294	0	160	step_1_no_load	1	2	1	258	
294	0	160	step_2_no_load	3	4	0.710728171711	0.521229931064	3	548	1	
294	0	161	step_1_no_load	1	2	1	366	
294	0	161	step_2_no_load	3	4	0.719896286569	0.516036498158	3	434	0	
294	0	162	step_1_no_load	1	2	1	479	
294	0	162	step_2_no_load	5	6	0.455329532209	0.3926701003	5	944	0	
294	0	163	step_1_no_load	1	2	1	714	
294	0	163	step_2_no_load	3	4	0.697095951435	0.5863391277	3	698	1	
294	0	164	step_1_no_load	1	2	1	254	
294	0	164	step_2_no_load	3	4	0.692137394606	0.585961845322	3	409	1	
294	0	165	step_1_no_load	1	2	1	515	
294	0	165	step_2_no_load	3	4	0.717506143195	0.538026607649	3	449	1	
294	0	166	step_1_no_load	1	2	1	357	
294	0	166	step_2_no_load	5	6	0.356317216644	0.422282731054	6	1012	1	
294	0	167	step_1_no_load	1	2	1	327	
294	0	167	step_2_no_load	3	4	0.706271792549	0.585131062446	3	799	1	
294	0	168	step_1_no_load	1	2	1	300	
294	0	168	step_2_no_load	5	6	0.335777599654	0.400817642375	6	768	1	
294	0	169	step_1_no_load	1	2	1	347	
294	0	169	step_2_no_load	3	4	0.704981910944	0.586049140041	3	679	1	
294	0	170	step_1_no_load	1	2	1	300	
294	0	170	step_2_no_load	3	4	0.67334314737	0.57151385403	3	450	1	
294	0	171	step_1_no_load	1	2	1	448	
294	0	171	step_2_no_load	3	4	0.727248140829	0.553314431843	3	641	1	
294	0	172	step_1_no_load	1	2	1	401	
294	0	172	step_2_no_load	5	6	0.490120307546	0.363617002148	6	804	0	
294	0	173	step_1_no_load	1	2	1	246	
294	0	173	step_2_no_load	5	6	0.462866379815	0.385349297983	6	542	0	
294	0	174	step_1_no_load	1	2	1	314	
294	0	174	step_2_no_load	3	4	0.729877433725	0.472729524832	3	613	1	
294	0	175	step_1_no_load	1	2	1	392	
294	0	175	step_2_no_load	3	4	0.693968268443	0.52644949356	3	664	1	
294	0	176	step_1_no_load	1	2	1	350	
294	0	176	step_2_no_load	3	4	0.679250000396	0.474046874473	3	882	1	
294	0	177	step_1_no_load	1	2	1	627	
294	0	177	step_2_no_load	3	4	0.714070205704	0.501268576771	3	598	1	
294	0	178	step_1_no_load	1	2	1	416	
294	0	178	step_2_no_load	3	4	0.705993797498	0.493712351915	3	500	0	
294	0	179	step_1_no_load	1	2	1	271	
294	0	179	step_2_no_load	3	4	0.709345707515	0.457298770028	3	554	1	
294	0	180	step_1_no_load	1	2	1	394	
294	0	180	step_2_no_load	5	6	0.489345734128	0.341214611607	5	1115	1	
294	0	181	step_1_no_load	1	2	1	254	
294	0	181	step_2_no_load	3	4	0.746910336326	0.508735114046	3	490	1	
294	0	182	step_1_no_load	1	2	1	379	
294	0	182	step_2_no_load	5	6	0.49907747228	0.340533666308	5	595	1	
294	0	183	step_1_no_load	1	2	1	447	
294	0	183	step_2_no_load	3	4	0.720388040749	0.502991759047	3	582	1	
294	0	184	step_1_no_load	1	2	1	526	
294	0	184	step_2_no_load	3	4	0.657291439324	0.460890977786	3	470	1	
294	0	185	step_1_no_load	1	2	1	359	
294	0	185	step_2_no_load	3	4	0.665622647081	0.479703516092	3	566	1	
294	0	186	step_1_no_load	1	2	1	608	
294	0	186	step_2_no_load	3	4	0.656308636836	0.46870859828	3	842	0	
294	0	187	step_1_no_load	1	2	1	281	
294	0	187	step_2_no_load	3	4	0.678211978625	0.443962917772	3	557	1	
294	0	188	step_1_no_load	1	2	1	360	
294	0	188	step_2_no_load	3	4	0.696362660087	0.471319680586	3	531	0	
294	0	189	step_1_no_load	1	2	1	453	
294	0	189	step_2_no_load	5	6	0.534753756004	0.285168135955	5	728	0	
294	0	190	step_1_no_load	1	2	1	240	
294	0	190	step_2_no_load	3	4	0.667655825994	0.433568856946	3	472	0	
294	0	191	step_1_no_load	1	2	1	338	
294	0	191	step_2_no_load	3	4	0.664271461991	0.435748387321	4	595	1	
294	0	192	step_1_no_load	1	2	1	345	
294	0	192	step_2_no_load	3	4	0.705517419189	0.450791310283	4	755	0	
294	0	193	step_1_no_load	1	2	1	205	
294	0	193	step_2_no_load	3	4	0.679792491164	0.440813209638	4	562	0	
294	0	194	step_1_no_load	1	2	1	298	
294	0	194	step_2_no_load	3	4	0.655261361454	0.433250459893	3	484	1	
294	0	195	step_1_no_load	1	2	1	316	
294	0	195	step_2_no_load	5	6	0.494102184238	0.348571348505	6	964	0	
294	0	196	step_1_no_load	1	2	1	296	
294	0	196	step_2_no_load	5	6	0.496717662777	0.365373286058	5	1055	1	
294	0	197	step_1_no_load	1	2	1	394	
294	0	197	step_2_no_load	3	4	0.686552522522	0.422511153127	3	1027	1	
294	0	198	step_1_no_load	1	2	1	470	
294	0	198	step_2_no_load	3	4	0.68660989813	0.397292432346	3	561	1	
294	0	199	step_1_no_load	1	2	1	340	
294	0	199	step_2_no_load	3	4	0.73697129762	0.39793773834	3	526	0	
294	0	200	step_1_no_load	1	2	1	393	
294	0	200	step_2_no_load	3	4	0.728996708473	0.372436949782	3	519	1	

Fri Jul 10 14:35:11 2020
