Mon Mar 12 16:50:31 2018	
115	0	1	step_1_no_load	1	2	-1	-1	
115	0	2	step_1_no_load	1	2	1	414	
115	0	2	step_2_no_load	3	4	0.474613197709	0.610961032466	3	862	0	
115	0	3	step_1_no_load	1	2	2	823	
115	0	3	step_2_no_load	5	6	0.584197065669	0.516002945397	6	834	1	
115	0	4	step_1_no_load	1	2	2	117	
115	0	4	step_2_no_load	5	6	0.597491569846	0.494597764192	6	756	0	
115	0	5	step_1_no_load	1	2	1	379	
115	0	5	step_2_no_load	3	4	0.495568760483	0.576104915614	4	1014	0	
115	0	6	step_1_no_load	1	2	2	405	
115	0	6	step_2_no_load	5	6	0.585722686883	0.490454120702	5	890	1	
115	0	7	step_1_no_load	1	2	2	559	
115	0	7	step_2_no_load	3	4	0.500071913476	0.622642364361	3	719	0	
115	0	8	step_1_no_load	1	2	1	457	
115	0	8	step_2_no_load	3	4	0.489816616396	0.624210374623	4	633	0	
115	0	9	step_1_no_load	1	2	2	577	
115	0	9	step_2_no_load	3	4	0.496546708465	0.641106877158	3	703	0	
115	0	10	step_1_no_load	1	2	1	666	
115	0	10	step_2_no_load	5	6	0.652626043146	0.576063520885	5	822	1	
115	0	11	step_1_no_load	1	2	2	73	
115	0	11	step_2_no_load	3	4	0.477013315682	0.609191465743	4	716	1	
115	0	12	step_1_no_load	1	2	1	697	
115	0	12	step_2_no_load	5	6	0.682786328054	0.597131918027	5	1258	1	
115	0	13	step_1_no_load	1	2	1	767	
115	0	13	step_2_no_load	5	6	0.653587098421	0.595790490356	6	857	0	
115	0	14	step_1_no_load	1	2	1	503	
115	0	14	step_2_no_load	3	4	0.491234392147	0.545555696267	3	1389	0	
115	0	15	step_1_no_load	1	2	2	1042	
115	0	15	step_2_no_load	3	4	0.505377237737	0.570419113221	4	752	0	
115	0	16	step_1_no_load	1	2	2	23	
115	0	16	step_2_no_load	5	6	0.628091198119	0.626326396372	6	1179	1	
115	0	17	step_1_no_load	1	2	2	54	
115	0	17	step_2_no_load	5	6	0.633350170016	0.643116883134	5	1266	1	
115	0	18	step_1_no_load	1	2	1	147	
115	0	18	step_2_no_load	5	6	0.626834332012	0.626895526976	5	706	1	
115	0	19	step_1_no_load	1	2	1	890	
115	0	19	step_2_no_load	5	6	0.619895761657	0.644773170243	6	1270	0	
115	0	20	step_1_no_load	1	2	2	494	
115	0	20	step_2_no_load	5	6	0.636521555122	0.60665343963	6	887	1	
115	0	21	step_1_no_load	1	2	1	872	
115	0	21	step_2_no_load	3	4	0.49769376036	0.470207377245	3	1334	0	
115	0	22	step_1_no_load	1	2	2	0	
115	0	22	step_2_no_load	5	6	0.621949894727	0.618527126547	5	1239	0	
115	0	23	step_1_no_load	1	2	2	119	
115	0	23	step_2_no_load	5	6	0.640163623731	0.604065470975	6	993	0	
115	0	24	step_1_no_load	1	2	2	7	
115	0	24	step_2_no_load	3	4	0.505388876622	0.503316199018	4	1246	1	
115	0	25	step_1_no_load	1	2	1	115	
115	0	25	step_2_no_load	3	4	0.503316372362	0.503605105412	3	873	1	
115	0	26	step_1_no_load	1	2	2	363	
115	0	26	step_2_no_load	5	6	0.592410219737	0.640635035276	5	894	1	
115	0	27	step_1_no_load	1	2	2	890	
115	0	27	step_2_no_load	5	6	0.57860777711	0.642144756622	6	1200	1	
115	0	28	step_1_no_load	1	2	1	558	
115	0	28	step_2_no_load	3	4	0.520177259699	0.553259388875	4	1182	0	
115	0	29	step_1_no_load	1	2	2	284	
115	0	29	step_2_no_load	5	6	0.606613029227	0.618626354124	5	954	1	
115	0	30	step_1_no_load	1	2	1	443	
115	0	30	step_2_no_load	5	6	0.608245979832	0.610227092493	5	880	1	
115	0	31	step_1_no_load	1	2	2	494	
115	0	31	step_2_no_load	3	4	0.483156722265	0.541819886458	3	1401	0	
115	0	32	step_1_no_load	1	2	1	331	
115	0	32	step_2_no_load	5	6	0.634585171267	0.605616211083	5	1065	0	
115	0	33	step_1_no_load	1	2	2	96	
115	0	33	step_2_no_load	3	4	0.487664344039	0.542309898544	4	910	0	
115	0	34	step_1_no_load	1	2	1	347	
115	0	34	step_2_no_load	3	4	0.454565258478	0.538523758058	3	568	0	
115	0	35	step_1_no_load	1	2	1	402	
115	0	35	step_2_no_load	3	4	0.491437207585	0.594167768198	4	997	1	
115	0	36	step_1_no_load	1	2	2	153	
115	0	36	step_2_no_load	5	6	0.527635087561	0.661229326326	5	896	1	
115	0	37	step_1_no_load	1	2	1	490	
115	0	37	step_2_no_load	3	4	0.543074626387	0.598446394142	3	1181	1	
115	0	38	step_1_no_load	1	2	2	693	
115	0	38	step_2_no_load	3	4	0.553931241266	0.595113730206	3	867	0	
115	0	39	step_1_no_load	1	2	2	296	
115	0	39	step_2_no_load	5	6	0.557005857101	0.634483337633	6	1022	1	
115	0	40	step_1_no_load	1	2	1	478	
115	0	40	step_2_no_load	3	4	0.5691386571	0.607992802154	3	1158	1	
115	0	41	step_1_no_load	1	2	2	403	
115	0	41	step_2_no_load	3	4	0.583829055298	0.588857868869	4	964	1	
115	0	42	step_1_no_load	1	2	1	850	
115	0	42	step_2_no_load	5	6	0.533857158543	0.606696263624	5	1141	1	
115	0	43	step_1_no_load	1	2	2	460	
115	0	43	step_2_no_load	3	4	0.548128010644	0.612705031264	3	1321	0	
115	0	44	step_1_no_load	1	2	1	627	
115	0	44	step_2_no_load	3	4	0.537842745081	0.611481438855	4	856	1	
115	0	45	step_1_no_load	1	2	1	439	
115	0	45	step_2_no_load	3	4	0.5288039409	0.632991467829	3	1161	0	
115	0	46	step_1_no_load	1	2	2	452	
115	0	46	step_2_no_load	5	6	0.55511883717	0.654261318712	5	976	1	
115	0	47	step_1_no_load	1	2	2	470	
115	0	47	step_2_no_load	5	6	0.546259467838	0.634373567175	6	1492	0	
115	0	48	step_1_no_load	1	2	2	548	
115	0	48	step_2_no_load	3	4	0.488280685105	0.615767119776	3	1149	0	
115	0	49	step_1_no_load	1	2	2	297	
115	0	49	step_2_no_load	5	6	0.512405963374	0.614679490594	-1	-1	-1	
115	0	50	step_1_no_load	1	2	2	470	
115	0	50	step_2_no_load	5	6	0.481616544184	0.593458480934	5	855	0	
115	0	51	step_1_no_load	1	2	2	339	
115	0	51	step_2_no_load	3	4	0.469943944943	0.564866799699	3	771	0	
115	0	52	step_1_no_load	1	2	2	314	
115	0	52	step_2_no_load	5	6	0.513589895419	0.613408921915	5	908	1	
115	0	53	step_1_no_load	1	2	2	611	
115	0	53	step_2_no_load	5	6	0.475342927439	0.630956764252	6	983	1	
115	0	54	step_1_no_load	1	2	2	286	
115	0	54	step_2_no_load	3	4	0.491512498697	0.570223904064	4	524	0	
115	0	55	step_1_no_load	1	2	1	494	
115	0	55	step_2_no_load	3	4	0.487025527704	0.574045915747	4	1147	0	
115	0	56	step_1_no_load	1	2	2	340	
115	0	56	step_2_no_load	5	6	0.538512915562	0.60038825769	6	1025	1	
115	0	57	step_1_no_load	1	2	2	459	
115	0	57	step_2_no_load	5	6	0.516475618243	0.586335094239	5	742	0	
115	0	58	step_1_no_load	1	2	2	0	
115	0	58	step_2_no_load	3	4	0.478335218822	0.664682809182	4	702	1	
115	0	59	step_1_no_load	1	2	2	466	
115	0	59	step_2_no_load	5	6	0.537400760025	0.608951267756	5	971	0	
115	0	60	step_1_no_load	1	2	2	302	
115	0	60	step_2_no_load	5	6	0.479287247283	0.599559577859	5	872	1	
115	0	61	step_1_no_load	1	2	2	366	
115	0	61	step_2_no_load	5	6	0.527144452559	0.602879526975	5	783	1	
115	0	62	step_1_no_load	1	2	1	429	
115	0	62	step_2_no_load	5	6	0.533031417444	0.622820395113	6	1030	1	
115	0	63	step_1_no_load	1	2	2	445	
115	0	63	step_2_no_load	3	4	0.53192660365	0.664284493458	4	587	1	
115	0	64	step_1_no_load	1	2	1	323	
115	0	64	step_2_no_load	5	6	0.533849886794	0.626149195169	6	996	1	
115	0	65	step_1_no_load	1	2	1	602	
115	0	65	step_2_no_load	3	4	0.569109504048	0.612660225018	4	639	1	
115	0	66	step_1_no_load	1	2	2	424	
115	0	66	step_2_no_load	5	6	0.555324764318	0.630357351236	5	790	1	
115	0	67	step_1_no_load	1	2	2	292	
115	0	67	step_2_no_load	5	6	0.538279387614	0.674463681351	-1	-1	-1	
115	0	68	step_1_no_load	1	2	-1	-1	
115	0	69	step_1_no_load	1	2	2	464	
115	0	69	step_2_no_load	3	4	0.499137600991	0.622221685203	4	980	0	
115	0	70	step_1_no_load	1	2	2	488	
115	0	70	step_2_no_load	3	4	0.498834901463	0.637556284465	4	764	1	
115	0	71	step_1_no_load	1	2	1	363	
115	0	71	step_2_no_load	3	4	0.482863323776	0.639174917797	4	597	0	
115	0	72	step_1_no_load	1	2	2	362	
115	0	72	step_2_no_load	5	6	0.556486305476	0.705884789502	6	792	0	
115	0	73	step_1_no_load	1	2	2	300	
115	0	73	step_2_no_load	3	4	0.435957313805	0.657126403029	3	425	1	
115	0	74	step_1_no_load	1	2	2	428	
115	0	74	step_2_no_load	5	6	0.491044983779	0.693624670847	6	1050	1	
115	0	75	step_1_no_load	1	2	2	506	
115	0	75	step_2_no_load	5	6	0.483983914712	0.697629587097	5	1160	0	
115	0	76	step_1_no_load	1	2	2	464	
115	0	76	step_2_no_load	3	4	0.488583631821	0.62770291155	4	642	0	
115	0	77	step_1_no_load	1	2	2	411	
115	0	77	step_2_no_load	3	4	0.446809557226	0.564257587118	-1	-1	-1	
115	0	78	step_1_no_load	1	2	1	579	
115	0	78	step_2_no_load	3	4	0.435911167612	0.536711448352	4	835	0	
115	0	79	step_1_no_load	1	2	2	521	
115	0	79	step_2_no_load	3	4	0.389124152368	0.513695512795	3	678	1	
115	0	80	step_1_no_load	1	2	2	483	
115	0	80	step_2_no_load	5	6	0.49921021142	0.703969305517	6	973	1	
115	0	81	step_1_no_load	1	2	2	413	
115	0	81	step_2_no_load	5	6	0.494116554432	0.702400933084	5	666	1	
115	0	82	step_1_no_load	1	2	1	211	
115	0	82	step_2_no_load	5	6	0.482727017837	0.688340116885	6	909	1	
115	0	83	step_1_no_load	1	2	2	362	
115	0	83	step_2_no_load	3	4	0.382772464038	0.607907985871	4	878	1	
115	0	84	step_1_no_load	1	2	1	79	
115	0	84	step_2_no_load	3	4	0.385087938645	0.65843840156	3	785	0	
115	0	85	step_1_no_load	1	2	2	368	
115	0	85	step_2_no_load	3	4	0.384458259121	0.692384972752	4	1481	1	
115	0	86	step_1_no_load	1	2	2	609	
115	0	86	step_2_no_load	5	6	0.486462788728	0.721207648497	5	484	1	
115	0	87	step_1_no_load	1	2	2	11	
115	0	87	step_2_no_load	5	6	0.493867001103	0.690012761069	6	150	0	
115	0	88	step_1_no_load	1	2	2	666	
115	0	88	step_2_no_load	5	6	0.509563243675	0.696773608304	6	1043	1	
115	0	89	step_1_no_load	1	2	1	305	
115	0	89	step_2_no_load	3	4	0.415882489686	0.690772436485	4	596	1	
115	0	90	step_1_no_load	1	2	2	20	
115	0	90	step_2_no_load	5	6	0.530126112124	0.688736868033	6	802	1	
115	0	91	step_1_no_load	1	2	1	322	
115	0	91	step_2_no_load	3	4	0.43534164751	0.685023809334	3	881	0	
115	0	92	step_1_no_load	1	2	2	432	
115	0	92	step_2_no_load	5	6	0.484260039873	0.679381608313	6	712	1	
115	0	93	step_1_no_load	1	2	2	259	
115	0	93	step_2_no_load	3	4	0.439878153082	0.70415710998	4	768	1	
115	0	94	step_1_no_load	1	2	2	440	
115	0	94	step_2_no_load	3	4	0.429211756872	0.719464414227	3	569	1	
115	0	95	step_1_no_load	1	2	1	285	
115	0	95	step_2_no_load	3	4	0.427150666411	0.715495469274	4	611	0	
115	0	96	step_1_no_load	1	2	2	314	
115	0	96	step_2_no_load	5	6	0.437558890646	0.663095813561	6	782	0	
115	0	97	step_1_no_load	1	2	2	252	
115	0	97	step_2_no_load	3	4	0.392885664353	0.681272614291	4	720	1	
115	0	98	step_1_no_load	1	2	1	127	
115	0	98	step_2_no_load	3	4	0.409778171713	0.70287861952	3	997	0	
115	0	99	step_1_no_load	1	2	2	400	
115	0	99	step_2_no_load	5	6	0.375249961522	0.645191748454	6	811	1	
115	0	100	step_1_no_load	1	2	1	85	
115	0	100	step_2_no_load	3	4	0.4333505304	0.666227451505	-1	-1	-1	
115	0	101	step_1_no_load	1	2	2	1	
115	0	101	step_2_no_load	5	6	0.366879421891	0.655903528958	6	478	1	
115	0	102	step_1_no_load	1	2	2	300	
115	0	102	step_2_no_load	5	6	0.326080462175	0.663124617603	5	503	1	
115	0	103	step_1_no_load	1	2	1	403	
115	0	103	step_2_no_load	3	4	0.481975449893	0.663997796029	4	696	1	
115	0	104	step_1_no_load	1	2	2	390	
115	0	104	step_2_no_load	5	6	0.303696146503	0.743372642809	5	867	0	
115	0	105	step_1_no_load	1	2	1	410	
115	0	105	step_2_no_load	3	4	0.514318365187	0.689135357059	4	568	1	
115	0	106	step_1_no_load	1	2	2	433	
115	0	106	step_2_no_load	5	6	0.374131494222	0.699623252899	6	785	1	
115	0	107	step_1_no_load	1	2	2	342	
115	0	107	step_2_no_load	5	6	0.388257337796	0.677514185929	5	822	0	
115	0	108	step_1_no_load	1	2	2	396	
115	0	108	step_2_no_load	5	6	0.388185708856	0.681491063126	6	715	0	
115	0	109	step_1_no_load	1	2	2	374	
115	0	109	step_2_no_load	5	6	0.372328831887	0.68658494263	5	577	0	
115	0	110	step_1_no_load	1	2	1	884	
115	0	110	step_2_no_load	3	4	0.432626681236	0.729599891941	4	730	1	
115	0	111	step_1_no_load	1	2	2	0	
115	0	111	step_2_no_load	5	6	0.407158158569	0.634599547742	6	392	1	
115	0	112	step_1_no_load	1	2	1	810	
115	0	112	step_2_no_load	3	4	0.392887565883	0.725701866094	3	860	0	
115	0	113	step_1_no_load	1	2	2	349	
115	0	113	step_2_no_load	5	6	0.387112818105	0.634627459817	6	660	0	
115	0	114	step_1_no_load	1	2	2	0	
115	0	114	step_2_no_load	3	4	0.380324086676	0.718213323791	4	967	1	
115	0	115	step_1_no_load	1	2	2	600	
115	0	115	step_2_no_load	5	6	0.357661171116	0.645721217949	5	878	0	
115	0	116	step_1_no_load	1	2	2	330	
115	0	116	step_2_no_load	3	4	0.378149844807	0.706736514943	4	527	1	
115	0	117	step_1_no_load	1	2	1	734	
115	0	117	step_2_no_load	3	4	0.374621793791	0.747012267642	4	777	1	
115	0	118	step_1_no_load	1	2	2	342	
115	0	118	step_2_no_load	5	6	0.362977115924	0.690484235012	5	1029	0	
115	0	119	step_1_no_load	1	2	2	281	
115	0	119	step_2_no_load	3	4	0.357515098446	0.690424535099	4	872	1	
115	0	120	step_1_no_load	1	2	2	461	
115	0	120	step_2_no_load	5	6	0.333809617664	0.666433355915	6	630	1	
115	0	121	step_1_no_load	1	2	2	369	
115	0	121	step_2_no_load	5	6	0.310775244958	0.671052306195	5	726	0	
115	0	122	step_1_no_load	1	2	2	291	
115	0	122	step_2_no_load	5	6	0.266650857402	0.672193618854	6	1027	1	
115	0	123	step_1_no_load	1	2	2	396	
115	0	123	step_2_no_load	5	6	0.269780614928	0.664849878232	6	1071	0	
115	0	124	step_1_no_load	1	2	2	303	
115	0	124	step_2_no_load	3	4	0.309430836661	0.603013298253	3	781	0	
115	0	125	step_1_no_load	1	2	2	363	
115	0	125	step_2_no_load	5	6	0.290374841566	0.633566302563	6	927	1	
115	0	126	step_1_no_load	1	2	2	381	
115	0	126	step_2_no_load	3	4	0.300846667696	0.537863824328	4	1098	1	
115	0	127	step_1_no_load	1	2	2	388	
115	0	127	step_2_no_load	5	6	0.273483952592	0.646945556251	6	694	1	
115	0	128	step_1_no_load	1	2	1	81	
115	0	128	step_2_no_load	3	4	0.250790232267	0.636905534066	4	682	1	
115	0	129	step_1_no_load	1	2	2	343	
115	0	129	step_2_no_load	5	6	0.268213321963	0.632682846317	6	668	1	
115	0	130	step_1_no_load	1	2	1	372	
115	0	130	step_2_no_load	3	4	0.274560758494	0.682031489739	4	510	0	
115	0	131	step_1_no_load	1	2	2	711	
115	0	131	step_2_no_load	3	4	0.311475039155	0.678044920845	4	972	1	
115	0	132	step_1_no_load	1	2	2	593	
115	0	132	step_2_no_load	5	6	0.27986961048	0.660013924697	6	698	1	
115	0	133	step_1_no_load	1	2	1	0	
115	0	133	step_2_no_load	3	4	0.312642735495	0.617383991623	4	886	0	
115	0	134	step_1_no_load	1	2	2	362	
115	0	134	step_2_no_load	5	6	0.287393715313	0.685529359147	6	595	1	
115	0	135	step_1_no_load	1	2	2	415	
115	0	135	step_2_no_load	3	4	0.287118934166	0.593710006149	3	882	1	
115	0	136	step_1_no_load	1	2	1	383	
115	0	136	step_2_no_load	3	4	0.284521085726	0.597814413435	4	711	1	
115	0	137	step_1_no_load	1	2	2	64	
115	0	137	step_2_no_load	5	6	0.346433498467	0.668540846495	6	620	1	
115	0	138	step_1_no_load	1	2	1	259	
115	0	138	step_2_no_load	3	4	0.307694123906	0.63240964674	3	850	1	
115	0	139	step_1_no_load	1	2	2	0	
115	0	139	step_2_no_load	3	4	0.323660750961	0.636630981281	4	699	0	
115	0	140	step_1_no_load	1	2	2	344	
115	0	140	step_2_no_load	5	6	0.348740542008	0.637682840728	6	471	1	
115	0	141	step_1_no_load	1	2	1	259	
115	0	141	step_2_no_load	3	4	0.311809871418	0.711987889705	4	1101	1	
115	0	142	step_1_no_load	1	2	2	341	
115	0	142	step_2_no_load	5	6	0.397052682821	0.627356259123	6	1033	1	
115	0	143	step_1_no_load	1	2	1	451	
115	0	143	step_2_no_load	5	6	0.410970957547	0.610219102298	5	921	1	
115	0	144	step_1_no_load	1	2	2	311	
115	0	144	step_2_no_load	5	6	0.389234194056	0.639347300184	6	753	0	
115	0	145	step_1_no_load	1	2	1	207	
115	0	145	step_2_no_load	3	4	0.266265924094	0.6669125229	4	390	0	
115	0	146	step_1_no_load	1	2	2	358	
115	0	146	step_2_no_load	5	6	0.320877500969	0.593778463268	6	637	1	
115	0	147	step_1_no_load	1	2	1	259	
115	0	147	step_2_no_load	3	4	0.265578160642	0.647798886916	3	706	0	
115	0	148	step_1_no_load	1	2	2	268	
115	0	148	step_2_no_load	5	6	0.311162711725	0.648050021239	5	895	0	
115	0	149	step_1_no_load	1	2	2	354	
115	0	149	step_2_no_load	5	6	0.300290206122	0.623203869836	6	914	1	
115	0	150	step_1_no_load	1	2	1	480	
115	0	150	step_2_no_load	3	4	0.305587692243	0.575985663078	3	455	0	
115	0	151	step_1_no_load	1	2	2	527	
115	0	151	step_2_no_load	3	4	0.348172164421	0.59154759351	3	822	0	
115	0	152	step_1_no_load	1	2	2	323	
115	0	152	step_2_no_load	5	6	0.323194010514	0.644204174791	6	391	1	
115	0	153	step_1_no_load	1	2	1	105	
115	0	153	step_2_no_load	3	4	0.309356532263	0.613336203392	4	404	0	
115	0	154	step_1_no_load	1	2	2	551	
115	0	154	step_2_no_load	5	6	0.348349389262	0.671672162443	6	645	0	
115	0	155	step_1_no_load	1	2	2	540	
115	0	155	step_2_no_load	5	6	0.372188990474	0.716100930629	6	498	0	
115	0	156	step_1_no_load	1	2	2	24	
115	0	156	step_2_no_load	3	4	0.32564867104	0.631048201903	4	396	0	
115	0	157	step_1_no_load	1	2	2	422	
115	0	157	step_2_no_load	5	6	0.324728201487	0.720725456325	6	516	1	
115	0	158	step_1_no_load	1	2	1	322	
115	0	158	step_2_no_load	3	4	0.408728803896	0.532722108502	4	453	1	
115	0	159	step_1_no_load	1	2	2	1254	
115	0	159	step_2_no_load	5	6	0.321150411254	0.697903160072	6	1108	0	
115	0	160	step_1_no_load	1	2	1	352	
115	0	160	step_2_no_load	3	4	0.415052912783	0.521229931064	3	576	0	
115	0	161	step_1_no_load	1	2	2	359	
115	0	161	step_2_no_load	5	6	0.438878285506	0.719896286569	6	818	1	
115	0	162	step_1_no_load	1	2	1	239	
115	0	162	step_2_no_load	5	6	0.455329532209	0.695144769903	5	1105	0	
115	0	163	step_1_no_load	1	2	2	364	
115	0	163	step_2_no_load	5	6	0.430920885959	0.697095951435	6	568	1	
115	0	164	step_1_no_load	1	2	1	458	
115	0	164	step_2_no_load	3	4	0.432761720497	0.585961845322	4	361	1	
115	0	165	step_1_no_load	1	2	2	762	
115	0	165	step_2_no_load	5	6	0.347974240867	0.717506143195	5	1091	0	
115	0	166	step_1_no_load	1	2	2	108	
115	0	166	step_2_no_load	5	6	0.356317216644	0.686594248975	6	446	0	
115	0	167	step_1_no_load	1	2	2	401	
115	0	167	step_2_no_load	3	4	0.38753671275	0.585131062446	4	371	0	
115	0	168	step_1_no_load	1	2	2	0	
115	0	168	step_2_no_load	5	6	0.335777599654	0.67192508984	6	534	1	
115	0	169	step_1_no_load	1	2	1	433	
115	0	169	step_2_no_load	3	4	0.42098542374	0.586049140041	4	785	0	
115	0	170	step_1_no_load	1	2	2	124	
115	0	170	step_2_no_load	5	6	0.364989630435	0.67334314737	5	377	1	
115	0	171	step_1_no_load	1	2	1	43	
115	0	171	step_2_no_load	3	4	0.386979310814	0.553314431843	3	1201	0	
115	0	172	step_1_no_load	1	2	1	465	
115	0	172	step_2_no_load	5	6	0.490120307546	0.668669556875	6	593	0	
115	0	173	step_1_no_load	1	2	1	750	
115	0	173	step_2_no_load	3	4	0.385349297983	0.484428109849	4	1060	0	
115	0	174	step_1_no_load	1	2	2	323	
115	0	174	step_2_no_load	5	6	0.46236234172	0.729877433725	5	595	0	
115	0	175	step_1_no_load	1	2	2	85	
115	0	175	step_2_no_load	5	6	0.484825491933	0.693968268443	6	606	1	
115	0	176	step_1_no_load	1	2	2	349	
115	0	176	step_2_no_load	5	6	0.500856457218	0.679250000396	6	789	1	
115	0	177	step_1_no_load	1	2	2	487	
115	0	177	step_2_no_load	3	4	0.357425668099	0.501268576771	3	623	0	
115	0	178	step_1_no_load	1	2	2	395	
115	0	178	step_2_no_load	3	4	0.36473828006	0.493712351915	4	699	1	
115	0	179	step_1_no_load	1	2	2	499	
115	0	179	step_2_no_load	5	6	0.493565996034	0.709345707515	6	585	1	
115	0	180	step_1_no_load	1	2	1	0	
115	0	180	step_2_no_load	3	4	0.341214611607	0.482853857291	3	802	0	
115	0	181	step_1_no_load	1	2	2	541	
115	0	181	step_2_no_load	5	6	0.480141179559	0.746910336326	6	474	1	
115	0	182	step_1_no_load	1	2	1	394	
115	0	182	step_2_no_load	5	6	0.49907747228	0.72717560423	5	1193	0	
115	0	183	step_1_no_load	1	2	2	382	
115	0	183	step_2_no_load	5	6	0.492742497507	0.720388040749	6	563	1	
115	0	184	step_1_no_load	1	2	2	882	
115	0	184	step_2_no_load	5	6	0.480863422096	0.657291439324	5	837	0	
115	0	185	step_1_no_load	1	2	2	601	
115	0	185	step_2_no_load	3	4	0.362611152222	0.479703516092	3	853	1	
115	0	186	step_1_no_load	1	2	2	286	
115	0	186	step_2_no_load	3	4	0.332733011923	0.46870859828	4	840	0	
115	0	187	step_1_no_load	1	2	2	60	
115	0	187	step_2_no_load	5	6	0.498596507669	0.678211978625	6	393	1	
115	0	188	step_1_no_load	1	2	1	328	
115	0	188	step_2_no_load	3	4	0.291508050861	0.471319680586	4	504	1	
115	0	189	step_1_no_load	1	2	2	525	
115	0	189	step_2_no_load	5	6	0.534753756004	0.688353284054	6	810	1	
115	0	190	step_1_no_load	1	2	2	380	
115	0	190	step_2_no_load	5	6	0.505820429042	0.667655825994	5	388	0	
115	0	191	step_1_no_load	1	2	1	475	
115	0	191	step_2_no_load	3	4	0.318839908867	0.435748387321	4	338	1	
115	0	192	step_1_no_load	1	2	2	373	
115	0	192	step_2_no_load	5	6	0.493851022417	0.705517419189	6	1073	1	
115	0	193	step_1_no_load	1	2	1	370	
115	0	193	step_2_no_load	3	4	0.321008037746	0.440813209638	3	946	1	
115	0	194	step_1_no_load	1	2	2	418	
115	0	194	step_2_no_load	3	4	0.342437174514	0.433250459893	4	819	0	
115	0	195	step_1_no_load	1	2	2	319	
115	0	195	step_2_no_load	5	6	0.494102184238	0.646280688878	6	415	1	
115	0	196	step_1_no_load	1	2	1	605	
115	0	196	step_2_no_load	3	4	0.365373286058	0.421761207498	4	626	0	
115	0	197	step_1_no_load	1	2	2	357	
115	0	197	step_2_no_load	3	4	0.316987700969	0.422511153127	4	329	1	
115	0	198	step_1_no_load	1	2	1	43	
115	0	198	step_2_no_load	3	4	0.303352625941	0.397292432346	3	586	0	
115	0	199	step_1_no_load	1	2	2	111	
115	0	199	step_2_no_load	3	4	0.292861528884	0.39793773834	4	966	0	
115	0	200	step_1_no_load	1	2	2	310	
115	0	200	step_2_no_load	5	6	0.507902534353	0.728996708473	6	913	1	

Mon Mar 12 17:08:28 2018
