Tue Jul 14 14:51:58 2020	
296	0	1	step_1_no_load	1	2	1	974	
296	0	1	step_2_no_load	3	4	0.598297890399	0.457620150462	4	780	0	
296	0	2	step_1_no_load	1	2	2	934	
296	0	2	step_2_no_load	3	4	0.580156942153	0.474613197709	-1	-1	-1	
296	0	3	step_1_no_load	1	2	1	680	
296	0	3	step_2_no_load	3	4	0.584197065669	0.476767372206	4	1472	1	
296	0	4	step_1_no_load	1	2	2	840	
296	0	4	step_2_no_load	5	6	0.494597764192	0.564086293706	6	891	1	
296	0	5	step_1_no_load	1	2	2	482	
296	0	5	step_2_no_load	5	6	0.543908521457	0.576104915614	6	606	0	
296	0	6	step_1_no_load	1	2	1	585	
296	0	6	step_2_no_load	3	4	0.585722686883	0.506877622204	4	1475	1	
296	0	7	step_1_no_load	1	2	2	1069	
296	0	7	step_2_no_load	5	6	0.506408070053	0.622642364361	5	1080	0	
296	0	8	step_1_no_load	1	2	1	889	
296	0	8	step_2_no_load	5	6	0.499203529332	0.624210374623	5	1264	0	
296	0	9	step_1_no_load	1	2	1	526	
296	0	9	step_2_no_load	5	6	0.54429228266	0.641106877158	6	699	1	
296	0	10	step_1_no_load	1	2	1	693	
296	0	10	step_2_no_load	3	4	0.652626043146	0.482364178155	3	1214	0	
296	0	11	step_1_no_load	1	2	1	662	
296	0	11	step_2_no_load	3	4	0.69163818036	0.477013315682	4	495	1	
296	0	12	step_1_no_load	1	2	2	798	
296	0	12	step_2_no_load	5	6	0.597131918027	0.552770607849	6	1115	0	
296	0	13	step_1_no_load	1	2	2	330	
296	0	13	step_2_no_load	5	6	0.595790490356	0.558313135925	5	698	1	
296	0	14	step_1_no_load	1	2	2	785	
296	0	14	step_2_no_load	5	6	0.611256675753	0.545555696267	5	895	1	
296	0	15	step_1_no_load	1	2	2	323	
296	0	15	step_2_no_load	3	4	0.612260006668	0.505377237737	3	270	1	
296	0	16	step_1_no_load	1	2	2	708	
296	0	16	step_2_no_load	3	4	0.628091198119	0.510958036527	3	642	0	
296	0	17	step_1_no_load	1	2	1	907	
296	0	17	step_2_no_load	5	6	0.643116883134	0.562895132605	6	1049	0	
296	0	18	step_1_no_load	1	2	1	459	
296	0	18	step_2_no_load	5	6	0.626895526976	0.553554620302	5	424	1	
296	0	19	step_1_no_load	1	2	1	347	
296	0	19	step_2_no_load	3	4	0.619895761657	0.498240186199	3	1268	0	
296	0	20	step_1_no_load	1	2	1	385	
296	0	20	step_2_no_load	3	4	0.636521555122	0.478025448397	4	563	0	
296	0	21	step_1_no_load	1	2	2	908	
296	0	21	step_2_no_load	5	6	0.611328949295	0.470207377245	5	1083	1	
296	0	22	step_1_no_load	1	2	2	232	
296	0	22	step_2_no_load	5	6	0.618527126547	0.468700882609	5	627	1	
296	0	23	step_1_no_load	1	2	2	590	
296	0	23	step_2_no_load	3	4	0.640163623731	0.520606588181	4	1409	1	
296	0	24	step_1_no_load	1	2	2	352	
296	0	24	step_2_no_load	3	4	0.582115115688	0.505388876622	4	553	1	
296	0	25	step_1_no_load	1	2	1	553	
296	0	25	step_2_no_load	5	6	0.629917901014	0.503605105412	6	802	1	
296	0	26	step_1_no_load	1	2	1	232	
296	0	26	step_2_no_load	5	6	0.640635035276	0.532884212818	6	636	1	
296	0	27	step_1_no_load	1	2	1	303	
296	0	27	step_2_no_load	5	6	0.642144756622	0.54756089792	6	698	0	
296	0	28	step_1_no_load	1	2	1	0	
296	0	28	step_2_no_load	5	6	0.647441527317	0.553259388875	5	1013	1	
296	0	29	step_1_no_load	1	2	2	235	
296	0	29	step_2_no_load	3	4	0.606613029227	0.521159009103	4	1241	1	
296	0	30	step_1_no_load	1	2	2	467	
296	0	30	step_2_no_load	5	6	0.610227092493	0.574272497114	6	1135	1	
296	0	31	step_1_no_load	1	2	2	396	
296	0	31	step_2_no_load	5	6	0.606122691795	0.541819886458	6	924	0	
296	0	32	step_1_no_load	1	2	2	336	
296	0	32	step_2_no_load	5	6	0.605616211083	0.522993086096	5	796	1	
296	0	33	step_1_no_load	1	2	1	1276	
296	0	33	step_2_no_load	5	6	0.618000238621	0.542309898544	5	1059	1	
296	0	34	step_1_no_load	1	2	1	342	
296	0	34	step_2_no_load	5	6	0.670290552209	0.538523758058	5	277	0	
296	0	35	step_1_no_load	1	2	1	651	
296	0	35	step_2_no_load	3	4	0.566827313385	0.491437207585	3	1162	0	
296	0	36	step_1_no_load	1	2	1	347	
296	0	36	step_2_no_load	3	4	0.527635087561	0.513210053121	4	516	1	
296	0	37	step_1_no_load	1	2	1	91	
296	0	37	step_2_no_load	3	4	0.513822304161	0.543074626387	4	731	1	
296	0	38	step_1_no_load	1	2	2	378	
296	0	38	step_2_no_load	5	6	0.651263699161	0.595113730206	5	547	0	
296	0	39	step_1_no_load	1	2	2	440	
296	0	39	step_2_no_load	5	6	0.634483337633	0.610601635554	6	590	0	
296	0	40	step_1_no_load	1	2	2	298	
296	0	40	step_2_no_load	5	6	0.636994900683	0.607992802154	5	1057	0	
296	0	41	step_1_no_load	1	2	1	350	
296	0	41	step_2_no_load	3	4	0.524862294848	0.583829055298	4	383	1	
296	0	42	step_1_no_load	1	2	1	418	
296	0	42	step_2_no_load	3	4	0.533857158543	0.553461946234	4	410	1	
296	0	43	step_1_no_load	1	2	1	583	
296	0	43	step_2_no_load	3	4	0.553703096215	0.548128010644	3	1130	0	
296	0	44	step_1_no_load	1	2	1	396	
296	0	44	step_2_no_load	3	4	0.541854396676	0.537842745081	4	423	0	
296	0	45	step_1_no_load	1	2	2	327	
296	0	45	step_2_no_load	5	6	0.620699591043	0.632991467829	5	953	1	
296	0	46	step_1_no_load	1	2	2	344	
296	0	46	step_2_no_load	5	6	0.654261318712	0.600964500555	5	404	1	
296	0	47	step_1_no_load	1	2	2	396	
296	0	47	step_2_no_load	5	6	0.634373567175	0.598724660986	6	873	1	
296	0	48	step_1_no_load	1	2	2	337	
296	0	48	step_2_no_load	5	6	0.657624935632	0.615767119776	6	358	1	
296	0	49	step_1_no_load	1	2	1	349	
296	0	49	step_2_no_load	5	6	0.614679490594	0.610193185592	6	620	1	
296	0	50	step_1_no_load	1	2	2	484	
296	0	50	step_2_no_load	5	6	0.593458480934	0.606862017918	6	878	0	
296	0	51	step_1_no_load	1	2	1	458	
296	0	51	step_2_no_load	5	6	0.613357430892	0.564866799699	6	471	1	
296	0	52	step_1_no_load	1	2	1	1337	
296	0	52	step_2_no_load	3	4	0.513589895419	0.429622901875	3	603	0	
296	0	53	step_1_no_load	1	2	1	307	
296	0	53	step_2_no_load	3	4	0.475342927439	0.451905460347	4	437	0	
296	0	54	step_1_no_load	1	2	2	397	
296	0	54	step_2_no_load	5	6	0.652515308527	0.570223904064	5	1085	1	
296	0	55	step_1_no_load	1	2	2	518	
296	0	55	step_2_no_load	5	6	0.639840796975	0.574045915747	5	304	1	
296	0	56	step_1_no_load	1	2	1	786	
296	0	56	step_2_no_load	3	4	0.538512915562	0.459773408493	-1	-1	-1	
296	0	57	step_1_no_load	1	2	1	287	
296	0	57	step_2_no_load	3	4	0.516475618243	0.466449077359	3	371	0	
296	0	58	step_1_no_load	1	2	1	353	
296	0	58	step_2_no_load	3	4	0.528376440027	0.478335218822	4	414	1	
296	0	59	step_1_no_load	1	2	2	370	
296	0	59	step_2_no_load	5	6	0.608951267756	0.632500293208	5	930	0	
296	0	60	step_1_no_load	1	2	1	277	
296	0	60	step_2_no_load	3	4	0.479287247283	0.491916707098	4	434	1	
296	0	61	step_1_no_load	1	2	1	476	
296	0	61	step_2_no_load	3	4	0.527144452559	0.464268875813	4	533	0	
296	0	62	step_1_no_load	1	2	2	920	
296	0	62	step_2_no_load	3	4	0.533031417444	0.50724109756	4	1337	1	
296	0	63	step_1_no_load	1	2	2	359	
296	0	63	step_2_no_load	5	6	0.642623127313	0.664284493458	6	404	1	
296	0	64	step_1_no_load	1	2	2	870	
296	0	64	step_2_no_load	5	6	0.626149195169	0.642369708469	6	645	1	
296	0	65	step_1_no_load	1	2	1	465	
296	0	65	step_2_no_load	5	6	0.619953360065	0.612660225018	5	798	0	
296	0	66	step_1_no_load	1	2	1	402	
296	0	66	step_2_no_load	3	4	0.555324764318	0.573761869714	4	340	0	
296	0	67	step_1_no_load	1	2	1	1069	
296	0	67	step_2_no_load	3	4	0.538279387614	0.542076810516	3	1459	0	
296	0	68	step_1_no_load	1	2	1	786	
296	0	68	step_2_no_load	3	4	0.523301545299	0.509127161919	4	850	1	
296	0	69	step_1_no_load	1	2	-1	-1	
296	0	70	step_1_no_load	1	2	2	577	
296	0	70	step_2_no_load	5	6	0.697741832068	0.637556284465	6	1092	1	
296	0	71	step_1_no_load	1	2	1	604	
296	0	71	step_2_no_load	3	4	0.546215110045	0.482863323776	4	608	1	
296	0	72	step_1_no_load	1	2	1	392	
296	0	72	step_2_no_load	3	4	0.556486305476	0.47409116389	3	636	0	
296	0	73	step_1_no_load	1	2	2	372	
296	0	73	step_2_no_load	5	6	0.727961155836	0.657126403029	5	761	0	
296	0	74	step_1_no_load	1	2	1	604	
296	0	74	step_2_no_load	3	4	0.491044983779	0.453420386428	4	756	1	
296	0	75	step_1_no_load	1	2	1	361	
296	0	75	step_2_no_load	5	6	0.697629587097	0.615552849174	5	1146	1	
296	0	76	step_1_no_load	1	2	1	328	
296	0	76	step_2_no_load	3	4	0.518881389358	0.488583631821	4	466	1	
296	0	77	step_1_no_load	1	2	2	473	
296	0	77	step_2_no_load	5	6	0.679737625371	0.564257587118	5	1256	0	
296	0	78	step_1_no_load	1	2	2	246	
296	0	78	step_2_no_load	5	6	0.647586191228	0.536711448352	6	571	1	
296	0	79	step_1_no_load	1	2	2	452	
296	0	79	step_2_no_load	5	6	0.647841624544	0.513695512795	6	676	0	
296	0	80	step_1_no_load	1	2	1	328	
296	0	80	step_2_no_load	3	4	0.49921021142	0.396016175285	4	765	1	
296	0	81	step_1_no_load	1	2	1	288	
296	0	81	step_2_no_load	3	4	0.494116554432	0.419265522488	4	263	1	
296	0	82	step_1_no_load	1	2	1	705	
296	0	82	step_2_no_load	5	6	0.688340116885	0.564729328387	6	1252	1	
296	0	83	step_1_no_load	1	2	1	554	
296	0	83	step_2_no_load	3	4	0.483255412498	0.382772464038	3	1014	0	
296	0	84	step_1_no_load	1	2	2	389	
296	0	84	step_2_no_load	5	6	0.731466635793	0.65843840156	5	554	1	
296	0	85	step_1_no_load	1	2	2	264	
296	0	85	step_2_no_load	5	6	0.712989604416	0.692384972752	5	613	0	
296	0	86	step_1_no_load	1	2	2	475	
296	0	86	step_2_no_load	5	6	0.721207648497	0.691782850001	6	580	1	
296	0	87	step_1_no_load	1	2	1	328	
296	0	87	step_2_no_load	5	6	0.690012761069	0.719375344246	5	590	1	
296	0	88	step_1_no_load	1	2	1	432	
296	0	88	step_2_no_load	5	6	0.696773608304	0.717410082358	5	420	1	
296	0	89	step_1_no_load	1	2	1	560	
296	0	89	step_2_no_load	3	4	0.490019385174	0.415882489686	3	1196	0	
296	0	90	step_1_no_load	1	2	1	110	
296	0	90	step_2_no_load	3	4	0.530126112124	0.411459496853	4	435	0	
296	0	91	step_1_no_load	1	2	2	331	
296	0	91	step_2_no_load	5	6	0.657820521772	0.685023809334	5	1015	1	
296	0	92	step_1_no_load	1	2	2	514	
296	0	92	step_2_no_load	3	4	0.484260039873	0.444368850664	4	997	0	
296	0	93	step_1_no_load	1	2	2	367	
296	0	93	step_2_no_load	3	4	0.473273727684	0.439878153082	3	568	0	
296	0	94	step_1_no_load	1	2	1	589	
296	0	94	step_2_no_load	3	4	0.468637558205	0.429211756872	4	1345	1	
296	0	95	step_1_no_load	1	2	1	515	
296	0	95	step_2_no_load	3	4	0.42505578884	0.427150666411	4	449	1	
296	0	96	step_1_no_load	1	2	1	399	
296	0	96	step_2_no_load	5	6	0.663095813561	0.693739812506	5	1132	0	
296	0	97	step_1_no_load	1	2	1	483	
296	0	97	step_2_no_load	3	4	0.455601814112	0.392885664353	4	990	1	
296	0	98	step_1_no_load	1	2	1	777	
296	0	98	step_2_no_load	5	6	0.646040060297	0.70287861952	6	325	0	
296	0	99	step_1_no_load	1	2	2	317	
296	0	99	step_2_no_load	5	6	0.645191748454	0.673709850038	5	506	1	
296	0	100	step_1_no_load	1	2	2	338	
296	0	100	step_2_no_load	5	6	0.66579920021	0.666227451505	5	484	1	
296	0	101	step_1_no_load	1	2	2	334	
296	0	101	step_2_no_load	5	6	0.655903528958	0.623812401974	5	626	0	
296	0	102	step_1_no_load	1	2	1	356	
296	0	102	step_2_no_load	3	4	0.326080462175	0.494584754513	4	925	0	
296	0	103	step_1_no_load	1	2	1	583	
296	0	103	step_2_no_load	5	6	0.69058998368	0.663997796029	5	1214	1	
296	0	104	step_1_no_load	1	2	1	352	
296	0	104	step_2_no_load	3	4	0.303696146503	0.521047445908	4	1377	0	
296	0	105	step_1_no_load	1	2	1	277	
296	0	105	step_2_no_load	3	4	0.352639603242	0.514318365187	3	867	0	
296	0	106	step_1_no_load	1	2	1	406	
296	0	106	step_2_no_load	3	4	0.374131494222	0.508908032404	4	591	1	
296	0	107	step_1_no_load	1	2	2	533	
296	0	107	step_2_no_load	5	6	0.677514185929	0.692607431435	6	243	1	
296	0	108	step_1_no_load	1	2	2	462	
296	0	108	step_2_no_load	5	6	0.681491063126	0.695928523711	5	228	1	
296	0	109	step_1_no_load	1	2	1	264	
296	0	109	step_2_no_load	3	4	0.372328831887	0.479977531501	3	318	1	
296	0	110	step_1_no_load	1	2	1	384	
296	0	110	step_2_no_load	5	6	0.65455226558	0.729599891941	-1	-1	-1	
296	0	111	step_1_no_load	1	2	2	433	
296	0	111	step_2_no_load	3	4	0.407158158569	0.384948378665	3	399	1	
296	0	112	step_1_no_load	1	2	1	805	
296	0	112	step_2_no_load	5	6	0.635252945963	0.725701866094	5	920	1	
296	0	113	step_1_no_load	1	2	1	422	
296	0	113	step_2_no_load	3	4	0.387112818105	0.370697120277	-1	-1	-1	
296	0	114	step_1_no_load	1	2	2	240	
296	0	114	step_2_no_load	5	6	0.657654904272	0.718213323791	5	1190	1	
296	0	115	step_1_no_load	1	2	2	791	
296	0	115	step_2_no_load	5	6	0.645721217949	0.739704344621	5	410	0	
296	0	116	step_1_no_load	1	2	2	302	
296	0	116	step_2_no_load	5	6	0.680124293449	0.706736514943	6	685	0	
296	0	117	step_1_no_load	1	2	1	224	
296	0	117	step_2_no_load	3	4	0.363056877927	0.374621793791	4	860	0	
296	0	118	step_1_no_load	1	2	1	475	
296	0	118	step_2_no_load	5	6	0.690484235012	0.740051715856	5	891	1	
296	0	119	step_1_no_load	1	2	1	371	
296	0	119	step_2_no_load	3	4	0.358243439099	0.357515098446	4	1175	0	
296	0	120	step_1_no_load	1	2	1	405	
296	0	120	step_2_no_load	3	4	0.333809617664	0.370150243662	3	381	1	
296	0	121	step_1_no_load	1	2	2	448	
296	0	121	step_2_no_load	5	6	0.671052306195	0.658856304095	5	1202	1	
296	0	122	step_1_no_load	1	2	2	375	
296	0	122	step_2_no_load	3	4	0.266650857402	0.329624572119	3	323	0	
296	0	123	step_1_no_load	1	2	1	260	
296	0	123	step_2_no_load	3	4	0.269780614928	0.337526896345	4	502	0	
296	0	124	step_1_no_load	1	2	1	260	
296	0	124	step_2_no_load	5	6	0.624161788269	0.603013298253	5	303	1	
296	0	125	step_1_no_load	1	2	2	321	
296	0	125	step_2_no_load	5	6	0.633566302563	0.559596800931	5	361	1	
296	0	126	step_1_no_load	1	2	1	498	
296	0	126	step_2_no_load	3	4	0.267206368684	0.300846667696	3	330	1	
296	0	127	step_1_no_load	1	2	2	255	
296	0	127	step_2_no_load	5	6	0.646945556251	0.560824094575	5	717	1	
296	0	128	step_1_no_load	1	2	1	640	
296	0	128	step_2_no_load	5	6	0.620672334996	0.636905534066	5	1272	0	
296	0	129	step_1_no_load	1	2	1	329	
296	0	129	step_2_no_load	3	4	0.268213321963	0.271709703542	4	1030	1	
296	0	130	step_1_no_load	1	2	1	278	
296	0	130	step_2_no_load	3	4	0.267460866951	0.274560758494	3	647	0	
296	0	131	step_1_no_load	1	2	2	714	
296	0	131	step_2_no_load	5	6	0.638450601212	0.678044920845	5	955	0	
296	0	132	step_1_no_load	1	2	2	542	
296	0	132	step_2_no_load	5	6	0.660013924697	0.668578020634	6	483	1	
296	0	133	step_1_no_load	1	2	1	589	
296	0	133	step_2_no_load	5	6	0.691649444281	0.617383991623	5	545	1	
296	0	134	step_1_no_load	1	2	1	322	
296	0	134	step_2_no_load	3	4	0.287393715313	0.302839427162	3	422	0	
296	0	135	step_1_no_load	1	2	2	856	
296	0	135	step_2_no_load	5	6	0.700779221781	0.593710006149	5	1137	0	
296	0	136	step_1_no_load	1	2	1	640	
296	0	136	step_2_no_load	5	6	0.674914008636	0.597814413435	5	913	1	
296	0	137	step_1_no_load	1	2	1	277	
296	0	137	step_2_no_load	3	4	0.346433498467	0.325016613024	4	879	0	
296	0	138	step_1_no_load	1	2	1	160	
296	0	138	step_2_no_load	3	4	0.366701525561	0.307694123906	3	807	0	
296	0	139	step_1_no_load	1	2	2	270	
296	0	139	step_2_no_load	5	6	0.696355985729	0.636630981281	6	1168	1	
296	0	140	step_1_no_load	1	2	2	247	
296	0	140	step_2_no_load	5	6	0.637682840728	0.671213945178	6	477	1	
296	0	141	step_1_no_load	1	2	2	299	
296	0	141	step_2_no_load	3	4	0.390227133375	0.311809871418	4	1022	0	
296	0	142	step_1_no_load	1	2	2	239	
296	0	142	step_2_no_load	5	6	0.627356259123	0.690276058009	6	498	0	
296	0	143	step_1_no_load	1	2	1	240	
296	0	143	step_2_no_load	3	4	0.410970957547	0.313516825296	4	1157	0	
296	0	144	step_1_no_load	1	2	1	286	
296	0	144	step_2_no_load	5	6	0.639347300184	0.626443722248	5	904	0	
296	0	145	step_1_no_load	1	2	1	466	
296	0	145	step_2_no_load	5	6	0.606515632748	0.6669125229	6	575	0	
296	0	146	step_1_no_load	1	2	2	352	
296	0	146	step_2_no_load	3	4	0.320877500969	0.257861956214	3	705	0	
296	0	147	step_1_no_load	1	2	2	334	
296	0	147	step_2_no_load	3	4	0.352879785946	0.265578160642	4	399	1	
296	0	148	step_1_no_load	1	2	1	520	
296	0	148	step_2_no_load	5	6	0.648050021239	0.619272702026	5	400	1	
296	0	149	step_1_no_load	1	2	1	425	
296	0	149	step_2_no_load	3	4	0.300290206122	0.269951834184	4	160	0	
296	0	150	step_1_no_load	1	2	1	328	
296	0	150	step_2_no_load	5	6	0.605912419156	0.575985663078	5	626	1	
296	0	151	step_1_no_load	1	2	2	318	
296	0	151	step_2_no_load	5	6	0.614159737668	0.59154759351	5	1042	1	
296	0	152	step_1_no_load	1	2	2	1044	
296	0	152	step_2_no_load	3	4	0.323194010514	0.307702500543	3	1116	0	
296	0	153	step_1_no_load	1	2	1	603	
296	0	153	step_2_no_load	3	4	0.343622632154	0.309356532263	4	1233	0	
296	0	154	step_1_no_load	1	2	1	372	
296	0	154	step_2_no_load	5	6	0.671672162443	0.638934099562	5	994	1	
296	0	155	step_1_no_load	1	2	1	270	
296	0	155	step_2_no_load	3	4	0.372188990474	0.296093457977	4	506	0	
296	0	156	step_1_no_load	1	2	2	332	
296	0	156	step_2_no_load	3	4	0.368378667812	0.32564867104	3	1209	1	
296	0	157	step_1_no_load	1	2	2	692	
296	0	157	step_2_no_load	3	4	0.324728201487	0.350909357271	3	635	1	
296	0	158	step_1_no_load	1	2	2	308	
296	0	158	step_2_no_load	5	6	0.694270715354	0.532722108502	6	669	1	
296	0	159	step_1_no_load	1	2	2	467	
296	0	159	step_2_no_load	5	6	0.697903160072	0.541222065796	6	404	0	
296	0	160	step_1_no_load	1	2	1	160	
296	0	160	step_2_no_load	3	4	0.355992626298	0.415052912783	3	1019	0	
296	0	161	step_1_no_load	1	2	1	321	
296	0	161	step_2_no_load	3	4	0.438878285506	0.407025633682	4	745	0	
296	0	162	step_1_no_load	1	2	1	592	
296	0	162	step_2_no_load	3	4	0.455329532209	0.3926701003	3	865	0	
296	0	163	step_1_no_load	1	2	2	346	
296	0	163	step_2_no_load	3	4	0.430920885959	0.395221309311	3	1164	0	
296	0	164	step_1_no_load	1	2	2	620	
296	0	164	step_2_no_load	5	6	0.692137394606	0.585961845322	6	324	0	
296	0	165	step_1_no_load	1	2	2	364	
296	0	165	step_2_no_load	5	6	0.717506143195	0.538026607649	5	662	1	
296	0	166	step_1_no_load	1	2	2	433	
296	0	166	step_2_no_load	3	4	0.356317216644	0.422282731054	4	450	0	
296	0	167	step_1_no_load	1	2	2	337	
296	0	167	step_2_no_load	5	6	0.706271792549	0.585131062446	5	117	1	
296	0	168	step_1_no_load	1	2	2	440	
296	0	168	step_2_no_load	3	4	0.335777599654	0.400817642375	4	363	1	
296	0	169	step_1_no_load	1	2	2	490	
296	0	169	step_2_no_load	3	4	0.365156560071	0.42098542374	3	260	0	
296	0	170	step_1_no_load	1	2	2	234	
296	0	170	step_2_no_load	3	4	0.364989630435	0.411067820436	4	468	0	
296	0	171	step_1_no_load	1	2	1	246	
296	0	171	step_2_no_load	3	4	0.425122034074	0.386979310814	4	992	1	
296	0	172	step_1_no_load	1	2	1	318	
296	0	172	step_2_no_load	3	4	0.490120307546	0.363617002148	4	436	0	
296	0	173	step_1_no_load	1	2	1	397	
296	0	173	step_2_no_load	3	4	0.462866379815	0.385349297983	3	781	0	
296	0	174	step_1_no_load	1	2	2	707	
296	0	174	step_2_no_load	5	6	0.729877433725	0.472729524832	5	798	1	
296	0	175	step_1_no_load	1	2	2	298	
296	0	175	step_2_no_load	5	6	0.693968268443	0.52644949356	5	398	1	
296	0	176	step_1_no_load	1	2	2	568	
296	0	176	step_2_no_load	5	6	0.679250000396	0.474046874473	6	888	1	
296	0	177	step_1_no_load	1	2	1	276	
296	0	177	step_2_no_load	3	4	0.4798184927	0.357425668099	3	1266	0	
296	0	178	step_1_no_load	1	2	2	104	
296	0	178	step_2_no_load	5	6	0.705993797498	0.493712351915	6	390	1	
296	0	179	step_1_no_load	1	2	2	609	
296	0	179	step_2_no_load	3	4	0.493565996034	0.324685418097	3	856	1	
296	0	180	step_1_no_load	1	2	1	345	
296	0	180	step_2_no_load	3	4	0.489345734128	0.341214611607	4	518	0	
296	0	181	step_1_no_load	1	2	1	193	
296	0	181	step_2_no_load	3	4	0.480141179559	0.342402764747	3	427	0	
296	0	182	step_1_no_load	1	2	2	0	
296	0	182	step_2_no_load	5	6	0.72717560423	0.506773281362	6	482	1	
296	0	183	step_1_no_load	1	2	2	554	
296	0	183	step_2_no_load	3	4	0.492742497507	0.350175837802	4	436	0	
296	0	184	step_1_no_load	1	2	1	279	
296	0	184	step_2_no_load	3	4	0.480863422096	0.362743255194	3	533	1	
296	0	185	step_1_no_load	1	2	1	382	
296	0	185	step_2_no_load	3	4	0.482228039858	0.362611152222	3	614	0	
296	0	186	step_1_no_load	1	2	2	556	
296	0	186	step_2_no_load	3	4	0.484672582719	0.332733011923	3	388	0	
296	0	187	step_1_no_load	1	2	2	290	
296	0	187	step_2_no_load	5	6	0.678211978625	0.443962917772	6	623	0	
296	0	188	step_1_no_load	1	2	1	291	
296	0	188	step_2_no_load	3	4	0.548350535247	0.291508050861	4	465	0	
296	0	189	step_1_no_load	1	2	2	380	
296	0	189	step_2_no_load	5	6	0.688353284054	0.448897869069	5	862	1	
296	0	190	step_1_no_load	1	2	1	387	
296	0	190	step_2_no_load	3	4	0.505820429042	0.304557739386	4	696	0	
296	0	191	step_1_no_load	1	2	2	414	
296	0	191	step_2_no_load	5	6	0.664271461991	0.435748387321	5	695	0	
296	0	192	step_1_no_load	1	2	2	482	
296	0	192	step_2_no_load	5	6	0.705517419189	0.450791310283	6	465	0	
296	0	193	step_1_no_load	1	2	1	1008	
296	0	193	step_2_no_load	3	4	0.504944704439	0.321008037746	4	1205	1	
296	0	194	step_1_no_load	1	2	1	267	
296	0	194	step_2_no_load	3	4	0.505359594715	0.342437174514	4	447	1	
296	0	195	step_1_no_load	1	2	2	289	
296	0	195	step_2_no_load	3	4	0.494102184238	0.348571348505	3	778	0	
296	0	196	step_1_no_load	1	2	2	377	
296	0	196	step_2_no_load	5	6	0.695101215304	0.421761207498	5	1210	1	
296	0	197	step_1_no_load	1	2	2	520	
296	0	197	step_2_no_load	5	6	0.686552522522	0.422511153127	5	464	1	
296	0	198	step_1_no_load	1	2	1	269	
296	0	198	step_2_no_load	3	4	0.485065498391	0.303352625941	4	1137	0	
296	0	199	step_1_no_load	1	2	1	481	
296	0	199	step_2_no_load	5	6	0.73697129762	0.39793773834	6	1266	1	
296	0	200	step_1_no_load	1	2	1	254	
296	0	200	step_2_no_load	5	6	0.728996708473	0.372436949782	6	538	1	

Tue Jul 14 15:11:43 2020
