Mon Mar 19 16:51:21 2018	
118	0	1	step_1_no_load	1	2	-1	-1	
118	0	2	step_1_no_load	1	2	1	453	
118	0	2	step_2_no_load	5	6	0.610961032466	0.580156942153	6	532	1	
118	0	3	step_1_no_load	1	2	1	367	
118	0	3	step_2_no_load	3	4	0.516002945397	0.476767372206	4	271	0	
118	0	4	step_1_no_load	1	2	1	308	
118	0	4	step_2_no_load	5	6	0.564086293706	0.597491569846	6	266	1	
118	0	5	step_1_no_load	1	2	1	517	
118	0	5	step_2_no_load	5	6	0.576104915614	0.623810210114	6	274	0	
118	0	6	step_1_no_load	1	2	1	749	
118	0	6	step_2_no_load	3	4	0.490454120702	0.506877622204	4	525	1	
118	0	7	step_1_no_load	1	2	1	834	
118	0	7	step_2_no_load	5	6	0.622642364361	0.568656746487	6	381	0	
118	0	8	step_1_no_load	1	2	1	522	
118	0	8	step_2_no_load	3	4	0.499203529332	0.489816616396	4	370	0	
118	0	9	step_1_no_load	1	2	1	283	
118	0	9	step_2_no_load	5	6	0.641106877158	0.598049061473	6	222	0	
118	0	10	step_1_no_load	1	2	1	315	
118	0	10	step_2_no_load	3	4	0.576063520885	0.482364178155	4	229	1	
118	0	11	step_1_no_load	1	2	1	564	
118	0	11	step_2_no_load	5	6	0.609191465743	0.69163818036	6	357	1	
118	0	12	step_1_no_load	1	2	1	298	
118	0	12	step_2_no_load	3	4	0.597131918027	0.48457206759	4	177	1	
118	0	13	step_1_no_load	1	2	1	295	
118	0	13	step_2_no_load	3	4	0.595790490356	0.52012981853	4	232	0	
118	0	14	step_1_no_load	1	2	1	243	
118	0	14	step_2_no_load	3	4	0.611256675753	0.491234392147	4	170	0	
118	0	15	step_1_no_load	1	2	1	222	
118	0	15	step_2_no_load	5	6	0.570419113221	0.612260006668	6	53	0	
118	0	16	step_1_no_load	1	2	1	257	
118	0	16	step_2_no_load	5	6	0.553308964466	0.628091198119	5	428	0	
118	0	17	step_1_no_load	1	2	1	254	
118	0	17	step_2_no_load	3	4	0.643116883134	0.535958400205	4	262	0	
118	0	18	step_1_no_load	1	2	1	121	
118	0	18	step_2_no_load	3	4	0.626895526976	0.517514133912	4	75	1	
118	0	19	step_1_no_load	1	2	1	261	
118	0	19	step_2_no_load	3	4	0.644773170243	0.498240186199	4	226	1	
118	0	20	step_1_no_load	1	2	1	269	
118	0	20	step_2_no_load	3	4	0.60665343963	0.478025448397	4	214	1	
118	0	21	step_1_no_load	1	2	1	216	
118	0	21	step_2_no_load	3	4	0.611328949295	0.49769376036	4	261	1	
118	0	22	step_1_no_load	1	2	1	212	
118	0	22	step_2_no_load	5	6	0.468700882609	0.621949894727	6	103	0	
118	0	23	step_1_no_load	1	2	1	284	
118	0	23	step_2_no_load	5	6	0.513759772011	0.640163623731	5	279	1	
118	0	24	step_1_no_load	1	2	1	89	
118	0	24	step_2_no_load	3	4	0.5800912085	0.505388876622	3	197	0	
118	0	25	step_1_no_load	1	2	1	271	
118	0	25	step_2_no_load	3	4	0.629917901014	0.503316372362	4	216	0	
118	0	26	step_1_no_load	1	2	1	213	
118	0	26	step_2_no_load	3	4	0.640635035276	0.511744353778	4	202	1	
118	0	27	step_1_no_load	1	2	1	227	
118	0	27	step_2_no_load	3	4	0.642144756622	0.507272671939	4	206	0	
118	0	28	step_1_no_load	1	2	1	196	
118	0	28	step_2_no_load	5	6	0.553259388875	0.588356036098	6	262	1	
118	0	29	step_1_no_load	1	2	1	284	
118	0	29	step_2_no_load	5	6	0.561957580386	0.606613029227	6	214	1	
118	0	30	step_1_no_load	1	2	1	331	
118	0	30	step_2_no_load	3	4	0.610227092493	0.4919199548	4	229	1	
118	0	31	step_1_no_load	1	2	1	236	
118	0	31	step_2_no_load	3	4	0.606122691795	0.483156722265	3	207	1	
118	0	32	step_1_no_load	1	2	1	234	
118	0	32	step_2_no_load	3	4	0.605616211083	0.520318771114	4	170	1	
118	0	33	step_1_no_load	1	2	1	286	
118	0	33	step_2_no_load	3	4	0.618000238621	0.487664344039	4	166	0	
118	0	34	step_1_no_load	1	2	1	239	
118	0	34	step_2_no_load	3	4	0.670290552209	0.454565258478	3	955	0	
118	0	35	step_1_no_load	1	2	1	299	
118	0	35	step_2_no_load	5	6	0.594167768198	0.566827313385	6	121	1	
118	0	36	step_1_no_load	1	2	1	252	
118	0	36	step_2_no_load	3	4	0.661229326326	0.513210053121	3	391	1	
118	0	37	step_1_no_load	1	2	1	170	
118	0	37	step_2_no_load	3	4	0.660658056664	0.543074626387	4	285	1	
118	0	38	step_1_no_load	1	2	1	235	
118	0	38	step_2_no_load	3	4	0.651263699161	0.553931241266	-1	-1	-1	
118	0	39	step_1_no_load	1	2	1	272	
118	0	39	step_2_no_load	3	4	0.634483337633	0.578640235206	4	255	1	
118	0	40	step_1_no_load	1	2	1	227	
118	0	40	step_2_no_load	5	6	0.607992802154	0.580760785074	5	183	1	
118	0	41	step_1_no_load	1	2	1	245	
118	0	41	step_2_no_load	5	6	0.588857868869	0.524862294848	6	59	0	
118	0	42	step_1_no_load	1	2	1	246	
118	0	42	step_2_no_load	5	6	0.609164606591	0.533857158543	6	86	0	
118	0	43	step_1_no_load	1	2	1	247	
118	0	43	step_2_no_load	3	4	0.581931546759	0.548128010644	4	23	1	
118	0	44	step_1_no_load	1	2	1	228	
118	0	44	step_2_no_load	3	4	0.589653131867	0.537842745081	4	215	1	
118	0	45	step_1_no_load	1	2	1	276	
118	0	45	step_2_no_load	5	6	0.632991467829	0.579346234508	6	195	0	
118	0	46	step_1_no_load	1	2	1	243	
118	0	46	step_2_no_load	3	4	0.654261318712	0.532238720495	4	183	0	
118	0	47	step_1_no_load	1	2	1	217	
118	0	47	step_2_no_load	3	4	0.634373567175	0.493112702321	4	177	0	
118	0	48	step_1_no_load	1	2	1	206	
118	0	48	step_2_no_load	3	4	0.657624935632	0.488280685105	-1	-1	-1	
118	0	49	step_1_no_load	1	2	1	214	
118	0	49	step_2_no_load	5	6	0.610193185592	0.512405963374	6	232	1	
118	0	50	step_1_no_load	1	2	1	216	
118	0	50	step_2_no_load	3	4	0.593458480934	0.47381367271	4	216	1	
118	0	51	step_1_no_load	1	2	1	391	
118	0	51	step_2_no_load	3	4	0.613357430892	0.469943944943	4	253	1	
118	0	52	step_1_no_load	1	2	1	232	
118	0	52	step_2_no_load	3	4	0.613408921915	0.429622901875	4	250	0	
118	0	53	step_1_no_load	1	2	1	228	
118	0	53	step_2_no_load	3	4	0.630956764252	0.451905460347	4	209	0	
118	0	54	step_1_no_load	1	2	1	215	
118	0	54	step_2_no_load	3	4	0.652515308527	0.491512498697	4	120	1	
118	0	55	step_1_no_load	1	2	1	250	
118	0	55	step_2_no_load	3	4	0.639840796975	0.487025527704	4	250	1	
118	0	56	step_1_no_load	1	2	1	267	
118	0	56	step_2_no_load	3	4	0.60038825769	0.459773408493	4	188	0	
118	0	57	step_1_no_load	1	2	1	242	
118	0	57	step_2_no_load	3	4	0.586335094239	0.466449077359	3	1487	1	
118	0	58	step_1_no_load	1	2	1	223	
118	0	58	step_2_no_load	3	4	0.610896130115	0.478335218822	4	246	0	
118	0	59	step_1_no_load	1	2	1	250	
118	0	59	step_2_no_load	5	6	0.632500293208	0.537400760025	6	212	0	
118	0	60	step_1_no_load	1	2	1	265	
118	0	60	step_2_no_load	3	4	0.599559577859	0.491916707098	4	99	1	
118	0	61	step_1_no_load	1	2	1	309	
118	0	61	step_2_no_load	3	4	0.602879526975	0.464268875813	4	152	1	
118	0	62	step_1_no_load	1	2	1	222	
118	0	62	step_2_no_load	3	4	0.622820395113	0.50724109756	4	900	0	
118	0	63	step_1_no_load	1	2	1	241	
118	0	63	step_2_no_load	3	4	0.642623127313	0.53192660365	3	229	1	
118	0	64	step_1_no_load	1	2	1	198	
118	0	64	step_2_no_load	3	4	0.626149195169	0.555062911513	3	98	1	
118	0	65	step_1_no_load	1	2	1	212	
118	0	65	step_2_no_load	5	6	0.612660225018	0.517687993213	6	159	1	
118	0	66	step_1_no_load	1	2	1	217	
118	0	66	step_2_no_load	3	4	0.630357351236	0.573761869714	4	89	0	
118	0	67	step_1_no_load	1	2	1	244	
118	0	67	step_2_no_load	3	4	0.674463681351	0.542076810516	4	296	1	
118	0	68	step_1_no_load	1	2	1	962	
118	0	68	step_2_no_load	5	6	0.622963076372	0.523301545299	6	300	0	
118	0	69	step_1_no_load	1	2	1	245	
118	0	69	step_2_no_load	3	4	0.718756538957	0.499137600991	3	163	1	
118	0	70	step_1_no_load	1	2	1	357	
118	0	70	step_2_no_load	3	4	0.697741832068	0.498834901463	4	212	1	
118	0	71	step_1_no_load	1	2	1	279	
118	0	71	step_2_no_load	3	4	0.706816191949	0.482863323776	4	107	1	
118	0	72	step_1_no_load	1	2	1	285	
118	0	72	step_2_no_load	3	4	0.705884789502	0.47409116389	4	52	1	
118	0	73	step_1_no_load	1	2	1	361	
118	0	73	step_2_no_load	3	4	0.727961155836	0.435957313805	4	336	0	
118	0	74	step_1_no_load	1	2	1	408	
118	0	74	step_2_no_load	3	4	0.693624670847	0.453420386428	4	257	0	
118	0	75	step_1_no_load	1	2	1	291	
118	0	75	step_2_no_load	5	6	0.615552849174	0.483983914712	6	225	0	
118	0	76	step_1_no_load	1	2	1	338	
118	0	76	step_2_no_load	5	6	0.62770291155	0.518881389358	6	270	0	
118	0	77	step_1_no_load	1	2	1	376	
118	0	77	step_2_no_load	3	4	0.679737625371	0.446809557226	4	231	1	
118	0	78	step_1_no_load	1	2	1	305	
118	0	78	step_2_no_load	3	4	0.647586191228	0.435911167612	4	278	1	
118	0	79	step_1_no_load	1	2	1	346	
118	0	79	step_2_no_load	5	6	0.513695512795	0.540085062695	6	279	0	
118	0	80	step_1_no_load	1	2	1	454	
118	0	80	step_2_no_load	5	6	0.518583383166	0.49921021142	5	253	1	
118	0	81	step_1_no_load	1	2	1	266	
118	0	81	step_2_no_load	3	4	0.702400933084	0.419265522488	4	320	1	
118	0	82	step_1_no_load	1	2	1	250	
118	0	82	step_2_no_load	5	6	0.564729328387	0.482727017837	5	76	1	
118	0	83	step_1_no_load	1	2	1	230	
118	0	83	step_2_no_load	3	4	0.726885136842	0.382772464038	4	189	0	
118	0	84	step_1_no_load	1	2	1	231	
118	0	84	step_2_no_load	5	6	0.65843840156	0.505586222209	6	247	1	
118	0	85	step_1_no_load	1	2	1	294	
118	0	85	step_2_no_load	3	4	0.712989604416	0.384458259121	4	243	1	
118	0	86	step_1_no_load	1	2	1	253	
118	0	86	step_2_no_load	3	4	0.721207648497	0.345323068124	3	213	1	
118	0	87	step_1_no_load	1	2	1	327	
118	0	87	step_2_no_load	5	6	0.719375344246	0.493867001103	5	259	1	
118	0	88	step_1_no_load	1	2	1	309	
118	0	88	step_2_no_load	5	6	0.717410082358	0.509563243675	6	234	1	
118	0	89	step_1_no_load	1	2	1	256	
118	0	89	step_2_no_load	3	4	0.660112261017	0.415882489686	4	235	0	
118	0	90	step_1_no_load	1	2	1	252	
118	0	90	step_2_no_load	5	6	0.712247848046	0.530126112124	6	315	0	
118	0	91	step_1_no_load	1	2	1	244	
118	0	91	step_2_no_load	3	4	0.657820521772	0.43534164751	4	263	0	
118	0	92	step_1_no_load	1	2	1	85	
118	0	92	step_2_no_load	3	4	0.679381608313	0.444368850664	3	236	1	
118	0	93	step_1_no_load	1	2	1	290	
118	0	93	step_2_no_load	3	4	0.662863370634	0.439878153082	3	249	1	
118	0	94	step_1_no_load	1	2	1	287	
118	0	94	step_2_no_load	5	6	0.719464414227	0.468637558205	5	204	1	
118	0	95	step_1_no_load	1	2	1	309	
118	0	95	step_2_no_load	3	4	0.640209855442	0.427150666411	3	238	1	
118	0	96	step_1_no_load	1	2	1	254	
118	0	96	step_2_no_load	5	6	0.693739812506	0.437558890646	5	254	0	
118	0	97	step_1_no_load	1	2	1	238	
118	0	97	step_2_no_load	3	4	0.651202057411	0.392885664353	3	220	1	
118	0	98	step_1_no_load	1	2	1	281	
118	0	98	step_2_no_load	5	6	0.70287861952	0.431479829356	5	216	0	
118	0	99	step_1_no_load	1	2	1	207	
118	0	99	step_2_no_load	3	4	0.645191748454	0.397561363605	3	245	1	
118	0	100	step_1_no_load	1	2	1	263	
118	0	100	step_2_no_load	3	4	0.66579920021	0.4333505304	3	224	0	
118	0	101	step_1_no_load	1	2	1	170	
118	0	101	step_2_no_load	3	4	0.655903528958	0.497432607584	4	75	0	
118	0	102	step_1_no_load	1	2	1	220	
118	0	102	step_2_no_load	3	4	0.663124617603	0.494584754513	4	54	1	
118	0	103	step_1_no_load	1	2	-1	-1	
118	0	104	step_1_no_load	1	2	-1	-1	
118	0	105	step_1_no_load	1	2	-1	-1	
118	0	106	step_1_no_load	1	2	1	523	
118	0	106	step_2_no_load	3	4	0.699623252899	0.508908032404	4	258	0	
118	0	107	step_1_no_load	1	2	1	281	
118	0	107	step_2_no_load	5	6	0.692607431435	0.388257337796	5	417	1	
118	0	108	step_1_no_load	1	2	1	268	
118	0	108	step_2_no_load	3	4	0.681491063126	0.526955028982	3	173	1	
118	0	109	step_1_no_load	1	2	1	271	
118	0	109	step_2_no_load	5	6	0.71632547018	0.372328831887	5	196	1	
118	0	110	step_1_no_load	1	2	1	230	
118	0	110	step_2_no_load	3	4	0.65455226558	0.432626681236	3	245	0	
118	0	111	step_1_no_load	1	2	1	310	
118	0	111	step_2_no_load	5	6	0.724852671171	0.407158158569	5	286	1	
118	0	112	step_1_no_load	1	2	1	404	
118	0	112	step_2_no_load	3	4	0.635252945963	0.392887565883	3	442	0	
118	0	113	step_1_no_load	1	2	1	280	
118	0	113	step_2_no_load	3	4	0.634627459817	0.370697120277	4	279	1	
118	0	114	step_1_no_load	1	2	1	288	
118	0	114	step_2_no_load	3	4	0.657654904272	0.380324086676	3	228	1	
118	0	115	step_1_no_load	1	2	1	203	
118	0	115	step_2_no_load	3	4	0.645721217949	0.390027643099	3	99	0	
118	0	116	step_1_no_load	1	2	1	124	
118	0	116	step_2_no_load	3	4	0.680124293449	0.378149844807	3	130	1	
118	0	117	step_1_no_load	1	2	1	197	
118	0	117	step_2_no_load	3	4	0.671842537277	0.374621793791	4	254	0	
118	0	118	step_1_no_load	1	2	1	139	
118	0	118	step_2_no_load	3	4	0.690484235012	0.357645851833	3	82	0	
118	0	119	step_1_no_load	1	2	1	454	
118	0	119	step_2_no_load	3	4	0.661177321751	0.357515098446	3	232	1	
118	0	120	step_1_no_load	1	2	1	281	
118	0	120	step_2_no_load	5	6	0.70587238626	0.333809617664	5	39	1	
118	0	121	step_1_no_load	1	2	1	201	
118	0	121	step_2_no_load	3	4	0.671052306195	0.352721767208	3	172	1	
118	0	122	step_1_no_load	1	2	1	195	
118	0	122	step_2_no_load	3	4	0.672193618854	0.329624572119	3	198	1	
118	0	123	step_1_no_load	1	2	1	121	
118	0	123	step_2_no_load	5	6	0.583607229978	0.269780614928	-1	-1	-1	
118	0	124	step_1_no_load	1	2	1	241	
118	0	124	step_2_no_load	3	4	0.624161788269	0.309430836661	4	351	0	
118	0	125	step_1_no_load	1	2	1	454	
118	0	125	step_2_no_load	3	4	0.633566302563	0.303110862715	3	252	0	
118	0	126	step_1_no_load	1	2	1	719	
118	0	126	step_2_no_load	5	6	0.537863824328	0.267206368684	5	486	0	
118	0	127	step_1_no_load	1	2	1	291	
118	0	127	step_2_no_load	3	4	0.646945556251	0.274944938508	3	248	1	
118	0	128	step_1_no_load	1	2	1	252	
118	0	128	step_2_no_load	5	6	0.636905534066	0.260252451606	5	199	0	
118	0	129	step_1_no_load	1	2	1	254	
118	0	129	step_2_no_load	3	4	0.632682846317	0.271709703542	3	289	1	
118	0	130	step_1_no_load	1	2	1	186	
118	0	130	step_2_no_load	3	4	0.630285316669	0.274560758494	3	215	1	
118	0	131	step_1_no_load	1	2	1	158	
118	0	131	step_2_no_load	5	6	0.678044920845	0.281500842289	5	206	1	
118	0	132	step_1_no_load	1	2	1	240	
118	0	132	step_2_no_load	3	4	0.660013924697	0.315328810424	3	133	0	
118	0	133	step_1_no_load	1	2	1	236	
118	0	133	step_2_no_load	5	6	0.617383991623	0.315608831386	6	270	0	
118	0	134	step_1_no_load	1	2	1	312	
118	0	134	step_2_no_load	5	6	0.621945110858	0.287393715313	5	129	0	
118	0	135	step_1_no_load	1	2	1	437	
118	0	135	step_2_no_load	3	4	0.700779221781	0.287118934166	3	354	0	
118	0	136	step_1_no_load	1	2	1	188	
118	0	136	step_2_no_load	5	6	0.597814413435	0.307766925452	5	65	0	
118	0	137	step_1_no_load	1	2	1	243	
118	0	137	step_2_no_load	5	6	0.605896884497	0.346433498467	5	892	1	
118	0	138	step_1_no_load	1	2	1	283	
118	0	138	step_2_no_load	3	4	0.688182193337	0.307694123906	3	186	1	
118	0	139	step_1_no_load	1	2	1	112	
118	0	139	step_2_no_load	3	4	0.696355985729	0.323660750961	3	220	0	
118	0	140	step_1_no_load	1	2	1	318	
118	0	140	step_2_no_load	3	4	0.637682840728	0.328174526491	3	296	0	
118	0	141	step_1_no_load	1	2	1	290	
118	0	141	step_2_no_load	3	4	0.616803346728	0.311809871418	3	196	1	
118	0	142	step_1_no_load	1	2	1	349	
118	0	142	step_2_no_load	3	4	0.627356259123	0.304203281606	3	222	1	
118	0	143	step_1_no_load	1	2	1	266	
118	0	143	step_2_no_load	3	4	0.610219102298	0.313516825296	4	333	0	
118	0	144	step_1_no_load	1	2	1	267	
118	0	144	step_2_no_load	3	4	0.639347300184	0.275932517017	3	251	1	
118	0	145	step_1_no_load	1	2	1	137	
118	0	145	step_2_no_load	3	4	0.606515632748	0.266265924094	3	144	0	
118	0	146	step_1_no_load	1	2	1	229	
118	0	146	step_2_no_load	3	4	0.593778463268	0.257861956214	4	243	1	
118	0	147	step_1_no_load	1	2	1	291	
118	0	147	step_2_no_load	5	6	0.647798886916	0.352879785946	6	513	1	
118	0	148	step_1_no_load	1	2	1	211	
118	0	148	step_2_no_load	5	6	0.619272702026	0.311162711725	6	248	1	
118	0	149	step_1_no_load	1	2	1	227	
118	0	149	step_2_no_load	5	6	0.601870110183	0.300290206122	6	151	0	
118	0	150	step_1_no_load	1	2	1	283	
118	0	150	step_2_no_load	3	4	0.605912419156	0.305587692243	3	302	0	
118	0	151	step_1_no_load	1	2	1	316	
118	0	151	step_2_no_load	3	4	0.614159737668	0.348172164421	3	201	0	
118	0	152	step_1_no_load	1	2	1	134	
118	0	152	step_2_no_load	3	4	0.644204174791	0.307702500543	4	316	1	
118	0	153	step_1_no_load	1	2	1	193	
118	0	153	step_2_no_load	5	6	0.613336203392	0.343622632154	6	220	0	
118	0	154	step_1_no_load	1	2	1	329	
118	0	154	step_2_no_load	3	4	0.671672162443	0.316375537537	4	321	1	
118	0	155	step_1_no_load	1	2	1	370	
118	0	155	step_2_no_load	3	4	0.716100930629	0.296093457977	4	251	0	
118	0	156	step_1_no_load	1	2	-1	-1	
118	0	157	step_1_no_load	1	2	-1	-1	
118	0	158	step_1_no_load	1	2	-1	-1	
118	0	159	step_1_no_load	1	2	-1	-1	
118	0	160	step_1_no_load	1	2	-1	-1	
118	0	161	step_1_no_load	1	2	1	391	
118	0	161	step_2_no_load	3	4	0.719896286569	0.407025633682	4	564	0	
118	0	162	step_1_no_load	1	2	1	318	
118	0	162	step_2_no_load	3	4	0.695144769903	0.3926701003	3	391	1	
118	0	163	step_1_no_load	1	2	1	230	
118	0	163	step_2_no_load	3	4	0.697095951435	0.395221309311	4	303	1	
118	0	164	step_1_no_load	1	2	1	399	
118	0	164	step_2_no_load	3	4	0.692137394606	0.432761720497	4	263	1	
118	0	165	step_1_no_load	1	2	1	306	
118	0	165	step_2_no_load	5	6	0.538026607649	0.347974240867	6	299	0	
118	0	166	step_1_no_load	1	2	1	210	
118	0	166	step_2_no_load	3	4	0.686594248975	0.422282731054	4	269	0	
118	0	167	step_1_no_load	1	2	1	353	
118	0	167	step_2_no_load	3	4	0.706271792549	0.38753671275	4	218	0	
118	0	168	step_1_no_load	1	2	1	141	
118	0	168	step_2_no_load	3	4	0.67192508984	0.400817642375	4	76	1	
118	0	169	step_1_no_load	1	2	1	294	
118	0	169	step_2_no_load	3	4	0.704981910944	0.42098542374	4	156	0	
118	0	170	step_1_no_load	1	2	1	342	
118	0	170	step_2_no_load	3	4	0.67334314737	0.411067820436	3	40	1	
118	0	171	step_1_no_load	1	2	1	177	
118	0	171	step_2_no_load	5	6	0.553314431843	0.425122034074	5	164	1	
118	0	172	step_1_no_load	1	2	1	348	
118	0	172	step_2_no_load	3	4	0.668669556875	0.363617002148	3	268	1	
118	0	173	step_1_no_load	1	2	1	277	
118	0	173	step_2_no_load	3	4	0.667027212577	0.385349297983	3	0	1	
118	0	174	step_1_no_load	1	2	1	141	
118	0	174	step_2_no_load	5	6	0.472729524832	0.46236234172	5	1362	1	
118	0	175	step_1_no_load	1	2	1	228	
118	0	175	step_2_no_load	3	4	0.693968268443	0.426185553904	3	89	1	
118	0	176	step_1_no_load	1	2	1	219	
118	0	176	step_2_no_load	3	4	0.679250000396	0.383231572002	3	486	1	
118	0	177	step_1_no_load	1	2	1	209	
118	0	177	step_2_no_load	3	4	0.714070205704	0.357425668099	3	212	1	
118	0	178	step_1_no_load	1	2	1	279	
118	0	178	step_2_no_load	3	4	0.705993797498	0.36473828006	3	220	1	
118	0	179	step_1_no_load	1	2	1	298	
118	0	179	step_2_no_load	3	4	0.709345707515	0.324685418097	3	74	1	
118	0	180	step_1_no_load	1	2	1	265	
118	0	180	step_2_no_load	5	6	0.482853857291	0.489345734128	5	142	0	
118	0	181	step_1_no_load	1	2	1	191	
118	0	181	step_2_no_load	3	4	0.746910336326	0.342402764747	3	980	1	
118	0	182	step_1_no_load	1	2	1	317	
118	0	182	step_2_no_load	3	4	0.72717560423	0.340533666308	3	260	1	
118	0	183	step_1_no_load	1	2	1	288	
118	0	183	step_2_no_load	5	6	0.502991759047	0.492742497507	5	240	0	
118	0	184	step_1_no_load	1	2	1	322	
118	0	184	step_2_no_load	3	4	0.657291439324	0.362743255194	3	304	1	
118	0	185	step_1_no_load	1	2	1	367	
118	0	185	step_2_no_load	3	4	0.665622647081	0.362611152222	3	317	1	
118	0	186	step_1_no_load	1	2	1	322	
118	0	186	step_2_no_load	3	4	0.656308636836	0.332733011923	3	256	1	
118	0	187	step_1_no_load	1	2	1	302	
118	0	187	step_2_no_load	5	6	0.443962917772	0.498596507669	5	303	1	
118	0	188	step_1_no_load	1	2	1	300	
118	0	188	step_2_no_load	5	6	0.471319680586	0.548350535247	5	180	0	
118	0	189	step_1_no_load	1	2	1	232	
118	0	189	step_2_no_load	3	4	0.688353284054	0.285168135955	3	228	1	
118	0	190	step_1_no_load	1	2	1	327	
118	0	190	step_2_no_load	3	4	0.667655825994	0.304557739386	3	182	1	
118	0	191	step_1_no_load	1	2	1	315	
118	0	191	step_2_no_load	3	4	0.664271461991	0.318839908867	3	177	0	
118	0	192	step_1_no_load	1	2	1	263	
118	0	192	step_2_no_load	3	4	0.705517419189	0.299297135717	3	440	0	
118	0	193	step_1_no_load	1	2	1	561	
118	0	193	step_2_no_load	3	4	0.679792491164	0.321008037746	3	365	1	
118	0	194	step_1_no_load	1	2	1	208	
118	0	194	step_2_no_load	3	4	0.655261361454	0.342437174514	3	37	1	
118	0	195	step_1_no_load	1	2	1	256	
118	0	195	step_2_no_load	3	4	0.646280688878	0.348571348505	3	148	0	
118	0	196	step_1_no_load	1	2	1	209	
118	0	196	step_2_no_load	5	6	0.421761207498	0.496717662777	5	262	1	
118	0	197	step_1_no_load	1	2	1	444	
118	0	197	step_2_no_load	3	4	0.686552522522	0.316987700969	3	377	1	
118	0	198	step_1_no_load	1	2	1	315	
118	0	198	step_2_no_load	3	4	0.68660989813	0.303352625941	3	157	1	
118	0	199	step_1_no_load	1	2	1	295	
118	0	199	step_2_no_load	3	4	0.73697129762	0.292861528884	3	50	1	
118	0	200	step_1_no_load	1	2	1	345	
118	0	200	step_2_no_load	5	6	0.372436949782	0.507902534353	5	216	0	

Mon Mar 19 17:10:22 2018
