Thu Jul 16 14:06:48 2020	
298	0	1	step_1_no_load	1	2	1	698	
298	0	1	step_2_no_load	3	4	0.598297890399	0.457620150462	3	1371	1	
298	0	2	step_1_no_load	1	2	1	599	
298	0	2	step_2_no_load	3	4	0.580156942153	0.474613197709	3	762	1	
298	0	3	step_1_no_load	1	2	1	509	
298	0	3	step_2_no_load	5	6	0.516002945397	0.589215227351	6	1499	1	
298	0	4	step_1_no_load	1	2	1	768	
298	0	4	step_2_no_load	3	4	0.597491569846	0.478607661228	3	1321	1	
298	0	5	step_1_no_load	1	2	1	763	
298	0	5	step_2_no_load	3	4	0.623810210114	0.495568760483	3	808	1	
298	0	6	step_1_no_load	1	2	1	1450	
298	0	6	step_2_no_load	3	4	0.585722686883	0.506877622204	-1	-1	-1	
298	0	7	step_1_no_load	1	2	1	372	
298	0	7	step_2_no_load	3	4	0.568656746487	0.500071913476	3	518	1	
298	0	8	step_1_no_load	1	2	1	320	
298	0	8	step_2_no_load	5	6	0.499203529332	0.624210374623	5	551	0	
298	0	9	step_1_no_load	1	2	1	497	
298	0	9	step_2_no_load	3	4	0.598049061473	0.496546708465	3	932	1	
298	0	10	step_1_no_load	1	2	1	665	
298	0	10	step_2_no_load	3	4	0.652626043146	0.482364178155	3	619	1	
298	0	11	step_1_no_load	1	2	1	735	
298	0	11	step_2_no_load	3	4	0.69163818036	0.477013315682	3	624	0	
298	0	12	step_1_no_load	1	2	1	765	
298	0	12	step_2_no_load	3	4	0.682786328054	0.48457206759	4	628	1	
298	0	13	step_1_no_load	1	2	1	488	
298	0	13	step_2_no_load	3	4	0.653587098421	0.52012981853	4	654	0	
298	0	14	step_1_no_load	1	2	1	958	
298	0	14	step_2_no_load	3	4	0.629137942344	0.491234392147	3	595	1	
298	0	15	step_1_no_load	1	2	1	637	
298	0	15	step_2_no_load	3	4	0.612260006668	0.505377237737	3	700	0	
298	0	16	step_1_no_load	1	2	1	527	
298	0	16	step_2_no_load	5	6	0.626326396372	0.553308964466	-1	-1	-1	
298	0	17	step_1_no_load	1	2	1	519	
298	0	17	step_2_no_load	3	4	0.633350170016	0.535958400205	4	900	0	
298	0	18	step_1_no_load	1	2	1	333	
298	0	18	step_2_no_load	3	4	0.626834332012	0.517514133912	3	433	1	
298	0	19	step_1_no_load	1	2	1	356	
298	0	19	step_2_no_load	3	4	0.619895761657	0.498240186199	3	438	1	
298	0	20	step_1_no_load	1	2	1	299	
298	0	20	step_2_no_load	5	6	0.60665343963	0.491720931314	6	834	0	
298	0	21	step_1_no_load	1	2	1	638	
298	0	21	step_2_no_load	3	4	0.630305464549	0.49769376036	3	475	1	
298	0	22	step_1_no_load	1	2	1	590	
298	0	22	step_2_no_load	5	6	0.618527126547	0.468700882609	6	623	0	
298	0	23	step_1_no_load	1	2	1	337	
298	0	23	step_2_no_load	3	4	0.640163623731	0.520606588181	3	859	1	
298	0	24	step_1_no_load	1	2	1	517	
298	0	24	step_2_no_load	5	6	0.5800912085	0.503316199018	5	986	0	
298	0	25	step_1_no_load	1	2	1	345	
298	0	25	step_2_no_load	3	4	0.565698722896	0.503316372362	3	350	0	
298	0	26	step_1_no_load	1	2	1	263	
298	0	26	step_2_no_load	3	4	0.592410219737	0.511744353778	3	1370	1	
298	0	27	step_1_no_load	1	2	1	399	
298	0	27	step_2_no_load	3	4	0.57860777711	0.507272671939	3	443	1	
298	0	28	step_1_no_load	1	2	1	310	
298	0	28	step_2_no_load	3	4	0.588356036098	0.520177259699	3	543	1	
298	0	29	step_1_no_load	1	2	1	436	
298	0	29	step_2_no_load	3	4	0.606613029227	0.521159009103	3	809	1	
298	0	30	step_1_no_load	1	2	1	444	
298	0	30	step_2_no_load	3	4	0.608245979832	0.4919199548	3	500	1	
298	0	31	step_1_no_load	1	2	1	742	
298	0	31	step_2_no_load	3	4	0.636602545794	0.483156722265	3	825	1	
298	0	32	step_1_no_load	1	2	1	1159	
298	0	32	step_2_no_load	3	4	0.634585171267	0.520318771114	3	1486	0	
298	0	33	step_1_no_load	1	2	1	1409	
298	0	33	step_2_no_load	3	4	0.611700032906	0.487664344039	-1	-1	-1	
298	0	34	step_1_no_load	1	2	1	705	
298	0	34	step_2_no_load	3	4	0.575802910074	0.454565258478	3	811	0	
298	0	35	step_1_no_load	1	2	1	643	
298	0	35	step_2_no_load	3	4	0.566827313385	0.491437207585	4	760	0	
298	0	36	step_1_no_load	1	2	1	1191	
298	0	36	step_2_no_load	3	4	0.527635087561	0.513210053121	3	541	1	
298	0	37	step_1_no_load	1	2	1	662	
298	0	37	step_2_no_load	5	6	0.660658056664	0.598446394142	5	71	0	
298	0	38	step_1_no_load	1	2	1	581	
298	0	38	step_2_no_load	3	4	0.539078491643	0.553931241266	3	566	1	
298	0	39	step_1_no_load	1	2	1	415	
298	0	39	step_2_no_load	5	6	0.634483337633	0.610601635554	6	586	1	
298	0	40	step_1_no_load	1	2	1	665	
298	0	40	step_2_no_load	5	6	0.636994900683	0.607992802154	6	948	1	
298	0	41	step_1_no_load	1	2	1	1375	
298	0	41	step_2_no_load	3	4	0.524862294848	0.583829055298	3	739	1	
298	0	42	step_1_no_load	1	2	1	1022	
298	0	42	step_2_no_load	3	4	0.533857158543	0.553461946234	3	745	1	
298	0	43	step_1_no_load	1	2	-1	-1	
298	0	44	step_1_no_load	1	2	1	378	
298	0	44	step_2_no_load	3	4	0.541854396676	0.537842745081	3	594	1	
298	0	45	step_1_no_load	1	2	1	555	
298	0	45	step_2_no_load	5	6	0.620699591043	0.632991467829	6	588	1	
298	0	46	step_1_no_load	1	2	1	722	
298	0	46	step_2_no_load	3	4	0.55511883717	0.532238720495	3	1130	1	
298	0	47	step_1_no_load	1	2	1	1130	
298	0	47	step_2_no_load	3	4	0.546259467838	0.493112702321	3	639	0	
298	0	48	step_1_no_load	1	2	1	715	
298	0	48	step_2_no_load	3	4	0.534690828011	0.488280685105	4	1037	1	
298	0	49	step_1_no_load	1	2	1	453	
298	0	49	step_2_no_load	3	4	0.512405963374	0.489287375157	3	458	0	
298	0	50	step_1_no_load	1	2	1	697	
298	0	50	step_2_no_load	3	4	0.481616544184	0.47381367271	4	731	1	
298	0	51	step_1_no_load	1	2	1	928	
298	0	51	step_2_no_load	5	6	0.613357430892	0.564866799699	-1	-1	-1	
298	0	52	step_1_no_load	1	2	1	463	
298	0	52	step_2_no_load	3	4	0.513589895419	0.429622901875	3	456	0	
298	0	53	step_1_no_load	1	2	1	373	
298	0	53	step_2_no_load	5	6	0.630956764252	0.551457882502	5	1072	0	
298	0	54	step_1_no_load	1	2	1	324	
298	0	54	step_2_no_load	3	4	0.493362545513	0.491512498697	3	1086	0	
298	0	55	step_1_no_load	1	2	1	306	
298	0	55	step_2_no_load	5	6	0.639840796975	0.574045915747	6	683	0	
298	0	56	step_1_no_load	1	2	1	306	
298	0	56	step_2_no_load	3	4	0.538512915562	0.459773408493	4	909	0	
298	0	57	step_1_no_load	1	2	1	330	
298	0	57	step_2_no_load	3	4	0.516475618243	0.466449077359	3	373	1	
298	0	58	step_1_no_load	1	2	1	457	
298	0	58	step_2_no_load	3	4	0.528376440027	0.478335218822	3	522	1	
298	0	59	step_1_no_load	1	2	1	376	
298	0	59	step_2_no_load	3	4	0.537400760025	0.480274332693	3	527	1	
298	0	60	step_1_no_load	1	2	1	314	
298	0	60	step_2_no_load	3	4	0.479287247283	0.491916707098	3	1086	0	
298	0	61	step_1_no_load	1	2	1	401	
298	0	61	step_2_no_load	5	6	0.602879526975	0.669587072502	5	1409	0	
298	0	62	step_1_no_load	1	2	1	319	
298	0	62	step_2_no_load	5	6	0.622820395113	0.691137204746	6	638	0	
298	0	63	step_1_no_load	1	2	1	325	
298	0	63	step_2_no_load	3	4	0.519445130796	0.53192660365	3	534	1	
298	0	64	step_1_no_load	1	2	1	485	
298	0	64	step_2_no_load	3	4	0.533849886794	0.555062911513	3	538	0	
298	0	65	step_1_no_load	1	2	1	455	
298	0	65	step_2_no_load	3	4	0.517687993213	0.569109504048	3	759	1	
298	0	66	step_1_no_load	1	2	1	600	
298	0	66	step_2_no_load	3	4	0.555324764318	0.573761869714	3	517	1	
298	0	67	step_1_no_load	1	2	1	640	
298	0	67	step_2_no_load	3	4	0.538279387614	0.542076810516	3	324	1	
298	0	68	step_1_no_load	1	2	1	823	
298	0	68	step_2_no_load	3	4	0.523301545299	0.509127161919	3	597	1	
298	0	69	step_1_no_load	1	2	1	408	
298	0	69	step_2_no_load	3	4	0.560462111264	0.499137600991	3	554	0	
298	0	70	step_1_no_load	1	2	1	450	
298	0	70	step_2_no_load	3	4	0.548075770764	0.498834901463	3	397	0	
298	0	71	step_1_no_load	1	2	1	323	
298	0	71	step_2_no_load	5	6	0.706816191949	0.639174917797	6	1397	1	
298	0	72	step_1_no_load	1	2	1	914	
298	0	72	step_2_no_load	5	6	0.705884789502	0.626024641967	5	273	0	
298	0	73	step_1_no_load	1	2	1	482	
298	0	73	step_2_no_load	3	4	0.50185699984	0.435957313805	3	360	1	
298	0	74	step_1_no_load	1	2	1	360	
298	0	74	step_2_no_load	5	6	0.693624670847	0.614462146454	6	1346	1	
298	0	75	step_1_no_load	1	2	1	329	
298	0	75	step_2_no_load	5	6	0.697629587097	0.615552849174	6	726	0	
298	0	76	step_1_no_load	1	2	1	258	
298	0	76	step_2_no_load	3	4	0.518881389358	0.488583631821	3	545	0	
298	0	77	step_1_no_load	1	2	1	444	
298	0	77	step_2_no_load	3	4	0.538119616568	0.446809557226	3	635	1	
298	0	78	step_1_no_load	1	2	1	334	
298	0	78	step_2_no_load	3	4	0.538654072849	0.435911167612	3	835	0	
298	0	79	step_1_no_load	1	2	1	298	
298	0	79	step_2_no_load	5	6	0.647841624544	0.513695512795	6	698	0	
298	0	80	step_1_no_load	1	2	1	162	
298	0	80	step_2_no_load	5	6	0.703969305517	0.518583383166	5	658	1	
298	0	81	step_1_no_load	1	2	1	366	
298	0	81	step_2_no_load	3	4	0.494116554432	0.419265522488	3	358	0	
298	0	82	step_1_no_load	1	2	1	440	
298	0	82	step_2_no_load	5	6	0.688340116885	0.564729328387	6	1318	1	
298	0	83	step_1_no_load	1	2	1	704	
298	0	83	step_2_no_load	5	6	0.726885136842	0.607907985871	6	645	1	
298	0	84	step_1_no_load	1	2	1	472	
298	0	84	step_2_no_load	3	4	0.505586222209	0.385087938645	4	485	0	
298	0	85	step_1_no_load	1	2	1	435	
298	0	85	step_2_no_load	3	4	0.485785534744	0.384458259121	3	609	0	
298	0	86	step_1_no_load	1	2	1	428	
298	0	86	step_2_no_load	3	4	0.486462788728	0.345323068124	4	622	1	
298	0	87	step_1_no_load	1	2	1	362	
298	0	87	step_2_no_load	5	6	0.690012761069	0.719375344246	-1	-1	-1	
298	0	88	step_1_no_load	1	2	1	562	
298	0	88	step_2_no_load	3	4	0.509563243675	0.377947492322	4	901	0	
298	0	89	step_1_no_load	1	2	1	291	
298	0	89	step_2_no_load	3	4	0.490019385174	0.415882489686	3	473	1	
298	0	90	step_1_no_load	1	2	1	390	
298	0	90	step_2_no_load	3	4	0.530126112124	0.411459496853	3	388	1	
298	0	91	step_1_no_load	1	2	1	317	
298	0	91	step_2_no_load	3	4	0.479087223222	0.43534164751	3	382	0	
298	0	92	step_1_no_load	1	2	1	583	
298	0	92	step_2_no_load	3	4	0.484260039873	0.444368850664	3	570	0	
298	0	93	step_1_no_load	1	2	1	398	
298	0	93	step_2_no_load	5	6	0.662863370634	0.70415710998	6	598	1	
298	0	94	step_1_no_load	1	2	1	338	
298	0	94	step_2_no_load	3	4	0.468637558205	0.429211756872	3	542	1	
298	0	95	step_1_no_load	1	2	1	290	
298	0	95	step_2_no_load	3	4	0.42505578884	0.427150666411	3	324	0	
298	0	96	step_1_no_load	1	2	1	308	
298	0	96	step_2_no_load	3	4	0.437558890646	0.383038640121	4	1050	0	
298	0	97	step_1_no_load	1	2	1	288	
298	0	97	step_2_no_load	3	4	0.455601814112	0.392885664353	3	542	0	
298	0	98	step_1_no_load	1	2	1	237	
298	0	98	step_2_no_load	5	6	0.646040060297	0.70287861952	6	625	1	
298	0	99	step_1_no_load	1	2	2	725	
298	0	99	step_2_no_load	5	6	0.645191748454	0.673709850038	6	731	0	
298	0	100	step_1_no_load	1	2	2	368	
298	0	100	step_2_no_load	5	6	0.66579920021	0.666227451505	6	443	1	
298	0	101	step_1_no_load	1	2	2	357	
298	0	101	step_2_no_load	5	6	0.655903528958	0.623812401974	6	353	0	
298	0	102	step_1_no_load	1	2	1	873	
298	0	102	step_2_no_load	5	6	0.663124617603	0.666304534392	5	495	1	
298	0	103	step_1_no_load	1	2	1	391	
298	0	103	step_2_no_load	5	6	0.69058998368	0.663997796029	5	261	1	
298	0	104	step_1_no_load	1	2	1	260	
298	0	104	step_2_no_load	3	4	0.303696146503	0.521047445908	3	550	0	
298	0	105	step_1_no_load	1	2	2	363	
298	0	105	step_2_no_load	3	4	0.352639603242	0.514318365187	4	1345	1	
298	0	106	step_1_no_load	1	2	2	376	
298	0	106	step_2_no_load	5	6	0.699623252899	0.712883638252	5	386	0	
298	0	107	step_1_no_load	1	2	1	331	
298	0	107	step_2_no_load	3	4	0.388257337796	0.565220528809	3	272	0	
298	0	108	step_1_no_load	1	2	2	255	
298	0	108	step_2_no_load	5	6	0.681491063126	0.695928523711	5	676	1	
298	0	109	step_1_no_load	1	2	1	565	
298	0	109	step_2_no_load	3	4	0.372328831887	0.479977531501	4	286	0	
298	0	110	step_1_no_load	1	2	1	527	
298	0	110	step_2_no_load	3	4	0.395544455384	0.432626681236	3	225	0	
298	0	111	step_1_no_load	1	2	2	293	
298	0	111	step_2_no_load	5	6	0.634599547742	0.724852671171	5	708	0	
298	0	112	step_1_no_load	1	2	2	330	
298	0	112	step_2_no_load	3	4	0.413393106784	0.392887565883	4	966	1	
298	0	113	step_1_no_load	1	2	2	362	
298	0	113	step_2_no_load	3	4	0.387112818105	0.370697120277	4	346	0	
298	0	114	step_1_no_load	1	2	2	285	
298	0	114	step_2_no_load	5	6	0.657654904272	0.718213323791	5	410	1	
298	0	115	step_1_no_load	1	2	2	311	
298	0	115	step_2_no_load	5	6	0.645721217949	0.739704344621	5	424	0	
298	0	116	step_1_no_load	1	2	2	300	
298	0	116	step_2_no_load	5	6	0.680124293449	0.706736514943	6	611	0	
298	0	117	step_1_no_load	1	2	2	345	
298	0	117	step_2_no_load	5	6	0.671842537277	0.747012267642	5	351	1	
298	0	118	step_1_no_load	1	2	2	374	
298	0	118	step_2_no_load	5	6	0.690484235012	0.740051715856	5	358	1	
298	0	119	step_1_no_load	1	2	2	281	
298	0	119	step_2_no_load	5	6	0.661177321751	0.690424535099	5	426	0	
298	0	120	step_1_no_load	1	2	2	354	
298	0	120	step_2_no_load	3	4	0.333809617664	0.370150243662	3	722	0	
298	0	121	step_1_no_load	1	2	2	267	
298	0	121	step_2_no_load	5	6	0.671052306195	0.658856304095	5	397	1	
298	0	122	step_1_no_load	1	2	2	314	
298	0	122	step_2_no_load	5	6	0.672193618854	0.6136886145	5	429	1	
298	0	123	step_1_no_load	1	2	2	283	
298	0	123	step_2_no_load	5	6	0.664849878232	0.583607229978	5	490	1	
298	0	124	step_1_no_load	1	2	2	383	
298	0	124	step_2_no_load	3	4	0.26095206597	0.309430836661	4	1005	0	
298	0	125	step_1_no_load	1	2	2	568	
298	0	125	step_2_no_load	3	4	0.290374841566	0.303110862715	4	1318	1	
298	0	126	step_1_no_load	1	2	2	681	
298	0	126	step_2_no_load	5	6	0.600985760967	0.537863824328	5	750	1	
298	0	127	step_1_no_load	1	2	2	321	
298	0	127	step_2_no_load	5	6	0.646945556251	0.560824094575	5	600	1	
298	0	128	step_1_no_load	1	2	2	623	
298	0	128	step_2_no_load	3	4	0.260252451606	0.250790232267	4	1199	0	
298	0	129	step_1_no_load	1	2	2	347	
298	0	129	step_2_no_load	3	4	0.268213321963	0.271709703542	4	1400	1	
298	0	130	step_1_no_load	1	2	2	548	
298	0	130	step_2_no_load	5	6	0.630285316669	0.682031489739	5	647	0	
298	0	131	step_1_no_load	1	2	2	421	
298	0	131	step_2_no_load	5	6	0.638450601212	0.678044920845	5	776	1	
298	0	132	step_1_no_load	1	2	2	351	
298	0	132	step_2_no_load	5	6	0.660013924697	0.668578020634	5	597	1	
298	0	133	step_1_no_load	1	2	2	256	
298	0	133	step_2_no_load	5	6	0.691649444281	0.617383991623	5	422	1	
298	0	134	step_1_no_load	1	2	2	337	
298	0	134	step_2_no_load	3	4	0.287393715313	0.302839427162	4	897	0	
298	0	135	step_1_no_load	1	2	-1	-1	
298	0	136	step_1_no_load	1	2	2	350	
298	0	136	step_2_no_load	5	6	0.674914008636	0.597814413435	5	944	0	
298	0	137	step_1_no_load	1	2	2	293	
298	0	137	step_2_no_load	5	6	0.668540846495	0.605896884497	5	357	1	
298	0	138	step_1_no_load	1	2	2	280	
298	0	138	step_2_no_load	5	6	0.688182193337	0.63240964674	5	455	1	
298	0	139	step_1_no_load	1	2	2	315	
298	0	139	step_2_no_load	5	6	0.696355985729	0.636630981281	5	551	1	
298	0	140	step_1_no_load	1	2	2	331	
298	0	140	step_2_no_load	3	4	0.348740542008	0.328174526491	4	646	0	
298	0	141	step_1_no_load	1	2	2	423	
298	0	141	step_2_no_load	5	6	0.616803346728	0.711987889705	5	734	0	
298	0	142	step_1_no_load	1	2	2	296	
298	0	142	step_2_no_load	3	4	0.397052682821	0.304203281606	4	745	0	
298	0	143	step_1_no_load	1	2	2	295	
298	0	143	step_2_no_load	5	6	0.610219102298	0.661365099615	5	412	1	
298	0	144	step_1_no_load	1	2	2	438	
298	0	144	step_2_no_load	5	6	0.639347300184	0.626443722248	5	532	0	
298	0	145	step_1_no_load	1	2	2	379	
298	0	145	step_2_no_load	3	4	0.355256413269	0.266265924094	3	1018	0	
298	0	146	step_1_no_load	1	2	2	316	
298	0	146	step_2_no_load	3	4	0.320877500969	0.257861956214	3	271	0	
298	0	147	step_1_no_load	1	2	2	577	
298	0	147	step_2_no_load	5	6	0.594861186319	0.647798886916	5	649	0	
298	0	148	step_1_no_load	1	2	2	272	
298	0	148	step_2_no_load	3	4	0.311162711725	0.305288021243	4	503	0	
298	0	149	step_1_no_load	1	2	1	445	
298	0	149	step_2_no_load	5	6	0.623203869836	0.601870110183	5	847	1	
298	0	150	step_1_no_load	1	2	2	290	
298	0	150	step_2_no_load	3	4	0.306860041627	0.305587692243	4	1355	1	
298	0	151	step_1_no_load	1	2	2	450	
298	0	151	step_2_no_load	3	4	0.310557101463	0.348172164421	4	984	0	
298	0	152	step_1_no_load	1	2	2	304	
298	0	152	step_2_no_load	3	4	0.323194010514	0.307702500543	3	1190	0	
298	0	153	step_1_no_load	1	2	2	280	
298	0	153	step_2_no_load	5	6	0.681559292085	0.613336203392	6	447	0	
298	0	154	step_1_no_load	1	2	2	234	
298	0	154	step_2_no_load	5	6	0.671672162443	0.638934099562	5	529	1	
298	0	155	step_1_no_load	1	2	2	292	
298	0	155	step_2_no_load	3	4	0.372188990474	0.296093457977	4	1031	0	
298	0	156	step_1_no_load	1	2	2	843	
298	0	156	step_2_no_load	5	6	0.734436160799	0.631048201903	5	556	1	
298	0	157	step_1_no_load	1	2	2	256	
298	0	157	step_2_no_load	5	6	0.720725456325	0.585191807512	5	724	1	
298	0	158	step_1_no_load	1	2	2	257	
298	0	158	step_2_no_load	5	6	0.694270715354	0.532722108502	5	636	1	
298	0	159	step_1_no_load	1	2	2	277	
298	0	159	step_2_no_load	5	6	0.697903160072	0.541222065796	5	574	1	
298	0	160	step_1_no_load	1	2	2	376	
298	0	160	step_2_no_load	5	6	0.710728171711	0.521229931064	5	460	1	
298	0	161	step_1_no_load	1	2	2	333	
298	0	161	step_2_no_load	5	6	0.719896286569	0.516036498158	5	452	1	
298	0	162	step_1_no_load	1	2	2	476	
298	0	162	step_2_no_load	3	4	0.455329532209	0.3926701003	4	1161	0	
298	0	163	step_1_no_load	1	2	2	362	
298	0	163	step_2_no_load	5	6	0.697095951435	0.5863391277	5	493	0	
298	0	164	step_1_no_load	1	2	2	230	
298	0	164	step_2_no_load	5	6	0.692137394606	0.585961845322	5	232	1	
298	0	165	step_1_no_load	1	2	2	298	
298	0	165	step_2_no_load	3	4	0.347974240867	0.463777557969	3	406	0	
298	0	166	step_1_no_load	1	2	2	278	
298	0	166	step_2_no_load	5	6	0.686594248975	0.549095060025	5	371	1	
298	0	167	step_1_no_load	1	2	2	284	
298	0	167	step_2_no_load	5	6	0.706271792549	0.585131062446	5	321	0	
298	0	168	step_1_no_load	1	2	2	236	
298	0	168	step_2_no_load	3	4	0.335777599654	0.400817642375	4	887	1	
298	0	169	step_1_no_load	1	2	2	256	
298	0	169	step_2_no_load	5	6	0.704981910944	0.586049140041	5	371	1	
298	0	170	step_1_no_load	1	2	2	320	
298	0	170	step_2_no_load	5	6	0.67334314737	0.57151385403	5	518	1	
298	0	171	step_1_no_load	1	2	2	371	
298	0	171	step_2_no_load	5	6	0.727248140829	0.553314431843	5	511	0	
298	0	172	step_1_no_load	1	2	2	278	
298	0	172	step_2_no_load	5	6	0.668669556875	0.519090471457	5	244	0	
298	0	173	step_1_no_load	1	2	2	300	
298	0	173	step_2_no_load	5	6	0.667027212577	0.484428109849	5	306	1	
298	0	174	step_1_no_load	1	2	2	260	
298	0	174	step_2_no_load	5	6	0.729877433725	0.472729524832	5	564	1	
298	0	175	step_1_no_load	1	2	2	250	
298	0	175	step_2_no_load	3	4	0.484825491933	0.426185553904	4	819	1	
298	0	176	step_1_no_load	1	2	2	371	
298	0	176	step_2_no_load	3	4	0.500856457218	0.383231572002	3	1226	1	
298	0	177	step_1_no_load	1	2	2	819	
298	0	177	step_2_no_load	3	4	0.4798184927	0.357425668099	4	1130	0	
298	0	178	step_1_no_load	1	2	2	527	
298	0	178	step_2_no_load	5	6	0.705993797498	0.493712351915	5	450	0	
298	0	179	step_1_no_load	1	2	2	314	
298	0	179	step_2_no_load	5	6	0.709345707515	0.457298770028	5	335	1	
298	0	180	step_1_no_load	1	2	2	299	
298	0	180	step_2_no_load	5	6	0.719795072986	0.482853857291	5	513	1	
298	0	181	step_1_no_load	1	2	2	500	
298	0	181	step_2_no_load	5	6	0.746910336326	0.508735114046	5	637	1	
298	0	182	step_1_no_load	1	2	2	317	
298	0	182	step_2_no_load	5	6	0.72717560423	0.506773281362	5	527	0	
298	0	183	step_1_no_load	1	2	2	352	
298	0	183	step_2_no_load	3	4	0.492742497507	0.350175837802	4	459	0	
298	0	184	step_1_no_load	1	2	2	509	
298	0	184	step_2_no_load	3	4	0.480863422096	0.362743255194	4	1361	0	
298	0	185	step_1_no_load	1	2	2	246	
298	0	185	step_2_no_load	5	6	0.665622647081	0.479703516092	5	809	1	
298	0	186	step_1_no_load	1	2	2	552	
298	0	186	step_2_no_load	5	6	0.656308636836	0.46870859828	5	393	0	
298	0	187	step_1_no_load	1	2	2	297	
298	0	187	step_2_no_load	3	4	0.498596507669	0.328890769988	3	337	1	
298	0	188	step_1_no_load	1	2	2	272	
298	0	188	step_2_no_load	5	6	0.696362660087	0.471319680586	5	678	1	
298	0	189	step_1_no_load	1	2	2	315	
298	0	189	step_2_no_load	3	4	0.534753756004	0.285168135955	4	658	0	
298	0	190	step_1_no_load	1	2	2	539	
298	0	190	step_2_no_load	5	6	0.667655825994	0.433568856946	5	643	1	
298	0	191	step_1_no_load	1	2	2	261	
298	0	191	step_2_no_load	5	6	0.664271461991	0.435748387321	5	479	1	
298	0	192	step_1_no_load	1	2	2	274	
298	0	192	step_2_no_load	3	4	0.493851022417	0.299297135717	3	1264	0	
298	0	193	step_1_no_load	1	2	2	196	
298	0	193	step_2_no_load	3	4	0.504944704439	0.321008037746	3	1094	1	
298	0	194	step_1_no_load	1	2	2	301	
298	0	194	step_2_no_load	5	6	0.655261361454	0.433250459893	5	512	1	
298	0	195	step_1_no_load	1	2	2	603	
298	0	195	step_2_no_load	5	6	0.646280688878	0.466795336969	5	796	1	
298	0	196	step_1_no_load	1	2	2	508	
298	0	196	step_2_no_load	3	4	0.496717662777	0.365373286058	3	983	0	
298	0	197	step_1_no_load	1	2	2	537	
298	0	197	step_2_no_load	5	6	0.686552522522	0.422511153127	5	374	0	
298	0	198	step_1_no_load	1	2	2	1177	
298	0	198	step_2_no_load	5	6	0.68660989813	0.397292432346	5	674	0	
298	0	199	step_1_no_load	1	2	2	232	
298	0	199	step_2_no_load	5	6	0.73697129762	0.39793773834	5	598	0	
298	0	200	step_1_no_load	1	2	1	427	
298	0	200	step_2_no_load	3	4	0.507902534353	0.299128796668	3	751	0	

Thu Jul 16 14:30:07 2020
