Fri Jul 17 15:03:12 2020	
299	0	1	step_1_no_load	1	2	-1	-1	
299	0	2	step_1_no_load	1	2	1	319	
299	0	2	step_2_no_load	3	4	0.610961032466	0.580156942153	3	646	1	
299	0	3	step_1_no_load	1	2	1	412	
299	0	3	step_2_no_load	3	4	0.589215227351	0.584197065669	3	574	1	
299	0	4	step_1_no_load	1	2	1	401	
299	0	4	step_2_no_load	5	6	0.478607661228	0.494597764192	5	974	0	
299	0	5	step_1_no_load	1	2	2	592	
299	0	5	step_2_no_load	5	6	0.495568760483	0.543908521457	6	1233	1	
299	0	6	step_1_no_load	1	2	2	487	
299	0	6	step_2_no_load	5	6	0.506877622204	0.490454120702	6	552	1	
299	0	7	step_1_no_load	1	2	2	413	
299	0	7	step_2_no_load	5	6	0.500071913476	0.506408070053	6	627	1	
299	0	8	step_1_no_load	1	2	2	348	
299	0	8	step_2_no_load	3	4	0.624210374623	0.59128639594	3	828	0	
299	0	9	step_1_no_load	1	2	2	877	
299	0	9	step_2_no_load	5	6	0.496546708465	0.54429228266	6	665	1	
299	0	10	step_1_no_load	1	2	2	579	
299	0	10	step_2_no_load	5	6	0.482364178155	0.576063520885	6	685	0	
299	0	11	step_1_no_load	1	2	1	631	
299	0	11	step_2_no_load	3	4	0.609191465743	0.69163818036	3	1244	0	
299	0	12	step_1_no_load	1	2	1	655	
299	0	12	step_2_no_load	3	4	0.552770607849	0.682786328054	4	438	0	
299	0	13	step_1_no_load	1	2	1	552	
299	0	13	step_2_no_load	3	4	0.558313135925	0.653587098421	3	1479	1	
299	0	14	step_1_no_load	1	2	1	888	
299	0	14	step_2_no_load	5	6	0.491234392147	0.611256675753	6	841	1	
299	0	15	step_1_no_load	1	2	1	608	
299	0	15	step_2_no_load	3	4	0.570419113221	0.612260006668	3	632	1	
299	0	16	step_1_no_load	1	2	1	444	
299	0	16	step_2_no_load	3	4	0.553308964466	0.628091198119	3	573	1	
299	0	17	step_1_no_load	1	2	1	450	
299	0	17	step_2_no_load	3	4	0.562895132605	0.633350170016	3	557	1	
299	0	18	step_1_no_load	1	2	1	372	
299	0	18	step_2_no_load	3	4	0.553554620302	0.626834332012	3	452	0	
299	0	19	step_1_no_load	1	2	1	302	
299	0	19	step_2_no_load	3	4	0.536502319591	0.619895761657	3	465	0	
299	0	20	step_1_no_load	1	2	1	314	
299	0	20	step_2_no_load	5	6	0.478025448397	0.60665343963	5	369	1	
299	0	21	step_1_no_load	1	2	1	393	
299	0	21	step_2_no_load	3	4	0.470207377245	0.630305464549	3	627	0	
299	0	22	step_1_no_load	1	2	2	510	
299	0	22	step_2_no_load	5	6	0.506100011497	0.618527126547	6	999	1	
299	0	23	step_1_no_load	1	2	2	1254	
299	0	23	step_2_no_load	3	4	0.513759772011	0.640163623731	4	803	1	
299	0	24	step_1_no_load	1	2	2	393	
299	0	24	step_2_no_load	5	6	0.505388876622	0.5800912085	6	901	1	
299	0	25	step_1_no_load	1	2	2	617	
299	0	25	step_2_no_load	5	6	0.503316372362	0.629917901014	6	645	1	
299	0	26	step_1_no_load	1	2	2	539	
299	0	26	step_2_no_load	5	6	0.511744353778	0.640635035276	6	578	0	
299	0	27	step_1_no_load	1	2	2	336	
299	0	27	step_2_no_load	5	6	0.507272671939	0.642144756622	6	524	0	
299	0	28	step_1_no_load	1	2	1	900	
299	0	28	step_2_no_load	3	4	0.553259388875	0.588356036098	4	1374	0	
299	0	29	step_1_no_load	1	2	1	338	
299	0	29	step_2_no_load	3	4	0.561957580386	0.606613029227	4	441	1	
299	0	30	step_1_no_load	1	2	1	590	
299	0	30	step_2_no_load	3	4	0.574272497114	0.608245979832	4	556	1	
299	0	31	step_1_no_load	1	2	1	403	
299	0	31	step_2_no_load	3	4	0.541819886458	0.636602545794	4	635	1	
299	0	32	step_1_no_load	1	2	1	366	
299	0	32	step_2_no_load	3	4	0.522993086096	0.634585171267	4	501	1	
299	0	33	step_1_no_load	1	2	1	447	
299	0	33	step_2_no_load	5	6	0.487664344039	0.618000238621	6	821	0	
299	0	34	step_1_no_load	1	2	1	319	
299	0	34	step_2_no_load	3	4	0.538523758058	0.575802910074	4	920	0	
299	0	35	step_1_no_load	1	2	1	421	
299	0	35	step_2_no_load	3	4	0.594167768198	0.566827313385	4	504	1	
299	0	36	step_1_no_load	1	2	2	462	
299	0	36	step_2_no_load	5	6	0.513210053121	0.661229326326	5	1140	0	
299	0	37	step_1_no_load	1	2	2	318	
299	0	37	step_2_no_load	5	6	0.543074626387	0.660658056664	5	458	0	
299	0	38	step_1_no_load	1	2	2	330	
299	0	38	step_2_no_load	5	6	0.553931241266	0.651263699161	6	470	0	
299	0	39	step_1_no_load	1	2	2	317	
299	0	39	step_2_no_load	5	6	0.578640235206	0.634483337633	6	491	1	
299	0	40	step_1_no_load	1	2	2	417	
299	0	40	step_2_no_load	3	4	0.607992802154	0.580760785074	4	419	1	
299	0	41	step_1_no_load	1	2	2	419	
299	0	41	step_2_no_load	5	6	0.583829055298	0.633285941184	6	1342	0	
299	0	42	step_1_no_load	1	2	2	510	
299	0	42	step_2_no_load	3	4	0.609164606591	0.533857158543	3	380	1	
299	0	43	step_1_no_load	1	2	2	327	
299	0	43	step_2_no_load	5	6	0.548128010644	0.581931546759	5	381	1	
299	0	44	step_1_no_load	1	2	2	376	
299	0	44	step_2_no_load	3	4	0.611481438855	0.541854396676	3	362	1	
299	0	45	step_1_no_load	1	2	2	361	
299	0	45	step_2_no_load	3	4	0.632991467829	0.579346234508	3	563	0	
299	0	46	step_1_no_load	1	2	2	355	
299	0	46	step_2_no_load	5	6	0.532238720495	0.654261318712	5	749	0	
299	0	47	step_1_no_load	1	2	2	376	
299	0	47	step_2_no_load	3	4	0.598724660986	0.546259467838	4	364	0	
299	0	48	step_1_no_load	1	2	1	289	
299	0	48	step_2_no_load	3	4	0.615767119776	0.534690828011	4	512	0	
299	0	49	step_1_no_load	1	2	1	374	
299	0	49	step_2_no_load	5	6	0.489287375157	0.614679490594	6	542	1	
299	0	50	step_1_no_load	1	2	1	500	
299	0	50	step_2_no_load	3	4	0.606862017918	0.481616544184	3	770	1	
299	0	51	step_1_no_load	1	2	1	414	
299	0	51	step_2_no_load	3	4	0.564866799699	0.508197321577	3	424	0	
299	0	52	step_1_no_load	1	2	1	326	
299	0	52	step_2_no_load	5	6	0.429622901875	0.613408921915	5	524	1	
299	0	53	step_1_no_load	1	2	1	457	
299	0	53	step_2_no_load	5	6	0.451905460347	0.630956764252	5	758	1	
299	0	54	step_1_no_load	1	2	1	337	
299	0	54	step_2_no_load	5	6	0.491512498697	0.652515308527	5	361	0	
299	0	55	step_1_no_load	1	2	1	502	
299	0	55	step_2_no_load	3	4	0.574045915747	0.526704292526	3	796	0	
299	0	56	step_1_no_load	1	2	2	544	
299	0	56	step_2_no_load	5	6	0.459773408493	0.60038825769	5	803	0	
299	0	57	step_1_no_load	1	2	2	329	
299	0	57	step_2_no_load	5	6	0.466449077359	0.586335094239	6	431	0	
299	0	58	step_1_no_load	1	2	2	343	
299	0	58	step_2_no_load	3	4	0.664682809182	0.528376440027	4	357	1	
299	0	59	step_1_no_load	1	2	2	423	
299	0	59	step_2_no_load	5	6	0.480274332693	0.608951267756	5	567	0	
299	0	60	step_1_no_load	1	2	2	321	
299	0	60	step_2_no_load	5	6	0.491916707098	0.599559577859	6	346	1	
299	0	61	step_1_no_load	1	2	2	325	
299	0	61	step_2_no_load	3	4	0.669587072502	0.527144452559	4	638	0	
299	0	62	step_1_no_load	1	2	2	307	
299	0	62	step_2_no_load	5	6	0.50724109756	0.622820395113	6	320	1	
299	0	63	step_1_no_load	1	2	2	313	
299	0	63	step_2_no_load	5	6	0.53192660365	0.642623127313	6	517	0	
299	0	64	step_1_no_load	1	2	1	594	
299	0	64	step_2_no_load	3	4	0.642369708469	0.533849886794	4	614	1	
299	0	65	step_1_no_load	1	2	1	351	
299	0	65	step_2_no_load	3	4	0.612660225018	0.517687993213	4	457	0	
299	0	66	step_1_no_load	1	2	1	635	
299	0	66	step_2_no_load	3	4	0.606938648072	0.555324764318	3	882	0	
299	0	67	step_1_no_load	1	2	1	264	
299	0	67	step_2_no_load	3	4	0.597650193897	0.538279387614	4	534	0	
299	0	68	step_1_no_load	1	2	2	1012	
299	0	68	step_2_no_load	3	4	0.622963076372	0.523301545299	4	585	0	
299	0	69	step_1_no_load	1	2	2	620	
299	0	69	step_2_no_load	5	6	0.499137600991	0.718756538957	6	519	1	
299	0	70	step_1_no_load	1	2	2	523	
299	0	70	step_2_no_load	3	4	0.637556284465	0.548075770764	3	597	0	
299	0	71	step_1_no_load	1	2	2	422	
299	0	71	step_2_no_load	5	6	0.482863323776	0.706816191949	6	527	1	
299	0	72	step_1_no_load	1	2	2	429	
299	0	72	step_2_no_load	3	4	0.626024641967	0.556486305476	3	901	1	
299	0	73	step_1_no_load	1	2	2	378	
299	0	73	step_2_no_load	5	6	0.435957313805	0.727961155836	6	518	1	
299	0	74	step_1_no_load	1	2	2	355	
299	0	74	step_2_no_load	5	6	0.453420386428	0.693624670847	6	787	1	
299	0	75	step_1_no_load	1	2	2	358	
299	0	75	step_2_no_load	5	6	0.44832280175	0.697629587097	6	625	1	
299	0	76	step_1_no_load	1	2	2	330	
299	0	76	step_2_no_load	3	4	0.62770291155	0.518881389358	3	697	0	
299	0	77	step_1_no_load	1	2	2	289	
299	0	77	step_2_no_load	5	6	0.446809557226	0.679737625371	6	485	1	
299	0	78	step_1_no_load	1	2	2	351	
299	0	78	step_2_no_load	5	6	0.435911167612	0.647586191228	6	518	0	
299	0	79	step_1_no_load	1	2	2	298	
299	0	79	step_2_no_load	5	6	0.389124152368	0.647841624544	6	452	0	
299	0	80	step_1_no_load	1	2	1	347	
299	0	80	step_2_no_load	3	4	0.518583383166	0.49921021142	4	889	1	
299	0	81	step_1_no_load	1	2	1	315	
299	0	81	step_2_no_load	3	4	0.529745690463	0.494116554432	4	412	0	
299	0	82	step_1_no_load	1	2	1	319	
299	0	82	step_2_no_load	3	4	0.564729328387	0.482727017837	4	445	0	
299	0	83	step_1_no_load	1	2	1	314	
299	0	83	step_2_no_load	3	4	0.607907985871	0.483255412498	3	461	0	
299	0	84	step_1_no_load	1	2	1	263	
299	0	84	step_2_no_load	3	4	0.65843840156	0.505586222209	3	487	1	
299	0	85	step_1_no_load	1	2	1	303	
299	0	85	step_2_no_load	5	6	0.384458259121	0.712989604416	6	970	1	
299	0	86	step_1_no_load	1	2	1	390	
299	0	86	step_2_no_load	3	4	0.691782850001	0.486462788728	3	414	1	
299	0	87	step_1_no_load	1	2	1	483	
299	0	87	step_2_no_load	5	6	0.40000499778	0.690012761069	6	847	1	
299	0	88	step_1_no_load	1	2	1	353	
299	0	88	step_2_no_load	3	4	0.717410082358	0.509563243675	3	519	0	
299	0	89	step_1_no_load	1	2	1	323	
299	0	89	step_2_no_load	5	6	0.415882489686	0.660112261017	6	678	1	
299	0	90	step_1_no_load	1	2	1	338	
299	0	90	step_2_no_load	3	4	0.712247848046	0.530126112124	4	1149	1	
299	0	91	step_1_no_load	1	2	1	320	
299	0	91	step_2_no_load	5	6	0.43534164751	0.657820521772	6	737	1	
299	0	92	step_1_no_load	1	2	1	315	
299	0	92	step_2_no_load	3	4	0.692406274724	0.484260039873	4	1041	0	
299	0	93	step_1_no_load	1	2	1	287	
299	0	93	step_2_no_load	3	4	0.70415710998	0.473273727684	3	608	0	
299	0	94	step_1_no_load	1	2	1	257	
299	0	94	step_2_no_load	3	4	0.719464414227	0.468637558205	3	844	1	
299	0	95	step_1_no_load	1	2	1	300	
299	0	95	step_2_no_load	3	4	0.715495469274	0.42505578884	3	621	1	
299	0	96	step_1_no_load	1	2	1	315	
299	0	96	step_2_no_load	3	4	0.693739812506	0.437558890646	3	436	1	
299	0	97	step_1_no_load	1	2	1	322	
299	0	97	step_2_no_load	3	4	0.681272614291	0.455601814112	3	543	1	
299	0	98	step_1_no_load	1	2	1	320	
299	0	98	step_2_no_load	5	6	0.409778171713	0.646040060297	6	979	1	
299	0	99	step_1_no_load	1	2	1	186	
299	0	99	step_2_no_load	3	4	0.673709850038	0.375249961522	3	627	0	
299	0	100	step_1_no_load	1	2	1	318	
299	0	100	step_2_no_load	3	4	0.666227451505	0.363162156005	3	531	0	
299	0	101	step_1_no_load	1	2	1	480	
299	0	101	step_2_no_load	5	6	0.497432607584	0.655903528958	6	485	0	
299	0	102	step_1_no_load	1	2	2	330	
299	0	102	step_2_no_load	5	6	0.494584754513	0.663124617603	6	405	0	
299	0	103	step_1_no_load	1	2	2	315	
299	0	103	step_2_no_load	3	4	0.663997796029	0.322834495838	4	437	0	
299	0	104	step_1_no_load	1	2	2	297	
299	0	104	step_2_no_load	5	6	0.521047445908	0.743372642809	6	718	0	
299	0	105	step_1_no_load	1	2	2	287	
299	0	105	step_2_no_load	3	4	0.689135357059	0.352639603242	3	429	1	
299	0	106	step_1_no_load	1	2	2	340	
299	0	106	step_2_no_load	5	6	0.508908032404	0.699623252899	5	322	1	
299	0	107	step_1_no_load	1	2	2	307	
299	0	107	step_2_no_load	5	6	0.565220528809	0.677514185929	5	418	0	
299	0	108	step_1_no_load	1	2	2	311	
299	0	108	step_2_no_load	3	4	0.695928523711	0.388185708856	4	1106	0	
299	0	109	step_1_no_load	1	2	2	249	
299	0	109	step_2_no_load	3	4	0.71632547018	0.372328831887	3	489	1	
299	0	110	step_1_no_load	1	2	2	290	
299	0	110	step_2_no_load	5	6	0.432626681236	0.65455226558	5	684	0	
299	0	111	step_1_no_load	1	2	2	330	
299	0	111	step_2_no_load	5	6	0.384948378665	0.634599547742	6	662	1	
299	0	112	step_1_no_load	1	2	2	311	
299	0	112	step_2_no_load	3	4	0.725701866094	0.413393106784	3	785	1	
299	0	113	step_1_no_load	1	2	2	401	
299	0	113	step_2_no_load	5	6	0.370697120277	0.634627459817	6	428	0	
299	0	114	step_1_no_load	1	2	2	273	
299	0	114	step_2_no_load	5	6	0.380324086676	0.657654904272	6	333	0	
299	0	115	step_1_no_load	1	2	1	285	
299	0	115	step_2_no_load	5	6	0.390027643099	0.645721217949	5	699	1	
299	0	116	step_1_no_load	1	2	1	300	
299	0	116	step_2_no_load	3	4	0.706736514943	0.369438791876	3	368	1	
299	0	117	step_1_no_load	1	2	1	353	
299	0	117	step_2_no_load	5	6	0.374621793791	0.671842537277	5	591	1	
299	0	118	step_1_no_load	1	2	1	426	
299	0	118	step_2_no_load	5	6	0.357645851833	0.690484235012	5	502	0	
299	0	119	step_1_no_load	1	2	1	155	
299	0	119	step_2_no_load	5	6	0.357515098446	0.661177321751	5	577	1	
299	0	120	step_1_no_load	1	2	1	358	
299	0	120	step_2_no_load	5	6	0.370150243662	0.666433355915	5	487	1	
299	0	121	step_1_no_load	1	2	1	318	
299	0	121	step_2_no_load	3	4	0.658856304095	0.310775244958	3	380	1	
299	0	122	step_1_no_load	1	2	1	352	
299	0	122	step_2_no_load	5	6	0.329624572119	0.672193618854	5	563	0	
299	0	123	step_1_no_load	1	2	1	307	
299	0	123	step_2_no_load	5	6	0.337526896345	0.664849878232	5	447	1	
299	0	124	step_1_no_load	1	2	1	359	
299	0	124	step_2_no_load	5	6	0.309430836661	0.624161788269	5	417	0	
299	0	125	step_1_no_load	1	2	1	298	
299	0	125	step_2_no_load	5	6	0.303110862715	0.633566302563	5	424	0	
299	0	126	step_1_no_load	1	2	1	369	
299	0	126	step_2_no_load	5	6	0.300846667696	0.600985760967	5	508	1	
299	0	127	step_1_no_load	1	2	1	334	
299	0	127	step_2_no_load	5	6	0.274944938508	0.646945556251	5	601	0	
299	0	128	step_1_no_load	1	2	2	333	
299	0	128	step_2_no_load	3	4	0.636905534066	0.260252451606	4	411	0	
299	0	129	step_1_no_load	1	2	2	339	
299	0	129	step_2_no_load	5	6	0.271709703542	0.632682846317	5	601	0	
299	0	130	step_1_no_load	1	2	2	386	
299	0	130	step_2_no_load	3	4	0.682031489739	0.267460866951	4	357	0	
299	0	131	step_1_no_load	1	2	2	488	
299	0	131	step_2_no_load	5	6	0.311475039155	0.638450601212	6	834	0	
299	0	132	step_1_no_load	1	2	2	860	
299	0	132	step_2_no_load	3	4	0.668578020634	0.27986961048	3	969	1	
299	0	133	step_1_no_load	1	2	2	557	
299	0	133	step_2_no_load	5	6	0.312642735495	0.691649444281	6	641	1	
299	0	134	step_1_no_load	1	2	2	380	
299	0	134	step_2_no_load	5	6	0.302839427162	0.685529359147	6	605	1	
299	0	135	step_1_no_load	1	2	2	812	
299	0	135	step_2_no_load	5	6	0.287118934166	0.700779221781	6	541	1	
299	0	136	step_1_no_load	1	2	2	319	
299	0	136	step_2_no_load	5	6	0.284521085726	0.674914008636	6	373	0	
299	0	137	step_1_no_load	1	2	2	283	
299	0	137	step_2_no_load	5	6	0.325016613024	0.668540846495	6	473	0	
299	0	138	step_1_no_load	1	2	2	351	
299	0	138	step_2_no_load	3	4	0.63240964674	0.366701525561	3	618	1	
299	0	139	step_1_no_load	1	2	2	343	
299	0	139	step_2_no_load	5	6	0.323660750961	0.696355985729	6	747	1	
299	0	140	step_1_no_load	1	2	2	310	
299	0	140	step_2_no_load	5	6	0.328174526491	0.637682840728	5	522	0	
299	0	141	step_1_no_load	1	2	2	325	
299	0	141	step_2_no_load	5	6	0.311809871418	0.616803346728	6	427	1	
299	0	142	step_1_no_load	1	2	2	320	
299	0	142	step_2_no_load	5	6	0.304203281606	0.627356259123	6	498	0	
299	0	143	step_1_no_load	1	2	2	259	
299	0	143	step_2_no_load	5	6	0.313516825296	0.610219102298	6	467	1	
299	0	144	step_1_no_load	1	2	2	295	
299	0	144	step_2_no_load	5	6	0.275932517017	0.639347300184	6	430	0	
299	0	145	step_1_no_load	1	2	2	870	
299	0	145	step_2_no_load	5	6	0.266265924094	0.606515632748	6	663	1	
299	0	146	step_1_no_load	1	2	2	302	
299	0	146	step_2_no_load	5	6	0.257861956214	0.593778463268	6	615	0	
299	0	147	step_1_no_load	1	2	1	313	
299	0	147	step_2_no_load	5	6	0.265578160642	0.594861186319	5	412	0	
299	0	148	step_1_no_load	1	2	1	350	
299	0	148	step_2_no_load	3	4	0.619272702026	0.311162711725	4	472	0	
299	0	149	step_1_no_load	1	2	1	503	
299	0	149	step_2_no_load	3	4	0.601870110183	0.300290206122	3	645	0	
299	0	150	step_1_no_load	1	2	1	301	
299	0	150	step_2_no_load	5	6	0.305587692243	0.605912419156	6	839	1	
299	0	151	step_1_no_load	1	2	1	393	
299	0	151	step_2_no_load	3	4	0.59154759351	0.310557101463	3	879	1	
299	0	152	step_1_no_load	1	2	1	427	
299	0	152	step_2_no_load	5	6	0.307702500543	0.644204174791	6	565	1	
299	0	153	step_1_no_load	1	2	1	372	
299	0	153	step_2_no_load	5	6	0.309356532263	0.681559292085	6	455	0	
299	0	154	step_1_no_load	1	2	1	317	
299	0	154	step_2_no_load	3	4	0.638934099562	0.348349389262	3	828	0	
299	0	155	step_1_no_load	1	2	1	347	
299	0	155	step_2_no_load	5	6	0.296093457977	0.716100930629	6	614	1	
299	0	156	step_1_no_load	1	2	1	318	
299	0	156	step_2_no_load	3	4	0.631048201903	0.368378667812	3	687	0	
299	0	157	step_1_no_load	1	2	1	287	
299	0	157	step_2_no_load	3	4	0.585191807512	0.324728201487	4	428	1	
299	0	158	step_1_no_load	1	2	1	309	
299	0	158	step_2_no_load	3	4	0.532722108502	0.334595868098	4	533	0	
299	0	159	step_1_no_load	1	2	1	305	
299	0	159	step_2_no_load	3	4	0.541222065796	0.321150411254	4	857	0	
299	0	160	step_1_no_load	1	2	1	263	
299	0	160	step_2_no_load	5	6	0.415052912783	0.710728171711	6	779	1	
299	0	161	step_1_no_load	1	2	1	299	
299	0	161	step_2_no_load	5	6	0.407025633682	0.719896286569	6	487	0	
299	0	162	step_1_no_load	1	2	1	403	
299	0	162	step_2_no_load	3	4	0.566496468084	0.455329532209	3	694	1	
299	0	163	step_1_no_load	1	2	1	356	
299	0	163	step_2_no_load	5	6	0.395221309311	0.697095951435	5	1064	0	
299	0	164	step_1_no_load	1	2	1	263	
299	0	164	step_2_no_load	3	4	0.585961845322	0.430844125626	3	722	1	
299	0	165	step_1_no_load	1	2	1	310	
299	0	165	step_2_no_load	5	6	0.463777557969	0.717506143195	6	751	0	
299	0	166	step_1_no_load	1	2	2	656	
299	0	166	step_2_no_load	5	6	0.422282731054	0.686594248975	6	538	1	
299	0	167	step_1_no_load	1	2	2	437	
299	0	167	step_2_no_load	5	6	0.38753671275	0.706271792549	6	483	1	
299	0	168	step_1_no_load	1	2	2	439	
299	0	168	step_2_no_load	5	6	0.400817642375	0.67192508984	6	431	0	
299	0	169	step_1_no_load	1	2	2	318	
299	0	169	step_2_no_load	3	4	0.586049140041	0.365156560071	4	381	0	
299	0	170	step_1_no_load	1	2	2	374	
299	0	170	step_2_no_load	5	6	0.411067820436	0.67334314737	6	864	1	
299	0	171	step_1_no_load	1	2	2	335	
299	0	171	step_2_no_load	5	6	0.386979310814	0.727248140829	6	454	1	
299	0	172	step_1_no_load	1	2	2	364	
299	0	172	step_2_no_load	5	6	0.363617002148	0.668669556875	6	518	1	
299	0	173	step_1_no_load	1	2	2	290	
299	0	173	step_2_no_load	5	6	0.385349297983	0.667027212577	6	533	1	
299	0	174	step_1_no_load	1	2	2	267	
299	0	174	step_2_no_load	5	6	0.387867297446	0.729877433725	6	323	0	
299	0	175	step_1_no_load	1	2	2	282	
299	0	175	step_2_no_load	5	6	0.426185553904	0.693968268443	6	517	0	
299	0	176	step_1_no_load	1	2	2	427	
299	0	176	step_2_no_load	3	4	0.474046874473	0.500856457218	3	1224	0	
299	0	177	step_1_no_load	1	2	2	0	
299	0	177	step_2_no_load	5	6	0.357425668099	0.714070205704	6	342	1	
299	0	178	step_1_no_load	1	2	2	308	
299	0	178	step_2_no_load	5	6	0.36473828006	0.705993797498	6	405	0	
299	0	179	step_1_no_load	1	2	1	316	
299	0	179	step_2_no_load	3	4	0.457298770028	0.493565996034	3	615	1	
299	0	180	step_1_no_load	1	2	1	365	
299	0	180	step_2_no_load	3	4	0.482853857291	0.489345734128	3	714	1	
299	0	181	step_1_no_load	1	2	1	398	
299	0	181	step_2_no_load	3	4	0.508735114046	0.480141179559	3	472	0	
299	0	182	step_1_no_load	1	2	1	365	
299	0	182	step_2_no_load	3	4	0.506773281362	0.49907747228	3	407	0	
299	0	183	step_1_no_load	1	2	1	274	
299	0	183	step_2_no_load	3	4	0.502991759047	0.492742497507	4	645	0	
299	0	184	step_1_no_load	1	2	1	329	
299	0	184	step_2_no_load	3	4	0.460890977786	0.480863422096	4	654	1	
299	0	185	step_1_no_load	1	2	1	347	
299	0	185	step_2_no_load	3	4	0.479703516092	0.482228039858	4	556	1	
299	0	186	step_1_no_load	1	2	1	434	
299	0	186	step_2_no_load	5	6	0.332733011923	0.656308636836	6	419	1	
299	0	187	step_1_no_load	1	2	1	350	
299	0	187	step_2_no_load	5	6	0.328890769988	0.678211978625	6	654	0	
299	0	188	step_1_no_load	1	2	1	190	
299	0	188	step_2_no_load	3	4	0.471319680586	0.548350535247	4	813	0	
299	0	189	step_1_no_load	1	2	1	336	
299	0	189	step_2_no_load	3	4	0.448897869069	0.534753756004	4	436	1	
299	0	190	step_1_no_load	1	2	1	341	
299	0	190	step_2_no_load	3	4	0.433568856946	0.505820429042	4	374	0	
299	0	191	step_1_no_load	1	2	1	320	
299	0	191	step_2_no_load	3	4	0.435748387321	0.512103523931	3	791	1	
299	0	192	step_1_no_load	1	2	1	384	
299	0	192	step_2_no_load	3	4	0.450791310283	0.493851022417	3	422	0	
299	0	193	step_1_no_load	1	2	2	291	
299	0	193	step_2_no_load	5	6	0.321008037746	0.679792491164	5	479	1	
299	0	194	step_1_no_load	1	2	2	334	
299	0	194	step_2_no_load	5	6	0.342437174514	0.655261361454	5	316	1	
299	0	195	step_1_no_load	1	2	2	361	
299	0	195	step_2_no_load	5	6	0.348571348505	0.646280688878	5	400	1	
299	0	196	step_1_no_load	1	2	2	316	
299	0	196	step_2_no_load	5	6	0.365373286058	0.695101215304	5	294	0	
299	0	197	step_1_no_load	1	2	2	324	
299	0	197	step_2_no_load	5	6	0.316987700969	0.686552522522	5	423	1	
299	0	198	step_1_no_load	1	2	2	325	
299	0	198	step_2_no_load	5	6	0.303352625941	0.68660989813	5	310	1	
299	0	199	step_1_no_load	1	2	2	271	
299	0	199	step_2_no_load	5	6	0.292861528884	0.73697129762	5	299	0	
299	0	200	step_1_no_load	1	2	2	290	
299	0	200	step_2_no_load	5	6	0.299128796668	0.728996708473	5	389	0	

Fri Jul 17 15:22:05 2020
