Fri Aug 21 15:11:35 2020	
300	0	1	step_1_no_load	1	2	2	732	
300	0	1	step_2_no_load	5	6	0.594299910136	0.598297890399	5	648	1	
300	0	2	step_1_no_load	1	2	2	446	
300	0	2	step_2_no_load	5	6	0.610961032466	0.580156942153	6	637	1	
300	0	3	step_1_no_load	1	2	1	506	
300	0	3	step_2_no_load	3	4	0.476767372206	0.516002945397	3	518	0	
300	0	4	step_1_no_load	1	2	1	483	
300	0	4	step_2_no_load	3	4	0.478607661228	0.494597764192	4	409	1	
300	0	5	step_1_no_load	1	2	1	178	
300	0	5	step_2_no_load	3	4	0.495568760483	0.543908521457	4	608	1	
300	0	6	step_1_no_load	1	2	1	456	
300	0	6	step_2_no_load	3	4	0.506877622204	0.490454120702	4	801	0	
300	0	7	step_1_no_load	1	2	2	326	
300	0	7	step_2_no_load	3	4	0.500071913476	0.506408070053	3	405	0	
300	0	8	step_1_no_load	1	2	2	302	
300	0	8	step_2_no_load	5	6	0.624210374623	0.59128639594	6	430	1	
300	0	9	step_1_no_load	1	2	2	342	
300	0	9	step_2_no_load	5	6	0.641106877158	0.598049061473	5	379	0	
300	0	10	step_1_no_load	1	2	2	328	
300	0	10	step_2_no_load	5	6	0.636063269715	0.652626043146	6	345	1	
300	0	11	step_1_no_load	1	2	1	533	
300	0	11	step_2_no_load	5	6	0.609191465743	0.69163818036	5	687	0	
300	0	12	step_1_no_load	1	2	2	350	
300	0	12	step_2_no_load	3	4	0.48457206759	0.597131918027	3	626	0	
300	0	13	step_1_no_load	1	2	1	503	
300	0	13	step_2_no_load	3	4	0.52012981853	0.595790490356	3	570	0	
300	0	14	step_1_no_load	1	2	2	295	
300	0	14	step_2_no_load	5	6	0.545555696267	0.629137942344	6	408	0	
300	0	15	step_1_no_load	1	2	2	238	
300	0	15	step_2_no_load	5	6	0.570419113221	0.612260006668	5	339	0	
300	0	16	step_1_no_load	1	2	2	387	
300	0	16	step_2_no_load	3	4	0.510958036527	0.626326396372	4	264	0	
300	0	17	step_1_no_load	1	2	2	283	
300	0	17	step_2_no_load	5	6	0.562895132605	0.633350170016	6	476	1	
300	0	18	step_1_no_load	1	2	2	620	
300	0	18	step_2_no_load	3	4	0.517514133912	0.626895526976	3	841	1	
300	0	19	step_1_no_load	1	2	2	384	
300	0	19	step_2_no_load	3	4	0.498240186199	0.644773170243	4	833	1	
300	0	20	step_1_no_load	1	2	1	301	
300	0	20	step_2_no_load	3	4	0.478025448397	0.60665343963	4	447	1	
300	0	21	step_1_no_load	1	2	1	323	
300	0	21	step_2_no_load	3	4	0.49769376036	0.611328949295	3	467	0	
300	0	22	step_1_no_load	1	2	1	356	
300	0	22	step_2_no_load	3	4	0.506100011497	0.618527126547	4	766	0	
300	0	23	step_1_no_load	1	2	1	303	
300	0	23	step_2_no_load	5	6	0.513759772011	0.640163623731	6	336	1	
300	0	24	step_1_no_load	1	2	1	507	
300	0	24	step_2_no_load	3	4	0.505388876622	0.5800912085	3	638	1	
300	0	25	step_1_no_load	1	2	1	333	
300	0	25	step_2_no_load	3	4	0.503316372362	0.629917901014	-1	-1	-1	
300	0	26	step_1_no_load	1	2	2	383	
300	0	26	step_2_no_load	5	6	0.532884212818	0.592410219737	5	358	1	
300	0	27	step_1_no_load	1	2	2	334	
300	0	27	step_2_no_load	3	4	0.507272671939	0.642144756622	4	293	1	
300	0	28	step_1_no_load	1	2	1	369	
300	0	28	step_2_no_load	5	6	0.553259388875	0.588356036098	5	362	0	
300	0	29	step_1_no_load	1	2	1	370	
300	0	29	step_2_no_load	3	4	0.521159009103	0.618626354124	3	489	1	
300	0	30	step_1_no_load	1	2	1	469	
300	0	30	step_2_no_load	5	6	0.574272497114	0.608245979832	6	811	1	
300	0	31	step_1_no_load	1	2	2	829	
300	0	31	step_2_no_load	5	6	0.541819886458	0.636602545794	6	464	1	
300	0	32	step_1_no_load	1	2	2	546	
300	0	32	step_2_no_load	5	6	0.522993086096	0.634585171267	5	375	0	
300	0	33	step_1_no_load	1	2	2	315	
300	0	33	step_2_no_load	5	6	0.542309898544	0.611700032906	6	356	1	
300	0	34	step_1_no_load	1	2	2	601	
300	0	34	step_2_no_load	5	6	0.538523758058	0.575802910074	5	540	1	
300	0	35	step_1_no_load	1	2	2	375	
300	0	35	step_2_no_load	3	4	0.491437207585	0.649776015006	3	1332	0	
300	0	36	step_1_no_load	1	2	2	327	
300	0	36	step_2_no_load	3	4	0.513210053121	0.661229326326	4	338	1	
300	0	37	step_1_no_load	1	2	2	73	
300	0	37	step_2_no_load	3	4	0.543074626387	0.660658056664	3	630	1	
300	0	38	step_1_no_load	1	2	2	337	
300	0	38	step_2_no_load	5	6	0.595113730206	0.539078491643	5	185	1	
300	0	39	step_1_no_load	1	2	2	342	
300	0	39	step_2_no_load	5	6	0.610601635554	0.557005857101	6	345	0	
300	0	40	step_1_no_load	1	2	2	859	
300	0	40	step_2_no_load	5	6	0.607992802154	0.580760785074	5	408	1	
300	0	41	step_1_no_load	1	2	2	396	
300	0	41	step_2_no_load	5	6	0.588857868869	0.524862294848	6	372	0	
300	0	42	step_1_no_load	1	2	2	896	
300	0	42	step_2_no_load	5	6	0.609164606591	0.533857158543	5	269	0	
300	0	43	step_1_no_load	1	2	2	262	
300	0	43	step_2_no_load	5	6	0.612705031264	0.553703096215	6	435	1	
300	0	44	step_1_no_load	1	2	2	262	
300	0	44	step_2_no_load	5	6	0.611481438855	0.541854396676	6	377	0	
300	0	45	step_1_no_load	1	2	2	301	
300	0	45	step_2_no_load	5	6	0.632991467829	0.579346234508	6	729	0	
300	0	46	step_1_no_load	1	2	2	361	
300	0	46	step_2_no_load	5	6	0.600964500555	0.55511883717	5	378	1	
300	0	47	step_1_no_load	1	2	1	362	
300	0	47	step_2_no_load	3	4	0.493112702321	0.634373567175	4	392	0	
300	0	48	step_1_no_load	1	2	2	772	
300	0	48	step_2_no_load	5	6	0.615767119776	0.534690828011	6	884	0	
300	0	49	step_1_no_load	1	2	2	308	
300	0	49	step_2_no_load	5	6	0.610193185592	0.512405963374	5	1189	1	
300	0	50	step_1_no_load	1	2	2	366	
300	0	50	step_2_no_load	5	6	0.606862017918	0.481616544184	5	337	0	
300	0	51	step_1_no_load	1	2	2	340	
300	0	51	step_2_no_load	3	4	0.469943944943	0.613357430892	4	328	1	
300	0	52	step_1_no_load	1	2	2	273	
300	0	52	step_2_no_load	5	6	0.539065404057	0.513589895419	6	529	0	
300	0	53	step_1_no_load	1	2	2	463	
300	0	53	step_2_no_load	3	4	0.451905460347	0.630956764252	3	608	1	
300	0	54	step_1_no_load	1	2	2	327	
300	0	54	step_2_no_load	5	6	0.570223904064	0.493362545513	5	838	0	
300	0	55	step_1_no_load	1	2	2	344	
300	0	55	step_2_no_load	3	4	0.487025527704	0.639840796975	4	316	1	
300	0	56	step_1_no_load	1	2	2	300	
300	0	56	step_2_no_load	5	6	0.601856598146	0.538512915562	5	343	0	
300	0	57	step_1_no_load	1	2	2	307	
300	0	57	step_2_no_load	5	6	0.641849303307	0.516475618243	6	323	1	
300	0	58	step_1_no_load	1	2	2	361	
300	0	58	step_2_no_load	5	6	0.664682809182	0.528376440027	5	311	1	
300	0	59	step_1_no_load	1	2	2	514	
300	0	59	step_2_no_load	5	6	0.632500293208	0.537400760025	5	372	0	
300	0	60	step_1_no_load	1	2	2	377	
300	0	60	step_2_no_load	5	6	0.623687406259	0.479287247283	5	445	0	
300	0	61	step_1_no_load	1	2	1	306	
300	0	61	step_2_no_load	3	4	0.464268875813	0.602879526975	3	398	0	
300	0	62	step_1_no_load	1	2	2	386	
300	0	62	step_2_no_load	5	6	0.691137204746	0.533031417444	5	565	1	
300	0	63	step_1_no_load	1	2	2	358	
300	0	63	step_2_no_load	5	6	0.664284493458	0.519445130796	6	640	0	
300	0	64	step_1_no_load	1	2	2	354	
300	0	64	step_2_no_load	3	4	0.555062911513	0.626149195169	3	386	1	
300	0	65	step_1_no_load	1	2	2	372	
300	0	65	step_2_no_load	3	4	0.569109504048	0.619953360065	4	327	1	
300	0	66	step_1_no_load	1	2	2	393	
300	0	66	step_2_no_load	3	4	0.573761869714	0.630357351236	4	292	1	
300	0	67	step_1_no_load	1	2	2	306	
300	0	67	step_2_no_load	3	4	0.542076810516	0.674463681351	4	654	1	
300	0	68	step_1_no_load	1	2	1	620	
300	0	68	step_2_no_load	3	4	0.509127161919	0.719455209845	4	900	1	
300	0	69	step_1_no_load	1	2	1	340	
300	0	69	step_2_no_load	5	6	0.622221685203	0.560462111264	5	319	1	
300	0	70	step_1_no_load	1	2	2	325	
300	0	70	step_2_no_load	5	6	0.637556284465	0.548075770764	5	391	1	
300	0	71	step_1_no_load	1	2	2	367	
300	0	71	step_2_no_load	5	6	0.639174917797	0.546215110045	5	653	1	
300	0	72	step_1_no_load	1	2	2	349	
300	0	72	step_2_no_load	5	6	0.626024641967	0.556486305476	6	327	0	
300	0	73	step_1_no_load	1	2	2	350	
300	0	73	step_2_no_load	5	6	0.657126403029	0.50185699984	6	205	0	
300	0	74	step_1_no_load	1	2	2	316	
300	0	74	step_2_no_load	5	6	0.614462146454	0.491044983779	5	482	0	
300	0	75	step_1_no_load	1	2	1	284	
300	0	75	step_2_no_load	3	4	0.44832280175	0.697629587097	4	418	1	
300	0	76	step_1_no_load	1	2	1	406	
300	0	76	step_2_no_load	5	6	0.62770291155	0.518881389358	5	368	0	
300	0	77	step_1_no_load	1	2	1	323	
300	0	77	step_2_no_load	3	4	0.446809557226	0.679737625371	4	579	1	
300	0	78	step_1_no_load	1	2	2	334	
300	0	78	step_2_no_load	3	4	0.435911167612	0.647586191228	4	778	0	
300	0	79	step_1_no_load	1	2	2	304	
300	0	79	step_2_no_load	5	6	0.513695512795	0.540085062695	5	671	1	
300	0	80	step_1_no_load	1	2	2	326	
300	0	80	step_2_no_load	5	6	0.518583383166	0.49921021142	6	355	1	
300	0	81	step_1_no_load	1	2	2	360	
300	0	81	step_2_no_load	5	6	0.529745690463	0.494116554432	5	474	0	
300	0	82	step_1_no_load	1	2	2	295	
300	0	82	step_2_no_load	3	4	0.395813831323	0.688340116885	4	327	0	
300	0	83	step_1_no_load	1	2	2	338	
300	0	83	step_2_no_load	5	6	0.607907985871	0.483255412498	5	420	1	
300	0	84	step_1_no_load	1	2	2	315	
300	0	84	step_2_no_load	3	4	0.385087938645	0.731466635793	3	467	0	
300	0	85	step_1_no_load	1	2	2	297	
300	0	85	step_2_no_load	3	4	0.384458259121	0.712989604416	4	521	0	
300	0	86	step_1_no_load	1	2	2	320	
300	0	86	step_2_no_load	5	6	0.691782850001	0.486462788728	5	452	1	
300	0	87	step_1_no_load	1	2	2	291	
300	0	87	step_2_no_load	5	6	0.719375344246	0.493867001103	5	460	0	
300	0	88	step_1_no_load	1	2	2	400	
300	0	88	step_2_no_load	3	4	0.377947492322	0.696773608304	4	337	1	
300	0	89	step_1_no_load	1	2	2	304	
300	0	89	step_2_no_load	5	6	0.690772436485	0.490019385174	6	325	0	
300	0	90	step_1_no_load	1	2	2	500	
300	0	90	step_2_no_load	5	6	0.712247848046	0.530126112124	5	314	0	
300	0	91	step_1_no_load	1	2	2	307	
300	0	91	step_2_no_load	3	4	0.43534164751	0.657820521772	4	394	0	
300	0	92	step_1_no_load	1	2	2	531	
300	0	92	step_2_no_load	3	4	0.444368850664	0.679381608313	3	575	0	
300	0	93	step_1_no_load	1	2	2	599	
300	0	93	step_2_no_load	5	6	0.70415710998	0.473273727684	6	618	1	
300	0	94	step_1_no_load	1	2	2	1161	
300	0	94	step_2_no_load	5	6	0.719464414227	0.468637558205	5	870	1	
300	0	95	step_1_no_load	1	2	1	522	
300	0	95	step_2_no_load	3	4	0.427150666411	0.640209855442	4	423	0	
300	0	96	step_1_no_load	1	2	2	904	
300	0	96	step_2_no_load	5	6	0.693739812506	0.437558890646	5	854	0	
300	0	97	step_1_no_load	1	2	2	442	
300	0	97	step_2_no_load	3	4	0.392885664353	0.651202057411	4	497	1	
300	0	98	step_1_no_load	1	2	2	496	
300	0	98	step_2_no_load	5	6	0.70287861952	0.431479829356	6	466	0	
300	0	99	step_1_no_load	1	2	2	316	
300	0	99	step_2_no_load	5	6	0.673709850038	0.375249961522	5	449	1	
300	0	100	step_1_no_load	1	2	2	349	
300	0	100	step_2_no_load	3	4	0.4333505304	0.66579920021	3	361	0	
300	0	101	step_1_no_load	1	2	2	393	
300	0	101	step_2_no_load	3	4	0.497432607584	0.655903528958	4	257	1	
300	0	102	step_1_no_load	1	2	2	359	
300	0	102	step_2_no_load	3	4	0.494584754513	0.663124617603	4	382	0	
300	0	103	step_1_no_load	1	2	2	418	
300	0	103	step_2_no_load	5	6	0.663997796029	0.322834495838	5	320	1	
300	0	104	step_1_no_load	1	2	2	440	
300	0	104	step_2_no_load	5	6	0.703870701136	0.303696146503	5	429	0	
300	0	105	step_1_no_load	1	2	2	340	
300	0	105	step_2_no_load	5	6	0.689135357059	0.352639603242	6	305	0	
300	0	106	step_1_no_load	1	2	2	349	
300	0	106	step_2_no_load	5	6	0.712883638252	0.374131494222	6	254	0	
300	0	107	step_1_no_load	1	2	2	176	
300	0	107	step_2_no_load	5	6	0.692607431435	0.388257337796	5	348	1	
300	0	108	step_1_no_load	1	2	2	393	
300	0	108	step_2_no_load	3	4	0.526955028982	0.681491063126	3	410	0	
300	0	109	step_1_no_load	1	2	2	392	
300	0	109	step_2_no_load	5	6	0.71632547018	0.372328831887	6	328	0	
300	0	110	step_1_no_load	1	2	2	356	
300	0	110	step_2_no_load	5	6	0.729599891941	0.395544455384	6	389	0	
300	0	111	step_1_no_load	1	2	2	334	
300	0	111	step_2_no_load	5	6	0.724852671171	0.407158158569	6	407	1	
300	0	112	step_1_no_load	1	2	2	280	
300	0	112	step_2_no_load	3	4	0.392887565883	0.635252945963	3	429	0	
300	0	113	step_1_no_load	1	2	2	317	
300	0	113	step_2_no_load	3	4	0.370697120277	0.634627459817	4	488	1	
300	0	114	step_1_no_load	1	2	2	370	
300	0	114	step_2_no_load	3	4	0.380324086676	0.657654904272	4	440	0	
300	0	115	step_1_no_load	1	2	2	305	
300	0	115	step_2_no_load	3	4	0.390027643099	0.645721217949	3	964	1	
300	0	116	step_1_no_load	1	2	2	311	
300	0	116	step_2_no_load	5	6	0.706736514943	0.369438791876	6	738	0	
300	0	117	step_1_no_load	1	2	2	320	
300	0	117	step_2_no_load	5	6	0.747012267642	0.363056877927	5	385	1	
300	0	118	step_1_no_load	1	2	2	516	
300	0	118	step_2_no_load	5	6	0.740051715856	0.362977115924	6	251	1	
300	0	119	step_1_no_load	1	2	2	309	
300	0	119	step_2_no_load	5	6	0.690424535099	0.358243439099	6	879	0	
300	0	120	step_1_no_load	1	2	2	524	
300	0	120	step_2_no_load	5	6	0.70587238626	0.333809617664	5	455	1	
300	0	121	step_1_no_load	1	2	2	354	
300	0	121	step_2_no_load	5	6	0.658856304095	0.310775244958	6	260	0	
300	0	122	step_1_no_load	1	2	2	533	
300	0	122	step_2_no_load	3	4	0.329624572119	0.672193618854	3	387	0	
300	0	123	step_1_no_load	1	2	2	308	
300	0	123	step_2_no_load	5	6	0.583607229978	0.269780614928	6	418	1	
300	0	124	step_1_no_load	1	2	2	447	
300	0	124	step_2_no_load	5	6	0.603013298253	0.26095206597	6	306	0	
300	0	125	step_1_no_load	1	2	2	461	
300	0	125	step_2_no_load	5	6	0.559596800931	0.290374841566	5	578	0	
300	0	126	step_1_no_load	1	2	2	446	
300	0	126	step_2_no_load	5	6	0.537863824328	0.267206368684	6	416	1	
300	0	127	step_1_no_load	1	2	2	396	
300	0	127	step_2_no_load	3	4	0.274944938508	0.646945556251	4	607	0	
300	0	128	step_1_no_load	1	2	2	384	
300	0	128	step_2_no_load	5	6	0.636905534066	0.260252451606	5	484	0	
300	0	129	step_1_no_load	1	2	2	358	
300	0	129	step_2_no_load	3	4	0.271709703542	0.632682846317	4	271	0	
300	0	130	step_1_no_load	1	2	2	339	
300	0	130	step_2_no_load	3	4	0.274560758494	0.630285316669	3	410	0	
300	0	131	step_1_no_load	1	2	2	283	
300	0	131	step_2_no_load	3	4	0.311475039155	0.638450601212	4	373	0	
300	0	132	step_1_no_load	1	2	2	289	
300	0	132	step_2_no_load	3	4	0.315328810424	0.660013924697	3	1132	1	
300	0	133	step_1_no_load	1	2	2	575	
300	0	133	step_2_no_load	5	6	0.617383991623	0.315608831386	5	1448	0	
300	0	134	step_1_no_load	1	2	2	392	
300	0	134	step_2_no_load	5	6	0.621945110858	0.287393715313	6	593	0	
300	0	135	step_1_no_load	1	2	1	857	
300	0	135	step_2_no_load	5	6	0.593710006149	0.300079459047	6	1164	0	
300	0	136	step_1_no_load	1	2	2	307	
300	0	136	step_2_no_load	5	6	0.597814413435	0.307766925452	6	617	0	
300	0	137	step_1_no_load	1	2	2	409	
300	0	137	step_2_no_load	5	6	0.605896884497	0.346433498467	6	430	0	
300	0	138	step_1_no_load	1	2	2	354	
300	0	138	step_2_no_load	5	6	0.63240964674	0.366701525561	5	313	1	
300	0	139	step_1_no_load	1	2	2	365	
300	0	139	step_2_no_load	5	6	0.636630981281	0.325611400511	5	342	0	
300	0	140	step_1_no_load	1	2	2	316	
300	0	140	step_2_no_load	5	6	0.671213945178	0.348740542008	5	471	1	
300	0	141	step_1_no_load	1	2	2	346	
300	0	141	step_2_no_load	5	6	0.711987889705	0.390227133375	5	479	1	
300	0	142	step_1_no_load	1	2	2	311	
300	0	142	step_2_no_load	5	6	0.690276058009	0.397052682821	5	344	1	
300	0	143	step_1_no_load	1	2	2	468	
300	0	143	step_2_no_load	3	4	0.313516825296	0.610219102298	3	336	0	
300	0	144	step_1_no_load	1	2	2	300	
300	0	144	step_2_no_load	5	6	0.626443722248	0.389234194056	6	505	1	
300	0	145	step_1_no_load	1	2	2	316	
300	0	145	step_2_no_load	5	6	0.6669125229	0.355256413269	6	450	1	
300	0	146	step_1_no_load	1	2	2	359	
300	0	146	step_2_no_load	5	6	0.681611991725	0.320877500969	6	653	1	
300	0	147	step_1_no_load	1	2	2	530	
300	0	147	step_2_no_load	5	6	0.647798886916	0.352879785946	6	350	1	
300	0	148	step_1_no_load	1	2	2	654	
300	0	148	step_2_no_load	5	6	0.619272702026	0.311162711725	6	659	0	
300	0	149	step_1_no_load	1	2	2	318	
300	0	149	step_2_no_load	5	6	0.601870110183	0.300290206122	5	363	1	
300	0	150	step_1_no_load	1	2	2	334	
300	0	150	step_2_no_load	5	6	0.575985663078	0.306860041627	5	346	1	
300	0	151	step_1_no_load	1	2	2	412	
300	0	151	step_2_no_load	5	6	0.59154759351	0.310557101463	5	358	1	
300	0	152	step_1_no_load	1	2	2	393	
300	0	152	step_2_no_load	5	6	0.595108765344	0.323194010514	5	431	1	
300	0	153	step_1_no_load	1	2	2	361	
300	0	153	step_2_no_load	3	4	0.309356532263	0.681559292085	3	454	1	
300	0	154	step_1_no_load	1	2	2	662	
300	0	154	step_2_no_load	3	4	0.316375537537	0.671672162443	4	1184	1	
300	0	155	step_1_no_load	1	2	2	327	
300	0	155	step_2_no_load	5	6	0.632486591889	0.372188990474	5	686	1	
300	0	156	step_1_no_load	1	2	2	315	
300	0	156	step_2_no_load	3	4	0.32564867104	0.734436160799	3	364	1	
300	0	157	step_1_no_load	1	2	2	327	
300	0	157	step_2_no_load	5	6	0.585191807512	0.324728201487	5	479	1	
300	0	158	step_1_no_load	1	2	2	349	
300	0	158	step_2_no_load	3	4	0.408728803896	0.694270715354	3	373	0	
300	0	159	step_1_no_load	1	2	2	469	
300	0	159	step_2_no_load	5	6	0.541222065796	0.321150411254	6	1297	0	
300	0	160	step_1_no_load	1	2	2	571	
300	0	160	step_2_no_load	5	6	0.521229931064	0.355992626298	5	380	1	
300	0	161	step_1_no_load	1	2	2	437	
300	0	161	step_2_no_load	5	6	0.516036498158	0.438878285506	5	335	1	
300	0	162	step_1_no_load	1	2	2	425	
300	0	162	step_2_no_load	3	4	0.3926701003	0.695144769903	3	337	0	
300	0	163	step_1_no_load	1	2	2	357	
300	0	163	step_2_no_load	5	6	0.5863391277	0.430920885959	5	562	1	
300	0	164	step_1_no_load	1	2	2	452	
300	0	164	step_2_no_load	5	6	0.585961845322	0.430844125626	5	351	0	
300	0	165	step_1_no_load	1	2	-1	-1	
300	0	166	step_1_no_load	1	2	2	332	
300	0	166	step_2_no_load	5	6	0.549095060025	0.356317216644	5	518	1	
300	0	167	step_1_no_load	1	2	2	384	
300	0	167	step_2_no_load	5	6	0.585131062446	0.331115714939	6	325	1	
300	0	168	step_1_no_load	1	2	2	353	
300	0	168	step_2_no_load	5	6	0.613361520676	0.335777599654	6	428	0	
300	0	169	step_1_no_load	1	2	2	293	
300	0	169	step_2_no_load	5	6	0.586049140041	0.365156560071	6	271	0	
300	0	170	step_1_no_load	1	2	2	297	
300	0	170	step_2_no_load	5	6	0.57151385403	0.364989630435	6	311	0	
300	0	171	step_1_no_load	1	2	2	282	
300	0	171	step_2_no_load	3	4	0.386979310814	0.727248140829	3	411	1	
300	0	172	step_1_no_load	1	2	2	360	
300	0	172	step_2_no_load	3	4	0.363617002148	0.668669556875	3	375	0	
300	0	173	step_1_no_load	1	2	2	366	
300	0	173	step_2_no_load	5	6	0.484428109849	0.462866379815	6	310	0	
300	0	174	step_1_no_load	1	2	2	355	
300	0	174	step_2_no_load	5	6	0.472729524832	0.46236234172	5	451	1	
300	0	175	step_1_no_load	1	2	2	357	
300	0	175	step_2_no_load	5	6	0.52644949356	0.484825491933	5	763	1	
300	0	176	step_1_no_load	1	2	2	467	
300	0	176	step_2_no_load	5	6	0.474046874473	0.500856457218	5	507	0	
300	0	177	step_1_no_load	1	2	2	462	
300	0	177	step_2_no_load	5	6	0.501268576771	0.4798184927	6	434	1	
300	0	178	step_1_no_load	1	2	2	294	
300	0	178	step_2_no_load	5	6	0.493712351915	0.49020858644	6	352	1	
300	0	179	step_1_no_load	1	2	2	296	
300	0	179	step_2_no_load	3	4	0.324685418097	0.709345707515	4	320	0	
300	0	180	step_1_no_load	1	2	2	319	
300	0	180	step_2_no_load	5	6	0.482853857291	0.489345734128	6	358	1	
300	0	181	step_1_no_load	1	2	2	305	
300	0	181	step_2_no_load	5	6	0.508735114046	0.480141179559	6	440	0	
300	0	182	step_1_no_load	1	2	2	473	
300	0	182	step_2_no_load	3	4	0.340533666308	0.72717560423	3	674	1	
300	0	183	step_1_no_load	1	2	2	458	
300	0	183	step_2_no_load	3	4	0.350175837802	0.720388040749	3	685	0	
300	0	184	step_1_no_load	1	2	2	328	
300	0	184	step_2_no_load	5	6	0.460890977786	0.480863422096	6	313	0	
300	0	185	step_1_no_load	1	2	2	560	
300	0	185	step_2_no_load	5	6	0.479703516092	0.482228039858	5	340	1	
300	0	186	step_1_no_load	1	2	1	619	
300	0	186	step_2_no_load	3	4	0.332733011923	0.656308636836	4	474	0	
300	0	187	step_1_no_load	1	2	2	354	
300	0	187	step_2_no_load	5	6	0.443962917772	0.498596507669	6	806	0	
300	0	188	step_1_no_load	1	2	2	392	
300	0	188	step_2_no_load	5	6	0.471319680586	0.548350535247	6	286	1	
300	0	189	step_1_no_load	1	2	2	320	
300	0	189	step_2_no_load	5	6	0.448897869069	0.534753756004	6	316	0	
300	0	190	step_1_no_load	1	2	2	350	
300	0	190	step_2_no_load	5	6	0.433568856946	0.505820429042	5	408	1	
300	0	191	step_1_no_load	1	2	2	364	
300	0	191	step_2_no_load	5	6	0.435748387321	0.512103523931	5	387	1	
300	0	192	step_1_no_load	1	2	2	468	
300	0	192	step_2_no_load	5	6	0.450791310283	0.493851022417	5	406	0	
300	0	193	step_1_no_load	1	2	2	269	
300	0	193	step_2_no_load	3	4	0.321008037746	0.679792491164	3	470	1	
300	0	194	step_1_no_load	1	2	2	351	
300	0	194	step_2_no_load	5	6	0.433250459893	0.505359594715	5	445	0	
300	0	195	step_1_no_load	1	2	2	295	
300	0	195	step_2_no_load	3	4	0.348571348505	0.646280688878	4	379	1	
300	0	196	step_1_no_load	1	2	2	449	
300	0	196	step_2_no_load	5	6	0.421761207498	0.496717662777	5	632	1	
300	0	197	step_1_no_load	1	2	2	418	
300	0	197	step_2_no_load	3	4	0.316987700969	0.686552522522	3	923	0	
300	0	198	step_1_no_load	1	2	2	337	
300	0	198	step_2_no_load	5	6	0.397292432346	0.485065498391	5	463	1	
300	0	199	step_1_no_load	1	2	2	301	
300	0	199	step_2_no_load	5	6	0.39793773834	0.529438031858	5	405	0	
300	0	200	step_1_no_load	1	2	2	399	
300	0	200	step_2_no_load	3	4	0.299128796668	0.728996708473	4	410	1	

Fri Aug 21 15:28:53 2020
