Wed Aug 26 14:56:56 2020	
302	0	1	step_1_no_load	1	2	-1	-1	
302	0	2	step_1_no_load	1	2	1	294	
302	0	2	step_2_no_load	5	6	0.580156942153	0.533203491871	6	493	1	
302	0	3	step_1_no_load	1	2	1	97	
302	0	3	step_2_no_load	3	4	0.589215227351	0.476767372206	3	626	1	
302	0	4	step_1_no_load	1	2	1	233	
302	0	4	step_2_no_load	5	6	0.597491569846	0.494597764192	6	521	1	
302	0	5	step_1_no_load	1	2	1	508	
302	0	5	step_2_no_load	5	6	0.623810210114	0.543908521457	6	842	0	
302	0	6	step_1_no_load	1	2	2	322	
302	0	6	step_2_no_load	3	4	0.603642866427	0.506877622204	3	695	0	
302	0	7	step_1_no_load	1	2	2	446	
302	0	7	step_2_no_load	5	6	0.568656746487	0.506408070053	6	612	1	
302	0	8	step_1_no_load	1	2	1	534	
302	0	8	step_2_no_load	3	4	0.624210374623	0.489816616396	3	1255	1	
302	0	9	step_1_no_load	1	2	2	591	
302	0	9	step_2_no_load	5	6	0.598049061473	0.54429228266	6	888	0	
302	0	10	step_1_no_load	1	2	2	401	
302	0	10	step_2_no_load	5	6	0.652626043146	0.576063520885	5	629	0	
302	0	11	step_1_no_load	1	2	2	553	
302	0	11	step_2_no_load	5	6	0.69163818036	0.59022801242	6	475	1	
302	0	12	step_1_no_load	1	2	2	398	
302	0	12	step_2_no_load	5	6	0.682786328054	0.597131918027	6	551	1	
302	0	13	step_1_no_load	1	2	1	168	
302	0	13	step_2_no_load	3	4	0.558313135925	0.52012981853	3	634	0	
302	0	14	step_1_no_load	1	2	1	242	
302	0	14	step_2_no_load	3	4	0.545555696267	0.491234392147	4	737	0	
302	0	15	step_1_no_load	1	2	1	267	
302	0	15	step_2_no_load	5	6	0.612260006668	0.633564630036	6	855	1	
302	0	16	step_1_no_load	1	2	1	365	
302	0	16	step_2_no_load	5	6	0.628091198119	0.626326396372	6	666	1	
302	0	17	step_1_no_load	1	2	2	442	
302	0	17	step_2_no_load	5	6	0.633350170016	0.643116883134	6	805	1	
302	0	18	step_1_no_load	1	2	1	150	
302	0	18	step_2_no_load	3	4	0.553554620302	0.517514133912	3	824	1	
302	0	19	step_1_no_load	1	2	1	576	
302	0	19	step_2_no_load	3	4	0.536502319591	0.498240186199	3	658	0	
302	0	20	step_1_no_load	1	2	1	348	
302	0	20	step_2_no_load	3	4	0.491720931314	0.478025448397	3	590	0	
302	0	21	step_1_no_load	1	2	1	238	
302	0	21	step_2_no_load	5	6	0.630305464549	0.611328949295	6	729	1	
302	0	22	step_1_no_load	1	2	2	492	
302	0	22	step_2_no_load	5	6	0.621949894727	0.618527126547	6	526	1	
302	0	23	step_1_no_load	1	2	2	327	
302	0	23	step_2_no_load	3	4	0.513759772011	0.520606588181	3	678	0	
302	0	24	step_1_no_load	1	2	1	314	
302	0	24	step_2_no_load	3	4	0.503316199018	0.505388876622	4	479	0	
302	0	25	step_1_no_load	1	2	1	351	
302	0	25	step_2_no_load	3	4	0.503605105412	0.503316372362	3	634	1	
302	0	26	step_1_no_load	1	2	1	334	
302	0	26	step_2_no_load	3	4	0.532884212818	0.511744353778	3	519	1	
302	0	27	step_1_no_load	1	2	1	0	
302	0	27	step_2_no_load	5	6	0.57860777711	0.642144756622	6	907	1	
302	0	28	step_1_no_load	1	2	2	587	
302	0	28	step_2_no_load	5	6	0.588356036098	0.647441527317	6	770	1	
302	0	29	step_1_no_load	1	2	1	591	
302	0	29	step_2_no_load	5	6	0.606613029227	0.618626354124	6	974	1	
302	0	30	step_1_no_load	1	2	2	443	
302	0	30	step_2_no_load	3	4	0.574272497114	0.4919199548	3	820	1	
302	0	31	step_1_no_load	1	2	1	348	
302	0	31	step_2_no_load	5	6	0.636602545794	0.606122691795	6	425	1	
302	0	32	step_1_no_load	1	2	1	322	
302	0	32	step_2_no_load	3	4	0.522993086096	0.520318771114	3	655	1	
302	0	33	step_1_no_load	1	2	1	359	
302	0	33	step_2_no_load	5	6	0.611700032906	0.618000238621	6	631	1	
302	0	34	step_1_no_load	1	2	1	432	
302	0	34	step_2_no_load	3	4	0.538523758058	0.454565258478	3	670	0	
302	0	35	step_1_no_load	1	2	1	311	
302	0	35	step_2_no_load	3	4	0.594167768198	0.491437207585	3	512	1	
302	0	36	step_1_no_load	1	2	1	771	
302	0	36	step_2_no_load	5	6	0.527635087561	0.661229326326	6	501	0	
302	0	37	step_1_no_load	1	2	2	305	
302	0	37	step_2_no_load	5	6	0.513822304161	0.660658056664	6	724	1	
302	0	38	step_1_no_load	1	2	1	549	
302	0	38	step_2_no_load	3	4	0.595113730206	0.553931241266	3	665	1	
302	0	39	step_1_no_load	1	2	2	351	
302	0	39	step_2_no_load	5	6	0.557005857101	0.634483337633	6	712	0	
302	0	40	step_1_no_load	1	2	2	211	
302	0	40	step_2_no_load	5	6	0.580760785074	0.636994900683	6	705	0	
302	0	41	step_1_no_load	1	2	2	238	
302	0	41	step_2_no_load	5	6	0.524862294848	0.633285941184	5	394	1	
302	0	42	step_1_no_load	1	2	2	412	
302	0	42	step_2_no_load	5	6	0.533857158543	0.606696263624	5	418	1	
302	0	43	step_1_no_load	1	2	1	420	
302	0	43	step_2_no_load	3	4	0.612705031264	0.548128010644	4	723	1	
302	0	44	step_1_no_load	1	2	1	235	
302	0	44	step_2_no_load	3	4	0.611481438855	0.537842745081	4	674	0	
302	0	45	step_1_no_load	1	2	1	546	
302	0	45	step_2_no_load	3	4	0.632991467829	0.5288039409	3	730	0	
302	0	46	step_1_no_load	1	2	1	619	
302	0	46	step_2_no_load	5	6	0.55511883717	0.654261318712	5	1067	1	
302	0	47	step_1_no_load	1	2	1	249	
302	0	47	step_2_no_load	3	4	0.598724660986	0.493112702321	4	545	1	
302	0	48	step_1_no_load	1	2	1	525	
302	0	48	step_2_no_load	3	4	0.615767119776	0.488280685105	4	399	1	
302	0	49	step_1_no_load	1	2	2	355	
302	0	49	step_2_no_load	5	6	0.512405963374	0.614679490594	5	333	0	
302	0	50	step_1_no_load	1	2	2	405	
302	0	50	step_2_no_load	5	6	0.481616544184	0.593458480934	5	281	0	
302	0	51	step_1_no_load	1	2	1	207	
302	0	51	step_2_no_load	3	4	0.564866799699	0.469943944943	4	288	1	
302	0	52	step_1_no_load	1	2	1	216	
302	0	52	step_2_no_load	3	4	0.539065404057	0.429622901875	4	413	0	
302	0	53	step_1_no_load	1	2	1	313	
302	0	53	step_2_no_load	3	4	0.551457882502	0.451905460347	4	301	0	
302	0	54	step_1_no_load	1	2	1	357	
302	0	54	step_2_no_load	5	6	0.493362545513	0.652515308527	5	1032	0	
302	0	55	step_1_no_load	1	2	1	258	
302	0	55	step_2_no_load	3	4	0.574045915747	0.487025527704	-1	-1	-1	
302	0	56	step_1_no_load	1	2	2	218	
302	0	56	step_2_no_load	5	6	0.538512915562	0.60038825769	6	1080	0	
302	0	57	step_1_no_load	1	2	2	327	
302	0	57	step_2_no_load	5	6	0.516475618243	0.586335094239	5	346	1	
302	0	58	step_1_no_load	1	2	1	494	
302	0	58	step_2_no_load	5	6	0.528376440027	0.610896130115	5	716	1	
302	0	59	step_1_no_load	1	2	1	301	
302	0	59	step_2_no_load	3	4	0.632500293208	0.480274332693	4	756	1	
302	0	60	step_1_no_load	1	2	1	419	
302	0	60	step_2_no_load	3	4	0.623687406259	0.491916707098	4	584	1	
302	0	61	step_1_no_load	1	2	1	316	
302	0	61	step_2_no_load	3	4	0.669587072502	0.464268875813	4	481	1	
302	0	62	step_1_no_load	1	2	2	496	
302	0	62	step_2_no_load	5	6	0.533031417444	0.622820395113	5	379	1	
302	0	63	step_1_no_load	1	2	2	405	
302	0	63	step_2_no_load	3	4	0.664284493458	0.53192660365	3	521	0	
302	0	64	step_1_no_load	1	2	1	292	
302	0	64	step_2_no_load	3	4	0.642369708469	0.555062911513	4	481	0	
302	0	65	step_1_no_load	1	2	2	315	
302	0	65	step_2_no_load	5	6	0.517687993213	0.619953360065	5	902	0	
302	0	66	step_1_no_load	1	2	2	314	
302	0	66	step_2_no_load	3	4	0.606938648072	0.573761869714	3	1323	1	
302	0	67	step_1_no_load	1	2	2	321	
302	0	67	step_2_no_load	5	6	0.538279387614	0.674463681351	6	568	1	
302	0	68	step_1_no_load	1	2	2	1042	
302	0	68	step_2_no_load	5	6	0.523301545299	0.719455209845	6	578	0	
302	0	69	step_1_no_load	1	2	2	231	
302	0	69	step_2_no_load	5	6	0.560462111264	0.718756538957	5	364	0	
302	0	70	step_1_no_load	1	2	2	236	
302	0	70	step_2_no_load	5	6	0.548075770764	0.697741832068	5	477	0	
302	0	71	step_1_no_load	1	2	2	241	
302	0	71	step_2_no_load	5	6	0.546215110045	0.706816191949	6	367	0	
302	0	72	step_1_no_load	1	2	1	274	
302	0	72	step_2_no_load	3	4	0.626024641967	0.47409116389	3	854	1	
302	0	73	step_1_no_load	1	2	1	349	
302	0	73	step_2_no_load	3	4	0.657126403029	0.435957313805	3	461	1	
302	0	74	step_1_no_load	1	2	1	202	
302	0	74	step_2_no_load	5	6	0.491044983779	0.693624670847	5	461	1	
302	0	75	step_1_no_load	1	2	1	256	
302	0	75	step_2_no_load	3	4	0.615552849174	0.44832280175	3	595	1	
302	0	76	step_1_no_load	1	2	1	504	
302	0	76	step_2_no_load	3	4	0.62770291155	0.488583631821	3	498	0	
302	0	77	step_1_no_load	1	2	1	226	
302	0	77	step_2_no_load	3	4	0.564257587118	0.446809557226	4	704	0	
302	0	78	step_1_no_load	1	2	2	59	
302	0	78	step_2_no_load	3	4	0.536711448352	0.435911167612	3	603	0	
302	0	79	step_1_no_load	1	2	2	272	
302	0	79	step_2_no_load	5	6	0.540085062695	0.647841624544	5	792	0	
302	0	80	step_1_no_load	1	2	1	20	
302	0	80	step_2_no_load	3	4	0.518583383166	0.396016175285	3	385	1	
302	0	81	step_1_no_load	1	2	1	49	
302	0	81	step_2_no_load	5	6	0.494116554432	0.702400933084	6	549	1	
302	0	82	step_1_no_load	1	2	1	491	
302	0	82	step_2_no_load	5	6	0.482727017837	0.688340116885	6	596	1	
302	0	83	step_1_no_load	1	2	2	197	
302	0	83	step_2_no_load	5	6	0.483255412498	0.726885136842	6	567	1	
302	0	84	step_1_no_load	1	2	1	259	
302	0	84	step_2_no_load	5	6	0.505586222209	0.731466635793	6	607	1	
302	0	85	step_1_no_load	1	2	1	393	
302	0	85	step_2_no_load	3	4	0.692384972752	0.384458259121	3	656	1	
302	0	86	step_1_no_load	1	2	2	259	
302	0	86	step_2_no_load	3	4	0.691782850001	0.345323068124	3	649	1	
302	0	87	step_1_no_load	1	2	1	394	
302	0	87	step_2_no_load	5	6	0.493867001103	0.690012761069	6	466	1	
302	0	88	step_1_no_load	1	2	2	493	
302	0	88	step_2_no_load	3	4	0.717410082358	0.377947492322	3	577	1	
302	0	89	step_1_no_load	1	2	2	415	
302	0	89	step_2_no_load	5	6	0.490019385174	0.660112261017	6	451	1	
302	0	90	step_1_no_load	1	2	1	423	
302	0	90	step_2_no_load	3	4	0.712247848046	0.411459496853	3	728	0	
302	0	91	step_1_no_load	1	2	1	291	
302	0	91	step_2_no_load	5	6	0.479087223222	0.657820521772	6	567	1	
302	0	92	step_1_no_load	1	2	1	326	
302	0	92	step_2_no_load	5	6	0.484260039873	0.679381608313	6	606	1	
302	0	93	step_1_no_load	1	2	1	296	
302	0	93	step_2_no_load	3	4	0.70415710998	0.439878153082	3	607	1	
302	0	94	step_1_no_load	1	2	2	308	
302	0	94	step_2_no_load	5	6	0.468637558205	0.668295023896	6	446	1	
302	0	95	step_1_no_load	1	2	1	372	
302	0	95	step_2_no_load	3	4	0.715495469274	0.427150666411	3	1226	0	
302	0	96	step_1_no_load	1	2	2	348	
302	0	96	step_2_no_load	3	4	0.693739812506	0.383038640121	3	484	0	
302	0	97	step_1_no_load	1	2	2	253	
302	0	97	step_2_no_load	5	6	0.455601814112	0.651202057411	5	915	1	
302	0	98	step_1_no_load	1	2	1	370	
302	0	98	step_2_no_load	5	6	0.431479829356	0.646040060297	5	835	1	
302	0	99	step_1_no_load	1	2	2	396	
302	0	99	step_2_no_load	5	6	0.375249961522	0.645191748454	5	596	0	
302	0	100	step_1_no_load	1	2	2	279	
302	0	100	step_2_no_load	5	6	0.363162156005	0.66579920021	5	623	0	
302	0	101	step_1_no_load	1	2	2	120	
302	0	101	step_2_no_load	5	6	0.366879421891	0.655903528958	6	480	1	
302	0	102	step_1_no_load	1	2	2	525	
302	0	102	step_2_no_load	3	4	0.666304534392	0.494584754513	3	677	0	
302	0	103	step_1_no_load	1	2	2	249	
302	0	103	step_2_no_load	5	6	0.322834495838	0.69058998368	6	610	0	
302	0	104	step_1_no_load	1	2	2	287	
302	0	104	step_2_no_load	5	6	0.303696146503	0.743372642809	5	535	0	
302	0	105	step_1_no_load	1	2	2	260	
302	0	105	step_2_no_load	5	6	0.352639603242	0.722851301692	6	502	1	
302	0	106	step_1_no_load	1	2	2	345	
302	0	106	step_2_no_load	5	6	0.374131494222	0.699623252899	6	332	1	
302	0	107	step_1_no_load	1	2	2	458	
302	0	107	step_2_no_load	5	6	0.388257337796	0.677514185929	6	378	1	
302	0	108	step_1_no_load	1	2	2	363	
302	0	108	step_2_no_load	5	6	0.388185708856	0.681491063126	6	336	1	
302	0	109	step_1_no_load	1	2	1	307	
302	0	109	step_2_no_load	5	6	0.372328831887	0.68658494263	6	685	1	
302	0	110	step_1_no_load	1	2	1	261	
302	0	110	step_2_no_load	3	4	0.729599891941	0.432626681236	3	538	1	
302	0	111	step_1_no_load	1	2	2	587	
302	0	111	step_2_no_load	5	6	0.407158158569	0.634599547742	6	998	1	
302	0	112	step_1_no_load	1	2	2	277	
302	0	112	step_2_no_load	3	4	0.725701866094	0.392887565883	4	406	0	
302	0	113	step_1_no_load	1	2	2	363	
302	0	113	step_2_no_load	5	6	0.387112818105	0.634627459817	6	378	0	
302	0	114	step_1_no_load	1	2	2	332	
302	0	114	step_2_no_load	5	6	0.384736699284	0.657654904272	6	565	0	
302	0	115	step_1_no_load	1	2	2	269	
302	0	115	step_2_no_load	3	4	0.739704344621	0.390027643099	4	1017	0	
302	0	116	step_1_no_load	1	2	2	302	
302	0	116	step_2_no_load	3	4	0.706736514943	0.378149844807	3	619	1	
302	0	117	step_1_no_load	1	2	1	340	
302	0	117	step_2_no_load	3	4	0.747012267642	0.374621793791	3	789	0	
302	0	118	step_1_no_load	1	2	1	222	
302	0	118	step_2_no_load	3	4	0.740051715856	0.357645851833	3	462	1	
302	0	119	step_1_no_load	1	2	1	292	
302	0	119	step_2_no_load	3	4	0.690424535099	0.357515098446	3	524	0	
302	0	120	step_1_no_load	1	2	1	218	
302	0	120	step_2_no_load	3	4	0.70587238626	0.370150243662	3	637	1	
302	0	121	step_1_no_load	1	2	2	269	
302	0	121	step_2_no_load	5	6	0.310775244958	0.671052306195	6	785	1	
302	0	122	step_1_no_load	1	2	1	752	
302	0	122	step_2_no_load	5	6	0.266650857402	0.672193618854	5	392	0	
302	0	123	step_1_no_load	1	2	1	286	
302	0	123	step_2_no_load	3	4	0.583607229978	0.337526896345	3	1145	1	
302	0	124	step_1_no_load	1	2	2	562	
302	0	124	step_2_no_load	5	6	0.26095206597	0.624161788269	6	687	1	
302	0	125	step_1_no_load	1	2	1	239	
302	0	125	step_2_no_load	5	6	0.290374841566	0.633566302563	6	707	1	
302	0	126	step_1_no_load	1	2	2	468	
302	0	126	step_2_no_load	5	6	0.267206368684	0.600985760967	6	410	0	
302	0	127	step_1_no_load	1	2	2	230	
302	0	127	step_2_no_load	3	4	0.560824094575	0.274944938508	3	704	0	
302	0	128	step_1_no_load	1	2	2	227	
302	0	128	step_2_no_load	5	6	0.260252451606	0.620672334996	5	534	0	
302	0	129	step_1_no_load	1	2	2	230	
302	0	129	step_2_no_load	5	6	0.268213321963	0.632682846317	6	388	0	
302	0	130	step_1_no_load	1	2	2	296	
302	0	130	step_2_no_load	5	6	0.267460866951	0.630285316669	6	604	1	
302	0	131	step_1_no_load	1	2	2	332	
302	0	131	step_2_no_load	3	4	0.678044920845	0.311475039155	3	704	1	
302	0	132	step_1_no_load	1	2	2	319	
302	0	132	step_2_no_load	5	6	0.27986961048	0.660013924697	6	568	1	
302	0	133	step_1_no_load	1	2	2	443	
302	0	133	step_2_no_load	5	6	0.315608831386	0.691649444281	6	551	0	
302	0	134	step_1_no_load	1	2	2	424	
302	0	134	step_2_no_load	5	6	0.287393715313	0.685529359147	6	635	1	
302	0	135	step_1_no_load	1	2	2	719	
302	0	135	step_2_no_load	5	6	0.300079459047	0.700779221781	6	386	1	
302	0	136	step_1_no_load	1	2	2	343	
302	0	136	step_2_no_load	5	6	0.307766925452	0.674914008636	6	474	0	
302	0	137	step_1_no_load	1	2	2	302	
302	0	137	step_2_no_load	5	6	0.346433498467	0.668540846495	6	579	1	
302	0	138	step_1_no_load	1	2	2	269	
302	0	138	step_2_no_load	5	6	0.366701525561	0.688182193337	6	469	0	
302	0	139	step_1_no_load	1	2	2	277	
302	0	139	step_2_no_load	5	6	0.325611400511	0.696355985729	6	407	1	
302	0	140	step_1_no_load	1	2	2	281	
302	0	140	step_2_no_load	3	4	0.671213945178	0.328174526491	3	607	1	
302	0	141	step_1_no_load	1	2	2	291	
302	0	141	step_2_no_load	5	6	0.390227133375	0.616803346728	6	502	1	
302	0	142	step_1_no_load	1	2	2	315	
302	0	142	step_2_no_load	5	6	0.397052682821	0.627356259123	6	424	1	
302	0	143	step_1_no_load	1	2	2	83	
302	0	143	step_2_no_load	5	6	0.410970957547	0.610219102298	6	731	0	
302	0	144	step_1_no_load	1	2	2	234	
302	0	144	step_2_no_load	3	4	0.626443722248	0.275932517017	3	530	1	
302	0	145	step_1_no_load	1	2	2	272	
302	0	145	step_2_no_load	5	6	0.355256413269	0.606515632748	6	529	0	
302	0	146	step_1_no_load	1	2	2	131	
302	0	146	step_2_no_load	5	6	0.320877500969	0.593778463268	6	499	1	
302	0	147	step_1_no_load	1	2	2	595	
302	0	147	step_2_no_load	5	6	0.352879785946	0.594861186319	6	600	1	
302	0	148	step_1_no_load	1	2	1	159	
302	0	148	step_2_no_load	3	4	0.619272702026	0.305288021243	3	528	0	
302	0	149	step_1_no_load	1	2	1	265	
302	0	149	step_2_no_load	3	4	0.601870110183	0.269951834184	3	518	0	
302	0	150	step_1_no_load	1	2	1	185	
302	0	150	step_2_no_load	3	4	0.575985663078	0.305587692243	3	468	0	
302	0	151	step_1_no_load	1	2	1	31	
302	0	151	step_2_no_load	3	4	0.59154759351	0.348172164421	4	400	0	
302	0	152	step_1_no_load	1	2	2	140	
302	0	152	step_2_no_load	3	4	0.595108765344	0.307702500543	3	668	1	
302	0	153	step_1_no_load	1	2	2	239	
302	0	153	step_2_no_load	5	6	0.343622632154	0.681559292085	6	584	0	
302	0	154	step_1_no_load	1	2	2	138	
302	0	154	step_2_no_load	3	4	0.638934099562	0.316375537537	3	1027	1	
302	0	155	step_1_no_load	1	2	2	274	
302	0	155	step_2_no_load	3	4	0.632486591889	0.296093457977	4	362	0	
302	0	156	step_1_no_load	1	2	1	86	
302	0	156	step_2_no_load	5	6	0.368378667812	0.734436160799	6	640	1	
302	0	157	step_1_no_load	1	2	2	387	
302	0	157	step_2_no_load	3	4	0.585191807512	0.350909357271	3	552	1	
302	0	158	step_1_no_load	1	2	1	455	
302	0	158	step_2_no_load	5	6	0.334595868098	0.694270715354	6	612	0	
302	0	159	step_1_no_load	1	2	2	345	
302	0	159	step_2_no_load	5	6	0.321150411254	0.697903160072	6	574	0	
302	0	160	step_1_no_load	1	2	2	250	
302	0	160	step_2_no_load	5	6	0.355992626298	0.710728171711	6	530	0	
302	0	161	step_1_no_load	1	2	2	245	
302	0	161	step_2_no_load	5	6	0.438878285506	0.719896286569	5	497	1	
302	0	162	step_1_no_load	1	2	2	335	
302	0	162	step_2_no_load	5	6	0.455329532209	0.695144769903	5	367	1	
302	0	163	step_1_no_load	1	2	2	170	
302	0	163	step_2_no_load	5	6	0.430920885959	0.697095951435	5	498	1	
302	0	164	step_1_no_load	1	2	2	196	
302	0	164	step_2_no_load	5	6	0.430844125626	0.692137394606	5	418	1	
302	0	165	step_1_no_load	1	2	2	229	
302	0	165	step_2_no_load	3	4	0.538026607649	0.463777557969	4	666	1	
302	0	166	step_1_no_load	1	2	1	187	
302	0	166	step_2_no_load	5	6	0.356317216644	0.686594248975	5	1209	0	
302	0	167	step_1_no_load	1	2	2	405	
302	0	167	step_2_no_load	3	4	0.585131062446	0.38753671275	4	840	0	
302	0	168	step_1_no_load	1	2	2	374	
302	0	168	step_2_no_load	5	6	0.335777599654	0.67192508984	5	1404	0	
302	0	169	step_1_no_load	1	2	2	277	
302	0	169	step_2_no_load	5	6	0.365156560071	0.704981910944	6	337	1	
302	0	170	step_1_no_load	1	2	1	444	
302	0	170	step_2_no_load	3	4	0.57151385403	0.411067820436	3	511	1	
302	0	171	step_1_no_load	1	2	1	214	
302	0	171	step_2_no_load	3	4	0.553314431843	0.386979310814	3	277	0	
302	0	172	step_1_no_load	1	2	1	225	
302	0	172	step_2_no_load	3	4	0.519090471457	0.363617002148	3	269	0	
302	0	173	step_1_no_load	1	2	1	230	
302	0	173	step_2_no_load	3	4	0.484428109849	0.385349297983	3	438	1	
302	0	174	step_1_no_load	1	2	1	224	
302	0	174	step_2_no_load	3	4	0.472729524832	0.387867297446	3	433	1	
302	0	175	step_1_no_load	1	2	2	370	
302	0	175	step_2_no_load	3	4	0.52644949356	0.426185553904	3	638	1	
302	0	176	step_1_no_load	1	2	2	255	
302	0	176	step_2_no_load	5	6	0.500856457218	0.679250000396	6	650	1	
302	0	177	step_1_no_load	1	2	2	302	
302	0	177	step_2_no_load	5	6	0.4798184927	0.714070205704	6	757	1	
302	0	178	step_1_no_load	1	2	1	294	
302	0	178	step_2_no_load	3	4	0.493712351915	0.36473828006	3	462	1	
302	0	179	step_1_no_load	1	2	1	218	
302	0	179	step_2_no_load	5	6	0.493565996034	0.709345707515	6	617	1	
302	0	180	step_1_no_load	1	2	1	47	
302	0	180	step_2_no_load	3	4	0.482853857291	0.341214611607	3	691	1	
302	0	181	step_1_no_load	1	2	1	296	
302	0	181	step_2_no_load	3	4	0.508735114046	0.342402764747	3	561	1	
302	0	182	step_1_no_load	1	2	1	354	
302	0	182	step_2_no_load	3	4	0.506773281362	0.340533666308	3	596	1	
302	0	183	step_1_no_load	1	2	2	299	
302	0	183	step_2_no_load	3	4	0.502991759047	0.350175837802	3	543	0	
302	0	184	step_1_no_load	1	2	2	159	
302	0	184	step_2_no_load	5	6	0.480863422096	0.657291439324	6	484	1	
302	0	185	step_1_no_load	1	2	1	772	
302	0	185	step_2_no_load	3	4	0.479703516092	0.362611152222	3	660	0	
302	0	186	step_1_no_load	1	2	2	210	
302	0	186	step_2_no_load	3	4	0.46870859828	0.332733011923	3	731	1	
302	0	187	step_1_no_load	1	2	2	373	
302	0	187	step_2_no_load	5	6	0.498596507669	0.678211978625	6	594	1	
302	0	188	step_1_no_load	1	2	1	295	
302	0	188	step_2_no_load	3	4	0.471319680586	0.291508050861	3	434	1	
302	0	189	step_1_no_load	1	2	1	248	
302	0	189	step_2_no_load	3	4	0.448897869069	0.285168135955	3	460	0	
302	0	190	step_1_no_load	1	2	2	319	
302	0	190	step_2_no_load	3	4	0.433568856946	0.304557739386	4	403	0	
302	0	191	step_1_no_load	1	2	2	241	
302	0	191	step_2_no_load	3	4	0.435748387321	0.318839908867	3	626	0	
302	0	192	step_1_no_load	1	2	2	175	
302	0	192	step_2_no_load	5	6	0.493851022417	0.705517419189	5	270	0	
302	0	193	step_1_no_load	1	2	2	208	
302	0	193	step_2_no_load	5	6	0.504944704439	0.679792491164	6	701	1	
302	0	194	step_1_no_load	1	2	2	332	
302	0	194	step_2_no_load	5	6	0.505359594715	0.655261361454	6	491	0	
302	0	195	step_1_no_load	1	2	2	151	
302	0	195	step_2_no_load	3	4	0.466795336969	0.348571348505	4	766	0	
302	0	196	step_1_no_load	1	2	2	428	
302	0	196	step_2_no_load	5	6	0.496717662777	0.695101215304	6	590	1	
302	0	197	step_1_no_load	1	2	1	269	
302	0	197	step_2_no_load	3	4	0.422511153127	0.316987700969	3	466	0	
302	0	198	step_1_no_load	1	2	1	691	
302	0	198	step_2_no_load	3	4	0.397292432346	0.303352625941	3	535	0	
302	0	199	step_1_no_load	1	2	1	503	
302	0	199	step_2_no_load	5	6	0.529438031858	0.73697129762	6	671	1	
302	0	200	step_1_no_load	1	2	2	567	
302	0	200	step_2_no_load	5	6	0.507902534353	0.728996708473	6	688	0	

Wed Aug 26 15:15:02 2020
