Mon Aug 31 16:19:52 2020	
303	0	1	step_1_no_load	1	2	1	1264	
303	0	1	step_2_no_load	3	4	0.594299910136	0.457620150462	4	825	0	
303	0	2	step_1_no_load	1	2	1	613	
303	0	2	step_2_no_load	3	4	0.610961032466	0.474613197709	3	366	0	
303	0	3	step_1_no_load	1	2	1	263	
303	0	3	step_2_no_load	3	4	0.589215227351	0.476767372206	3	237	1	
303	0	4	step_1_no_load	1	2	1	254	
303	0	4	step_2_no_load	3	4	0.564086293706	0.478607661228	3	257	1	
303	0	5	step_1_no_load	1	2	1	250	
303	0	5	step_2_no_load	5	6	0.623810210114	0.543908521457	6	786	0	
303	0	6	step_1_no_load	1	2	1	268	
303	0	6	step_2_no_load	3	4	0.603642866427	0.506877622204	3	514	0	
303	0	7	step_1_no_load	1	2	1	411	
303	0	7	step_2_no_load	3	4	0.622642364361	0.500071913476	3	602	1	
303	0	8	step_1_no_load	1	2	1	237	
303	0	8	step_2_no_load	3	4	0.624210374623	0.489816616396	3	288	1	
303	0	9	step_1_no_load	1	2	1	337	
303	0	9	step_2_no_load	5	6	0.598049061473	0.54429228266	5	262	1	
303	0	10	step_1_no_load	1	2	1	318	
303	0	10	step_2_no_load	5	6	0.652626043146	0.576063520885	5	390	1	
303	0	11	step_1_no_load	1	2	1	301	
303	0	11	step_2_no_load	3	4	0.609191465743	0.477013315682	3	492	0	
303	0	12	step_1_no_load	1	2	1	215	
303	0	12	step_2_no_load	3	4	0.552770607849	0.48457206759	3	434	0	
303	0	13	step_1_no_load	1	2	1	265	
303	0	13	step_2_no_load	5	6	0.653587098421	0.595790490356	5	598	0	
303	0	14	step_1_no_load	1	2	1	370	
303	0	14	step_2_no_load	3	4	0.545555696267	0.491234392147	3	577	1	
303	0	15	step_1_no_load	1	2	1	288	
303	0	15	step_2_no_load	3	4	0.570419113221	0.505377237737	3	523	1	
303	0	16	step_1_no_load	1	2	1	221	
303	0	16	step_2_no_load	5	6	0.628091198119	0.626326396372	5	766	1	
303	0	17	step_1_no_load	1	2	2	392	
303	0	17	step_2_no_load	3	4	0.562895132605	0.535958400205	3	802	1	
303	0	18	step_1_no_load	1	2	2	422	
303	0	18	step_2_no_load	5	6	0.626834332012	0.626895526976	5	577	0	
303	0	19	step_1_no_load	1	2	2	320	
303	0	19	step_2_no_load	5	6	0.619895761657	0.644773170243	5	621	0	
303	0	20	step_1_no_load	1	2	1	389	
303	0	20	step_2_no_load	5	6	0.636521555122	0.60665343963	5	635	0	
303	0	21	step_1_no_load	1	2	2	492	
303	0	21	step_2_no_load	5	6	0.630305464549	0.611328949295	6	727	1	
303	0	22	step_1_no_load	1	2	2	262	
303	0	22	step_2_no_load	5	6	0.621949894727	0.618527126547	6	535	0	
303	0	23	step_1_no_load	1	2	2	226	
303	0	23	step_2_no_load	5	6	0.640163623731	0.604065470975	6	638	1	
303	0	24	step_1_no_load	1	2	2	362	
303	0	24	step_2_no_load	5	6	0.582115115688	0.5800912085	6	654	1	
303	0	25	step_1_no_load	1	2	2	314	
303	0	25	step_2_no_load	5	6	0.565698722896	0.629917901014	6	521	0	
303	0	26	step_1_no_load	1	2	2	397	
303	0	26	step_2_no_load	5	6	0.592410219737	0.640635035276	6	664	1	
303	0	27	step_1_no_load	1	2	2	350	
303	0	27	step_2_no_load	3	4	0.54756089792	0.507272671939	4	628	1	
303	0	28	step_1_no_load	1	2	2	472	
303	0	28	step_2_no_load	5	6	0.588356036098	0.647441527317	6	762	1	
303	0	29	step_1_no_load	1	2	2	320	
303	0	29	step_2_no_load	3	4	0.561957580386	0.521159009103	3	773	0	
303	0	30	step_1_no_load	1	2	2	324	
303	0	30	step_2_no_load	3	4	0.574272497114	0.4919199548	4	717	1	
303	0	31	step_1_no_load	1	2	2	430	
303	0	31	step_2_no_load	5	6	0.636602545794	0.606122691795	6	622	0	
303	0	32	step_1_no_load	1	2	2	376	
303	0	32	step_2_no_load	3	4	0.522993086096	0.520318771114	4	731	0	
303	0	33	step_1_no_load	1	2	2	287	
303	0	33	step_2_no_load	3	4	0.542309898544	0.487664344039	4	845	1	
303	0	34	step_1_no_load	1	2	2	410	
303	0	34	step_2_no_load	5	6	0.575802910074	0.670290552209	6	673	1	
303	0	35	step_1_no_load	1	2	2	246	
303	0	35	step_2_no_load	5	6	0.566827313385	0.649776015006	6	601	0	
303	0	36	step_1_no_load	1	2	2	234	
303	0	36	step_2_no_load	5	6	0.527635087561	0.661229326326	6	642	1	
303	0	37	step_1_no_load	1	2	2	268	
303	0	37	step_2_no_load	5	6	0.513822304161	0.660658056664	6	564	0	
303	0	38	step_1_no_load	1	2	2	319	
303	0	38	step_2_no_load	5	6	0.539078491643	0.651263699161	5	718	1	
303	0	39	step_1_no_load	1	2	2	562	
303	0	39	step_2_no_load	3	4	0.610601635554	0.578640235206	3	952	1	
303	0	40	step_1_no_load	1	2	2	465	
303	0	40	step_2_no_load	5	6	0.580760785074	0.636994900683	5	704	0	
303	0	41	step_1_no_load	1	2	1	296	
303	0	41	step_2_no_load	3	4	0.588857868869	0.583829055298	3	513	0	
303	0	42	step_1_no_load	1	2	1	358	
303	0	42	step_2_no_load	3	4	0.609164606591	0.553461946234	3	661	0	
303	0	43	step_1_no_load	1	2	1	344	
303	0	43	step_2_no_load	3	4	0.612705031264	0.548128010644	3	746	1	
303	0	44	step_1_no_load	1	2	1	304	
303	0	44	step_2_no_load	5	6	0.541854396676	0.589653131867	6	785	0	
303	0	45	step_1_no_load	1	2	1	296	
303	0	45	step_2_no_load	3	4	0.632991467829	0.5288039409	3	738	1	
303	0	46	step_1_no_load	1	2	1	376	
303	0	46	step_2_no_load	5	6	0.55511883717	0.654261318712	5	673	1	
303	0	47	step_1_no_load	1	2	1	250	
303	0	47	step_2_no_load	3	4	0.598724660986	0.493112702321	3	568	1	
303	0	48	step_1_no_load	1	2	1	232	
303	0	48	step_2_no_load	3	4	0.615767119776	0.488280685105	3	555	0	
303	0	49	step_1_no_load	1	2	1	255	
303	0	49	step_2_no_load	3	4	0.610193185592	0.489287375157	3	522	1	
303	0	50	step_1_no_load	1	2	1	247	
303	0	50	step_2_no_load	3	4	0.606862017918	0.47381367271	3	610	1	
303	0	51	step_1_no_load	1	2	1	344	
303	0	51	step_2_no_load	3	4	0.564866799699	0.469943944943	3	656	1	
303	0	52	step_1_no_load	1	2	1	298	
303	0	52	step_2_no_load	3	4	0.539065404057	0.429622901875	3	650	1	
303	0	53	step_1_no_load	1	2	1	257	
303	0	53	step_2_no_load	3	4	0.551457882502	0.451905460347	3	569	1	
303	0	54	step_1_no_load	1	2	1	256	
303	0	54	step_2_no_load	3	4	0.570223904064	0.491512498697	3	534	0	
303	0	55	step_1_no_load	1	2	1	293	
303	0	55	step_2_no_load	3	4	0.574045915747	0.487025527704	3	650	1	
303	0	56	step_1_no_load	1	2	1	281	
303	0	56	step_2_no_load	5	6	0.538512915562	0.60038825769	5	895	1	
303	0	57	step_1_no_load	1	2	1	254	
303	0	57	step_2_no_load	3	4	0.641849303307	0.466449077359	3	513	1	
303	0	58	step_1_no_load	1	2	1	275	
303	0	58	step_2_no_load	5	6	0.528376440027	0.610896130115	5	611	1	
303	0	59	step_1_no_load	1	2	1	266	
303	0	59	step_2_no_load	5	6	0.537400760025	0.608951267756	5	637	1	
303	0	60	step_1_no_load	1	2	1	379	
303	0	60	step_2_no_load	5	6	0.479287247283	0.599559577859	5	718	1	
303	0	61	step_1_no_load	1	2	1	236	
303	0	61	step_2_no_load	3	4	0.669587072502	0.464268875813	3	655	1	
303	0	62	step_1_no_load	1	2	1	0	
303	0	62	step_2_no_load	3	4	0.691137204746	0.50724109756	3	556	1	
303	0	63	step_1_no_load	1	2	1	273	
303	0	63	step_2_no_load	5	6	0.519445130796	0.642623127313	5	531	1	
303	0	64	step_1_no_load	1	2	1	251	
303	0	64	step_2_no_load	3	4	0.642369708469	0.555062911513	3	648	1	
303	0	65	step_1_no_load	1	2	1	270	
303	0	65	step_2_no_load	3	4	0.612660225018	0.569109504048	3	632	1	
303	0	66	step_1_no_load	1	2	1	298	
303	0	66	step_2_no_load	5	6	0.555324764318	0.630357351236	5	581	0	
303	0	67	step_1_no_load	1	2	1	213	
303	0	67	step_2_no_load	3	4	0.597650193897	0.542076810516	3	539	1	
303	0	68	step_1_no_load	1	2	1	631	
303	0	68	step_2_no_load	3	4	0.622963076372	0.509127161919	3	617	0	
303	0	69	step_1_no_load	1	2	1	321	
303	0	69	step_2_no_load	3	4	0.622221685203	0.499137600991	3	616	0	
303	0	70	step_1_no_load	1	2	1	646	
303	0	70	step_2_no_load	3	4	0.637556284465	0.498834901463	4	624	0	
303	0	71	step_1_no_load	1	2	1	321	
303	0	71	step_2_no_load	3	4	0.639174917797	0.482863323776	4	559	0	
303	0	72	step_1_no_load	1	2	2	340	
303	0	72	step_2_no_load	5	6	0.556486305476	0.705884789502	6	468	1	
303	0	73	step_1_no_load	1	2	2	326	
303	0	73	step_2_no_load	3	4	0.657126403029	0.435957313805	4	500	1	
303	0	74	step_1_no_load	1	2	2	328	
303	0	74	step_2_no_load	5	6	0.491044983779	0.693624670847	6	434	1	
303	0	75	step_1_no_load	1	2	2	274	
303	0	75	step_2_no_load	3	4	0.615552849174	0.44832280175	4	420	0	
303	0	76	step_1_no_load	1	2	2	254	
303	0	76	step_2_no_load	5	6	0.518881389358	0.690117652944	6	475	1	
303	0	77	step_1_no_load	1	2	2	270	
303	0	77	step_2_no_load	5	6	0.538119616568	0.679737625371	6	506	1	
303	0	78	step_1_no_load	1	2	2	441	
303	0	78	step_2_no_load	5	6	0.538654072849	0.647586191228	6	646	1	
303	0	79	step_1_no_load	1	2	2	519	
303	0	79	step_2_no_load	3	4	0.513695512795	0.389124152368	4	542	0	
303	0	80	step_1_no_load	1	2	2	325	
303	0	80	step_2_no_load	5	6	0.49921021142	0.703969305517	6	497	1	
303	0	81	step_1_no_load	1	2	2	343	
303	0	81	step_2_no_load	5	6	0.494116554432	0.702400933084	6	583	1	
303	0	82	step_1_no_load	1	2	2	499	
303	0	82	step_2_no_load	5	6	0.482727017837	0.688340116885	6	582	1	
303	0	83	step_1_no_load	1	2	2	488	
303	0	83	step_2_no_load	5	6	0.483255412498	0.726885136842	6	636	1	
303	0	84	step_1_no_load	1	2	2	446	
303	0	84	step_2_no_load	5	6	0.505586222209	0.731466635793	6	486	0	
303	0	85	step_1_no_load	1	2	2	123	
303	0	85	step_2_no_load	5	6	0.485785534744	0.712989604416	6	610	1	
303	0	86	step_1_no_load	1	2	2	474	
303	0	86	step_2_no_load	3	4	0.691782850001	0.345323068124	3	654	1	
303	0	87	step_1_no_load	1	2	2	455	
303	0	87	step_2_no_load	5	6	0.493867001103	0.690012761069	6	742	1	
303	0	88	step_1_no_load	1	2	2	559	
303	0	88	step_2_no_load	5	6	0.509563243675	0.696773608304	6	843	0	
303	0	89	step_1_no_load	1	2	2	598	
303	0	89	step_2_no_load	3	4	0.690772436485	0.415882489686	3	716	1	
303	0	90	step_1_no_load	1	2	2	636	
303	0	90	step_2_no_load	5	6	0.530126112124	0.688736868033	6	701	0	
303	0	91	step_1_no_load	1	2	2	848	
303	0	91	step_2_no_load	5	6	0.479087223222	0.657820521772	5	991	0	
303	0	92	step_1_no_load	1	2	2	563	
303	0	92	step_2_no_load	5	6	0.484260039873	0.679381608313	5	749	0	
303	0	93	step_1_no_load	1	2	2	999	
303	0	93	step_2_no_load	5	6	0.473273727684	0.662863370634	6	593	0	
303	0	94	step_1_no_load	1	2	1	486	
303	0	94	step_2_no_load	3	4	0.719464414227	0.429211756872	3	654	1	
303	0	95	step_1_no_load	1	2	1	523	
303	0	95	step_2_no_load	3	4	0.715495469274	0.427150666411	3	593	0	
303	0	96	step_1_no_load	1	2	1	357	
303	0	96	step_2_no_load	5	6	0.437558890646	0.663095813561	6	778	0	
303	0	97	step_1_no_load	1	2	1	378	
303	0	97	step_2_no_load	3	4	0.681272614291	0.392885664353	3	565	1	
303	0	98	step_1_no_load	1	2	1	869	
303	0	98	step_2_no_load	3	4	0.70287861952	0.409778171713	3	540	0	
303	0	99	step_1_no_load	1	2	1	377	
303	0	99	step_2_no_load	5	6	0.375249961522	0.645191748454	5	906	1	
303	0	100	step_1_no_load	1	2	1	719	
303	0	100	step_2_no_load	3	4	0.666227451505	0.4333505304	3	793	0	
303	0	101	step_1_no_load	1	2	1	754	
303	0	101	step_2_no_load	3	4	0.623812401974	0.497432607584	4	716	0	
303	0	102	step_1_no_load	1	2	2	545	
303	0	102	step_2_no_load	3	4	0.666304534392	0.494584754513	3	886	1	
303	0	103	step_1_no_load	1	2	2	486	
303	0	103	step_2_no_load	3	4	0.663997796029	0.481975449893	3	654	0	
303	0	104	step_1_no_load	1	2	2	537	
303	0	104	step_2_no_load	5	6	0.303696146503	0.743372642809	5	568	0	
303	0	105	step_1_no_load	1	2	2	777	
303	0	105	step_2_no_load	5	6	0.352639603242	0.722851301692	6	852	1	
303	0	106	step_1_no_load	1	2	2	646	
303	0	106	step_2_no_load	5	6	0.374131494222	0.699623252899	6	802	1	
303	0	107	step_1_no_load	1	2	2	499	
303	0	107	step_2_no_load	3	4	0.692607431435	0.565220528809	3	828	1	
303	0	108	step_1_no_load	1	2	2	639	
303	0	108	step_2_no_load	5	6	0.388185708856	0.681491063126	6	604	0	
303	0	109	step_1_no_load	1	2	1	490	
303	0	109	step_2_no_load	5	6	0.372328831887	0.68658494263	6	1093	0	
303	0	110	step_1_no_load	1	2	1	930	
303	0	110	step_2_no_load	5	6	0.395544455384	0.65455226558	5	862	0	
303	0	111	step_1_no_load	1	2	1	697	
303	0	111	step_2_no_load	5	6	0.407158158569	0.634599547742	5	811	0	
303	0	112	step_1_no_load	1	2	1	645	
303	0	112	step_2_no_load	3	4	0.725701866094	0.392887565883	3	806	0	
303	0	113	step_1_no_load	1	2	2	637	
303	0	113	step_2_no_load	5	6	0.387112818105	0.634627459817	6	667	1	
303	0	114	step_1_no_load	1	2	2	498	
303	0	114	step_2_no_load	5	6	0.384736699284	0.657654904272	6	582	1	
303	0	115	step_1_no_load	1	2	2	523	
303	0	115	step_2_no_load	5	6	0.357661171116	0.645721217949	6	541	0	
303	0	116	step_1_no_load	1	2	1	635	
303	0	116	step_2_no_load	3	4	0.706736514943	0.378149844807	4	648	0	
303	0	117	step_1_no_load	1	2	1	794	
303	0	117	step_2_no_load	3	4	0.747012267642	0.374621793791	3	789	1	
303	0	118	step_1_no_load	1	2	1	601	
303	0	118	step_2_no_load	3	4	0.740051715856	0.357645851833	3	626	1	
303	0	119	step_1_no_load	1	2	1	580	
303	0	119	step_2_no_load	3	4	0.690424535099	0.357515098446	3	635	1	
303	0	120	step_1_no_load	1	2	1	573	
303	0	120	step_2_no_load	3	4	0.70587238626	0.370150243662	3	991	0	
303	0	121	step_1_no_load	1	2	1	669	
303	0	121	step_2_no_load	3	4	0.658856304095	0.352721767208	3	693	0	
303	0	122	step_1_no_load	1	2	1	560	
303	0	122	step_2_no_load	5	6	0.266650857402	0.672193618854	6	877	1	
303	0	123	step_1_no_load	1	2	2	556	
303	0	123	step_2_no_load	3	4	0.583607229978	0.337526896345	3	806	1	
303	0	124	step_1_no_load	1	2	2	490	
303	0	124	step_2_no_load	3	4	0.603013298253	0.309430836661	3	768	0	
303	0	125	step_1_no_load	1	2	2	609	
303	0	125	step_2_no_load	5	6	0.290374841566	0.633566302563	6	704	0	
303	0	126	step_1_no_load	1	2	2	757	
303	0	126	step_2_no_load	5	6	0.267206368684	0.600985760967	6	791	1	
303	0	127	step_1_no_load	1	2	2	728	
303	0	127	step_2_no_load	3	4	0.560824094575	0.274944938508	3	808	0	
303	0	128	step_1_no_load	1	2	2	671	
303	0	128	step_2_no_load	3	4	0.636905534066	0.250790232267	4	841	1	
303	0	129	step_1_no_load	1	2	2	728	
303	0	129	step_2_no_load	3	4	0.685297910719	0.271709703542	4	805	1	
303	0	130	step_1_no_load	1	2	1	595	
303	0	130	step_2_no_load	3	4	0.682031489739	0.274560758494	4	700	0	
303	0	131	step_1_no_load	1	2	1	386	
303	0	131	step_2_no_load	3	4	0.678044920845	0.311475039155	4	721	1	
303	0	132	step_1_no_load	1	2	1	583	
303	0	132	step_2_no_load	3	4	0.668578020634	0.315328810424	4	824	0	
303	0	133	step_1_no_load	1	2	1	534	
303	0	133	step_2_no_load	3	4	0.617383991623	0.312642735495	4	948	0	
303	0	134	step_1_no_load	1	2	2	445	
303	0	134	step_2_no_load	5	6	0.287393715313	0.685529359147	6	675	1	
303	0	135	step_1_no_load	1	2	1	708	
303	0	135	step_2_no_load	3	4	0.593710006149	0.287118934166	3	778	1	
303	0	136	step_1_no_load	1	2	1	673	
303	0	136	step_2_no_load	3	4	0.597814413435	0.284521085726	3	626	1	
303	0	137	step_1_no_load	1	2	1	522	
303	0	137	step_2_no_load	3	4	0.605896884497	0.325016613024	3	651	1	
303	0	138	step_1_no_load	1	2	1	298	
303	0	138	step_2_no_load	3	4	0.63240964674	0.307694123906	3	498	0	
303	0	139	step_1_no_load	1	2	1	319	
303	0	139	step_2_no_load	5	6	0.325611400511	0.696355985729	5	543	1	
303	0	140	step_1_no_load	1	2	1	330	
303	0	140	step_2_no_load	5	6	0.348740542008	0.637682840728	5	411	0	
303	0	141	step_1_no_load	1	2	1	361	
303	0	141	step_2_no_load	5	6	0.390227133375	0.616803346728	6	590	1	
303	0	142	step_1_no_load	1	2	2	530	
303	0	142	step_2_no_load	5	6	0.397052682821	0.627356259123	6	667	1	
303	0	143	step_1_no_load	1	2	2	500	
303	0	143	step_2_no_load	5	6	0.410970957547	0.610219102298	6	828	1	
303	0	144	step_1_no_load	1	2	2	499	
303	0	144	step_2_no_load	3	4	0.626443722248	0.275932517017	3	789	1	
303	0	145	step_1_no_load	1	2	2	407	
303	0	145	step_2_no_load	3	4	0.6669125229	0.266265924094	3	650	1	
303	0	146	step_1_no_load	1	2	2	434	
303	0	146	step_2_no_load	3	4	0.681611991725	0.257861956214	3	625	1	
303	0	147	step_1_no_load	1	2	2	607	
303	0	147	step_2_no_load	5	6	0.352879785946	0.594861186319	6	682	1	
303	0	148	step_1_no_load	1	2	2	478	
303	0	148	step_2_no_load	3	4	0.619272702026	0.305288021243	3	599	0	
303	0	149	step_1_no_load	1	2	2	412	
303	0	149	step_2_no_load	5	6	0.300290206122	0.623203869836	6	573	1	
303	0	150	step_1_no_load	1	2	2	543	
303	0	150	step_2_no_load	5	6	0.306860041627	0.605912419156	6	626	1	
303	0	151	step_1_no_load	1	2	2	708	
303	0	151	step_2_no_load	5	6	0.310557101463	0.614159737668	6	695	1	
303	0	152	step_1_no_load	1	2	2	617	
303	0	152	step_2_no_load	5	6	0.323194010514	0.644204174791	6	690	1	
303	0	153	step_1_no_load	1	2	2	605	
303	0	153	step_2_no_load	5	6	0.343622632154	0.681559292085	6	640	1	
303	0	154	step_1_no_load	1	2	2	559	
303	0	154	step_2_no_load	3	4	0.638934099562	0.316375537537	3	621	1	
303	0	155	step_1_no_load	1	2	2	685	
303	0	155	step_2_no_load	5	6	0.372188990474	0.716100930629	6	676	1	
303	0	156	step_1_no_load	1	2	2	760	
303	0	156	step_2_no_load	3	4	0.631048201903	0.32564867104	3	774	1	
303	0	157	step_1_no_load	1	2	2	674	
303	0	157	step_2_no_load	3	4	0.585191807512	0.350909357271	3	682	1	
303	0	158	step_1_no_load	1	2	2	647	
303	0	158	step_2_no_load	5	6	0.334595868098	0.694270715354	6	634	1	
303	0	159	step_1_no_load	1	2	2	565	
303	0	159	step_2_no_load	3	4	0.541222065796	0.413026375257	3	589	0	
303	0	160	step_1_no_load	1	2	2	389	
303	0	160	step_2_no_load	5	6	0.355992626298	0.710728171711	6	587	0	
303	0	161	step_1_no_load	1	2	2	536	
303	0	161	step_2_no_load	5	6	0.438878285506	0.719896286569	6	596	1	
303	0	162	step_1_no_load	1	2	2	805	
303	0	162	step_2_no_load	5	6	0.455329532209	0.695144769903	6	724	1	
303	0	163	step_1_no_load	1	2	2	695	
303	0	163	step_2_no_load	5	6	0.430920885959	0.697095951435	6	621	1	
303	0	164	step_1_no_load	1	2	2	566	
303	0	164	step_2_no_load	3	4	0.585961845322	0.432761720497	3	595	0	
303	0	165	step_1_no_load	1	2	2	560	
303	0	165	step_2_no_load	5	6	0.347974240867	0.717506143195	6	576	0	
303	0	166	step_1_no_load	1	2	2	731	
303	0	166	step_2_no_load	5	6	0.356317216644	0.686594248975	6	683	1	
303	0	167	step_1_no_load	1	2	2	631	
303	0	167	step_2_no_load	5	6	0.331115714939	0.706271792549	6	676	1	
303	0	168	step_1_no_load	1	2	2	705	
303	0	168	step_2_no_load	5	6	0.335777599654	0.67192508984	6	662	0	
303	0	169	step_1_no_load	1	2	2	595	
303	0	169	step_2_no_load	5	6	0.365156560071	0.704981910944	6	603	1	
303	0	170	step_1_no_load	1	2	2	648	
303	0	170	step_2_no_load	5	6	0.364989630435	0.67334314737	6	676	0	
303	0	171	step_1_no_load	1	2	2	977	
303	0	171	step_2_no_load	5	6	0.425122034074	0.727248140829	6	698	1	
303	0	172	step_1_no_load	1	2	2	662	
303	0	172	step_2_no_load	5	6	0.490120307546	0.668669556875	6	820	1	
303	0	173	step_1_no_load	1	2	2	579	
303	0	173	step_2_no_load	5	6	0.462866379815	0.667027212577	6	662	1	
303	0	174	step_1_no_load	1	2	2	668	
303	0	174	step_2_no_load	5	6	0.46236234172	0.729877433725	6	707	0	
303	0	175	step_1_no_load	1	2	2	524	
303	0	175	step_2_no_load	5	6	0.484825491933	0.693968268443	6	578	1	
303	0	176	step_1_no_load	1	2	2	813	
303	0	176	step_2_no_load	5	6	0.500856457218	0.679250000396	6	776	1	
303	0	177	step_1_no_load	1	2	2	496	
303	0	177	step_2_no_load	5	6	0.4798184927	0.714070205704	6	545	1	
303	0	178	step_1_no_load	1	2	2	620	
303	0	178	step_2_no_load	3	4	0.493712351915	0.36473828006	3	625	1	
303	0	179	step_1_no_load	1	2	2	554	
303	0	179	step_2_no_load	5	6	0.493565996034	0.709345707515	6	565	1	
303	0	180	step_1_no_load	1	2	2	743	
303	0	180	step_2_no_load	5	6	0.489345734128	0.719795072986	6	627	0	
303	0	181	step_1_no_load	1	2	2	412	
303	0	181	step_2_no_load	5	6	0.480141179559	0.746910336326	6	548	1	
303	0	182	step_1_no_load	1	2	2	588	
303	0	182	step_2_no_load	5	6	0.49907747228	0.72717560423	6	552	1	
303	0	183	step_1_no_load	1	2	2	439	
303	0	183	step_2_no_load	5	6	0.492742497507	0.720388040749	6	605	1	
303	0	184	step_1_no_load	1	2	2	513	
303	0	184	step_2_no_load	5	6	0.480863422096	0.657291439324	6	506	0	
303	0	185	step_1_no_load	1	2	2	558	
303	0	185	step_2_no_load	5	6	0.482228039858	0.665622647081	6	515	1	
303	0	186	step_1_no_load	1	2	2	636	
303	0	186	step_2_no_load	5	6	0.484672582719	0.656308636836	6	555	1	
303	0	187	step_1_no_load	1	2	2	611	
303	0	187	step_2_no_load	3	4	0.443962917772	0.328890769988	3	722	0	
303	0	188	step_1_no_load	1	2	2	820	
303	0	188	step_2_no_load	5	6	0.548350535247	0.696362660087	6	798	1	
303	0	189	step_1_no_load	1	2	2	805	
303	0	189	step_2_no_load	3	4	0.448897869069	0.285168135955	3	796	0	
303	0	190	step_1_no_load	1	2	2	499	
303	0	190	step_2_no_load	5	6	0.505820429042	0.667655825994	6	513	1	
303	0	191	step_1_no_load	1	2	2	484	
303	0	191	step_2_no_load	3	4	0.435748387321	0.318839908867	4	658	0	
303	0	192	step_1_no_load	1	2	2	640	
303	0	192	step_2_no_load	3	4	0.450791310283	0.299297135717	3	724	1	
303	0	193	step_1_no_load	1	2	2	800	
303	0	193	step_2_no_load	5	6	0.504944704439	0.679792491164	6	632	0	
303	0	194	step_1_no_load	1	2	2	473	
303	0	194	step_2_no_load	5	6	0.505359594715	0.655261361454	6	559	1	
303	0	195	step_1_no_load	1	2	2	555	
303	0	195	step_2_no_load	3	4	0.466795336969	0.348571348505	3	843	1	
303	0	196	step_1_no_load	1	2	2	892	
303	0	196	step_2_no_load	5	6	0.496717662777	0.695101215304	6	713	1	
303	0	197	step_1_no_load	1	2	2	705	
303	0	197	step_2_no_load	5	6	0.47786945426	0.686552522522	6	645	1	
303	0	198	step_1_no_load	1	2	2	747	
303	0	198	step_2_no_load	3	4	0.397292432346	0.303352625941	3	643	1	
303	0	199	step_1_no_load	1	2	1	737	
303	0	199	step_2_no_load	5	6	0.529438031858	0.73697129762	6	679	0	
303	0	200	step_1_no_load	1	2	1	316	
303	0	200	step_2_no_load	3	4	0.372436949782	0.299128796668	3	384	0	

Mon Aug 31 16:41:03 2020
