Thu Sep 10 14:50:37 2020	
305	0	1	step_1_no_load	1	2	1	573	
305	0	1	step_2_no_load	5	6	0.594299910136	0.598297890399	5	826	0	
305	0	2	step_1_no_load	1	2	1	549	
305	0	2	step_2_no_load	3	4	0.533203491871	0.474613197709	3	827	1	
305	0	3	step_1_no_load	1	2	1	513	
305	0	3	step_2_no_load	5	6	0.589215227351	0.584197065669	6	592	1	
305	0	4	step_1_no_load	1	2	1	454	
305	0	4	step_2_no_load	5	6	0.564086293706	0.597491569846	6	814	0	
305	0	5	step_1_no_load	1	2	1	440	
305	0	5	step_2_no_load	3	4	0.543908521457	0.495568760483	3	806	1	
305	0	6	step_1_no_load	1	2	1	399	
305	0	6	step_2_no_load	3	4	0.490454120702	0.506877622204	3	1268	1	
305	0	7	step_1_no_load	1	2	1	428	
305	0	7	step_2_no_load	5	6	0.622642364361	0.568656746487	6	751	1	
305	0	8	step_1_no_load	1	2	1	363	
305	0	8	step_2_no_load	3	4	0.499203529332	0.489816616396	3	493	1	
305	0	9	step_1_no_load	1	2	1	436	
305	0	9	step_2_no_load	3	4	0.54429228266	0.496546708465	3	584	0	
305	0	10	step_1_no_load	1	2	1	237	
305	0	10	step_2_no_load	3	4	0.576063520885	0.482364178155	3	635	1	
305	0	11	step_1_no_load	1	2	1	337	
305	0	11	step_2_no_load	3	4	0.59022801242	0.477013315682	3	653	1	
305	0	12	step_1_no_load	1	2	1	327	
305	0	12	step_2_no_load	3	4	0.597131918027	0.48457206759	3	497	1	
305	0	13	step_1_no_load	1	2	1	275	
305	0	13	step_2_no_load	5	6	0.558313135925	0.653587098421	6	744	1	
305	0	14	step_1_no_load	1	2	1	374	
305	0	14	step_2_no_load	5	6	0.545555696267	0.629137942344	6	620	1	
305	0	15	step_1_no_load	1	2	1	336	
305	0	15	step_2_no_load	3	4	0.633564630036	0.505377237737	3	514	0	
305	0	16	step_1_no_load	1	2	1	306	
305	0	16	step_2_no_load	3	4	0.626326396372	0.510958036527	3	608	0	
305	0	17	step_1_no_load	1	2	1	297	
305	0	17	step_2_no_load	3	4	0.643116883134	0.535958400205	4	711	1	
305	0	18	step_1_no_load	1	2	1	349	
305	0	18	step_2_no_load	3	4	0.626895526976	0.517514133912	4	625	1	
305	0	19	step_1_no_load	1	2	1	370	
305	0	19	step_2_no_load	5	6	0.536502319591	0.619895761657	6	934	1	
305	0	20	step_1_no_load	1	2	1	421	
305	0	20	step_2_no_load	3	4	0.60665343963	0.478025448397	4	628	1	
305	0	21	step_1_no_load	1	2	1	342	
305	0	21	step_2_no_load	5	6	0.470207377245	0.630305464549	6	673	0	
305	0	22	step_1_no_load	1	2	1	274	
305	0	22	step_2_no_load	3	4	0.618527126547	0.506100011497	4	647	1	
305	0	23	step_1_no_load	1	2	1	281	
305	0	23	step_2_no_load	3	4	0.604065470975	0.520606588181	4	592	1	
305	0	24	step_1_no_load	1	2	1	380	
305	0	24	step_2_no_load	3	4	0.5800912085	0.505388876622	4	428	0	
305	0	25	step_1_no_load	1	2	1	288	
305	0	25	step_2_no_load	5	6	0.503605105412	0.565698722896	5	615	1	
305	0	26	step_1_no_load	1	2	1	389	
305	0	26	step_2_no_load	5	6	0.532884212818	0.592410219737	5	498	1	
305	0	27	step_1_no_load	1	2	1	321	
305	0	27	step_2_no_load	3	4	0.642144756622	0.507272671939	4	693	0	
305	0	28	step_1_no_load	1	2	1	402	
305	0	28	step_2_no_load	3	4	0.647441527317	0.520177259699	3	517	1	
305	0	29	step_1_no_load	1	2	1	393	
305	0	29	step_2_no_load	3	4	0.618626354124	0.521159009103	3	632	1	
305	0	30	step_1_no_load	1	2	1	450	
305	0	30	step_2_no_load	3	4	0.610227092493	0.4919199548	3	482	0	
305	0	31	step_1_no_load	1	2	1	275	
305	0	31	step_2_no_load	3	4	0.606122691795	0.483156722265	3	396	0	
305	0	32	step_1_no_load	1	2	1	388	
305	0	32	step_2_no_load	5	6	0.522993086096	0.634585171267	5	854	0	
305	0	33	step_1_no_load	1	2	1	346	
305	0	33	step_2_no_load	3	4	0.618000238621	0.487664344039	4	572	1	
305	0	34	step_1_no_load	1	2	1	432	
305	0	34	step_2_no_load	3	4	0.670290552209	0.454565258478	4	437	1	
305	0	35	step_1_no_load	1	2	1	295	
305	0	35	step_2_no_load	5	6	0.594167768198	0.566827313385	6	572	1	
305	0	36	step_1_no_load	1	2	1	329	
305	0	36	step_2_no_load	3	4	0.661229326326	0.513210053121	4	589	1	
305	0	37	step_1_no_load	1	2	1	328	
305	0	37	step_2_no_load	5	6	0.598446394142	0.513822304161	6	476	0	
305	0	38	step_1_no_load	1	2	1	355	
305	0	38	step_2_no_load	5	6	0.595113730206	0.539078491643	5	621	1	
305	0	39	step_1_no_load	1	2	1	387	
305	0	39	step_2_no_load	3	4	0.634483337633	0.578640235206	4	634	1	
305	0	40	step_1_no_load	1	2	1	384	
305	0	40	step_2_no_load	3	4	0.636994900683	0.5691386571	3	1195	1	
305	0	41	step_1_no_load	1	2	1	678	
305	0	41	step_2_no_load	3	4	0.633285941184	0.583829055298	4	735	0	
305	0	42	step_1_no_load	1	2	1	482	
305	0	42	step_2_no_load	5	6	0.609164606591	0.533857158543	5	813	0	
305	0	43	step_1_no_load	1	2	1	368	
305	0	43	step_2_no_load	3	4	0.581931546759	0.548128010644	3	888	1	
305	0	44	step_1_no_load	1	2	1	335	
305	0	44	step_2_no_load	5	6	0.611481438855	0.541854396676	6	508	1	
305	0	45	step_1_no_load	1	2	1	416	
305	0	45	step_2_no_load	3	4	0.620699591043	0.5288039409	3	860	1	
305	0	46	step_1_no_load	1	2	1	356	
305	0	46	step_2_no_load	3	4	0.654261318712	0.532238720495	3	567	0	
305	0	47	step_1_no_load	1	2	1	463	
305	0	47	step_2_no_load	5	6	0.598724660986	0.546259467838	6	538	1	
305	0	48	step_1_no_load	1	2	1	387	
305	0	48	step_2_no_load	5	6	0.615767119776	0.534690828011	6	556	0	
305	0	49	step_1_no_load	1	2	1	371	
305	0	49	step_2_no_load	3	4	0.614679490594	0.489287375157	4	638	0	
305	0	50	step_1_no_load	1	2	1	315	
305	0	50	step_2_no_load	3	4	0.593458480934	0.47381367271	4	496	1	
305	0	51	step_1_no_load	1	2	1	402	
305	0	51	step_2_no_load	3	4	0.613357430892	0.469943944943	4	653	0	
305	0	52	step_1_no_load	1	2	1	367	
305	0	52	step_2_no_load	3	4	0.613408921915	0.429622901875	4	603	0	
305	0	53	step_1_no_load	1	2	1	362	
305	0	53	step_2_no_load	3	4	0.630956764252	0.451905460347	3	438	1	
305	0	54	step_1_no_load	1	2	1	337	
305	0	54	step_2_no_load	5	6	0.570223904064	0.493362545513	6	1352	1	
305	0	55	step_1_no_load	1	2	1	590	
305	0	55	step_2_no_load	3	4	0.639840796975	0.487025527704	3	1297	0	
305	0	56	step_1_no_load	1	2	1	369	
305	0	56	step_2_no_load	5	6	0.601856598146	0.538512915562	6	1065	0	
305	0	57	step_1_no_load	1	2	1	392	
305	0	57	step_2_no_load	5	6	0.641849303307	0.516475618243	5	794	0	
305	0	58	step_1_no_load	1	2	1	327	
305	0	58	step_2_no_load	3	4	0.610896130115	0.478335218822	3	1325	1	
305	0	59	step_1_no_load	1	2	1	373	
305	0	59	step_2_no_load	3	4	0.608951267756	0.480274332693	3	706	1	
305	0	60	step_1_no_load	1	2	1	417	
305	0	60	step_2_no_load	3	4	0.599559577859	0.491916707098	3	487	0	
305	0	61	step_1_no_load	1	2	1	319	
305	0	61	step_2_no_load	5	6	0.669587072502	0.527144452559	5	1143	0	
305	0	62	step_1_no_load	1	2	1	334	
305	0	62	step_2_no_load	3	4	0.622820395113	0.50724109756	3	1149	0	
305	0	63	step_1_no_load	1	2	1	292	
305	0	63	step_2_no_load	3	4	0.642623127313	0.53192660365	4	400	1	
305	0	64	step_1_no_load	1	2	1	338	
305	0	64	step_2_no_load	3	4	0.626149195169	0.555062911513	4	581	1	
305	0	65	step_1_no_load	1	2	1	393	
305	0	65	step_2_no_load	3	4	0.619953360065	0.569109504048	4	476	1	
305	0	66	step_1_no_load	1	2	1	335	
305	0	66	step_2_no_load	5	6	0.606938648072	0.555324764318	5	834	0	
305	0	67	step_1_no_load	1	2	1	344	
305	0	67	step_2_no_load	5	6	0.597650193897	0.538279387614	6	452	1	
305	0	68	step_1_no_load	1	2	1	726	
305	0	68	step_2_no_load	3	4	0.719455209845	0.509127161919	3	735	0	
305	0	69	step_1_no_load	1	2	1	304	
305	0	69	step_2_no_load	5	6	0.622221685203	0.560462111264	5	610	1	
305	0	70	step_1_no_load	1	2	1	285	
305	0	70	step_2_no_load	3	4	0.697741832068	0.498834901463	4	435	0	
305	0	71	step_1_no_load	1	2	1	403	
305	0	71	step_2_no_load	3	4	0.706816191949	0.482863323776	4	693	0	
305	0	72	step_1_no_load	1	2	1	342	
305	0	72	step_2_no_load	3	4	0.705884789502	0.47409116389	3	409	0	
305	0	73	step_1_no_load	1	2	1	402	
305	0	73	step_2_no_load	3	4	0.727961155836	0.435957313805	3	461	0	
305	0	74	step_1_no_load	1	2	1	388	
305	0	74	step_2_no_load	3	4	0.693624670847	0.453420386428	4	436	1	
305	0	75	step_1_no_load	1	2	1	345	
305	0	75	step_2_no_load	3	4	0.697629587097	0.44832280175	4	476	0	
305	0	76	step_1_no_load	1	2	1	313	
305	0	76	step_2_no_load	5	6	0.62770291155	0.518881389358	5	946	1	
305	0	77	step_1_no_load	1	2	1	307	
305	0	77	step_2_no_load	5	6	0.564257587118	0.538119616568	5	761	0	
305	0	78	step_1_no_load	1	2	1	568	
305	0	78	step_2_no_load	3	4	0.647586191228	0.435911167612	3	412	1	
305	0	79	step_1_no_load	1	2	1	338	
305	0	79	step_2_no_load	3	4	0.647841624544	0.389124152368	3	761	1	
305	0	80	step_1_no_load	1	2	1	498	
305	0	80	step_2_no_load	3	4	0.703969305517	0.396016175285	3	551	0	
305	0	81	step_1_no_load	1	2	1	297	
305	0	81	step_2_no_load	3	4	0.702400933084	0.419265522488	3	767	1	
305	0	82	step_1_no_load	1	2	1	390	
305	0	82	step_2_no_load	3	4	0.688340116885	0.395813831323	3	645	1	
305	0	83	step_1_no_load	1	2	1	321	
305	0	83	step_2_no_load	3	4	0.726885136842	0.382772464038	3	502	1	
305	0	84	step_1_no_load	1	2	1	499	
305	0	84	step_2_no_load	5	6	0.65843840156	0.505586222209	6	659	1	
305	0	85	step_1_no_load	1	2	1	338	
305	0	85	step_2_no_load	5	6	0.692384972752	0.485785534744	6	448	1	
305	0	86	step_1_no_load	1	2	1	461	
305	0	86	step_2_no_load	3	4	0.721207648497	0.345323068124	3	647	1	
305	0	87	step_1_no_load	1	2	1	369	
305	0	87	step_2_no_load	5	6	0.719375344246	0.493867001103	6	397	1	
305	0	88	step_1_no_load	1	2	1	281	
305	0	88	step_2_no_load	3	4	0.696773608304	0.377947492322	3	479	1	
305	0	89	step_1_no_load	1	2	1	386	
305	0	89	step_2_no_load	3	4	0.660112261017	0.415882489686	3	543	1	
305	0	90	step_1_no_load	1	2	1	370	
305	0	90	step_2_no_load	3	4	0.688736868033	0.411459496853	3	412	0	
305	0	91	step_1_no_load	1	2	1	359	
305	0	91	step_2_no_load	5	6	0.685023809334	0.479087223222	6	741	1	
305	0	92	step_1_no_load	1	2	1	425	
305	0	92	step_2_no_load	3	4	0.679381608313	0.444368850664	3	399	0	
305	0	93	step_1_no_load	1	2	1	323	
305	0	93	step_2_no_load	5	6	0.70415710998	0.473273727684	6	411	0	
305	0	94	step_1_no_load	1	2	1	345	
305	0	94	step_2_no_load	3	4	0.668295023896	0.429211756872	4	654	1	
305	0	95	step_1_no_load	1	2	1	534	
305	0	95	step_2_no_load	5	6	0.715495469274	0.42505578884	5	716	1	
305	0	96	step_1_no_load	1	2	1	362	
305	0	96	step_2_no_load	3	4	0.663095813561	0.383038640121	4	549	0	
305	0	97	step_1_no_load	1	2	1	366	
305	0	97	step_2_no_load	3	4	0.651202057411	0.392885664353	4	732	0	
305	0	98	step_1_no_load	1	2	1	229	
305	0	98	step_2_no_load	5	6	0.70287861952	0.431479829356	5	482	1	
305	0	99	step_1_no_load	1	2	1	314	
305	0	99	step_2_no_load	3	4	0.645191748454	0.397561363605	3	337	1	
305	0	100	step_1_no_load	1	2	1	388	
305	0	100	step_2_no_load	3	4	0.66579920021	0.4333505304	3	744	1	
305	0	101	step_1_no_load	1	2	1	347	
305	0	101	step_2_no_load	3	4	0.655903528958	0.497432607584	3	559	0	
305	0	102	step_1_no_load	1	2	1	349	
305	0	102	step_2_no_load	5	6	0.666304534392	0.326080462175	5	759	1	
305	0	103	step_1_no_load	1	2	1	343	
305	0	103	step_2_no_load	3	4	0.69058998368	0.481975449893	4	388	0	
305	0	104	step_1_no_load	1	2	1	334	
305	0	104	step_2_no_load	3	4	0.743372642809	0.521047445908	3	468	1	
305	0	105	step_1_no_load	1	2	1	365	
305	0	105	step_2_no_load	3	4	0.722851301692	0.514318365187	3	487	1	
305	0	106	step_1_no_load	1	2	1	352	
305	0	106	step_2_no_load	3	4	0.699623252899	0.508908032404	3	800	0	
305	0	107	step_1_no_load	1	2	1	294	
305	0	107	step_2_no_load	3	4	0.677514185929	0.565220528809	4	452	1	
305	0	108	step_1_no_load	1	2	1	305	
305	0	108	step_2_no_load	3	4	0.681491063126	0.526955028982	4	398	1	
305	0	109	step_1_no_load	1	2	1	415	
305	0	109	step_2_no_load	3	4	0.68658494263	0.479977531501	4	503	1	
305	0	110	step_1_no_load	1	2	1	347	
305	0	110	step_2_no_load	3	4	0.65455226558	0.432626681236	4	408	1	
305	0	111	step_1_no_load	1	2	1	296	
305	0	111	step_2_no_load	3	4	0.634599547742	0.384948378665	4	434	0	
305	0	112	step_1_no_load	1	2	1	311	
305	0	112	step_2_no_load	3	4	0.635252945963	0.392887565883	3	416	1	
305	0	113	step_1_no_load	1	2	1	362	
305	0	113	step_2_no_load	3	4	0.634627459817	0.370697120277	3	460	0	
305	0	114	step_1_no_load	1	2	1	306	
305	0	114	step_2_no_load	5	6	0.718213323791	0.384736699284	5	875	0	
305	0	115	step_1_no_load	1	2	1	304	
305	0	115	step_2_no_load	5	6	0.739704344621	0.357661171116	6	420	0	
305	0	116	step_1_no_load	1	2	1	405	
305	0	116	step_2_no_load	3	4	0.680124293449	0.378149844807	4	1112	1	
305	0	117	step_1_no_load	1	2	1	463	
305	0	117	step_2_no_load	5	6	0.747012267642	0.363056877927	6	1218	0	
305	0	118	step_1_no_load	1	2	1	401	
305	0	118	step_2_no_load	3	4	0.690484235012	0.357645851833	4	941	1	
305	0	119	step_1_no_load	1	2	1	427	
305	0	119	step_2_no_load	3	4	0.661177321751	0.357515098446	4	517	0	
305	0	120	step_1_no_load	1	2	1	287	
305	0	120	step_2_no_load	5	6	0.70587238626	0.333809617664	6	279	0	
305	0	121	step_1_no_load	1	2	1	563	
305	0	121	step_2_no_load	5	6	0.658856304095	0.310775244958	5	523	1	
305	0	122	step_1_no_load	1	2	1	421	
305	0	122	step_2_no_load	3	4	0.672193618854	0.329624572119	4	656	0	
305	0	123	step_1_no_load	1	2	1	317	
305	0	123	step_2_no_load	3	4	0.664849878232	0.337526896345	3	902	1	
305	0	124	step_1_no_load	1	2	1	309	
305	0	124	step_2_no_load	3	4	0.624161788269	0.309430836661	3	684	1	
305	0	125	step_1_no_load	1	2	1	307	
305	0	125	step_2_no_load	5	6	0.559596800931	0.290374841566	5	564	1	
305	0	126	step_1_no_load	1	2	1	391	
305	0	126	step_2_no_load	3	4	0.600985760967	0.300846667696	3	402	0	
305	0	127	step_1_no_load	1	2	1	394	
305	0	127	step_2_no_load	3	4	0.646945556251	0.274944938508	3	556	1	
305	0	128	step_1_no_load	1	2	1	308	
305	0	128	step_2_no_load	3	4	0.620672334996	0.250790232267	3	435	1	
305	0	129	step_1_no_load	1	2	1	349	
305	0	129	step_2_no_load	3	4	0.632682846317	0.271709703542	3	401	1	
305	0	130	step_1_no_load	1	2	1	295	
305	0	130	step_2_no_load	3	4	0.630285316669	0.274560758494	3	414	1	
305	0	131	step_1_no_load	1	2	1	330	
305	0	131	step_2_no_load	5	6	0.678044920845	0.281500842289	5	1127	0	
305	0	132	step_1_no_load	1	2	1	288	
305	0	132	step_2_no_load	3	4	0.660013924697	0.315328810424	3	488	0	
305	0	133	step_1_no_load	1	2	1	292	
305	0	133	step_2_no_load	3	4	0.691649444281	0.312642735495	4	380	0	
305	0	134	step_1_no_load	1	2	1	481	
305	0	134	step_2_no_load	5	6	0.621945110858	0.287393715313	6	1023	0	
305	0	135	step_1_no_load	1	2	1	832	
305	0	135	step_2_no_load	5	6	0.593710006149	0.300079459047	5	719	1	
305	0	136	step_1_no_load	1	2	1	392	
305	0	136	step_2_no_load	3	4	0.674914008636	0.284521085726	4	504	1	
305	0	137	step_1_no_load	1	2	1	298	
305	0	137	step_2_no_load	3	4	0.668540846495	0.325016613024	4	970	1	
305	0	138	step_1_no_load	1	2	1	331	
305	0	138	step_2_no_load	3	4	0.688182193337	0.307694123906	4	752	0	
305	0	139	step_1_no_load	1	2	1	340	
305	0	139	step_2_no_load	5	6	0.636630981281	0.325611400511	5	746	1	
305	0	140	step_1_no_load	1	2	1	311	
305	0	140	step_2_no_load	3	4	0.637682840728	0.328174526491	4	874	0	
305	0	141	step_1_no_load	1	2	1	276	
305	0	141	step_2_no_load	3	4	0.616803346728	0.311809871418	3	476	1	
305	0	142	step_1_no_load	1	2	1	430	
305	0	142	step_2_no_load	5	6	0.690276058009	0.397052682821	5	668	0	
305	0	143	step_1_no_load	1	2	1	261	
305	0	143	step_2_no_load	3	4	0.610219102298	0.313516825296	3	434	1	
305	0	144	step_1_no_load	1	2	1	267	
305	0	144	step_2_no_load	3	4	0.639347300184	0.275932517017	3	544	1	
305	0	145	step_1_no_load	1	2	1	356	
305	0	145	step_2_no_load	3	4	0.606515632748	0.266265924094	3	496	1	
305	0	146	step_1_no_load	1	2	1	281	
305	0	146	step_2_no_load	3	4	0.593778463268	0.257861956214	3	406	1	
305	0	147	step_1_no_load	1	2	1	358	
305	0	147	step_2_no_load	3	4	0.594861186319	0.265578160642	3	369	0	
305	0	148	step_1_no_load	1	2	1	252	
305	0	148	step_2_no_load	3	4	0.648050021239	0.305288021243	4	664	0	
305	0	149	step_1_no_load	1	2	1	233	
305	0	149	step_2_no_load	3	4	0.623203869836	0.269951834184	3	922	0	
305	0	150	step_1_no_load	1	2	1	287	
305	0	150	step_2_no_load	3	4	0.605912419156	0.305587692243	4	677	0	
305	0	151	step_1_no_load	1	2	1	356	
305	0	151	step_2_no_load	5	6	0.59154759351	0.310557101463	6	973	1	
305	0	152	step_1_no_load	1	2	1	296	
305	0	152	step_2_no_load	3	4	0.644204174791	0.307702500543	4	482	0	
305	0	153	step_1_no_load	1	2	1	316	
305	0	153	step_2_no_load	3	4	0.681559292085	0.309356532263	4	495	0	
305	0	154	step_1_no_load	1	2	1	243	
305	0	154	step_2_no_load	3	4	0.671672162443	0.316375537537	3	403	1	
305	0	155	step_1_no_load	1	2	1	358	
305	0	155	step_2_no_load	5	6	0.632486591889	0.372188990474	6	738	0	
305	0	156	step_1_no_load	1	2	1	250	
305	0	156	step_2_no_load	3	4	0.734436160799	0.32564867104	3	423	1	
305	0	157	step_1_no_load	1	2	1	291	
305	0	157	step_2_no_load	3	4	0.720725456325	0.350909357271	3	554	1	
305	0	158	step_1_no_load	1	2	1	351	
305	0	158	step_2_no_load	3	4	0.694270715354	0.408728803896	3	471	1	
305	0	159	step_1_no_load	1	2	1	330	
305	0	159	step_2_no_load	3	4	0.697903160072	0.413026375257	3	398	1	
305	0	160	step_1_no_load	1	2	1	284	
305	0	160	step_2_no_load	5	6	0.521229931064	0.355992626298	5	1243	0	
305	0	161	step_1_no_load	1	2	1	289	
305	0	161	step_2_no_load	3	4	0.719896286569	0.407025633682	3	419	0	
305	0	162	step_1_no_load	1	2	1	238	
305	0	162	step_2_no_load	3	4	0.695144769903	0.3926701003	3	811	1	
305	0	163	step_1_no_load	1	2	1	305	
305	0	163	step_2_no_load	3	4	0.697095951435	0.395221309311	3	696	1	
305	0	164	step_1_no_load	1	2	1	273	
305	0	164	step_2_no_load	3	4	0.692137394606	0.432761720497	3	467	1	
305	0	165	step_1_no_load	1	2	1	367	
305	0	165	step_2_no_load	5	6	0.538026607649	0.347974240867	6	1106	1	
305	0	166	step_1_no_load	1	2	1	344	
305	0	166	step_2_no_load	3	4	0.686594248975	0.422282731054	3	488	0	
305	0	167	step_1_no_load	1	2	1	313	
305	0	167	step_2_no_load	3	4	0.706271792549	0.38753671275	3	522	0	
305	0	168	step_1_no_load	1	2	1	292	
305	0	168	step_2_no_load	3	4	0.67192508984	0.400817642375	4	467	0	
305	0	169	step_1_no_load	1	2	1	319	
305	0	169	step_2_no_load	3	4	0.704981910944	0.42098542374	4	441	0	
305	0	170	step_1_no_load	1	2	1	432	
305	0	170	step_2_no_load	3	4	0.67334314737	0.411067820436	3	475	1	
305	0	171	step_1_no_load	1	2	1	263	
305	0	171	step_2_no_load	3	4	0.727248140829	0.386979310814	3	430	1	
305	0	172	step_1_no_load	1	2	1	349	
305	0	172	step_2_no_load	3	4	0.668669556875	0.363617002148	3	796	1	
305	0	173	step_1_no_load	1	2	1	361	
305	0	173	step_2_no_load	3	4	0.667027212577	0.385349297983	3	401	1	
305	0	174	step_1_no_load	1	2	1	269	
305	0	174	step_2_no_load	3	4	0.729877433725	0.387867297446	3	375	0	
305	0	175	step_1_no_load	1	2	1	821	
305	0	175	step_2_no_load	3	4	0.693968268443	0.426185553904	3	471	1	
305	0	176	step_1_no_load	1	2	1	326	
305	0	176	step_2_no_load	3	4	0.679250000396	0.383231572002	3	486	1	
305	0	177	step_1_no_load	1	2	1	320	
305	0	177	step_2_no_load	5	6	0.501268576771	0.4798184927	6	1135	0	
305	0	178	step_1_no_load	1	2	1	393	
305	0	178	step_2_no_load	3	4	0.705993797498	0.36473828006	3	441	1	
305	0	179	step_1_no_load	1	2	1	289	
305	0	179	step_2_no_load	3	4	0.709345707515	0.324685418097	3	446	1	
305	0	180	step_1_no_load	1	2	1	382	
305	0	180	step_2_no_load	5	6	0.482853857291	0.489345734128	5	634	1	
305	0	181	step_1_no_load	1	2	1	372	
305	0	181	step_2_no_load	3	4	0.746910336326	0.342402764747	3	469	0	
305	0	182	step_1_no_load	1	2	1	314	
305	0	182	step_2_no_load	5	6	0.506773281362	0.49907747228	5	381	0	
305	0	183	step_1_no_load	1	2	1	268	
305	0	183	step_2_no_load	5	6	0.502991759047	0.492742497507	5	267	1	
305	0	184	step_1_no_load	1	2	1	335	
305	0	184	step_2_no_load	3	4	0.657291439324	0.362743255194	3	447	1	
305	0	185	step_1_no_load	1	2	1	278	
305	0	185	step_2_no_load	5	6	0.479703516092	0.482228039858	5	547	0	
305	0	186	step_1_no_load	1	2	1	281	
305	0	186	step_2_no_load	3	4	0.656308636836	0.332733011923	3	357	1	
305	0	187	step_1_no_load	1	2	1	364	
305	0	187	step_2_no_load	3	4	0.678211978625	0.328890769988	3	397	0	
305	0	188	step_1_no_load	1	2	1	327	
305	0	188	step_2_no_load	5	6	0.471319680586	0.548350535247	6	826	1	
305	0	189	step_1_no_load	1	2	1	302	
305	0	189	step_2_no_load	3	4	0.688353284054	0.285168135955	3	1212	1	
305	0	190	step_1_no_load	1	2	1	301	
305	0	190	step_2_no_load	5	6	0.433568856946	0.505820429042	6	432	0	
305	0	191	step_1_no_load	1	2	1	269	
305	0	191	step_2_no_load	5	6	0.435748387321	0.512103523931	6	1319	1	
305	0	192	step_1_no_load	1	2	1	317	
305	0	192	step_2_no_load	3	4	0.705517419189	0.299297135717	3	455	1	
305	0	193	step_1_no_load	1	2	1	301	
305	0	193	step_2_no_load	3	4	0.679792491164	0.321008037746	4	467	0	
305	0	194	step_1_no_load	1	2	1	285	
305	0	194	step_2_no_load	5	6	0.433250459893	0.505359594715	6	746	0	
305	0	195	step_1_no_load	1	2	1	287	
305	0	195	step_2_no_load	3	4	0.646280688878	0.348571348505	3	365	1	
305	0	196	step_1_no_load	1	2	1	340	
305	0	196	step_2_no_load	5	6	0.421761207498	0.496717662777	6	977	0	
305	0	197	step_1_no_load	1	2	1	303	
305	0	197	step_2_no_load	3	4	0.686552522522	0.316987700969	3	472	1	
305	0	198	step_1_no_load	1	2	1	325	
305	0	198	step_2_no_load	3	4	0.68660989813	0.303352625941	3	461	0	
305	0	199	step_1_no_load	1	2	1	281	
305	0	199	step_2_no_load	3	4	0.73697129762	0.292861528884	3	370	1	
305	0	200	step_1_no_load	1	2	1	411	
305	0	200	step_2_no_load	3	4	0.728996708473	0.299128796668	3	438	1	

Thu Sep 10 15:11:47 2020
