Wed Jul  4 16:31:59 2018	
162	0	1	step_1_no_load	1	2	-1	-1	
162	0	2	step_1_no_load	1	2	1	670	
162	0	2	step_2_no_load	3	4	0.474613197709	0.610961032466	3	1145	0	
162	0	3	step_1_no_load	1	2	2	636	
162	0	3	step_2_no_load	5	6	0.516002945397	0.584197065669	6	619	0	
162	0	4	step_1_no_load	1	2	1	676	
162	0	4	step_2_no_load	3	4	0.478607661228	0.564086293706	4	901	1	
162	0	5	step_1_no_load	1	2	1	429	
162	0	5	step_2_no_load	3	4	0.495568760483	0.576104915614	4	724	0	
162	0	6	step_1_no_load	1	2	1	398	
162	0	6	step_2_no_load	3	4	0.506877622204	0.603642866427	4	419	1	
162	0	7	step_1_no_load	1	2	1	288	
162	0	7	step_2_no_load	3	4	0.500071913476	0.622642364361	4	458	0	
162	0	8	step_1_no_load	1	2	1	342	
162	0	8	step_2_no_load	5	6	0.499203529332	0.59128639594	6	499	0	
162	0	9	step_1_no_load	1	2	1	342	
162	0	9	step_2_no_load	3	4	0.496546708465	0.641106877158	4	581	0	
162	0	10	step_1_no_load	1	2	1	320	
162	0	10	step_2_no_load	5	6	0.576063520885	0.652626043146	6	395	1	
162	0	11	step_1_no_load	1	2	1	494	
162	0	11	step_2_no_load	3	4	0.477013315682	0.609191465743	4	775	1	
162	0	12	step_1_no_load	1	2	1	335	
162	0	12	step_2_no_load	5	6	0.597131918027	0.682786328054	5	920	1	
162	0	13	step_1_no_load	1	2	1	359	
162	0	13	step_2_no_load	3	4	0.52012981853	0.558313135925	4	610	0	
162	0	14	step_1_no_load	1	2	1	336	
162	0	14	step_2_no_load	3	4	0.491234392147	0.545555696267	4	617	0	
162	0	15	step_1_no_load	1	2	1	239	
162	0	15	step_2_no_load	5	6	0.633564630036	0.612260006668	5	1159	1	
162	0	16	step_1_no_load	1	2	1	1	
162	0	16	step_2_no_load	5	6	0.626326396372	0.628091198119	5	882	1	
162	0	17	step_1_no_load	1	2	1	352	
162	0	17	step_2_no_load	5	6	0.643116883134	0.633350170016	5	595	0	
162	0	18	step_1_no_load	1	2	1	307	
162	0	18	step_2_no_load	3	4	0.517514133912	0.553554620302	3	926	1	
162	0	19	step_1_no_load	1	2	1	316	
162	0	19	step_2_no_load	3	4	0.498240186199	0.536502319591	3	923	1	
162	0	20	step_1_no_load	1	2	1	419	
162	0	20	step_2_no_load	3	4	0.478025448397	0.491720931314	3	619	1	
162	0	21	step_1_no_load	1	2	1	305	
162	0	21	step_2_no_load	5	6	0.611328949295	0.630305464549	6	653	1	
162	0	22	step_1_no_load	1	2	1	260	
162	0	22	step_2_no_load	3	4	0.506100011497	0.468700882609	3	412	1	
162	0	23	step_1_no_load	1	2	1	316	
162	0	23	step_2_no_load	5	6	0.604065470975	0.640163623731	6	644	1	
162	0	24	step_1_no_load	1	2	1	441	
162	0	24	step_2_no_load	3	4	0.505388876622	0.503316199018	3	501	1	
162	0	25	step_1_no_load	1	2	1	369	
162	0	25	step_2_no_load	5	6	0.629917901014	0.565698722896	6	547	0	
162	0	26	step_1_no_load	1	2	1	246	
162	0	26	step_2_no_load	5	6	0.640635035276	0.592410219737	6	721	0	
162	0	27	step_1_no_load	1	2	1	257	
162	0	27	step_2_no_load	5	6	0.642144756622	0.57860777711	5	713	1	
162	0	28	step_1_no_load	1	2	1	256	
162	0	28	step_2_no_load	3	4	0.520177259699	0.553259388875	3	632	1	
162	0	29	step_1_no_load	1	2	1	329	
162	0	29	step_2_no_load	5	6	0.618626354124	0.606613029227	5	421	1	
162	0	30	step_1_no_load	1	2	1	336	
162	0	30	step_2_no_load	5	6	0.610227092493	0.608245979832	5	506	0	
162	0	31	step_1_no_load	1	2	1	314	
162	0	31	step_2_no_load	5	6	0.606122691795	0.636602545794	6	526	1	
162	0	32	step_1_no_load	1	2	1	277	
162	0	32	step_2_no_load	5	6	0.605616211083	0.634585171267	6	872	1	
162	0	33	step_1_no_load	1	2	1	314	
162	0	33	step_2_no_load	5	6	0.618000238621	0.611700032906	6	723	0	
162	0	34	step_1_no_load	1	2	1	217	
162	0	34	step_2_no_load	3	4	0.454565258478	0.538523758058	3	531	1	
162	0	35	step_1_no_load	1	2	1	341	
162	0	35	step_2_no_load	3	4	0.491437207585	0.594167768198	3	509	1	
162	0	36	step_1_no_load	1	2	1	242	
162	0	36	step_2_no_load	3	4	0.513210053121	0.611274573488	3	580	1	
162	0	37	step_1_no_load	1	2	1	349	
162	0	37	step_2_no_load	3	4	0.543074626387	0.598446394142	3	529	1	
162	0	38	step_1_no_load	1	2	1	357	
162	0	38	step_2_no_load	5	6	0.651263699161	0.539078491643	6	501	1	
162	0	39	step_1_no_load	1	2	1	385	
162	0	39	step_2_no_load	3	4	0.578640235206	0.610601635554	3	610	1	
162	0	40	step_1_no_load	1	2	1	314	
162	0	40	step_2_no_load	3	4	0.5691386571	0.607992802154	4	606	1	
162	0	41	step_1_no_load	1	2	1	311	
162	0	41	step_2_no_load	3	4	0.583829055298	0.588857868869	3	574	0	
162	0	42	step_1_no_load	1	2	1	314	
162	0	42	step_2_no_load	5	6	0.606696263624	0.533857158543	6	522	1	
162	0	43	step_1_no_load	1	2	1	300	
162	0	43	step_2_no_load	3	4	0.548128010644	0.612705031264	3	429	1	
162	0	44	step_1_no_load	1	2	1	426	
162	0	44	step_2_no_load	3	4	0.537842745081	0.611481438855	3	560	1	
162	0	45	step_1_no_load	1	2	1	281	
162	0	45	step_2_no_load	3	4	0.5288039409	0.632991467829	3	474	0	
162	0	46	step_1_no_load	1	2	1	338	
162	0	46	step_2_no_load	3	4	0.532238720495	0.600964500555	3	476	0	
162	0	47	step_1_no_load	1	2	1	277	
162	0	47	step_2_no_load	3	4	0.493112702321	0.598724660986	4	585	0	
162	0	48	step_1_no_load	1	2	1	301	
162	0	48	step_2_no_load	3	4	0.488280685105	0.615767119776	3	517	0	
162	0	49	step_1_no_load	1	2	1	216	
162	0	49	step_2_no_load	3	4	0.489287375157	0.610193185592	3	411	0	
162	0	50	step_1_no_load	1	2	1	322	
162	0	50	step_2_no_load	5	6	0.593458480934	0.481616544184	6	734	0	
162	0	51	step_1_no_load	1	2	1	193	
162	0	51	step_2_no_load	3	4	0.469943944943	0.564866799699	4	443	1	
162	0	52	step_1_no_load	1	2	1	303	
162	0	52	step_2_no_load	3	4	0.429622901875	0.539065404057	4	597	0	
162	0	53	step_1_no_load	1	2	1	223	
162	0	53	step_2_no_load	3	4	0.451905460347	0.551457882502	4	954	1	
162	0	54	step_1_no_load	1	2	1	268	
162	0	54	step_2_no_load	3	4	0.491512498697	0.570223904064	4	620	1	
162	0	55	step_1_no_load	1	2	1	304	
162	0	55	step_2_no_load	5	6	0.639840796975	0.526704292526	6	907	0	
162	0	56	step_1_no_load	1	2	1	255	
162	0	56	step_2_no_load	3	4	0.459773408493	0.601856598146	4	490	1	
162	0	57	step_1_no_load	1	2	1	250	
162	0	57	step_2_no_load	5	6	0.586335094239	0.516475618243	5	470	1	
162	0	58	step_1_no_load	1	2	1	246	
162	0	58	step_2_no_load	5	6	0.610896130115	0.528376440027	5	579	1	
162	0	59	step_1_no_load	1	2	1	229	
162	0	59	step_2_no_load	5	6	0.608951267756	0.537400760025	5	620	0	
162	0	60	step_1_no_load	1	2	1	315	
162	0	60	step_2_no_load	5	6	0.599559577859	0.479287247283	5	543	1	
162	0	61	step_1_no_load	1	2	1	223	
162	0	61	step_2_no_load	3	4	0.464268875813	0.669587072502	4	458	1	
162	0	62	step_1_no_load	1	2	1	254	
162	0	62	step_2_no_load	3	4	0.50724109756	0.691137204746	4	661	1	
162	0	63	step_1_no_load	1	2	1	250	
162	0	63	step_2_no_load	3	4	0.53192660365	0.664284493458	4	514	1	
162	0	64	step_1_no_load	1	2	1	242	
162	0	64	step_2_no_load	3	4	0.555062911513	0.642369708469	3	1046	0	
162	0	65	step_1_no_load	1	2	1	270	
162	0	65	step_2_no_load	5	6	0.619953360065	0.517687993213	6	579	1	
162	0	66	step_1_no_load	1	2	1	282	
162	0	66	step_2_no_load	5	6	0.630357351236	0.555324764318	6	497	0	
162	0	67	step_1_no_load	1	2	1	206	
162	0	67	step_2_no_load	3	4	0.542076810516	0.597650193897	3	529	1	
162	0	68	step_1_no_load	1	2	1	756	
162	0	68	step_2_no_load	3	4	0.509127161919	0.622963076372	3	695	0	
162	0	69	step_1_no_load	1	2	1	394	
162	0	69	step_2_no_load	5	6	0.718756538957	0.560462111264	5	677	0	
162	0	70	step_1_no_load	1	2	1	262	
162	0	70	step_2_no_load	3	4	0.498834901463	0.637556284465	4	503	1	
162	0	71	step_1_no_load	1	2	1	342	
162	0	71	step_2_no_load	3	4	0.482863323776	0.639174917797	4	521	0	
162	0	72	step_1_no_load	1	2	1	283	
162	0	72	step_2_no_load	3	4	0.47409116389	0.626024641967	4	567	1	
162	0	73	step_1_no_load	1	2	1	251	
162	0	73	step_2_no_load	3	4	0.435957313805	0.657126403029	4	516	1	
162	0	74	step_1_no_load	1	2	1	332	
162	0	74	step_2_no_load	3	4	0.453420386428	0.614462146454	4	435	1	
162	0	75	step_1_no_load	1	2	1	326	
162	0	75	step_2_no_load	3	4	0.44832280175	0.615552849174	4	512	1	
162	0	76	step_1_no_load	1	2	1	284	
162	0	76	step_2_no_load	5	6	0.690117652944	0.518881389358	5	870	0	
162	0	77	step_1_no_load	1	2	1	247	
162	0	77	step_2_no_load	5	6	0.679737625371	0.538119616568	6	418	1	
162	0	78	step_1_no_load	1	2	1	259	
162	0	78	step_2_no_load	5	6	0.647586191228	0.538654072849	6	383	0	
162	0	79	step_1_no_load	1	2	1	329	
162	0	79	step_2_no_load	3	4	0.389124152368	0.513695512795	4	428	0	
162	0	80	step_1_no_load	1	2	1	241	
162	0	80	step_2_no_load	3	4	0.396016175285	0.518583383166	4	343	1	
162	0	81	step_1_no_load	1	2	1	319	
162	0	81	step_2_no_load	3	4	0.419265522488	0.529745690463	4	393	1	
162	0	82	step_1_no_load	1	2	1	322	
162	0	82	step_2_no_load	3	4	0.395813831323	0.564729328387	4	509	1	
162	0	83	step_1_no_load	1	2	1	275	
162	0	83	step_2_no_load	3	4	0.382772464038	0.607907985871	4	319	0	
162	0	84	step_1_no_load	1	2	1	314	
162	0	84	step_2_no_load	3	4	0.385087938645	0.65843840156	4	354	1	
162	0	85	step_1_no_load	1	2	1	298	
162	0	85	step_2_no_load	3	4	0.384458259121	0.692384972752	4	531	1	
162	0	86	step_1_no_load	1	2	1	257	
162	0	86	step_2_no_load	3	4	0.345323068124	0.691782850001	4	447	0	
162	0	87	step_1_no_load	1	2	1	272	
162	0	87	step_2_no_load	3	4	0.40000499778	0.719375344246	4	439	1	
162	0	88	step_1_no_load	1	2	1	300	
162	0	88	step_2_no_load	5	6	0.696773608304	0.509563243675	5	736	1	
162	0	89	step_1_no_load	1	2	1	306	
162	0	89	step_2_no_load	3	4	0.415882489686	0.690772436485	4	568	1	
162	0	90	step_1_no_load	1	2	1	335	
162	0	90	step_2_no_load	3	4	0.411459496853	0.712247848046	4	436	1	
162	0	91	step_1_no_load	1	2	1	326	
162	0	91	step_2_no_load	3	4	0.43534164751	0.685023809334	4	425	1	
162	0	92	step_1_no_load	1	2	1	374	
162	0	92	step_2_no_load	3	4	0.444368850664	0.692406274724	4	407	0	
162	0	93	step_1_no_load	1	2	1	251	
162	0	93	step_2_no_load	5	6	0.662863370634	0.473273727684	5	664	0	
162	0	94	step_1_no_load	1	2	1	240	
162	0	94	step_2_no_load	3	4	0.429211756872	0.719464414227	4	471	1	
162	0	95	step_1_no_load	1	2	1	279	
162	0	95	step_2_no_load	3	4	0.427150666411	0.715495469274	4	406	1	
162	0	96	step_1_no_load	1	2	1	275	
162	0	96	step_2_no_load	3	4	0.383038640121	0.693739812506	4	401	1	
162	0	97	step_1_no_load	1	2	1	234	
162	0	97	step_2_no_load	3	4	0.392885664353	0.681272614291	4	436	1	
162	0	98	step_1_no_load	1	2	1	283	
162	0	98	step_2_no_load	3	4	0.409778171713	0.70287861952	4	361	1	
162	0	99	step_1_no_load	1	2	1	303	
162	0	99	step_2_no_load	3	4	0.397561363605	0.673709850038	4	343	1	
162	0	100	step_1_no_load	1	2	1	313	
162	0	100	step_2_no_load	5	6	0.66579920021	0.363162156005	6	340	0	
162	0	101	step_1_no_load	1	2	1	223	
162	0	101	step_2_no_load	5	6	0.655903528958	0.366879421891	6	329	1	
162	0	102	step_1_no_load	1	2	1	243	
162	0	102	step_2_no_load	3	4	0.494584754513	0.666304534392	4	412	1	
162	0	103	step_1_no_load	1	2	1	256	
162	0	103	step_2_no_load	5	6	0.69058998368	0.322834495838	6	360	0	
162	0	104	step_1_no_load	1	2	1	234	
162	0	104	step_2_no_load	3	4	0.521047445908	0.703870701136	4	328	1	
162	0	105	step_1_no_load	1	2	1	250	
162	0	105	step_2_no_load	3	4	0.514318365187	0.689135357059	4	375	1	
162	0	106	step_1_no_load	1	2	1	221	
162	0	106	step_2_no_load	5	6	0.699623252899	0.374131494222	5	359	0	
162	0	107	step_1_no_load	1	2	1	235	
162	0	107	step_2_no_load	3	4	0.565220528809	0.692607431435	4	380	1	
162	0	108	step_1_no_load	1	2	1	276	
162	0	108	step_2_no_load	5	6	0.681491063126	0.388185708856	6	354	0	
162	0	109	step_1_no_load	1	2	1	261	
162	0	109	step_2_no_load	3	4	0.479977531501	0.71632547018	4	342	1	
162	0	110	step_1_no_load	1	2	1	355	
162	0	110	step_2_no_load	5	6	0.65455226558	0.395544455384	6	444	0	
162	0	111	step_1_no_load	1	2	1	274	
162	0	111	step_2_no_load	3	4	0.384948378665	0.724852671171	4	321	1	
162	0	112	step_1_no_load	1	2	1	245	
162	0	112	step_2_no_load	3	4	0.392887565883	0.725701866094	4	367	1	
162	0	113	step_1_no_load	1	2	1	341	
162	0	113	step_2_no_load	5	6	0.634627459817	0.387112818105	6	352	0	
162	0	114	step_1_no_load	1	2	1	281	
162	0	114	step_2_no_load	3	4	0.380324086676	0.718213323791	4	344	1	
162	0	115	step_1_no_load	1	2	1	315	
162	0	115	step_2_no_load	5	6	0.645721217949	0.357661171116	6	465	0	
162	0	116	step_1_no_load	1	2	1	262	
162	0	116	step_2_no_load	3	4	0.378149844807	0.706736514943	4	344	1	
162	0	117	step_1_no_load	1	2	1	270	
162	0	117	step_2_no_load	5	6	0.671842537277	0.363056877927	5	438	0	
162	0	118	step_1_no_load	1	2	1	312	
162	0	118	step_2_no_load	3	4	0.357645851833	0.740051715856	4	346	1	
162	0	119	step_1_no_load	1	2	1	299	
162	0	119	step_2_no_load	3	4	0.357515098446	0.690424535099	4	343	0	
162	0	120	step_1_no_load	1	2	1	252	
162	0	120	step_2_no_load	3	4	0.370150243662	0.70587238626	4	293	1	
162	0	121	step_1_no_load	1	2	1	273	
162	0	121	step_2_no_load	3	4	0.352721767208	0.658856304095	4	460	1	
162	0	122	step_1_no_load	1	2	1	293	
162	0	122	step_2_no_load	3	4	0.329624572119	0.6136886145	4	492	1	
162	0	123	step_1_no_load	1	2	1	340	
162	0	123	step_2_no_load	5	6	0.664849878232	0.269780614928	5	426	1	
162	0	124	step_1_no_load	1	2	1	297	
162	0	124	step_2_no_load	3	4	0.309430836661	0.603013298253	4	450	1	
162	0	125	step_1_no_load	1	2	1	284	
162	0	125	step_2_no_load	3	4	0.303110862715	0.559596800931	4	447	0	
162	0	126	step_1_no_load	1	2	1	252	
162	0	126	step_2_no_load	3	4	0.300846667696	0.537863824328	4	362	0	
162	0	127	step_1_no_load	1	2	1	253	
162	0	127	step_2_no_load	5	6	0.646945556251	0.273483952592	6	335	0	
162	0	128	step_1_no_load	1	2	1	7	
162	0	128	step_2_no_load	3	4	0.250790232267	0.636905534066	4	810	1	
162	0	129	step_1_no_load	1	2	1	289	
162	0	129	step_2_no_load	3	4	0.271709703542	0.685297910719	4	435	1	
162	0	130	step_1_no_load	1	2	1	335	
162	0	130	step_2_no_load	3	4	0.274560758494	0.682031489739	4	376	1	
162	0	131	step_1_no_load	1	2	1	343	
162	0	131	step_2_no_load	3	4	0.311475039155	0.678044920845	4	397	0	
162	0	132	step_1_no_load	1	2	1	239	
162	0	132	step_2_no_load	3	4	0.315328810424	0.668578020634	4	376	0	
162	0	133	step_1_no_load	1	2	1	288	
162	0	133	step_2_no_load	3	4	0.312642735495	0.617383991623	4	386	1	
162	0	134	step_1_no_load	1	2	1	417	
162	0	134	step_2_no_load	3	4	0.302839427162	0.621945110858	4	417	1	
162	0	135	step_1_no_load	1	2	1	867	
162	0	135	step_2_no_load	3	4	0.287118934166	0.593710006149	4	963	1	
162	0	136	step_1_no_load	1	2	1	329	
162	0	136	step_2_no_load	3	4	0.284521085726	0.597814413435	4	391	0	
162	0	137	step_1_no_load	1	2	1	297	
162	0	137	step_2_no_load	5	6	0.668540846495	0.346433498467	5	374	1	
162	0	138	step_1_no_load	1	2	1	319	
162	0	138	step_2_no_load	3	4	0.307694123906	0.63240964674	4	582	1	
162	0	139	step_1_no_load	1	2	1	319	
162	0	139	step_2_no_load	5	6	0.696355985729	0.325611400511	5	543	0	
162	0	140	step_1_no_load	1	2	1	264	
162	0	140	step_2_no_load	3	4	0.328174526491	0.671213945178	4	588	0	
162	0	141	step_1_no_load	1	2	1	255	
162	0	141	step_2_no_load	3	4	0.311809871418	0.711987889705	4	394	1	
162	0	142	step_1_no_load	1	2	1	331	
162	0	142	step_2_no_load	3	4	0.304203281606	0.690276058009	4	475	1	
162	0	143	step_1_no_load	1	2	1	406	
162	0	143	step_2_no_load	3	4	0.313516825296	0.661365099615	4	563	1	
162	0	144	step_1_no_load	1	2	1	334	
162	0	144	step_2_no_load	3	4	0.275932517017	0.626443722248	4	400	1	
162	0	145	step_1_no_load	1	2	1	474	
162	0	145	step_2_no_load	5	6	0.606515632748	0.355256413269	5	416	1	
162	0	146	step_1_no_load	1	2	1	251	
162	0	146	step_2_no_load	3	4	0.257861956214	0.681611991725	4	552	1	
162	0	147	step_1_no_load	1	2	1	424	
162	0	147	step_2_no_load	3	4	0.265578160642	0.647798886916	4	520	1	
162	0	148	step_1_no_load	1	2	1	233	
162	0	148	step_2_no_load	3	4	0.305288021243	0.619272702026	4	417	1	
162	0	149	step_1_no_load	1	2	1	249	
162	0	149	step_2_no_load	3	4	0.269951834184	0.601870110183	4	367	1	
162	0	150	step_1_no_load	1	2	1	213	
162	0	150	step_2_no_load	3	4	0.305587692243	0.575985663078	4	383	0	
162	0	151	step_1_no_load	1	2	1	301	
162	0	151	step_2_no_load	5	6	0.614159737668	0.310557101463	5	602	0	
162	0	152	step_1_no_load	1	2	1	317	
162	0	152	step_2_no_load	3	4	0.307702500543	0.595108765344	3	678	0	
162	0	153	step_1_no_load	1	2	1	249	
162	0	153	step_2_no_load	3	4	0.309356532263	0.613336203392	4	342	1	
162	0	154	step_1_no_load	1	2	1	299	
162	0	154	step_2_no_load	3	4	0.316375537537	0.638934099562	4	1127	1	
162	0	155	step_1_no_load	1	2	1	467	
162	0	155	step_2_no_load	3	4	0.296093457977	0.632486591889	4	667	0	
162	0	156	step_1_no_load	1	2	1	277	
162	0	156	step_2_no_load	3	4	0.32564867104	0.631048201903	4	391	0	
162	0	157	step_1_no_load	1	2	1	292	
162	0	157	step_2_no_load	3	4	0.350909357271	0.585191807512	4	366	0	
162	0	158	step_1_no_load	1	2	1	305	
162	0	158	step_2_no_load	3	4	0.408728803896	0.532722108502	3	339	1	
162	0	159	step_1_no_load	1	2	1	270	
162	0	159	step_2_no_load	5	6	0.697903160072	0.321150411254	6	621	0	
162	0	160	step_1_no_load	1	2	1	321	
162	0	160	step_2_no_load	3	4	0.415052912783	0.521229931064	3	626	1	
162	0	161	step_1_no_load	1	2	1	274	
162	0	161	step_2_no_load	5	6	0.719896286569	0.438878285506	5	626	1	
162	0	162	step_1_no_load	1	2	1	292	
162	0	162	step_2_no_load	3	4	0.3926701003	0.566496468084	3	367	0	
162	0	163	step_1_no_load	1	2	1	215	
162	0	163	step_2_no_load	3	4	0.395221309311	0.5863391277	3	268	0	
162	0	164	step_1_no_load	1	2	1	255	
162	0	164	step_2_no_load	3	4	0.432761720497	0.585961845322	3	465	0	
162	0	165	step_1_no_load	1	2	1	223	
162	0	165	step_2_no_load	3	4	0.463777557969	0.538026607649	4	862	1	
162	0	166	step_1_no_load	1	2	1	247	
162	0	166	step_2_no_load	3	4	0.422282731054	0.549095060025	4	529	0	
162	0	167	step_1_no_load	1	2	1	250	
162	0	167	step_2_no_load	3	4	0.38753671275	0.585131062446	4	396	1	
162	0	168	step_1_no_load	1	2	1	445	
162	0	168	step_2_no_load	5	6	0.67192508984	0.335777599654	5	988	1	
162	0	169	step_1_no_load	1	2	1	239	
162	0	169	step_2_no_load	3	4	0.42098542374	0.586049140041	4	440	1	
162	0	170	step_1_no_load	1	2	1	201	
162	0	170	step_2_no_load	5	6	0.67334314737	0.364989630435	5	421	1	
162	0	171	step_1_no_load	1	2	1	320	
162	0	171	step_2_no_load	3	4	0.386979310814	0.553314431843	4	406	1	
162	0	172	step_1_no_load	1	2	1	253	
162	0	172	step_2_no_load	3	4	0.363617002148	0.519090471457	4	397	0	
162	0	173	step_1_no_load	1	2	1	252	
162	0	173	step_2_no_load	3	4	0.385349297983	0.484428109849	4	416	0	
162	0	174	step_1_no_load	1	2	1	200	
162	0	174	step_2_no_load	5	6	0.729877433725	0.46236234172	5	817	0	
162	0	175	step_1_no_load	1	2	1	148	
162	0	175	step_2_no_load	5	6	0.693968268443	0.484825491933	6	914	0	
162	0	176	step_1_no_load	1	2	1	318	
162	0	176	step_2_no_load	5	6	0.679250000396	0.500856457218	5	1024	1	
162	0	177	step_1_no_load	1	2	1	216	
162	0	177	step_2_no_load	3	4	0.357425668099	0.501268576771	3	331	1	
162	0	178	step_1_no_load	1	2	1	306	
162	0	178	step_2_no_load	5	6	0.705993797498	0.49020858644	5	427	1	
162	0	179	step_1_no_load	1	2	1	416	
162	0	179	step_2_no_load	3	4	0.324685418097	0.457298770028	3	521	0	
162	0	180	step_1_no_load	1	2	1	196	
162	0	180	step_2_no_load	5	6	0.719795072986	0.489345734128	5	218	1	
162	0	181	step_1_no_load	1	2	1	289	
162	0	181	step_2_no_load	3	4	0.342402764747	0.508735114046	3	354	0	
162	0	182	step_1_no_load	1	2	1	277	
162	0	182	step_2_no_load	3	4	0.340533666308	0.506773281362	4	412	1	
162	0	183	step_1_no_load	1	2	1	260	
162	0	183	step_2_no_load	3	4	0.350175837802	0.502991759047	4	443	1	
162	0	184	step_1_no_load	1	2	1	260	
162	0	184	step_2_no_load	5	6	0.657291439324	0.480863422096	5	837	1	
162	0	185	step_1_no_load	1	2	1	307	
162	0	185	step_2_no_load	3	4	0.362611152222	0.479703516092	4	411	0	
162	0	186	step_1_no_load	1	2	1	326	
162	0	186	step_2_no_load	3	4	0.332733011923	0.46870859828	4	534	0	
162	0	187	step_1_no_load	1	2	1	175	
162	0	187	step_2_no_load	3	4	0.328890769988	0.443962917772	3	465	0	
162	0	188	step_1_no_load	1	2	1	330	
162	0	188	step_2_no_load	5	6	0.696362660087	0.548350535247	5	532	1	
162	0	189	step_1_no_load	1	2	1	363	
162	0	189	step_2_no_load	3	4	0.285168135955	0.448897869069	4	679	1	
162	0	190	step_1_no_load	1	2	1	336	
162	0	190	step_2_no_load	3	4	0.304557739386	0.433568856946	4	698	1	
162	0	191	step_1_no_load	1	2	1	237	
162	0	191	step_2_no_load	3	4	0.318839908867	0.435748387321	4	385	0	
162	0	192	step_1_no_load	1	2	1	326	
162	0	192	step_2_no_load	3	4	0.299297135717	0.450791310283	3	678	0	
162	0	193	step_1_no_load	1	2	1	226	
162	0	193	step_2_no_load	3	4	0.321008037746	0.440813209638	4	425	0	
162	0	194	step_1_no_load	1	2	1	256	
162	0	194	step_2_no_load	3	4	0.342437174514	0.433250459893	4	405	0	
162	0	195	step_1_no_load	1	2	1	226	
162	0	195	step_2_no_load	5	6	0.646280688878	0.494102184238	6	426	0	
162	0	196	step_1_no_load	1	2	1	0	
162	0	196	step_2_no_load	3	4	0.365373286058	0.421761207498	4	629	1	
162	0	197	step_1_no_load	1	2	1	233	
162	0	197	step_2_no_load	5	6	0.686552522522	0.47786945426	5	444	1	
162	0	198	step_1_no_load	1	2	1	277	
162	0	198	step_2_no_load	3	4	0.303352625941	0.397292432346	4	590	1	
162	0	199	step_1_no_load	1	2	1	215	
162	0	199	step_2_no_load	3	4	0.292861528884	0.39793773834	3	706	0	
162	0	200	step_1_no_load	1	2	1	234	
162	0	200	step_2_no_load	3	4	0.299128796668	0.372436949782	4	472	0	

Wed Jul  4 16:54:30 2018
