Thu Oct  1 15:01:32 2020	
308	0	1	step_1_no_load	1	2	1	204	
308	0	1	step_2_no_load	3	4	0.457620150462	0.511789129507	4	1113	0	
308	0	2	step_1_no_load	1	2	2	1036	
308	0	2	step_2_no_load	5	6	0.580156942153	0.610961032466	5	780	1	
308	0	3	step_1_no_load	1	2	2	918	
308	0	3	step_2_no_load	5	6	0.584197065669	0.589215227351	5	532	1	
308	0	4	step_1_no_load	1	2	2	1112	
308	0	4	step_2_no_load	3	4	0.478607661228	0.494597764192	4	1173	0	
308	0	5	step_1_no_load	1	2	1	615	
308	0	5	step_2_no_load	3	4	0.495568760483	0.543908521457	3	1148	0	
308	0	6	step_1_no_load	1	2	2	782	
308	0	6	step_2_no_load	3	4	0.506877622204	0.490454120702	-1	-1	-1	
308	0	7	step_1_no_load	1	2	1	150	
308	0	7	step_2_no_load	3	4	0.500071913476	0.506408070053	3	160	0	
308	0	8	step_1_no_load	1	2	2	1404	
308	0	8	step_2_no_load	3	4	0.489816616396	0.499203529332	-1	-1	-1	
308	0	9	step_1_no_load	1	2	1	279	
308	0	9	step_2_no_load	3	4	0.496546708465	0.54429228266	4	909	0	
308	0	10	step_1_no_load	1	2	2	724	
308	0	10	step_2_no_load	5	6	0.652626043146	0.636063269715	5	811	1	
308	0	11	step_1_no_load	1	2	2	603	
308	0	11	step_2_no_load	5	6	0.69163818036	0.609191465743	5	783	0	
308	0	12	step_1_no_load	1	2	2	691	
308	0	12	step_2_no_load	5	6	0.682786328054	0.552770607849	6	937	1	
308	0	13	step_1_no_load	1	2	2	975	
308	0	13	step_2_no_load	5	6	0.653587098421	0.558313135925	6	911	1	
308	0	14	step_1_no_load	1	2	2	944	
308	0	14	step_2_no_load	5	6	0.629137942344	0.545555696267	6	776	1	
308	0	15	step_1_no_load	1	2	2	786	
308	0	15	step_2_no_load	3	4	0.505377237737	0.633564630036	4	1454	0	
308	0	16	step_1_no_load	1	2	1	430	
308	0	16	step_2_no_load	5	6	0.628091198119	0.553308964466	6	959	1	
308	0	17	step_1_no_load	1	2	1	653	
308	0	17	step_2_no_load	3	4	0.535958400205	0.643116883134	4	1144	1	
308	0	18	step_1_no_load	1	2	2	716	
308	0	18	step_2_no_load	5	6	0.626834332012	0.553554620302	-1	-1	-1	
308	0	19	step_1_no_load	1	2	1	332	
308	0	19	step_2_no_load	3	4	0.498240186199	0.644773170243	3	1061	0	
308	0	20	step_1_no_load	1	2	2	531	
308	0	20	step_2_no_load	5	6	0.636521555122	0.491720931314	6	618	0	
308	0	21	step_1_no_load	1	2	2	558	
308	0	21	step_2_no_load	3	4	0.49769376036	0.611328949295	3	819	1	
308	0	22	step_1_no_load	1	2	2	834	
308	0	22	step_2_no_load	5	6	0.621949894727	0.468700882609	5	1106	0	
308	0	23	step_1_no_load	1	2	1	565	
308	0	23	step_2_no_load	5	6	0.640163623731	0.513759772011	6	805	0	
308	0	24	step_1_no_load	1	2	1	1353	
308	0	24	step_2_no_load	3	4	0.505388876622	0.5800912085	-1	-1	-1	
308	0	25	step_1_no_load	1	2	1	592	
308	0	25	step_2_no_load	3	4	0.503316372362	0.629917901014	3	880	0	
308	0	26	step_1_no_load	1	2	2	807	
308	0	26	step_2_no_load	5	6	0.592410219737	0.532884212818	6	890	1	
308	0	27	step_1_no_load	1	2	2	680	
308	0	27	step_2_no_load	3	4	0.507272671939	0.642144756622	4	926	1	
308	0	28	step_1_no_load	1	2	1	1007	
308	0	28	step_2_no_load	3	4	0.520177259699	0.647441527317	4	870	1	
308	0	29	step_1_no_load	1	2	1	858	
308	0	29	step_2_no_load	3	4	0.521159009103	0.618626354124	4	844	1	
308	0	30	step_1_no_load	1	2	1	1421	
308	0	30	step_2_no_load	3	4	0.4919199548	0.610227092493	3	897	0	
308	0	31	step_1_no_load	1	2	2	526	
308	0	31	step_2_no_load	5	6	0.636602545794	0.541819886458	6	747	1	
308	0	32	step_1_no_load	1	2	2	623	
308	0	32	step_2_no_load	3	4	0.520318771114	0.605616211083	3	703	0	
308	0	33	step_1_no_load	1	2	2	1128	
308	0	33	step_2_no_load	3	4	0.487664344039	0.618000238621	4	633	0	
308	0	34	step_1_no_load	1	2	1	397	
308	0	34	step_2_no_load	3	4	0.454565258478	0.670290552209	3	810	0	
308	0	35	step_1_no_load	1	2	1	918	
308	0	35	step_2_no_load	3	4	0.491437207585	0.649776015006	4	794	1	
308	0	36	step_1_no_load	1	2	1	675	
308	0	36	step_2_no_load	5	6	0.527635087561	0.611274573488	6	968	0	
308	0	37	step_1_no_load	1	2	1	810	
308	0	37	step_2_no_load	3	4	0.543074626387	0.660658056664	4	839	0	
308	0	38	step_1_no_load	1	2	2	831	
308	0	38	step_2_no_load	3	4	0.553931241266	0.651263699161	3	1092	0	
308	0	39	step_1_no_load	1	2	2	640	
308	0	39	step_2_no_load	3	4	0.578640235206	0.634483337633	4	876	0	
308	0	40	step_1_no_load	1	2	1	507	
308	0	40	step_2_no_load	3	4	0.5691386571	0.636994900683	4	883	1	
308	0	41	step_1_no_load	1	2	1	595	
308	0	41	step_2_no_load	3	4	0.583829055298	0.633285941184	4	763	1	
308	0	42	step_1_no_load	1	2	1	439	
308	0	42	step_2_no_load	3	4	0.553461946234	0.606696263624	4	582	1	
308	0	43	step_1_no_load	1	2	1	682	
308	0	43	step_2_no_load	3	4	0.548128010644	0.581931546759	4	640	1	
308	0	44	step_1_no_load	1	2	1	713	
308	0	44	step_2_no_load	3	4	0.537842745081	0.589653131867	4	854	0	
308	0	45	step_1_no_load	1	2	2	659	
308	0	45	step_2_no_load	3	4	0.5288039409	0.620699591043	3	776	0	
308	0	46	step_1_no_load	1	2	1	799	
308	0	46	step_2_no_load	3	4	0.532238720495	0.654261318712	3	991	1	
308	0	47	step_1_no_load	1	2	1	565	
308	0	47	step_2_no_load	5	6	0.546259467838	0.598724660986	5	938	1	
308	0	48	step_1_no_load	1	2	1	581	
308	0	48	step_2_no_load	5	6	0.534690828011	0.615767119776	5	991	0	
308	0	49	step_1_no_load	1	2	2	384	
308	0	49	step_2_no_load	5	6	0.512405963374	0.610193185592	6	803	1	
308	0	50	step_1_no_load	1	2	2	863	
308	0	50	step_2_no_load	3	4	0.47381367271	0.593458480934	4	1495	0	
308	0	51	step_1_no_load	1	2	1	536	
308	0	51	step_2_no_load	3	4	0.469943944943	0.613357430892	4	819	1	
308	0	52	step_1_no_load	1	2	1	402	
308	0	52	step_2_no_load	3	4	0.429622901875	0.613408921915	4	527	0	
308	0	53	step_1_no_load	1	2	2	555	
308	0	53	step_2_no_load	3	4	0.451905460347	0.630956764252	3	599	0	
308	0	54	step_1_no_load	1	2	2	477	
308	0	54	step_2_no_load	5	6	0.493362545513	0.570223904064	6	862	1	
308	0	55	step_1_no_load	1	2	2	505	
308	0	55	step_2_no_load	3	4	0.487025527704	0.639840796975	3	1284	1	
308	0	56	step_1_no_load	1	2	2	806	
308	0	56	step_2_no_load	3	4	0.459773408493	0.60038825769	3	1017	0	
308	0	57	step_1_no_load	1	2	1	1475	
308	0	57	step_2_no_load	3	4	0.466449077359	0.586335094239	4	994	0	
308	0	58	step_1_no_load	1	2	1	1283	
308	0	58	step_2_no_load	3	4	0.478335218822	0.610896130115	3	1117	0	
308	0	59	step_1_no_load	1	2	2	945	
308	0	59	step_2_no_load	5	6	0.537400760025	0.632500293208	6	888	1	
308	0	60	step_1_no_load	1	2	2	541	
308	0	60	step_2_no_load	5	6	0.479287247283	0.623687406259	6	610	0	
308	0	61	step_1_no_load	1	2	2	798	
308	0	61	step_2_no_load	5	6	0.527144452559	0.669587072502	6	502	1	
308	0	62	step_1_no_load	1	2	2	519	
308	0	62	step_2_no_load	5	6	0.533031417444	0.691137204746	5	429	0	
308	0	63	step_1_no_load	1	2	1	756	
308	0	63	step_2_no_load	3	4	0.53192660365	0.642623127313	4	677	1	
308	0	64	step_1_no_load	1	2	1	536	
308	0	64	step_2_no_load	3	4	0.555062911513	0.626149195169	4	415	0	
308	0	65	step_1_no_load	1	2	2	1294	
308	0	65	step_2_no_load	3	4	0.569109504048	0.619953360065	3	703	0	
308	0	66	step_1_no_load	1	2	2	862	
308	0	66	step_2_no_load	5	6	0.555324764318	0.606938648072	5	466	1	
308	0	67	step_1_no_load	1	2	2	389	
308	0	67	step_2_no_load	5	6	0.538279387614	0.597650193897	5	691	1	
308	0	68	step_1_no_load	1	2	-1	-1	
308	0	69	step_1_no_load	1	2	1	388	
308	0	69	step_2_no_load	3	4	0.499137600991	0.718756538957	4	699	0	
308	0	70	step_1_no_load	1	2	2	360	
308	0	70	step_2_no_load	5	6	0.548075770764	0.637556284465	5	761	1	
308	0	71	step_1_no_load	1	2	2	397	
308	0	71	step_2_no_load	3	4	0.482863323776	0.706816191949	3	469	0	
308	0	72	step_1_no_load	1	2	1	682	
308	0	72	step_2_no_load	5	6	0.556486305476	0.626024641967	6	521	0	
308	0	73	step_1_no_load	1	2	1	398	
308	0	73	step_2_no_load	3	4	0.435957313805	0.727961155836	3	567	1	
308	0	74	step_1_no_load	1	2	1	1022	
308	0	74	step_2_no_load	3	4	0.453420386428	0.693624670847	3	871	1	
308	0	75	step_1_no_load	1	2	1	522	
308	0	75	step_2_no_load	3	4	0.44832280175	0.697629587097	3	1094	0	
308	0	76	step_1_no_load	1	2	1	641	
308	0	76	step_2_no_load	3	4	0.488583631821	0.690117652944	4	981	1	
308	0	77	step_1_no_load	1	2	1	897	
308	0	77	step_2_no_load	3	4	0.446809557226	0.679737625371	4	857	1	
308	0	78	step_1_no_load	1	2	1	601	
308	0	78	step_2_no_load	5	6	0.538654072849	0.536711448352	6	1225	1	
308	0	79	step_1_no_load	1	2	2	619	
308	0	79	step_2_no_load	5	6	0.540085062695	0.513695512795	6	747	1	
308	0	80	step_1_no_load	1	2	2	588	
308	0	80	step_2_no_load	3	4	0.396016175285	0.703969305517	-1	-1	-1	
308	0	81	step_1_no_load	1	2	1	7	
308	0	81	step_2_no_load	3	4	0.419265522488	0.702400933084	4	789	1	
308	0	82	step_1_no_load	1	2	1	557	
308	0	82	step_2_no_load	5	6	0.482727017837	0.564729328387	5	1381	1	
308	0	83	step_1_no_load	1	2	1	914	
308	0	83	step_2_no_load	3	4	0.382772464038	0.726885136842	4	965	1	
308	0	84	step_1_no_load	1	2	1	1102	
308	0	84	step_2_no_load	3	4	0.385087938645	0.731466635793	3	1343	1	
308	0	85	step_1_no_load	1	2	2	675	
308	0	85	step_2_no_load	5	6	0.485785534744	0.692384972752	5	985	0	
308	0	86	step_1_no_load	1	2	2	414	
308	0	86	step_2_no_load	5	6	0.486462788728	0.691782850001	6	540	0	
308	0	87	step_1_no_load	1	2	1	735	
308	0	87	step_2_no_load	5	6	0.493867001103	0.719375344246	5	1086	0	
308	0	88	step_1_no_load	1	2	1	915	
308	0	88	step_2_no_load	3	4	0.377947492322	0.696773608304	4	1123	1	
308	0	89	step_1_no_load	1	2	1	493	
308	0	89	step_2_no_load	3	4	0.415882489686	0.660112261017	4	398	1	
308	0	90	step_1_no_load	1	2	1	524	
308	0	90	step_2_no_load	3	4	0.411459496853	0.688736868033	4	965	1	
308	0	91	step_1_no_load	1	2	2	952	
308	0	91	step_2_no_load	3	4	0.43534164751	0.657820521772	4	852	1	
308	0	92	step_1_no_load	1	2	2	633	
308	0	92	step_2_no_load	3	4	0.444368850664	0.679381608313	4	807	1	
308	0	93	step_1_no_load	1	2	2	667	
308	0	93	step_2_no_load	5	6	0.473273727684	0.70415710998	5	1090	1	
308	0	94	step_1_no_load	1	2	2	527	
308	0	94	step_2_no_load	5	6	0.468637558205	0.719464414227	5	969	0	
308	0	95	step_1_no_load	1	2	1	566	
308	0	95	step_2_no_load	3	4	0.427150666411	0.640209855442	4	660	1	
308	0	96	step_1_no_load	1	2	1	660	
308	0	96	step_2_no_load	3	4	0.383038640121	0.663095813561	4	645	1	
308	0	97	step_1_no_load	1	2	1	483	
308	0	97	step_2_no_load	3	4	0.392885664353	0.651202057411	4	913	1	
308	0	98	step_1_no_load	1	2	2	549	
308	0	98	step_2_no_load	5	6	0.431479829356	0.70287861952	5	646	0	
308	0	99	step_1_no_load	1	2	2	809	
308	0	99	step_2_no_load	5	6	0.375249961522	0.673709850038	6	1141	0	
308	0	100	step_1_no_load	1	2	1	638	
308	0	100	step_2_no_load	5	6	0.363162156005	0.666227451505	5	1179	0	
308	0	101	step_1_no_load	1	2	1	436	
308	0	101	step_2_no_load	3	4	0.497432607584	0.655903528958	4	862	1	
308	0	102	step_1_no_load	1	2	1	734	
308	0	102	step_2_no_load	3	4	0.494584754513	0.663124617603	4	696	1	
308	0	103	step_1_no_load	1	2	1	516	
308	0	103	step_2_no_load	3	4	0.481975449893	0.69058998368	4	732	1	
308	0	104	step_1_no_load	1	2	1	632	
308	0	104	step_2_no_load	3	4	0.521047445908	0.743372642809	4	799	1	
308	0	105	step_1_no_load	1	2	1	929	
308	0	105	step_2_no_load	3	4	0.514318365187	0.722851301692	4	875	1	
308	0	106	step_1_no_load	1	2	1	1215	
308	0	106	step_2_no_load	3	4	0.508908032404	0.699623252899	4	846	1	
308	0	107	step_1_no_load	1	2	1	1142	
308	0	107	step_2_no_load	5	6	0.388257337796	0.692607431435	-1	-1	-1	
308	0	108	step_1_no_load	1	2	2	299	
308	0	108	step_2_no_load	5	6	0.388185708856	0.695928523711	5	827	1	
308	0	109	step_1_no_load	1	2	2	1130	
308	0	109	step_2_no_load	5	6	0.372328831887	0.71632547018	5	726	1	
308	0	110	step_1_no_load	1	2	2	621	
308	0	110	step_2_no_load	5	6	0.395544455384	0.729599891941	5	924	0	
308	0	111	step_1_no_load	1	2	1	1096	
308	0	111	step_2_no_load	3	4	0.384948378665	0.634599547742	4	910	1	
308	0	112	step_1_no_load	1	2	1	963	
308	0	112	step_2_no_load	5	6	0.413393106784	0.725701866094	5	1187	1	
308	0	113	step_1_no_load	1	2	1	882	
308	0	113	step_2_no_load	5	6	0.387112818105	0.719324307956	5	585	1	
308	0	114	step_1_no_load	1	2	1	848	
308	0	114	step_2_no_load	3	4	0.380324086676	0.657654904272	4	783	1	
308	0	115	step_1_no_load	1	2	1	1062	
308	0	115	step_2_no_load	5	6	0.357661171116	0.739704344621	5	940	0	
308	0	116	step_1_no_load	1	2	2	614	
308	0	116	step_2_no_load	3	4	0.378149844807	0.680124293449	4	630	1	
308	0	117	step_1_no_load	1	2	2	798	
308	0	117	step_2_no_load	5	6	0.363056877927	0.747012267642	5	858	1	
308	0	118	step_1_no_load	1	2	2	468	
308	0	118	step_2_no_load	5	6	0.362977115924	0.740051715856	5	653	1	
308	0	119	step_1_no_load	1	2	2	674	
308	0	119	step_2_no_load	5	6	0.358243439099	0.690424535099	5	637	1	
308	0	120	step_1_no_load	1	2	2	578	
308	0	120	step_2_no_load	3	4	0.370150243662	0.666433355915	3	828	1	
308	0	121	step_1_no_load	1	2	2	679	
308	0	121	step_2_no_load	5	6	0.310775244958	0.658856304095	6	860	0	
308	0	122	step_1_no_load	1	2	-1	-1	
308	0	123	step_1_no_load	1	2	2	442	
308	0	123	step_2_no_load	3	4	0.337526896345	0.664849878232	4	500	0	
308	0	124	step_1_no_load	1	2	2	370	
308	0	124	step_2_no_load	5	6	0.26095206597	0.603013298253	6	1187	1	
308	0	125	step_1_no_load	1	2	2	347	
308	0	125	step_2_no_load	5	6	0.290374841566	0.559596800931	6	431	1	
308	0	126	step_1_no_load	1	2	2	311	
308	0	126	step_2_no_load	3	4	0.300846667696	0.600985760967	3	1096	0	
308	0	127	step_1_no_load	1	2	1	882	
308	0	127	step_2_no_load	3	4	0.274944938508	0.646945556251	4	616	1	
308	0	128	step_1_no_load	1	2	1	597	
308	0	128	step_2_no_load	3	4	0.250790232267	0.620672334996	4	590	1	
308	0	129	step_1_no_load	1	2	1	542	
308	0	129	step_2_no_load	5	6	0.268213321963	0.685297910719	5	1312	0	
308	0	130	step_1_no_load	1	2	1	393	
308	0	130	step_2_no_load	3	4	0.274560758494	0.630285316669	4	461	1	
308	0	131	step_1_no_load	1	2	1	450	
308	0	131	step_2_no_load	3	4	0.311475039155	0.638450601212	4	665	1	
308	0	132	step_1_no_load	1	2	1	561	
308	0	132	step_2_no_load	5	6	0.27986961048	0.668578020634	5	487	0	
308	0	133	step_1_no_load	1	2	1	742	
308	0	133	step_2_no_load	5	6	0.315608831386	0.617383991623	5	821	0	
308	0	134	step_1_no_load	1	2	2	478	
308	0	134	step_2_no_load	5	6	0.287393715313	0.621945110858	6	1123	1	
308	0	135	step_1_no_load	1	2	1	829	
308	0	135	step_2_no_load	3	4	0.287118934166	0.700779221781	4	1181	1	
308	0	136	step_1_no_load	1	2	1	433	
308	0	136	step_2_no_load	3	4	0.284521085726	0.674914008636	4	604	1	
308	0	137	step_1_no_load	1	2	1	545	
308	0	137	step_2_no_load	3	4	0.325016613024	0.668540846495	4	562	0	
308	0	138	step_1_no_load	1	2	1	504	
308	0	138	step_2_no_load	5	6	0.366701525561	0.63240964674	5	1203	1	
308	0	139	step_1_no_load	1	2	1	398	
308	0	139	step_2_no_load	5	6	0.325611400511	0.636630981281	5	440	0	
308	0	140	step_1_no_load	1	2	2	443	
308	0	140	step_2_no_load	5	6	0.348740542008	0.671213945178	6	1018	1	
308	0	141	step_1_no_load	1	2	2	637	
308	0	141	step_2_no_load	5	6	0.390227133375	0.711987889705	6	560	1	
308	0	142	step_1_no_load	1	2	2	798	
308	0	142	step_2_no_load	5	6	0.397052682821	0.690276058009	6	890	1	
308	0	143	step_1_no_load	1	2	2	119	
308	0	143	step_2_no_load	3	4	0.313516825296	0.610219102298	3	786	0	
308	0	144	step_1_no_load	1	2	2	810	
308	0	144	step_2_no_load	5	6	0.389234194056	0.626443722248	6	1107	1	
308	0	145	step_1_no_load	1	2	2	354	
308	0	145	step_2_no_load	5	6	0.355256413269	0.6669125229	6	643	1	
308	0	146	step_1_no_load	1	2	2	702	
308	0	146	step_2_no_load	5	6	0.320877500969	0.681611991725	6	541	0	
308	0	147	step_1_no_load	1	2	1	364	
308	0	147	step_2_no_load	3	4	0.265578160642	0.594861186319	4	1070	1	
308	0	148	step_1_no_load	1	2	1	423	
308	0	148	step_2_no_load	5	6	0.311162711725	0.619272702026	6	1038	1	
308	0	149	step_1_no_load	1	2	1	472	
308	0	149	step_2_no_load	3	4	0.269951834184	0.623203869836	4	869	0	
308	0	150	step_1_no_load	1	2	1	548	
308	0	150	step_2_no_load	5	6	0.306860041627	0.575985663078	5	1414	0	
308	0	151	step_1_no_load	1	2	2	430	
308	0	151	step_2_no_load	3	4	0.348172164421	0.614159737668	3	643	1	
308	0	152	step_1_no_load	1	2	2	512	
308	0	152	step_2_no_load	3	4	0.307702500543	0.644204174791	3	783	1	
308	0	153	step_1_no_load	1	2	2	475	
308	0	153	step_2_no_load	3	4	0.309356532263	0.681559292085	3	761	0	
308	0	154	step_1_no_load	1	2	2	350	
308	0	154	step_2_no_load	5	6	0.348349389262	0.638934099562	5	1131	1	
308	0	155	step_1_no_load	1	2	1	965	
308	0	155	step_2_no_load	5	6	0.372188990474	0.632486591889	5	1033	1	
308	0	156	step_1_no_load	1	2	1	840	
308	0	156	step_2_no_load	3	4	0.32564867104	0.734436160799	4	1109	1	
308	0	157	step_1_no_load	1	2	1	1128	
308	0	157	step_2_no_load	3	4	0.350909357271	0.720725456325	4	607	1	
308	0	158	step_1_no_load	1	2	1	428	
308	0	158	step_2_no_load	3	4	0.408728803896	0.694270715354	4	522	1	
308	0	159	step_1_no_load	1	2	1	349	
308	0	159	step_2_no_load	3	4	0.413026375257	0.697903160072	4	442	1	
308	0	160	step_1_no_load	1	2	1	1232	
308	0	160	step_2_no_load	3	4	0.415052912783	0.710728171711	4	628	1	
308	0	161	step_1_no_load	1	2	1	738	
308	0	161	step_2_no_load	3	4	0.407025633682	0.719896286569	4	901	0	
308	0	162	step_1_no_load	1	2	2	510	
308	0	162	step_2_no_load	5	6	0.455329532209	0.566496468084	5	629	0	
308	0	163	step_1_no_load	1	2	2	430	
308	0	163	step_2_no_load	5	6	0.430920885959	0.5863391277	6	414	1	
308	0	164	step_1_no_load	1	2	2	372	
308	0	164	step_2_no_load	5	6	0.430844125626	0.585961845322	6	478	0	
308	0	165	step_1_no_load	1	2	1	899	
308	0	165	step_2_no_load	3	4	0.463777557969	0.717506143195	3	1227	1	
308	0	166	step_1_no_load	1	2	1	884	
308	0	166	step_2_no_load	3	4	0.422282731054	0.686594248975	3	827	1	
308	0	167	step_1_no_load	1	2	1	439	
308	0	167	step_2_no_load	3	4	0.38753671275	0.706271792549	3	761	1	
308	0	168	step_1_no_load	1	2	1	608	
308	0	168	step_2_no_load	3	4	0.400817642375	0.67192508984	3	500	0	
308	0	169	step_1_no_load	1	2	1	315	
308	0	169	step_2_no_load	3	4	0.42098542374	0.704981910944	4	509	0	
308	0	170	step_1_no_load	1	2	2	594	
308	0	170	step_2_no_load	3	4	0.411067820436	0.67334314737	3	1178	0	
308	0	171	step_1_no_load	1	2	1	522	
308	0	171	step_2_no_load	3	4	0.386979310814	0.727248140829	4	906	1	
308	0	172	step_1_no_load	1	2	1	328	
308	0	172	step_2_no_load	3	4	0.363617002148	0.668669556875	4	441	1	
308	0	173	step_1_no_load	1	2	1	584	
308	0	173	step_2_no_load	5	6	0.462866379815	0.484428109849	-1	-1	-1	
308	0	174	step_1_no_load	1	2	1	502	
308	0	174	step_2_no_load	5	6	0.46236234172	0.472729524832	5	854	1	
308	0	175	step_1_no_load	1	2	1	793	
308	0	175	step_2_no_load	5	6	0.484825491933	0.52644949356	5	1065	1	
308	0	176	step_1_no_load	1	2	1	475	
308	0	176	step_2_no_load	5	6	0.500856457218	0.474046874473	5	450	0	
308	0	177	step_1_no_load	1	2	1	341	
308	0	177	step_2_no_load	3	4	0.357425668099	0.714070205704	4	1177	1	
308	0	178	step_1_no_load	1	2	1	1226	
308	0	178	step_2_no_load	3	4	0.36473828006	0.705993797498	4	891	1	
308	0	179	step_1_no_load	1	2	-1	-1	
308	0	180	step_1_no_load	1	2	1	432	
308	0	180	step_2_no_load	3	4	0.341214611607	0.719795072986	4	496	0	
308	0	181	step_1_no_load	1	2	2	602	
308	0	181	step_2_no_load	5	6	0.480141179559	0.508735114046	6	1241	0	
308	0	182	step_1_no_load	1	2	1	669	
308	0	182	step_2_no_load	5	6	0.49907747228	0.506773281362	5	1245	0	
308	0	183	step_1_no_load	1	2	2	1266	
308	0	183	step_2_no_load	5	6	0.492742497507	0.502991759047	6	1335	1	
308	0	184	step_1_no_load	1	2	2	828	
308	0	184	step_2_no_load	5	6	0.480863422096	0.460890977786	6	638	1	
308	0	185	step_1_no_load	1	2	2	776	
308	0	185	step_2_no_load	5	6	0.482228039858	0.479703516092	6	1002	1	
308	0	186	step_1_no_load	1	2	2	792	
308	0	186	step_2_no_load	5	6	0.484672582719	0.46870859828	6	874	0	
308	0	187	step_1_no_load	1	2	2	1007	
308	0	187	step_2_no_load	5	6	0.498596507669	0.443962917772	5	418	1	
308	0	188	step_1_no_load	1	2	2	639	
308	0	188	step_2_no_load	3	4	0.291508050861	0.696362660087	-1	-1	-1	
308	0	189	step_1_no_load	1	2	1	328	
308	0	189	step_2_no_load	5	6	0.534753756004	0.448897869069	6	640	1	
308	0	190	step_1_no_load	1	2	1	709	
308	0	190	step_2_no_load	3	4	0.304557739386	0.667655825994	4	1288	1	
308	0	191	step_1_no_load	1	2	1	650	
308	0	191	step_2_no_load	3	4	0.318839908867	0.664271461991	4	719	1	
308	0	192	step_1_no_load	1	2	1	784	
308	0	192	step_2_no_load	5	6	0.493851022417	0.450791310283	5	1105	1	
308	0	193	step_1_no_load	1	2	1	621	
308	0	193	step_2_no_load	3	4	0.321008037746	0.679792491164	4	1388	1	
308	0	194	step_1_no_load	1	2	2	348	
308	0	194	step_2_no_load	5	6	0.505359594715	0.433250459893	5	709	0	
308	0	195	step_1_no_load	1	2	2	458	
308	0	195	step_2_no_load	5	6	0.494102184238	0.466795336969	6	429	0	
308	0	196	step_1_no_load	1	2	2	372	
308	0	196	step_2_no_load	5	6	0.496717662777	0.421761207498	5	466	0	
308	0	197	step_1_no_load	1	2	1	336	
308	0	197	step_2_no_load	3	4	0.316987700969	0.686552522522	4	1000	1	
308	0	198	step_1_no_load	1	2	1	574	
308	0	198	step_2_no_load	3	4	0.303352625941	0.68660989813	4	801	1	
308	0	199	step_1_no_load	1	2	1	627	
308	0	199	step_2_no_load	3	4	0.292861528884	0.73697129762	4	420	1	
308	0	200	step_1_no_load	1	2	1	678	
308	0	200	step_2_no_load	3	4	0.299128796668	0.728996708473	4	549	1	

Thu Oct  1 15:19:58 2020
