Wed Oct  7 15:04:48 2020	
311	0	1	step_1_no_load	1	2	1	354	
311	0	1	step_2_no_load	3	4	0.457620150462	0.598297890399	4	1060	0	
311	0	2	step_1_no_load	1	2	1	328	
311	0	2	step_2_no_load	3	4	0.474613197709	0.580156942153	3	862	0	
311	0	3	step_1_no_load	1	2	2	468	
311	0	3	step_2_no_load	5	6	0.589215227351	0.516002945397	5	682	1	
311	0	4	step_1_no_load	1	2	2	512	
311	0	4	step_2_no_load	5	6	0.564086293706	0.494597764192	5	463	0	
311	0	5	step_1_no_load	1	2	2	317	
311	0	5	step_2_no_load	5	6	0.576104915614	0.543908521457	5	378	1	
311	0	6	step_1_no_load	1	2	2	459	
311	0	6	step_2_no_load	5	6	0.603642866427	0.490454120702	5	324	1	
311	0	7	step_1_no_load	1	2	2	462	
311	0	7	step_2_no_load	5	6	0.622642364361	0.506408070053	5	603	0	
311	0	8	step_1_no_load	1	2	1	399	
311	0	8	step_2_no_load	5	6	0.624210374623	0.499203529332	6	807	1	
311	0	9	step_1_no_load	1	2	1	453	
311	0	9	step_2_no_load	5	6	0.641106877158	0.54429228266	6	397	0	
311	0	10	step_1_no_load	1	2	1	496	
311	0	10	step_2_no_load	5	6	0.636063269715	0.576063520885	5	637	1	
311	0	11	step_1_no_load	1	2	2	515	
311	0	11	step_2_no_load	5	6	0.609191465743	0.59022801242	5	779	1	
311	0	12	step_1_no_load	1	2	2	366	
311	0	12	step_2_no_load	3	4	0.48457206759	0.682786328054	4	573	1	
311	0	13	step_1_no_load	1	2	1	424	
311	0	13	step_2_no_load	3	4	0.52012981853	0.653587098421	4	686	1	
311	0	14	step_1_no_load	1	2	1	560	
311	0	14	step_2_no_load	3	4	0.491234392147	0.629137942344	3	827	1	
311	0	15	step_1_no_load	1	2	1	543	
311	0	15	step_2_no_load	3	4	0.505377237737	0.612260006668	3	601	0	
311	0	16	step_1_no_load	1	2	2	324	
311	0	16	step_2_no_load	5	6	0.553308964466	0.626326396372	5	574	1	
311	0	17	step_1_no_load	1	2	2	328	
311	0	17	step_2_no_load	5	6	0.562895132605	0.643116883134	5	604	0	
311	0	18	step_1_no_load	1	2	2	343	
311	0	18	step_2_no_load	5	6	0.553554620302	0.626895526976	6	795	1	
311	0	19	step_1_no_load	1	2	2	369	
311	0	19	step_2_no_load	5	6	0.536502319591	0.644773170243	6	481	1	
311	0	20	step_1_no_load	1	2	2	379	
311	0	20	step_2_no_load	3	4	0.478025448397	0.636521555122	3	943	0	
311	0	21	step_1_no_load	1	2	1	414	
311	0	21	step_2_no_load	3	4	0.49769376036	0.630305464549	4	533	0	
311	0	22	step_1_no_load	1	2	1	417	
311	0	22	step_2_no_load	3	4	0.506100011497	0.621949894727	4	592	0	
311	0	23	step_1_no_load	1	2	1	687	
311	0	23	step_2_no_load	3	4	0.520606588181	0.640163623731	3	442	0	
311	0	24	step_1_no_load	1	2	2	268	
311	0	24	step_2_no_load	5	6	0.503316199018	0.5800912085	6	821	1	
311	0	25	step_1_no_load	1	2	2	304	
311	0	25	step_2_no_load	5	6	0.503605105412	0.629917901014	6	481	1	
311	0	26	step_1_no_load	1	2	2	359	
311	0	26	step_2_no_load	3	4	0.511744353778	0.592410219737	4	340	1	
311	0	27	step_1_no_load	1	2	2	363	
311	0	27	step_2_no_load	5	6	0.54756089792	0.642144756622	6	571	1	
311	0	28	step_1_no_load	1	2	2	466	
311	0	28	step_2_no_load	3	4	0.520177259699	0.588356036098	4	1395	1	
311	0	29	step_1_no_load	1	2	2	425	
311	0	29	step_2_no_load	3	4	0.521159009103	0.606613029227	4	918	1	
311	0	30	step_1_no_load	1	2	2	355	
311	0	30	step_2_no_load	3	4	0.4919199548	0.608245979832	4	832	1	
311	0	31	step_1_no_load	1	2	2	295	
311	0	31	step_2_no_load	5	6	0.541819886458	0.606122691795	6	919	0	
311	0	32	step_1_no_load	1	2	2	469	
311	0	32	step_2_no_load	5	6	0.522993086096	0.605616211083	5	847	0	
311	0	33	step_1_no_load	1	2	1	641	
311	0	33	step_2_no_load	5	6	0.542309898544	0.618000238621	6	922	1	
311	0	34	step_1_no_load	1	2	1	277	
311	0	34	step_2_no_load	3	4	0.454565258478	0.575802910074	4	361	1	
311	0	35	step_1_no_load	1	2	1	478	
311	0	35	step_2_no_load	3	4	0.491437207585	0.566827313385	4	979	0	
311	0	36	step_1_no_load	1	2	2	388	
311	0	36	step_2_no_load	5	6	0.611274573488	0.661229326326	6	417	0	
311	0	37	step_1_no_load	1	2	1	660	
311	0	37	step_2_no_load	3	4	0.543074626387	0.513822304161	4	670	0	
311	0	38	step_1_no_load	1	2	1	344	
311	0	38	step_2_no_load	3	4	0.553931241266	0.539078491643	3	270	1	
311	0	39	step_1_no_load	1	2	1	372	
311	0	39	step_2_no_load	5	6	0.610601635554	0.634483337633	5	312	1	
311	0	40	step_1_no_load	1	2	1	318	
311	0	40	step_2_no_load	3	4	0.5691386571	0.580760785074	3	688	0	
311	0	41	step_1_no_load	1	2	2	473	
311	0	41	step_2_no_load	3	4	0.583829055298	0.524862294848	3	975	0	
311	0	42	step_1_no_load	1	2	1	426	
311	0	42	step_2_no_load	3	4	0.553461946234	0.533857158543	4	729	1	
311	0	43	step_1_no_load	1	2	2	549	
311	0	43	step_2_no_load	3	4	0.548128010644	0.553703096215	4	661	1	
311	0	44	step_1_no_load	1	2	2	345	
311	0	44	step_2_no_load	5	6	0.611481438855	0.589653131867	5	623	1	
311	0	45	step_1_no_load	1	2	2	767	
311	0	45	step_2_no_load	3	4	0.5288039409	0.579346234508	4	824	1	
311	0	46	step_1_no_load	1	2	2	496	
311	0	46	step_2_no_load	3	4	0.532238720495	0.55511883717	4	966	1	
311	0	47	step_1_no_load	1	2	2	410	
311	0	47	step_2_no_load	5	6	0.598724660986	0.634373567175	5	637	0	
311	0	48	step_1_no_load	1	2	2	346	
311	0	48	step_2_no_load	5	6	0.615767119776	0.657624935632	5	569	0	
311	0	49	step_1_no_load	1	2	1	331	
311	0	49	step_2_no_load	5	6	0.610193185592	0.614679490594	6	435	1	
311	0	50	step_1_no_load	1	2	1	300	
311	0	50	step_2_no_load	5	6	0.606862017918	0.593458480934	6	414	0	
311	0	51	step_1_no_load	1	2	2	452	
311	0	51	step_2_no_load	3	4	0.469943944943	0.508197321577	4	774	1	
311	0	52	step_1_no_load	1	2	2	384	
311	0	52	step_2_no_load	5	6	0.539065404057	0.613408921915	5	910	0	
311	0	53	step_1_no_load	1	2	2	343	
311	0	53	step_2_no_load	3	4	0.451905460347	0.475342927439	4	408	0	
311	0	54	step_1_no_load	1	2	2	318	
311	0	54	step_2_no_load	5	6	0.570223904064	0.652515308527	6	1067	0	
311	0	55	step_1_no_load	1	2	2	294	
311	0	55	step_2_no_load	5	6	0.574045915747	0.639840796975	5	930	0	
311	0	56	step_1_no_load	1	2	2	322	
311	0	56	step_2_no_load	5	6	0.601856598146	0.60038825769	6	972	0	
311	0	57	step_1_no_load	1	2	2	288	
311	0	57	step_2_no_load	5	6	0.641849303307	0.586335094239	6	885	1	
311	0	58	step_1_no_load	1	2	2	288	
311	0	58	step_2_no_load	5	6	0.664682809182	0.610896130115	6	440	0	
311	0	59	step_1_no_load	1	2	1	258	
311	0	59	step_2_no_load	3	4	0.480274332693	0.537400760025	4	661	0	
311	0	60	step_1_no_load	1	2	1	348	
311	0	60	step_2_no_load	3	4	0.491916707098	0.479287247283	4	394	1	
311	0	61	step_1_no_load	1	2	1	245	
311	0	61	step_2_no_load	5	6	0.669587072502	0.602879526975	6	333	0	
311	0	62	step_1_no_load	1	2	2	297	
311	0	62	step_2_no_load	3	4	0.50724109756	0.533031417444	4	538	1	
311	0	63	step_1_no_load	1	2	2	307	
311	0	63	step_2_no_load	5	6	0.664284493458	0.642623127313	5	488	0	
311	0	64	step_1_no_load	1	2	2	643	
311	0	64	step_2_no_load	5	6	0.642369708469	0.626149195169	5	449	1	
311	0	65	step_1_no_load	1	2	1	287	
311	0	65	step_2_no_load	3	4	0.569109504048	0.517687993213	4	687	0	
311	0	66	step_1_no_load	1	2	1	336	
311	0	66	step_2_no_load	3	4	0.573761869714	0.555324764318	3	409	1	
311	0	67	step_1_no_load	1	2	1	449	
311	0	67	step_2_no_load	3	4	0.542076810516	0.538279387614	3	441	1	
311	0	68	step_1_no_load	1	2	1	461	
311	0	68	step_2_no_load	5	6	0.622963076372	0.719455209845	6	1066	1	
311	0	69	step_1_no_load	1	2	1	913	
311	0	69	step_2_no_load	3	4	0.499137600991	0.560462111264	3	693	0	
311	0	70	step_1_no_load	1	2	2	271	
311	0	70	step_2_no_load	5	6	0.637556284465	0.697741832068	6	395	1	
311	0	71	step_1_no_load	1	2	2	248	
311	0	71	step_2_no_load	5	6	0.639174917797	0.706816191949	6	390	0	
311	0	72	step_1_no_load	1	2	2	308	
311	0	72	step_2_no_load	5	6	0.626024641967	0.705884789502	6	344	0	
311	0	73	step_1_no_load	1	2	1	269	
311	0	73	step_2_no_load	5	6	0.657126403029	0.727961155836	6	603	0	
311	0	74	step_1_no_load	1	2	1	333	
311	0	74	step_2_no_load	3	4	0.453420386428	0.491044983779	4	713	1	
311	0	75	step_1_no_load	1	2	1	269	
311	0	75	step_2_no_load	3	4	0.44832280175	0.483983914712	4	632	0	
311	0	76	step_1_no_load	1	2	1	401	
311	0	76	step_2_no_load	3	4	0.488583631821	0.518881389358	4	481	0	
311	0	77	step_1_no_load	1	2	2	245	
311	0	77	step_2_no_load	5	6	0.564257587118	0.679737625371	5	365	0	
311	0	78	step_1_no_load	1	2	2	375	
311	0	78	step_2_no_load	5	6	0.536711448352	0.647586191228	5	306	1	
311	0	79	step_1_no_load	1	2	2	400	
311	0	79	step_2_no_load	5	6	0.513695512795	0.647841624544	5	384	0	
311	0	80	step_1_no_load	1	2	2	379	
311	0	80	step_2_no_load	5	6	0.518583383166	0.703969305517	5	301	0	
311	0	81	step_1_no_load	1	2	1	263	
311	0	81	step_2_no_load	5	6	0.529745690463	0.702400933084	6	1041	1	
311	0	82	step_1_no_load	1	2	2	402	
311	0	82	step_2_no_load	5	6	0.564729328387	0.688340116885	6	410	1	
311	0	83	step_1_no_load	1	2	2	308	
311	0	83	step_2_no_load	3	4	0.382772464038	0.483255412498	-1	-1	-1	
311	0	84	step_1_no_load	1	2	2	280	
311	0	84	step_2_no_load	5	6	0.65843840156	0.731466635793	6	232	1	
311	0	85	step_1_no_load	1	2	2	347	
311	0	85	step_2_no_load	5	6	0.692384972752	0.712989604416	6	394	1	
311	0	86	step_1_no_load	1	2	2	319	
311	0	86	step_2_no_load	5	6	0.691782850001	0.721207648497	6	287	1	
311	0	87	step_1_no_load	1	2	2	309	
311	0	87	step_2_no_load	5	6	0.719375344246	0.690012761069	6	390	1	
311	0	88	step_1_no_load	1	2	2	280	
311	0	88	step_2_no_load	3	4	0.377947492322	0.509563243675	4	282	0	
311	0	89	step_1_no_load	1	2	2	275	
311	0	89	step_2_no_load	5	6	0.690772436485	0.660112261017	6	454	0	
311	0	90	step_1_no_load	1	2	1	239	
311	0	90	step_2_no_load	3	4	0.411459496853	0.530126112124	3	546	0	
311	0	91	step_1_no_load	1	2	2	565	
311	0	91	step_2_no_load	3	4	0.43534164751	0.479087223222	4	793	1	
311	0	92	step_1_no_load	1	2	1	251	
311	0	92	step_2_no_load	3	4	0.444368850664	0.484260039873	4	575	0	
311	0	93	step_1_no_load	1	2	1	274	
311	0	93	step_2_no_load	3	4	0.439878153082	0.473273727684	3	336	0	
311	0	94	step_1_no_load	1	2	2	244	
311	0	94	step_2_no_load	3	4	0.429211756872	0.468637558205	4	1154	0	
311	0	95	step_1_no_load	1	2	2	362	
311	0	95	step_2_no_load	3	4	0.427150666411	0.42505578884	4	557	1	
311	0	96	step_1_no_load	1	2	2	456	
311	0	96	step_2_no_load	5	6	0.693739812506	0.663095813561	5	480	1	
311	0	97	step_1_no_load	1	2	2	301	
311	0	97	step_2_no_load	5	6	0.681272614291	0.651202057411	5	377	1	
311	0	98	step_1_no_load	1	2	2	309	
311	0	98	step_2_no_load	5	6	0.70287861952	0.646040060297	5	380	1	
311	0	99	step_1_no_load	1	2	2	267	
311	0	99	step_2_no_load	3	4	0.397561363605	0.375249961522	3	322	0	
311	0	100	step_1_no_load	1	2	2	257	
311	0	100	step_2_no_load	5	6	0.666227451505	0.66579920021	5	436	1	
311	0	101	step_1_no_load	1	2	2	407	
311	0	101	step_2_no_load	3	4	0.497432607584	0.366879421891	4	744	0	
311	0	102	step_1_no_load	1	2	2	285	
311	0	102	step_2_no_load	5	6	0.666304534392	0.663124617603	5	555	1	
311	0	103	step_1_no_load	1	2	2	367	
311	0	103	step_2_no_load	5	6	0.663997796029	0.69058998368	5	489	1	
311	0	104	step_1_no_load	1	2	2	329	
311	0	104	step_2_no_load	5	6	0.703870701136	0.743372642809	5	342	1	
311	0	105	step_1_no_load	1	2	2	309	
311	0	105	step_2_no_load	5	6	0.689135357059	0.722851301692	5	525	1	
311	0	106	step_1_no_load	1	2	2	318	
311	0	106	step_2_no_load	5	6	0.712883638252	0.699623252899	5	339	1	
311	0	107	step_1_no_load	1	2	2	365	
311	0	107	step_2_no_load	3	4	0.565220528809	0.388257337796	3	382	0	
311	0	108	step_1_no_load	1	2	2	311	
311	0	108	step_2_no_load	3	4	0.526955028982	0.388185708856	4	1077	0	
311	0	109	step_1_no_load	1	2	2	389	
311	0	109	step_2_no_load	3	4	0.479977531501	0.372328831887	3	926	1	
311	0	110	step_1_no_load	1	2	2	296	
311	0	110	step_2_no_load	3	4	0.432626681236	0.395544455384	3	733	0	
311	0	111	step_1_no_load	1	2	2	273	
311	0	111	step_2_no_load	5	6	0.724852671171	0.634599547742	5	462	1	
311	0	112	step_1_no_load	1	2	2	354	
311	0	112	step_2_no_load	5	6	0.725701866094	0.635252945963	5	323	0	
311	0	113	step_1_no_load	1	2	2	374	
311	0	113	step_2_no_load	5	6	0.719324307956	0.634627459817	5	345	1	
311	0	114	step_1_no_load	1	2	2	333	
311	0	114	step_2_no_load	5	6	0.718213323791	0.657654904272	5	399	1	
311	0	115	step_1_no_load	1	2	2	428	
311	0	115	step_2_no_load	5	6	0.739704344621	0.645721217949	5	337	1	
311	0	116	step_1_no_load	1	2	2	324	
311	0	116	step_2_no_load	3	4	0.378149844807	0.369438791876	3	331	0	
311	0	117	step_1_no_load	1	2	2	249	
311	0	117	step_2_no_load	3	4	0.374621793791	0.363056877927	4	864	0	
311	0	118	step_1_no_load	1	2	2	326	
311	0	118	step_2_no_load	5	6	0.740051715856	0.690484235012	5	429	1	
311	0	119	step_1_no_load	1	2	2	237	
311	0	119	step_2_no_load	3	4	0.357515098446	0.358243439099	3	916	0	
311	0	120	step_1_no_load	1	2	2	309	
311	0	120	step_2_no_load	3	4	0.370150243662	0.333809617664	3	909	1	
311	0	121	step_1_no_load	1	2	2	243	
311	0	121	step_2_no_load	5	6	0.658856304095	0.671052306195	5	346	1	
311	0	122	step_1_no_load	1	2	2	321	
311	0	122	step_2_no_load	5	6	0.6136886145	0.672193618854	5	416	1	
311	0	123	step_1_no_load	1	2	2	237	
311	0	123	step_2_no_load	5	6	0.583607229978	0.664849878232	5	326	0	
311	0	124	step_1_no_load	1	2	2	396	
311	0	124	step_2_no_load	5	6	0.603013298253	0.624161788269	5	284	0	
311	0	125	step_1_no_load	1	2	1	304	
311	0	125	step_2_no_load	3	4	0.303110862715	0.290374841566	4	616	0	
311	0	126	step_1_no_load	1	2	1	293	
311	0	126	step_2_no_load	3	4	0.300846667696	0.267206368684	4	515	0	
311	0	127	step_1_no_load	1	2	1	290	
311	0	127	step_2_no_load	3	4	0.274944938508	0.273483952592	3	248	0	
311	0	128	step_1_no_load	1	2	1	252	
311	0	128	step_2_no_load	3	4	0.250790232267	0.260252451606	3	278	0	
311	0	129	step_1_no_load	1	2	2	225	
311	0	129	step_2_no_load	3	4	0.271709703542	0.268213321963	3	1073	0	
311	0	130	step_1_no_load	1	2	2	301	
311	0	130	step_2_no_load	5	6	0.682031489739	0.630285316669	6	917	0	
311	0	131	step_1_no_load	1	2	2	284	
311	0	131	step_2_no_load	5	6	0.678044920845	0.638450601212	5	363	0	
311	0	132	step_1_no_load	1	2	1	308	
311	0	132	step_2_no_load	3	4	0.315328810424	0.27986961048	3	376	0	
311	0	133	step_1_no_load	1	2	1	387	
311	0	133	step_2_no_load	3	4	0.312642735495	0.315608831386	3	285	0	
311	0	134	step_1_no_load	1	2	1	286	
311	0	134	step_2_no_load	5	6	0.621945110858	0.685529359147	5	929	0	
311	0	135	step_1_no_load	1	2	2	391	
311	0	135	step_2_no_load	5	6	0.593710006149	0.700779221781	6	323	1	
311	0	136	step_1_no_load	1	2	2	286	
311	0	136	step_2_no_load	3	4	0.284521085726	0.307766925452	4	900	0	
311	0	137	step_1_no_load	1	2	2	269	
311	0	137	step_2_no_load	5	6	0.605896884497	0.668540846495	6	291	1	
311	0	138	step_1_no_load	1	2	2	383	
311	0	138	step_2_no_load	5	6	0.63240964674	0.688182193337	6	329	1	
311	0	139	step_1_no_load	1	2	2	252	
311	0	139	step_2_no_load	5	6	0.636630981281	0.696355985729	6	293	1	
311	0	140	step_1_no_load	1	2	2	285	
311	0	140	step_2_no_load	5	6	0.671213945178	0.637682840728	6	307	0	
311	0	141	step_1_no_load	1	2	2	304	
311	0	141	step_2_no_load	5	6	0.711987889705	0.616803346728	6	266	0	
311	0	142	step_1_no_load	1	2	2	262	
311	0	142	step_2_no_load	5	6	0.690276058009	0.627356259123	6	294	0	
311	0	143	step_1_no_load	1	2	1	327	
311	0	143	step_2_no_load	3	4	0.313516825296	0.410970957547	4	798	0	
311	0	144	step_1_no_load	1	2	1	298	
311	0	144	step_2_no_load	3	4	0.275932517017	0.389234194056	3	224	1	
311	0	145	step_1_no_load	1	2	1	272	
311	0	145	step_2_no_load	3	4	0.266265924094	0.355256413269	3	281	0	
311	0	146	step_1_no_load	1	2	1	303	
311	0	146	step_2_no_load	3	4	0.257861956214	0.320877500969	3	315	0	
311	0	147	step_1_no_load	1	2	1	379	
311	0	147	step_2_no_load	3	4	0.265578160642	0.352879785946	3	269	1	
311	0	148	step_1_no_load	1	2	1	300	
311	0	148	step_2_no_load	3	4	0.305288021243	0.311162711725	3	367	0	
311	0	149	step_1_no_load	1	2	2	405	
311	0	149	step_2_no_load	5	6	0.601870110183	0.623203869836	6	681	0	
311	0	150	step_1_no_load	1	2	2	369	
311	0	150	step_2_no_load	3	4	0.305587692243	0.306860041627	3	266	0	
311	0	151	step_1_no_load	1	2	2	263	
311	0	151	step_2_no_load	3	4	0.348172164421	0.310557101463	4	1109	0	
311	0	152	step_1_no_load	1	2	2	384	
311	0	152	step_2_no_load	5	6	0.595108765344	0.644204174791	5	650	0	
311	0	153	step_1_no_load	1	2	1	350	
311	0	153	step_2_no_load	3	4	0.309356532263	0.343622632154	4	298	1	
311	0	154	step_1_no_load	1	2	1	234	
311	0	154	step_2_no_load	5	6	0.638934099562	0.671672162443	6	306	1	
311	0	155	step_1_no_load	1	2	1	298	
311	0	155	step_2_no_load	3	4	0.296093457977	0.372188990474	4	351	1	
311	0	156	step_1_no_load	1	2	1	403	
311	0	156	step_2_no_load	3	4	0.32564867104	0.368378667812	4	436	1	
311	0	157	step_1_no_load	1	2	1	269	
311	0	157	step_2_no_load	3	4	0.350909357271	0.324728201487	4	896	1	
311	0	158	step_1_no_load	1	2	1	283	
311	0	158	step_2_no_load	5	6	0.532722108502	0.694270715354	6	570	1	
311	0	159	step_1_no_load	1	2	1	361	
311	0	159	step_2_no_load	3	4	0.413026375257	0.321150411254	4	494	0	
311	0	160	step_1_no_load	1	2	1	283	
311	0	160	step_2_no_load	5	6	0.521229931064	0.710728171711	6	582	0	
311	0	161	step_1_no_load	1	2	1	300	
311	0	161	step_2_no_load	3	4	0.407025633682	0.438878285506	4	368	0	
311	0	162	step_1_no_load	1	2	1	343	
311	0	162	step_2_no_load	3	4	0.3926701003	0.455329532209	4	365	0	
311	0	163	step_1_no_load	1	2	2	329	
311	0	163	step_2_no_load	5	6	0.5863391277	0.697095951435	6	314	1	
311	0	164	step_1_no_load	1	2	2	504	
311	0	164	step_2_no_load	5	6	0.585961845322	0.692137394606	6	370	0	
311	0	165	step_1_no_load	1	2	2	411	
311	0	165	step_2_no_load	5	6	0.538026607649	0.717506143195	6	500	1	
311	0	166	step_1_no_load	1	2	2	613	
311	0	166	step_2_no_load	3	4	0.422282731054	0.356317216644	3	937	1	
311	0	167	step_1_no_load	1	2	2	320	
311	0	167	step_2_no_load	5	6	0.585131062446	0.706271792549	6	300	1	
311	0	168	step_1_no_load	1	2	2	326	
311	0	168	step_2_no_load	3	4	0.400817642375	0.335777599654	3	918	0	
311	0	169	step_1_no_load	1	2	2	295	
311	0	169	step_2_no_load	3	4	0.42098542374	0.365156560071	4	255	0	
311	0	170	step_1_no_load	1	2	2	262	
311	0	170	step_2_no_load	5	6	0.57151385403	0.67334314737	6	697	1	
311	0	171	step_1_no_load	1	2	2	298	
311	0	171	step_2_no_load	5	6	0.553314431843	0.727248140829	6	452	1	
311	0	172	step_1_no_load	1	2	2	311	
311	0	172	step_2_no_load	5	6	0.519090471457	0.668669556875	6	429	1	
311	0	173	step_1_no_load	1	2	2	312	
311	0	173	step_2_no_load	5	6	0.484428109849	0.667027212577	6	318	1	
311	0	174	step_1_no_load	1	2	2	281	
311	0	174	step_2_no_load	5	6	0.472729524832	0.729877433725	6	495	0	
311	0	175	step_1_no_load	1	2	2	268	
311	0	175	step_2_no_load	3	4	0.426185553904	0.484825491933	4	292	0	
311	0	176	step_1_no_load	1	2	2	249	
311	0	176	step_2_no_load	5	6	0.474046874473	0.679250000396	6	353	1	
311	0	177	step_1_no_load	1	2	2	265	
311	0	177	step_2_no_load	5	6	0.501268576771	0.714070205704	6	415	1	
311	0	178	step_1_no_load	1	2	2	348	
311	0	178	step_2_no_load	5	6	0.493712351915	0.705993797498	6	481	1	
311	0	179	step_1_no_load	1	2	2	343	
311	0	179	step_2_no_load	3	4	0.324685418097	0.493565996034	3	373	0	
311	0	180	step_1_no_load	1	2	2	294	
311	0	180	step_2_no_load	5	6	0.482853857291	0.719795072986	6	392	0	
311	0	181	step_1_no_load	1	2	2	259	
311	0	181	step_2_no_load	5	6	0.508735114046	0.746910336326	6	337	0	
311	0	182	step_1_no_load	1	2	2	286	
311	0	182	step_2_no_load	5	6	0.506773281362	0.72717560423	6	388	1	
311	0	183	step_1_no_load	1	2	2	456	
311	0	183	step_2_no_load	5	6	0.502991759047	0.720388040749	6	395	0	
311	0	184	step_1_no_load	1	2	1	251	
311	0	184	step_2_no_load	5	6	0.460890977786	0.657291439324	6	664	1	
311	0	185	step_1_no_load	1	2	1	678	
311	0	185	step_2_no_load	3	4	0.362611152222	0.482228039858	3	395	0	
311	0	186	step_1_no_load	1	2	1	341	
311	0	186	step_2_no_load	5	6	0.46870859828	0.656308636836	5	227	0	
311	0	187	step_1_no_load	1	2	1	0	
311	0	187	step_2_no_load	3	4	0.328890769988	0.498596507669	3	495	0	
311	0	188	step_1_no_load	1	2	1	315	
311	0	188	step_2_no_load	5	6	0.471319680586	0.696362660087	6	720	1	
311	0	189	step_1_no_load	1	2	2	356	
311	0	189	step_2_no_load	5	6	0.448897869069	0.688353284054	6	368	0	
311	0	190	step_1_no_load	1	2	1	505	
311	0	190	step_2_no_load	5	6	0.433568856946	0.667655825994	6	555	1	
311	0	191	step_1_no_load	1	2	1	270	
311	0	191	step_2_no_load	3	4	0.318839908867	0.512103523931	4	565	0	
311	0	192	step_1_no_load	1	2	2	425	
311	0	192	step_2_no_load	3	4	0.299297135717	0.493851022417	3	1289	1	
311	0	193	step_1_no_load	1	2	2	318	
311	0	193	step_2_no_load	3	4	0.321008037746	0.504944704439	3	720	1	
311	0	194	step_1_no_load	1	2	1	282	
311	0	194	step_2_no_load	5	6	0.433250459893	0.655261361454	6	933	0	
311	0	195	step_1_no_load	1	2	1	231	
311	0	195	step_2_no_load	3	4	0.348571348505	0.494102184238	3	358	0	
311	0	196	step_1_no_load	1	2	1	270	
311	0	196	step_2_no_load	3	4	0.365373286058	0.496717662777	3	322	0	
311	0	197	step_1_no_load	1	2	1	313	
311	0	197	step_2_no_load	3	4	0.316987700969	0.47786945426	3	265	0	
311	0	198	step_1_no_load	1	2	2	244	
311	0	198	step_2_no_load	5	6	0.397292432346	0.68660989813	5	538	1	
311	0	199	step_1_no_load	1	2	2	291	
311	0	199	step_2_no_load	5	6	0.39793773834	0.73697129762	5	334	0	
311	0	200	step_1_no_load	1	2	2	317	
311	0	200	step_2_no_load	3	4	0.299128796668	0.507902534353	3	296	0	

Wed Oct  7 15:24:46 2020
