Wed Oct  7 17:14:17 2020	
312	0	1	step_1_no_load	1	2	1	409	
312	0	1	step_2_no_load	3	4	0.511789129507	0.457620150462	3	736	1	
312	0	2	step_1_no_load	1	2	1	638	
312	0	2	step_2_no_load	3	4	0.533203491871	0.474613197709	3	819	1	
312	0	3	step_1_no_load	1	2	1	536	
312	0	3	step_2_no_load	3	4	0.516002945397	0.476767372206	3	904	0	
312	0	4	step_1_no_load	1	2	2	1373	
312	0	4	step_2_no_load	5	6	0.564086293706	0.597491569846	-1	-1	-1	
312	0	5	step_1_no_load	1	2	2	501	
312	0	5	step_2_no_load	5	6	0.576104915614	0.623810210114	5	450	0	
312	0	6	step_1_no_load	1	2	2	533	
312	0	6	step_2_no_load	3	4	0.490454120702	0.506877622204	4	523	0	
312	0	7	step_1_no_load	1	2	2	921	
312	0	7	step_2_no_load	5	6	0.622642364361	0.568656746487	6	417	1	
312	0	8	step_1_no_load	1	2	2	744	
312	0	8	step_2_no_load	3	4	0.499203529332	0.489816616396	3	1039	1	
312	0	9	step_1_no_load	1	2	2	710	
312	0	9	step_2_no_load	3	4	0.54429228266	0.496546708465	-1	-1	-1	
312	0	10	step_1_no_load	1	2	1	883	
312	0	10	step_2_no_load	3	4	0.576063520885	0.482364178155	3	505	1	
312	0	11	step_1_no_load	1	2	2	698	
312	0	11	step_2_no_load	3	4	0.59022801242	0.477013315682	3	709	1	
312	0	12	step_1_no_load	1	2	1	751	
312	0	12	step_2_no_load	3	4	0.597131918027	0.48457206759	3	588	0	
312	0	13	step_1_no_load	1	2	2	427	
312	0	13	step_2_no_load	5	6	0.558313135925	0.653587098421	6	614	1	
312	0	14	step_1_no_load	1	2	2	811	
312	0	14	step_2_no_load	3	4	0.611256675753	0.491234392147	4	983	1	
312	0	15	step_1_no_load	1	2	1	1267	
312	0	15	step_2_no_load	5	6	0.570419113221	0.612260006668	6	865	0	
312	0	16	step_1_no_load	1	2	1	702	
312	0	16	step_2_no_load	5	6	0.553308964466	0.628091198119	5	1049	1	
312	0	17	step_1_no_load	1	2	1	680	
312	0	17	step_2_no_load	3	4	0.643116883134	0.535958400205	4	804	1	
312	0	18	step_1_no_load	1	2	1	807	
312	0	18	step_2_no_load	3	4	0.626895526976	0.517514133912	4	704	1	
312	0	19	step_1_no_load	1	2	2	938	
312	0	19	step_2_no_load	5	6	0.536502319591	0.619895761657	5	886	1	
312	0	20	step_1_no_load	1	2	1	681	
312	0	20	step_2_no_load	3	4	0.60665343963	0.478025448397	4	399	1	
312	0	21	step_1_no_load	1	2	2	541	
312	0	21	step_2_no_load	5	6	0.470207377245	0.630305464549	5	488	1	
312	0	22	step_1_no_load	1	2	1	491	
312	0	22	step_2_no_load	3	4	0.618527126547	0.506100011497	4	944	1	
312	0	23	step_1_no_load	1	2	1	535	
312	0	23	step_2_no_load	3	4	0.604065470975	0.520606588181	4	809	1	
312	0	24	step_1_no_load	1	2	2	336	
312	0	24	step_2_no_load	3	4	0.5800912085	0.505388876622	4	1014	0	
312	0	25	step_1_no_load	1	2	2	708	
312	0	25	step_2_no_load	5	6	0.503605105412	0.565698722896	6	1131	1	
312	0	26	step_1_no_load	1	2	1	415	
312	0	26	step_2_no_load	3	4	0.640635035276	0.511744353778	3	981	1	
312	0	27	step_1_no_load	1	2	1	916	
312	0	27	step_2_no_load	3	4	0.642144756622	0.507272671939	3	1041	1	
312	0	28	step_1_no_load	1	2	1	759	
312	0	28	step_2_no_load	3	4	0.647441527317	0.520177259699	3	1285	1	
312	0	29	step_1_no_load	1	2	2	429	
312	0	29	step_2_no_load	5	6	0.561957580386	0.606613029227	6	1153	1	
312	0	30	step_1_no_load	1	2	1	1134	
312	0	30	step_2_no_load	3	4	0.610227092493	0.4919199548	4	1148	1	
312	0	31	step_1_no_load	1	2	1	680	
312	0	31	step_2_no_load	3	4	0.606122691795	0.483156722265	3	672	1	
312	0	32	step_1_no_load	1	2	2	789	
312	0	32	step_2_no_load	3	4	0.605616211083	0.520318771114	4	1375	0	
312	0	33	step_1_no_load	1	2	2	441	
312	0	33	step_2_no_load	3	4	0.618000238621	0.487664344039	3	1118	0	
312	0	34	step_1_no_load	1	2	2	326	
312	0	34	step_2_no_load	5	6	0.538523758058	0.575802910074	5	508	0	
312	0	35	step_1_no_load	1	2	2	372	
312	0	35	step_2_no_load	5	6	0.594167768198	0.566827313385	6	1080	1	
312	0	36	step_1_no_load	1	2	2	558	
312	0	36	step_2_no_load	5	6	0.611274573488	0.527635087561	6	914	1	
312	0	37	step_1_no_load	1	2	2	555	
312	0	37	step_2_no_load	5	6	0.598446394142	0.513822304161	6	513	1	
312	0	38	step_1_no_load	1	2	2	327	
312	0	38	step_2_no_load	5	6	0.595113730206	0.539078491643	6	534	0	
312	0	39	step_1_no_load	1	2	2	829	
312	0	39	step_2_no_load	5	6	0.610601635554	0.557005857101	6	830	0	
312	0	40	step_1_no_load	1	2	1	503	
312	0	40	step_2_no_load	5	6	0.607992802154	0.580760785074	5	953	1	
312	0	41	step_1_no_load	1	2	1	1029	
312	0	41	step_2_no_load	3	4	0.633285941184	0.583829055298	3	1291	1	
312	0	42	step_1_no_load	1	2	1	410	
312	0	42	step_2_no_load	3	4	0.606696263624	0.553461946234	3	542	0	
312	0	43	step_1_no_load	1	2	1	685	
312	0	43	step_2_no_load	5	6	0.612705031264	0.553703096215	5	1266	1	
312	0	44	step_1_no_load	1	2	1	910	
312	0	44	step_2_no_load	3	4	0.589653131867	0.537842745081	4	1169	1	
312	0	45	step_1_no_load	1	2	1	698	
312	0	45	step_2_no_load	3	4	0.620699591043	0.5288039409	4	941	0	
312	0	46	step_1_no_load	1	2	1	469	
312	0	46	step_2_no_load	3	4	0.654261318712	0.532238720495	3	512	0	
312	0	47	step_1_no_load	1	2	2	499	
312	0	47	step_2_no_load	5	6	0.598724660986	0.546259467838	5	864	1	
312	0	48	step_1_no_load	1	2	2	535	
312	0	48	step_2_no_load	5	6	0.615767119776	0.534690828011	5	628	0	
312	0	49	step_1_no_load	1	2	2	375	
312	0	49	step_2_no_load	5	6	0.610193185592	0.512405963374	6	1208	0	
312	0	50	step_1_no_load	1	2	2	522	
312	0	50	step_2_no_load	5	6	0.606862017918	0.481616544184	5	326	1	
312	0	51	step_1_no_load	1	2	2	507	
312	0	51	step_2_no_load	5	6	0.564866799699	0.508197321577	5	554	1	
312	0	52	step_1_no_load	1	2	2	574	
312	0	52	step_2_no_load	3	4	0.613408921915	0.429622901875	3	708	1	
312	0	53	step_1_no_load	1	2	2	672	
312	0	53	step_2_no_load	3	4	0.630956764252	0.451905460347	3	693	1	
312	0	54	step_1_no_load	1	2	2	557	
312	0	54	step_2_no_load	3	4	0.652515308527	0.491512498697	3	649	0	
312	0	55	step_1_no_load	1	2	2	396	
312	0	55	step_2_no_load	5	6	0.574045915747	0.526704292526	-1	-1	-1	
312	0	56	step_1_no_load	1	2	2	588	
312	0	56	step_2_no_load	5	6	0.601856598146	0.538512915562	5	657	1	
312	0	57	step_1_no_load	1	2	2	480	
312	0	57	step_2_no_load	5	6	0.641849303307	0.516475618243	5	986	0	
312	0	58	step_1_no_load	1	2	1	1352	
312	0	58	step_2_no_load	3	4	0.610896130115	0.478335218822	4	616	1	
312	0	59	step_1_no_load	1	2	1	556	
312	0	59	step_2_no_load	5	6	0.632500293208	0.537400760025	6	914	1	
312	0	60	step_1_no_load	1	2	1	499	
312	0	60	step_2_no_load	5	6	0.623687406259	0.479287247283	6	850	0	
312	0	61	step_1_no_load	1	2	1	396	
312	0	61	step_2_no_load	5	6	0.669587072502	0.527144452559	5	869	1	
312	0	62	step_1_no_load	1	2	1	527	
312	0	62	step_2_no_load	3	4	0.622820395113	0.50724109756	3	1197	1	
312	0	63	step_1_no_load	1	2	1	703	
312	0	63	step_2_no_load	5	6	0.664284493458	0.519445130796	6	1015	1	
312	0	64	step_1_no_load	1	2	2	1192	
312	0	64	step_2_no_load	3	4	0.626149195169	0.555062911513	3	693	0	
312	0	65	step_1_no_load	1	2	2	405	
312	0	65	step_2_no_load	5	6	0.612660225018	0.517687993213	5	1093	1	
312	0	66	step_1_no_load	1	2	1	1116	
312	0	66	step_2_no_load	3	4	0.630357351236	0.573761869714	3	975	1	
312	0	67	step_1_no_load	1	2	1	511	
312	0	67	step_2_no_load	3	4	0.674463681351	0.542076810516	3	555	1	
312	0	68	step_1_no_load	1	2	1	668	
312	0	68	step_2_no_load	5	6	0.622963076372	0.523301545299	5	599	1	
312	0	69	step_1_no_load	1	2	1	602	
312	0	69	step_2_no_load	3	4	0.718756538957	0.499137600991	3	1173	1	
312	0	70	step_1_no_load	1	2	2	471	
312	0	70	step_2_no_load	5	6	0.637556284465	0.548075770764	5	856	1	
312	0	71	step_1_no_load	1	2	1	539	
312	0	71	step_2_no_load	3	4	0.706816191949	0.482863323776	4	657	1	
312	0	72	step_1_no_load	1	2	1	349	
312	0	72	step_2_no_load	5	6	0.626024641967	0.556486305476	-1	-1	-1	
312	0	73	step_1_no_load	1	2	1	319	
312	0	73	step_2_no_load	3	4	0.727961155836	0.435957313805	4	724	0	
312	0	74	step_1_no_load	1	2	1	463	
312	0	74	step_2_no_load	5	6	0.614462146454	0.491044983779	6	1101	0	
312	0	75	step_1_no_load	1	2	1	428	
312	0	75	step_2_no_load	3	4	0.697629587097	0.44832280175	3	1026	1	
312	0	76	step_1_no_load	1	2	1	818	
312	0	76	step_2_no_load	5	6	0.62770291155	0.518881389358	5	949	0	
312	0	77	step_1_no_load	1	2	1	550	
312	0	77	step_2_no_load	3	4	0.679737625371	0.446809557226	4	702	1	
312	0	78	step_1_no_load	1	2	1	311	
312	0	78	step_2_no_load	3	4	0.647586191228	0.435911167612	4	433	0	
312	0	79	step_1_no_load	1	2	1	435	
312	0	79	step_2_no_load	3	4	0.647841624544	0.389124152368	4	497	0	
312	0	80	step_1_no_load	1	2	1	447	
312	0	80	step_2_no_load	5	6	0.518583383166	0.49921021142	6	1085	0	
312	0	81	step_1_no_load	1	2	1	286	
312	0	81	step_2_no_load	3	4	0.702400933084	0.419265522488	3	381	0	
312	0	82	step_1_no_load	1	2	1	464	
312	0	82	step_2_no_load	3	4	0.688340116885	0.395813831323	3	437	1	
312	0	83	step_1_no_load	1	2	1	575	
312	0	83	step_2_no_load	3	4	0.726885136842	0.382772464038	3	375	1	
312	0	84	step_1_no_load	1	2	1	315	
312	0	84	step_2_no_load	3	4	0.731466635793	0.385087938645	3	387	1	
312	0	85	step_1_no_load	1	2	1	315	
312	0	85	step_2_no_load	3	4	0.712989604416	0.384458259121	3	442	1	
312	0	86	step_1_no_load	1	2	1	424	
312	0	86	step_2_no_load	3	4	0.721207648497	0.345323068124	3	395	1	
312	0	87	step_1_no_load	1	2	1	628	
312	0	87	step_2_no_load	3	4	0.690012761069	0.40000499778	3	487	0	
312	0	88	step_1_no_load	1	2	1	316	
312	0	88	step_2_no_load	5	6	0.717410082358	0.509563243675	5	1097	1	
312	0	89	step_1_no_load	1	2	1	318	
312	0	89	step_2_no_load	3	4	0.660112261017	0.415882489686	3	302	0	
312	0	90	step_1_no_load	1	2	2	284	
312	0	90	step_2_no_load	5	6	0.712247848046	0.530126112124	5	367	1	
312	0	91	step_1_no_load	1	2	2	278	
312	0	91	step_2_no_load	5	6	0.685023809334	0.479087223222	5	336	0	
312	0	92	step_1_no_load	1	2	2	330	
312	0	92	step_2_no_load	5	6	0.692406274724	0.484260039873	5	266	1	
312	0	93	step_1_no_load	1	2	2	308	
312	0	93	step_2_no_load	5	6	0.70415710998	0.473273727684	5	347	1	
312	0	94	step_1_no_load	1	2	2	278	
312	0	94	step_2_no_load	3	4	0.668295023896	0.429211756872	3	1164	0	
312	0	95	step_1_no_load	1	2	2	447	
312	0	95	step_2_no_load	5	6	0.715495469274	0.42505578884	5	328	1	
312	0	96	step_1_no_load	1	2	2	355	
312	0	96	step_2_no_load	3	4	0.663095813561	0.383038640121	3	533	1	
312	0	97	step_1_no_load	1	2	2	274	
312	0	97	step_2_no_load	3	4	0.651202057411	0.392885664353	4	1226	1	
312	0	98	step_1_no_load	1	2	2	327	
312	0	98	step_2_no_load	3	4	0.646040060297	0.409778171713	4	1027	0	
312	0	99	step_1_no_load	1	2	1	542	
312	0	99	step_2_no_load	3	4	0.645191748454	0.397561363605	4	1164	0	
312	0	100	step_1_no_load	1	2	2	348	
312	0	100	step_2_no_load	5	6	0.666227451505	0.363162156005	5	627	1	
312	0	101	step_1_no_load	1	2	2	407	
312	0	101	step_2_no_load	5	6	0.623812401974	0.366879421891	5	540	0	
312	0	102	step_1_no_load	1	2	2	342	
312	0	102	step_2_no_load	3	4	0.663124617603	0.494584754513	4	339	0	
312	0	103	step_1_no_load	1	2	2	465	
312	0	103	step_2_no_load	3	4	0.69058998368	0.481975449893	4	921	1	
312	0	104	step_1_no_load	1	2	2	521	
312	0	104	step_2_no_load	5	6	0.703870701136	0.303696146503	6	929	1	
312	0	105	step_1_no_load	1	2	2	522	
312	0	105	step_2_no_load	3	4	0.722851301692	0.514318365187	4	1105	0	
312	0	106	step_1_no_load	1	2	2	291	
312	0	106	step_2_no_load	3	4	0.699623252899	0.508908032404	3	1438	1	
312	0	107	step_1_no_load	1	2	2	590	
312	0	107	step_2_no_load	5	6	0.692607431435	0.388257337796	6	819	0	
312	0	108	step_1_no_load	1	2	2	465	
312	0	108	step_2_no_load	3	4	0.681491063126	0.526955028982	3	1392	1	
312	0	109	step_1_no_load	1	2	2	538	
312	0	109	step_2_no_load	5	6	0.71632547018	0.372328831887	5	1352	1	
312	0	110	step_1_no_load	1	2	2	326	
312	0	110	step_2_no_load	3	4	0.65455226558	0.432626681236	3	1071	1	
312	0	111	step_1_no_load	1	2	2	486	
312	0	111	step_2_no_load	5	6	0.724852671171	0.407158158569	5	574	1	
312	0	112	step_1_no_load	1	2	2	465	
312	0	112	step_2_no_load	5	6	0.725701866094	0.413393106784	5	970	1	
312	0	113	step_1_no_load	1	2	2	500	
312	0	113	step_2_no_load	5	6	0.719324307956	0.387112818105	5	529	1	
312	0	114	step_1_no_load	1	2	2	401	
312	0	114	step_2_no_load	3	4	0.657654904272	0.380324086676	3	1269	0	
312	0	115	step_1_no_load	1	2	2	285	
312	0	115	step_2_no_load	5	6	0.739704344621	0.357661171116	5	432	1	
312	0	116	step_1_no_load	1	2	2	411	
312	0	116	step_2_no_load	3	4	0.680124293449	0.378149844807	4	1364	1	
312	0	117	step_1_no_load	1	2	2	394	
312	0	117	step_2_no_load	5	6	0.747012267642	0.363056877927	5	453	1	
312	0	118	step_1_no_load	1	2	2	269	
312	0	118	step_2_no_load	5	6	0.740051715856	0.362977115924	5	355	1	
312	0	119	step_1_no_load	1	2	2	293	
312	0	119	step_2_no_load	5	6	0.690424535099	0.358243439099	5	562	0	
312	0	120	step_1_no_load	1	2	2	311	
312	0	120	step_2_no_load	5	6	0.70587238626	0.333809617664	5	977	1	
312	0	121	step_1_no_load	1	2	2	326	
312	0	121	step_2_no_load	5	6	0.658856304095	0.310775244958	5	396	0	
312	0	122	step_1_no_load	1	2	2	267	
312	0	122	step_2_no_load	5	6	0.6136886145	0.266650857402	6	490	0	
312	0	123	step_1_no_load	1	2	2	360	
312	0	123	step_2_no_load	5	6	0.583607229978	0.269780614928	5	358	1	
312	0	124	step_1_no_load	1	2	2	594	
312	0	124	step_2_no_load	5	6	0.603013298253	0.26095206597	5	531	1	
312	0	125	step_1_no_load	1	2	2	350	
312	0	125	step_2_no_load	5	6	0.559596800931	0.290374841566	5	427	0	
312	0	126	step_1_no_load	1	2	2	373	
312	0	126	step_2_no_load	3	4	0.600985760967	0.300846667696	3	1198	1	
312	0	127	step_1_no_load	1	2	2	301	
312	0	127	step_2_no_load	5	6	0.560824094575	0.273483952592	5	359	0	
312	0	128	step_1_no_load	1	2	2	451	
312	0	128	step_2_no_load	5	6	0.636905534066	0.260252451606	6	878	1	
312	0	129	step_1_no_load	1	2	2	417	
312	0	129	step_2_no_load	5	6	0.685297910719	0.268213321963	6	555	1	
312	0	130	step_1_no_load	1	2	2	318	
312	0	130	step_2_no_load	5	6	0.682031489739	0.267460866951	6	742	0	
312	0	131	step_1_no_load	1	2	2	290	
312	0	131	step_2_no_load	5	6	0.678044920845	0.281500842289	6	357	0	
312	0	132	step_1_no_load	1	2	1	258	
312	0	132	step_2_no_load	5	6	0.668578020634	0.27986961048	5	1096	1	
312	0	133	step_1_no_load	1	2	1	336	
312	0	133	step_2_no_load	3	4	0.691649444281	0.312642735495	4	768	0	
312	0	134	step_1_no_load	1	2	1	286	
312	0	134	step_2_no_load	3	4	0.685529359147	0.302839427162	4	299	0	
312	0	135	step_1_no_load	1	2	1	680	
312	0	135	step_2_no_load	3	4	0.700779221781	0.287118934166	3	628	1	
312	0	136	step_1_no_load	1	2	1	500	
312	0	136	step_2_no_load	3	4	0.674914008636	0.284521085726	3	940	1	
312	0	137	step_1_no_load	1	2	1	352	
312	0	137	step_2_no_load	3	4	0.668540846495	0.325016613024	3	416	1	
312	0	138	step_1_no_load	1	2	1	440	
312	0	138	step_2_no_load	3	4	0.688182193337	0.307694123906	3	535	1	
312	0	139	step_1_no_load	1	2	1	451	
312	0	139	step_2_no_load	3	4	0.696355985729	0.323660750961	3	506	0	
312	0	140	step_1_no_load	1	2	1	463	
312	0	140	step_2_no_load	3	4	0.637682840728	0.328174526491	3	485	0	
312	0	141	step_1_no_load	1	2	2	877	
312	0	141	step_2_no_load	5	6	0.711987889705	0.390227133375	5	456	1	
312	0	142	step_1_no_load	1	2	2	407	
312	0	142	step_2_no_load	5	6	0.690276058009	0.397052682821	5	358	1	
312	0	143	step_1_no_load	1	2	2	566	
312	0	143	step_2_no_load	5	6	0.661365099615	0.410970957547	5	629	1	
312	0	144	step_1_no_load	1	2	2	336	
312	0	144	step_2_no_load	5	6	0.626443722248	0.389234194056	5	444	1	
312	0	145	step_1_no_load	1	2	2	407	
312	0	145	step_2_no_load	5	6	0.6669125229	0.355256413269	5	383	0	
312	0	146	step_1_no_load	1	2	2	410	
312	0	146	step_2_no_load	5	6	0.681611991725	0.320877500969	5	256	1	
312	0	147	step_1_no_load	1	2	2	359	
312	0	147	step_2_no_load	5	6	0.647798886916	0.352879785946	5	309	1	
312	0	148	step_1_no_load	1	2	2	346	
312	0	148	step_2_no_load	3	4	0.648050021239	0.305288021243	3	1150	0	
312	0	149	step_1_no_load	1	2	2	281	
312	0	149	step_2_no_load	3	4	0.623203869836	0.269951834184	3	1096	1	
312	0	150	step_1_no_load	1	2	2	329	
312	0	150	step_2_no_load	5	6	0.575985663078	0.306860041627	5	752	1	
312	0	151	step_1_no_load	1	2	2	1334	
312	0	151	step_2_no_load	3	4	0.614159737668	0.348172164421	3	548	0	
312	0	152	step_1_no_load	1	2	2	632	
312	0	152	step_2_no_load	5	6	0.595108765344	0.323194010514	5	495	0	
312	0	153	step_1_no_load	1	2	2	434	
312	0	153	step_2_no_load	3	4	0.681559292085	0.309356532263	3	910	1	
312	0	154	step_1_no_load	1	2	2	285	
312	0	154	step_2_no_load	5	6	0.638934099562	0.348349389262	5	614	1	
312	0	155	step_1_no_load	1	2	2	352	
312	0	155	step_2_no_load	5	6	0.632486591889	0.372188990474	5	331	1	
312	0	156	step_1_no_load	1	2	2	333	
312	0	156	step_2_no_load	3	4	0.734436160799	0.32564867104	3	941	1	
312	0	157	step_1_no_load	1	2	2	313	
312	0	157	step_2_no_load	5	6	0.585191807512	0.324728201487	5	514	1	
312	0	158	step_1_no_load	1	2	2	357	
312	0	158	step_2_no_load	5	6	0.532722108502	0.334595868098	5	465	1	
312	0	159	step_1_no_load	1	2	2	308	
312	0	159	step_2_no_load	5	6	0.541222065796	0.321150411254	5	412	1	
312	0	160	step_1_no_load	1	2	2	481	
312	0	160	step_2_no_load	5	6	0.521229931064	0.355992626298	5	417	1	
312	0	161	step_1_no_load	1	2	2	309	
312	0	161	step_2_no_load	5	6	0.516036498158	0.438878285506	5	340	1	
312	0	162	step_1_no_load	1	2	2	605	
312	0	162	step_2_no_load	5	6	0.566496468084	0.455329532209	5	476	1	
312	0	163	step_1_no_load	1	2	2	277	
312	0	163	step_2_no_load	3	4	0.697095951435	0.395221309311	3	1098	0	
312	0	164	step_1_no_load	1	2	2	308	
312	0	164	step_2_no_load	3	4	0.692137394606	0.432761720497	4	643	1	
312	0	165	step_1_no_load	1	2	2	257	
312	0	165	step_2_no_load	5	6	0.538026607649	0.347974240867	5	488	0	
312	0	166	step_1_no_load	1	2	2	368	
312	0	166	step_2_no_load	5	6	0.549095060025	0.356317216644	5	489	0	
312	0	167	step_1_no_load	1	2	2	631	
312	0	167	step_2_no_load	3	4	0.706271792549	0.38753671275	4	879	0	
312	0	168	step_1_no_load	1	2	2	501	
312	0	168	step_2_no_load	5	6	0.613361520676	0.335777599654	5	376	1	
312	0	169	step_1_no_load	1	2	2	434	
312	0	169	step_2_no_load	5	6	0.586049140041	0.365156560071	5	395	1	
312	0	170	step_1_no_load	1	2	2	315	
312	0	170	step_2_no_load	5	6	0.57151385403	0.364989630435	5	521	0	
312	0	171	step_1_no_load	1	2	2	278	
312	0	171	step_2_no_load	5	6	0.553314431843	0.425122034074	5	468	1	
312	0	172	step_1_no_load	1	2	2	478	
312	0	172	step_2_no_load	3	4	0.668669556875	0.363617002148	4	1024	0	
312	0	173	step_1_no_load	1	2	2	293	
312	0	173	step_2_no_load	5	6	0.484428109849	0.462866379815	5	383	0	
312	0	174	step_1_no_load	1	2	2	295	
312	0	174	step_2_no_load	5	6	0.472729524832	0.46236234172	6	483	1	
312	0	175	step_1_no_load	1	2	2	322	
312	0	175	step_2_no_load	3	4	0.693968268443	0.426185553904	4	1040	0	
312	0	176	step_1_no_load	1	2	2	307	
312	0	176	step_2_no_load	5	6	0.474046874473	0.500856457218	6	804	1	
312	0	177	step_1_no_load	1	2	2	416	
312	0	177	step_2_no_load	5	6	0.501268576771	0.4798184927	6	878	0	
312	0	178	step_1_no_load	1	2	2	388	
312	0	178	step_2_no_load	5	6	0.493712351915	0.49020858644	6	683	1	
312	0	179	step_1_no_load	1	2	2	384	
312	0	179	step_2_no_load	3	4	0.709345707515	0.324685418097	4	1384	0	
312	0	180	step_1_no_load	1	2	1	893	
312	0	180	step_2_no_load	3	4	0.719795072986	0.341214611607	3	385	0	
312	0	181	step_1_no_load	1	2	1	292	
312	0	181	step_2_no_load	5	6	0.508735114046	0.480141179559	5	1324	1	
312	0	182	step_1_no_load	1	2	1	257	
312	0	182	step_2_no_load	3	4	0.72717560423	0.340533666308	3	414	1	
312	0	183	step_1_no_load	1	2	1	603	
312	0	183	step_2_no_load	3	4	0.720388040749	0.350175837802	3	279	1	
312	0	184	step_1_no_load	1	2	1	376	
312	0	184	step_2_no_load	3	4	0.657291439324	0.362743255194	3	431	1	
312	0	185	step_1_no_load	1	2	1	286	
312	0	185	step_2_no_load	3	4	0.665622647081	0.362611152222	3	430	1	
312	0	186	step_1_no_load	1	2	1	503	
312	0	186	step_2_no_load	3	4	0.656308636836	0.332733011923	3	626	1	
312	0	187	step_1_no_load	1	2	1	278	
312	0	187	step_2_no_load	3	4	0.678211978625	0.328890769988	3	595	1	
312	0	188	step_1_no_load	1	2	1	278	
312	0	188	step_2_no_load	5	6	0.471319680586	0.548350535247	5	1049	1	
312	0	189	step_1_no_load	1	2	1	321	
312	0	189	step_2_no_load	5	6	0.448897869069	0.534753756004	5	540	1	
312	0	190	step_1_no_load	1	2	1	398	
312	0	190	step_2_no_load	3	4	0.667655825994	0.304557739386	3	538	0	
312	0	191	step_1_no_load	1	2	1	321	
312	0	191	step_2_no_load	5	6	0.435748387321	0.512103523931	5	610	1	
312	0	192	step_1_no_load	1	2	1	317	
312	0	192	step_2_no_load	3	4	0.705517419189	0.299297135717	3	453	1	
312	0	193	step_1_no_load	1	2	1	270	
312	0	193	step_2_no_load	3	4	0.679792491164	0.321008037746	3	650	1	
312	0	194	step_1_no_load	1	2	1	328	
312	0	194	step_2_no_load	5	6	0.433250459893	0.505359594715	5	451	0	
312	0	195	step_1_no_load	1	2	1	181	
312	0	195	step_2_no_load	5	6	0.466795336969	0.494102184238	5	908	0	
312	0	196	step_1_no_load	1	2	2	446	
312	0	196	step_2_no_load	5	6	0.421761207498	0.496717662777	6	432	0	
312	0	197	step_1_no_load	1	2	2	265	
312	0	197	step_2_no_load	3	4	0.686552522522	0.316987700969	4	254	0	
312	0	198	step_1_no_load	1	2	2	314	
312	0	198	step_2_no_load	3	4	0.68660989813	0.303352625941	3	910	1	
312	0	199	step_1_no_load	1	2	2	301	
312	0	199	step_2_no_load	3	4	0.73697129762	0.292861528884	3	1118	0	
312	0	200	step_1_no_load	1	2	2	269	
312	0	200	step_2_no_load	5	6	0.372436949782	0.507902534353	6	379	0	

Wed Oct  7 17:31:55 2020
