Thu Oct  8 14:50:08 2020	
313	0	1	step_1_no_load	1	2	1	501	
313	0	1	step_2_no_load	3	4	0.598297890399	0.457620150462	3	813	1	
313	0	2	step_1_no_load	1	2	1	458	
313	0	2	step_2_no_load	3	4	0.580156942153	0.474613197709	3	573	0	
313	0	3	step_1_no_load	1	2	1	306	
313	0	3	step_2_no_load	5	6	0.516002945397	0.589215227351	5	889	1	
313	0	4	step_1_no_load	1	2	2	295	
313	0	4	step_2_no_load	3	4	0.597491569846	0.478607661228	3	901	1	
313	0	5	step_1_no_load	1	2	1	329	
313	0	5	step_2_no_load	3	4	0.623810210114	0.495568760483	3	514	0	
313	0	6	step_1_no_load	1	2	1	321	
313	0	6	step_2_no_load	3	4	0.585722686883	0.506877622204	4	527	0	
313	0	7	step_1_no_load	1	2	2	450	
313	0	7	step_2_no_load	3	4	0.568656746487	0.500071913476	4	604	0	
313	0	8	step_1_no_load	1	2	2	979	
313	0	8	step_2_no_load	5	6	0.499203529332	0.624210374623	5	518	0	
313	0	9	step_1_no_load	1	2	1	1241	
313	0	9	step_2_no_load	5	6	0.54429228266	0.641106877158	5	784	1	
313	0	10	step_1_no_load	1	2	2	577	
313	0	10	step_2_no_load	5	6	0.576063520885	0.636063269715	5	729	1	
313	0	11	step_1_no_load	1	2	2	534	
313	0	11	step_2_no_load	3	4	0.69163818036	0.477013315682	4	609	1	
313	0	12	step_1_no_load	1	2	1	305	
313	0	12	step_2_no_load	5	6	0.597131918027	0.552770607849	5	366	0	
313	0	13	step_1_no_load	1	2	2	652	
313	0	13	step_2_no_load	3	4	0.653587098421	0.52012981853	4	568	1	
313	0	14	step_1_no_load	1	2	2	349	
313	0	14	step_2_no_load	5	6	0.611256675753	0.545555696267	6	575	0	
313	0	15	step_1_no_load	1	2	2	333	
313	0	15	step_2_no_load	5	6	0.633564630036	0.570419113221	5	550	0	
313	0	16	step_1_no_load	1	2	1	276	
313	0	16	step_2_no_load	3	4	0.628091198119	0.510958036527	3	393	1	
313	0	17	step_1_no_load	1	2	1	293	
313	0	17	step_2_no_load	5	6	0.643116883134	0.562895132605	6	854	0	
313	0	18	step_1_no_load	1	2	1	275	
313	0	18	step_2_no_load	3	4	0.626834332012	0.517514133912	4	570	0	
313	0	19	step_1_no_load	1	2	2	298	
313	0	19	step_2_no_load	5	6	0.644773170243	0.536502319591	5	341	0	
313	0	20	step_1_no_load	1	2	1	357	
313	0	20	step_2_no_load	3	4	0.636521555122	0.478025448397	3	267	1	
313	0	21	step_1_no_load	1	2	1	328	
313	0	21	step_2_no_load	5	6	0.611328949295	0.470207377245	5	415	0	
313	0	22	step_1_no_load	1	2	1	274	
313	0	22	step_2_no_load	3	4	0.621949894727	0.506100011497	3	269	1	
313	0	23	step_1_no_load	1	2	1	249	
313	0	23	step_2_no_load	5	6	0.604065470975	0.513759772011	6	487	1	
313	0	24	step_1_no_load	1	2	2	268	
313	0	24	step_2_no_load	5	6	0.5800912085	0.503316199018	6	358	0	
313	0	25	step_1_no_load	1	2	2	314	
313	0	25	step_2_no_load	5	6	0.629917901014	0.503605105412	5	357	1	
313	0	26	step_1_no_load	1	2	2	478	
313	0	26	step_2_no_load	5	6	0.640635035276	0.532884212818	6	280	0	
313	0	27	step_1_no_load	1	2	2	705	
313	0	27	step_2_no_load	5	6	0.642144756622	0.54756089792	5	386	1	
313	0	28	step_1_no_load	1	2	2	471	
313	0	28	step_2_no_load	5	6	0.647441527317	0.553259388875	5	415	1	
313	0	29	step_1_no_load	1	2	2	299	
313	0	29	step_2_no_load	5	6	0.618626354124	0.561957580386	5	369	1	
313	0	30	step_1_no_load	1	2	2	287	
313	0	30	step_2_no_load	3	4	0.608245979832	0.4919199548	4	881	1	
313	0	31	step_1_no_load	1	2	1	257	
313	0	31	step_2_no_load	5	6	0.606122691795	0.541819886458	5	631	0	
313	0	32	step_1_no_load	1	2	1	266	
313	0	32	step_2_no_load	3	4	0.634585171267	0.520318771114	4	391	1	
313	0	33	step_1_no_load	1	2	1	431	
313	0	33	step_2_no_load	3	4	0.611700032906	0.487664344039	4	402	0	
313	0	34	step_1_no_load	1	2	1	1402	
313	0	34	step_2_no_load	3	4	0.575802910074	0.454565258478	3	738	1	
313	0	35	step_1_no_load	1	2	1	280	
313	0	35	step_2_no_load	5	6	0.649776015006	0.594167768198	6	692	1	
313	0	36	step_1_no_load	1	2	2	342	
313	0	36	step_2_no_load	5	6	0.661229326326	0.611274573488	6	415	1	
313	0	37	step_1_no_load	1	2	2	345	
313	0	37	step_2_no_load	5	6	0.660658056664	0.598446394142	6	309	0	
313	0	38	step_1_no_load	1	2	1	268	
313	0	38	step_2_no_load	3	4	0.539078491643	0.553931241266	3	405	1	
313	0	39	step_1_no_load	1	2	1	427	
313	0	39	step_2_no_load	3	4	0.557005857101	0.578640235206	3	338	1	
313	0	40	step_1_no_load	1	2	1	298	
313	0	40	step_2_no_load	3	4	0.580760785074	0.5691386571	3	399	0	
313	0	41	step_1_no_load	1	2	1	368	
313	0	41	step_2_no_load	3	4	0.524862294848	0.583829055298	4	396	0	
313	0	42	step_1_no_load	1	2	2	298	
313	0	42	step_2_no_load	5	6	0.606696263624	0.609164606591	5	372	0	
313	0	43	step_1_no_load	1	2	2	346	
313	0	43	step_2_no_load	5	6	0.581931546759	0.612705031264	6	339	1	
313	0	44	step_1_no_load	1	2	2	342	
313	0	44	step_2_no_load	3	4	0.541854396676	0.537842745081	3	635	1	
313	0	45	step_1_no_load	1	2	1	310	
313	0	45	step_2_no_load	3	4	0.579346234508	0.5288039409	3	450	1	
313	0	46	step_1_no_load	1	2	1	401	
313	0	46	step_2_no_load	5	6	0.654261318712	0.600964500555	6	588	1	
313	0	47	step_1_no_load	1	2	2	283	
313	0	47	step_2_no_load	5	6	0.634373567175	0.598724660986	6	318	0	
313	0	48	step_1_no_load	1	2	2	348	
313	0	48	step_2_no_load	3	4	0.534690828011	0.488280685105	3	403	1	
313	0	49	step_1_no_load	1	2	1	272	
313	0	49	step_2_no_load	5	6	0.614679490594	0.610193185592	5	325	1	
313	0	50	step_1_no_load	1	2	1	530	
313	0	50	step_2_no_load	3	4	0.481616544184	0.47381367271	3	402	1	
313	0	51	step_1_no_load	1	2	1	636	
313	0	51	step_2_no_load	5	6	0.613357430892	0.564866799699	5	331	0	
313	0	52	step_1_no_load	1	2	1	333	
313	0	52	step_2_no_load	3	4	0.513589895419	0.429622901875	3	376	1	
313	0	53	step_1_no_load	1	2	1	378	
313	0	53	step_2_no_load	3	4	0.475342927439	0.451905460347	3	269	1	
313	0	54	step_1_no_load	1	2	1	275	
313	0	54	step_2_no_load	3	4	0.493362545513	0.491512498697	3	298	0	
313	0	55	step_1_no_load	1	2	1	246	
313	0	55	step_2_no_load	5	6	0.639840796975	0.574045915747	5	535	1	
313	0	56	step_1_no_load	1	2	1	312	
313	0	56	step_2_no_load	5	6	0.60038825769	0.601856598146	5	689	0	
313	0	57	step_1_no_load	1	2	1	397	
313	0	57	step_2_no_load	3	4	0.516475618243	0.466449077359	3	355	1	
313	0	58	step_1_no_load	1	2	1	503	
313	0	58	step_2_no_load	5	6	0.610896130115	0.664682809182	5	328	0	
313	0	59	step_1_no_load	1	2	1	260	
313	0	59	step_2_no_load	3	4	0.537400760025	0.480274332693	3	287	1	
313	0	60	step_1_no_load	1	2	1	206	
313	0	60	step_2_no_load	3	4	0.479287247283	0.491916707098	3	378	1	
313	0	61	step_1_no_load	1	2	1	303	
313	0	61	step_2_no_load	3	4	0.527144452559	0.464268875813	3	340	0	
313	0	62	step_1_no_load	1	2	2	325	
313	0	62	step_2_no_load	5	6	0.622820395113	0.691137204746	6	390	1	
313	0	63	step_1_no_load	1	2	2	380	
313	0	63	step_2_no_load	5	6	0.642623127313	0.664284493458	6	361	1	
313	0	64	step_1_no_load	1	2	2	298	
313	0	64	step_2_no_load	3	4	0.533849886794	0.555062911513	4	299	1	
313	0	65	step_1_no_load	1	2	1	437	
313	0	65	step_2_no_load	3	4	0.517687993213	0.569109504048	4	335	0	
313	0	66	step_1_no_load	1	2	2	256	
313	0	66	step_2_no_load	5	6	0.630357351236	0.606938648072	5	343	0	
313	0	67	step_1_no_load	1	2	2	315	
313	0	67	step_2_no_load	3	4	0.538279387614	0.542076810516	3	343	0	
313	0	68	step_1_no_load	1	2	1	516	
313	0	68	step_2_no_load	3	4	0.523301545299	0.509127161919	3	317	0	
313	0	69	step_1_no_load	1	2	1	302	
313	0	69	step_2_no_load	3	4	0.560462111264	0.499137600991	3	199	1	
313	0	70	step_1_no_load	1	2	1	257	
313	0	70	step_2_no_load	3	4	0.548075770764	0.498834901463	3	309	0	
313	0	71	step_1_no_load	1	2	1	376	
313	0	71	step_2_no_load	3	4	0.546215110045	0.482863323776	4	239	0	
313	0	72	step_1_no_load	1	2	1	328	
313	0	72	step_2_no_load	3	4	0.556486305476	0.47409116389	3	225	1	
313	0	73	step_1_no_load	1	2	1	583	
313	0	73	step_2_no_load	3	4	0.50185699984	0.435957313805	3	334	1	
313	0	74	step_1_no_load	1	2	1	387	
313	0	74	step_2_no_load	5	6	0.693624670847	0.614462146454	5	294	1	
313	0	75	step_1_no_load	1	2	2	312	
313	0	75	step_2_no_load	3	4	0.483983914712	0.44832280175	3	414	1	
313	0	76	step_1_no_load	1	2	2	412	
313	0	76	step_2_no_load	5	6	0.690117652944	0.62770291155	5	628	0	
313	0	77	step_1_no_load	1	2	1	331	
313	0	77	step_2_no_load	3	4	0.538119616568	0.446809557226	3	297	1	
313	0	78	step_1_no_load	1	2	1	343	
313	0	78	step_2_no_load	3	4	0.538654072849	0.435911167612	3	444	0	
313	0	79	step_1_no_load	1	2	1	505	
313	0	79	step_2_no_load	3	4	0.540085062695	0.389124152368	4	344	0	
313	0	80	step_1_no_load	1	2	1	794	
313	0	80	step_2_no_load	5	6	0.703969305517	0.518583383166	5	761	1	
313	0	81	step_1_no_load	1	2	1	418	
313	0	81	step_2_no_load	3	4	0.494116554432	0.419265522488	3	380	1	
313	0	82	step_1_no_load	1	2	1	418	
313	0	82	step_2_no_load	3	4	0.482727017837	0.395813831323	3	437	1	
313	0	83	step_1_no_load	1	2	1	319	
313	0	83	step_2_no_load	3	4	0.483255412498	0.382772464038	3	356	1	
313	0	84	step_1_no_load	1	2	1	510	
313	0	84	step_2_no_load	3	4	0.505586222209	0.385087938645	3	365	0	
313	0	85	step_1_no_load	1	2	2	330	
313	0	85	step_2_no_load	5	6	0.712989604416	0.692384972752	6	398	1	
313	0	86	step_1_no_load	1	2	2	407	
313	0	86	step_2_no_load	5	6	0.721207648497	0.691782850001	6	248	1	
313	0	87	step_1_no_load	1	2	2	332	
313	0	87	step_2_no_load	5	6	0.690012761069	0.719375344246	6	276	1	
313	0	88	step_1_no_load	1	2	2	394	
313	0	88	step_2_no_load	5	6	0.696773608304	0.717410082358	6	262	1	
313	0	89	step_1_no_load	1	2	2	417	
313	0	89	step_2_no_load	5	6	0.660112261017	0.690772436485	6	235	0	
313	0	90	step_1_no_load	1	2	1	285	
313	0	90	step_2_no_load	3	4	0.530126112124	0.411459496853	3	330	1	
313	0	91	step_1_no_load	1	2	1	306	
313	0	91	step_2_no_load	5	6	0.657820521772	0.685023809334	6	1103	1	
313	0	92	step_1_no_load	1	2	1	263	
313	0	92	step_2_no_load	5	6	0.679381608313	0.692406274724	5	441	1	
313	0	93	step_1_no_load	1	2	1	303	
313	0	93	step_2_no_load	5	6	0.662863370634	0.70415710998	5	529	1	
313	0	94	step_1_no_load	1	2	1	328	
313	0	94	step_2_no_load	5	6	0.668295023896	0.719464414227	5	403	1	
313	0	95	step_1_no_load	1	2	1	555	
313	0	95	step_2_no_load	3	4	0.42505578884	0.427150666411	3	375	0	
313	0	96	step_1_no_load	1	2	1	292	
313	0	96	step_2_no_load	5	6	0.663095813561	0.693739812506	6	512	1	
313	0	97	step_1_no_load	1	2	1	295	
313	0	97	step_2_no_load	3	4	0.455601814112	0.392885664353	3	466	1	
313	0	98	step_1_no_load	1	2	1	295	
313	0	98	step_2_no_load	3	4	0.431479829356	0.409778171713	3	239	1	
313	0	99	step_1_no_load	1	2	1	426	
313	0	99	step_2_no_load	3	4	0.375249961522	0.397561363605	3	250	0	
313	0	100	step_1_no_load	1	2	1	362	
313	0	100	step_2_no_load	3	4	0.363162156005	0.4333505304	3	313	1	
313	0	101	step_1_no_load	1	2	1	312	
313	0	101	step_2_no_load	5	6	0.655903528958	0.623812401974	6	285	0	
313	0	102	step_1_no_load	1	2	1	475	
313	0	102	step_2_no_load	5	6	0.663124617603	0.666304534392	5	318	1	
313	0	103	step_1_no_load	1	2	2	458	
313	0	103	step_2_no_load	5	6	0.69058998368	0.663997796029	5	388	1	
313	0	104	step_1_no_load	1	2	2	350	
313	0	104	step_2_no_load	3	4	0.303696146503	0.521047445908	3	342	0	
313	0	105	step_1_no_load	1	2	1	1116	
313	0	105	step_2_no_load	3	4	0.352639603242	0.514318365187	3	578	0	
313	0	106	step_1_no_load	1	2	2	945	
313	0	106	step_2_no_load	5	6	0.699623252899	0.712883638252	5	300	1	
313	0	107	step_1_no_load	1	2	2	870	
313	0	107	step_2_no_load	5	6	0.677514185929	0.692607431435	5	347	0	
313	0	108	step_1_no_load	1	2	1	252	
313	0	108	step_2_no_load	3	4	0.388185708856	0.526955028982	3	330	0	
313	0	109	step_1_no_load	1	2	1	514	
313	0	109	step_2_no_load	3	4	0.372328831887	0.479977531501	4	366	0	
313	0	110	step_1_no_load	1	2	2	327	
313	0	110	step_2_no_load	3	4	0.395544455384	0.432626681236	4	322	1	
313	0	111	step_1_no_load	1	2	1	339	
313	0	111	step_2_no_load	3	4	0.407158158569	0.384948378665	4	391	0	
313	0	112	step_1_no_load	1	2	1	310	
313	0	112	step_2_no_load	3	4	0.413393106784	0.392887565883	3	308	1	
313	0	113	step_1_no_load	1	2	1	316	
313	0	113	step_2_no_load	3	4	0.387112818105	0.370697120277	3	314	0	
313	0	114	step_1_no_load	1	2	1	347	
313	0	114	step_2_no_load	3	4	0.384736699284	0.380324086676	4	319	0	
313	0	115	step_1_no_load	1	2	2	331	
313	0	115	step_2_no_load	5	6	0.645721217949	0.739704344621	6	459	1	
313	0	116	step_1_no_load	1	2	2	363	
313	0	116	step_2_no_load	3	4	0.369438791876	0.378149844807	4	327	0	
313	0	117	step_1_no_load	1	2	2	350	
313	0	117	step_2_no_load	3	4	0.363056877927	0.374621793791	4	368	0	
313	0	118	step_1_no_load	1	2	2	762	
313	0	118	step_2_no_load	3	4	0.362977115924	0.357645851833	3	1314	0	
313	0	119	step_1_no_load	1	2	2	443	
313	0	119	step_2_no_load	5	6	0.661177321751	0.690424535099	6	402	0	
313	0	120	step_1_no_load	1	2	2	459	
313	0	120	step_2_no_load	5	6	0.666433355915	0.70587238626	5	367	1	
313	0	121	step_1_no_load	1	2	2	420	
313	0	121	step_2_no_load	5	6	0.671052306195	0.658856304095	5	432	0	
313	0	122	step_1_no_load	1	2	1	323	
313	0	122	step_2_no_load	3	4	0.266650857402	0.329624572119	3	417	0	
313	0	123	step_1_no_load	1	2	1	320	
313	0	123	step_2_no_load	3	4	0.269780614928	0.337526896345	4	419	0	
313	0	124	step_1_no_load	1	2	2	583	
313	0	124	step_2_no_load	5	6	0.624161788269	0.603013298253	5	441	1	
313	0	125	step_1_no_load	1	2	2	564	
313	0	125	step_2_no_load	5	6	0.633566302563	0.559596800931	5	490	1	
313	0	126	step_1_no_load	1	2	2	338	
313	0	126	step_2_no_load	3	4	0.267206368684	0.300846667696	4	1002	0	
313	0	127	step_1_no_load	1	2	2	345	
313	0	127	step_2_no_load	5	6	0.646945556251	0.560824094575	5	362	1	
313	0	128	step_1_no_load	1	2	2	375	
313	0	128	step_2_no_load	5	6	0.620672334996	0.636905534066	5	360	1	
313	0	129	step_1_no_load	1	2	2	388	
313	0	129	step_2_no_load	5	6	0.632682846317	0.685297910719	5	300	1	
313	0	130	step_1_no_load	1	2	2	371	
313	0	130	step_2_no_load	3	4	0.267460866951	0.274560758494	3	294	0	
313	0	131	step_1_no_load	1	2	1	271	
313	0	131	step_2_no_load	3	4	0.281500842289	0.311475039155	4	328	0	
313	0	132	step_1_no_load	1	2	2	389	
313	0	132	step_2_no_load	5	6	0.660013924697	0.668578020634	5	350	0	
313	0	133	step_1_no_load	1	2	2	662	
313	0	133	step_2_no_load	3	4	0.315608831386	0.312642735495	3	652	1	
313	0	134	step_1_no_load	1	2	1	331	
313	0	134	step_2_no_load	3	4	0.287393715313	0.302839427162	3	360	0	
313	0	135	step_1_no_load	1	2	1	598	
313	0	135	step_2_no_load	3	4	0.300079459047	0.287118934166	4	369	1	
313	0	136	step_1_no_load	1	2	1	291	
313	0	136	step_2_no_load	3	4	0.307766925452	0.284521085726	4	342	0	
313	0	137	step_1_no_load	1	2	1	255	
313	0	137	step_2_no_load	3	4	0.346433498467	0.325016613024	3	227	0	
313	0	138	step_1_no_load	1	2	1	286	
313	0	138	step_2_no_load	3	4	0.366701525561	0.307694123906	4	274	1	
313	0	139	step_1_no_load	1	2	1	280	
313	0	139	step_2_no_load	3	4	0.325611400511	0.323660750961	4	285	0	
313	0	140	step_1_no_load	1	2	1	378	
313	0	140	step_2_no_load	3	4	0.348740542008	0.328174526491	4	226	1	
313	0	141	step_1_no_load	1	2	1	291	
313	0	141	step_2_no_load	3	4	0.390227133375	0.311809871418	4	302	0	
313	0	142	step_1_no_load	1	2	2	227	
313	0	142	step_2_no_load	5	6	0.627356259123	0.690276058009	6	336	1	
313	0	143	step_1_no_load	1	2	2	324	
313	0	143	step_2_no_load	3	4	0.410970957547	0.313516825296	4	321	0	
313	0	144	step_1_no_load	1	2	2	288	
313	0	144	step_2_no_load	5	6	0.639347300184	0.626443722248	6	277	0	
313	0	145	step_1_no_load	1	2	2	243	
313	0	145	step_2_no_load	5	6	0.606515632748	0.6669125229	5	286	0	
313	0	146	step_1_no_load	1	2	1	520	
313	0	146	step_2_no_load	5	6	0.593778463268	0.681611991725	6	565	1	
313	0	147	step_1_no_load	1	2	2	285	
313	0	147	step_2_no_load	3	4	0.352879785946	0.265578160642	4	251	0	
313	0	148	step_1_no_load	1	2	2	285	
313	0	148	step_2_no_load	5	6	0.648050021239	0.619272702026	6	304	1	
313	0	149	step_1_no_load	1	2	2	413	
313	0	149	step_2_no_load	5	6	0.623203869836	0.601870110183	6	324	0	
313	0	150	step_1_no_load	1	2	1	597	
313	0	150	step_2_no_load	3	4	0.306860041627	0.305587692243	3	325	0	
313	0	151	step_1_no_load	1	2	2	340	
313	0	151	step_2_no_load	5	6	0.614159737668	0.59154759351	6	357	1	
313	0	152	step_1_no_load	1	2	2	417	
313	0	152	step_2_no_load	5	6	0.644204174791	0.595108765344	6	392	1	
313	0	153	step_1_no_load	1	2	2	400	
313	0	153	step_2_no_load	3	4	0.343622632154	0.309356532263	4	395	0	
313	0	154	step_1_no_load	1	2	2	480	
313	0	154	step_2_no_load	3	4	0.348349389262	0.316375537537	4	721	1	
313	0	155	step_1_no_load	1	2	2	472	
313	0	155	step_2_no_load	5	6	0.716100930629	0.632486591889	6	597	1	
313	0	156	step_1_no_load	1	2	2	338	
313	0	156	step_2_no_load	5	6	0.734436160799	0.631048201903	6	309	0	
313	0	157	step_1_no_load	1	2	1	1069	
313	0	157	step_2_no_load	3	4	0.324728201487	0.350909357271	4	323	1	
313	0	158	step_1_no_load	1	2	1	315	
313	0	158	step_2_no_load	3	4	0.334595868098	0.408728803896	4	290	1	
313	0	159	step_1_no_load	1	2	1	289	
313	0	159	step_2_no_load	3	4	0.321150411254	0.413026375257	4	323	0	
313	0	160	step_1_no_load	1	2	1	287	
313	0	160	step_2_no_load	3	4	0.355992626298	0.415052912783	4	296	1	
313	0	161	step_1_no_load	1	2	1	423	
313	0	161	step_2_no_load	3	4	0.438878285506	0.407025633682	4	276	1	
313	0	162	step_1_no_load	1	2	1	357	
313	0	162	step_2_no_load	3	4	0.455329532209	0.3926701003	4	308	1	
313	0	163	step_1_no_load	1	2	1	330	
313	0	163	step_2_no_load	3	4	0.430920885959	0.395221309311	4	386	1	
313	0	164	step_1_no_load	1	2	1	293	
313	0	164	step_2_no_load	3	4	0.430844125626	0.432761720497	4	345	0	
313	0	165	step_1_no_load	1	2	1	304	
313	0	165	step_2_no_load	3	4	0.347974240867	0.463777557969	4	261	1	
313	0	166	step_1_no_load	1	2	1	293	
313	0	166	step_2_no_load	3	4	0.356317216644	0.422282731054	4	342	0	
313	0	167	step_1_no_load	1	2	1	270	
313	0	167	step_2_no_load	3	4	0.331115714939	0.38753671275	4	383	0	
313	0	168	step_1_no_load	1	2	1	273	
313	0	168	step_2_no_load	3	4	0.335777599654	0.400817642375	4	187	1	
313	0	169	step_1_no_load	1	2	1	277	
313	0	169	step_2_no_load	3	4	0.365156560071	0.42098542374	4	266	0	
313	0	170	step_1_no_load	1	2	2	275	
313	0	170	step_2_no_load	3	4	0.364989630435	0.411067820436	4	727	0	
313	0	171	step_1_no_load	1	2	2	276	
313	0	171	step_2_no_load	5	6	0.727248140829	0.553314431843	6	281	1	
313	0	172	step_1_no_load	1	2	2	304	
313	0	172	step_2_no_load	5	6	0.668669556875	0.519090471457	6	339	0	
313	0	173	step_1_no_load	1	2	2	308	
313	0	173	step_2_no_load	3	4	0.462866379815	0.385349297983	4	252	0	
313	0	174	step_1_no_load	1	2	2	309	
313	0	174	step_2_no_load	5	6	0.729877433725	0.472729524832	6	290	0	
313	0	175	step_1_no_load	1	2	2	416	
313	0	175	step_2_no_load	3	4	0.484825491933	0.426185553904	3	379	1	
313	0	176	step_1_no_load	1	2	1	344	
313	0	176	step_2_no_load	5	6	0.679250000396	0.474046874473	5	643	1	
313	0	177	step_1_no_load	1	2	1	304	
313	0	177	step_2_no_load	3	4	0.4798184927	0.357425668099	3	310	0	
313	0	178	step_1_no_load	1	2	2	419	
313	0	178	step_2_no_load	5	6	0.705993797498	0.493712351915	5	290	1	
313	0	179	step_1_no_load	1	2	1	468	
313	0	179	step_2_no_load	5	6	0.709345707515	0.457298770028	5	262	0	
313	0	180	step_1_no_load	1	2	1	354	
313	0	180	step_2_no_load	3	4	0.489345734128	0.341214611607	3	300	1	
313	0	181	step_1_no_load	1	2	1	317	
313	0	181	step_2_no_load	3	4	0.480141179559	0.342402764747	3	295	1	
313	0	182	step_1_no_load	1	2	1	392	
313	0	182	step_2_no_load	5	6	0.72717560423	0.506773281362	5	281	1	
313	0	183	step_1_no_load	1	2	1	311	
313	0	183	step_2_no_load	5	6	0.720388040749	0.502991759047	5	342	0	
313	0	184	step_1_no_load	1	2	1	326	
313	0	184	step_2_no_load	3	4	0.480863422096	0.362743255194	3	294	0	
313	0	185	step_1_no_load	1	2	2	280	
313	0	185	step_2_no_load	3	4	0.482228039858	0.362611152222	3	291	0	
313	0	186	step_1_no_load	1	2	1	273	
313	0	186	step_2_no_load	5	6	0.656308636836	0.46870859828	5	296	1	
313	0	187	step_1_no_load	1	2	1	329	
313	0	187	step_2_no_load	3	4	0.498596507669	0.328890769988	3	454	0	
313	0	188	step_1_no_load	1	2	1	448	
313	0	188	step_2_no_load	3	4	0.548350535247	0.291508050861	3	322	1	
313	0	189	step_1_no_load	1	2	1	337	
313	0	189	step_2_no_load	3	4	0.534753756004	0.285168135955	3	337	1	
313	0	190	step_1_no_load	1	2	1	388	
313	0	190	step_2_no_load	5	6	0.667655825994	0.433568856946	5	256	1	
313	0	191	step_1_no_load	1	2	1	269	
313	0	191	step_2_no_load	3	4	0.512103523931	0.318839908867	3	420	1	
313	0	192	step_1_no_load	1	2	1	379	
313	0	192	step_2_no_load	3	4	0.493851022417	0.299297135717	3	313	0	
313	0	193	step_1_no_load	1	2	2	261	
313	0	193	step_2_no_load	3	4	0.504944704439	0.321008037746	3	729	0	
313	0	194	step_1_no_load	1	2	2	300	
313	0	194	step_2_no_load	3	4	0.505359594715	0.342437174514	3	360	1	
313	0	195	step_1_no_load	1	2	2	353	
313	0	195	step_2_no_load	5	6	0.646280688878	0.466795336969	6	276	1	
313	0	196	step_1_no_load	1	2	2	298	
313	0	196	step_2_no_load	3	4	0.496717662777	0.365373286058	3	372	1	
313	0	197	step_1_no_load	1	2	2	352	
313	0	197	step_2_no_load	3	4	0.47786945426	0.316987700969	4	265	1	
313	0	198	step_1_no_load	1	2	2	718	
313	0	198	step_2_no_load	5	6	0.68660989813	0.397292432346	6	397	0	
313	0	199	step_1_no_load	1	2	2	396	
313	0	199	step_2_no_load	5	6	0.73697129762	0.39793773834	6	265	0	
313	0	200	step_1_no_load	1	2	1	366	
313	0	200	step_2_no_load	3	4	0.507902534353	0.299128796668	3	351	1	

Thu Oct  8 15:08:10 2020
