Tue Oct 13 14:58:10 2020	
314	0	1	step_1_no_load	1	2	1	650	
314	0	1	step_2_no_load	5	6	0.457620150462	0.511789129507	6	592	0	
314	0	2	step_1_no_load	1	2	1	337	
314	0	2	step_2_no_load	3	4	0.610961032466	0.580156942153	3	1038	0	
314	0	3	step_1_no_load	1	2	1	399	
314	0	3	step_2_no_load	3	4	0.589215227351	0.584197065669	4	940	1	
314	0	4	step_1_no_load	1	2	1	288	
314	0	4	step_2_no_load	3	4	0.564086293706	0.597491569846	4	704	0	
314	0	5	step_1_no_load	1	2	1	246	
314	0	5	step_2_no_load	3	4	0.576104915614	0.623810210114	4	367	0	
314	0	6	step_1_no_load	1	2	2	576	
314	0	6	step_2_no_load	3	4	0.603642866427	0.585722686883	3	1304	0	
314	0	7	step_1_no_load	1	2	2	257	
314	0	7	step_2_no_load	3	4	0.622642364361	0.568656746487	-1	-1	-1	
314	0	8	step_1_no_load	1	2	2	488	
314	0	8	step_2_no_load	5	6	0.489816616396	0.499203529332	6	439	1	
314	0	9	step_1_no_load	1	2	2	314	
314	0	9	step_2_no_load	5	6	0.496546708465	0.54429228266	6	369	0	
314	0	10	step_1_no_load	1	2	2	249	
314	0	10	step_2_no_load	5	6	0.482364178155	0.576063520885	6	282	1	
314	0	11	step_1_no_load	1	2	2	213	
314	0	11	step_2_no_load	5	6	0.477013315682	0.59022801242	6	317	1	
314	0	12	step_1_no_load	1	2	2	250	
314	0	12	step_2_no_load	5	6	0.48457206759	0.597131918027	6	374	1	
314	0	13	step_1_no_load	1	2	2	224	
314	0	13	step_2_no_load	3	4	0.558313135925	0.653587098421	3	1038	1	
314	0	14	step_1_no_load	1	2	2	559	
314	0	14	step_2_no_load	5	6	0.491234392147	0.611256675753	6	439	1	
314	0	15	step_1_no_load	1	2	2	275	
314	0	15	step_2_no_load	5	6	0.505377237737	0.633564630036	6	627	0	
314	0	16	step_1_no_load	1	2	1	287	
314	0	16	step_2_no_load	5	6	0.510958036527	0.626326396372	5	370	0	
314	0	17	step_1_no_load	1	2	1	349	
314	0	17	step_2_no_load	5	6	0.535958400205	0.643116883134	6	813	0	
314	0	18	step_1_no_load	1	2	1	204	
314	0	18	step_2_no_load	3	4	0.553554620302	0.626834332012	3	764	1	
314	0	19	step_1_no_load	1	2	1	247	
314	0	19	step_2_no_load	3	4	0.536502319591	0.619895761657	3	617	0	
314	0	20	step_1_no_load	1	2	1	672	
314	0	20	step_2_no_load	5	6	0.478025448397	0.60665343963	6	1263	0	
314	0	21	step_1_no_load	1	2	2	530	
314	0	21	step_2_no_load	5	6	0.49769376036	0.611328949295	5	504	0	
314	0	22	step_1_no_load	1	2	2	312	
314	0	22	step_2_no_load	5	6	0.506100011497	0.618527126547	5	369	0	
314	0	23	step_1_no_load	1	2	1	60	
314	0	23	step_2_no_load	3	4	0.513759772011	0.640163623731	3	720	0	
314	0	24	step_1_no_load	1	2	1	234	
314	0	24	step_2_no_load	5	6	0.505388876622	0.5800912085	6	586	0	
314	0	25	step_1_no_load	1	2	1	233	
314	0	25	step_2_no_load	3	4	0.503605105412	0.565698722896	3	1118	0	
314	0	26	step_1_no_load	1	2	1	320	
314	0	26	step_2_no_load	5	6	0.511744353778	0.640635035276	-1	-1	-1	
314	0	27	step_1_no_load	1	2	1	393	
314	0	27	step_2_no_load	3	4	0.54756089792	0.57860777711	3	1039	0	
314	0	28	step_1_no_load	1	2	2	811	
314	0	28	step_2_no_load	5	6	0.520177259699	0.647441527317	6	1026	1	
314	0	29	step_1_no_load	1	2	2	80	
314	0	29	step_2_no_load	3	4	0.561957580386	0.606613029227	4	1005	0	
314	0	30	step_1_no_load	1	2	2	18	
314	0	30	step_2_no_load	5	6	0.4919199548	0.610227092493	6	266	1	
314	0	31	step_1_no_load	1	2	2	470	
314	0	31	step_2_no_load	3	4	0.541819886458	0.636602545794	4	838	0	
314	0	32	step_1_no_load	1	2	2	226	
314	0	32	step_2_no_load	5	6	0.520318771114	0.605616211083	6	315	1	
314	0	33	step_1_no_load	1	2	2	107	
314	0	33	step_2_no_load	5	6	0.487664344039	0.618000238621	6	584	1	
314	0	34	step_1_no_load	1	2	2	223	
314	0	34	step_2_no_load	3	4	0.538523758058	0.575802910074	3	869	0	
314	0	35	step_1_no_load	1	2	2	252	
314	0	35	step_2_no_load	3	4	0.594167768198	0.566827313385	4	1057	1	
314	0	36	step_1_no_load	1	2	2	175	
314	0	36	step_2_no_load	3	4	0.611274573488	0.527635087561	4	650	1	
314	0	37	step_1_no_load	1	2	2	235	
314	0	37	step_2_no_load	5	6	0.543074626387	0.660658056664	6	562	1	
314	0	38	step_1_no_load	1	2	2	252	
314	0	38	step_2_no_load	5	6	0.553931241266	0.651263699161	6	645	0	
314	0	39	step_1_no_load	1	2	1	322	
314	0	39	step_2_no_load	3	4	0.610601635554	0.557005857101	3	331	1	
314	0	40	step_1_no_load	1	2	1	142	
314	0	40	step_2_no_load	3	4	0.607992802154	0.580760785074	3	385	1	
314	0	41	step_1_no_load	1	2	1	108	
314	0	41	step_2_no_load	3	4	0.588857868869	0.524862294848	3	210	1	
314	0	42	step_1_no_load	1	2	1	4	
314	0	42	step_2_no_load	5	6	0.553461946234	0.606696263624	5	259	1	
314	0	43	step_1_no_load	1	2	1	0	
314	0	43	step_2_no_load	5	6	0.548128010644	0.581931546759	5	341	0	
314	0	44	step_1_no_load	1	2	1	232	
314	0	44	step_2_no_load	5	6	0.537842745081	0.589653131867	5	345	0	
314	0	45	step_1_no_load	1	2	1	221	
314	0	45	step_2_no_load	3	4	0.632991467829	0.579346234508	3	701	0	
314	0	46	step_1_no_load	1	2	2	138	
314	0	46	step_2_no_load	3	4	0.600964500555	0.55511883717	4	270	1	
314	0	47	step_1_no_load	1	2	2	242	
314	0	47	step_2_no_load	5	6	0.493112702321	0.634373567175	6	213	1	
314	0	48	step_1_no_load	1	2	2	277	
314	0	48	step_2_no_load	5	6	0.488280685105	0.657624935632	6	380	0	
314	0	49	step_1_no_load	1	2	2	1	
314	0	49	step_2_no_load	5	6	0.489287375157	0.614679490594	6	310	1	
314	0	50	step_1_no_load	1	2	2	268	
314	0	50	step_2_no_load	5	6	0.47381367271	0.593458480934	6	222	1	
314	0	51	step_1_no_load	1	2	2	0	
314	0	51	step_2_no_load	5	6	0.469943944943	0.613357430892	6	86	1	
314	0	52	step_1_no_load	1	2	2	236	
314	0	52	step_2_no_load	5	6	0.429622901875	0.613408921915	6	1	0	
314	0	53	step_1_no_load	1	2	1	401	
314	0	53	step_2_no_load	3	4	0.551457882502	0.475342927439	4	239	0	
314	0	54	step_1_no_load	1	2	1	402	
314	0	54	step_2_no_load	5	6	0.491512498697	0.652515308527	5	185	1	
314	0	55	step_1_no_load	1	2	1	211	
314	0	55	step_2_no_load	5	6	0.487025527704	0.639840796975	5	153	0	
314	0	56	step_1_no_load	1	2	1	13	
314	0	56	step_2_no_load	3	4	0.601856598146	0.538512915562	3	229	1	
314	0	57	step_1_no_load	1	2	1	80	
314	0	57	step_2_no_load	5	6	0.466449077359	0.586335094239	5	119	1	
314	0	58	step_1_no_load	1	2	1	9	
314	0	58	step_2_no_load	3	4	0.664682809182	0.528376440027	3	229	1	
314	0	59	step_1_no_load	1	2	1	172	
314	0	59	step_2_no_load	5	6	0.480274332693	0.608951267756	5	40	1	
314	0	60	step_1_no_load	1	2	1	288	
314	0	60	step_2_no_load	3	4	0.623687406259	0.479287247283	3	348	1	
314	0	61	step_1_no_load	1	2	1	0	
314	0	61	step_2_no_load	5	6	0.464268875813	0.602879526975	5	250	1	
314	0	62	step_1_no_load	1	2	1	243	
314	0	62	step_2_no_load	3	4	0.691137204746	0.533031417444	3	210	0	
314	0	63	step_1_no_load	1	2	1	682	
314	0	63	step_2_no_load	3	4	0.664284493458	0.519445130796	4	757	1	
314	0	64	step_1_no_load	1	2	2	239	
314	0	64	step_2_no_load	5	6	0.555062911513	0.626149195169	6	190	0	
314	0	65	step_1_no_load	1	2	1	107	
314	0	65	step_2_no_load	3	4	0.612660225018	0.517687993213	4	293	1	
314	0	66	step_1_no_load	1	2	1	212	
314	0	66	step_2_no_load	3	4	0.606938648072	0.555324764318	4	324	0	
314	0	67	step_1_no_load	1	2	2	3	
314	0	67	step_2_no_load	3	4	0.597650193897	0.538279387614	4	40	0	
314	0	68	step_1_no_load	1	2	2	583	
314	0	68	step_2_no_load	5	6	0.509127161919	0.719455209845	6	205	1	
314	0	69	step_1_no_load	1	2	2	0	
314	0	69	step_2_no_load	5	6	0.499137600991	0.718756538957	6	206	0	
314	0	70	step_1_no_load	1	2	1	722	
314	0	70	step_2_no_load	5	6	0.498834901463	0.697741832068	5	923	0	
314	0	71	step_1_no_load	1	2	2	287	
314	0	71	step_2_no_load	5	6	0.482863323776	0.706816191949	6	149	0	
314	0	72	step_1_no_load	1	2	1	12	
314	0	72	step_2_no_load	3	4	0.626024641967	0.556486305476	3	322	0	
314	0	73	step_1_no_load	1	2	1	119	
314	0	73	step_2_no_load	3	4	0.657126403029	0.50185699984	4	487	1	
314	0	74	step_1_no_load	1	2	1	108	
314	0	74	step_2_no_load	5	6	0.453420386428	0.693624670847	5	509	0	
314	0	75	step_1_no_load	1	2	1	196	
314	0	75	step_2_no_load	3	4	0.615552849174	0.483983914712	4	121	1	
314	0	76	step_1_no_load	1	2	1	209	
314	0	76	step_2_no_load	3	4	0.62770291155	0.518881389358	4	242	0	
314	0	77	step_1_no_load	1	2	1	1048	
314	0	77	step_2_no_load	3	4	0.564257587118	0.538119616568	4	467	1	
314	0	78	step_1_no_load	1	2	1	72	
314	0	78	step_2_no_load	3	4	0.536711448352	0.538654072849	4	272	1	
314	0	79	step_1_no_load	1	2	1	112	
314	0	79	step_2_no_load	5	6	0.389124152368	0.647841624544	6	250	1	
314	0	80	step_1_no_load	1	2	2	893	
314	0	80	step_2_no_load	5	6	0.396016175285	0.703969305517	6	317	0	
314	0	81	step_1_no_load	1	2	1	309	
314	0	81	step_2_no_load	3	4	0.529745690463	0.494116554432	4	1067	1	
314	0	82	step_1_no_load	1	2	1	19	
314	0	82	step_2_no_load	5	6	0.395813831323	0.688340116885	6	352	1	
314	0	83	step_1_no_load	1	2	1	438	
314	0	83	step_2_no_load	3	4	0.607907985871	0.483255412498	4	221	0	
314	0	84	step_1_no_load	1	2	2	280	
314	0	84	step_2_no_load	5	6	0.385087938645	0.731466635793	5	184	0	
314	0	85	step_1_no_load	1	2	2	29	
314	0	85	step_2_no_load	5	6	0.384458259121	0.712989604416	6	129	1	
314	0	86	step_1_no_load	1	2	2	23	
314	0	86	step_2_no_load	5	6	0.345323068124	0.721207648497	6	498	1	
314	0	87	step_1_no_load	1	2	2	89	
314	0	87	step_2_no_load	5	6	0.40000499778	0.690012761069	6	226	1	
314	0	88	step_1_no_load	1	2	2	34	
314	0	88	step_2_no_load	5	6	0.377947492322	0.696773608304	6	106	1	
314	0	89	step_1_no_load	1	2	2	54	
314	0	89	step_2_no_load	5	6	0.415882489686	0.660112261017	6	104	1	
314	0	90	step_1_no_load	1	2	2	91	
314	0	90	step_2_no_load	5	6	0.411459496853	0.688736868033	6	117	0	
314	0	91	step_1_no_load	1	2	1	7	
314	0	91	step_2_no_load	3	4	0.685023809334	0.479087223222	3	192	1	
314	0	92	step_1_no_load	1	2	1	89	
314	0	92	step_2_no_load	5	6	0.444368850664	0.679381608313	5	104	0	
314	0	93	step_1_no_load	1	2	1	100	
314	0	93	step_2_no_load	5	6	0.439878153082	0.662863370634	5	88	0	
314	0	94	step_1_no_load	1	2	1	127	
314	0	94	step_2_no_load	3	4	0.719464414227	0.468637558205	3	546	1	
314	0	95	step_1_no_load	1	2	1	72	
314	0	95	step_2_no_load	3	4	0.715495469274	0.42505578884	3	347	0	
314	0	96	step_1_no_load	1	2	2	55	
314	0	96	step_2_no_load	5	6	0.383038640121	0.663095813561	6	422	1	
314	0	97	step_1_no_load	1	2	2	105	
314	0	97	step_2_no_load	5	6	0.392885664353	0.651202057411	6	323	1	
314	0	98	step_1_no_load	1	2	2	46	
314	0	98	step_2_no_load	5	6	0.409778171713	0.646040060297	6	131	1	
314	0	99	step_1_no_load	1	2	2	0	
314	0	99	step_2_no_load	3	4	0.673709850038	0.375249961522	4	84	0	
314	0	100	step_1_no_load	1	2	2	141	
314	0	100	step_2_no_load	5	6	0.4333505304	0.66579920021	6	484	1	
314	0	101	step_1_no_load	1	2	2	478	
314	0	101	step_2_no_load	3	4	0.623812401974	0.366879421891	3	939	0	
314	0	102	step_1_no_load	1	2	2	246	
314	0	102	step_2_no_load	5	6	0.494584754513	0.663124617603	6	761	0	
314	0	103	step_1_no_load	1	2	2	245	
314	0	103	step_2_no_load	3	4	0.663997796029	0.322834495838	3	669	0	
314	0	104	step_1_no_load	1	2	2	39	
314	0	104	step_2_no_load	5	6	0.521047445908	0.743372642809	5	1157	1	
314	0	105	step_1_no_load	1	2	1	473	
314	0	105	step_2_no_load	3	4	0.689135357059	0.352639603242	3	690	0	
314	0	106	step_1_no_load	1	2	1	419	
314	0	106	step_2_no_load	3	4	0.712883638252	0.374131494222	4	417	1	
314	0	107	step_1_no_load	1	2	1	139	
314	0	107	step_2_no_load	5	6	0.565220528809	0.677514185929	-1	-1	-1	
314	0	108	step_1_no_load	1	2	1	445	
314	0	108	step_2_no_load	3	4	0.695928523711	0.388185708856	4	617	0	
314	0	109	step_1_no_load	1	2	2	416	
314	0	109	step_2_no_load	5	6	0.479977531501	0.68658494263	6	742	0	
314	0	110	step_1_no_load	1	2	2	256	
314	0	110	step_2_no_load	3	4	0.729599891941	0.395544455384	4	867	0	
314	0	111	step_1_no_load	1	2	2	227	
314	0	111	step_2_no_load	3	4	0.724852671171	0.407158158569	3	845	1	
314	0	112	step_1_no_load	1	2	1	730	
314	0	112	step_2_no_load	3	4	0.725701866094	0.413393106784	3	236	0	
314	0	113	step_1_no_load	1	2	2	166	
314	0	113	step_2_no_load	5	6	0.370697120277	0.634627459817	5	418	0	
314	0	114	step_1_no_load	1	2	2	338	
314	0	114	step_2_no_load	5	6	0.380324086676	0.657654904272	6	387	1	
314	0	115	step_1_no_load	1	2	2	7	
314	0	115	step_2_no_load	5	6	0.390027643099	0.645721217949	6	156	1	
314	0	116	step_1_no_load	1	2	2	78	
314	0	116	step_2_no_load	5	6	0.378149844807	0.680124293449	6	370	1	
314	0	117	step_1_no_load	1	2	2	119	
314	0	117	step_2_no_load	3	4	0.747012267642	0.363056877927	4	31	0	
314	0	118	step_1_no_load	1	2	2	247	
314	0	118	step_2_no_load	5	6	0.357645851833	0.690484235012	6	455	1	
314	0	119	step_1_no_load	1	2	2	124	
314	0	119	step_2_no_load	3	4	0.690424535099	0.358243439099	4	608	0	
314	0	120	step_1_no_load	1	2	2	121	
314	0	120	step_2_no_load	5	6	0.370150243662	0.666433355915	6	259	1	
314	0	121	step_1_no_load	1	2	1	238	
314	0	121	step_2_no_load	3	4	0.658856304095	0.310775244958	3	220	1	
314	0	122	step_1_no_load	1	2	1	14	
314	0	122	step_2_no_load	3	4	0.6136886145	0.266650857402	3	65	0	
314	0	123	step_1_no_load	1	2	1	21	
314	0	123	step_2_no_load	3	4	0.583607229978	0.269780614928	3	144	0	
314	0	124	step_1_no_load	1	2	1	7	
314	0	124	step_2_no_load	3	4	0.603013298253	0.26095206597	4	83	0	
314	0	125	step_1_no_load	1	2	1	37	
314	0	125	step_2_no_load	3	4	0.559596800931	0.290374841566	4	27	0	
314	0	126	step_1_no_load	1	2	2	75	
314	0	126	step_2_no_load	5	6	0.300846667696	0.600985760967	5	225	1	
314	0	127	step_1_no_load	1	2	2	218	
314	0	127	step_2_no_load	3	4	0.560824094575	0.273483952592	3	155	1	
314	0	128	step_1_no_load	1	2	2	182	
314	0	128	step_2_no_load	5	6	0.250790232267	0.620672334996	5	370	0	
314	0	129	step_1_no_load	1	2	2	213	
314	0	129	step_2_no_load	3	4	0.685297910719	0.268213321963	4	172	0	
314	0	130	step_1_no_load	1	2	2	218	
314	0	130	step_2_no_load	3	4	0.682031489739	0.267460866951	3	1121	0	
314	0	131	step_1_no_load	1	2	2	0	
314	0	131	step_2_no_load	3	4	0.678044920845	0.281500842289	-1	-1	-1	
314	0	132	step_1_no_load	1	2	2	253	
314	0	132	step_2_no_load	5	6	0.315328810424	0.660013924697	6	335	1	
314	0	133	step_1_no_load	1	2	2	312	
314	0	133	step_2_no_load	5	6	0.312642735495	0.691649444281	6	189	1	
314	0	134	step_1_no_load	1	2	2	0	
314	0	134	step_2_no_load	5	6	0.302839427162	0.685529359147	6	189	1	
314	0	135	step_1_no_load	1	2	2	516	
314	0	135	step_2_no_load	5	6	0.287118934166	0.700779221781	5	751	0	
314	0	136	step_1_no_load	1	2	2	1	
314	0	136	step_2_no_load	3	4	0.597814413435	0.307766925452	4	96	0	
314	0	137	step_1_no_load	1	2	2	271	
314	0	137	step_2_no_load	5	6	0.325016613024	0.668540846495	6	363	1	
314	0	138	step_1_no_load	1	2	2	13	
314	0	138	step_2_no_load	5	6	0.307694123906	0.688182193337	6	189	0	
314	0	139	step_1_no_load	1	2	1	7	
314	0	139	step_2_no_load	5	6	0.323660750961	0.696355985729	5	25	0	
314	0	140	step_1_no_load	1	2	1	545	
314	0	140	step_2_no_load	3	4	0.671213945178	0.348740542008	3	723	1	
314	0	141	step_1_no_load	1	2	1	4	
314	0	141	step_2_no_load	3	4	0.711987889705	0.390227133375	3	5	1	
314	0	142	step_1_no_load	1	2	1	39	
314	0	142	step_2_no_load	3	4	0.690276058009	0.397052682821	3	276	1	
314	0	143	step_1_no_load	1	2	1	84	
314	0	143	step_2_no_load	3	4	0.661365099615	0.410970957547	3	29	1	
314	0	144	step_1_no_load	1	2	1	82	
314	0	144	step_2_no_load	3	4	0.626443722248	0.389234194056	3	0	1	
314	0	145	step_1_no_load	1	2	1	95	
314	0	145	step_2_no_load	3	4	0.6669125229	0.355256413269	3	60	1	
314	0	146	step_1_no_load	1	2	1	18	
314	0	146	step_2_no_load	5	6	0.257861956214	0.593778463268	5	141	0	
314	0	147	step_1_no_load	1	2	1	369	
314	0	147	step_2_no_load	5	6	0.265578160642	0.594861186319	5	10	0	
314	0	148	step_1_no_load	1	2	1	855	
314	0	148	step_2_no_load	5	6	0.305288021243	0.648050021239	6	870	1	
314	0	149	step_1_no_load	1	2	2	0	
314	0	149	step_2_no_load	5	6	0.269951834184	0.623203869836	6	69	0	
314	0	150	step_1_no_load	1	2	1	375	
314	0	150	step_2_no_load	3	4	0.575985663078	0.306860041627	4	485	0	
314	0	151	step_1_no_load	1	2	1	175	
314	0	151	step_2_no_load	5	6	0.348172164421	0.614159737668	5	260	1	
314	0	152	step_1_no_load	1	2	2	244	
314	0	152	step_2_no_load	5	6	0.307702500543	0.644204174791	5	247	0	
314	0	153	step_1_no_load	1	2	1	0	
314	0	153	step_2_no_load	3	4	0.613336203392	0.343622632154	4	449	0	
314	0	154	step_1_no_load	1	2	2	567	
314	0	154	step_2_no_load	3	4	0.638934099562	0.348349389262	3	1495	0	
314	0	155	step_1_no_load	1	2	2	376	
314	0	155	step_2_no_load	5	6	0.296093457977	0.716100930629	5	381	1	
314	0	156	step_1_no_load	1	2	2	36	
314	0	156	step_2_no_load	3	4	0.631048201903	0.368378667812	3	45	1	
314	0	157	step_1_no_load	1	2	2	233	
314	0	157	step_2_no_load	5	6	0.350909357271	0.720725456325	5	278	0	
314	0	158	step_1_no_load	1	2	2	147	
314	0	158	step_2_no_load	5	6	0.408728803896	0.694270715354	5	176	1	
314	0	159	step_1_no_load	1	2	2	229	
314	0	159	step_2_no_load	5	6	0.413026375257	0.697903160072	5	351	0	
314	0	160	step_1_no_load	1	2	2	439	
314	0	160	step_2_no_load	5	6	0.415052912783	0.710728171711	6	265	1	
314	0	161	step_1_no_load	1	2	2	383	
314	0	161	step_2_no_load	5	6	0.407025633682	0.719896286569	6	462	1	
314	0	162	step_1_no_load	1	2	2	98	
314	0	162	step_2_no_load	5	6	0.3926701003	0.695144769903	6	44	1	
314	0	163	step_1_no_load	1	2	2	8	
314	0	163	step_2_no_load	5	6	0.395221309311	0.697095951435	6	111	1	
314	0	164	step_1_no_load	1	2	2	67	
314	0	164	step_2_no_load	5	6	0.432761720497	0.692137394606	6	171	0	
314	0	165	step_1_no_load	1	2	1	83	
314	0	165	step_2_no_load	5	6	0.463777557969	0.717506143195	6	238	1	
314	0	166	step_1_no_load	1	2	1	267	
314	0	166	step_2_no_load	3	4	0.549095060025	0.356317216644	3	933	1	
314	0	167	step_1_no_load	1	2	1	5	
314	0	167	step_2_no_load	3	4	0.585131062446	0.331115714939	3	67	0	
314	0	168	step_1_no_load	1	2	1	174	
314	0	168	step_2_no_load	5	6	0.400817642375	0.67192508984	6	400	0	
314	0	169	step_1_no_load	1	2	1	0	
314	0	169	step_2_no_load	3	4	0.586049140041	0.365156560071	4	422	0	
314	0	170	step_1_no_load	1	2	1	5	
314	0	170	step_2_no_load	3	4	0.57151385403	0.364989630435	3	163	0	
314	0	171	step_1_no_load	1	2	1	49	
314	0	171	step_2_no_load	3	4	0.553314431843	0.425122034074	4	51	0	
314	0	172	step_1_no_load	1	2	2	76	
314	0	172	step_2_no_load	5	6	0.363617002148	0.668669556875	5	282	0	
314	0	173	step_1_no_load	1	2	2	3	
314	0	173	step_2_no_load	5	6	0.385349297983	0.667027212577	6	52	1	
314	0	174	step_1_no_load	1	2	2	15	
314	0	174	step_2_no_load	3	4	0.472729524832	0.46236234172	4	28	1	
314	0	175	step_1_no_load	1	2	2	327	
314	0	175	step_2_no_load	3	4	0.52644949356	0.484825491933	4	166	0	
314	0	176	step_1_no_load	1	2	2	9	
314	0	176	step_2_no_load	5	6	0.383231572002	0.679250000396	6	202	1	
314	0	177	step_1_no_load	1	2	2	43	
314	0	177	step_2_no_load	5	6	0.357425668099	0.714070205704	6	134	1	
314	0	178	step_1_no_load	1	2	2	49	
314	0	178	step_2_no_load	5	6	0.36473828006	0.705993797498	6	48	0	
314	0	179	step_1_no_load	1	2	2	234	
314	0	179	step_2_no_load	5	6	0.324685418097	0.709345707515	5	537	1	
314	0	180	step_1_no_load	1	2	1	203	
314	0	180	step_2_no_load	5	6	0.341214611607	0.719795072986	5	722	1	
314	0	181	step_1_no_load	1	2	2	284	
314	0	181	step_2_no_load	5	6	0.342402764747	0.746910336326	5	321	1	
314	0	182	step_1_no_load	1	2	2	21	
314	0	182	step_2_no_load	5	6	0.340533666308	0.72717560423	5	9	0	
314	0	183	step_1_no_load	1	2	1	88	
314	0	183	step_2_no_load	5	6	0.350175837802	0.720388040749	6	785	0	
314	0	184	step_1_no_load	1	2	1	0	
314	0	184	step_2_no_load	5	6	0.362743255194	0.657291439324	5	1262	1	
314	0	185	step_1_no_load	1	2	2	559	
314	0	185	step_2_no_load	5	6	0.362611152222	0.665622647081	5	295	1	
314	0	186	step_1_no_load	1	2	2	65	
314	0	186	step_2_no_load	5	6	0.332733011923	0.656308636836	5	114	1	
314	0	187	step_1_no_load	1	2	2	14	
314	0	187	step_2_no_load	5	6	0.328890769988	0.678211978625	5	449	0	
314	0	188	step_1_no_load	1	2	1	424	
314	0	188	step_2_no_load	5	6	0.291508050861	0.696362660087	6	1252	1	
314	0	189	step_1_no_load	1	2	2	254	
314	0	189	step_2_no_load	5	6	0.285168135955	0.688353284054	6	465	1	
314	0	190	step_1_no_load	1	2	2	0	
314	0	190	step_2_no_load	3	4	0.433568856946	0.505820429042	4	16	1	
314	0	191	step_1_no_load	1	2	1	0	
314	0	191	step_2_no_load	3	4	0.435748387321	0.512103523931	4	289	1	
314	0	192	step_1_no_load	1	2	1	3	
314	0	192	step_2_no_load	5	6	0.299297135717	0.705517419189	6	430	1	
314	0	193	step_1_no_load	1	2	1	201	
314	0	193	step_2_no_load	3	4	0.440813209638	0.504944704439	4	458	0	
314	0	194	step_1_no_load	1	2	1	122	
314	0	194	step_2_no_load	3	4	0.433250459893	0.505359594715	4	285	0	
314	0	195	step_1_no_load	1	2	1	100	
314	0	195	step_2_no_load	3	4	0.466795336969	0.494102184238	3	347	1	
314	0	196	step_1_no_load	1	2	1	203	
314	0	196	step_2_no_load	3	4	0.421761207498	0.496717662777	3	138	0	
314	0	197	step_1_no_load	1	2	2	121	
314	0	197	step_2_no_load	5	6	0.316987700969	0.686552522522	5	378	0	
314	0	198	step_1_no_load	1	2	1	312	
314	0	198	step_2_no_load	3	4	0.397292432346	0.485065498391	3	270	0	
314	0	199	step_1_no_load	1	2	2	1	
314	0	199	step_2_no_load	5	6	0.292861528884	0.73697129762	6	180	0	
314	0	200	step_1_no_load	1	2	2	189	
314	0	200	step_2_no_load	5	6	0.299128796668	0.728996708473	5	280	0	

Tue Oct 13 15:16:37 2020
