Wed Oct 14 14:51:37 2020	
315	0	1	step_1_no_load	1	2	2	855	
315	0	1	step_2_no_load	5	6	0.594299910136	0.511789129507	6	874	0	
315	0	2	step_1_no_load	1	2	1	880	
315	0	2	step_2_no_load	3	4	0.580156942153	0.474613197709	4	874	1	
315	0	3	step_1_no_load	1	2	1	376	
315	0	3	step_2_no_load	3	4	0.584197065669	0.476767372206	4	539	1	
315	0	4	step_1_no_load	1	2	1	400	
315	0	4	step_2_no_load	3	4	0.597491569846	0.478607661228	4	371	1	
315	0	5	step_1_no_load	1	2	1	308	
315	0	5	step_2_no_load	3	4	0.623810210114	0.495568760483	4	390	0	
315	0	6	step_1_no_load	1	2	2	387	
315	0	6	step_2_no_load	5	6	0.603642866427	0.490454120702	5	779	0	
315	0	7	step_1_no_load	1	2	2	313	
315	0	7	step_2_no_load	5	6	0.622642364361	0.506408070053	6	477	1	
315	0	8	step_1_no_load	1	2	2	372	
315	0	8	step_2_no_load	3	4	0.59128639594	0.489816616396	4	382	0	
315	0	9	step_1_no_load	1	2	2	346	
315	0	9	step_2_no_load	3	4	0.598049061473	0.496546708465	3	444	1	
315	0	10	step_1_no_load	1	2	2	447	
315	0	10	step_2_no_load	5	6	0.636063269715	0.576063520885	5	376	1	
315	0	11	step_1_no_load	1	2	2	528	
315	0	11	step_2_no_load	5	6	0.609191465743	0.59022801242	5	481	1	
315	0	12	step_1_no_load	1	2	2	353	
315	0	12	step_2_no_load	3	4	0.682786328054	0.48457206759	3	654	1	
315	0	13	step_1_no_load	1	2	2	416	
315	0	13	step_2_no_load	3	4	0.653587098421	0.52012981853	4	556	1	
315	0	14	step_1_no_load	1	2	2	399	
315	0	14	step_2_no_load	5	6	0.545555696267	0.611256675753	5	538	0	
315	0	15	step_1_no_load	1	2	2	358	
315	0	15	step_2_no_load	5	6	0.570419113221	0.633564630036	6	384	1	
315	0	16	step_1_no_load	1	2	2	483	
315	0	16	step_2_no_load	5	6	0.553308964466	0.626326396372	6	484	1	
315	0	17	step_1_no_load	1	2	2	458	
315	0	17	step_2_no_load	5	6	0.562895132605	0.643116883134	6	439	1	
315	0	18	step_1_no_load	1	2	2	478	
315	0	18	step_2_no_load	5	6	0.553554620302	0.626895526976	5	564	1	
315	0	19	step_1_no_load	1	2	2	389	
315	0	19	step_2_no_load	5	6	0.536502319591	0.644773170243	5	451	0	
315	0	20	step_1_no_load	1	2	1	379	
315	0	20	step_2_no_load	3	4	0.636521555122	0.478025448397	4	826	0	
315	0	21	step_1_no_load	1	2	1	373	
315	0	21	step_2_no_load	3	4	0.630305464549	0.49769376036	3	621	1	
315	0	22	step_1_no_load	1	2	1	513	
315	0	22	step_2_no_load	3	4	0.621949894727	0.506100011497	3	734	1	
315	0	23	step_1_no_load	1	2	1	611	
315	0	23	step_2_no_load	3	4	0.640163623731	0.520606588181	3	677	1	
315	0	24	step_1_no_load	1	2	1	436	
315	0	24	step_2_no_load	3	4	0.582115115688	0.505388876622	4	594	1	
315	0	25	step_1_no_load	1	2	1	744	
315	0	25	step_2_no_load	3	4	0.565698722896	0.503316372362	4	587	1	
315	0	26	step_1_no_load	1	2	1	650	
315	0	26	step_2_no_load	3	4	0.592410219737	0.511744353778	4	511	1	
315	0	27	step_1_no_load	1	2	1	539	
315	0	27	step_2_no_load	3	4	0.57860777711	0.507272671939	4	527	1	
315	0	28	step_1_no_load	1	2	1	400	
315	0	28	step_2_no_load	5	6	0.553259388875	0.647441527317	6	426	1	
315	0	29	step_1_no_load	1	2	1	545	
315	0	29	step_2_no_load	5	6	0.561957580386	0.618626354124	5	681	0	
315	0	30	step_1_no_load	1	2	2	575	
315	0	30	step_2_no_load	5	6	0.574272497114	0.610227092493	6	662	1	
315	0	31	step_1_no_load	1	2	2	709	
315	0	31	step_2_no_load	3	4	0.636602545794	0.483156722265	4	436	0	
315	0	32	step_1_no_load	1	2	2	359	
315	0	32	step_2_no_load	5	6	0.522993086096	0.605616211083	5	647	0	
315	0	33	step_1_no_load	1	2	1	692	
315	0	33	step_2_no_load	3	4	0.611700032906	0.487664344039	3	967	1	
315	0	34	step_1_no_load	1	2	1	714	
315	0	34	step_2_no_load	5	6	0.538523758058	0.670290552209	6	991	1	
315	0	35	step_1_no_load	1	2	1	1332	
315	0	35	step_2_no_load	3	4	0.566827313385	0.491437207585	3	1234	1	
315	0	36	step_1_no_load	1	2	2	1050	
315	0	36	step_2_no_load	3	4	0.527635087561	0.513210053121	3	814	1	
315	0	37	step_1_no_load	1	2	2	626	
315	0	37	step_2_no_load	3	4	0.513822304161	0.543074626387	3	749	1	
315	0	38	step_1_no_load	1	2	1	760	
315	0	38	step_2_no_load	3	4	0.539078491643	0.553931241266	3	952	0	
315	0	39	step_1_no_load	1	2	1	512	
315	0	39	step_2_no_load	3	4	0.557005857101	0.578640235206	4	400	1	
315	0	40	step_1_no_load	1	2	1	550	
315	0	40	step_2_no_load	3	4	0.580760785074	0.5691386571	4	489	1	
315	0	41	step_1_no_load	1	2	1	537	
315	0	41	step_2_no_load	5	6	0.588857868869	0.633285941184	6	524	0	
315	0	42	step_1_no_load	1	2	1	651	
315	0	42	step_2_no_load	5	6	0.609164606591	0.606696263624	5	516	1	
315	0	43	step_1_no_load	1	2	1	638	
315	0	43	step_2_no_load	5	6	0.612705031264	0.581931546759	5	450	1	
315	0	44	step_1_no_load	1	2	1	493	
315	0	44	step_2_no_load	3	4	0.541854396676	0.537842745081	3	831	1	
315	0	45	step_1_no_load	1	2	2	556	
315	0	45	step_2_no_load	5	6	0.632991467829	0.620699591043	6	861	0	
315	0	46	step_1_no_load	1	2	2	511	
315	0	46	step_2_no_load	5	6	0.600964500555	0.654261318712	5	378	1	
315	0	47	step_1_no_load	1	2	2	693	
315	0	47	step_2_no_load	3	4	0.546259467838	0.493112702321	3	583	0	
315	0	48	step_1_no_load	1	2	2	568	
315	0	48	step_2_no_load	3	4	0.534690828011	0.488280685105	4	758	0	
315	0	49	step_1_no_load	1	2	2	562	
315	0	49	step_2_no_load	3	4	0.512405963374	0.489287375157	-1	-1	-1	
315	0	50	step_1_no_load	1	2	2	763	
315	0	50	step_2_no_load	5	6	0.606862017918	0.593458480934	5	676	1	
315	0	51	step_1_no_load	1	2	2	406	
315	0	51	step_2_no_load	5	6	0.564866799699	0.613357430892	5	312	1	
315	0	52	step_1_no_load	1	2	2	331	
315	0	52	step_2_no_load	3	4	0.513589895419	0.429622901875	3	412	1	
315	0	53	step_1_no_load	1	2	2	556	
315	0	53	step_2_no_load	5	6	0.551457882502	0.630956764252	6	771	0	
315	0	54	step_1_no_load	1	2	1	604	
315	0	54	step_2_no_load	5	6	0.570223904064	0.652515308527	5	669	1	
315	0	55	step_1_no_load	1	2	1	436	
315	0	55	step_2_no_load	3	4	0.526704292526	0.487025527704	4	569	0	
315	0	56	step_1_no_load	1	2	1	540	
315	0	56	step_2_no_load	3	4	0.538512915562	0.459773408493	3	438	0	
315	0	57	step_1_no_load	1	2	1	442	
315	0	57	step_2_no_load	3	4	0.516475618243	0.466449077359	4	322	1	
315	0	58	step_1_no_load	1	2	1	360	
315	0	58	step_2_no_load	5	6	0.664682809182	0.610896130115	6	316	0	
315	0	59	step_1_no_load	1	2	2	757	
315	0	59	step_2_no_load	5	6	0.632500293208	0.608951267756	6	185	0	
315	0	60	step_1_no_load	1	2	2	446	
315	0	60	step_2_no_load	5	6	0.623687406259	0.599559577859	5	529	0	
315	0	61	step_1_no_load	1	2	2	373	
315	0	61	step_2_no_load	5	6	0.669587072502	0.602879526975	5	1264	1	
315	0	62	step_1_no_load	1	2	2	361	
315	0	62	step_2_no_load	5	6	0.691137204746	0.622820395113	6	525	1	
315	0	63	step_1_no_load	1	2	2	520	
315	0	63	step_2_no_load	5	6	0.664284493458	0.642623127313	5	510	1	
315	0	64	step_1_no_load	1	2	2	553	
315	0	64	step_2_no_load	5	6	0.642369708469	0.626149195169	6	789	1	
315	0	65	step_1_no_load	1	2	2	681	
315	0	65	step_2_no_load	5	6	0.612660225018	0.619953360065	5	484	1	
315	0	66	step_1_no_load	1	2	2	499	
315	0	66	step_2_no_load	3	4	0.555324764318	0.573761869714	3	700	1	
315	0	67	step_1_no_load	1	2	2	488	
315	0	67	step_2_no_load	5	6	0.597650193897	0.674463681351	6	600	0	
315	0	68	step_1_no_load	1	2	1	1119	
315	0	68	step_2_no_load	3	4	0.523301545299	0.509127161919	3	1302	0	
315	0	69	step_1_no_load	1	2	1	539	
315	0	69	step_2_no_load	3	4	0.560462111264	0.499137600991	3	521	0	
315	0	70	step_1_no_load	1	2	1	494	
315	0	70	step_2_no_load	5	6	0.637556284465	0.697741832068	6	479	0	
315	0	71	step_1_no_load	1	2	1	456	
315	0	71	step_2_no_load	5	6	0.639174917797	0.706816191949	5	482	1	
315	0	72	step_1_no_load	1	2	1	320	
315	0	72	step_2_no_load	3	4	0.556486305476	0.47409116389	3	358	0	
315	0	73	step_1_no_load	1	2	1	439	
315	0	73	step_2_no_load	3	4	0.50185699984	0.435957313805	3	372	1	
315	0	74	step_1_no_load	1	2	1	356	
315	0	74	step_2_no_load	3	4	0.491044983779	0.453420386428	4	316	0	
315	0	75	step_1_no_load	1	2	1	603	
315	0	75	step_2_no_load	3	4	0.483983914712	0.44832280175	3	576	0	
315	0	76	step_1_no_load	1	2	2	332	
315	0	76	step_2_no_load	5	6	0.62770291155	0.690117652944	6	758	1	
315	0	77	step_1_no_load	1	2	2	560	
315	0	77	step_2_no_load	5	6	0.564257587118	0.679737625371	5	553	1	
315	0	78	step_1_no_load	1	2	2	403	
315	0	78	step_2_no_load	5	6	0.536711448352	0.647586191228	6	686	1	
315	0	79	step_1_no_load	1	2	2	602	
315	0	79	step_2_no_load	5	6	0.513695512795	0.647841624544	5	586	0	
315	0	80	step_1_no_load	1	2	1	772	
315	0	80	step_2_no_load	5	6	0.518583383166	0.703969305517	6	889	0	
315	0	81	step_1_no_load	1	2	1	697	
315	0	81	step_2_no_load	3	4	0.494116554432	0.419265522488	3	489	0	
315	0	82	step_1_no_load	1	2	1	549	
315	0	82	step_2_no_load	5	6	0.564729328387	0.688340116885	6	602	1	
315	0	83	step_1_no_load	1	2	1	709	
315	0	83	step_2_no_load	5	6	0.607907985871	0.726885136842	5	594	0	
315	0	84	step_1_no_load	1	2	1	474	
315	0	84	step_2_no_load	5	6	0.65843840156	0.731466635793	6	536	1	
315	0	85	step_1_no_load	1	2	1	474	
315	0	85	step_2_no_load	3	4	0.485785534744	0.384458259121	4	579	1	
315	0	86	step_1_no_load	1	2	1	548	
315	0	86	step_2_no_load	5	6	0.691782850001	0.721207648497	6	599	1	
315	0	87	step_1_no_load	1	2	1	532	
315	0	87	step_2_no_load	3	4	0.493867001103	0.40000499778	4	474	1	
315	0	88	step_1_no_load	1	2	1	985	
315	0	88	step_2_no_load	3	4	0.509563243675	0.377947492322	4	959	0	
315	0	89	step_1_no_load	1	2	1	426	
315	0	89	step_2_no_load	5	6	0.690772436485	0.660112261017	6	471	0	
315	0	90	step_1_no_load	1	2	2	324	
315	0	90	step_2_no_load	5	6	0.712247848046	0.688736868033	5	1079	1	
315	0	91	step_1_no_load	1	2	2	419	
315	0	91	step_2_no_load	5	6	0.685023809334	0.657820521772	5	473	0	
315	0	92	step_1_no_load	1	2	2	364	
315	0	92	step_2_no_load	5	6	0.692406274724	0.679381608313	5	496	0	
315	0	93	step_1_no_load	1	2	2	601	
315	0	93	step_2_no_load	3	4	0.473273727684	0.439878153082	4	449	1	
315	0	94	step_1_no_load	1	2	2	476	
315	0	94	step_2_no_load	5	6	0.719464414227	0.668295023896	6	441	0	
315	0	95	step_1_no_load	1	2	2	330	
315	0	95	step_2_no_load	5	6	0.715495469274	0.640209855442	5	729	1	
315	0	96	step_1_no_load	1	2	2	673	
315	0	96	step_2_no_load	5	6	0.693739812506	0.663095813561	6	828	1	
315	0	97	step_1_no_load	1	2	2	511	
315	0	97	step_2_no_load	3	4	0.455601814112	0.392885664353	3	452	0	
315	0	98	step_1_no_load	1	2	2	356	
315	0	98	step_2_no_load	3	4	0.431479829356	0.409778171713	4	479	1	
315	0	99	step_1_no_load	1	2	2	317	
315	0	99	step_2_no_load	5	6	0.673709850038	0.645191748454	6	467	1	
315	0	100	step_1_no_load	1	2	2	473	
315	0	100	step_2_no_load	5	6	0.666227451505	0.66579920021	5	442	1	
315	0	101	step_1_no_load	1	2	2	484	
315	0	101	step_2_no_load	5	6	0.623812401974	0.655903528958	5	426	1	
315	0	102	step_1_no_load	1	2	2	653	
315	0	102	step_2_no_load	3	4	0.326080462175	0.494584754513	-1	-1	-1	
315	0	103	step_1_no_load	1	2	2	534	
315	0	103	step_2_no_load	3	4	0.322834495838	0.481975449893	4	483	1	
315	0	104	step_1_no_load	1	2	2	458	
315	0	104	step_2_no_load	5	6	0.703870701136	0.743372642809	6	1226	1	
315	0	105	step_1_no_load	1	2	2	329	
315	0	105	step_2_no_load	5	6	0.689135357059	0.722851301692	5	442	0	
315	0	106	step_1_no_load	1	2	1	725	
315	0	106	step_2_no_load	5	6	0.712883638252	0.699623252899	6	1161	0	
315	0	107	step_1_no_load	1	2	1	540	
315	0	107	step_2_no_load	5	6	0.692607431435	0.677514185929	5	364	1	
315	0	108	step_1_no_load	1	2	1	570	
315	0	108	step_2_no_load	3	4	0.388185708856	0.526955028982	3	549	1	
315	0	109	step_1_no_load	1	2	1	439	
315	0	109	step_2_no_load	3	4	0.372328831887	0.479977531501	3	365	0	
315	0	110	step_1_no_load	1	2	1	464	
315	0	110	step_2_no_load	3	4	0.395544455384	0.432626681236	3	408	0	
315	0	111	step_1_no_load	1	2	2	362	
315	0	111	step_2_no_load	5	6	0.724852671171	0.634599547742	6	766	0	
315	0	112	step_1_no_load	1	2	2	431	
315	0	112	step_2_no_load	5	6	0.725701866094	0.635252945963	5	715	0	
315	0	113	step_1_no_load	1	2	2	424	
315	0	113	step_2_no_load	5	6	0.719324307956	0.634627459817	5	614	0	
315	0	114	step_1_no_load	1	2	2	478	
315	0	114	step_2_no_load	5	6	0.718213323791	0.657654904272	6	431	0	
315	0	115	step_1_no_load	1	2	2	260	
315	0	115	step_2_no_load	5	6	0.739704344621	0.645721217949	5	385	1	
315	0	116	step_1_no_load	1	2	2	423	
315	0	116	step_2_no_load	5	6	0.706736514943	0.680124293449	5	658	0	
315	0	117	step_1_no_load	1	2	2	297	
315	0	117	step_2_no_load	3	4	0.363056877927	0.374621793791	3	408	0	
315	0	118	step_1_no_load	1	2	2	197	
315	0	118	step_2_no_load	5	6	0.740051715856	0.690484235012	6	391	1	
315	0	119	step_1_no_load	1	2	2	556	
315	0	119	step_2_no_load	5	6	0.690424535099	0.661177321751	6	417	1	
315	0	120	step_1_no_load	1	2	2	255	
315	0	120	step_2_no_load	5	6	0.70587238626	0.666433355915	6	388	1	
315	0	121	step_1_no_load	1	2	2	422	
315	0	121	step_2_no_load	3	4	0.310775244958	0.352721767208	4	109	1	
315	0	122	step_1_no_load	1	2	2	506	
315	0	122	step_2_no_load	5	6	0.6136886145	0.672193618854	6	220	1	
315	0	123	step_1_no_load	1	2	2	366	
315	0	123	step_2_no_load	5	6	0.583607229978	0.664849878232	6	387	1	
315	0	124	step_1_no_load	1	2	2	446	
315	0	124	step_2_no_load	3	4	0.26095206597	0.309430836661	4	281	1	
315	0	125	step_1_no_load	1	2	2	305	
315	0	125	step_2_no_load	5	6	0.559596800931	0.633566302563	6	164	0	
315	0	126	step_1_no_load	1	2	2	399	
315	0	126	step_2_no_load	5	6	0.537863824328	0.600985760967	5	514	1	
315	0	127	step_1_no_load	1	2	2	402	
315	0	127	step_2_no_load	5	6	0.560824094575	0.646945556251	5	598	1	
315	0	128	step_1_no_load	1	2	2	622	
315	0	128	step_2_no_load	3	4	0.260252451606	0.250790232267	3	529	0	
315	0	129	step_1_no_load	1	2	2	300	
315	0	129	step_2_no_load	5	6	0.685297910719	0.632682846317	6	325	0	
315	0	130	step_1_no_load	1	2	2	396	
315	0	130	step_2_no_load	3	4	0.267460866951	0.274560758494	3	503	1	
315	0	131	step_1_no_load	1	2	2	404	
315	0	131	step_2_no_load	3	4	0.281500842289	0.311475039155	3	780	0	
315	0	132	step_1_no_load	1	2	2	354	
315	0	132	step_2_no_load	3	4	0.27986961048	0.315328810424	4	381	0	
315	0	133	step_1_no_load	1	2	1	324	
315	0	133	step_2_no_load	5	6	0.617383991623	0.691649444281	5	581	1	
315	0	134	step_1_no_load	1	2	1	549	
315	0	134	step_2_no_load	3	4	0.287393715313	0.302839427162	3	575	1	
315	0	135	step_1_no_load	1	2	-1	-1	
315	0	136	step_1_no_load	1	2	1	737	
315	0	136	step_2_no_load	3	4	0.307766925452	0.284521085726	3	635	0	
315	0	137	step_1_no_load	1	2	1	506	
315	0	137	step_2_no_load	5	6	0.605896884497	0.668540846495	6	388	1	
315	0	138	step_1_no_load	1	2	1	424	
315	0	138	step_2_no_load	3	4	0.366701525561	0.307694123906	4	340	0	
315	0	139	step_1_no_load	1	2	2	542	
315	0	139	step_2_no_load	5	6	0.636630981281	0.696355985729	5	738	1	
315	0	140	step_1_no_load	1	2	2	375	
315	0	140	step_2_no_load	5	6	0.671213945178	0.637682840728	5	430	1	
315	0	141	step_1_no_load	1	2	2	411	
315	0	141	step_2_no_load	3	4	0.390227133375	0.311809871418	3	337	1	
315	0	142	step_1_no_load	1	2	2	476	
315	0	142	step_2_no_load	5	6	0.690276058009	0.627356259123	5	279	1	
315	0	143	step_1_no_load	1	2	2	426	
315	0	143	step_2_no_load	5	6	0.661365099615	0.610219102298	6	475	1	
315	0	144	step_1_no_load	1	2	2	502	
315	0	144	step_2_no_load	3	4	0.389234194056	0.275932517017	4	450	0	
315	0	145	step_1_no_load	1	2	2	441	
315	0	145	step_2_no_load	3	4	0.355256413269	0.266265924094	3	282	0	
315	0	146	step_1_no_load	1	2	1	260	
315	0	146	step_2_no_load	3	4	0.320877500969	0.257861956214	3	780	0	
315	0	147	step_1_no_load	1	2	1	471	
315	0	147	step_2_no_load	5	6	0.647798886916	0.594861186319	6	416	1	
315	0	148	step_1_no_load	1	2	2	597	
315	0	148	step_2_no_load	5	6	0.619272702026	0.648050021239	6	519	0	
315	0	149	step_1_no_load	1	2	1	396	
315	0	149	step_2_no_load	3	4	0.300290206122	0.269951834184	3	689	1	
315	0	150	step_1_no_load	1	2	2	455	
315	0	150	step_2_no_load	5	6	0.575985663078	0.605912419156	6	1113	1	
315	0	151	step_1_no_load	1	2	1	508	
315	0	151	step_2_no_load	3	4	0.310557101463	0.348172164421	3	751	1	
315	0	152	step_1_no_load	1	2	2	414	
315	0	152	step_2_no_load	5	6	0.595108765344	0.644204174791	6	521	1	
315	0	153	step_1_no_load	1	2	1	322	
315	0	153	step_2_no_load	5	6	0.613336203392	0.681559292085	5	459	1	
315	0	154	step_1_no_load	1	2	2	321	
315	0	154	step_2_no_load	3	4	0.348349389262	0.316375537537	3	638	0	
315	0	155	step_1_no_load	1	2	1	783	
315	0	155	step_2_no_load	3	4	0.372188990474	0.296093457977	3	703	1	
315	0	156	step_1_no_load	1	2	2	452	
315	0	156	step_2_no_load	5	6	0.631048201903	0.734436160799	6	574	1	
315	0	157	step_1_no_load	1	2	1	462	
315	0	157	step_2_no_load	3	4	0.324728201487	0.350909357271	3	446	1	
315	0	158	step_1_no_load	1	2	2	357	
315	0	158	step_2_no_load	5	6	0.532722108502	0.694270715354	6	468	0	
315	0	159	step_1_no_load	1	2	1	343	
315	0	159	step_2_no_load	3	4	0.321150411254	0.413026375257	4	888	1	
315	0	160	step_1_no_load	1	2	2	715	
315	0	160	step_2_no_load	3	4	0.355992626298	0.415052912783	3	710	0	
315	0	161	step_1_no_load	1	2	1	592	
315	0	161	step_2_no_load	3	4	0.438878285506	0.407025633682	4	1133	1	
315	0	162	step_1_no_load	1	2	1	670	
315	0	162	step_2_no_load	3	4	0.455329532209	0.3926701003	4	568	0	
315	0	163	step_1_no_load	1	2	2	408	
315	0	163	step_2_no_load	3	4	0.430920885959	0.395221309311	3	838	0	
315	0	164	step_1_no_load	1	2	2	382	
315	0	164	step_2_no_load	5	6	0.585961845322	0.692137394606	6	393	0	
315	0	165	step_1_no_load	1	2	2	764	
315	0	165	step_2_no_load	5	6	0.538026607649	0.717506143195	6	623	0	
315	0	166	step_1_no_load	1	2	1	343	
315	0	166	step_2_no_load	3	4	0.356317216644	0.422282731054	4	749	1	
315	0	167	step_1_no_load	1	2	2	378	
315	0	167	step_2_no_load	5	6	0.585131062446	0.706271792549	5	377	1	
315	0	168	step_1_no_load	1	2	1	467	
315	0	168	step_2_no_load	3	4	0.335777599654	0.400817642375	4	543	0	
315	0	169	step_1_no_load	1	2	2	370	
315	0	169	step_2_no_load	5	6	0.586049140041	0.704981910944	5	400	1	
315	0	170	step_1_no_load	1	2	1	339	
315	0	170	step_2_no_load	3	4	0.364989630435	0.411067820436	4	529	1	
315	0	171	step_1_no_load	1	2	2	536	
315	0	171	step_2_no_load	5	6	0.553314431843	0.727248140829	6	872	1	
315	0	172	step_1_no_load	1	2	1	733	
315	0	172	step_2_no_load	3	4	0.490120307546	0.363617002148	4	1031	1	
315	0	173	step_1_no_load	1	2	2	571	
315	0	173	step_2_no_load	5	6	0.484428109849	0.667027212577	5	1228	1	
315	0	174	step_1_no_load	1	2	2	1171	
315	0	174	step_2_no_load	5	6	0.472729524832	0.729877433725	5	1009	0	
315	0	175	step_1_no_load	1	2	1	309	
315	0	175	step_2_no_load	3	4	0.484825491933	0.426185553904	4	893	0	
315	0	176	step_1_no_load	1	2	2	479	
315	0	176	step_2_no_load	3	4	0.500856457218	0.383231572002	3	783	1	
315	0	177	step_1_no_load	1	2	1	421	
315	0	177	step_2_no_load	3	4	0.4798184927	0.357425668099	4	598	0	
315	0	178	step_1_no_load	1	2	2	588	
315	0	178	step_2_no_load	5	6	0.493712351915	0.705993797498	5	1054	0	
315	0	179	step_1_no_load	1	2	1	583	
315	0	179	step_2_no_load	3	4	0.493565996034	0.324685418097	3	311	1	
315	0	180	step_1_no_load	1	2	2	382	
315	0	180	step_2_no_load	5	6	0.482853857291	0.719795072986	6	435	0	
315	0	181	step_1_no_load	1	2	1	835	
315	0	181	step_2_no_load	5	6	0.508735114046	0.746910336326	6	960	1	
315	0	182	step_1_no_load	1	2	2	934	
315	0	182	step_2_no_load	5	6	0.506773281362	0.72717560423	5	628	1	
315	0	183	step_1_no_load	1	2	2	581	
315	0	183	step_2_no_load	3	4	0.492742497507	0.350175837802	3	658	1	
315	0	184	step_1_no_load	1	2	1	347	
315	0	184	step_2_no_load	3	4	0.480863422096	0.362743255194	4	464	0	
315	0	185	step_1_no_load	1	2	2	510	
315	0	185	step_2_no_load	3	4	0.482228039858	0.362611152222	4	351	1	
315	0	186	step_1_no_load	1	2	1	388	
315	0	186	step_2_no_load	3	4	0.484672582719	0.332733011923	3	372	1	
315	0	187	step_1_no_load	1	2	2	692	
315	0	187	step_2_no_load	5	6	0.443962917772	0.678211978625	6	547	1	
315	0	188	step_1_no_load	1	2	1	496	
315	0	188	step_2_no_load	5	6	0.471319680586	0.696362660087	5	493	0	
315	0	189	step_1_no_load	1	2	2	408	
315	0	189	step_2_no_load	5	6	0.448897869069	0.688353284054	5	815	1	
315	0	190	step_1_no_load	1	2	2	606	
315	0	190	step_2_no_load	5	6	0.433568856946	0.667655825994	5	748	0	
315	0	191	step_1_no_load	1	2	1	309	
315	0	191	step_2_no_load	5	6	0.435748387321	0.664271461991	5	1415	0	
315	0	192	step_1_no_load	1	2	2	361	
315	0	192	step_2_no_load	5	6	0.450791310283	0.705517419189	6	708	1	
315	0	193	step_1_no_load	1	2	1	325	
315	0	193	step_2_no_load	3	4	0.504944704439	0.321008037746	3	390	0	
315	0	194	step_1_no_load	1	2	1	742	
315	0	194	step_2_no_load	3	4	0.505359594715	0.342437174514	4	369	1	
315	0	195	step_1_no_load	1	2	2	486	
315	0	195	step_2_no_load	5	6	0.466795336969	0.646280688878	6	313	1	
315	0	196	step_1_no_load	1	2	1	417	
315	0	196	step_2_no_load	5	6	0.421761207498	0.695101215304	6	726	1	
315	0	197	step_1_no_load	1	2	2	394	
315	0	197	step_2_no_load	5	6	0.422511153127	0.686552522522	6	380	0	
315	0	198	step_1_no_load	1	2	1	475	
315	0	198	step_2_no_load	3	4	0.485065498391	0.303352625941	4	449	0	
315	0	199	step_1_no_load	1	2	2	471	
315	0	199	step_2_no_load	3	4	0.529438031858	0.292861528884	4	318	0	
315	0	200	step_1_no_load	1	2	1	847	
315	0	200	step_2_no_load	3	4	0.507902534353	0.299128796668	3	708	0	

Wed Oct 14 15:09:46 2020
