Fri Oct 16 14:47:48 2020	
316	0	1	step_1_no_load	1	2	-1	-1	
316	0	2	step_1_no_load	1	2	1	351	
316	0	2	step_2_no_load	3	4	0.533203491871	0.474613197709	3	439	1	
316	0	3	step_1_no_load	1	2	1	121	
316	0	3	step_2_no_load	3	4	0.516002945397	0.476767372206	3	330	0	
316	0	4	step_1_no_load	1	2	1	254	
316	0	4	step_2_no_load	3	4	0.494597764192	0.478607661228	4	864	1	
316	0	5	step_1_no_load	1	2	1	114	
316	0	5	step_2_no_load	3	4	0.543908521457	0.495568760483	4	706	1	
316	0	6	step_1_no_load	1	2	1	322	
316	0	6	step_2_no_load	3	4	0.490454120702	0.506877622204	3	559	0	
316	0	7	step_1_no_load	1	2	2	463	
316	0	7	step_2_no_load	3	4	0.506408070053	0.500071913476	3	683	0	
316	0	8	step_1_no_load	1	2	2	602	
316	0	8	step_2_no_load	5	6	0.624210374623	0.59128639594	6	559	0	
316	0	9	step_1_no_load	1	2	1	512	
316	0	9	step_2_no_load	3	4	0.54429228266	0.496546708465	3	741	0	
316	0	10	step_1_no_load	1	2	1	566	
316	0	10	step_2_no_load	3	4	0.576063520885	0.482364178155	4	669	1	
316	0	11	step_1_no_load	1	2	1	525	
316	0	11	step_2_no_load	3	4	0.59022801242	0.477013315682	4	629	0	
316	0	12	step_1_no_load	1	2	2	491	
316	0	12	step_2_no_load	5	6	0.552770607849	0.682786328054	6	1042	0	
316	0	13	step_1_no_load	1	2	2	679	
316	0	13	step_2_no_load	3	4	0.595790490356	0.52012981853	3	799	1	
316	0	14	step_1_no_load	1	2	2	914	
316	0	14	step_2_no_load	5	6	0.545555696267	0.629137942344	6	915	0	
316	0	15	step_1_no_load	1	2	1	478	
316	0	15	step_2_no_load	5	6	0.570419113221	0.612260006668	5	530	1	
316	0	16	step_1_no_load	1	2	1	514	
316	0	16	step_2_no_load	5	6	0.553308964466	0.628091198119	5	598	0	
316	0	17	step_1_no_load	1	2	2	373	
316	0	17	step_2_no_load	3	4	0.643116883134	0.535958400205	3	812	1	
316	0	18	step_1_no_load	1	2	1	453	
316	0	18	step_2_no_load	5	6	0.553554620302	0.626834332012	5	543	1	
316	0	19	step_1_no_load	1	2	2	249	
316	0	19	step_2_no_load	3	4	0.644773170243	0.498240186199	3	441	0	
316	0	20	step_1_no_load	1	2	1	194	
316	0	20	step_2_no_load	5	6	0.491720931314	0.636521555122	5	495	0	
316	0	21	step_1_no_load	1	2	2	446	
316	0	21	step_2_no_load	5	6	0.470207377245	0.630305464549	5	632	1	
316	0	22	step_1_no_load	1	2	2	890	
316	0	22	step_2_no_load	3	4	0.618527126547	0.506100011497	4	919	1	
316	0	23	step_1_no_load	1	2	2	269	
316	0	23	step_2_no_load	5	6	0.513759772011	0.640163623731	6	1162	1	
316	0	24	step_1_no_load	1	2	2	303	
316	0	24	step_2_no_load	5	6	0.503316199018	0.582115115688	5	377	0	
316	0	25	step_1_no_load	1	2	1	505	
316	0	25	step_2_no_load	5	6	0.503605105412	0.565698722896	6	910	1	
316	0	26	step_1_no_load	1	2	2	517	
316	0	26	step_2_no_load	5	6	0.532884212818	0.592410219737	6	831	1	
316	0	27	step_1_no_load	1	2	1	423	
316	0	27	step_2_no_load	3	4	0.642144756622	0.507272671939	4	1040	0	
316	0	28	step_1_no_load	1	2	2	442	
316	0	28	step_2_no_load	5	6	0.553259388875	0.588356036098	6	972	0	
316	0	29	step_1_no_load	1	2	1	378	
316	0	29	step_2_no_load	5	6	0.561957580386	0.606613029227	6	1065	1	
316	0	30	step_1_no_load	1	2	1	628	
316	0	30	step_2_no_load	5	6	0.574272497114	0.608245979832	6	901	1	
316	0	31	step_1_no_load	1	2	2	566	
316	0	31	step_2_no_load	3	4	0.606122691795	0.483156722265	3	1299	0	
316	0	32	step_1_no_load	1	2	1	567	
316	0	32	step_2_no_load	3	4	0.605616211083	0.520318771114	-1	-1	-1	
316	0	33	step_1_no_load	1	2	2	221	
316	0	33	step_2_no_load	3	4	0.618000238621	0.487664344039	4	1059	1	
316	0	34	step_1_no_load	1	2	1	504	
316	0	34	step_2_no_load	3	4	0.670290552209	0.454565258478	4	1153	0	
316	0	35	step_1_no_load	1	2	2	304	
316	0	35	step_2_no_load	5	6	0.594167768198	0.566827313385	6	915	0	
316	0	36	step_1_no_load	1	2	2	186	
316	0	36	step_2_no_load	5	6	0.611274573488	0.527635087561	6	869	1	
316	0	37	step_1_no_load	1	2	2	579	
316	0	37	step_2_no_load	3	4	0.660658056664	0.543074626387	-1	-1	-1	
316	0	38	step_1_no_load	1	2	-1	-1	
316	0	39	step_1_no_load	1	2	-1	-1	
316	0	40	step_1_no_load	1	2	-1	-1	
316	0	41	step_1_no_load	1	2	1	819	
316	0	41	step_2_no_load	3	4	0.633285941184	0.583829055298	4	829	0	
316	0	42	step_1_no_load	1	2	2	510	
316	0	42	step_2_no_load	5	6	0.609164606591	0.533857158543	6	1127	1	
316	0	43	step_1_no_load	1	2	2	349	
316	0	43	step_2_no_load	5	6	0.612705031264	0.553703096215	6	764	1	
316	0	44	step_1_no_load	1	2	2	396	
316	0	44	step_2_no_load	5	6	0.611481438855	0.541854396676	6	1062	0	
316	0	45	step_1_no_load	1	2	2	844	
316	0	45	step_2_no_load	3	4	0.620699591043	0.5288039409	3	1194	1	
316	0	46	step_1_no_load	1	2	1	775	
316	0	46	step_2_no_load	3	4	0.654261318712	0.532238720495	4	873	0	
316	0	47	step_1_no_load	1	2	2	509	
316	0	47	step_2_no_load	5	6	0.598724660986	0.546259467838	6	703	0	
316	0	48	step_1_no_load	1	2	1	491	
316	0	48	step_2_no_load	3	4	0.657624935632	0.488280685105	3	847	0	
316	0	49	step_1_no_load	1	2	2	363	
316	0	49	step_2_no_load	5	6	0.610193185592	0.512405963374	6	501	1	
316	0	50	step_1_no_load	1	2	2	517	
316	0	50	step_2_no_load	5	6	0.606862017918	0.481616544184	6	725	1	
316	0	51	step_1_no_load	1	2	2	355	
316	0	51	step_2_no_load	5	6	0.564866799699	0.508197321577	6	728	0	
316	0	52	step_1_no_load	1	2	1	442	
316	0	52	step_2_no_load	3	4	0.613408921915	0.429622901875	3	538	1	
316	0	53	step_1_no_load	1	2	1	333	
316	0	53	step_2_no_load	3	4	0.630956764252	0.451905460347	3	608	1	
316	0	54	step_1_no_load	1	2	1	333	
316	0	54	step_2_no_load	3	4	0.652515308527	0.491512498697	3	678	1	
316	0	55	step_1_no_load	1	2	1	553	
316	0	55	step_2_no_load	3	4	0.639840796975	0.487025527704	3	622	0	
316	0	56	step_1_no_load	1	2	2	389	
316	0	56	step_2_no_load	5	6	0.601856598146	0.538512915562	6	892	0	
316	0	57	step_1_no_load	1	2	2	1	
316	0	57	step_2_no_load	3	4	0.586335094239	0.466449077359	3	752	1	
316	0	58	step_1_no_load	1	2	2	453	
316	0	58	step_2_no_load	5	6	0.664682809182	0.528376440027	5	431	1	
316	0	59	step_1_no_load	1	2	2	362	
316	0	59	step_2_no_load	5	6	0.632500293208	0.537400760025	5	519	0	
316	0	60	step_1_no_load	1	2	2	280	
316	0	60	step_2_no_load	3	4	0.599559577859	0.491916707098	3	587	1	
316	0	61	step_1_no_load	1	2	1	146	
316	0	61	step_2_no_load	5	6	0.669587072502	0.527144452559	6	835	0	
316	0	62	step_1_no_load	1	2	2	378	
316	0	62	step_2_no_load	5	6	0.691137204746	0.533031417444	6	1084	1	
316	0	63	step_1_no_load	1	2	2	516	
316	0	63	step_2_no_load	5	6	0.664284493458	0.519445130796	6	538	0	
316	0	64	step_1_no_load	1	2	1	127	
316	0	64	step_2_no_load	3	4	0.626149195169	0.555062911513	3	1087	1	
316	0	65	step_1_no_load	1	2	1	0	
316	0	65	step_2_no_load	5	6	0.612660225018	0.517687993213	5	290	1	
316	0	66	step_1_no_load	1	2	2	325	
316	0	66	step_2_no_load	5	6	0.606938648072	0.555324764318	5	505	0	
316	0	67	step_1_no_load	1	2	1	405	
316	0	67	step_2_no_load	3	4	0.674463681351	0.542076810516	4	454	1	
316	0	68	step_1_no_load	1	2	-1	-1	
316	0	69	step_1_no_load	1	2	1	479	
316	0	69	step_2_no_load	3	4	0.718756538957	0.499137600991	3	816	1	
316	0	70	step_1_no_load	1	2	1	514	
316	0	70	step_2_no_load	3	4	0.697741832068	0.498834901463	3	622	1	
316	0	71	step_1_no_load	1	2	1	403	
316	0	71	step_2_no_load	5	6	0.639174917797	0.546215110045	6	739	0	
316	0	72	step_1_no_load	1	2	2	388	
316	0	72	step_2_no_load	3	4	0.705884789502	0.47409116389	3	935	1	
316	0	73	step_1_no_load	1	2	2	338	
316	0	73	step_2_no_load	5	6	0.657126403029	0.50185699984	6	527	0	
316	0	74	step_1_no_load	1	2	2	307	
316	0	74	step_2_no_load	5	6	0.614462146454	0.491044983779	6	392	1	
316	0	75	step_1_no_load	1	2	2	331	
316	0	75	step_2_no_load	5	6	0.615552849174	0.483983914712	6	417	0	
316	0	76	step_1_no_load	1	2	1	213	
316	0	76	step_2_no_load	3	4	0.690117652944	0.488583631821	3	564	1	
316	0	77	step_1_no_load	1	2	1	595	
316	0	77	step_2_no_load	3	4	0.679737625371	0.446809557226	3	532	1	
316	0	78	step_1_no_load	1	2	1	612	
316	0	78	step_2_no_load	5	6	0.536711448352	0.538654072849	5	620	1	
316	0	79	step_1_no_load	1	2	1	776	
316	0	79	step_2_no_load	3	4	0.647841624544	0.389124152368	4	669	1	
316	0	80	step_1_no_load	1	2	1	470	
316	0	80	step_2_no_load	5	6	0.518583383166	0.49921021142	6	547	0	
316	0	81	step_1_no_load	1	2	2	465	
316	0	81	step_2_no_load	3	4	0.702400933084	0.419265522488	4	637	0	
316	0	82	step_1_no_load	1	2	1	388	
316	0	82	step_2_no_load	3	4	0.688340116885	0.395813831323	3	543	1	
316	0	83	step_1_no_load	1	2	1	314	
316	0	83	step_2_no_load	3	4	0.726885136842	0.382772464038	3	432	1	
316	0	84	step_1_no_load	1	2	1	261	
316	0	84	step_2_no_load	5	6	0.65843840156	0.505586222209	5	423	1	
316	0	85	step_1_no_load	1	2	1	271	
316	0	85	step_2_no_load	5	6	0.692384972752	0.485785534744	5	294	1	
316	0	86	step_1_no_load	1	2	1	347	
316	0	86	step_2_no_load	3	4	0.721207648497	0.345323068124	3	543	1	
316	0	87	step_1_no_load	1	2	1	346	
316	0	87	step_2_no_load	3	4	0.690012761069	0.40000499778	4	623	1	
316	0	88	step_1_no_load	1	2	2	659	
316	0	88	step_2_no_load	5	6	0.717410082358	0.509563243675	6	449	0	
316	0	89	step_1_no_load	1	2	1	312	
316	0	89	step_2_no_load	3	4	0.660112261017	0.415882489686	3	476	0	
316	0	90	step_1_no_load	1	2	2	346	
316	0	90	step_2_no_load	3	4	0.688736868033	0.411459496853	4	424	0	
316	0	91	step_1_no_load	1	2	1	366	
316	0	91	step_2_no_load	3	4	0.657820521772	0.43534164751	3	419	0	
316	0	92	step_1_no_load	1	2	2	468	
316	0	92	step_2_no_load	3	4	0.679381608313	0.444368850664	4	504	0	
316	0	93	step_1_no_load	1	2	1	361	
316	0	93	step_2_no_load	3	4	0.662863370634	0.439878153082	3	673	1	
316	0	94	step_1_no_load	1	2	1	314	
316	0	94	step_2_no_load	3	4	0.668295023896	0.429211756872	3	445	1	
316	0	95	step_1_no_load	1	2	1	365	
316	0	95	step_2_no_load	3	4	0.640209855442	0.427150666411	3	584	1	
316	0	96	step_1_no_load	1	2	1	266	
316	0	96	step_2_no_load	3	4	0.663095813561	0.383038640121	3	516	1	
316	0	97	step_1_no_load	1	2	1	413	
316	0	97	step_2_no_load	3	4	0.651202057411	0.392885664353	3	446	1	
316	0	98	step_1_no_load	1	2	1	0	
316	0	98	step_2_no_load	3	4	0.646040060297	0.409778171713	3	176	0	
316	0	99	step_1_no_load	1	2	1	116	
316	0	99	step_2_no_load	3	4	0.645191748454	0.397561363605	3	368	0	
316	0	100	step_1_no_load	1	2	2	217	
316	0	100	step_2_no_load	5	6	0.666227451505	0.363162156005	6	756	1	
316	0	101	step_1_no_load	1	2	2	41	
316	0	101	step_2_no_load	5	6	0.623812401974	0.366879421891	6	540	1	
316	0	102	step_1_no_load	1	2	2	410	
316	0	102	step_2_no_load	5	6	0.666304534392	0.326080462175	6	705	0	
316	0	103	step_1_no_load	1	2	1	247	
316	0	103	step_2_no_load	5	6	0.663997796029	0.322834495838	6	752	1	
316	0	104	step_1_no_load	1	2	1	513	
316	0	104	step_2_no_load	3	4	0.743372642809	0.521047445908	4	748	1	
316	0	105	step_1_no_load	1	2	2	714	
316	0	105	step_2_no_load	5	6	0.689135357059	0.352639603242	6	538	1	
316	0	106	step_1_no_load	1	2	2	303	
316	0	106	step_2_no_load	5	6	0.712883638252	0.374131494222	6	409	1	
316	0	107	step_1_no_load	1	2	2	373	
316	0	107	step_2_no_load	5	6	0.692607431435	0.388257337796	6	927	0	
316	0	108	step_1_no_load	1	2	1	470	
316	0	108	step_2_no_load	3	4	0.681491063126	0.526955028982	3	614	1	
316	0	109	step_1_no_load	1	2	1	426	
316	0	109	step_2_no_load	3	4	0.68658494263	0.479977531501	3	689	0	
316	0	110	step_1_no_load	1	2	2	360	
316	0	110	step_2_no_load	3	4	0.65455226558	0.432626681236	4	579	1	
316	0	111	step_1_no_load	1	2	2	285	
316	0	111	step_2_no_load	5	6	0.724852671171	0.407158158569	6	520	1	
316	0	112	step_1_no_load	1	2	2	275	
316	0	112	step_2_no_load	5	6	0.725701866094	0.413393106784	6	399	1	
316	0	113	step_1_no_load	1	2	2	14	
316	0	113	step_2_no_load	5	6	0.719324307956	0.387112818105	6	317	0	
316	0	114	step_1_no_load	1	2	1	304	
316	0	114	step_2_no_load	3	4	0.657654904272	0.380324086676	3	234	1	
316	0	115	step_1_no_load	1	2	1	316	
316	0	115	step_2_no_load	3	4	0.645721217949	0.390027643099	3	270	1	
316	0	116	step_1_no_load	1	2	1	10	
316	0	116	step_2_no_load	3	4	0.680124293449	0.378149844807	3	20	1	
316	0	117	step_1_no_load	1	2	1	230	
316	0	117	step_2_no_load	5	6	0.747012267642	0.363056877927	5	314	0	
316	0	118	step_1_no_load	1	2	1	7	
316	0	118	step_2_no_load	3	4	0.690484235012	0.357645851833	3	546	1	
316	0	119	step_1_no_load	1	2	1	8	
316	0	119	step_2_no_load	5	6	0.690424535099	0.358243439099	5	36	1	
316	0	120	step_1_no_load	1	2	1	3	
316	0	120	step_2_no_load	3	4	0.666433355915	0.370150243662	3	427	1	
316	0	121	step_1_no_load	1	2	1	219	
316	0	121	step_2_no_load	5	6	0.658856304095	0.310775244958	5	445	1	
316	0	122	step_1_no_load	1	2	1	4	
316	0	122	step_2_no_load	3	4	0.672193618854	0.329624572119	3	206	0	
316	0	123	step_1_no_load	1	2	1	3	
316	0	123	step_2_no_load	3	4	0.664849878232	0.337526896345	3	351	1	
316	0	124	step_1_no_load	1	2	1	5	
316	0	124	step_2_no_load	3	4	0.624161788269	0.309430836661	3	162	0	
316	0	125	step_1_no_load	1	2	2	11	
316	0	125	step_2_no_load	3	4	0.633566302563	0.303110862715	4	388	1	
316	0	126	step_1_no_load	1	2	2	325	
316	0	126	step_2_no_load	3	4	0.600985760967	0.300846667696	4	676	0	
316	0	127	step_1_no_load	1	2	2	164	
316	0	127	step_2_no_load	5	6	0.560824094575	0.273483952592	6	3	0	
316	0	128	step_1_no_load	1	2	2	207	
316	0	128	step_2_no_load	3	4	0.620672334996	0.250790232267	4	323	1	
316	0	129	step_1_no_load	1	2	2	10	
316	0	129	step_2_no_load	3	4	0.632682846317	0.271709703542	4	78	0	
316	0	130	step_1_no_load	1	2	2	263	
316	0	130	step_2_no_load	5	6	0.682031489739	0.267460866951	6	454	1	
316	0	131	step_1_no_load	1	2	2	346	
316	0	131	step_2_no_load	5	6	0.678044920845	0.281500842289	6	33	1	
316	0	132	step_1_no_load	1	2	2	8	
316	0	132	step_2_no_load	3	4	0.660013924697	0.315328810424	4	287	0	
316	0	133	step_1_no_load	1	2	2	7	
316	0	133	step_2_no_load	5	6	0.617383991623	0.315608831386	6	539	0	
316	0	134	step_1_no_load	1	2	1	402	
316	0	134	step_2_no_load	3	4	0.685529359147	0.302839427162	3	305	1	
316	0	135	step_1_no_load	1	2	2	367	
316	0	135	step_2_no_load	5	6	0.593710006149	0.300079459047	5	1341	1	
316	0	136	step_1_no_load	1	2	1	525	
316	0	136	step_2_no_load	5	6	0.597814413435	0.307766925452	5	428	1	
316	0	137	step_1_no_load	1	2	1	379	
316	0	137	step_2_no_load	5	6	0.605896884497	0.346433498467	5	577	0	
316	0	138	step_1_no_load	1	2	2	257	
316	0	138	step_2_no_load	3	4	0.688182193337	0.307694123906	3	524	1	
316	0	139	step_1_no_load	1	2	2	319	
316	0	139	step_2_no_load	5	6	0.636630981281	0.325611400511	5	393	0	
316	0	140	step_1_no_load	1	2	2	493	
316	0	140	step_2_no_load	3	4	0.637682840728	0.328174526491	4	892	0	
316	0	141	step_1_no_load	1	2	1	256	
316	0	141	step_2_no_load	3	4	0.616803346728	0.311809871418	3	684	1	
316	0	142	step_1_no_load	1	2	1	343	
316	0	142	step_2_no_load	3	4	0.627356259123	0.304203281606	3	714	1	
316	0	143	step_1_no_load	1	2	1	411	
316	0	143	step_2_no_load	3	4	0.610219102298	0.313516825296	3	663	0	
316	0	144	step_1_no_load	1	2	2	509	
316	0	144	step_2_no_load	5	6	0.626443722248	0.389234194056	6	1246	0	
316	0	145	step_1_no_load	1	2	2	667	
316	0	145	step_2_no_load	3	4	0.606515632748	0.266265924094	3	515	1	
316	0	146	step_1_no_load	1	2	1	460	
316	0	146	step_2_no_load	3	4	0.593778463268	0.257861956214	3	539	1	
316	0	147	step_1_no_load	1	2	1	496	
316	0	147	step_2_no_load	3	4	0.594861186319	0.265578160642	3	711	0	
316	0	148	step_1_no_load	1	2	2	356	
316	0	148	step_2_no_load	5	6	0.619272702026	0.311162711725	6	369	0	
316	0	149	step_1_no_load	1	2	2	314	
316	0	149	step_2_no_load	5	6	0.601870110183	0.300290206122	6	439	0	
316	0	150	step_1_no_load	1	2	1	280	
316	0	150	step_2_no_load	3	4	0.605912419156	0.305587692243	3	405	1	
316	0	151	step_1_no_load	1	2	1	362	
316	0	151	step_2_no_load	5	6	0.59154759351	0.310557101463	5	969	1	
316	0	152	step_1_no_load	1	2	1	490	
316	0	152	step_2_no_load	3	4	0.644204174791	0.307702500543	3	459	0	
316	0	153	step_1_no_load	1	2	2	245	
316	0	153	step_2_no_load	5	6	0.613336203392	0.343622632154	6	190	0	
316	0	154	step_1_no_load	1	2	1	323	
316	0	154	step_2_no_load	3	4	0.671672162443	0.316375537537	3	232	1	
316	0	155	step_1_no_load	1	2	1	476	
316	0	155	step_2_no_load	3	4	0.716100930629	0.296093457977	3	323	1	
316	0	156	step_1_no_load	1	2	1	30	
316	0	156	step_2_no_load	3	4	0.734436160799	0.32564867104	3	443	1	
316	0	157	step_1_no_load	1	2	1	205	
316	0	157	step_2_no_load	3	4	0.720725456325	0.350909357271	3	457	1	
316	0	158	step_1_no_load	1	2	1	212	
316	0	158	step_2_no_load	5	6	0.532722108502	0.334595868098	6	960	0	
316	0	159	step_1_no_load	1	2	1	292	
316	0	159	step_2_no_load	5	6	0.541222065796	0.321150411254	6	777	1	
316	0	160	step_1_no_load	1	2	1	41	
316	0	160	step_2_no_load	3	4	0.710728171711	0.415052912783	3	491	1	
316	0	161	step_1_no_load	1	2	2	7	
316	0	161	step_2_no_load	5	6	0.516036498158	0.438878285506	6	522	0	
316	0	162	step_1_no_load	1	2	2	5	
316	0	162	step_2_no_load	5	6	0.566496468084	0.455329532209	6	417	0	
316	0	163	step_1_no_load	1	2	2	333	
316	0	163	step_2_no_load	3	4	0.697095951435	0.395221309311	3	626	0	
316	0	164	step_1_no_load	1	2	1	121	
316	0	164	step_2_no_load	3	4	0.692137394606	0.432761720497	3	399	0	
316	0	165	step_1_no_load	1	2	1	288	
316	0	165	step_2_no_load	3	4	0.717506143195	0.463777557969	4	465	0	
316	0	166	step_1_no_load	1	2	2	53	
316	0	166	step_2_no_load	5	6	0.549095060025	0.356317216644	6	550	0	
316	0	167	step_1_no_load	1	2	1	282	
316	0	167	step_2_no_load	5	6	0.585131062446	0.331115714939	5	349	1	
316	0	168	step_1_no_load	1	2	1	283	
316	0	168	step_2_no_load	5	6	0.613361520676	0.335777599654	5	459	1	
316	0	169	step_1_no_load	1	2	1	288	
316	0	169	step_2_no_load	3	4	0.704981910944	0.42098542374	3	342	1	
316	0	170	step_1_no_load	1	2	1	285	
316	0	170	step_2_no_load	5	6	0.57151385403	0.364989630435	5	330	0	
316	0	171	step_1_no_load	1	2	1	343	
316	0	171	step_2_no_load	3	4	0.727248140829	0.386979310814	3	214	0	
316	0	172	step_1_no_load	1	2	2	251	
316	0	172	step_2_no_load	5	6	0.519090471457	0.490120307546	6	757	0	
316	0	173	step_1_no_load	1	2	1	236	
316	0	173	step_2_no_load	3	4	0.667027212577	0.385349297983	3	267	1	
316	0	174	step_1_no_load	1	2	1	166	
316	0	174	step_2_no_load	3	4	0.729877433725	0.387867297446	3	388	0	
316	0	175	step_1_no_load	1	2	1	10	
316	0	175	step_2_no_load	3	4	0.693968268443	0.426185553904	3	439	1	
316	0	176	step_1_no_load	1	2	1	287	
316	0	176	step_2_no_load	3	4	0.679250000396	0.383231572002	3	325	0	
316	0	177	step_1_no_load	1	2	2	214	
316	0	177	step_2_no_load	5	6	0.501268576771	0.4798184927	6	281	1	
316	0	178	step_1_no_load	1	2	2	284	
316	0	178	step_2_no_load	5	6	0.493712351915	0.49020858644	6	502	1	
316	0	179	step_1_no_load	1	2	2	244	
316	0	179	step_2_no_load	5	6	0.457298770028	0.493565996034	6	560	1	
316	0	180	step_1_no_load	1	2	2	1	
316	0	180	step_2_no_load	3	4	0.719795072986	0.341214611607	4	379	1	
316	0	181	step_1_no_load	1	2	2	340	
316	0	181	step_2_no_load	3	4	0.746910336326	0.342402764747	3	754	1	
316	0	182	step_1_no_load	1	2	2	228	
316	0	182	step_2_no_load	5	6	0.506773281362	0.49907747228	6	680	1	
316	0	183	step_1_no_load	1	2	2	624	
316	0	183	step_2_no_load	3	4	0.720388040749	0.350175837802	3	930	1	
316	0	184	step_1_no_load	1	2	2	435	
316	0	184	step_2_no_load	5	6	0.460890977786	0.480863422096	6	534	1	
316	0	185	step_1_no_load	1	2	2	363	
316	0	185	step_2_no_load	5	6	0.479703516092	0.482228039858	6	429	1	
316	0	186	step_1_no_load	1	2	2	336	
316	0	186	step_2_no_load	5	6	0.46870859828	0.484672582719	6	408	0	
316	0	187	step_1_no_load	1	2	1	389	
316	0	187	step_2_no_load	3	4	0.678211978625	0.328890769988	3	607	0	
316	0	188	step_1_no_load	1	2	1	616	
316	0	188	step_2_no_load	3	4	0.696362660087	0.291508050861	3	516	0	
316	0	189	step_1_no_load	1	2	2	494	
316	0	189	step_2_no_load	5	6	0.448897869069	0.534753756004	5	1005	1	
316	0	190	step_1_no_load	1	2	2	278	
316	0	190	step_2_no_load	5	6	0.433568856946	0.505820429042	5	446	0	
316	0	191	step_1_no_load	1	2	2	213	
316	0	191	step_2_no_load	5	6	0.435748387321	0.512103523931	5	297	0	
316	0	192	step_1_no_load	1	2	1	121	
316	0	192	step_2_no_load	5	6	0.450791310283	0.493851022417	5	414	1	
316	0	193	step_1_no_load	1	2	1	86	
316	0	193	step_2_no_load	3	4	0.679792491164	0.321008037746	3	301	1	
316	0	194	step_1_no_load	1	2	1	139	
316	0	194	step_2_no_load	3	4	0.655261361454	0.342437174514	3	260	1	
316	0	195	step_1_no_load	1	2	1	247	
316	0	195	step_2_no_load	3	4	0.646280688878	0.348571348505	3	316	0	
316	0	196	step_1_no_load	1	2	2	123	
316	0	196	step_2_no_load	3	4	0.695101215304	0.365373286058	4	251	0	
316	0	197	step_1_no_load	1	2	1	378	
316	0	197	step_2_no_load	5	6	0.422511153127	0.47786945426	5	790	0	
316	0	198	step_1_no_load	1	2	1	228	
316	0	198	step_2_no_load	3	4	0.68660989813	0.303352625941	3	290	1	
316	0	199	step_1_no_load	1	2	1	211	
316	0	199	step_2_no_load	3	4	0.73697129762	0.292861528884	3	417	1	
316	0	200	step_1_no_load	1	2	1	503	
316	0	200	step_2_no_load	5	6	0.372436949782	0.507902534353	5	330	0	

Fri Oct 16 15:06:45 2020
