Tue Oct 20 15:13:41 2020	
317	0	1	step_1_no_load	1	2	1	748	
317	0	1	step_2_no_load	3	4	0.598297890399	0.457620150462	4	1065	0	
317	0	2	step_1_no_load	1	2	2	902	
317	0	2	step_2_no_load	5	6	0.610961032466	0.533203491871	5	1090	0	
317	0	3	step_1_no_load	1	2	1	1063	
317	0	3	step_2_no_load	5	6	0.589215227351	0.516002945397	5	1219	1	
317	0	4	step_1_no_load	1	2	-1	-1	
317	0	5	step_1_no_load	1	2	1	632	
317	0	5	step_2_no_load	3	4	0.623810210114	0.495568760483	3	1095	0	
317	0	6	step_1_no_load	1	2	1	846	
317	0	6	step_2_no_load	3	4	0.585722686883	0.506877622204	3	845	0	
317	0	7	step_1_no_load	1	2	2	1307	
317	0	7	step_2_no_load	5	6	0.622642364361	0.506408070053	5	664	1	
317	0	8	step_1_no_load	1	2	2	1086	
317	0	8	step_2_no_load	3	4	0.59128639594	0.489816616396	3	671	1	
317	0	9	step_1_no_load	1	2	2	904	
317	0	9	step_2_no_load	5	6	0.641106877158	0.54429228266	6	1208	0	
317	0	10	step_1_no_load	1	2	2	1049	
317	0	10	step_2_no_load	3	4	0.652626043146	0.482364178155	3	770	1	
317	0	11	step_1_no_load	1	2	2	878	
317	0	11	step_2_no_load	5	6	0.609191465743	0.59022801242	5	1024	0	
317	0	12	step_1_no_load	1	2	2	1429	
317	0	12	step_2_no_load	3	4	0.682786328054	0.48457206759	3	751	0	
317	0	13	step_1_no_load	1	2	2	591	
317	0	13	step_2_no_load	5	6	0.558313135925	0.595790490356	6	1033	1	
317	0	14	step_1_no_load	1	2	2	714	
317	0	14	step_2_no_load	5	6	0.545555696267	0.611256675753	6	794	1	
317	0	15	step_1_no_load	1	2	2	1008	
317	0	15	step_2_no_load	3	4	0.612260006668	0.505377237737	4	822	1	
317	0	16	step_1_no_load	1	2	2	614	
317	0	16	step_2_no_load	5	6	0.553308964466	0.626326396372	6	689	1	
317	0	17	step_1_no_load	1	2	2	641	
317	0	17	step_2_no_load	5	6	0.562895132605	0.643116883134	6	607	1	
317	0	18	step_1_no_load	1	2	2	683	
317	0	18	step_2_no_load	5	6	0.553554620302	0.626895526976	6	593	0	
317	0	19	step_1_no_load	1	2	2	1069	
317	0	19	step_2_no_load	5	6	0.536502319591	0.644773170243	5	1066	0	
317	0	20	step_1_no_load	1	2	2	619	
317	0	20	step_2_no_load	5	6	0.491720931314	0.60665343963	5	685	1	
317	0	21	step_1_no_load	1	2	2	667	
317	0	21	step_2_no_load	5	6	0.470207377245	0.611328949295	5	655	0	
317	0	22	step_1_no_load	1	2	2	563	
317	0	22	step_2_no_load	5	6	0.468700882609	0.618527126547	6	1032	0	
317	0	23	step_1_no_load	1	2	2	549	
317	0	23	step_2_no_load	3	4	0.640163623731	0.520606588181	4	838	0	
317	0	24	step_1_no_load	1	2	1	705	
317	0	24	step_2_no_load	5	6	0.503316199018	0.5800912085	5	624	1	
317	0	25	step_1_no_load	1	2	1	887	
317	0	25	step_2_no_load	3	4	0.565698722896	0.503316372362	3	904	0	
317	0	26	step_1_no_load	1	2	1	552	
317	0	26	step_2_no_load	3	4	0.592410219737	0.511744353778	4	583	1	
317	0	27	step_1_no_load	1	2	1	780	
317	0	27	step_2_no_load	3	4	0.57860777711	0.507272671939	4	776	1	
317	0	28	step_1_no_load	1	2	1	947	
317	0	28	step_2_no_load	3	4	0.588356036098	0.520177259699	4	623	1	
317	0	29	step_1_no_load	1	2	1	851	
317	0	29	step_2_no_load	3	4	0.606613029227	0.521159009103	4	703	0	
317	0	30	step_1_no_load	1	2	2	677	
317	0	30	step_2_no_load	3	4	0.608245979832	0.4919199548	3	895	1	
317	0	31	step_1_no_load	1	2	2	815	
317	0	31	step_2_no_load	5	6	0.541819886458	0.606122691795	6	939	0	
317	0	32	step_1_no_load	1	2	2	570	
317	0	32	step_2_no_load	5	6	0.522993086096	0.605616211083	6	590	0	
317	0	33	step_1_no_load	1	2	2	1321	
317	0	33	step_2_no_load	3	4	0.611700032906	0.487664344039	4	854	1	
317	0	34	step_1_no_load	1	2	2	884	
317	0	34	step_2_no_load	5	6	0.538523758058	0.670290552209	5	1222	1	
317	0	35	step_1_no_load	1	2	2	744	
317	0	35	step_2_no_load	5	6	0.594167768198	0.649776015006	5	889	0	
317	0	36	step_1_no_load	1	2	2	586	
317	0	36	step_2_no_load	5	6	0.611274573488	0.661229326326	6	613	1	
317	0	37	step_1_no_load	1	2	2	571	
317	0	37	step_2_no_load	3	4	0.513822304161	0.543074626387	3	1016	1	
317	0	38	step_1_no_load	1	2	2	763	
317	0	38	step_2_no_load	3	4	0.539078491643	0.553931241266	4	750	0	
317	0	39	step_1_no_load	1	2	2	706	
317	0	39	step_2_no_load	3	4	0.557005857101	0.578640235206	3	962	1	
317	0	40	step_1_no_load	1	2	2	566	
317	0	40	step_2_no_load	5	6	0.607992802154	0.636994900683	5	737	0	
317	0	41	step_1_no_load	1	2	2	590	
317	0	41	step_2_no_load	5	6	0.588857868869	0.633285941184	5	867	1	
317	0	42	step_1_no_load	1	2	2	799	
317	0	42	step_2_no_load	5	6	0.609164606591	0.606696263624	6	801	0	
317	0	43	step_1_no_load	1	2	2	608	
317	0	43	step_2_no_load	5	6	0.612705031264	0.581931546759	5	701	1	
317	0	44	step_1_no_load	1	2	1	914	
317	0	44	step_2_no_load	3	4	0.541854396676	0.537842745081	3	1240	0	
317	0	45	step_1_no_load	1	2	1	847	
317	0	45	step_2_no_load	3	4	0.579346234508	0.5288039409	4	598	0	
317	0	46	step_1_no_load	1	2	2	426	
317	0	46	step_2_no_load	5	6	0.600964500555	0.654261318712	5	1209	1	
317	0	47	step_1_no_load	1	2	2	523	
317	0	47	step_2_no_load	3	4	0.546259467838	0.493112702321	4	942	1	
317	0	48	step_1_no_load	1	2	2	635	
317	0	48	step_2_no_load	5	6	0.615767119776	0.657624935632	6	1195	0	
317	0	49	step_1_no_load	1	2	2	605	
317	0	49	step_2_no_load	5	6	0.610193185592	0.614679490594	6	1002	1	
317	0	50	step_1_no_load	1	2	2	665	
317	0	50	step_2_no_load	3	4	0.481616544184	0.47381367271	4	929	0	
317	0	51	step_1_no_load	1	2	2	547	
317	0	51	step_2_no_load	5	6	0.564866799699	0.613357430892	5	1244	1	
317	0	52	step_1_no_load	1	2	2	666	
317	0	52	step_2_no_load	5	6	0.539065404057	0.613408921915	5	892	1	
317	0	53	step_1_no_load	1	2	2	797	
317	0	53	step_2_no_load	3	4	0.475342927439	0.451905460347	4	919	1	
317	0	54	step_1_no_load	1	2	2	538	
317	0	54	step_2_no_load	3	4	0.493362545513	0.491512498697	3	970	1	
317	0	55	step_1_no_load	1	2	2	533	
317	0	55	step_2_no_load	5	6	0.574045915747	0.639840796975	6	1301	1	
317	0	56	step_1_no_load	1	2	2	513	
317	0	56	step_2_no_load	5	6	0.601856598146	0.60038825769	6	913	1	
317	0	57	step_1_no_load	1	2	2	562	
317	0	57	step_2_no_load	5	6	0.641849303307	0.586335094239	6	1346	1	
317	0	58	step_1_no_load	1	2	2	471	
317	0	58	step_2_no_load	5	6	0.664682809182	0.610896130115	5	489	1	
317	0	59	step_1_no_load	1	2	2	534	
317	0	59	step_2_no_load	3	4	0.537400760025	0.480274332693	4	803	0	
317	0	60	step_1_no_load	1	2	2	560	
317	0	60	step_2_no_load	3	4	0.479287247283	0.491916707098	3	923	1	
317	0	61	step_1_no_load	1	2	2	504	
317	0	61	step_2_no_load	3	4	0.527144452559	0.464268875813	3	1378	1	
317	0	62	step_1_no_load	1	2	2	554	
317	0	62	step_2_no_load	5	6	0.691137204746	0.622820395113	5	1449	1	
317	0	63	step_1_no_load	1	2	2	680	
317	0	63	step_2_no_load	5	6	0.664284493458	0.642623127313	6	814	0	
317	0	64	step_1_no_load	1	2	2	517	
317	0	64	step_2_no_load	3	4	0.533849886794	0.555062911513	3	924	1	
317	0	65	step_1_no_load	1	2	2	539	
317	0	65	step_2_no_load	3	4	0.517687993213	0.569109504048	4	1331	1	
317	0	66	step_1_no_load	1	2	2	523	
317	0	66	step_2_no_load	5	6	0.606938648072	0.630357351236	5	1011	0	
317	0	67	step_1_no_load	1	2	2	352	
317	0	67	step_2_no_load	5	6	0.597650193897	0.674463681351	6	1178	1	
317	0	68	step_1_no_load	1	2	2	1132	
317	0	68	step_2_no_load	5	6	0.622963076372	0.719455209845	5	751	1	
317	0	69	step_1_no_load	1	2	2	479	
317	0	69	step_2_no_load	5	6	0.622221685203	0.718756538957	6	1003	1	
317	0	70	step_1_no_load	1	2	2	559	
317	0	70	step_2_no_load	5	6	0.637556284465	0.697741832068	6	745	1	
317	0	71	step_1_no_load	1	2	2	375	
317	0	71	step_2_no_load	5	6	0.639174917797	0.706816191949	5	783	1	
317	0	72	step_1_no_load	1	2	2	684	
317	0	72	step_2_no_load	3	4	0.556486305476	0.47409116389	4	774	0	
317	0	73	step_1_no_load	1	2	2	563	
317	0	73	step_2_no_load	5	6	0.657126403029	0.727961155836	6	652	0	
317	0	74	step_1_no_load	1	2	2	553	
317	0	74	step_2_no_load	3	4	0.491044983779	0.453420386428	3	881	1	
317	0	75	step_1_no_load	1	2	2	474	
317	0	75	step_2_no_load	5	6	0.615552849174	0.697629587097	6	878	1	
317	0	76	step_1_no_load	1	2	2	608	
317	0	76	step_2_no_load	5	6	0.62770291155	0.690117652944	5	1226	1	
317	0	77	step_1_no_load	1	2	2	568	
317	0	77	step_2_no_load	5	6	0.564257587118	0.679737625371	5	1359	1	
317	0	78	step_1_no_load	1	2	2	631	
317	0	78	step_2_no_load	5	6	0.536711448352	0.647586191228	6	875	1	
317	0	79	step_1_no_load	1	2	2	506	
317	0	79	step_2_no_load	3	4	0.540085062695	0.389124152368	4	510	1	
317	0	80	step_1_no_load	1	2	2	624	
317	0	80	step_2_no_load	5	6	0.518583383166	0.703969305517	5	1224	0	
317	0	81	step_1_no_load	1	2	2	590	
317	0	81	step_2_no_load	5	6	0.529745690463	0.702400933084	5	1163	1	
317	0	82	step_1_no_load	1	2	2	625	
317	0	82	step_2_no_load	5	6	0.564729328387	0.688340116885	6	1336	1	
317	0	83	step_1_no_load	1	2	2	534	
317	0	83	step_2_no_load	5	6	0.607907985871	0.726885136842	5	1008	1	
317	0	84	step_1_no_load	1	2	2	511	
317	0	84	step_2_no_load	3	4	0.505586222209	0.385087938645	3	432	1	
317	0	85	step_1_no_load	1	2	2	562	
317	0	85	step_2_no_load	3	4	0.485785534744	0.384458259121	-1	-1	-1	
317	0	86	step_1_no_load	1	2	2	489	
317	0	86	step_2_no_load	3	4	0.486462788728	0.345323068124	3	1066	0	
317	0	87	step_1_no_load	1	2	2	465	
317	0	87	step_2_no_load	3	4	0.493867001103	0.40000499778	3	571	1	
317	0	88	step_1_no_load	1	2	2	447	
317	0	88	step_2_no_load	5	6	0.717410082358	0.696773608304	6	791	0	
317	0	89	step_1_no_load	1	2	2	518	
317	0	89	step_2_no_load	3	4	0.490019385174	0.415882489686	3	983	0	
317	0	90	step_1_no_load	1	2	2	547	
317	0	90	step_2_no_load	5	6	0.712247848046	0.688736868033	6	913	0	
317	0	91	step_1_no_load	1	2	2	561	
317	0	91	step_2_no_load	3	4	0.479087223222	0.43534164751	3	769	0	
317	0	92	step_1_no_load	1	2	2	509	
317	0	92	step_2_no_load	5	6	0.692406274724	0.679381608313	5	955	1	
317	0	93	step_1_no_load	1	2	2	509	
317	0	93	step_2_no_load	5	6	0.70415710998	0.662863370634	5	956	1	
317	0	94	step_1_no_load	1	2	2	379	
317	0	94	step_2_no_load	5	6	0.719464414227	0.668295023896	6	874	1	
317	0	95	step_1_no_load	1	2	2	350	
317	0	95	step_2_no_load	5	6	0.715495469274	0.640209855442	6	739	0	
317	0	96	step_1_no_load	1	2	2	510	
317	0	96	step_2_no_load	3	4	0.437558890646	0.383038640121	3	827	1	
317	0	97	step_1_no_load	1	2	2	347	
317	0	97	step_2_no_load	3	4	0.455601814112	0.392885664353	4	719	0	
317	0	98	step_1_no_load	1	2	2	323	
317	0	98	step_2_no_load	5	6	0.70287861952	0.646040060297	6	1333	0	
317	0	99	step_1_no_load	1	2	2	378	
317	0	99	step_2_no_load	5	6	0.673709850038	0.645191748454	5	698	0	
317	0	100	step_1_no_load	1	2	2	465	
317	0	100	step_2_no_load	5	6	0.666227451505	0.66579920021	6	1002	1	
317	0	101	step_1_no_load	1	2	2	532	
317	0	101	step_2_no_load	3	4	0.366879421891	0.497432607584	4	873	1	
317	0	102	step_1_no_load	1	2	2	469	
317	0	102	step_2_no_load	5	6	0.666304534392	0.663124617603	5	1080	1	
317	0	103	step_1_no_load	1	2	2	402	
317	0	103	step_2_no_load	5	6	0.663997796029	0.69058998368	5	616	1	
317	0	104	step_1_no_load	1	2	2	558	
317	0	104	step_2_no_load	5	6	0.703870701136	0.743372642809	6	929	1	
317	0	105	step_1_no_load	1	2	2	324	
317	0	105	step_2_no_load	5	6	0.689135357059	0.722851301692	6	696	0	
317	0	106	step_1_no_load	1	2	2	627	
317	0	106	step_2_no_load	5	6	0.712883638252	0.699623252899	5	1442	0	
317	0	107	step_1_no_load	1	2	2	511	
317	0	107	step_2_no_load	3	4	0.388257337796	0.565220528809	3	614	1	
317	0	108	step_1_no_load	1	2	2	652	
317	0	108	step_2_no_load	3	4	0.388185708856	0.526955028982	4	489	1	
317	0	109	step_1_no_load	1	2	2	382	
317	0	109	step_2_no_load	5	6	0.71632547018	0.68658494263	5	1177	1	
317	0	110	step_1_no_load	1	2	2	364	
317	0	110	step_2_no_load	3	4	0.395544455384	0.432626681236	4	885	0	
317	0	111	step_1_no_load	1	2	2	594	
317	0	111	step_2_no_load	3	4	0.407158158569	0.384948378665	3	1246	1	
317	0	112	step_1_no_load	1	2	2	564	
317	0	112	step_2_no_load	5	6	0.725701866094	0.635252945963	5	1124	1	
317	0	113	step_1_no_load	1	2	2	516	
317	0	113	step_2_no_load	5	6	0.719324307956	0.634627459817	5	529	1	
317	0	114	step_1_no_load	1	2	2	528	
317	0	114	step_2_no_load	3	4	0.384736699284	0.380324086676	3	1143	0	
317	0	115	step_1_no_load	1	2	2	558	
317	0	115	step_2_no_load	3	4	0.357661171116	0.390027643099	4	915	0	
317	0	116	step_1_no_load	1	2	2	531	
317	0	116	step_2_no_load	5	6	0.706736514943	0.680124293449	6	1087	1	
317	0	117	step_1_no_load	1	2	2	899	
317	0	117	step_2_no_load	5	6	0.747012267642	0.671842537277	5	1040	1	
317	0	118	step_1_no_load	1	2	2	625	
317	0	118	step_2_no_load	3	4	0.362977115924	0.357645851833	3	1068	0	
317	0	119	step_1_no_load	1	2	2	514	
317	0	119	step_2_no_load	5	6	0.690424535099	0.661177321751	6	1298	0	
317	0	120	step_1_no_load	1	2	2	440	
317	0	120	step_2_no_load	5	6	0.70587238626	0.666433355915	5	1057	1	
317	0	121	step_1_no_load	1	2	2	756	
317	0	121	step_2_no_load	3	4	0.310775244958	0.352721767208	4	948	0	
317	0	122	step_1_no_load	1	2	2	539	
317	0	122	step_2_no_load	5	6	0.6136886145	0.672193618854	5	1163	1	
317	0	123	step_1_no_load	1	2	2	480	
317	0	123	step_2_no_load	5	6	0.583607229978	0.664849878232	6	632	1	
317	0	124	step_1_no_load	1	2	2	400	
317	0	124	step_2_no_load	5	6	0.603013298253	0.624161788269	5	1096	1	
317	0	125	step_1_no_load	1	2	2	432	
317	0	125	step_2_no_load	5	6	0.559596800931	0.633566302563	6	1303	0	
317	0	126	step_1_no_load	1	2	2	557	
317	0	126	step_2_no_load	5	6	0.537863824328	0.600985760967	6	1066	0	
317	0	127	step_1_no_load	1	2	2	548	
317	0	127	step_2_no_load	5	6	0.560824094575	0.646945556251	6	1276	0	
317	0	128	step_1_no_load	1	2	2	435	
317	0	128	step_2_no_load	5	6	0.636905534066	0.620672334996	5	372	0	
317	0	129	step_1_no_load	1	2	2	614	
317	0	129	step_2_no_load	3	4	0.268213321963	0.271709703542	4	1047	1	
317	0	130	step_1_no_load	1	2	2	637	
317	0	130	step_2_no_load	5	6	0.682031489739	0.630285316669	5	890	0	
317	0	131	step_1_no_load	1	2	2	456	
317	0	131	step_2_no_load	5	6	0.678044920845	0.638450601212	6	457	0	
317	0	132	step_1_no_load	1	2	2	394	
317	0	132	step_2_no_load	3	4	0.27986961048	0.315328810424	4	1081	0	
317	0	133	step_1_no_load	1	2	2	465	
317	0	133	step_2_no_load	5	6	0.617383991623	0.691649444281	5	998	1	
317	0	134	step_1_no_load	1	2	2	636	
317	0	134	step_2_no_load	5	6	0.621945110858	0.685529359147	5	847	0	
317	0	135	step_1_no_load	1	2	2	1261	
317	0	135	step_2_no_load	5	6	0.593710006149	0.700779221781	5	802	0	
317	0	136	step_1_no_load	1	2	2	512	
317	0	136	step_2_no_load	5	6	0.597814413435	0.674914008636	6	611	1	
317	0	137	step_1_no_load	1	2	2	410	
317	0	137	step_2_no_load	5	6	0.605896884497	0.668540846495	6	1017	1	
317	0	138	step_1_no_load	1	2	2	464	
317	0	138	step_2_no_load	5	6	0.63240964674	0.688182193337	6	1284	1	
317	0	139	step_1_no_load	1	2	2	547	
317	0	139	step_2_no_load	5	6	0.636630981281	0.696355985729	6	979	1	
317	0	140	step_1_no_load	1	2	2	687	
317	0	140	step_2_no_load	5	6	0.671213945178	0.637682840728	6	874	0	
317	0	141	step_1_no_load	1	2	2	584	
317	0	141	step_2_no_load	3	4	0.390227133375	0.311809871418	3	1151	1	
317	0	142	step_1_no_load	1	2	2	386	
317	0	142	step_2_no_load	3	4	0.397052682821	0.304203281606	3	524	1	
317	0	143	step_1_no_load	1	2	2	553	
317	0	143	step_2_no_load	5	6	0.661365099615	0.610219102298	5	1438	1	
317	0	144	step_1_no_load	1	2	2	686	
317	0	144	step_2_no_load	5	6	0.626443722248	0.639347300184	5	491	1	
317	0	145	step_1_no_load	1	2	2	429	
317	0	145	step_2_no_load	5	6	0.6669125229	0.606515632748	5	474	1	
317	0	146	step_1_no_load	1	2	2	542	
317	0	146	step_2_no_load	3	4	0.320877500969	0.257861956214	3	1436	0	
317	0	147	step_1_no_load	1	2	2	669	
317	0	147	step_2_no_load	5	6	0.647798886916	0.594861186319	5	946	1	
317	0	148	step_1_no_load	1	2	2	499	
317	0	148	step_2_no_load	5	6	0.619272702026	0.648050021239	5	696	1	
317	0	149	step_1_no_load	1	2	2	432	
317	0	149	step_2_no_load	5	6	0.601870110183	0.623203869836	5	1097	1	
317	0	150	step_1_no_load	1	2	2	541	
317	0	150	step_2_no_load	5	6	0.575985663078	0.605912419156	5	530	1	
317	0	151	step_1_no_load	1	2	2	435	
317	0	151	step_2_no_load	3	4	0.310557101463	0.348172164421	4	844	0	
317	0	152	step_1_no_load	1	2	2	584	
317	0	152	step_2_no_load	5	6	0.595108765344	0.644204174791	5	707	1	
317	0	153	step_1_no_load	1	2	2	627	
317	0	153	step_2_no_load	5	6	0.613336203392	0.681559292085	5	787	1	
317	0	154	step_1_no_load	1	2	2	580	
317	0	154	step_2_no_load	5	6	0.638934099562	0.671672162443	5	555	1	
317	0	155	step_1_no_load	1	2	2	764	
317	0	155	step_2_no_load	3	4	0.372188990474	0.296093457977	3	608	0	
317	0	156	step_1_no_load	1	2	2	718	
317	0	156	step_2_no_load	3	4	0.368378667812	0.32564867104	-1	-1	-1	
317	0	157	step_1_no_load	1	2	2	471	
317	0	157	step_2_no_load	5	6	0.585191807512	0.720725456325	5	484	0	
317	0	158	step_1_no_load	1	2	2	359	
317	0	158	step_2_no_load	5	6	0.532722108502	0.694270715354	6	540	0	
317	0	159	step_1_no_load	1	2	2	451	
317	0	159	step_2_no_load	5	6	0.541222065796	0.697903160072	6	530	1	
317	0	160	step_1_no_load	1	2	2	647	
317	0	160	step_2_no_load	5	6	0.521229931064	0.710728171711	6	606	0	
317	0	161	step_1_no_load	1	2	2	569	
317	0	161	step_2_no_load	5	6	0.516036498158	0.719896286569	6	706	1	
317	0	162	step_1_no_load	1	2	2	667	
317	0	162	step_2_no_load	3	4	0.455329532209	0.3926701003	3	1050	1	
317	0	163	step_1_no_load	1	2	2	368	
317	0	163	step_2_no_load	3	4	0.430920885959	0.395221309311	4	498	1	
317	0	164	step_1_no_load	1	2	2	582	
317	0	164	step_2_no_load	5	6	0.585961845322	0.692137394606	5	816	0	
317	0	165	step_1_no_load	1	2	2	590	
317	0	165	step_2_no_load	3	4	0.347974240867	0.463777557969	4	888	1	
317	0	166	step_1_no_load	1	2	2	622	
317	0	166	step_2_no_load	3	4	0.356317216644	0.422282731054	4	574	1	
317	0	167	step_1_no_load	1	2	2	566	
317	0	167	step_2_no_load	3	4	0.331115714939	0.38753671275	4	944	1	
317	0	168	step_1_no_load	1	2	2	675	
317	0	168	step_2_no_load	5	6	0.613361520676	0.67192508984	5	943	0	
317	0	169	step_1_no_load	1	2	2	439	
317	0	169	step_2_no_load	5	6	0.586049140041	0.704981910944	6	1068	1	
317	0	170	step_1_no_load	1	2	2	321	
317	0	170	step_2_no_load	5	6	0.57151385403	0.67334314737	6	626	1	
317	0	171	step_1_no_load	1	2	2	561	
317	0	171	step_2_no_load	5	6	0.553314431843	0.727248140829	6	552	1	
317	0	172	step_1_no_load	1	2	2	341	
317	0	172	step_2_no_load	5	6	0.519090471457	0.668669556875	6	556	1	
317	0	173	step_1_no_load	1	2	2	728	
317	0	173	step_2_no_load	5	6	0.484428109849	0.667027212577	6	628	1	
317	0	174	step_1_no_load	1	2	2	391	
317	0	174	step_2_no_load	3	4	0.46236234172	0.387867297446	4	1152	1	
317	0	175	step_1_no_load	1	2	2	771	
317	0	175	step_2_no_load	5	6	0.52644949356	0.693968268443	6	1159	1	
317	0	176	step_1_no_load	1	2	2	583	
317	0	176	step_2_no_load	3	4	0.500856457218	0.383231572002	4	953	0	
317	0	177	step_1_no_load	1	2	2	484	
317	0	177	step_2_no_load	5	6	0.501268576771	0.714070205704	6	853	1	
317	0	178	step_1_no_load	1	2	2	582	
317	0	178	step_2_no_load	5	6	0.493712351915	0.705993797498	6	889	0	
317	0	179	step_1_no_load	1	2	2	687	
317	0	179	step_2_no_load	5	6	0.457298770028	0.709345707515	-1	-1	-1	
317	0	180	step_1_no_load	1	2	2	578	
317	0	180	step_2_no_load	5	6	0.482853857291	0.719795072986	5	549	0	
317	0	181	step_1_no_load	1	2	2	380	
317	0	181	step_2_no_load	5	6	0.508735114046	0.746910336326	6	623	1	
317	0	182	step_1_no_load	1	2	2	349	
317	0	182	step_2_no_load	5	6	0.506773281362	0.72717560423	6	908	1	
317	0	183	step_1_no_load	1	2	2	552	
317	0	183	step_2_no_load	3	4	0.492742497507	0.350175837802	4	729	0	
317	0	184	step_1_no_load	1	2	2	428	
317	0	184	step_2_no_load	5	6	0.460890977786	0.657291439324	6	832	1	
317	0	185	step_1_no_load	1	2	2	591	
317	0	185	step_2_no_load	5	6	0.479703516092	0.665622647081	5	991	0	
317	0	186	step_1_no_load	1	2	2	449	
317	0	186	step_2_no_load	3	4	0.484672582719	0.332733011923	3	933	1	
317	0	187	step_1_no_load	1	2	2	545	
317	0	187	step_2_no_load	5	6	0.443962917772	0.678211978625	6	1019	1	
317	0	188	step_1_no_load	1	2	2	422	
317	0	188	step_2_no_load	5	6	0.471319680586	0.696362660087	6	825	1	
317	0	189	step_1_no_load	1	2	2	676	
317	0	189	step_2_no_load	5	6	0.448897869069	0.688353284054	6	874	1	
317	0	190	step_1_no_load	1	2	2	632	
317	0	190	step_2_no_load	5	6	0.433568856946	0.667655825994	5	932	0	
317	0	191	step_1_no_load	1	2	2	517	
317	0	191	step_2_no_load	5	6	0.435748387321	0.664271461991	5	1170	1	
317	0	192	step_1_no_load	1	2	2	866	
317	0	192	step_2_no_load	3	4	0.493851022417	0.299297135717	4	1280	0	
317	0	193	step_1_no_load	1	2	2	520	
317	0	193	step_2_no_load	5	6	0.440813209638	0.679792491164	5	1045	1	
317	0	194	step_1_no_load	1	2	2	415	
317	0	194	step_2_no_load	5	6	0.433250459893	0.655261361454	5	443	0	
317	0	195	step_1_no_load	1	2	2	490	
317	0	195	step_2_no_load	5	6	0.466795336969	0.646280688878	6	758	0	
317	0	196	step_1_no_load	1	2	2	718	
317	0	196	step_2_no_load	5	6	0.421761207498	0.695101215304	5	705	0	
317	0	197	step_1_no_load	1	2	2	774	
317	0	197	step_2_no_load	3	4	0.47786945426	0.316987700969	3	860	1	
317	0	198	step_1_no_load	1	2	2	641	
317	0	198	step_2_no_load	5	6	0.397292432346	0.68660989813	6	1130	1	
317	0	199	step_1_no_load	1	2	2	393	
317	0	199	step_2_no_load	5	6	0.39793773834	0.73697129762	6	552	0	
317	0	200	step_1_no_load	1	2	2	438	
317	0	200	step_2_no_load	5	6	0.372436949782	0.728996708473	5	1104	0	

Tue Oct 20 15:38:26 2020
