Wed Oct 21 15:00:01 2020	
318	0	1	step_1_no_load	1	2	-1	-1	
318	0	2	step_1_no_load	1	2	2	509	
318	0	2	step_2_no_load	3	4	0.474613197709	0.533203491871	3	815	1	
318	0	3	step_1_no_load	1	2	2	843	
318	0	3	step_2_no_load	5	6	0.589215227351	0.584197065669	5	977	1	
318	0	4	step_1_no_load	1	2	2	639	
318	0	4	step_2_no_load	5	6	0.564086293706	0.597491569846	5	657	1	
318	0	5	step_1_no_load	1	2	2	661	
318	0	5	step_2_no_load	5	6	0.576104915614	0.623810210114	5	612	0	
318	0	6	step_1_no_load	1	2	2	475	
318	0	6	step_2_no_load	5	6	0.603642866427	0.585722686883	5	560	1	
318	0	7	step_1_no_load	1	2	2	597	
318	0	7	step_2_no_load	5	6	0.622642364361	0.568656746487	5	530	1	
318	0	8	step_1_no_load	1	2	2	540	
318	0	8	step_2_no_load	3	4	0.489816616396	0.499203529332	3	437	0	
318	0	9	step_1_no_load	1	2	2	491	
318	0	9	step_2_no_load	3	4	0.496546708465	0.54429228266	3	536	1	
318	0	10	step_1_no_load	1	2	2	418	
318	0	10	step_2_no_load	5	6	0.636063269715	0.652626043146	5	506	1	
318	0	11	step_1_no_load	1	2	2	566	
318	0	11	step_2_no_load	5	6	0.609191465743	0.69163818036	5	720	1	
318	0	12	step_1_no_load	1	2	2	555	
318	0	12	step_2_no_load	5	6	0.552770607849	0.682786328054	5	475	1	
318	0	13	step_1_no_load	1	2	2	467	
318	0	13	step_2_no_load	5	6	0.558313135925	0.653587098421	5	426	1	
318	0	14	step_1_no_load	1	2	2	408	
318	0	14	step_2_no_load	5	6	0.545555696267	0.629137942344	5	540	1	
318	0	15	step_1_no_load	1	2	2	595	
318	0	15	step_2_no_load	3	4	0.505377237737	0.633564630036	3	697	1	
318	0	16	step_1_no_load	1	2	2	551	
318	0	16	step_2_no_load	5	6	0.553308964466	0.628091198119	5	926	0	
318	0	17	step_1_no_load	1	2	2	572	
318	0	17	step_2_no_load	5	6	0.562895132605	0.633350170016	5	568	1	
318	0	18	step_1_no_load	1	2	2	373	
318	0	18	step_2_no_load	5	6	0.553554620302	0.626834332012	5	530	1	
318	0	19	step_1_no_load	1	2	2	410	
318	0	19	step_2_no_load	5	6	0.536502319591	0.619895761657	5	582	1	
318	0	20	step_1_no_load	1	2	2	507	
318	0	20	step_2_no_load	3	4	0.478025448397	0.60665343963	3	1412	1	
318	0	21	step_1_no_load	1	2	2	512	
318	0	21	step_2_no_load	5	6	0.470207377245	0.630305464549	6	713	0	
318	0	22	step_1_no_load	1	2	2	627	
318	0	22	step_2_no_load	5	6	0.468700882609	0.621949894727	5	560	1	
318	0	23	step_1_no_load	1	2	2	419	
318	0	23	step_2_no_load	5	6	0.513759772011	0.640163623731	5	424	0	
318	0	24	step_1_no_load	1	2	2	437	
318	0	24	step_2_no_load	5	6	0.503316199018	0.582115115688	5	595	0	
318	0	25	step_1_no_load	1	2	2	378	
318	0	25	step_2_no_load	3	4	0.503316372362	0.629917901014	3	614	0	
318	0	26	step_1_no_load	1	2	2	388	
318	0	26	step_2_no_load	5	6	0.532884212818	0.592410219737	5	478	0	
318	0	27	step_1_no_load	1	2	2	511	
318	0	27	step_2_no_load	5	6	0.54756089792	0.57860777711	5	304	1	
318	0	28	step_1_no_load	1	2	2	467	
318	0	28	step_2_no_load	3	4	0.520177259699	0.647441527317	3	491	0	
318	0	29	step_1_no_load	1	2	2	411	
318	0	29	step_2_no_load	3	4	0.521159009103	0.618626354124	3	648	0	
318	0	30	step_1_no_load	1	2	2	413	
318	0	30	step_2_no_load	3	4	0.4919199548	0.610227092493	3	660	0	
318	0	31	step_1_no_load	1	2	2	722	
318	0	31	step_2_no_load	5	6	0.541819886458	0.636602545794	5	593	0	
318	0	32	step_1_no_load	1	2	2	411	
318	0	32	step_2_no_load	5	6	0.522993086096	0.634585171267	5	425	1	
318	0	33	step_1_no_load	1	2	2	399	
318	0	33	step_2_no_load	3	4	0.487664344039	0.618000238621	3	448	1	
318	0	34	step_1_no_load	1	2	2	458	
318	0	34	step_2_no_load	3	4	0.454565258478	0.670290552209	3	429	1	
318	0	35	step_1_no_load	1	2	2	444	
318	0	35	step_2_no_load	5	6	0.594167768198	0.566827313385	5	396	1	
318	0	36	step_1_no_load	1	2	2	586	
318	0	36	step_2_no_load	5	6	0.611274573488	0.527635087561	5	660	1	
318	0	37	step_1_no_load	1	2	2	587	
318	0	37	step_2_no_load	3	4	0.543074626387	0.660658056664	3	511	0	
318	0	38	step_1_no_load	1	2	2	308	
318	0	38	step_2_no_load	5	6	0.595113730206	0.539078491643	5	510	1	
318	0	39	step_1_no_load	1	2	2	378	
318	0	39	step_2_no_load	5	6	0.610601635554	0.557005857101	5	476	1	
318	0	40	step_1_no_load	1	2	2	450	
318	0	40	step_2_no_load	3	4	0.5691386571	0.636994900683	3	533	0	
318	0	41	step_1_no_load	1	2	2	401	
318	0	41	step_2_no_load	5	6	0.588857868869	0.524862294848	5	515	1	
318	0	42	step_1_no_load	1	2	2	337	
318	0	42	step_2_no_load	5	6	0.609164606591	0.533857158543	5	621	1	
318	0	43	step_1_no_load	1	2	2	531	
318	0	43	step_2_no_load	5	6	0.612705031264	0.553703096215	5	484	1	
318	0	44	step_1_no_load	1	2	2	506	
318	0	44	step_2_no_load	3	4	0.537842745081	0.589653131867	3	452	0	
318	0	45	step_1_no_load	1	2	2	524	
318	0	45	step_2_no_load	5	6	0.632991467829	0.579346234508	5	381	0	
318	0	46	step_1_no_load	1	2	2	328	
318	0	46	step_2_no_load	5	6	0.600964500555	0.55511883717	5	436	0	
318	0	47	step_1_no_load	1	2	2	402	
318	0	47	step_2_no_load	5	6	0.598724660986	0.546259467838	5	401	1	
318	0	48	step_1_no_load	1	2	2	426	
318	0	48	step_2_no_load	5	6	0.615767119776	0.534690828011	5	472	1	
318	0	49	step_1_no_load	1	2	2	508	
318	0	49	step_2_no_load	5	6	0.610193185592	0.512405963374	5	608	0	
318	0	50	step_1_no_load	1	2	2	457	
318	0	50	step_2_no_load	5	6	0.606862017918	0.481616544184	5	682	0	
318	0	51	step_1_no_load	1	2	2	323	
318	0	51	step_2_no_load	5	6	0.564866799699	0.508197321577	5	453	0	
318	0	52	step_1_no_load	1	2	2	341	
318	0	52	step_2_no_load	3	4	0.429622901875	0.613408921915	3	485	0	
318	0	53	step_1_no_load	1	2	2	313	
318	0	53	step_2_no_load	5	6	0.551457882502	0.475342927439	5	493	1	
318	0	54	step_1_no_load	1	2	2	370	
318	0	54	step_2_no_load	5	6	0.570223904064	0.493362545513	5	292	0	
318	0	55	step_1_no_load	1	2	2	416	
318	0	55	step_2_no_load	3	4	0.487025527704	0.639840796975	3	496	1	
318	0	56	step_1_no_load	1	2	2	323	
318	0	56	step_2_no_load	5	6	0.601856598146	0.538512915562	5	325	0	
318	0	57	step_1_no_load	1	2	2	343	
318	0	57	step_2_no_load	5	6	0.641849303307	0.516475618243	5	444	1	
318	0	58	step_1_no_load	1	2	2	388	
318	0	58	step_2_no_load	5	6	0.664682809182	0.528376440027	5	432	1	
318	0	59	step_1_no_load	1	2	2	427	
318	0	59	step_2_no_load	5	6	0.632500293208	0.537400760025	5	460	0	
318	0	60	step_1_no_load	1	2	2	421	
318	0	60	step_2_no_load	5	6	0.623687406259	0.479287247283	5	623	1	
318	0	61	step_1_no_load	1	2	2	356	
318	0	61	step_2_no_load	3	4	0.464268875813	0.602879526975	3	515	0	
318	0	62	step_1_no_load	1	2	2	321	
318	0	62	step_2_no_load	5	6	0.691137204746	0.533031417444	5	468	0	
318	0	63	step_1_no_load	1	2	2	388	
318	0	63	step_2_no_load	5	6	0.664284493458	0.519445130796	5	472	0	
318	0	64	step_1_no_load	1	2	2	16	
318	0	64	step_2_no_load	5	6	0.642369708469	0.533849886794	5	378	0	
318	0	65	step_1_no_load	1	2	2	312	
318	0	65	step_2_no_load	5	6	0.612660225018	0.517687993213	5	481	0	
318	0	66	step_1_no_load	1	2	2	358	
318	0	66	step_2_no_load	3	4	0.573761869714	0.630357351236	3	489	0	
318	0	67	step_1_no_load	1	2	2	348	
318	0	67	step_2_no_load	5	6	0.597650193897	0.538279387614	5	517	0	
318	0	68	step_1_no_load	1	2	2	1015	
318	0	68	step_2_no_load	3	4	0.509127161919	0.719455209845	3	528	1	
318	0	69	step_1_no_load	1	2	2	465	
318	0	69	step_2_no_load	3	4	0.499137600991	0.718756538957	3	340	0	
318	0	70	step_1_no_load	1	2	2	361	
318	0	70	step_2_no_load	3	4	0.498834901463	0.697741832068	3	505	1	
318	0	71	step_1_no_load	1	2	2	465	
318	0	71	step_2_no_load	5	6	0.639174917797	0.546215110045	5	498	1	
318	0	72	step_1_no_load	1	2	2	372	
318	0	72	step_2_no_load	5	6	0.626024641967	0.556486305476	5	516	0	
318	0	73	step_1_no_load	1	2	2	447	
318	0	73	step_2_no_load	5	6	0.657126403029	0.50185699984	5	525	1	
318	0	74	step_1_no_load	1	2	2	387	
318	0	74	step_2_no_load	5	6	0.614462146454	0.491044983779	5	439	0	
318	0	75	step_1_no_load	1	2	2	293	
318	0	75	step_2_no_load	5	6	0.615552849174	0.483983914712	5	382	1	
318	0	76	step_1_no_load	1	2	2	381	
318	0	76	step_2_no_load	5	6	0.62770291155	0.518881389358	5	534	1	
318	0	77	step_1_no_load	1	2	2	400	
318	0	77	step_2_no_load	5	6	0.564257587118	0.538119616568	5	472	0	
318	0	78	step_1_no_load	1	2	2	362	
318	0	78	step_2_no_load	5	6	0.536711448352	0.538654072849	5	543	0	
318	0	79	step_1_no_load	1	2	2	357	
318	0	79	step_2_no_load	5	6	0.513695512795	0.540085062695	5	623	0	
318	0	80	step_1_no_load	1	2	2	365	
318	0	80	step_2_no_load	5	6	0.518583383166	0.49921021142	5	408	0	
318	0	81	step_1_no_load	1	2	2	297	
318	0	81	step_2_no_load	5	6	0.529745690463	0.494116554432	5	556	0	
318	0	82	step_1_no_load	1	2	2	421	
318	0	82	step_2_no_load	5	6	0.564729328387	0.482727017837	5	375	1	
318	0	83	step_1_no_load	1	2	2	398	
318	0	83	step_2_no_load	5	6	0.607907985871	0.483255412498	5	491	1	
318	0	84	step_1_no_load	1	2	2	382	
318	0	84	step_2_no_load	5	6	0.65843840156	0.505586222209	5	504	1	
318	0	85	step_1_no_load	1	2	2	412	
318	0	85	step_2_no_load	3	4	0.384458259121	0.712989604416	3	455	1	
318	0	86	step_1_no_load	1	2	2	404	
318	0	86	step_2_no_load	3	4	0.345323068124	0.721207648497	3	470	0	
318	0	87	step_1_no_load	1	2	2	808	
318	0	87	step_2_no_load	5	6	0.719375344246	0.493867001103	5	496	0	
318	0	88	step_1_no_load	1	2	2	344	
318	0	88	step_2_no_load	3	4	0.377947492322	0.696773608304	3	495	0	
318	0	89	step_1_no_load	1	2	2	371	
318	0	89	step_2_no_load	3	4	0.415882489686	0.660112261017	3	522	0	
318	0	90	step_1_no_load	1	2	2	428	
318	0	90	step_2_no_load	5	6	0.712247848046	0.530126112124	5	493	0	
318	0	91	step_1_no_load	1	2	2	381	
318	0	91	step_2_no_load	5	6	0.685023809334	0.479087223222	6	525	0	
318	0	92	step_1_no_load	1	2	2	469	
318	0	92	step_2_no_load	3	4	0.444368850664	0.679381608313	3	549	0	
318	0	93	step_1_no_load	1	2	2	477	
318	0	93	step_2_no_load	5	6	0.70415710998	0.473273727684	5	339	1	
318	0	94	step_1_no_load	1	2	2	380	
318	0	94	step_2_no_load	3	4	0.429211756872	0.668295023896	3	341	0	
318	0	95	step_1_no_load	1	2	2	379	
318	0	95	step_2_no_load	3	4	0.427150666411	0.640209855442	3	506	1	
318	0	96	step_1_no_load	1	2	2	377	
318	0	96	step_2_no_load	3	4	0.383038640121	0.663095813561	3	568	0	
318	0	97	step_1_no_load	1	2	2	421	
318	0	97	step_2_no_load	5	6	0.681272614291	0.455601814112	5	539	1	
318	0	98	step_1_no_load	1	2	2	936	
318	0	98	step_2_no_load	5	6	0.70287861952	0.431479829356	5	729	1	
318	0	99	step_1_no_load	1	2	2	672	
318	0	99	step_2_no_load	5	6	0.673709850038	0.375249961522	5	779	1	
318	0	100	step_1_no_load	1	2	2	923	
318	0	100	step_2_no_load	5	6	0.666227451505	0.363162156005	5	724	1	
318	0	101	step_1_no_load	1	2	2	638	
318	0	101	step_2_no_load	3	4	0.497432607584	0.655903528958	3	521	0	
318	0	102	step_1_no_load	1	2	2	681	
318	0	102	step_2_no_load	5	6	0.666304534392	0.326080462175	5	479	1	
318	0	103	step_1_no_load	1	2	2	409	
318	0	103	step_2_no_load	5	6	0.663997796029	0.322834495838	5	337	1	
318	0	104	step_1_no_load	1	2	2	479	
318	0	104	step_2_no_load	5	6	0.703870701136	0.303696146503	5	482	0	
318	0	105	step_1_no_load	1	2	2	647	
318	0	105	step_2_no_load	5	6	0.689135357059	0.352639603242	5	497	0	
318	0	106	step_1_no_load	1	2	2	477	
318	0	106	step_2_no_load	5	6	0.712883638252	0.374131494222	5	650	1	
318	0	107	step_1_no_load	1	2	2	597	
318	0	107	step_2_no_load	5	6	0.692607431435	0.388257337796	5	494	1	
318	0	108	step_1_no_load	1	2	2	603	
318	0	108	step_2_no_load	5	6	0.695928523711	0.388185708856	5	373	1	
318	0	109	step_1_no_load	1	2	2	566	
318	0	109	step_2_no_load	5	6	0.71632547018	0.372328831887	5	457	1	
318	0	110	step_1_no_load	1	2	2	394	
318	0	110	step_2_no_load	5	6	0.729599891941	0.395544455384	5	509	1	
318	0	111	step_1_no_load	1	2	2	487	
318	0	111	step_2_no_load	3	4	0.384948378665	0.634599547742	3	463	0	
318	0	112	step_1_no_load	1	2	2	429	
318	0	112	step_2_no_load	3	4	0.392887565883	0.635252945963	3	461	0	
318	0	113	step_1_no_load	1	2	2	505	
318	0	113	step_2_no_load	3	4	0.370697120277	0.634627459817	3	514	0	
318	0	114	step_1_no_load	1	2	2	442	
318	0	114	step_2_no_load	5	6	0.718213323791	0.384736699284	5	531	1	
318	0	115	step_1_no_load	1	2	2	380	
318	0	115	step_2_no_load	5	6	0.739704344621	0.357661171116	5	427	1	
318	0	116	step_1_no_load	1	2	2	336	
318	0	116	step_2_no_load	5	6	0.706736514943	0.369438791876	5	307	1	
318	0	117	step_1_no_load	1	2	2	350	
318	0	117	step_2_no_load	3	4	0.374621793791	0.671842537277	3	320	0	
318	0	118	step_1_no_load	1	2	2	396	
318	0	118	step_2_no_load	5	6	0.740051715856	0.362977115924	5	532	1	
318	0	119	step_1_no_load	1	2	2	295	
318	0	119	step_2_no_load	3	4	0.357515098446	0.661177321751	3	468	1	
318	0	120	step_1_no_load	1	2	2	337	
318	0	120	step_2_no_load	5	6	0.70587238626	0.333809617664	5	471	0	
318	0	121	step_1_no_load	1	2	2	393	
318	0	121	step_2_no_load	5	6	0.658856304095	0.310775244958	5	567	0	
318	0	122	step_1_no_load	1	2	2	349	
318	0	122	step_2_no_load	5	6	0.6136886145	0.266650857402	5	555	1	
318	0	123	step_1_no_load	1	2	2	429	
318	0	123	step_2_no_load	5	6	0.583607229978	0.269780614928	5	624	1	
318	0	124	step_1_no_load	1	2	2	559	
318	0	124	step_2_no_load	5	6	0.603013298253	0.26095206597	5	403	1	
318	0	125	step_1_no_load	1	2	2	597	
318	0	125	step_2_no_load	5	6	0.559596800931	0.290374841566	5	571	1	
318	0	126	step_1_no_load	1	2	2	393	
318	0	126	step_2_no_load	5	6	0.537863824328	0.267206368684	5	345	0	
318	0	127	step_1_no_load	1	2	2	954	
318	0	127	step_2_no_load	5	6	0.560824094575	0.273483952592	5	505	0	
318	0	128	step_1_no_load	1	2	2	389	
318	0	128	step_2_no_load	5	6	0.636905534066	0.260252451606	5	464	1	
318	0	129	step_1_no_load	1	2	2	416	
318	0	129	step_2_no_load	5	6	0.685297910719	0.268213321963	5	424	1	
318	0	130	step_1_no_load	1	2	2	449	
318	0	130	step_2_no_load	5	6	0.682031489739	0.267460866951	5	466	1	
318	0	131	step_1_no_load	1	2	2	397	
318	0	131	step_2_no_load	3	4	0.311475039155	0.638450601212	3	792	1	
318	0	132	step_1_no_load	1	2	2	1153	
318	0	132	step_2_no_load	5	6	0.668578020634	0.27986961048	5	484	1	
318	0	133	step_1_no_load	1	2	2	583	
318	0	133	step_2_no_load	5	6	0.617383991623	0.315608831386	5	535	1	
318	0	134	step_1_no_load	1	2	2	466	
318	0	134	step_2_no_load	5	6	0.621945110858	0.287393715313	5	450	0	
318	0	135	step_1_no_load	1	2	2	531	
318	0	135	step_2_no_load	3	4	0.287118934166	0.700779221781	3	397	0	
318	0	136	step_1_no_load	1	2	2	350	
318	0	136	step_2_no_load	5	6	0.597814413435	0.307766925452	5	458	0	
318	0	137	step_1_no_load	1	2	2	420	
318	0	137	step_2_no_load	5	6	0.605896884497	0.346433498467	5	462	1	
318	0	138	step_1_no_load	1	2	2	448	
318	0	138	step_2_no_load	3	4	0.307694123906	0.688182193337	3	387	1	
318	0	139	step_1_no_load	1	2	2	376	
318	0	139	step_2_no_load	5	6	0.636630981281	0.325611400511	5	419	1	
318	0	140	step_1_no_load	1	2	2	427	
318	0	140	step_2_no_load	3	4	0.328174526491	0.637682840728	3	616	0	
318	0	141	step_1_no_load	1	2	2	385	
318	0	141	step_2_no_load	5	6	0.711987889705	0.390227133375	5	459	1	
318	0	142	step_1_no_load	1	2	2	612	
318	0	142	step_2_no_load	5	6	0.690276058009	0.397052682821	5	455	0	
318	0	143	step_1_no_load	1	2	2	334	
318	0	143	step_2_no_load	5	6	0.661365099615	0.410970957547	5	535	1	
318	0	144	step_1_no_load	1	2	2	329	
318	0	144	step_2_no_load	5	6	0.626443722248	0.389234194056	5	448	1	
318	0	145	step_1_no_load	1	2	2	387	
318	0	145	step_2_no_load	3	4	0.266265924094	0.606515632748	3	483	0	
318	0	146	step_1_no_load	1	2	2	339	
318	0	146	step_2_no_load	5	6	0.681611991725	0.320877500969	5	431	0	
318	0	147	step_1_no_load	1	2	2	348	
318	0	147	step_2_no_load	5	6	0.647798886916	0.352879785946	6	116	0	
318	0	148	step_1_no_load	1	2	2	384	
318	0	148	step_2_no_load	5	6	0.619272702026	0.311162711725	5	450	1	
318	0	149	step_1_no_load	1	2	2	367	
318	0	149	step_2_no_load	5	6	0.601870110183	0.300290206122	5	403	1	
318	0	150	step_1_no_load	1	2	2	491	
318	0	150	step_2_no_load	5	6	0.575985663078	0.306860041627	5	350	1	
318	0	151	step_1_no_load	1	2	2	422	
318	0	151	step_2_no_load	5	6	0.59154759351	0.310557101463	5	439	1	
318	0	152	step_1_no_load	1	2	2	531	
318	0	152	step_2_no_load	3	4	0.307702500543	0.644204174791	3	431	0	
318	0	153	step_1_no_load	1	2	2	401	
318	0	153	step_2_no_load	3	4	0.309356532263	0.681559292085	3	343	0	
318	0	154	step_1_no_load	1	2	2	333	
318	0	154	step_2_no_load	5	6	0.638934099562	0.348349389262	5	414	0	
318	0	155	step_1_no_load	1	2	2	341	
318	0	155	step_2_no_load	5	6	0.632486591889	0.372188990474	5	460	1	
318	0	156	step_1_no_load	1	2	2	333	
318	0	156	step_2_no_load	5	6	0.631048201903	0.368378667812	5	450	1	
318	0	157	step_1_no_load	1	2	2	410	
318	0	157	step_2_no_load	3	4	0.350909357271	0.720725456325	3	369	1	
318	0	158	step_1_no_load	1	2	2	332	
318	0	158	step_2_no_load	3	4	0.408728803896	0.694270715354	3	432	0	
318	0	159	step_1_no_load	1	2	2	295	
318	0	159	step_2_no_load	3	4	0.413026375257	0.697903160072	3	310	1	
318	0	160	step_1_no_load	1	2	2	403	
318	0	160	step_2_no_load	3	4	0.415052912783	0.710728171711	3	307	0	
318	0	161	step_1_no_load	1	2	2	314	
318	0	161	step_2_no_load	5	6	0.516036498158	0.438878285506	5	447	0	
318	0	162	step_1_no_load	1	2	2	433	
318	0	162	step_2_no_load	5	6	0.566496468084	0.455329532209	5	369	0	
318	0	163	step_1_no_load	1	2	2	456	
318	0	163	step_2_no_load	5	6	0.5863391277	0.430920885959	5	434	0	
318	0	164	step_1_no_load	1	2	2	455	
318	0	164	step_2_no_load	5	6	0.585961845322	0.430844125626	5	405	0	
318	0	165	step_1_no_load	1	2	2	560	
318	0	165	step_2_no_load	5	6	0.538026607649	0.347974240867	5	1034	1	
318	0	166	step_1_no_load	1	2	2	533	
318	0	166	step_2_no_load	5	6	0.549095060025	0.356317216644	5	380	1	
318	0	167	step_1_no_load	1	2	2	453	
318	0	167	step_2_no_load	3	4	0.38753671275	0.706271792549	3	365	1	
318	0	168	step_1_no_load	1	2	2	380	
318	0	168	step_2_no_load	5	6	0.613361520676	0.335777599654	5	413	1	
318	0	169	step_1_no_load	1	2	2	447	
318	0	169	step_2_no_load	5	6	0.586049140041	0.365156560071	5	419	0	
318	0	170	step_1_no_load	1	2	2	371	
318	0	170	step_2_no_load	5	6	0.57151385403	0.364989630435	5	439	0	
318	0	171	step_1_no_load	1	2	2	456	
318	0	171	step_2_no_load	3	4	0.386979310814	0.727248140829	3	617	1	
318	0	172	step_1_no_load	1	2	2	496	
318	0	172	step_2_no_load	5	6	0.519090471457	0.490120307546	5	413	1	
318	0	173	step_1_no_load	1	2	2	389	
318	0	173	step_2_no_load	5	6	0.484428109849	0.462866379815	5	358	0	
318	0	174	step_1_no_load	1	2	2	481	
318	0	174	step_2_no_load	3	4	0.387867297446	0.729877433725	3	400	0	
318	0	175	step_1_no_load	1	2	2	373	
318	0	175	step_2_no_load	3	4	0.426185553904	0.693968268443	3	636	0	
318	0	176	step_1_no_load	1	2	2	366	
318	0	176	step_2_no_load	3	4	0.383231572002	0.679250000396	3	492	0	
318	0	177	step_1_no_load	1	2	2	369	
318	0	177	step_2_no_load	5	6	0.501268576771	0.4798184927	5	381	0	
318	0	178	step_1_no_load	1	2	2	359	
318	0	178	step_2_no_load	5	6	0.493712351915	0.49020858644	5	279	1	
318	0	179	step_1_no_load	1	2	2	363	
318	0	179	step_2_no_load	3	4	0.324685418097	0.709345707515	3	382	1	
318	0	180	step_1_no_load	1	2	2	422	
318	0	180	step_2_no_load	5	6	0.482853857291	0.489345734128	5	393	1	
318	0	181	step_1_no_load	1	2	2	308	
318	0	181	step_2_no_load	3	4	0.342402764747	0.746910336326	3	405	0	
318	0	182	step_1_no_load	1	2	2	374	
318	0	182	step_2_no_load	3	4	0.340533666308	0.72717560423	3	368	0	
318	0	183	step_1_no_load	1	2	2	399	
318	0	183	step_2_no_load	5	6	0.502991759047	0.492742497507	5	376	0	
318	0	184	step_1_no_load	1	2	2	324	
318	0	184	step_2_no_load	5	6	0.460890977786	0.480863422096	5	353	0	
318	0	185	step_1_no_load	1	2	2	373	
318	0	185	step_2_no_load	5	6	0.479703516092	0.482228039858	5	526	0	
318	0	186	step_1_no_load	1	2	2	328	
318	0	186	step_2_no_load	3	4	0.332733011923	0.656308636836	3	375	0	
318	0	187	step_1_no_load	1	2	2	320	
318	0	187	step_2_no_load	5	6	0.443962917772	0.498596507669	5	212	0	
318	0	188	step_1_no_load	1	2	2	281	
318	0	188	step_2_no_load	5	6	0.471319680586	0.548350535247	6	414	0	
318	0	189	step_1_no_load	1	2	2	407	
318	0	189	step_2_no_load	5	6	0.448897869069	0.534753756004	5	343	1	
318	0	190	step_1_no_load	1	2	2	367	
318	0	190	step_2_no_load	5	6	0.433568856946	0.505820429042	5	322	0	
318	0	191	step_1_no_load	1	2	2	327	
318	0	191	step_2_no_load	5	6	0.435748387321	0.512103523931	5	324	0	
318	0	192	step_1_no_load	1	2	2	374	
318	0	192	step_2_no_load	3	4	0.299297135717	0.705517419189	3	333	0	
318	0	193	step_1_no_load	1	2	2	376	
318	0	193	step_2_no_load	5	6	0.440813209638	0.504944704439	5	316	1	
318	0	194	step_1_no_load	1	2	2	325	
318	0	194	step_2_no_load	3	4	0.342437174514	0.655261361454	3	310	0	
318	0	195	step_1_no_load	1	2	2	319	
318	0	195	step_2_no_load	5	6	0.466795336969	0.494102184238	5	312	1	
318	0	196	step_1_no_load	1	2	2	374	
318	0	196	step_2_no_load	5	6	0.421761207498	0.496717662777	5	287	1	
318	0	197	step_1_no_load	1	2	2	350	
318	0	197	step_2_no_load	3	4	0.316987700969	0.686552522522	3	399	1	
318	0	198	step_1_no_load	1	2	2	487	
318	0	198	step_2_no_load	3	4	0.303352625941	0.68660989813	3	327	0	
318	0	199	step_1_no_load	1	2	2	368	
318	0	199	step_2_no_load	5	6	0.39793773834	0.529438031858	5	453	0	
318	0	200	step_1_no_load	1	2	2	136	
318	0	200	step_2_no_load	5	6	0.372436949782	0.507902534353	5	360	0	

Wed Oct 21 15:23:35 2020
