Fri Oct 30 14:46:02 2020	
320	0	1	step_1_no_load	1	2	1	898	
320	0	1	step_2_no_load	3	4	0.598297890399	0.594299910136	3	962	0	
320	0	2	step_1_no_load	1	2	1	641	
320	0	2	step_2_no_load	3	4	0.580156942153	0.610961032466	4	257	0	
320	0	3	step_1_no_load	1	2	2	1060	
320	0	3	step_2_no_load	3	4	0.584197065669	0.589215227351	3	1462	1	
320	0	4	step_1_no_load	1	2	2	785	
320	0	4	step_2_no_load	5	6	0.478607661228	0.494597764192	5	474	0	
320	0	5	step_1_no_load	1	2	2	1069	
320	0	5	step_2_no_load	3	4	0.623810210114	0.576104915614	4	355	1	
320	0	6	step_1_no_load	1	2	2	1201	
320	0	6	step_2_no_load	3	4	0.585722686883	0.603642866427	3	471	0	
320	0	7	step_1_no_load	1	2	2	1226	
320	0	7	step_2_no_load	3	4	0.568656746487	0.622642364361	4	402	1	
320	0	8	step_1_no_load	1	2	1	405	
320	0	8	step_2_no_load	3	4	0.59128639594	0.624210374623	-1	-1	-1	
320	0	9	step_1_no_load	1	2	2	381	
320	0	9	step_2_no_load	3	4	0.598049061473	0.641106877158	4	1064	1	
320	0	10	step_1_no_load	1	2	2	804	
320	0	10	step_2_no_load	3	4	0.652626043146	0.636063269715	4	462	1	
320	0	11	step_1_no_load	1	2	1	1199	
320	0	11	step_2_no_load	5	6	0.477013315682	0.59022801242	5	559	0	
320	0	12	step_1_no_load	1	2	1	406	
320	0	12	step_2_no_load	5	6	0.48457206759	0.597131918027	6	292	0	
320	0	13	step_1_no_load	1	2	2	469	
320	0	13	step_2_no_load	5	6	0.52012981853	0.595790490356	6	1394	0	
320	0	14	step_1_no_load	1	2	2	325	
320	0	14	step_2_no_load	5	6	0.491234392147	0.611256675753	5	380	0	
320	0	15	step_1_no_load	1	2	2	612	
320	0	15	step_2_no_load	3	4	0.612260006668	0.570419113221	4	642	1	
320	0	16	step_1_no_load	1	2	2	560	
320	0	16	step_2_no_load	5	6	0.510958036527	0.626326396372	6	365	0	
320	0	17	step_1_no_load	1	2	1	374	
320	0	17	step_2_no_load	3	4	0.633350170016	0.562895132605	4	361	1	
320	0	18	step_1_no_load	1	2	1	707	
320	0	18	step_2_no_load	3	4	0.626834332012	0.553554620302	3	601	0	
320	0	19	step_1_no_load	1	2	1	581	
320	0	19	step_2_no_load	3	4	0.619895761657	0.536502319591	4	395	1	
320	0	20	step_1_no_load	1	2	2	406	
320	0	20	step_2_no_load	5	6	0.478025448397	0.60665343963	6	594	1	
320	0	21	step_1_no_load	1	2	2	508	
320	0	21	step_2_no_load	5	6	0.49769376036	0.611328949295	5	1142	1	
320	0	22	step_1_no_load	1	2	2	459	
320	0	22	step_2_no_load	3	4	0.621949894727	0.468700882609	4	494	1	
320	0	23	step_1_no_load	1	2	2	1328	
320	0	23	step_2_no_load	5	6	0.520606588181	0.604065470975	5	595	0	
320	0	24	step_1_no_load	1	2	2	693	
320	0	24	step_2_no_load	5	6	0.505388876622	0.5800912085	6	273	0	
320	0	25	step_1_no_load	1	2	1	483	
320	0	25	step_2_no_load	3	4	0.565698722896	0.503605105412	3	661	1	
320	0	26	step_1_no_load	1	2	1	584	
320	0	26	step_2_no_load	3	4	0.592410219737	0.532884212818	4	571	1	
320	0	27	step_1_no_load	1	2	1	421	
320	0	27	step_2_no_load	3	4	0.57860777711	0.54756089792	3	380	0	
320	0	28	step_1_no_load	1	2	2	667	
320	0	28	step_2_no_load	5	6	0.520177259699	0.647441527317	6	312	0	
320	0	29	step_1_no_load	1	2	1	495	
320	0	29	step_2_no_load	3	4	0.606613029227	0.561957580386	4	519	1	
320	0	30	step_1_no_load	1	2	1	527	
320	0	30	step_2_no_load	3	4	0.608245979832	0.574272497114	3	572	1	
320	0	31	step_1_no_load	1	2	2	659	
320	0	31	step_2_no_load	5	6	0.483156722265	0.606122691795	6	262	0	
320	0	32	step_1_no_load	1	2	2	336	
320	0	32	step_2_no_load	5	6	0.520318771114	0.605616211083	5	278	0	
320	0	33	step_1_no_load	1	2	1	513	
320	0	33	step_2_no_load	5	6	0.487664344039	0.618000238621	5	52	0	
320	0	34	step_1_no_load	1	2	1	399	
320	0	34	step_2_no_load	3	4	0.575802910074	0.538523758058	4	327	0	
320	0	35	step_1_no_load	1	2	2	389	
320	0	35	step_2_no_load	5	6	0.491437207585	0.649776015006	5	345	0	
320	0	36	step_1_no_load	1	2	2	479	
320	0	36	step_2_no_load	5	6	0.513210053121	0.661229326326	6	400	1	
320	0	37	step_1_no_load	1	2	2	373	
320	0	37	step_2_no_load	5	6	0.543074626387	0.660658056664	6	286	0	
320	0	38	step_1_no_load	1	2	1	1040	
320	0	38	step_2_no_load	3	4	0.539078491643	0.595113730206	3	638	0	
320	0	39	step_1_no_load	1	2	1	495	
320	0	39	step_2_no_load	5	6	0.578640235206	0.634483337633	6	337	1	
320	0	40	step_1_no_load	1	2	1	448	
320	0	40	step_2_no_load	3	4	0.580760785074	0.607992802154	4	555	1	
320	0	41	step_1_no_load	1	2	1	484	
320	0	41	step_2_no_load	3	4	0.524862294848	0.588857868869	-1	-1	-1	
320	0	42	step_1_no_load	1	2	1	712	
320	0	42	step_2_no_load	3	4	0.533857158543	0.609164606591	4	426	0	
320	0	43	step_1_no_load	1	2	2	351	
320	0	43	step_2_no_load	3	4	0.553703096215	0.612705031264	3	806	0	
320	0	44	step_1_no_load	1	2	2	423	
320	0	44	step_2_no_load	5	6	0.537842745081	0.589653131867	6	301	1	
320	0	45	step_1_no_load	1	2	2	401	
320	0	45	step_2_no_load	5	6	0.5288039409	0.620699591043	6	486	1	
320	0	46	step_1_no_load	1	2	2	311	
320	0	46	step_2_no_load	5	6	0.532238720495	0.654261318712	-1	-1	-1	
320	0	47	step_1_no_load	1	2	2	357	
320	0	47	step_2_no_load	5	6	0.493112702321	0.634373567175	6	291	1	
320	0	48	step_1_no_load	1	2	2	435	
320	0	48	step_2_no_load	3	4	0.534690828011	0.615767119776	4	1109	1	
320	0	49	step_1_no_load	1	2	1	417	
320	0	49	step_2_no_load	3	4	0.512405963374	0.610193185592	4	641	1	
320	0	50	step_1_no_load	1	2	1	349	
320	0	50	step_2_no_load	5	6	0.47381367271	0.593458480934	6	454	1	
320	0	51	step_1_no_load	1	2	1	416	
320	0	51	step_2_no_load	3	4	0.508197321577	0.564866799699	4	820	0	
320	0	52	step_1_no_load	1	2	1	337	
320	0	52	step_2_no_load	5	6	0.429622901875	0.613408921915	5	329	1	
320	0	53	step_1_no_load	1	2	1	751	
320	0	53	step_2_no_load	5	6	0.451905460347	0.630956764252	5	435	0	
320	0	54	step_1_no_load	1	2	2	355	
320	0	54	step_2_no_load	5	6	0.491512498697	0.652515308527	6	28	1	
320	0	55	step_1_no_load	1	2	2	651	
320	0	55	step_2_no_load	3	4	0.526704292526	0.574045915747	4	34	0	
320	0	56	step_1_no_load	1	2	2	0	
320	0	56	step_2_no_load	5	6	0.459773408493	0.60038825769	5	739	0	
320	0	57	step_1_no_load	1	2	2	530	
320	0	57	step_2_no_load	5	6	0.466449077359	0.586335094239	6	814	0	
320	0	58	step_1_no_load	1	2	1	499	
320	0	58	step_2_no_load	5	6	0.478335218822	0.610896130115	6	522	0	
320	0	59	step_1_no_load	1	2	1	735	
320	0	59	step_2_no_load	5	6	0.480274332693	0.608951267756	5	816	0	
320	0	60	step_1_no_load	1	2	2	449	
320	0	60	step_2_no_load	3	4	0.479287247283	0.623687406259	4	285	1	
320	0	61	step_1_no_load	1	2	2	368	
320	0	61	step_2_no_load	5	6	0.464268875813	0.602879526975	6	409	1	
320	0	62	step_1_no_load	1	2	2	546	
320	0	62	step_2_no_load	5	6	0.50724109756	0.622820395113	6	379	1	
320	0	63	step_1_no_load	1	2	2	416	
320	0	63	step_2_no_load	5	6	0.53192660365	0.642623127313	6	718	1	
320	0	64	step_1_no_load	1	2	2	303	
320	0	64	step_2_no_load	5	6	0.555062911513	0.626149195169	6	439	1	
320	0	65	step_1_no_load	1	2	2	407	
320	0	65	step_2_no_load	5	6	0.569109504048	0.619953360065	6	430	1	
320	0	66	step_1_no_load	1	2	2	571	
320	0	66	step_2_no_load	5	6	0.573761869714	0.630357351236	6	446	0	
320	0	67	step_1_no_load	1	2	1	833	
320	0	67	step_2_no_load	3	4	0.538279387614	0.597650193897	3	370	0	
320	0	68	step_1_no_load	1	2	-1	-1	
320	0	69	step_1_no_load	1	2	2	369	
320	0	69	step_2_no_load	5	6	0.499137600991	0.718756538957	6	387	1	
320	0	70	step_1_no_load	1	2	2	417	
320	0	70	step_2_no_load	3	4	0.548075770764	0.637556284465	4	568	0	
320	0	71	step_1_no_load	1	2	1	340	
320	0	71	step_2_no_load	3	4	0.546215110045	0.639174917797	4	505	0	
320	0	72	step_1_no_load	1	2	1	396	
320	0	72	step_2_no_load	3	4	0.556486305476	0.626024641967	3	972	0	
320	0	73	step_1_no_load	1	2	2	0	
320	0	73	step_2_no_load	5	6	0.435957313805	0.727961155836	6	172	1	
320	0	74	step_1_no_load	1	2	2	292	
320	0	74	step_2_no_load	5	6	0.453420386428	0.693624670847	6	379	1	
320	0	75	step_1_no_load	1	2	2	305	
320	0	75	step_2_no_load	5	6	0.44832280175	0.697629587097	-1	-1	-1	
320	0	76	step_1_no_load	1	2	2	376	
320	0	76	step_2_no_load	5	6	0.488583631821	0.690117652944	6	421	1	
320	0	77	step_1_no_load	1	2	2	0	
320	0	77	step_2_no_load	5	6	0.446809557226	0.679737625371	6	748	1	
320	0	78	step_1_no_load	1	2	2	364	
320	0	78	step_2_no_load	5	6	0.435911167612	0.647586191228	6	426	0	
320	0	79	step_1_no_load	1	2	1	378	
320	0	79	step_2_no_load	3	4	0.540085062695	0.513695512795	4	739	1	
320	0	80	step_1_no_load	1	2	1	426	
320	0	80	step_2_no_load	3	4	0.49921021142	0.518583383166	4	671	0	
320	0	81	step_1_no_load	1	2	1	941	
320	0	81	step_2_no_load	5	6	0.419265522488	0.702400933084	5	517	0	
320	0	82	step_1_no_load	1	2	2	356	
320	0	82	step_2_no_load	3	4	0.482727017837	0.564729328387	4	758	0	
320	0	83	step_1_no_load	1	2	2	794	
320	0	83	step_2_no_load	5	6	0.382772464038	0.726885136842	5	1131	0	
320	0	84	step_1_no_load	1	2	2	472	
320	0	84	step_2_no_load	5	6	0.385087938645	0.731466635793	6	406	1	
320	0	85	step_1_no_load	1	2	2	340	
320	0	85	step_2_no_load	5	6	0.384458259121	0.712989604416	6	441	1	
320	0	86	step_1_no_load	1	2	2	433	
320	0	86	step_2_no_load	5	6	0.345323068124	0.721207648497	6	395	0	
320	0	87	step_1_no_load	1	2	1	397	
320	0	87	step_2_no_load	5	6	0.40000499778	0.690012761069	6	369	1	
320	0	88	step_1_no_load	1	2	1	934	
320	0	88	step_2_no_load	5	6	0.377947492322	0.696773608304	5	487	0	
320	0	89	step_1_no_load	1	2	2	320	
320	0	89	step_2_no_load	5	6	0.415882489686	0.660112261017	6	331	1	
320	0	90	step_1_no_load	1	2	2	315	
320	0	90	step_2_no_load	5	6	0.411459496853	0.688736868033	6	279	1	
320	0	91	step_1_no_load	1	2	2	509	
320	0	91	step_2_no_load	5	6	0.43534164751	0.657820521772	6	285	1	
320	0	92	step_1_no_load	1	2	1	421	
320	0	92	step_2_no_load	3	4	0.484260039873	0.692406274724	4	446	1	
320	0	93	step_1_no_load	1	2	1	1476	
320	0	93	step_2_no_load	5	6	0.439878153082	0.662863370634	6	837	1	
320	0	94	step_1_no_load	1	2	2	418	
320	0	94	step_2_no_load	3	4	0.468637558205	0.719464414227	4	303	1	
320	0	95	step_1_no_load	1	2	2	376	
320	0	95	step_2_no_load	3	4	0.42505578884	0.715495469274	4	392	1	
320	0	96	step_1_no_load	1	2	2	278	
320	0	96	step_2_no_load	5	6	0.383038640121	0.663095813561	6	268	0	
320	0	97	step_1_no_load	1	2	-1	-1	
320	0	98	step_1_no_load	1	2	2	1325	
320	0	98	step_2_no_load	5	6	0.409778171713	0.646040060297	6	590	1	
320	0	99	step_1_no_load	1	2	2	516	
320	0	99	step_2_no_load	3	4	0.375249961522	0.673709850038	4	266	0	
320	0	100	step_1_no_load	1	2	1	390	
320	0	100	step_2_no_load	5	6	0.4333505304	0.66579920021	6	335	0	
320	0	101	step_1_no_load	1	2	2	377	
320	0	101	step_2_no_load	5	6	0.497432607584	0.655903528958	6	309	1	
320	0	102	step_1_no_load	1	2	2	396	
320	0	102	step_2_no_load	3	4	0.326080462175	0.666304534392	4	278	1	
320	0	103	step_1_no_load	1	2	2	368	
320	0	103	step_2_no_load	5	6	0.481975449893	0.69058998368	6	251	0	
320	0	104	step_1_no_load	1	2	1	627	
320	0	104	step_2_no_load	5	6	0.521047445908	0.743372642809	5	587	1	
320	0	105	step_1_no_load	1	2	2	0	
320	0	105	step_2_no_load	5	6	0.514318365187	0.722851301692	6	837	1	
320	0	106	step_1_no_load	1	2	2	568	
320	0	106	step_2_no_load	5	6	0.508908032404	0.699623252899	6	412	1	
320	0	107	step_1_no_load	1	2	2	266	
320	0	107	step_2_no_load	5	6	0.565220528809	0.677514185929	6	948	0	
320	0	108	step_1_no_load	1	2	1	989	
320	0	108	step_2_no_load	5	6	0.526955028982	0.681491063126	5	316	0	
320	0	109	step_1_no_load	1	2	1	328	
320	0	109	step_2_no_load	3	4	0.372328831887	0.71632547018	3	1215	0	
320	0	110	step_1_no_load	1	2	2	491	
320	0	110	step_2_no_load	5	6	0.432626681236	0.65455226558	6	252	1	
320	0	111	step_1_no_load	1	2	2	311	
320	0	111	step_2_no_load	5	6	0.384948378665	0.634599547742	6	272	1	
320	0	112	step_1_no_load	1	2	2	338	
320	0	112	step_2_no_load	5	6	0.392887565883	0.635252945963	6	772	1	
320	0	113	step_1_no_load	1	2	1	519	
320	0	113	step_2_no_load	5	6	0.370697120277	0.634627459817	5	3	0	
320	0	114	step_1_no_load	1	2	1	144	
320	0	114	step_2_no_load	3	4	0.384736699284	0.718213323791	3	859	1	
320	0	115	step_1_no_load	1	2	2	324	
320	0	115	step_2_no_load	5	6	0.390027643099	0.645721217949	6	698	1	
320	0	116	step_1_no_load	1	2	2	420	
320	0	116	step_2_no_load	5	6	0.378149844807	0.680124293449	6	628	0	
320	0	117	step_1_no_load	1	2	2	1275	
320	0	117	step_2_no_load	3	4	0.363056877927	0.747012267642	3	1017	0	
320	0	118	step_1_no_load	1	2	2	583	
320	0	118	step_2_no_load	5	6	0.357645851833	0.690484235012	6	8	1	
320	0	119	step_1_no_load	1	2	2	539	
320	0	119	step_2_no_load	5	6	0.357515098446	0.661177321751	6	626	1	
320	0	120	step_1_no_load	1	2	2	443	
320	0	120	step_2_no_load	5	6	0.370150243662	0.666433355915	6	915	0	
320	0	121	step_1_no_load	1	2	1	109	
320	0	121	step_2_no_load	5	6	0.352721767208	0.671052306195	5	702	1	
320	0	122	step_1_no_load	1	2	2	259	
320	0	122	step_2_no_load	3	4	0.266650857402	0.6136886145	4	414	1	
320	0	123	step_1_no_load	1	2	2	613	
320	0	123	step_2_no_load	5	6	0.337526896345	0.664849878232	6	70	1	
320	0	124	step_1_no_load	1	2	2	398	
320	0	124	step_2_no_load	5	6	0.309430836661	0.624161788269	6	18	1	
320	0	125	step_1_no_load	1	2	1	471	
320	0	125	step_2_no_load	3	4	0.290374841566	0.559596800931	4	522	1	
320	0	126	step_1_no_load	1	2	1	453	
320	0	126	step_2_no_load	3	4	0.267206368684	0.537863824328	3	359	0	
320	0	127	step_1_no_load	1	2	2	645	
320	0	127	step_2_no_load	3	4	0.273483952592	0.560824094575	4	198	0	
320	0	128	step_1_no_load	1	2	2	577	
320	0	128	step_2_no_load	3	4	0.260252451606	0.636905534066	4	257	1	
320	0	129	step_1_no_load	1	2	2	271	
320	0	129	step_2_no_load	5	6	0.271709703542	0.632682846317	6	498	1	
320	0	130	step_1_no_load	1	2	2	530	
320	0	130	step_2_no_load	5	6	0.274560758494	0.630285316669	6	28	0	
320	0	131	step_1_no_load	1	2	1	221	
320	0	131	step_2_no_load	3	4	0.281500842289	0.678044920845	3	429	0	
320	0	132	step_1_no_load	1	2	1	358	
320	0	132	step_2_no_load	3	4	0.27986961048	0.668578020634	3	414	1	
320	0	133	step_1_no_load	1	2	2	609	
320	0	133	step_2_no_load	5	6	0.312642735495	0.691649444281	6	75	1	
320	0	134	step_1_no_load	1	2	2	430	
320	0	134	step_2_no_load	5	6	0.302839427162	0.685529359147	6	306	1	
320	0	135	step_1_no_load	1	2	2	1162	
320	0	135	step_2_no_load	5	6	0.287118934166	0.700779221781	6	564	0	
320	0	136	step_1_no_load	1	2	2	1386	
320	0	136	step_2_no_load	5	6	0.284521085726	0.674914008636	5	983	1	
320	0	137	step_1_no_load	1	2	2	442	
320	0	137	step_2_no_load	5	6	0.325016613024	0.668540846495	6	348	1	
320	0	138	step_1_no_load	1	2	2	636	
320	0	138	step_2_no_load	3	4	0.366701525561	0.63240964674	4	336	1	
320	0	139	step_1_no_load	1	2	2	385	
320	0	139	step_2_no_load	5	6	0.323660750961	0.696355985729	6	535	1	
320	0	140	step_1_no_load	1	2	-1	-1	
320	0	141	step_1_no_load	1	2	1	456	
320	0	141	step_2_no_load	3	4	0.390227133375	0.711987889705	4	340	1	
320	0	142	step_1_no_load	1	2	1	685	
320	0	142	step_2_no_load	5	6	0.304203281606	0.627356259123	5	353	0	
320	0	143	step_1_no_load	1	2	2	318	
320	0	143	step_2_no_load	3	4	0.410970957547	0.661365099615	4	341	1	
320	0	144	step_1_no_load	1	2	2	465	
320	0	144	step_2_no_load	5	6	0.275932517017	0.639347300184	6	382	1	
320	0	145	step_1_no_load	1	2	2	436	
320	0	145	step_2_no_load	5	6	0.266265924094	0.606515632748	6	320	1	
320	0	146	step_1_no_load	1	2	1	542	
320	0	146	step_2_no_load	3	4	0.320877500969	0.681611991725	4	281	0	
320	0	147	step_1_no_load	1	2	1	452	
320	0	147	step_2_no_load	3	4	0.352879785946	0.647798886916	3	1014	0	
320	0	148	step_1_no_load	1	2	2	559	
320	0	148	step_2_no_load	3	4	0.311162711725	0.619272702026	4	697	1	
320	0	149	step_1_no_load	1	2	2	365	
320	0	149	step_2_no_load	3	4	0.300290206122	0.601870110183	4	1056	0	
320	0	150	step_1_no_load	1	2	2	1161	
320	0	150	step_2_no_load	3	4	0.306860041627	0.575985663078	3	592	0	
320	0	151	step_1_no_load	1	2	2	385	
320	0	151	step_2_no_load	5	6	0.348172164421	0.614159737668	6	588	1	
320	0	152	step_1_no_load	1	2	2	358	
320	0	152	step_2_no_load	5	6	0.307702500543	0.644204174791	-1	-1	-1	
320	0	153	step_1_no_load	1	2	2	1370	
320	0	153	step_2_no_load	5	6	0.309356532263	0.681559292085	5	575	1	
320	0	154	step_1_no_load	1	2	2	307	
320	0	154	step_2_no_load	5	6	0.316375537537	0.671672162443	6	137	1	
320	0	155	step_1_no_load	1	2	2	595	
320	0	155	step_2_no_load	5	6	0.296093457977	0.716100930629	6	795	1	
320	0	156	step_1_no_load	1	2	2	723	
320	0	156	step_2_no_load	5	6	0.32564867104	0.734436160799	6	956	0	
320	0	157	step_1_no_load	1	2	2	970	
320	0	157	step_2_no_load	5	6	0.350909357271	0.720725456325	5	467	0	
320	0	158	step_1_no_load	1	2	-1	-1	
320	0	159	step_1_no_load	1	2	2	710	
320	0	159	step_2_no_load	5	6	0.413026375257	0.697903160072	5	162	0	
320	0	160	step_1_no_load	1	2	2	69	
320	0	160	step_2_no_load	5	6	0.415052912783	0.710728171711	6	552	1	
320	0	161	step_1_no_load	1	2	2	533	
320	0	161	step_2_no_load	3	4	0.438878285506	0.516036498158	4	494	0	
320	0	162	step_1_no_load	1	2	2	673	
320	0	162	step_2_no_load	5	6	0.3926701003	0.695144769903	5	860	1	
320	0	163	step_1_no_load	1	2	1	789	
320	0	163	step_2_no_load	3	4	0.430920885959	0.5863391277	3	325	0	
320	0	164	step_1_no_load	1	2	2	246	
320	0	164	step_2_no_load	5	6	0.432761720497	0.692137394606	6	591	1	
320	0	165	step_1_no_load	1	2	2	24	
320	0	165	step_2_no_load	3	4	0.347974240867	0.538026607649	4	773	1	
320	0	166	step_1_no_load	1	2	1	482	
320	0	166	step_2_no_load	3	4	0.356317216644	0.549095060025	4	767	1	
320	0	167	step_1_no_load	1	2	1	292	
320	0	167	step_2_no_load	3	4	0.331115714939	0.585131062446	3	303	0	
320	0	168	step_1_no_load	1	2	2	301	
320	0	168	step_2_no_load	3	4	0.335777599654	0.613361520676	4	341	0	
320	0	169	step_1_no_load	1	2	2	462	
320	0	169	step_2_no_load	5	6	0.42098542374	0.704981910944	6	498	1	
320	0	170	step_1_no_load	1	2	2	416	
320	0	170	step_2_no_load	3	4	0.364989630435	0.57151385403	4	507	0	
320	0	171	step_1_no_load	1	2	2	226	
320	0	171	step_2_no_load	5	6	0.386979310814	0.727248140829	5	588	0	
320	0	172	step_1_no_load	1	2	1	358	
320	0	172	step_2_no_load	5	6	0.363617002148	0.668669556875	5	547	0	
320	0	173	step_1_no_load	1	2	2	344	
320	0	173	step_2_no_load	3	4	0.462866379815	0.484428109849	4	463	0	
320	0	174	step_1_no_load	1	2	2	384	
320	0	174	step_2_no_load	5	6	0.387867297446	0.729877433725	5	536	1	
320	0	175	step_1_no_load	1	2	2	602	
320	0	175	step_2_no_load	5	6	0.426185553904	0.693968268443	6	414	0	
320	0	176	step_1_no_load	1	2	2	525	
320	0	176	step_2_no_load	3	4	0.500856457218	0.474046874473	3	623	1	
320	0	177	step_1_no_load	1	2	2	578	
320	0	177	step_2_no_load	5	6	0.357425668099	0.714070205704	5	477	0	
320	0	178	step_1_no_load	1	2	1	0	
320	0	178	step_2_no_load	5	6	0.36473828006	0.705993797498	6	976	0	
320	0	179	step_1_no_load	1	2	2	300	
320	0	179	step_2_no_load	5	6	0.324685418097	0.709345707515	6	320	0	
320	0	180	step_1_no_load	1	2	1	427	
320	0	180	step_2_no_load	3	4	0.489345734128	0.482853857291	4	335	0	
320	0	181	step_1_no_load	1	2	2	455	
320	0	181	step_2_no_load	5	6	0.342402764747	0.746910336326	6	511	0	
320	0	182	step_1_no_load	1	2	1	524	
320	0	182	step_2_no_load	3	4	0.49907747228	0.506773281362	3	499	0	
320	0	183	step_1_no_load	1	2	2	411	
320	0	183	step_2_no_load	5	6	0.350175837802	0.720388040749	6	95	1	
320	0	184	step_1_no_load	1	2	2	459	
320	0	184	step_2_no_load	3	4	0.480863422096	0.460890977786	4	540	0	
320	0	185	step_1_no_load	1	2	1	433	
320	0	185	step_2_no_load	3	4	0.482228039858	0.479703516092	3	542	1	
320	0	186	step_1_no_load	1	2	-1	-1	
320	0	187	step_1_no_load	1	2	1	462	
320	0	187	step_2_no_load	3	4	0.498596507669	0.443962917772	4	324	0	
320	0	188	step_1_no_load	1	2	1	711	
320	0	188	step_2_no_load	3	4	0.548350535247	0.471319680586	3	445	1	
320	0	189	step_1_no_load	1	2	1	687	
320	0	189	step_2_no_load	3	4	0.534753756004	0.448897869069	3	402	0	
320	0	190	step_1_no_load	1	2	2	472	
320	0	190	step_2_no_load	5	6	0.304557739386	0.667655825994	6	285	0	
320	0	191	step_1_no_load	1	2	2	595	
320	0	191	step_2_no_load	5	6	0.318839908867	0.664271461991	5	654	1	
320	0	192	step_1_no_load	1	2	2	362	
320	0	192	step_2_no_load	5	6	0.299297135717	0.705517419189	5	379	0	
320	0	193	step_1_no_load	1	2	2	90	
320	0	193	step_2_no_load	3	4	0.504944704439	0.440813209638	4	479	0	
320	0	194	step_1_no_load	1	2	1	836	
320	0	194	step_2_no_load	3	4	0.505359594715	0.433250459893	4	403	1	
320	0	195	step_1_no_load	1	2	1	432	
320	0	195	step_2_no_load	3	4	0.494102184238	0.466795336969	4	390	0	
320	0	196	step_1_no_load	1	2	2	121	
320	0	196	step_2_no_load	3	4	0.496717662777	0.421761207498	4	149	1	
320	0	197	step_1_no_load	1	2	1	490	
320	0	197	step_2_no_load	3	4	0.47786945426	0.422511153127	4	462	0	
320	0	198	step_1_no_load	1	2	1	371	
320	0	198	step_2_no_load	3	4	0.485065498391	0.397292432346	3	316	0	
320	0	199	step_1_no_load	1	2	2	310	
320	0	199	step_2_no_load	5	6	0.292861528884	0.73697129762	5	994	0	
320	0	200	step_1_no_load	1	2	1	750	
320	0	200	step_2_no_load	5	6	0.299128796668	0.728996708473	6	326	1	

Fri Oct 30 15:03:28 2020
