Tue Nov 17 15:39:17 2020	
323	0	1	step_1_no_load	1	2	2	1028	
323	0	1	step_2_no_load	5	6	0.594299910136	0.457620150462	-1	-1	-1	
323	0	2	step_1_no_load	1	2	1	635	
323	0	2	step_2_no_load	3	4	0.533203491871	0.580156942153	3	565	0	
323	0	3	step_1_no_load	1	2	2	881	
323	0	3	step_2_no_load	5	6	0.589215227351	0.476767372206	6	662	1	
323	0	4	step_1_no_load	1	2	1	935	
323	0	4	step_2_no_load	5	6	0.564086293706	0.478607661228	6	995	1	
323	0	5	step_1_no_load	1	2	1	858	
323	0	5	step_2_no_load	5	6	0.576104915614	0.495568760483	5	494	0	
323	0	6	step_1_no_load	1	2	1	784	
323	0	6	step_2_no_load	3	4	0.490454120702	0.585722686883	4	1072	0	
323	0	7	step_1_no_load	1	2	1	685	
323	0	7	step_2_no_load	3	4	0.506408070053	0.568656746487	3	872	1	
323	0	8	step_1_no_load	1	2	1	920	
323	0	8	step_2_no_load	5	6	0.624210374623	0.489816616396	-1	-1	-1	
323	0	9	step_1_no_load	1	2	1	672	
323	0	9	step_2_no_load	3	4	0.54429228266	0.598049061473	4	710	1	
323	0	10	step_1_no_load	1	2	1	869	
323	0	10	step_2_no_load	5	6	0.636063269715	0.482364178155	6	942	1	
323	0	11	step_1_no_load	1	2	1	502	
323	0	11	step_2_no_load	3	4	0.59022801242	0.69163818036	3	598	1	
323	0	12	step_1_no_load	1	2	1	415	
323	0	12	step_2_no_load	3	4	0.597131918027	0.682786328054	3	424	0	
323	0	13	step_1_no_load	1	2	1	816	
323	0	13	step_2_no_load	5	6	0.558313135925	0.52012981853	6	669	1	
323	0	14	step_1_no_load	1	2	2	1172	
323	0	14	step_2_no_load	5	6	0.545555696267	0.491234392147	6	1114	0	
323	0	15	step_1_no_load	1	2	1	358	
323	0	15	step_2_no_load	3	4	0.633564630036	0.612260006668	3	615	0	
323	0	16	step_1_no_load	1	2	1	374	
323	0	16	step_2_no_load	3	4	0.626326396372	0.628091198119	4	453	1	
323	0	17	step_1_no_load	1	2	1	502	
323	0	17	step_2_no_load	5	6	0.562895132605	0.535958400205	6	475	1	
323	0	18	step_1_no_load	1	2	1	690	
323	0	18	step_2_no_load	5	6	0.553554620302	0.517514133912	6	767	0	
323	0	19	step_1_no_load	1	2	1	431	
323	0	19	step_2_no_load	3	4	0.644773170243	0.619895761657	3	1140	1	
323	0	20	step_1_no_load	1	2	1	636	
323	0	20	step_2_no_load	3	4	0.60665343963	0.636521555122	3	1295	1	
323	0	21	step_1_no_load	1	2	1	359	
323	0	21	step_2_no_load	3	4	0.611328949295	0.630305464549	3	870	1	
323	0	22	step_1_no_load	1	2	1	606	
323	0	22	step_2_no_load	5	6	0.468700882609	0.506100011497	6	540	1	
323	0	23	step_1_no_load	1	2	1	376	
323	0	23	step_2_no_load	3	4	0.604065470975	0.640163623731	4	563	0	
323	0	24	step_1_no_load	1	2	1	493	
323	0	24	step_2_no_load	3	4	0.5800912085	0.582115115688	3	672	1	
323	0	25	step_1_no_load	1	2	1	618	
323	0	25	step_2_no_load	3	4	0.629917901014	0.565698722896	3	685	1	
323	0	26	step_1_no_load	1	2	1	406	
323	0	26	step_2_no_load	3	4	0.640635035276	0.592410219737	3	717	1	
323	0	27	step_1_no_load	1	2	1	875	
323	0	27	step_2_no_load	3	4	0.642144756622	0.57860777711	3	852	1	
323	0	28	step_1_no_load	1	2	1	324	
323	0	28	step_2_no_load	5	6	0.553259388875	0.520177259699	6	528	0	
323	0	29	step_1_no_load	1	2	1	317	
323	0	29	step_2_no_load	3	4	0.618626354124	0.606613029227	3	419	0	
323	0	30	step_1_no_load	1	2	1	497	
323	0	30	step_2_no_load	5	6	0.574272497114	0.4919199548	5	490	1	
323	0	31	step_1_no_load	1	2	1	317	
323	0	31	step_2_no_load	5	6	0.541819886458	0.483156722265	6	1177	1	
323	0	32	step_1_no_load	1	2	1	542	
323	0	32	step_2_no_load	5	6	0.522993086096	0.520318771114	5	940	1	
323	0	33	step_1_no_load	1	2	1	575	
323	0	33	step_2_no_load	5	6	0.542309898544	0.487664344039	6	844	0	
323	0	34	step_1_no_load	1	2	1	379	
323	0	34	step_2_no_load	5	6	0.538523758058	0.454565258478	5	719	0	
323	0	35	step_1_no_load	1	2	1	443	
323	0	35	step_2_no_load	3	4	0.649776015006	0.566827313385	3	953	1	
323	0	36	step_1_no_load	1	2	1	488	
323	0	36	step_2_no_load	5	6	0.611274573488	0.513210053121	5	1288	1	
323	0	37	step_1_no_load	1	2	1	373	
323	0	37	step_2_no_load	3	4	0.660658056664	0.513822304161	3	802	0	
323	0	38	step_1_no_load	1	2	1	464	
323	0	38	step_2_no_load	3	4	0.651263699161	0.539078491643	4	1316	1	
323	0	39	step_1_no_load	1	2	1	449	
323	0	39	step_2_no_load	3	4	0.634483337633	0.557005857101	4	663	1	
323	0	40	step_1_no_load	1	2	1	407	
323	0	40	step_2_no_load	5	6	0.607992802154	0.5691386571	5	809	1	
323	0	41	step_1_no_load	1	2	1	368	
323	0	41	step_2_no_load	3	4	0.633285941184	0.524862294848	4	646	0	
323	0	42	step_1_no_load	1	2	1	413	
323	0	42	step_2_no_load	3	4	0.606696263624	0.533857158543	3	467	0	
323	0	43	step_1_no_load	1	2	1	538	
323	0	43	step_2_no_load	5	6	0.612705031264	0.548128010644	6	641	0	
323	0	44	step_1_no_load	1	2	1	403	
323	0	44	step_2_no_load	5	6	0.611481438855	0.537842745081	5	557	1	
323	0	45	step_1_no_load	1	2	1	468	
323	0	45	step_2_no_load	5	6	0.632991467829	0.5288039409	5	564	1	
323	0	46	step_1_no_load	1	2	1	498	
323	0	46	step_2_no_load	5	6	0.600964500555	0.532238720495	5	700	1	
323	0	47	step_1_no_load	1	2	1	356	
323	0	47	step_2_no_load	3	4	0.634373567175	0.546259467838	3	658	1	
323	0	48	step_1_no_load	1	2	1	378	
323	0	48	step_2_no_load	3	4	0.657624935632	0.534690828011	3	1093	1	
323	0	49	step_1_no_load	1	2	1	271	
323	0	49	step_2_no_load	3	4	0.614679490594	0.512405963374	3	485	0	
323	0	50	step_1_no_load	1	2	1	437	
323	0	50	step_2_no_load	3	4	0.593458480934	0.481616544184	4	496	0	
323	0	51	step_1_no_load	1	2	1	401	
323	0	51	step_2_no_load	3	4	0.613357430892	0.508197321577	3	559	1	
323	0	52	step_1_no_load	1	2	1	385	
323	0	52	step_2_no_load	5	6	0.539065404057	0.429622901875	5	698	1	
323	0	53	step_1_no_load	1	2	1	976	
323	0	53	step_2_no_load	3	4	0.630956764252	0.475342927439	3	939	1	
323	0	54	step_1_no_load	1	2	1	723	
323	0	54	step_2_no_load	5	6	0.570223904064	0.491512498697	5	651	1	
323	0	55	step_1_no_load	1	2	1	517	
323	0	55	step_2_no_load	3	4	0.639840796975	0.526704292526	3	834	1	
323	0	56	step_1_no_load	1	2	1	480	
323	0	56	step_2_no_load	5	6	0.601856598146	0.459773408493	6	1089	1	
323	0	57	step_1_no_load	1	2	1	497	
323	0	57	step_2_no_load	3	4	0.586335094239	0.516475618243	3	582	1	
323	0	58	step_1_no_load	1	2	1	673	
323	0	58	step_2_no_load	3	4	0.610896130115	0.528376440027	3	599	1	
323	0	59	step_1_no_load	1	2	1	577	
323	0	59	step_2_no_load	5	6	0.632500293208	0.480274332693	5	663	1	
323	0	60	step_1_no_load	1	2	1	507	
323	0	60	step_2_no_load	3	4	0.599559577859	0.479287247283	3	479	1	
323	0	61	step_1_no_load	1	2	1	371	
323	0	61	step_2_no_load	3	4	0.602879526975	0.527144452559	3	560	0	
323	0	62	step_1_no_load	1	2	1	1007	
323	0	62	step_2_no_load	5	6	0.691137204746	0.50724109756	-1	-1	-1	
323	0	63	step_1_no_load	1	2	1	375	
323	0	63	step_2_no_load	5	6	0.664284493458	0.53192660365	5	540	1	
323	0	64	step_1_no_load	1	2	1	460	
323	0	64	step_2_no_load	3	4	0.626149195169	0.533849886794	-1	-1	-1	
323	0	65	step_1_no_load	1	2	1	405	
323	0	65	step_2_no_load	3	4	0.619953360065	0.517687993213	3	529	0	
323	0	66	step_1_no_load	1	2	1	526	
323	0	66	step_2_no_load	3	4	0.630357351236	0.555324764318	4	553	0	
323	0	67	step_1_no_load	1	2	1	320	
323	0	67	step_2_no_load	3	4	0.674463681351	0.538279387614	3	423	1	
323	0	68	step_1_no_load	1	2	1	737	
323	0	68	step_2_no_load	3	4	0.719455209845	0.523301545299	3	564	1	
323	0	69	step_1_no_load	1	2	1	532	
323	0	69	step_2_no_load	3	4	0.718756538957	0.560462111264	3	503	1	
323	0	70	step_1_no_load	1	2	1	431	
323	0	70	step_2_no_load	3	4	0.697741832068	0.548075770764	3	554	1	
323	0	71	step_1_no_load	1	2	1	511	
323	0	71	step_2_no_load	3	4	0.706816191949	0.546215110045	3	829	0	
323	0	72	step_1_no_load	1	2	1	601	
323	0	72	step_2_no_load	5	6	0.626024641967	0.47409116389	-1	-1	-1	
323	0	73	step_1_no_load	1	2	1	764	
323	0	73	step_2_no_load	3	4	0.727961155836	0.50185699984	-1	-1	-1	
323	0	74	step_1_no_load	1	2	1	1056	
323	0	74	step_2_no_load	5	6	0.614462146454	0.453420386428	5	996	0	
323	0	75	step_1_no_load	1	2	1	532	
323	0	75	step_2_no_load	3	4	0.697629587097	0.483983914712	3	571	1	
323	0	76	step_1_no_load	1	2	1	296	
323	0	76	step_2_no_load	3	4	0.690117652944	0.518881389358	3	497	0	
323	0	77	step_1_no_load	1	2	1	742	
323	0	77	step_2_no_load	3	4	0.679737625371	0.538119616568	4	913	1	
323	0	78	step_1_no_load	1	2	1	576	
323	0	78	step_2_no_load	3	4	0.647586191228	0.538654072849	4	405	0	
323	0	79	step_1_no_load	1	2	1	434	
323	0	79	step_2_no_load	5	6	0.513695512795	0.389124152368	5	413	0	
323	0	80	step_1_no_load	1	2	1	334	
323	0	80	step_2_no_load	3	4	0.703969305517	0.49921021142	3	803	1	
323	0	81	step_1_no_load	1	2	1	449	
323	0	81	step_2_no_load	3	4	0.702400933084	0.494116554432	3	516	1	
323	0	82	step_1_no_load	1	2	1	460	
323	0	82	step_2_no_load	3	4	0.688340116885	0.482727017837	3	575	1	
323	0	83	step_1_no_load	1	2	1	499	
323	0	83	step_2_no_load	3	4	0.726885136842	0.483255412498	3	911	0	
323	0	84	step_1_no_load	1	2	1	1058	
323	0	84	step_2_no_load	3	4	0.731466635793	0.505586222209	3	1031	1	
323	0	85	step_1_no_load	1	2	1	713	
323	0	85	step_2_no_load	3	4	0.712989604416	0.485785534744	-1	-1	-1	
323	0	86	step_1_no_load	1	2	1	591	
323	0	86	step_2_no_load	5	6	0.691782850001	0.345323068124	5	792	1	
323	0	87	step_1_no_load	1	2	1	539	
323	0	87	step_2_no_load	3	4	0.690012761069	0.493867001103	3	767	1	
323	0	88	step_1_no_load	1	2	1	575	
323	0	88	step_2_no_load	5	6	0.717410082358	0.377947492322	5	519	0	
323	0	89	step_1_no_load	1	2	1	461	
323	0	89	step_2_no_load	3	4	0.660112261017	0.490019385174	3	727	1	
323	0	90	step_1_no_load	1	2	1	670	
323	0	90	step_2_no_load	3	4	0.688736868033	0.530126112124	3	640	1	
323	0	91	step_1_no_load	1	2	1	732	
323	0	91	step_2_no_load	5	6	0.685023809334	0.43534164751	-1	-1	-1	
323	0	92	step_1_no_load	1	2	1	825	
323	0	92	step_2_no_load	3	4	0.679381608313	0.484260039873	-1	-1	-1	
323	0	93	step_1_no_load	1	2	1	565	
323	0	93	step_2_no_load	3	4	0.662863370634	0.473273727684	3	1007	1	
323	0	94	step_1_no_load	1	2	1	438	
323	0	94	step_2_no_load	5	6	0.719464414227	0.429211756872	5	667	1	
323	0	95	step_1_no_load	1	2	1	415	
323	0	95	step_2_no_load	3	4	0.640209855442	0.42505578884	4	459	1	
323	0	96	step_1_no_load	1	2	1	863	
323	0	96	step_2_no_load	3	4	0.663095813561	0.437558890646	3	1263	1	
323	0	97	step_1_no_load	1	2	1	454	
323	0	97	step_2_no_load	5	6	0.681272614291	0.392885664353	5	651	1	
323	0	98	step_1_no_load	1	2	1	405	
323	0	98	step_2_no_load	5	6	0.70287861952	0.409778171713	5	876	0	
323	0	99	step_1_no_load	1	2	2	433	
323	0	99	step_2_no_load	5	6	0.673709850038	0.397561363605	-1	-1	-1	
323	0	100	step_1_no_load	1	2	1	313	
323	0	100	step_2_no_load	5	6	0.666227451505	0.4333505304	5	1260	0	
323	0	101	step_1_no_load	1	2	1	594	
323	0	101	step_2_no_load	5	6	0.623812401974	0.497432607584	6	531	1	
323	0	102	step_1_no_load	1	2	1	416	
323	0	102	step_2_no_load	3	4	0.663124617603	0.326080462175	3	386	0	
323	0	103	step_1_no_load	1	2	1	457	
323	0	103	step_2_no_load	3	4	0.69058998368	0.322834495838	3	808	1	
323	0	104	step_1_no_load	1	2	1	478	
323	0	104	step_2_no_load	3	4	0.743372642809	0.303696146503	3	487	1	
323	0	105	step_1_no_load	1	2	1	538	
323	0	105	step_2_no_load	3	4	0.722851301692	0.352639603242	3	640	1	
323	0	106	step_1_no_load	1	2	1	1401	
323	0	106	step_2_no_load	3	4	0.699623252899	0.374131494222	3	1045	0	
323	0	107	step_1_no_load	1	2	1	554	
323	0	107	step_2_no_load	3	4	0.677514185929	0.388257337796	3	1490	1	
323	0	108	step_1_no_load	1	2	1	1019	
323	0	108	step_2_no_load	3	4	0.681491063126	0.388185708856	3	809	1	
323	0	109	step_1_no_load	1	2	1	569	
323	0	109	step_2_no_load	3	4	0.68658494263	0.372328831887	3	590	0	
323	0	110	step_1_no_load	1	2	1	413	
323	0	110	step_2_no_load	3	4	0.65455226558	0.395544455384	3	675	1	
323	0	111	step_1_no_load	1	2	1	402	
323	0	111	step_2_no_load	3	4	0.634599547742	0.407158158569	-1	-1	-1	
323	0	112	step_1_no_load	1	2	1	395	
323	0	112	step_2_no_load	5	6	0.725701866094	0.392887565883	5	1081	1	
323	0	113	step_1_no_load	1	2	1	724	
323	0	113	step_2_no_load	3	4	0.634627459817	0.387112818105	3	1370	1	
323	0	114	step_1_no_load	1	2	1	762	
323	0	114	step_2_no_load	5	6	0.718213323791	0.380324086676	-1	-1	-1	
323	0	115	step_1_no_load	1	2	1	739	
323	0	115	step_2_no_load	5	6	0.739704344621	0.390027643099	-1	-1	-1	
323	0	116	step_1_no_load	1	2	1	462	
323	0	116	step_2_no_load	3	4	0.680124293449	0.369438791876	4	746	0	
323	0	117	step_1_no_load	1	2	2	580	
323	0	117	step_2_no_load	3	4	0.671842537277	0.363056877927	3	1449	1	
323	0	118	step_1_no_load	1	2	1	414	
323	0	118	step_2_no_load	3	4	0.690484235012	0.362977115924	3	1237	1	
323	0	119	step_1_no_load	1	2	1	650	
323	0	119	step_2_no_load	3	4	0.661177321751	0.358243439099	3	710	0	
323	0	120	step_1_no_load	1	2	1	586	
323	0	120	step_2_no_load	3	4	0.666433355915	0.333809617664	-1	-1	-1	
323	0	121	step_1_no_load	1	2	1	478	
323	0	121	step_2_no_load	3	4	0.671052306195	0.310775244958	3	1024	0	
323	0	122	step_1_no_load	1	2	1	516	
323	0	122	step_2_no_load	3	4	0.672193618854	0.266650857402	3	595	0	
323	0	123	step_1_no_load	1	2	1	700	
323	0	123	step_2_no_load	5	6	0.583607229978	0.337526896345	5	997	0	
323	0	124	step_1_no_load	1	2	1	500	
323	0	124	step_2_no_load	5	6	0.603013298253	0.309430836661	5	737	1	
323	0	125	step_1_no_load	1	2	1	714	
323	0	125	step_2_no_load	3	4	0.633566302563	0.290374841566	3	809	1	
323	0	126	step_1_no_load	1	2	1	471	
323	0	126	step_2_no_load	5	6	0.537863824328	0.300846667696	-1	-1	-1	
323	0	127	step_1_no_load	1	2	1	442	
323	0	127	step_2_no_load	3	4	0.646945556251	0.273483952592	3	795	1	
323	0	128	step_1_no_load	1	2	1	427	
323	0	128	step_2_no_load	5	6	0.636905534066	0.250790232267	5	674	1	
323	0	129	step_1_no_load	1	2	1	564	
323	0	129	step_2_no_load	5	6	0.685297910719	0.271709703542	5	672	0	
323	0	130	step_1_no_load	1	2	1	429	
323	0	130	step_2_no_load	3	4	0.630285316669	0.267460866951	3	774	1	
323	0	131	step_1_no_load	1	2	1	9	
323	0	131	step_2_no_load	5	6	0.678044920845	0.311475039155	5	850	1	
323	0	132	step_1_no_load	1	2	1	142	
323	0	132	step_2_no_load	3	4	0.660013924697	0.27986961048	3	1248	1	
323	0	133	step_1_no_load	1	2	1	532	
323	0	133	step_2_no_load	3	4	0.691649444281	0.315608831386	3	817	1	
323	0	134	step_1_no_load	1	2	1	547	
323	0	134	step_2_no_load	3	4	0.685529359147	0.287393715313	3	568	1	
323	0	135	step_1_no_load	1	2	1	646	
323	0	135	step_2_no_load	3	4	0.700779221781	0.300079459047	3	705	1	
323	0	136	step_1_no_load	1	2	1	464	
323	0	136	step_2_no_load	3	4	0.674914008636	0.307766925452	3	895	1	
323	0	137	step_1_no_load	1	2	1	363	
323	0	137	step_2_no_load	3	4	0.668540846495	0.346433498467	3	735	1	
323	0	138	step_1_no_load	1	2	1	439	
323	0	138	step_2_no_load	3	4	0.688182193337	0.366701525561	3	900	1	
323	0	139	step_1_no_load	1	2	1	363	
323	0	139	step_2_no_load	3	4	0.696355985729	0.325611400511	3	750	0	
323	0	140	step_1_no_load	1	2	1	443	
323	0	140	step_2_no_load	3	4	0.637682840728	0.348740542008	3	940	1	
323	0	141	step_1_no_load	1	2	1	449	
323	0	141	step_2_no_load	3	4	0.616803346728	0.390227133375	-1	-1	-1	
323	0	142	step_1_no_load	1	2	2	857	
323	0	142	step_2_no_load	3	4	0.627356259123	0.397052682821	3	1009	1	
323	0	143	step_1_no_load	1	2	1	744	
323	0	143	step_2_no_load	3	4	0.610219102298	0.410970957547	4	1295	1	
323	0	144	step_1_no_load	1	2	1	629	
323	0	144	step_2_no_load	5	6	0.626443722248	0.275932517017	6	1201	0	
323	0	145	step_1_no_load	1	2	1	350	
323	0	145	step_2_no_load	3	4	0.606515632748	0.355256413269	3	1196	0	
323	0	146	step_1_no_load	1	2	1	931	
323	0	146	step_2_no_load	5	6	0.681611991725	0.257861956214	5	549	1	
323	0	147	step_1_no_load	1	2	2	420	
323	0	147	step_2_no_load	5	6	0.647798886916	0.265578160642	6	1452	0	
323	0	148	step_1_no_load	1	2	1	726	
323	0	148	step_2_no_load	3	4	0.648050021239	0.311162711725	3	1196	0	
323	0	149	step_1_no_load	1	2	1	468	
323	0	149	step_2_no_load	3	4	0.623203869836	0.300290206122	3	1201	0	
323	0	150	step_1_no_load	1	2	1	589	
323	0	150	step_2_no_load	3	4	0.605912419156	0.306860041627	3	1022	1	
323	0	151	step_1_no_load	1	2	1	513	
323	0	151	step_2_no_load	3	4	0.614159737668	0.310557101463	3	978	0	
323	0	152	step_1_no_load	1	2	1	520	
323	0	152	step_2_no_load	3	4	0.644204174791	0.323194010514	3	1142	1	
323	0	153	step_1_no_load	1	2	1	481	
323	0	153	step_2_no_load	3	4	0.681559292085	0.343622632154	3	715	1	
323	0	154	step_1_no_load	1	2	1	558	
323	0	154	step_2_no_load	3	4	0.671672162443	0.348349389262	3	806	1	
323	0	155	step_1_no_load	1	2	1	431	
323	0	155	step_2_no_load	3	4	0.716100930629	0.372188990474	3	1466	0	
323	0	156	step_1_no_load	1	2	1	898	
323	0	156	step_2_no_load	3	4	0.734436160799	0.368378667812	3	934	1	
323	0	157	step_1_no_load	1	2	1	410	
323	0	157	step_2_no_load	3	4	0.720725456325	0.324728201487	3	871	0	
323	0	158	step_1_no_load	1	2	1	632	
323	0	158	step_2_no_load	5	6	0.532722108502	0.408728803896	5	1283	1	
323	0	159	step_1_no_load	1	2	1	429	
323	0	159	step_2_no_load	5	6	0.541222065796	0.413026375257	5	953	0	
323	0	160	step_1_no_load	1	2	1	561	
323	0	160	step_2_no_load	3	4	0.710728171711	0.355992626298	3	859	0	
323	0	161	step_1_no_load	1	2	1	447	
323	0	161	step_2_no_load	3	4	0.719896286569	0.438878285506	3	1334	1	
323	0	162	step_1_no_load	1	2	1	594	
323	0	162	step_2_no_load	5	6	0.566496468084	0.3926701003	5	1299	1	
323	0	163	step_1_no_load	1	2	1	1085	
323	0	163	step_2_no_load	5	6	0.5863391277	0.395221309311	-1	-1	-1	
323	0	164	step_1_no_load	1	2	1	88	
323	0	164	step_2_no_load	3	4	0.692137394606	0.430844125626	3	666	0	
323	0	165	step_1_no_load	1	2	1	456	
323	0	165	step_2_no_load	3	4	0.717506143195	0.347974240867	3	1408	1	
323	0	166	step_1_no_load	1	2	1	465	
323	0	166	step_2_no_load	3	4	0.686594248975	0.356317216644	3	957	1	
323	0	167	step_1_no_load	1	2	1	303	
323	0	167	step_2_no_load	3	4	0.706271792549	0.331115714939	3	827	1	
323	0	168	step_1_no_load	1	2	1	398	
323	0	168	step_2_no_load	3	4	0.67192508984	0.335777599654	3	1146	0	
323	0	169	step_1_no_load	1	2	1	502	
323	0	169	step_2_no_load	3	4	0.704981910944	0.365156560071	3	1248	1	
323	0	170	step_1_no_load	1	2	1	615	
323	0	170	step_2_no_load	3	4	0.67334314737	0.364989630435	3	1191	0	
323	0	171	step_1_no_load	1	2	2	694	
323	0	171	step_2_no_load	5	6	0.553314431843	0.386979310814	6	978	0	
323	0	172	step_1_no_load	1	2	1	463	
323	0	172	step_2_no_load	3	4	0.668669556875	0.490120307546	4	913	1	
323	0	173	step_1_no_load	1	2	1	493	
323	0	173	step_2_no_load	3	4	0.667027212577	0.462866379815	3	641	0	
323	0	174	step_1_no_load	1	2	2	654	
323	0	174	step_2_no_load	3	4	0.729877433725	0.46236234172	-1	-1	-1	
323	0	175	step_1_no_load	1	2	1	1200	
323	0	175	step_2_no_load	3	4	0.693968268443	0.484825491933	3	141	1	
323	0	176	step_1_no_load	1	2	1	295	
323	0	176	step_2_no_load	3	4	0.679250000396	0.500856457218	3	614	1	
323	0	177	step_1_no_load	1	2	1	451	
323	0	177	step_2_no_load	3	4	0.714070205704	0.4798184927	3	676	1	
323	0	178	step_1_no_load	1	2	1	621	
323	0	178	step_2_no_load	3	4	0.705993797498	0.49020858644	3	1201	0	
323	0	179	step_1_no_load	1	2	1	490	
323	0	179	step_2_no_load	3	4	0.709345707515	0.493565996034	3	665	1	
323	0	180	step_1_no_load	1	2	1	633	
323	0	180	step_2_no_load	3	4	0.719795072986	0.489345734128	3	873	0	
323	0	181	step_1_no_load	1	2	1	1344	
323	0	181	step_2_no_load	3	4	0.746910336326	0.480141179559	4	1234	1	
323	0	182	step_1_no_load	1	2	2	1230	
323	0	182	step_2_no_load	5	6	0.506773281362	0.340533666308	5	1092	1	
323	0	183	step_1_no_load	1	2	1	686	
323	0	183	step_2_no_load	5	6	0.502991759047	0.350175837802	5	1377	1	
323	0	184	step_1_no_load	1	2	1	507	
323	0	184	step_2_no_load	3	4	0.657291439324	0.480863422096	-1	-1	-1	
323	0	185	step_1_no_load	1	2	1	269	
323	0	185	step_2_no_load	3	4	0.665622647081	0.482228039858	-1	-1	-1	
323	0	186	step_1_no_load	1	2	1	285	
323	0	186	step_2_no_load	5	6	0.46870859828	0.332733011923	5	627	0	
323	0	187	step_1_no_load	1	2	2	398	
323	0	187	step_2_no_load	5	6	0.443962917772	0.328890769988	-1	-1	-1	
323	0	188	step_1_no_load	1	2	2	386	
323	0	188	step_2_no_load	3	4	0.696362660087	0.548350535247	-1	-1	-1	
323	0	189	step_1_no_load	1	2	2	293	
323	0	189	step_2_no_load	5	6	0.448897869069	0.285168135955	5	257	1	
323	0	190	step_1_no_load	1	2	1	356	
323	0	190	step_2_no_load	3	4	0.667655825994	0.505820429042	3	588	1	
323	0	191	step_1_no_load	1	2	1	395	
323	0	191	step_2_no_load	3	4	0.664271461991	0.512103523931	3	901	1	
323	0	192	step_1_no_load	1	2	1	355	
323	0	192	step_2_no_load	3	4	0.705517419189	0.493851022417	3	826	1	
323	0	193	step_1_no_load	1	2	1	368	
323	0	193	step_2_no_load	3	4	0.679792491164	0.504944704439	3	573	1	
323	0	194	step_1_no_load	1	2	1	467	
323	0	194	step_2_no_load	3	4	0.655261361454	0.505359594715	3	864	0	
323	0	195	step_1_no_load	1	2	2	329	
323	0	195	step_2_no_load	5	6	0.466795336969	0.348571348505	6	142	1	
323	0	196	step_1_no_load	1	2	2	400	
323	0	196	step_2_no_load	5	6	0.421761207498	0.365373286058	6	797	0	
323	0	197	step_1_no_load	1	2	1	325	
323	0	197	step_2_no_load	5	6	0.422511153127	0.316987700969	5	1343	1	
323	0	198	step_1_no_load	1	2	1	1276	
323	0	198	step_2_no_load	3	4	0.68660989813	0.485065498391	3	1075	1	
323	0	199	step_1_no_load	1	2	1	302	
323	0	199	step_2_no_load	5	6	0.39793773834	0.292861528884	5	565	0	
323	0	200	step_1_no_load	1	2	1	93	
323	0	200	step_2_no_load	3	4	0.728996708473	0.507902534353	-1	-1	-1	

Tue Nov 17 15:57:11 2020
