Fri Nov 20 14:12:15 2020	
324	0	1	step_1_no_load	1	2	-1	-1	
324	0	2	step_1_no_load	1	2	1	751	
324	0	2	step_2_no_load	3	4	0.474613197709	0.610961032466	3	1027	0	
324	0	3	step_1_no_load	1	2	1	645	
324	0	3	step_2_no_load	3	4	0.476767372206	0.589215227351	4	1318	1	
324	0	4	step_1_no_load	1	2	2	690	
324	0	4	step_2_no_load	5	6	0.597491569846	0.494597764192	6	993	0	
324	0	5	step_1_no_load	1	2	2	509	
324	0	5	step_2_no_load	5	6	0.623810210114	0.543908521457	5	670	0	
324	0	6	step_1_no_load	1	2	1	578	
324	0	6	step_2_no_load	5	6	0.585722686883	0.490454120702	6	1191	0	
324	0	7	step_1_no_load	1	2	2	811	
324	0	7	step_2_no_load	3	4	0.500071913476	0.622642364361	-1	-1	-1	
324	0	8	step_1_no_load	1	2	1	507	
324	0	8	step_2_no_load	5	6	0.59128639594	0.499203529332	5	891	0	
324	0	9	step_1_no_load	1	2	2	636	
324	0	9	step_2_no_load	5	6	0.598049061473	0.54429228266	6	1032	0	
324	0	10	step_1_no_load	1	2	1	432	
324	0	10	step_2_no_load	3	4	0.482364178155	0.636063269715	3	665	1	
324	0	11	step_1_no_load	1	2	1	663	
324	0	11	step_2_no_load	3	4	0.477013315682	0.609191465743	3	1030	1	
324	0	12	step_1_no_load	1	2	1	647	
324	0	12	step_2_no_load	3	4	0.48457206759	0.552770607849	3	872	0	
324	0	13	step_1_no_load	1	2	2	885	
324	0	13	step_2_no_load	5	6	0.653587098421	0.595790490356	5	1434	0	
324	0	14	step_1_no_load	1	2	2	618	
324	0	14	step_2_no_load	5	6	0.629137942344	0.611256675753	6	852	1	
324	0	15	step_1_no_load	1	2	1	592	
324	0	15	step_2_no_load	5	6	0.612260006668	0.633564630036	5	1269	0	
324	0	16	step_1_no_load	1	2	1	572	
324	0	16	step_2_no_load	3	4	0.510958036527	0.553308964466	3	917	0	
324	0	17	step_1_no_load	1	2	2	538	
324	0	17	step_2_no_load	5	6	0.633350170016	0.643116883134	5	965	1	
324	0	18	step_1_no_load	1	2	2	643	
324	0	18	step_2_no_load	5	6	0.626834332012	0.626895526976	6	1076	1	
324	0	19	step_1_no_load	1	2	1	444	
324	0	19	step_2_no_load	3	4	0.498240186199	0.536502319591	4	1049	0	
324	0	20	step_1_no_load	1	2	2	376	
324	0	20	step_2_no_load	5	6	0.636521555122	0.60665343963	5	1053	1	
324	0	21	step_1_no_load	1	2	1	460	
324	0	21	step_2_no_load	3	4	0.49769376036	0.470207377245	3	878	0	
324	0	22	step_1_no_load	1	2	2	991	
324	0	22	step_2_no_load	5	6	0.621949894727	0.618527126547	5	1350	1	
324	0	23	step_1_no_load	1	2	1	450	
324	0	23	step_2_no_load	3	4	0.520606588181	0.513759772011	4	1072	0	
324	0	24	step_1_no_load	1	2	1	697	
324	0	24	step_2_no_load	5	6	0.582115115688	0.5800912085	6	1161	0	
324	0	25	step_1_no_load	1	2	2	762	
324	0	25	step_2_no_load	5	6	0.565698722896	0.629917901014	5	1189	1	
324	0	26	step_1_no_load	1	2	2	1024	
324	0	26	step_2_no_load	5	6	0.592410219737	0.640635035276	5	1153	0	
324	0	27	step_1_no_load	1	2	1	717	
324	0	27	step_2_no_load	3	4	0.507272671939	0.54756089792	4	1223	1	
324	0	28	step_1_no_load	1	2	1	770	
324	0	28	step_2_no_load	3	4	0.520177259699	0.553259388875	4	1287	1	
324	0	29	step_1_no_load	1	2	1	596	
324	0	29	step_2_no_load	3	4	0.521159009103	0.561957580386	4	999	0	
324	0	30	step_1_no_load	1	2	1	586	
324	0	30	step_2_no_load	3	4	0.4919199548	0.574272497114	3	888	1	
324	0	31	step_1_no_load	1	2	1	541	
324	0	31	step_2_no_load	5	6	0.636602545794	0.606122691795	6	1235	0	
324	0	32	step_1_no_load	1	2	2	574	
324	0	32	step_2_no_load	5	6	0.634585171267	0.605616211083	5	1115	0	
324	0	33	step_1_no_load	1	2	2	951	
324	0	33	step_2_no_load	3	4	0.487664344039	0.542309898544	3	920	1	
324	0	34	step_1_no_load	1	2	2	537	
324	0	34	step_2_no_load	5	6	0.575802910074	0.670290552209	5	1104	0	
324	0	35	step_1_no_load	1	2	2	988	
324	0	35	step_2_no_load	5	6	0.566827313385	0.649776015006	6	614	0	
324	0	36	step_1_no_load	1	2	2	471	
324	0	36	step_2_no_load	5	6	0.527635087561	0.661229326326	6	468	1	
324	0	37	step_1_no_load	1	2	2	1076	
324	0	37	step_2_no_load	5	6	0.513822304161	0.660658056664	5	648	1	
324	0	38	step_1_no_load	1	2	2	504	
324	0	38	step_2_no_load	3	4	0.553931241266	0.595113730206	4	373	0	
324	0	39	step_1_no_load	1	2	1	672	
324	0	39	step_2_no_load	5	6	0.557005857101	0.634483337633	6	1056	1	
324	0	40	step_1_no_load	1	2	1	586	
324	0	40	step_2_no_load	5	6	0.580760785074	0.636994900683	5	486	0	
324	0	41	step_1_no_load	1	2	1	603	
324	0	41	step_2_no_load	3	4	0.583829055298	0.588857868869	4	727	1	
324	0	42	step_1_no_load	1	2	1	1162	
324	0	42	step_2_no_load	3	4	0.553461946234	0.609164606591	3	1092	0	
324	0	43	step_1_no_load	1	2	2	1184	
324	0	43	step_2_no_load	5	6	0.553703096215	0.581931546759	5	946	1	
324	0	44	step_1_no_load	1	2	2	1166	
324	0	44	step_2_no_load	5	6	0.541854396676	0.589653131867	6	908	0	
324	0	45	step_1_no_load	1	2	1	695	
324	0	45	step_2_no_load	3	4	0.5288039409	0.632991467829	4	844	0	
324	0	46	step_1_no_load	1	2	1	1130	
324	0	46	step_2_no_load	3	4	0.532238720495	0.600964500555	3	745	1	
324	0	47	step_1_no_load	1	2	2	603	
324	0	47	step_2_no_load	5	6	0.546259467838	0.634373567175	6	691	1	
324	0	48	step_1_no_load	1	2	1	310	
324	0	48	step_2_no_load	3	4	0.488280685105	0.615767119776	3	524	1	
324	0	49	step_1_no_load	1	2	2	397	
324	0	49	step_2_no_load	5	6	0.512405963374	0.614679490594	6	568	1	
324	0	50	step_1_no_load	1	2	1	385	
324	0	50	step_2_no_load	3	4	0.47381367271	0.606862017918	3	604	1	
324	0	51	step_1_no_load	1	2	2	445	
324	0	51	step_2_no_load	5	6	0.508197321577	0.613357430892	6	710	0	
324	0	52	step_1_no_load	1	2	1	478	
324	0	52	step_2_no_load	3	4	0.429622901875	0.539065404057	4	505	1	
324	0	53	step_1_no_load	1	2	2	461	
324	0	53	step_2_no_load	5	6	0.475342927439	0.630956764252	5	664	0	
324	0	54	step_1_no_load	1	2	1	742	
324	0	54	step_2_no_load	5	6	0.493362545513	0.652515308527	6	1090	1	
324	0	55	step_1_no_load	1	2	2	385	
324	0	55	step_2_no_load	5	6	0.526704292526	0.639840796975	5	1013	1	
324	0	56	step_1_no_load	1	2	1	369	
324	0	56	step_2_no_load	3	4	0.459773408493	0.601856598146	4	693	1	
324	0	57	step_1_no_load	1	2	2	354	
324	0	57	step_2_no_load	3	4	0.466449077359	0.641849303307	-1	-1	-1	
324	0	58	step_1_no_load	1	2	2	694	
324	0	58	step_2_no_load	5	6	0.528376440027	0.610896130115	6	1161	0	
324	0	59	step_1_no_load	1	2	1	615	
324	0	59	step_2_no_load	3	4	0.480274332693	0.632500293208	3	1048	1	
324	0	60	step_1_no_load	1	2	2	438	
324	0	60	step_2_no_load	5	6	0.479287247283	0.599559577859	5	805	0	
324	0	61	step_1_no_load	1	2	2	1027	
324	0	61	step_2_no_load	5	6	0.527144452559	0.602879526975	5	1218	0	
324	0	62	step_1_no_load	1	2	1	821	
324	0	62	step_2_no_load	3	4	0.50724109756	0.691137204746	4	692	1	
324	0	63	step_1_no_load	1	2	2	682	
324	0	63	step_2_no_load	5	6	0.519445130796	0.642623127313	5	882	1	
324	0	64	step_1_no_load	1	2	1	418	
324	0	64	step_2_no_load	3	4	0.555062911513	0.642369708469	4	589	1	
324	0	65	step_1_no_load	1	2	2	575	
324	0	65	step_2_no_load	3	4	0.569109504048	0.612660225018	3	1307	1	
324	0	66	step_1_no_load	1	2	1	997	
324	0	66	step_2_no_load	5	6	0.555324764318	0.630357351236	5	1097	0	
324	0	67	step_1_no_load	1	2	2	695	
324	0	67	step_2_no_load	5	6	0.538279387614	0.674463681351	5	1157	0	
324	0	68	step_1_no_load	1	2	2	600	
324	0	68	step_2_no_load	5	6	0.523301545299	0.719455209845	5	514	0	
324	0	69	step_1_no_load	1	2	1	697	
324	0	69	step_2_no_load	3	4	0.499137600991	0.622221685203	4	767	0	
324	0	70	step_1_no_load	1	2	1	602	
324	0	70	step_2_no_load	5	6	0.548075770764	0.697741832068	5	740	1	
324	0	71	step_1_no_load	1	2	2	518	
324	0	71	step_2_no_load	5	6	0.546215110045	0.706816191949	6	886	1	
324	0	72	step_1_no_load	1	2	2	664	
324	0	72	step_2_no_load	5	6	0.556486305476	0.705884789502	5	771	1	
324	0	73	step_1_no_load	1	2	1	498	
324	0	73	step_2_no_load	5	6	0.50185699984	0.727961155836	6	653	1	
324	0	74	step_1_no_load	1	2	2	427	
324	0	74	step_2_no_load	3	4	0.453420386428	0.614462146454	4	654	0	
324	0	75	step_1_no_load	1	2	1	432	
324	0	75	step_2_no_load	3	4	0.44832280175	0.615552849174	3	1047	0	
324	0	76	step_1_no_load	1	2	2	842	
324	0	76	step_2_no_load	5	6	0.518881389358	0.690117652944	5	656	1	
324	0	77	step_1_no_load	1	2	1	389	
324	0	77	step_2_no_load	5	6	0.538119616568	0.679737625371	6	537	1	
324	0	78	step_1_no_load	1	2	2	685	
324	0	78	step_2_no_load	5	6	0.538654072849	0.647586191228	5	719	0	
324	0	79	step_1_no_load	1	2	1	609	
324	0	79	step_2_no_load	3	4	0.389124152368	0.513695512795	3	639	0	
324	0	80	step_1_no_load	1	2	2	718	
324	0	80	step_2_no_load	5	6	0.49921021142	0.703969305517	5	577	0	
324	0	81	step_1_no_load	1	2	2	741	
324	0	81	step_2_no_load	5	6	0.494116554432	0.702400933084	6	778	1	
324	0	82	step_1_no_load	1	2	1	841	
324	0	82	step_2_no_load	3	4	0.395813831323	0.564729328387	4	1320	1	
324	0	83	step_1_no_load	1	2	2	568	
324	0	83	step_2_no_load	3	4	0.382772464038	0.607907985871	3	1317	0	
324	0	84	step_1_no_load	1	2	1	883	
324	0	84	step_2_no_load	3	4	0.385087938645	0.65843840156	4	1481	1	
324	0	85	step_1_no_load	1	2	2	1043	
324	0	85	step_2_no_load	3	4	0.384458259121	0.692384972752	4	814	1	
324	0	86	step_1_no_load	1	2	1	568	
324	0	86	step_2_no_load	5	6	0.486462788728	0.721207648497	5	1108	0	
324	0	87	step_1_no_load	1	2	2	842	
324	0	87	step_2_no_load	3	4	0.40000499778	0.719375344246	4	695	1	
324	0	88	step_1_no_load	1	2	1	632	
324	0	88	step_2_no_load	5	6	0.509563243675	0.696773608304	6	582	1	
324	0	89	step_1_no_load	1	2	2	473	
324	0	89	step_2_no_load	5	6	0.490019385174	0.660112261017	6	731	1	
324	0	90	step_1_no_load	1	2	1	479	
324	0	90	step_2_no_load	5	6	0.530126112124	0.688736868033	6	729	0	
324	0	91	step_1_no_load	1	2	2	385	
324	0	91	step_2_no_load	3	4	0.43534164751	0.685023809334	4	688	0	
324	0	92	step_1_no_load	1	2	1	474	
324	0	92	step_2_no_load	3	4	0.444368850664	0.692406274724	3	909	1	
324	0	93	step_1_no_load	1	2	2	361	
324	0	93	step_2_no_load	3	4	0.439878153082	0.70415710998	4	1001	1	
324	0	94	step_1_no_load	1	2	1	460	
324	0	94	step_2_no_load	5	6	0.468637558205	0.668295023896	6	1257	0	
324	0	95	step_1_no_load	1	2	2	845	
324	0	95	step_2_no_load	3	4	0.427150666411	0.715495469274	4	889	1	
324	0	96	step_1_no_load	1	2	1	527	
324	0	96	step_2_no_load	3	4	0.383038640121	0.693739812506	4	864	1	
324	0	97	step_1_no_load	1	2	2	326	
324	0	97	step_2_no_load	5	6	0.455601814112	0.651202057411	6	1181	1	
324	0	98	step_1_no_load	1	2	1	425	
324	0	98	step_2_no_load	3	4	0.409778171713	0.70287861952	3	996	1	
324	0	99	step_1_no_load	1	2	2	436	
324	0	99	step_2_no_load	5	6	0.375249961522	0.645191748454	5	584	0	
324	0	100	step_1_no_load	1	2	2	538	
324	0	100	step_2_no_load	5	6	0.363162156005	0.66579920021	5	1257	0	
324	0	101	step_1_no_load	1	2	1	368	
324	0	101	step_2_no_load	5	6	0.366879421891	0.655903528958	-1	-1	-1	
324	0	102	step_1_no_load	1	2	2	729	
324	0	102	step_2_no_load	5	6	0.326080462175	0.663124617603	5	746	1	
324	0	103	step_1_no_load	1	2	2	545	
324	0	103	step_2_no_load	3	4	0.481975449893	0.663997796029	4	693	1	
324	0	104	step_1_no_load	1	2	1	622	
324	0	104	step_2_no_load	5	6	0.303696146503	0.743372642809	5	549	1	
324	0	105	step_1_no_load	1	2	2	712	
324	0	105	step_2_no_load	5	6	0.352639603242	0.722851301692	6	882	1	
324	0	106	step_1_no_load	1	2	1	1464	
324	0	106	step_2_no_load	5	6	0.374131494222	0.699623252899	5	1104	0	
324	0	107	step_1_no_load	1	2	2	718	
324	0	107	step_2_no_load	3	4	0.565220528809	0.692607431435	4	722	1	
324	0	108	step_1_no_load	1	2	1	500	
324	0	108	step_2_no_load	5	6	0.388185708856	0.681491063126	5	1372	1	
324	0	109	step_1_no_load	1	2	2	516	
324	0	109	step_2_no_load	3	4	0.479977531501	0.71632547018	3	986	0	
324	0	110	step_1_no_load	1	2	2	603	
324	0	110	step_2_no_load	5	6	0.395544455384	0.65455226558	6	745	1	
324	0	111	step_1_no_load	1	2	1	237	
324	0	111	step_2_no_load	3	4	0.384948378665	0.724852671171	4	461	1	
324	0	112	step_1_no_load	1	2	2	501	
324	0	112	step_2_no_load	3	4	0.392887565883	0.725701866094	4	801	1	
324	0	113	step_1_no_load	1	2	1	336	
324	0	113	step_2_no_load	5	6	0.387112818105	0.634627459817	6	599	1	
324	0	114	step_1_no_load	1	2	1	418	
324	0	114	step_2_no_load	3	4	0.380324086676	0.718213323791	4	787	0	
324	0	115	step_1_no_load	1	2	2	399	
324	0	115	step_2_no_load	5	6	0.357661171116	0.645721217949	6	1411	1	
324	0	116	step_1_no_load	1	2	1	464	
324	0	116	step_2_no_load	3	4	0.378149844807	0.706736514943	4	524	1	
324	0	117	step_1_no_load	1	2	2	549	
324	0	117	step_2_no_load	5	6	0.363056877927	0.671842537277	5	788	0	
324	0	118	step_1_no_load	1	2	2	364	
324	0	118	step_2_no_load	3	4	0.357645851833	0.740051715856	4	740	1	
324	0	119	step_1_no_load	1	2	1	493	
324	0	119	step_2_no_load	3	4	0.357515098446	0.690424535099	4	528	1	
324	0	120	step_1_no_load	1	2	2	343	
324	0	120	step_2_no_load	3	4	0.370150243662	0.70587238626	4	689	1	
324	0	121	step_1_no_load	1	2	1	360	
324	0	121	step_2_no_load	5	6	0.310775244958	0.671052306195	6	869	1	
324	0	122	step_1_no_load	1	2	2	450	
324	0	122	step_2_no_load	5	6	0.266650857402	0.672193618854	6	1111	0	
324	0	123	step_1_no_load	1	2	1	481	
324	0	123	step_2_no_load	3	4	0.337526896345	0.583607229978	4	613	1	
324	0	124	step_1_no_load	1	2	2	465	
324	0	124	step_2_no_load	5	6	0.26095206597	0.624161788269	5	1014	0	
324	0	125	step_1_no_load	1	2	2	448	
324	0	125	step_2_no_load	5	6	0.290374841566	0.633566302563	6	1110	0	
324	0	126	step_1_no_load	1	2	1	773	
324	0	126	step_2_no_load	3	4	0.300846667696	0.537863824328	4	701	0	
324	0	127	step_1_no_load	1	2	2	874	
324	0	127	step_2_no_load	3	4	0.274944938508	0.560824094575	4	1058	1	
324	0	128	step_1_no_load	1	2	2	520	
324	0	128	step_2_no_load	5	6	0.260252451606	0.620672334996	6	1082	0	
324	0	129	step_1_no_load	1	2	2	469	
324	0	129	step_2_no_load	3	4	0.271709703542	0.685297910719	4	1194	1	
324	0	130	step_1_no_load	1	2	1	338	
324	0	130	step_2_no_load	3	4	0.274560758494	0.682031489739	4	554	1	
324	0	131	step_1_no_load	1	2	2	387	
324	0	131	step_2_no_load	3	4	0.311475039155	0.678044920845	4	832	0	
324	0	132	step_1_no_load	1	2	2	402	
324	0	132	step_2_no_load	3	4	0.315328810424	0.668578020634	4	1037	1	
324	0	133	step_1_no_load	1	2	-1	-1	
324	0	134	step_1_no_load	1	2	1	494	
324	0	134	step_2_no_load	5	6	0.287393715313	0.685529359147	6	1014	1	
324	0	135	step_1_no_load	1	2	2	793	
324	0	135	step_2_no_load	5	6	0.300079459047	0.700779221781	5	917	0	
324	0	136	step_1_no_load	1	2	1	463	
324	0	136	step_2_no_load	3	4	0.284521085726	0.597814413435	4	477	1	
324	0	137	step_1_no_load	1	2	2	686	
324	0	137	step_2_no_load	5	6	0.346433498467	0.668540846495	5	1119	1	
324	0	138	step_1_no_load	1	2	1	961	
324	0	138	step_2_no_load	3	4	0.307694123906	0.63240964674	4	427	1	
324	0	139	step_1_no_load	1	2	2	460	
324	0	139	step_2_no_load	5	6	0.325611400511	0.696355985729	6	794	1	
324	0	140	step_1_no_load	1	2	1	383	
324	0	140	step_2_no_load	3	4	0.328174526491	0.671213945178	4	818	1	
324	0	141	step_1_no_load	1	2	2	339	
324	0	141	step_2_no_load	3	4	0.311809871418	0.711987889705	4	988	0	
324	0	142	step_1_no_load	1	2	1	347	
324	0	142	step_2_no_load	5	6	0.397052682821	0.627356259123	-1	-1	-1	
324	0	143	step_1_no_load	1	2	1	1128	
324	0	143	step_2_no_load	3	4	0.313516825296	0.661365099615	4	870	1	
324	0	144	step_1_no_load	1	2	2	645	
324	0	144	step_2_no_load	5	6	0.389234194056	0.639347300184	6	874	1	
324	0	145	step_1_no_load	1	2	1	429	
324	0	145	step_2_no_load	3	4	0.266265924094	0.6669125229	4	983	1	
324	0	146	step_1_no_load	1	2	2	293	
324	0	146	step_2_no_load	5	6	0.320877500969	0.593778463268	5	955	1	
324	0	147	step_1_no_load	1	2	2	1039	
324	0	147	step_2_no_load	5	6	0.352879785946	0.594861186319	5	624	1	
324	0	148	step_1_no_load	1	2	1	326	
324	0	148	step_2_no_load	3	4	0.305288021243	0.619272702026	4	619	1	
324	0	149	step_1_no_load	1	2	2	584	
324	0	149	step_2_no_load	5	6	0.300290206122	0.623203869836	5	1443	0	
324	0	150	step_1_no_load	1	2	1	611	
324	0	150	step_2_no_load	5	6	0.306860041627	0.605912419156	5	1250	0	
324	0	151	step_1_no_load	1	2	2	551	
324	0	151	step_2_no_load	3	4	0.348172164421	0.59154759351	-1	-1	-1	
324	0	152	step_1_no_load	1	2	2	810	
324	0	152	step_2_no_load	5	6	0.323194010514	0.644204174791	5	1214	1	
324	0	153	step_1_no_load	1	2	2	436	
324	0	153	step_2_no_load	5	6	0.343622632154	0.681559292085	5	535	0	
324	0	154	step_1_no_load	1	2	1	314	
324	0	154	step_2_no_load	5	6	0.348349389262	0.671672162443	5	835	1	
324	0	155	step_1_no_load	1	2	2	398	
324	0	155	step_2_no_load	5	6	0.372188990474	0.716100930629	6	1464	1	
324	0	156	step_1_no_load	1	2	1	1221	
324	0	156	step_2_no_load	5	6	0.368378667812	0.734436160799	5	954	0	
324	0	157	step_1_no_load	1	2	2	462	
324	0	157	step_2_no_load	5	6	0.324728201487	0.720725456325	6	1023	1	
324	0	158	step_1_no_load	1	2	1	421	
324	0	158	step_2_no_load	3	4	0.408728803896	0.532722108502	4	560	0	
324	0	159	step_1_no_load	1	2	2	409	
324	0	159	step_2_no_load	5	6	0.321150411254	0.697903160072	6	1482	1	
324	0	160	step_1_no_load	1	2	1	282	
324	0	160	step_2_no_load	3	4	0.415052912783	0.521229931064	4	601	1	
324	0	161	step_1_no_load	1	2	2	616	
324	0	161	step_2_no_load	5	6	0.438878285506	0.719896286569	6	1041	0	
324	0	162	step_1_no_load	1	2	1	402	
324	0	162	step_2_no_load	3	4	0.3926701003	0.566496468084	4	630	1	
324	0	163	step_1_no_load	1	2	2	437	
324	0	163	step_2_no_load	5	6	0.430920885959	0.697095951435	5	1031	0	
324	0	164	step_1_no_load	1	2	1	500	
324	0	164	step_2_no_load	3	4	0.432761720497	0.585961845322	4	529	0	
324	0	165	step_1_no_load	1	2	2	461	
324	0	165	step_2_no_load	5	6	0.347974240867	0.717506143195	6	580	1	
324	0	166	step_1_no_load	1	2	1	476	
324	0	166	step_2_no_load	3	4	0.422282731054	0.549095060025	4	562	0	
324	0	167	step_1_no_load	1	2	2	536	
324	0	167	step_2_no_load	5	6	0.331115714939	0.706271792549	6	1234	1	
324	0	168	step_1_no_load	1	2	1	495	
324	0	168	step_2_no_load	3	4	0.400817642375	0.613361520676	4	1241	0	
324	0	169	step_1_no_load	1	2	2	544	
324	0	169	step_2_no_load	3	4	0.42098542374	0.586049140041	4	835	1	
324	0	170	step_1_no_load	1	2	1	355	
324	0	170	step_2_no_load	3	4	0.411067820436	0.57151385403	3	914	1	
324	0	171	step_1_no_load	1	2	2	541	
324	0	171	step_2_no_load	3	4	0.386979310814	0.553314431843	4	619	1	
324	0	172	step_1_no_load	1	2	1	534	
324	0	172	step_2_no_load	5	6	0.490120307546	0.668669556875	6	766	1	
324	0	173	step_1_no_load	1	2	2	1023	
324	0	173	step_2_no_load	5	6	0.462866379815	0.667027212577	6	651	0	
324	0	174	step_1_no_load	1	2	1	394	
324	0	174	step_2_no_load	3	4	0.387867297446	0.472729524832	3	632	1	
324	0	175	step_1_no_load	1	2	2	663	
324	0	175	step_2_no_load	5	6	0.484825491933	0.693968268443	6	755	1	
324	0	176	step_1_no_load	1	2	1	559	
324	0	176	step_2_no_load	3	4	0.383231572002	0.474046874473	3	595	1	
324	0	177	step_1_no_load	1	2	2	505	
324	0	177	step_2_no_load	5	6	0.4798184927	0.714070205704	6	735	1	
324	0	178	step_1_no_load	1	2	1	550	
324	0	178	step_2_no_load	5	6	0.49020858644	0.705993797498	5	800	1	
324	0	179	step_1_no_load	1	2	2	469	
324	0	179	step_2_no_load	5	6	0.493565996034	0.709345707515	6	721	1	
324	0	180	step_1_no_load	1	2	1	421	
324	0	180	step_2_no_load	3	4	0.341214611607	0.482853857291	3	622	1	
324	0	181	step_1_no_load	1	2	2	333	
324	0	181	step_2_no_load	5	6	0.480141179559	0.746910336326	6	549	1	
324	0	182	step_1_no_load	1	2	1	345	
324	0	182	step_2_no_load	5	6	0.49907747228	0.72717560423	5	561	1	
324	0	183	step_1_no_load	1	2	2	343	
324	0	183	step_2_no_load	3	4	0.350175837802	0.502991759047	4	452	0	
324	0	184	step_1_no_load	1	2	1	411	
324	0	184	step_2_no_load	3	4	0.362743255194	0.460890977786	4	768	0	
324	0	185	step_1_no_load	1	2	2	362	
324	0	185	step_2_no_load	5	6	0.482228039858	0.665622647081	6	664	0	
324	0	186	step_1_no_load	1	2	1	458	
324	0	186	step_2_no_load	5	6	0.484672582719	0.656308636836	5	1134	1	
324	0	187	step_1_no_load	1	2	2	623	
324	0	187	step_2_no_load	5	6	0.498596507669	0.678211978625	6	870	1	
324	0	188	step_1_no_load	1	2	1	379	
324	0	188	step_2_no_load	3	4	0.291508050861	0.471319680586	3	491	1	
324	0	189	step_1_no_load	1	2	2	464	
324	0	189	step_2_no_load	5	6	0.534753756004	0.688353284054	6	939	1	
324	0	190	step_1_no_load	1	2	1	590	
324	0	190	step_2_no_load	3	4	0.304557739386	0.433568856946	4	1045	1	
324	0	191	step_1_no_load	1	2	2	889	
324	0	191	step_2_no_load	5	6	0.512103523931	0.664271461991	-1	-1	-1	
324	0	192	step_1_no_load	1	2	2	423	
324	0	192	step_2_no_load	5	6	0.493851022417	0.705517419189	6	529	1	
324	0	193	step_1_no_load	1	2	2	767	
324	0	193	step_2_no_load	3	4	0.321008037746	0.440813209638	3	1108	1	
324	0	194	step_1_no_load	1	2	1	454	
324	0	194	step_2_no_load	5	6	0.505359594715	0.655261361454	5	842	0	
324	0	195	step_1_no_load	1	2	2	534	
324	0	195	step_2_no_load	5	6	0.494102184238	0.646280688878	6	658	1	
324	0	196	step_1_no_load	1	2	1	408	
324	0	196	step_2_no_load	3	4	0.365373286058	0.421761207498	4	908	1	
324	0	197	step_1_no_load	1	2	2	337	
324	0	197	step_2_no_load	5	6	0.47786945426	0.686552522522	6	956	1	
324	0	198	step_1_no_load	1	2	1	389	
324	0	198	step_2_no_load	3	4	0.303352625941	0.397292432346	3	888	0	
324	0	199	step_1_no_load	1	2	2	319	
324	0	199	step_2_no_load	5	6	0.529438031858	0.73697129762	6	810	1	
324	0	200	step_1_no_load	1	2	1	380	
324	0	200	step_2_no_load	3	4	0.299128796668	0.372436949782	-1	-1	-1	

Fri Nov 20 14:30:32 2020
