Wed Dec  2 14:45:24 2020	
326	0	1	step_1_no_load	1	2	1	1305	
326	0	1	step_2_no_load	3	4	0.594299910136	0.511789129507	3	97	0	
326	0	2	step_1_no_load	1	2	2	759	
326	0	2	step_2_no_load	5	6	0.580156942153	0.474613197709	6	819	0	
326	0	3	step_1_no_load	1	2	2	822	
326	0	3	step_2_no_load	3	4	0.589215227351	0.516002945397	4	1284	0	
326	0	4	step_1_no_load	1	2	1	395	
326	0	4	step_2_no_load	3	4	0.564086293706	0.494597764192	4	1258	0	
326	0	5	step_1_no_load	1	2	1	678	
326	0	5	step_2_no_load	5	6	0.623810210114	0.495568760483	5	388	0	
326	0	6	step_1_no_load	1	2	2	623	
326	0	6	step_2_no_load	3	4	0.603642866427	0.490454120702	4	522	1	
326	0	7	step_1_no_load	1	2	2	780	
326	0	7	step_2_no_load	3	4	0.622642364361	0.506408070053	4	596	1	
326	0	8	step_1_no_load	1	2	1	294	
326	0	8	step_2_no_load	3	4	0.624210374623	0.499203529332	3	797	0	
326	0	9	step_1_no_load	1	2	1	425	
326	0	9	step_2_no_load	3	4	0.641106877158	0.54429228266	4	432	0	
326	0	10	step_1_no_load	1	2	1	589	
326	0	10	step_2_no_load	3	4	0.636063269715	0.576063520885	4	600	1	
326	0	11	step_1_no_load	1	2	2	319	
326	0	11	step_2_no_load	5	6	0.69163818036	0.477013315682	6	477	1	
326	0	12	step_1_no_load	1	2	1	485	
326	0	12	step_2_no_load	3	4	0.552770607849	0.597131918027	4	707	1	
326	0	13	step_1_no_load	1	2	2	332	
326	0	13	step_2_no_load	5	6	0.653587098421	0.52012981853	6	481	0	
326	0	14	step_1_no_load	1	2	1	393	
326	0	14	step_2_no_load	5	6	0.629137942344	0.491234392147	6	387	1	
326	0	15	step_1_no_load	1	2	2	383	
326	0	15	step_2_no_load	5	6	0.612260006668	0.505377237737	5	370	0	
326	0	16	step_1_no_load	1	2	2	459	
326	0	16	step_2_no_load	3	4	0.553308964466	0.626326396372	4	421	1	
326	0	17	step_1_no_load	1	2	1	395	
326	0	17	step_2_no_load	3	4	0.562895132605	0.643116883134	4	340	1	
326	0	18	step_1_no_load	1	2	1	353	
326	0	18	step_2_no_load	3	4	0.553554620302	0.626895526976	4	385	0	
326	0	19	step_1_no_load	1	2	2	330	
326	0	19	step_2_no_load	5	6	0.619895761657	0.498240186199	6	341	1	
326	0	20	step_1_no_load	1	2	1	381	
326	0	20	step_2_no_load	3	4	0.491720931314	0.60665343963	4	420	1	
326	0	21	step_1_no_load	1	2	2	361	
326	0	21	step_2_no_load	3	4	0.470207377245	0.611328949295	4	359	1	
326	0	22	step_1_no_load	1	2	2	594	
326	0	22	step_2_no_load	5	6	0.621949894727	0.506100011497	5	383	0	
326	0	23	step_1_no_load	1	2	1	471	
326	0	23	step_2_no_load	5	6	0.640163623731	0.520606588181	6	329	1	
326	0	24	step_1_no_load	1	2	2	315	
326	0	24	step_2_no_load	3	4	0.503316199018	0.5800912085	4	527	1	
326	0	25	step_1_no_load	1	2	2	352	
326	0	25	step_2_no_load	3	4	0.503605105412	0.629917901014	3	749	1	
326	0	26	step_1_no_load	1	2	1	354	
326	0	26	step_2_no_load	3	4	0.532884212818	0.640635035276	4	455	0	
326	0	27	step_1_no_load	1	2	2	259	
326	0	27	step_2_no_load	5	6	0.57860777711	0.507272671939	6	422	0	
326	0	28	step_1_no_load	1	2	1	989	
326	0	28	step_2_no_load	3	4	0.553259388875	0.647441527317	4	563	0	
326	0	29	step_1_no_load	1	2	1	296	
326	0	29	step_2_no_load	3	4	0.561957580386	0.618626354124	3	400	0	
326	0	30	step_1_no_load	1	2	2	294	
326	0	30	step_2_no_load	5	6	0.608245979832	0.4919199548	5	456	1	
326	0	31	step_1_no_load	1	2	1	343	
326	0	31	step_2_no_load	5	6	0.636602545794	0.483156722265	5	384	1	
326	0	32	step_1_no_load	1	2	1	403	
326	0	32	step_2_no_load	3	4	0.522993086096	0.605616211083	3	346	1	
326	0	33	step_1_no_load	1	2	2	301	
326	0	33	step_2_no_load	5	6	0.611700032906	0.487664344039	5	345	0	
326	0	34	step_1_no_load	1	2	1	367	
326	0	34	step_2_no_load	3	4	0.538523758058	0.670290552209	3	340	1	
326	0	35	step_1_no_load	1	2	2	269	
326	0	35	step_2_no_load	5	6	0.566827313385	0.491437207585	6	319	1	
326	0	36	step_1_no_load	1	2	2	849	
326	0	36	step_2_no_load	5	6	0.527635087561	0.513210053121	6	734	0	
326	0	37	step_1_no_load	1	2	1	262	
326	0	37	step_2_no_load	3	4	0.598446394142	0.660658056664	3	369	0	
326	0	38	step_1_no_load	1	2	1	416	
326	0	38	step_2_no_load	5	6	0.539078491643	0.553931241266	6	411	0	
326	0	39	step_1_no_load	1	2	2	363	
326	0	39	step_2_no_load	5	6	0.557005857101	0.578640235206	6	426	1	
326	0	40	step_1_no_load	1	2	1	594	
326	0	40	step_2_no_load	3	4	0.607992802154	0.636994900683	4	510	0	
326	0	41	step_1_no_load	1	2	2	668	
326	0	41	step_2_no_load	5	6	0.524862294848	0.583829055298	6	579	1	
326	0	42	step_1_no_load	1	2	1	287	
326	0	42	step_2_no_load	3	4	0.609164606591	0.606696263624	3	455	0	
326	0	43	step_1_no_load	1	2	2	483	
326	0	43	step_2_no_load	3	4	0.612705031264	0.581931546759	4	383	1	
326	0	44	step_1_no_load	1	2	1	979	
326	0	44	step_2_no_load	3	4	0.611481438855	0.589653131867	4	336	1	
326	0	45	step_1_no_load	1	2	2	401	
326	0	45	step_2_no_load	5	6	0.579346234508	0.5288039409	6	410	0	
326	0	46	step_1_no_load	1	2	1	286	
326	0	46	step_2_no_load	3	4	0.600964500555	0.654261318712	3	419	1	
326	0	47	step_1_no_load	1	2	2	292	
326	0	47	step_2_no_load	5	6	0.546259467838	0.493112702321	5	277	1	
326	0	48	step_1_no_load	1	2	2	267	
326	0	48	step_2_no_load	5	6	0.534690828011	0.488280685105	6	493	0	
326	0	49	step_1_no_load	1	2	1	424	
326	0	49	step_2_no_load	3	4	0.610193185592	0.614679490594	4	704	1	
326	0	50	step_1_no_load	1	2	2	395	
326	0	50	step_2_no_load	3	4	0.606862017918	0.593458480934	4	357	0	
326	0	51	step_1_no_load	1	2	2	763	
326	0	51	step_2_no_load	5	6	0.508197321577	0.469943944943	6	472	0	
326	0	52	step_1_no_load	1	2	2	299	
326	0	52	step_2_no_load	5	6	0.513589895419	0.429622901875	5	391	1	
326	0	53	step_1_no_load	1	2	1	267	
326	0	53	step_2_no_load	3	4	0.551457882502	0.630956764252	3	298	0	
326	0	54	step_1_no_load	1	2	1	255	
326	0	54	step_2_no_load	3	4	0.570223904064	0.652515308527	4	380	0	
326	0	55	step_1_no_load	1	2	2	291	
326	0	55	step_2_no_load	5	6	0.526704292526	0.487025527704	6	314	0	
326	0	56	step_1_no_load	1	2	2	508	
326	0	56	step_2_no_load	5	6	0.538512915562	0.459773408493	5	502	1	
326	0	57	step_1_no_load	1	2	2	300	
326	0	57	step_2_no_load	3	4	0.641849303307	0.586335094239	3	340	1	
326	0	58	step_1_no_load	1	2	1	317	
326	0	58	step_2_no_load	3	4	0.664682809182	0.610896130115	4	410	1	
326	0	59	step_1_no_load	1	2	2	281	
326	0	59	step_2_no_load	3	4	0.632500293208	0.608951267756	4	417	1	
326	0	60	step_1_no_load	1	2	1	689	
326	0	60	step_2_no_load	5	6	0.479287247283	0.491916707098	6	412	0	
326	0	61	step_1_no_load	1	2	1	275	
326	0	61	step_2_no_load	3	4	0.669587072502	0.602879526975	3	481	1	
326	0	62	step_1_no_load	1	2	1	454	
326	0	62	step_2_no_load	3	4	0.691137204746	0.622820395113	4	385	0	
326	0	63	step_1_no_load	1	2	2	337	
326	0	63	step_2_no_load	3	4	0.664284493458	0.642623127313	4	405	0	
326	0	64	step_1_no_load	1	2	2	270	
326	0	64	step_2_no_load	3	4	0.642369708469	0.626149195169	3	369	1	
326	0	65	step_1_no_load	1	2	1	292	
326	0	65	step_2_no_load	3	4	0.612660225018	0.619953360065	4	1140	0	
326	0	66	step_1_no_load	1	2	2	304	
326	0	66	step_2_no_load	5	6	0.555324764318	0.573761869714	5	627	1	
326	0	67	step_1_no_load	1	2	1	346	
326	0	67	step_2_no_load	3	4	0.597650193897	0.674463681351	4	373	1	
326	0	68	step_1_no_load	1	2	1	792	
326	0	68	step_2_no_load	3	4	0.622963076372	0.719455209845	3	462	1	
326	0	69	step_1_no_load	1	2	2	329	
326	0	69	step_2_no_load	5	6	0.560462111264	0.499137600991	5	312	0	
326	0	70	step_1_no_load	1	2	1	366	
326	0	70	step_2_no_load	5	6	0.548075770764	0.498834901463	5	271	0	
326	0	71	step_1_no_load	1	2	1	275	
326	0	71	step_2_no_load	3	4	0.639174917797	0.706816191949	4	293	1	
326	0	72	step_1_no_load	1	2	2	358	
326	0	72	step_2_no_load	3	4	0.626024641967	0.705884789502	4	285	1	
326	0	73	step_1_no_load	1	2	1	782	
326	0	73	step_2_no_load	3	4	0.657126403029	0.727961155836	4	351	1	
326	0	74	step_1_no_load	1	2	2	364	
326	0	74	step_2_no_load	5	6	0.491044983779	0.453420386428	6	498	0	
326	0	75	step_1_no_load	1	2	1	402	
326	0	75	step_2_no_load	3	4	0.615552849174	0.697629587097	3	327	0	
326	0	76	step_1_no_load	1	2	2	952	
326	0	76	step_2_no_load	3	4	0.62770291155	0.690117652944	3	596	0	
326	0	77	step_1_no_load	1	2	1	837	
326	0	77	step_2_no_load	5	6	0.538119616568	0.446809557226	5	478	1	
326	0	78	step_1_no_load	1	2	2	273	
326	0	78	step_2_no_load	5	6	0.538654072849	0.435911167612	6	396	0	
326	0	79	step_1_no_load	1	2	2	286	
326	0	79	step_2_no_load	3	4	0.513695512795	0.647841624544	3	327	0	
326	0	80	step_1_no_load	1	2	2	891	
326	0	80	step_2_no_load	5	6	0.49921021142	0.396016175285	6	299	0	
326	0	81	step_1_no_load	1	2	1	578	
326	0	81	step_2_no_load	3	4	0.529745690463	0.702400933084	4	424	1	
326	0	82	step_1_no_load	1	2	2	223	
326	0	82	step_2_no_load	5	6	0.482727017837	0.395813831323	6	368	0	
326	0	83	step_1_no_load	1	2	1	553	
326	0	83	step_2_no_load	3	4	0.607907985871	0.726885136842	4	336	1	
326	0	84	step_1_no_load	1	2	2	356	
326	0	84	step_2_no_load	5	6	0.505586222209	0.385087938645	6	279	0	
326	0	85	step_1_no_load	1	2	1	509	
326	0	85	step_2_no_load	3	4	0.692384972752	0.712989604416	4	355	1	
326	0	86	step_1_no_load	1	2	1	425	
326	0	86	step_2_no_load	3	4	0.691782850001	0.721207648497	3	314	1	
326	0	87	step_1_no_load	1	2	1	379	
326	0	87	step_2_no_load	3	4	0.719375344246	0.690012761069	4	361	0	
326	0	88	step_1_no_load	1	2	1	599	
326	0	88	step_2_no_load	3	4	0.717410082358	0.696773608304	3	301	1	
326	0	89	step_1_no_load	1	2	2	491	
326	0	89	step_2_no_load	5	6	0.490019385174	0.415882489686	6	734	1	
326	0	90	step_1_no_load	1	2	2	325	
326	0	90	step_2_no_load	5	6	0.530126112124	0.411459496853	5	345	1	
326	0	91	step_1_no_load	1	2	1	302	
326	0	91	step_2_no_load	3	4	0.685023809334	0.657820521772	4	532	1	
326	0	92	step_1_no_load	1	2	1	566	
326	0	92	step_2_no_load	3	4	0.692406274724	0.679381608313	3	436	0	
326	0	93	step_1_no_load	1	2	1	285	
326	0	93	step_2_no_load	5	6	0.473273727684	0.439878153082	6	739	0	
326	0	94	step_1_no_load	1	2	2	398	
326	0	94	step_2_no_load	5	6	0.468637558205	0.429211756872	6	503	1	
326	0	95	step_1_no_load	1	2	2	393	
326	0	95	step_2_no_load	3	4	0.715495469274	0.640209855442	3	392	1	
326	0	96	step_1_no_load	1	2	1	353	
326	0	96	step_2_no_load	5	6	0.437558890646	0.383038640121	6	550	1	
326	0	97	step_1_no_load	1	2	1	441	
326	0	97	step_2_no_load	3	4	0.681272614291	0.651202057411	3	800	1	
326	0	98	step_1_no_load	1	2	2	381	
326	0	98	step_2_no_load	5	6	0.431479829356	0.409778171713	6	846	0	
326	0	99	step_1_no_load	1	2	2	299	
326	0	99	step_2_no_load	5	6	0.375249961522	0.397561363605	5	627	0	
326	0	100	step_1_no_load	1	2	1	404	
326	0	100	step_2_no_load	3	4	0.666227451505	0.66579920021	4	567	1	
326	0	101	step_1_no_load	1	2	1	294	
326	0	101	step_2_no_load	5	6	0.366879421891	0.497432607584	5	315	0	
326	0	102	step_1_no_load	1	2	1	504	
326	0	102	step_2_no_load	3	4	0.666304534392	0.663124617603	4	610	1	
326	0	103	step_1_no_load	1	2	2	386	
326	0	103	step_2_no_load	5	6	0.322834495838	0.481975449893	6	635	1	
326	0	104	step_1_no_load	1	2	2	963	
326	0	104	step_2_no_load	5	6	0.303696146503	0.521047445908	5	864	0	
326	0	105	step_1_no_load	1	2	2	269	
326	0	105	step_2_no_load	5	6	0.352639603242	0.514318365187	6	378	0	
326	0	106	step_1_no_load	1	2	2	459	
326	0	106	step_2_no_load	5	6	0.374131494222	0.508908032404	5	519	1	
326	0	107	step_1_no_load	1	2	1	395	
326	0	107	step_2_no_load	5	6	0.388257337796	0.565220528809	6	348	1	
326	0	108	step_1_no_load	1	2	1	432	
326	0	108	step_2_no_load	3	4	0.695928523711	0.681491063126	3	423	1	
326	0	109	step_1_no_load	1	2	2	367	
326	0	109	step_2_no_load	3	4	0.71632547018	0.68658494263	4	317	1	
326	0	110	step_1_no_load	1	2	2	359	
326	0	110	step_2_no_load	5	6	0.395544455384	0.432626681236	5	360	0	
326	0	111	step_1_no_load	1	2	2	377	
326	0	111	step_2_no_load	5	6	0.407158158569	0.384948378665	6	379	1	
326	0	112	step_1_no_load	1	2	1	324	
326	0	112	step_2_no_load	3	4	0.725701866094	0.635252945963	4	516	1	
326	0	113	step_1_no_load	1	2	1	364	
326	0	113	step_2_no_load	5	6	0.387112818105	0.370697120277	5	406	1	
326	0	114	step_1_no_load	1	2	2	358	
326	0	114	step_2_no_load	5	6	0.384736699284	0.380324086676	5	354	0	
326	0	115	step_1_no_load	1	2	2	351	
326	0	115	step_2_no_load	5	6	0.357661171116	0.390027643099	6	369	1	
326	0	116	step_1_no_load	1	2	1	301	
326	0	116	step_2_no_load	3	4	0.706736514943	0.680124293449	4	450	0	
326	0	117	step_1_no_load	1	2	1	556	
326	0	117	step_2_no_load	3	4	0.747012267642	0.671842537277	4	599	1	
326	0	118	step_1_no_load	1	2	1	647	
326	0	118	step_2_no_load	3	4	0.740051715856	0.690484235012	3	713	1	
326	0	119	step_1_no_load	1	2	2	504	
326	0	119	step_2_no_load	5	6	0.358243439099	0.357515098446	6	1315	0	
326	0	120	step_1_no_load	1	2	2	302	
326	0	120	step_2_no_load	5	6	0.333809617664	0.370150243662	5	306	1	
326	0	121	step_1_no_load	1	2	2	291	
326	0	121	step_2_no_load	5	6	0.310775244958	0.352721767208	6	381	0	
326	0	122	step_1_no_load	1	2	1	298	
326	0	122	step_2_no_load	3	4	0.6136886145	0.672193618854	4	466	0	
326	0	123	step_1_no_load	1	2	1	281	
326	0	123	step_2_no_load	3	4	0.583607229978	0.664849878232	3	322	1	
326	0	124	step_1_no_load	1	2	1	309	
326	0	124	step_2_no_load	5	6	0.26095206597	0.309430836661	6	504	1	
326	0	125	step_1_no_load	1	2	2	321	
326	0	125	step_2_no_load	5	6	0.290374841566	0.303110862715	6	308	0	
326	0	126	step_1_no_load	1	2	2	291	
326	0	126	step_2_no_load	3	4	0.537863824328	0.600985760967	3	301	1	
326	0	127	step_1_no_load	1	2	2	287	
326	0	127	step_2_no_load	5	6	0.273483952592	0.274944938508	6	410	0	
326	0	128	step_1_no_load	1	2	1	316	
326	0	128	step_2_no_load	5	6	0.260252451606	0.250790232267	6	485	0	
326	0	129	step_1_no_load	1	2	1	279	
326	0	129	step_2_no_load	5	6	0.268213321963	0.271709703542	5	327	0	
326	0	130	step_1_no_load	1	2	1	977	
326	0	130	step_2_no_load	5	6	0.267460866951	0.274560758494	5	484	0	
326	0	131	step_1_no_load	1	2	2	351	
326	0	131	step_2_no_load	5	6	0.281500842289	0.311475039155	6	341	0	
326	0	132	step_1_no_load	1	2	2	369	
326	0	132	step_2_no_load	5	6	0.27986961048	0.315328810424	5	431	0	
326	0	133	step_1_no_load	1	2	2	455	
326	0	133	step_2_no_load	5	6	0.315608831386	0.312642735495	5	362	0	
326	0	134	step_1_no_load	1	2	2	338	
326	0	134	step_2_no_load	5	6	0.287393715313	0.302839427162	6	344	0	
326	0	135	step_1_no_load	1	2	1	604	
326	0	135	step_2_no_load	3	4	0.593710006149	0.700779221781	4	710	1	
326	0	136	step_1_no_load	1	2	1	302	
326	0	136	step_2_no_load	5	6	0.307766925452	0.284521085726	5	446	0	
326	0	137	step_1_no_load	1	2	1	523	
326	0	137	step_2_no_load	5	6	0.346433498467	0.325016613024	6	374	1	
326	0	138	step_1_no_load	1	2	2	389	
326	0	138	step_2_no_load	3	4	0.63240964674	0.688182193337	4	444	0	
326	0	139	step_1_no_load	1	2	2	303	
326	0	139	step_2_no_load	3	4	0.636630981281	0.696355985729	3	386	0	
326	0	140	step_1_no_load	1	2	1	472	
326	0	140	step_2_no_load	5	6	0.348740542008	0.328174526491	6	375	0	
326	0	141	step_1_no_load	1	2	1	619	
326	0	141	step_2_no_load	3	4	0.711987889705	0.616803346728	3	415	1	
326	0	142	step_1_no_load	1	2	1	315	
326	0	142	step_2_no_load	3	4	0.690276058009	0.627356259123	4	457	1	
326	0	143	step_1_no_load	1	2	1	264	
326	0	143	step_2_no_load	3	4	0.661365099615	0.610219102298	3	335	1	
326	0	144	step_1_no_load	1	2	1	531	
326	0	144	step_2_no_load	5	6	0.389234194056	0.275932517017	6	415	0	
326	0	145	step_1_no_load	1	2	2	265	
326	0	145	step_2_no_load	3	4	0.6669125229	0.606515632748	4	362	0	
326	0	146	step_1_no_load	1	2	2	357	
326	0	146	step_2_no_load	5	6	0.320877500969	0.257861956214	5	331	1	
326	0	147	step_1_no_load	1	2	2	282	
326	0	147	step_2_no_load	5	6	0.352879785946	0.265578160642	6	338	0	
326	0	148	step_1_no_load	1	2	2	371	
326	0	148	step_2_no_load	3	4	0.619272702026	0.648050021239	3	399	1	
326	0	149	step_1_no_load	1	2	1	377	
326	0	149	step_2_no_load	3	4	0.601870110183	0.623203869836	4	498	1	
326	0	150	step_1_no_load	1	2	1	272	
326	0	150	step_2_no_load	5	6	0.306860041627	0.305587692243	5	370	1	
326	0	151	step_1_no_load	1	2	1	258	
326	0	151	step_2_no_load	5	6	0.310557101463	0.348172164421	6	387	1	
326	0	152	step_1_no_load	1	2	2	301	
326	0	152	step_2_no_load	3	4	0.595108765344	0.644204174791	4	375	1	
326	0	153	step_1_no_load	1	2	2	331	
326	0	153	step_2_no_load	3	4	0.613336203392	0.681559292085	3	453	1	
326	0	154	step_1_no_load	1	2	2	361	
326	0	154	step_2_no_load	5	6	0.348349389262	0.316375537537	6	358	0	
326	0	155	step_1_no_load	1	2	1	330	
326	0	155	step_2_no_load	3	4	0.632486591889	0.716100930629	4	435	0	
326	0	156	step_1_no_load	1	2	1	330	
326	0	156	step_2_no_load	3	4	0.631048201903	0.734436160799	3	333	1	
326	0	157	step_1_no_load	1	2	1	287	
326	0	157	step_2_no_load	3	4	0.585191807512	0.720725456325	4	508	1	
326	0	158	step_1_no_load	1	2	2	223	
326	0	158	step_2_no_load	3	4	0.532722108502	0.694270715354	3	705	1	
326	0	159	step_1_no_load	1	2	2	344	
326	0	159	step_2_no_load	5	6	0.321150411254	0.413026375257	6	399	1	
326	0	160	step_1_no_load	1	2	1	307	
326	0	160	step_2_no_load	5	6	0.355992626298	0.415052912783	6	395	0	
326	0	161	step_1_no_load	1	2	1	341	
326	0	161	step_2_no_load	5	6	0.438878285506	0.407025633682	5	372	0	
326	0	162	step_1_no_load	1	2	1	928	
326	0	162	step_2_no_load	3	4	0.566496468084	0.695144769903	4	491	1	
326	0	163	step_1_no_load	1	2	1	289	
326	0	163	step_2_no_load	3	4	0.5863391277	0.697095951435	3	338	1	
326	0	164	step_1_no_load	1	2	2	349	
326	0	164	step_2_no_load	5	6	0.430844125626	0.432761720497	6	375	0	
326	0	165	step_1_no_load	1	2	2	348	
326	0	165	step_2_no_load	3	4	0.538026607649	0.717506143195	3	375	1	
326	0	166	step_1_no_load	1	2	2	290	
326	0	166	step_2_no_load	5	6	0.356317216644	0.422282731054	6	411	1	
326	0	167	step_1_no_load	1	2	1	268	
326	0	167	step_2_no_load	3	4	0.585131062446	0.706271792549	3	465	1	
326	0	168	step_1_no_load	1	2	1	285	
326	0	168	step_2_no_load	3	4	0.613361520676	0.67192508984	4	370	1	
326	0	169	step_1_no_load	1	2	2	305	
326	0	169	step_2_no_load	3	4	0.586049140041	0.704981910944	3	395	0	
326	0	170	step_1_no_load	1	2	2	262	
326	0	170	step_2_no_load	3	4	0.57151385403	0.67334314737	4	338	1	
326	0	171	step_1_no_load	1	2	2	260	
326	0	171	step_2_no_load	5	6	0.425122034074	0.386979310814	5	358	0	
326	0	172	step_1_no_load	1	2	2	824	
326	0	172	step_2_no_load	5	6	0.490120307546	0.363617002148	6	642	1	
326	0	173	step_1_no_load	1	2	1	371	
326	0	173	step_2_no_load	5	6	0.462866379815	0.385349297983	5	405	0	
326	0	174	step_1_no_load	1	2	1	297	
326	0	174	step_2_no_load	3	4	0.472729524832	0.729877433725	4	385	1	
326	0	175	step_1_no_load	1	2	1	345	
326	0	175	step_2_no_load	3	4	0.52644949356	0.693968268443	3	423	0	
326	0	176	step_1_no_load	1	2	1	698	
326	0	176	step_2_no_load	3	4	0.474046874473	0.679250000396	4	418	1	
326	0	177	step_1_no_load	1	2	2	331	
326	0	177	step_2_no_load	5	6	0.4798184927	0.357425668099	5	1152	1	
326	0	178	step_1_no_load	1	2	2	338	
326	0	178	step_2_no_load	5	6	0.49020858644	0.36473828006	6	353	0	
326	0	179	step_1_no_load	1	2	2	300	
326	0	179	step_2_no_load	5	6	0.493565996034	0.324685418097	5	497	0	
326	0	180	step_1_no_load	1	2	2	471	
326	0	180	step_2_no_load	5	6	0.489345734128	0.341214611607	6	383	0	
326	0	181	step_1_no_load	1	2	1	278	
326	0	181	step_2_no_load	3	4	0.508735114046	0.746910336326	3	548	1	
326	0	182	step_1_no_load	1	2	1	341	
326	0	182	step_2_no_load	3	4	0.506773281362	0.72717560423	4	513	0	
326	0	183	step_1_no_load	1	2	1	278	
326	0	183	step_2_no_load	3	4	0.502991759047	0.720388040749	3	361	0	
326	0	184	step_1_no_load	1	2	2	367	
326	0	184	step_2_no_load	5	6	0.480863422096	0.362743255194	5	434	1	
326	0	185	step_1_no_load	1	2	2	302	
326	0	185	step_2_no_load	5	6	0.482228039858	0.362611152222	6	385	0	
326	0	186	step_1_no_load	1	2	1	446	
326	0	186	step_2_no_load	5	6	0.484672582719	0.332733011923	5	658	0	
326	0	187	step_1_no_load	1	2	1	319	
326	0	187	step_2_no_load	3	4	0.443962917772	0.678211978625	4	309	1	
326	0	188	step_1_no_load	1	2	1	264	
326	0	188	step_2_no_load	3	4	0.471319680586	0.696362660087	3	465	1	
326	0	189	step_1_no_load	1	2	2	270	
326	0	189	step_2_no_load	3	4	0.448897869069	0.688353284054	4	322	0	
326	0	190	step_1_no_load	1	2	2	270	
326	0	190	step_2_no_load	5	6	0.505820429042	0.304557739386	5	269	1	
326	0	191	step_1_no_load	1	2	2	280	
326	0	191	step_2_no_load	5	6	0.512103523931	0.318839908867	6	294	0	
326	0	192	step_1_no_load	1	2	2	356	
326	0	192	step_2_no_load	3	4	0.450791310283	0.705517419189	3	380	1	
326	0	193	step_1_no_load	1	2	1	712	
326	0	193	step_2_no_load	5	6	0.504944704439	0.321008037746	5	349	0	
326	0	194	step_1_no_load	1	2	1	258	
326	0	194	step_2_no_load	3	4	0.433250459893	0.655261361454	4	555	1	
326	0	195	step_1_no_load	1	2	1	434	
326	0	195	step_2_no_load	3	4	0.466795336969	0.646280688878	3	367	1	
326	0	196	step_1_no_load	1	2	2	828	
326	0	196	step_2_no_load	5	6	0.496717662777	0.365373286058	5	395	1	
326	0	197	step_1_no_load	1	2	2	262	
326	0	197	step_2_no_load	5	6	0.47786945426	0.316987700969	6	318	0	
326	0	198	step_1_no_load	1	2	2	319	
326	0	198	step_2_no_load	3	4	0.397292432346	0.68660989813	4	405	1	
326	0	199	step_1_no_load	1	2	2	316	
326	0	199	step_2_no_load	5	6	0.529438031858	0.292861528884	5	412	0	
326	0	200	step_1_no_load	1	2	1	403	
326	0	200	step_2_no_load	3	4	0.372436949782	0.728996708473	3	411	0	

Wed Dec  2 15:02:54 2020
