Fri Dec  4 17:04:35 2020	
327	0	1	step_1_no_load	1	2	1	930	
327	0	1	step_2_no_load	3	4	0.598297890399	0.594299910136	4	1258	1	
327	0	2	step_1_no_load	1	2	1	593	
327	0	2	step_2_no_load	5	6	0.533203491871	0.474613197709	6	441	0	
327	0	3	step_1_no_load	1	2	1	496	
327	0	3	step_2_no_load	5	6	0.516002945397	0.476767372206	5	1223	0	
327	0	4	step_1_no_load	1	2	2	391	
327	0	4	step_2_no_load	5	6	0.494597764192	0.478607661228	5	650	0	
327	0	5	step_1_no_load	1	2	2	905	
327	0	5	step_2_no_load	3	4	0.623810210114	0.576104915614	4	1360	0	
327	0	6	step_1_no_load	1	2	1	587	
327	0	6	step_2_no_load	5	6	0.490454120702	0.506877622204	5	809	0	
327	0	7	step_1_no_load	1	2	1	719	
327	0	7	step_2_no_load	5	6	0.506408070053	0.500071913476	6	598	0	
327	0	8	step_1_no_load	1	2	1	542	
327	0	8	step_2_no_load	3	4	0.59128639594	0.624210374623	4	1382	1	
327	0	9	step_1_no_load	1	2	-1	-1	
327	0	10	step_1_no_load	1	2	1	370	
327	0	10	step_2_no_load	3	4	0.652626043146	0.636063269715	4	744	0	
327	0	11	step_1_no_load	1	2	1	1286	
327	0	11	step_2_no_load	3	4	0.69163818036	0.609191465743	4	822	1	
327	0	12	step_1_no_load	1	2	2	1311	
327	0	12	step_2_no_load	5	6	0.597131918027	0.48457206759	5	1075	1	
327	0	13	step_1_no_load	1	2	2	911	
327	0	13	step_2_no_load	5	6	0.595790490356	0.52012981853	5	574	0	
327	0	14	step_1_no_load	1	2	2	834	
327	0	14	step_2_no_load	5	6	0.611256675753	0.491234392147	5	555	0	
327	0	15	step_1_no_load	1	2	1	460	
327	0	15	step_2_no_load	5	6	0.633564630036	0.505377237737	6	1110	0	
327	0	16	step_1_no_load	1	2	1	854	
327	0	16	step_2_no_load	3	4	0.628091198119	0.553308964466	4	1422	0	
327	0	17	step_1_no_load	1	2	1	489	
327	0	17	step_2_no_load	3	4	0.633350170016	0.562895132605	3	858	1	
327	0	18	step_1_no_load	1	2	1	685	
327	0	18	step_2_no_load	3	4	0.626834332012	0.553554620302	3	829	0	
327	0	19	step_1_no_load	1	2	1	545	
327	0	19	step_2_no_load	5	6	0.644773170243	0.498240186199	-1	-1	-1	
327	0	20	step_1_no_load	1	2	1	534	
327	0	20	step_2_no_load	5	6	0.60665343963	0.478025448397	5	1144	0	
327	0	21	step_1_no_load	1	2	1	435	
327	0	21	step_2_no_load	5	6	0.611328949295	0.49769376036	6	582	0	
327	0	22	step_1_no_load	1	2	1	594	
327	0	22	step_2_no_load	3	4	0.621949894727	0.468700882609	3	619	0	
327	0	23	step_1_no_load	1	2	1	451	
327	0	23	step_2_no_load	3	4	0.640163623731	0.513759772011	4	380	0	
327	0	24	step_1_no_load	1	2	1	587	
327	0	24	step_2_no_load	3	4	0.582115115688	0.503316199018	3	921	1	
327	0	25	step_1_no_load	1	2	1	1070	
327	0	25	step_2_no_load	3	4	0.565698722896	0.503605105412	3	1175	1	
327	0	26	step_1_no_load	1	2	1	1018	
327	0	26	step_2_no_load	5	6	0.640635035276	0.511744353778	5	1402	0	
327	0	27	step_1_no_load	1	2	1	607	
327	0	27	step_2_no_load	3	4	0.57860777711	0.54756089792	3	830	1	
327	0	28	step_1_no_load	1	2	1	749	
327	0	28	step_2_no_load	3	4	0.588356036098	0.553259388875	-1	-1	-1	
327	0	29	step_1_no_load	1	2	1	601	
327	0	29	step_2_no_load	3	4	0.606613029227	0.561957580386	3	593	0	
327	0	30	step_1_no_load	1	2	1	544	
327	0	30	step_2_no_load	3	4	0.608245979832	0.574272497114	3	660	1	
327	0	31	step_1_no_load	1	2	2	479	
327	0	31	step_2_no_load	5	6	0.606122691795	0.483156722265	6	1005	0	
327	0	32	step_1_no_load	1	2	1	511	
327	0	32	step_2_no_load	3	4	0.634585171267	0.522993086096	3	816	1	
327	0	33	step_1_no_load	1	2	1	866	
327	0	33	step_2_no_load	5	6	0.618000238621	0.487664344039	-1	-1	-1	
327	0	34	step_1_no_load	1	2	1	467	
327	0	34	step_2_no_load	3	4	0.575802910074	0.538523758058	4	543	1	
327	0	35	step_1_no_load	1	2	1	813	
327	0	35	step_2_no_load	3	4	0.566827313385	0.594167768198	3	529	1	
327	0	36	step_1_no_load	1	2	1	484	
327	0	36	step_2_no_load	5	6	0.661229326326	0.513210053121	5	1305	1	
327	0	37	step_1_no_load	1	2	1	467	
327	0	37	step_2_no_load	3	4	0.513822304161	0.598446394142	3	535	0	
327	0	38	step_1_no_load	1	2	1	363	
327	0	38	step_2_no_load	3	4	0.539078491643	0.595113730206	3	744	0	
327	0	39	step_1_no_load	1	2	1	479	
327	0	39	step_2_no_load	3	4	0.557005857101	0.610601635554	3	429	0	
327	0	40	step_1_no_load	1	2	1	420	
327	0	40	step_2_no_load	3	4	0.580760785074	0.607992802154	4	483	1	
327	0	41	step_1_no_load	1	2	1	578	
327	0	41	step_2_no_load	3	4	0.524862294848	0.588857868869	4	531	0	
327	0	42	step_1_no_load	1	2	1	106	
327	0	42	step_2_no_load	5	6	0.606696263624	0.553461946234	5	1226	1	
327	0	43	step_1_no_load	1	2	1	276	
327	0	43	step_2_no_load	5	6	0.581931546759	0.548128010644	5	656	0	
327	0	44	step_1_no_load	1	2	1	509	
327	0	44	step_2_no_load	5	6	0.589653131867	0.537842745081	5	572	1	
327	0	45	step_1_no_load	1	2	1	423	
327	0	45	step_2_no_load	3	4	0.579346234508	0.632991467829	3	525	1	
327	0	46	step_1_no_load	1	2	1	384	
327	0	46	step_2_no_load	3	4	0.55511883717	0.600964500555	3	436	1	
327	0	47	step_1_no_load	1	2	1	418	
327	0	47	step_2_no_load	5	6	0.634373567175	0.493112702321	5	1078	1	
327	0	48	step_1_no_load	1	2	1	512	
327	0	48	step_2_no_load	3	4	0.534690828011	0.615767119776	3	506	0	
327	0	49	step_1_no_load	1	2	1	298	
327	0	49	step_2_no_load	3	4	0.512405963374	0.610193185592	4	554	1	
327	0	50	step_1_no_load	1	2	1	567	
327	0	50	step_2_no_load	3	4	0.481616544184	0.606862017918	3	561	1	
327	0	51	step_1_no_load	1	2	1	365	
327	0	51	step_2_no_load	5	6	0.613357430892	0.469943944943	5	879	1	
327	0	52	step_1_no_load	1	2	1	398	
327	0	52	step_2_no_load	3	4	0.513589895419	0.539065404057	3	927	0	
327	0	53	step_1_no_load	1	2	1	423	
327	0	53	step_2_no_load	3	4	0.475342927439	0.551457882502	3	538	1	
327	0	54	step_1_no_load	1	2	1	439	
327	0	54	step_2_no_load	5	6	0.652515308527	0.491512498697	5	846	0	
327	0	55	step_1_no_load	1	2	1	687	
327	0	55	step_2_no_load	3	4	0.526704292526	0.574045915747	3	567	1	
327	0	56	step_1_no_load	1	2	1	380	
327	0	56	step_2_no_load	3	4	0.538512915562	0.601856598146	3	631	1	
327	0	57	step_1_no_load	1	2	1	394	
327	0	57	step_2_no_load	5	6	0.586335094239	0.466449077359	5	925	0	
327	0	58	step_1_no_load	1	2	1	276	
327	0	58	step_2_no_load	3	4	0.528376440027	0.664682809182	4	939	0	
327	0	59	step_1_no_load	1	2	1	385	
327	0	59	step_2_no_load	5	6	0.608951267756	0.480274332693	5	505	0	
327	0	60	step_1_no_load	1	2	2	548	
327	0	60	step_2_no_load	3	4	0.479287247283	0.623687406259	3	697	1	
327	0	61	step_1_no_load	1	2	2	516	
327	0	61	step_2_no_load	5	6	0.602879526975	0.464268875813	5	997	1	
327	0	62	step_1_no_load	1	2	2	550	
327	0	62	step_2_no_load	3	4	0.533031417444	0.691137204746	3	880	1	
327	0	63	step_1_no_load	1	2	2	468	
327	0	63	step_2_no_load	3	4	0.519445130796	0.664284493458	3	542	0	
327	0	64	step_1_no_load	1	2	1	559	
327	0	64	step_2_no_load	3	4	0.533849886794	0.642369708469	3	656	1	
327	0	65	step_1_no_load	1	2	1	473	
327	0	65	step_2_no_load	3	4	0.517687993213	0.612660225018	3	524	0	
327	0	66	step_1_no_load	1	2	1	330	
327	0	66	step_2_no_load	3	4	0.555324764318	0.606938648072	4	489	1	
327	0	67	step_1_no_load	1	2	1	308	
327	0	67	step_2_no_load	5	6	0.674463681351	0.542076810516	5	1076	0	
327	0	68	step_1_no_load	1	2	1	899	
327	0	68	step_2_no_load	3	4	0.523301545299	0.622963076372	3	577	1	
327	0	69	step_1_no_load	1	2	1	436	
327	0	69	step_2_no_load	3	4	0.560462111264	0.622221685203	3	498	0	
327	0	70	step_1_no_load	1	2	1	271	
327	0	70	step_2_no_load	3	4	0.548075770764	0.637556284465	4	438	0	
327	0	71	step_1_no_load	1	2	1	357	
327	0	71	step_2_no_load	5	6	0.706816191949	0.482863323776	5	833	1	
327	0	72	step_1_no_load	1	2	1	906	
327	0	72	step_2_no_load	5	6	0.705884789502	0.47409116389	5	1016	0	
327	0	73	step_1_no_load	1	2	1	335	
327	0	73	step_2_no_load	3	4	0.50185699984	0.657126403029	4	957	0	
327	0	74	step_1_no_load	1	2	1	263	
327	0	74	step_2_no_load	3	4	0.491044983779	0.614462146454	3	514	1	
327	0	75	step_1_no_load	1	2	1	275	
327	0	75	step_2_no_load	3	4	0.483983914712	0.615552849174	3	446	1	
327	0	76	step_1_no_load	1	2	1	425	
327	0	76	step_2_no_load	5	6	0.690117652944	0.488583631821	6	1029	1	
327	0	77	step_1_no_load	1	2	1	308	
327	0	77	step_2_no_load	3	4	0.538119616568	0.564257587118	3	432	0	
327	0	78	step_1_no_load	1	2	1	416	
327	0	78	step_2_no_load	3	4	0.538654072849	0.536711448352	4	469	0	
327	0	79	step_1_no_load	1	2	1	413	
327	0	79	step_2_no_load	3	4	0.540085062695	0.513695512795	3	747	1	
327	0	80	step_1_no_load	1	2	1	385	
327	0	80	step_2_no_load	3	4	0.49921021142	0.518583383166	3	480	1	
327	0	81	step_1_no_load	1	2	1	330	
327	0	81	step_2_no_load	3	4	0.494116554432	0.529745690463	3	433	1	
327	0	82	step_1_no_load	1	2	1	422	
327	0	82	step_2_no_load	3	4	0.482727017837	0.564729328387	3	635	1	
327	0	83	step_1_no_load	1	2	1	495	
327	0	83	step_2_no_load	5	6	0.726885136842	0.382772464038	5	579	1	
327	0	84	step_1_no_load	1	2	1	415	
327	0	84	step_2_no_load	3	4	0.505586222209	0.65843840156	3	395	1	
327	0	85	step_1_no_load	1	2	1	484	
327	0	85	step_2_no_load	5	6	0.712989604416	0.384458259121	5	1056	1	
327	0	86	step_1_no_load	1	2	1	449	
327	0	86	step_2_no_load	3	4	0.486462788728	0.691782850001	3	706	1	
327	0	87	step_1_no_load	1	2	1	574	
327	0	87	step_2_no_load	5	6	0.690012761069	0.40000499778	5	642	0	
327	0	88	step_1_no_load	1	2	1	296	
327	0	88	step_2_no_load	3	4	0.509563243675	0.717410082358	3	431	0	
327	0	89	step_1_no_load	1	2	1	403	
327	0	89	step_2_no_load	5	6	0.660112261017	0.415882489686	6	1219	0	
327	0	90	step_1_no_load	1	2	1	389	
327	0	90	step_2_no_load	3	4	0.530126112124	0.712247848046	3	474	1	
327	0	91	step_1_no_load	1	2	1	1195	
327	0	91	step_2_no_load	3	4	0.479087223222	0.685023809334	3	473	0	
327	0	92	step_1_no_load	1	2	1	365	
327	0	92	step_2_no_load	3	4	0.484260039873	0.692406274724	3	596	1	
327	0	93	step_1_no_load	1	2	1	498	
327	0	93	step_2_no_load	3	4	0.473273727684	0.70415710998	3	361	0	
327	0	94	step_1_no_load	1	2	1	400	
327	0	94	step_2_no_load	3	4	0.468637558205	0.719464414227	3	308	1	
327	0	95	step_1_no_load	1	2	1	351	
327	0	95	step_2_no_load	3	4	0.42505578884	0.715495469274	3	368	1	
327	0	96	step_1_no_load	1	2	1	413	
327	0	96	step_2_no_load	3	4	0.437558890646	0.693739812506	3	354	1	
327	0	97	step_1_no_load	1	2	1	390	
327	0	97	step_2_no_load	3	4	0.455601814112	0.681272614291	3	583	0	
327	0	98	step_1_no_load	1	2	1	399	
327	0	98	step_2_no_load	3	4	0.431479829356	0.70287861952	3	518	1	
327	0	99	step_1_no_load	1	2	1	378	
327	0	99	step_2_no_load	3	4	0.375249961522	0.673709850038	3	673	1	
327	0	100	step_1_no_load	1	2	1	546	
327	0	100	step_2_no_load	3	4	0.363162156005	0.666227451505	3	720	1	
327	0	101	step_1_no_load	1	2	1	473	
327	0	101	step_2_no_load	3	4	0.366879421891	0.623812401974	3	844	1	
327	0	102	step_1_no_load	1	2	1	373	
327	0	102	step_2_no_load	3	4	0.326080462175	0.666304534392	3	487	1	
327	0	103	step_1_no_load	1	2	1	367	
327	0	103	step_2_no_load	5	6	0.69058998368	0.481975449893	6	993	0	
327	0	104	step_1_no_load	1	2	1	387	
327	0	104	step_2_no_load	3	4	0.303696146503	0.703870701136	3	369	0	
327	0	105	step_1_no_load	1	2	1	301	
327	0	105	step_2_no_load	3	4	0.352639603242	0.689135357059	3	324	1	
327	0	106	step_1_no_load	1	2	1	465	
327	0	106	step_2_no_load	3	4	0.374131494222	0.712883638252	3	75	1	
327	0	107	step_1_no_load	1	2	1	314	
327	0	107	step_2_no_load	3	4	0.388257337796	0.692607431435	3	556	0	
327	0	108	step_1_no_load	1	2	1	399	
327	0	108	step_2_no_load	3	4	0.388185708856	0.695928523711	3	527	0	
327	0	109	step_1_no_load	1	2	1	332	
327	0	109	step_2_no_load	3	4	0.372328831887	0.71632547018	3	394	0	
327	0	110	step_1_no_load	1	2	1	304	
327	0	110	step_2_no_load	3	4	0.395544455384	0.729599891941	3	431	0	
327	0	111	step_1_no_load	1	2	1	348	
327	0	111	step_2_no_load	3	4	0.407158158569	0.724852671171	4	480	1	
327	0	112	step_1_no_load	1	2	1	497	
327	0	112	step_2_no_load	5	6	0.635252945963	0.392887565883	6	1255	1	
327	0	113	step_1_no_load	1	2	1	460	
327	0	113	step_2_no_load	3	4	0.387112818105	0.719324307956	3	1111	1	
327	0	114	step_1_no_load	1	2	1	604	
327	0	114	step_2_no_load	5	6	0.657654904272	0.380324086676	6	840	0	
327	0	115	step_1_no_load	1	2	1	408	
327	0	115	step_2_no_load	5	6	0.645721217949	0.390027643099	6	1051	1	
327	0	116	step_1_no_load	1	2	1	598	
327	0	116	step_2_no_load	3	4	0.369438791876	0.706736514943	3	622	0	
327	0	117	step_1_no_load	1	2	1	309	
327	0	117	step_2_no_load	3	4	0.363056877927	0.747012267642	3	487	0	
327	0	118	step_1_no_load	1	2	1	360	
327	0	118	step_2_no_load	3	4	0.362977115924	0.740051715856	4	469	1	
327	0	119	step_1_no_load	1	2	1	699	
327	0	119	step_2_no_load	3	4	0.358243439099	0.690424535099	3	720	1	
327	0	120	step_1_no_load	1	2	1	720	
327	0	120	step_2_no_load	5	6	0.666433355915	0.370150243662	5	623	0	
327	0	121	step_1_no_load	1	2	1	252	
327	0	121	step_2_no_load	3	4	0.310775244958	0.658856304095	3	648	1	
327	0	122	step_1_no_load	1	2	1	397	
327	0	122	step_2_no_load	3	4	0.266650857402	0.6136886145	3	457	0	
327	0	123	step_1_no_load	1	2	1	427	
327	0	123	step_2_no_load	5	6	0.664849878232	0.337526896345	5	673	0	
327	0	124	step_1_no_load	1	2	1	464	
327	0	124	step_2_no_load	3	4	0.26095206597	0.603013298253	3	583	0	
327	0	125	step_1_no_load	1	2	1	374	
327	0	125	step_2_no_load	3	4	0.290374841566	0.559596800931	4	575	0	
327	0	126	step_1_no_load	1	2	1	478	
327	0	126	step_2_no_load	5	6	0.600985760967	0.300846667696	5	351	1	
327	0	127	step_1_no_load	1	2	1	890	
327	0	127	step_2_no_load	5	6	0.646945556251	0.274944938508	6	892	0	
327	0	128	step_1_no_load	1	2	1	489	
327	0	128	step_2_no_load	3	4	0.260252451606	0.636905534066	3	532	0	
327	0	129	step_1_no_load	1	2	1	359	
327	0	129	step_2_no_load	3	4	0.268213321963	0.685297910719	3	486	0	
327	0	130	step_1_no_load	1	2	1	356	
327	0	130	step_2_no_load	3	4	0.267460866951	0.682031489739	4	405	1	
327	0	131	step_1_no_load	1	2	1	548	
327	0	131	step_2_no_load	5	6	0.638450601212	0.311475039155	6	832	1	
327	0	132	step_1_no_load	1	2	1	437	
327	0	132	step_2_no_load	3	4	0.27986961048	0.668578020634	3	421	0	
327	0	133	step_1_no_load	1	2	1	529	
327	0	133	step_2_no_load	3	4	0.315608831386	0.617383991623	4	815	1	
327	0	134	step_1_no_load	1	2	1	343	
327	0	134	step_2_no_load	3	4	0.287393715313	0.621945110858	4	552	0	
327	0	135	step_1_no_load	1	2	1	481	
327	0	135	step_2_no_load	5	6	0.700779221781	0.287118934166	6	845	0	
327	0	136	step_1_no_load	1	2	1	481	
327	0	136	step_2_no_load	5	6	0.674914008636	0.284521085726	6	797	0	
327	0	137	step_1_no_load	1	2	1	455	
327	0	137	step_2_no_load	3	4	0.346433498467	0.605896884497	3	533	0	
327	0	138	step_1_no_load	1	2	1	470	
327	0	138	step_2_no_load	3	4	0.366701525561	0.63240964674	3	766	0	
327	0	139	step_1_no_load	1	2	1	446	
327	0	139	step_2_no_load	3	4	0.325611400511	0.636630981281	3	776	1	
327	0	140	step_1_no_load	1	2	1	792	
327	0	140	step_2_no_load	5	6	0.637682840728	0.328174526491	6	864	0	
327	0	141	step_1_no_load	1	2	1	380	
327	0	141	step_2_no_load	3	4	0.390227133375	0.711987889705	3	501	0	
327	0	142	step_1_no_load	1	2	1	386	
327	0	142	step_2_no_load	3	4	0.397052682821	0.690276058009	3	525	1	
327	0	143	step_1_no_load	1	2	1	613	
327	0	143	step_2_no_load	3	4	0.410970957547	0.661365099615	3	482	1	
327	0	144	step_1_no_load	1	2	1	483	
327	0	144	step_2_no_load	3	4	0.389234194056	0.626443722248	3	539	0	
327	0	145	step_1_no_load	1	2	1	455	
327	0	145	step_2_no_load	3	4	0.355256413269	0.6669125229	3	480	1	
327	0	146	step_1_no_load	1	2	1	516	
327	0	146	step_2_no_load	3	4	0.320877500969	0.681611991725	3	569	0	
327	0	147	step_1_no_load	1	2	1	541	
327	0	147	step_2_no_load	3	4	0.352879785946	0.647798886916	3	568	0	
327	0	148	step_1_no_load	1	2	1	470	
327	0	148	step_2_no_load	3	4	0.311162711725	0.619272702026	3	611	0	
327	0	149	step_1_no_load	1	2	1	443	
327	0	149	step_2_no_load	3	4	0.300290206122	0.601870110183	3	397	0	
327	0	150	step_1_no_load	1	2	1	305	
327	0	150	step_2_no_load	3	4	0.306860041627	0.575985663078	3	425	0	
327	0	151	step_1_no_load	1	2	1	417	
327	0	151	step_2_no_load	5	6	0.614159737668	0.348172164421	6	856	1	
327	0	152	step_1_no_load	1	2	1	380	
327	0	152	step_2_no_load	3	4	0.323194010514	0.595108765344	3	836	0	
327	0	153	step_1_no_load	1	2	1	353	
327	0	153	step_2_no_load	3	4	0.343622632154	0.613336203392	4	387	0	
327	0	154	step_1_no_load	1	2	1	345	
327	0	154	step_2_no_load	3	4	0.348349389262	0.638934099562	3	310	0	
327	0	155	step_1_no_load	1	2	1	391	
327	0	155	step_2_no_load	5	6	0.716100930629	0.296093457977	6	1099	0	
327	0	156	step_1_no_load	1	2	1	481	
327	0	156	step_2_no_load	3	4	0.368378667812	0.631048201903	3	641	0	
327	0	157	step_1_no_load	1	2	1	297	
327	0	157	step_2_no_load	3	4	0.324728201487	0.585191807512	4	402	1	
327	0	158	step_1_no_load	1	2	1	380	
327	0	158	step_2_no_load	3	4	0.334595868098	0.532722108502	4	418	1	
327	0	159	step_1_no_load	1	2	1	339	
327	0	159	step_2_no_load	5	6	0.697903160072	0.413026375257	6	1379	1	
327	0	160	step_1_no_load	1	2	1	622	
327	0	160	step_2_no_load	3	4	0.355992626298	0.521229931064	3	409	0	
327	0	161	step_1_no_load	1	2	1	399	
327	0	161	step_2_no_load	3	4	0.438878285506	0.516036498158	4	461	0	
327	0	162	step_1_no_load	1	2	1	335	
327	0	162	step_2_no_load	5	6	0.695144769903	0.3926701003	5	1322	0	
327	0	163	step_1_no_load	1	2	1	400	
327	0	163	step_2_no_load	3	4	0.430920885959	0.5863391277	3	594	1	
327	0	164	step_1_no_load	1	2	1	548	
327	0	164	step_2_no_load	3	4	0.430844125626	0.585961845322	3	507	1	
327	0	165	step_1_no_load	1	2	1	397	
327	0	165	step_2_no_load	3	4	0.347974240867	0.538026607649	3	402	1	
327	0	166	step_1_no_load	1	2	1	698	
327	0	166	step_2_no_load	3	4	0.356317216644	0.549095060025	3	699	1	
327	0	167	step_1_no_load	1	2	1	393	
327	0	167	step_2_no_load	5	6	0.706271792549	0.38753671275	6	785	0	
327	0	168	step_1_no_load	1	2	1	569	
327	0	168	step_2_no_load	3	4	0.335777599654	0.613361520676	3	990	1	
327	0	169	step_1_no_load	1	2	1	423	
327	0	169	step_2_no_load	5	6	0.704981910944	0.42098542374	-1	-1	-1	
327	0	170	step_1_no_load	1	2	1	456	
327	0	170	step_2_no_load	5	6	0.67334314737	0.411067820436	6	1002	0	
327	0	171	step_1_no_load	1	2	1	457	
327	0	171	step_2_no_load	3	4	0.425122034074	0.553314431843	3	546	0	
327	0	172	step_1_no_load	1	2	1	480	
327	0	172	step_2_no_load	3	4	0.490120307546	0.519090471457	3	659	1	
327	0	173	step_1_no_load	1	2	2	412	
327	0	173	step_2_no_load	3	4	0.462866379815	0.484428109849	3	640	0	
327	0	174	step_1_no_load	1	2	2	831	
327	0	174	step_2_no_load	5	6	0.729877433725	0.387867297446	6	1426	1	
327	0	175	step_1_no_load	1	2	2	449	
327	0	175	step_2_no_load	5	6	0.693968268443	0.426185553904	5	650	1	
327	0	176	step_1_no_load	1	2	2	372	
327	0	176	step_2_no_load	5	6	0.679250000396	0.383231572002	6	482	0	
327	0	177	step_1_no_load	1	2	2	335	
327	0	177	step_2_no_load	3	4	0.4798184927	0.501268576771	3	469	1	
327	0	178	step_1_no_load	1	2	2	684	
327	0	178	step_2_no_load	5	6	0.705993797498	0.36473828006	5	966	0	
327	0	179	step_1_no_load	1	2	2	320	
327	0	179	step_2_no_load	3	4	0.493565996034	0.457298770028	3	724	0	
327	0	180	step_1_no_load	1	2	1	459	
327	0	180	step_2_no_load	3	4	0.489345734128	0.482853857291	3	668	1	
327	0	181	step_1_no_load	1	2	1	408	
327	0	181	step_2_no_load	3	4	0.480141179559	0.508735114046	3	477	0	
327	0	182	step_1_no_load	1	2	1	411	
327	0	182	step_2_no_load	3	4	0.49907747228	0.506773281362	3	899	1	
327	0	183	step_1_no_load	1	2	1	389	
327	0	183	step_2_no_load	5	6	0.720388040749	0.350175837802	5	655	0	
327	0	184	step_1_no_load	1	2	1	447	
327	0	184	step_2_no_load	5	6	0.657291439324	0.362743255194	5	590	1	
327	0	185	step_1_no_load	1	2	1	353	
327	0	185	step_2_no_load	3	4	0.482228039858	0.479703516092	3	628	1	
327	0	186	step_1_no_load	1	2	1	409	
327	0	186	step_2_no_load	3	4	0.484672582719	0.46870859828	3	495	1	
327	0	187	step_1_no_load	1	2	1	378	
327	0	187	step_2_no_load	5	6	0.678211978625	0.328890769988	5	392	0	
327	0	188	step_1_no_load	1	2	1	350	
327	0	188	step_2_no_load	3	4	0.548350535247	0.471319680586	3	610	0	
327	0	189	step_1_no_load	1	2	1	341	
327	0	189	step_2_no_load	3	4	0.534753756004	0.448897869069	3	452	1	
327	0	190	step_1_no_load	1	2	1	402	
327	0	190	step_2_no_load	3	4	0.505820429042	0.433568856946	3	459	1	
327	0	191	step_1_no_load	1	2	1	644	
327	0	191	step_2_no_load	3	4	0.512103523931	0.435748387321	3	639	0	
327	0	192	step_1_no_load	1	2	1	560	
327	0	192	step_2_no_load	3	4	0.493851022417	0.450791310283	4	723	0	
327	0	193	step_1_no_load	1	2	1	302	
327	0	193	step_2_no_load	5	6	0.679792491164	0.321008037746	6	987	0	
327	0	194	step_1_no_load	1	2	1	347	
327	0	194	step_2_no_load	5	6	0.655261361454	0.342437174514	6	1287	1	
327	0	195	step_1_no_load	1	2	1	424	
327	0	195	step_2_no_load	3	4	0.494102184238	0.466795336969	3	663	1	
327	0	196	step_1_no_load	1	2	1	517	
327	0	196	step_2_no_load	3	4	0.496717662777	0.421761207498	3	452	0	
327	0	197	step_1_no_load	1	2	1	616	
327	0	197	step_2_no_load	5	6	0.686552522522	0.316987700969	5	550	0	
327	0	198	step_1_no_load	1	2	1	372	
327	0	198	step_2_no_load	5	6	0.68660989813	0.303352625941	6	543	0	
327	0	199	step_1_no_load	1	2	1	381	
327	0	199	step_2_no_load	3	4	0.529438031858	0.39793773834	3	835	0	
327	0	200	step_1_no_load	1	2	1	310	
327	0	200	step_2_no_load	3	4	0.507902534353	0.372436949782	3	768	1	

Fri Dec  4 17:22:15 2020
