Wed Dec  9 15:37:46 2020	
328	0	1	step_1_no_load	1	2	-1	-1	
328	0	2	step_1_no_load	1	2	1	240	
328	0	2	step_2_no_load	5	6	0.533203491871	0.580156942153	5	411	1	
328	0	3	step_1_no_load	1	2	1	1032	
328	0	3	step_2_no_load	3	4	0.589215227351	0.476767372206	3	547	1	
328	0	4	step_1_no_load	1	2	1	544	
328	0	4	step_2_no_load	3	4	0.564086293706	0.478607661228	3	366	1	
328	0	5	step_1_no_load	1	2	1	375	
328	0	5	step_2_no_load	3	4	0.576104915614	0.495568760483	3	480	0	
328	0	6	step_1_no_load	1	2	1	289	
328	0	6	step_2_no_load	3	4	0.603642866427	0.506877622204	4	437	0	
328	0	7	step_1_no_load	1	2	2	359	
328	0	7	step_2_no_load	3	4	0.622642364361	0.500071913476	3	464	1	
328	0	8	step_1_no_load	1	2	2	579	
328	0	8	step_2_no_load	5	6	0.499203529332	0.59128639594	5	536	0	
328	0	9	step_1_no_load	1	2	2	282	
328	0	9	step_2_no_load	5	6	0.54429228266	0.598049061473	6	429	1	
328	0	10	step_1_no_load	1	2	2	569	
328	0	10	step_2_no_load	5	6	0.576063520885	0.652626043146	6	324	1	
328	0	11	step_1_no_load	1	2	2	280	
328	0	11	step_2_no_load	5	6	0.59022801242	0.69163818036	6	335	1	
328	0	12	step_1_no_load	1	2	1	771	
328	0	12	step_2_no_load	5	6	0.597131918027	0.682786328054	5	433	1	
328	0	13	step_1_no_load	1	2	2	426	
328	0	13	step_2_no_load	5	6	0.595790490356	0.653587098421	6	322	0	
328	0	14	step_1_no_load	1	2	1	337	
328	0	14	step_2_no_load	3	4	0.545555696267	0.491234392147	3	287	1	
328	0	15	step_1_no_load	1	2	1	323	
328	0	15	step_2_no_load	3	4	0.570419113221	0.505377237737	3	462	0	
328	0	16	step_1_no_load	1	2	2	301	
328	0	16	step_2_no_load	5	6	0.626326396372	0.628091198119	6	373	1	
328	0	17	step_1_no_load	1	2	2	299	
328	0	17	step_2_no_load	3	4	0.562895132605	0.535958400205	4	433	1	
328	0	18	step_1_no_load	1	2	2	371	
328	0	18	step_2_no_load	5	6	0.626895526976	0.626834332012	6	317	1	
328	0	19	step_1_no_load	1	2	2	225	
328	0	19	step_2_no_load	5	6	0.644773170243	0.619895761657	6	229	1	
328	0	20	step_1_no_load	1	2	2	260	
328	0	20	step_2_no_load	5	6	0.60665343963	0.636521555122	6	625	1	
328	0	21	step_1_no_load	1	2	2	231	
328	0	21	step_2_no_load	5	6	0.611328949295	0.630305464549	6	281	1	
328	0	22	step_1_no_load	1	2	2	236	
328	0	22	step_2_no_load	3	4	0.468700882609	0.506100011497	4	283	1	
328	0	23	step_1_no_load	1	2	2	218	
328	0	23	step_2_no_load	5	6	0.604065470975	0.640163623731	6	453	1	
328	0	24	step_1_no_load	1	2	2	236	
328	0	24	step_2_no_load	5	6	0.5800912085	0.582115115688	6	301	0	
328	0	25	step_1_no_load	1	2	1	462	
328	0	25	step_2_no_load	3	4	0.503605105412	0.503316372362	3	330	0	
328	0	26	step_1_no_load	1	2	2	409	
328	0	26	step_2_no_load	5	6	0.640635035276	0.592410219737	6	390	1	
328	0	27	step_1_no_load	1	2	2	390	
328	0	27	step_2_no_load	3	4	0.54756089792	0.507272671939	4	395	0	
328	0	28	step_1_no_load	1	2	2	344	
328	0	28	step_2_no_load	5	6	0.647441527317	0.588356036098	6	303	0	
328	0	29	step_1_no_load	1	2	1	565	
328	0	29	step_2_no_load	3	4	0.561957580386	0.521159009103	4	331	1	
328	0	30	step_1_no_load	1	2	2	1117	
328	0	30	step_2_no_load	3	4	0.574272497114	0.4919199548	3	498	1	
328	0	31	step_1_no_load	1	2	2	428	
328	0	31	step_2_no_load	5	6	0.606122691795	0.636602545794	5	510	0	
328	0	32	step_1_no_load	1	2	2	328	
328	0	32	step_2_no_load	5	6	0.605616211083	0.634585171267	6	331	0	
328	0	33	step_1_no_load	1	2	1	320	
328	0	33	step_2_no_load	3	4	0.542309898544	0.487664344039	4	743	1	
328	0	34	step_1_no_load	1	2	1	277	
328	0	34	step_2_no_load	3	4	0.538523758058	0.454565258478	4	367	0	
328	0	35	step_1_no_load	1	2	2	341	
328	0	35	step_2_no_load	5	6	0.649776015006	0.566827313385	6	352	1	
328	0	36	step_1_no_load	1	2	2	268	
328	0	36	step_2_no_load	5	6	0.661229326326	0.527635087561	6	345	0	
328	0	37	step_1_no_load	1	2	2	529	
328	0	37	step_2_no_load	3	4	0.598446394142	0.543074626387	4	314	1	
328	0	38	step_1_no_load	1	2	2	346	
328	0	38	step_2_no_load	3	4	0.595113730206	0.553931241266	4	330	1	
328	0	39	step_1_no_load	1	2	2	263	
328	0	39	step_2_no_load	5	6	0.634483337633	0.557005857101	6	575	0	
328	0	40	step_1_no_load	1	2	1	460	
328	0	40	step_2_no_load	3	4	0.607992802154	0.5691386571	4	339	1	
328	0	41	step_1_no_load	1	2	1	283	
328	0	41	step_2_no_load	5	6	0.633285941184	0.524862294848	6	387	1	
328	0	42	step_1_no_load	1	2	1	251	
328	0	42	step_2_no_load	3	4	0.609164606591	0.553461946234	4	431	0	
328	0	43	step_1_no_load	1	2	1	290	
328	0	43	step_2_no_load	5	6	0.581931546759	0.553703096215	5	278	0	
328	0	44	step_1_no_load	1	2	2	282	
328	0	44	step_2_no_load	5	6	0.589653131867	0.541854396676	5	331	1	
328	0	45	step_1_no_load	1	2	2	265	
328	0	45	step_2_no_load	3	4	0.632991467829	0.5288039409	3	379	1	
328	0	46	step_1_no_load	1	2	2	345	
328	0	46	step_2_no_load	5	6	0.654261318712	0.55511883717	5	317	1	
328	0	47	step_1_no_load	1	2	2	245	
328	0	47	step_2_no_load	5	6	0.634373567175	0.546259467838	5	206	0	
328	0	48	step_1_no_load	1	2	2	305	
328	0	48	step_2_no_load	5	6	0.657624935632	0.534690828011	6	339	0	
328	0	49	step_1_no_load	1	2	1	420	
328	0	49	step_2_no_load	3	4	0.610193185592	0.489287375157	3	255	1	
328	0	50	step_1_no_load	1	2	1	351	
328	0	50	step_2_no_load	3	4	0.606862017918	0.47381367271	3	331	0	
328	0	51	step_1_no_load	1	2	1	237	
328	0	51	step_2_no_load	3	4	0.564866799699	0.469943944943	4	293	1	
328	0	52	step_1_no_load	1	2	1	250	
328	0	52	step_2_no_load	3	4	0.539065404057	0.429622901875	4	290	1	
328	0	53	step_1_no_load	1	2	1	239	
328	0	53	step_2_no_load	3	4	0.551457882502	0.451905460347	4	301	1	
328	0	54	step_1_no_load	1	2	1	323	
328	0	54	step_2_no_load	5	6	0.652515308527	0.493362545513	6	315	0	
328	0	55	step_1_no_load	1	2	2	758	
328	0	55	step_2_no_load	5	6	0.639840796975	0.526704292526	6	508	1	
328	0	56	step_1_no_load	1	2	2	291	
328	0	56	step_2_no_load	5	6	0.60038825769	0.538512915562	6	311	1	
328	0	57	step_1_no_load	1	2	2	300	
328	0	57	step_2_no_load	5	6	0.586335094239	0.516475618243	6	295	1	
328	0	58	step_1_no_load	1	2	2	606	
328	0	58	step_2_no_load	5	6	0.610896130115	0.528376440027	6	364	1	
328	0	59	step_1_no_load	1	2	2	225	
328	0	59	step_2_no_load	5	6	0.608951267756	0.537400760025	6	309	0	
328	0	60	step_1_no_load	1	2	2	296	
328	0	60	step_2_no_load	3	4	0.623687406259	0.491916707098	3	278	0	
328	0	61	step_1_no_load	1	2	1	283	
328	0	61	step_2_no_load	3	4	0.669587072502	0.464268875813	4	363	0	
328	0	62	step_1_no_load	1	2	1	408	
328	0	62	step_2_no_load	5	6	0.622820395113	0.533031417444	6	281	0	
328	0	63	step_1_no_load	1	2	1	294	
328	0	63	step_2_no_load	3	4	0.664284493458	0.53192660365	3	410	0	
328	0	64	step_1_no_load	1	2	2	275	
328	0	64	step_2_no_load	5	6	0.626149195169	0.533849886794	6	413	1	
328	0	65	step_1_no_load	1	2	2	261	
328	0	65	step_2_no_load	5	6	0.619953360065	0.517687993213	6	710	1	
328	0	66	step_1_no_load	1	2	2	248	
328	0	66	step_2_no_load	3	4	0.606938648072	0.573761869714	4	314	1	
328	0	67	step_1_no_load	1	2	2	242	
328	0	67	step_2_no_load	5	6	0.674463681351	0.538279387614	6	364	0	
328	0	68	step_1_no_load	1	2	1	698	
328	0	68	step_2_no_load	5	6	0.719455209845	0.523301545299	5	585	1	
328	0	69	step_1_no_load	1	2	1	475	
328	0	69	step_2_no_load	3	4	0.622221685203	0.499137600991	3	366	1	
328	0	70	step_1_no_load	1	2	1	365	
328	0	70	step_2_no_load	5	6	0.697741832068	0.548075770764	5	476	1	
328	0	71	step_1_no_load	1	2	1	621	
328	0	71	step_2_no_load	3	4	0.639174917797	0.482863323776	-1	-1	-1	
328	0	72	step_1_no_load	1	2	1	367	
328	0	72	step_2_no_load	3	4	0.626024641967	0.47409116389	3	633	1	
328	0	73	step_1_no_load	1	2	1	604	
328	0	73	step_2_no_load	5	6	0.727961155836	0.50185699984	5	551	1	
328	0	74	step_1_no_load	1	2	1	473	
328	0	74	step_2_no_load	3	4	0.614462146454	0.453420386428	3	431	1	
328	0	75	step_1_no_load	1	2	1	438	
328	0	75	step_2_no_load	3	4	0.615552849174	0.44832280175	3	422	1	
328	0	76	step_1_no_load	1	2	1	589	
328	0	76	step_2_no_load	3	4	0.62770291155	0.488583631821	3	531	1	
328	0	77	step_1_no_load	1	2	1	546	
328	0	77	step_2_no_load	3	4	0.564257587118	0.446809557226	3	611	0	
328	0	78	step_1_no_load	1	2	2	538	
328	0	78	step_2_no_load	5	6	0.647586191228	0.538654072849	6	419	1	
328	0	79	step_1_no_load	1	2	2	368	
328	0	79	step_2_no_load	5	6	0.647841624544	0.540085062695	6	319	1	
328	0	80	step_1_no_load	1	2	2	269	
328	0	80	step_2_no_load	3	4	0.518583383166	0.396016175285	4	263	0	
328	0	81	step_1_no_load	1	2	1	271	
328	0	81	step_2_no_load	5	6	0.702400933084	0.494116554432	6	436	1	
328	0	82	step_1_no_load	1	2	1	281	
328	0	82	step_2_no_load	3	4	0.564729328387	0.395813831323	4	261	1	
328	0	83	step_1_no_load	1	2	1	239	
328	0	83	step_2_no_load	3	4	0.607907985871	0.382772464038	4	301	0	
328	0	84	step_1_no_load	1	2	1	287	
328	0	84	step_2_no_load	3	4	0.65843840156	0.385087938645	3	334	1	
328	0	85	step_1_no_load	1	2	2	370	
328	0	85	step_2_no_load	3	4	0.692384972752	0.384458259121	3	329	1	
328	0	86	step_1_no_load	1	2	2	262	
328	0	86	step_2_no_load	5	6	0.721207648497	0.486462788728	5	300	1	
328	0	87	step_1_no_load	1	2	2	374	
328	0	87	step_2_no_load	5	6	0.690012761069	0.493867001103	5	333	1	
328	0	88	step_1_no_load	1	2	2	254	
328	0	88	step_2_no_load	5	6	0.696773608304	0.509563243675	5	374	1	
328	0	89	step_1_no_load	1	2	2	280	
328	0	89	step_2_no_load	5	6	0.660112261017	0.490019385174	5	253	0	
328	0	90	step_1_no_load	1	2	1	450	
328	0	90	step_2_no_load	3	4	0.712247848046	0.411459496853	4	370	0	
328	0	91	step_1_no_load	1	2	2	325	
328	0	91	step_2_no_load	5	6	0.657820521772	0.479087223222	6	289	1	
328	0	92	step_1_no_load	1	2	2	311	
328	0	92	step_2_no_load	5	6	0.679381608313	0.484260039873	6	447	0	
328	0	93	step_1_no_load	1	2	2	262	
328	0	93	step_2_no_load	5	6	0.662863370634	0.473273727684	5	279	1	
328	0	94	step_1_no_load	1	2	2	832	
328	0	94	step_2_no_load	3	4	0.719464414227	0.429211756872	3	344	1	
328	0	95	step_1_no_load	1	2	2	256	
328	0	95	step_2_no_load	5	6	0.640209855442	0.42505578884	5	323	0	
328	0	96	step_1_no_load	1	2	1	333	
328	0	96	step_2_no_load	5	6	0.663095813561	0.437558890646	6	435	1	
328	0	97	step_1_no_load	1	2	1	908	
328	0	97	step_2_no_load	3	4	0.681272614291	0.392885664353	4	407	0	
328	0	98	step_1_no_load	1	2	1	285	
328	0	98	step_2_no_load	3	4	0.70287861952	0.409778171713	3	276	1	
328	0	99	step_1_no_load	1	2	1	351	
328	0	99	step_2_no_load	3	4	0.673709850038	0.397561363605	3	328	1	
328	0	100	step_1_no_load	1	2	1	430	
328	0	100	step_2_no_load	3	4	0.666227451505	0.4333505304	3	293	1	
328	0	101	step_1_no_load	1	2	1	463	
328	0	101	step_2_no_load	3	4	0.623812401974	0.497432607584	3	851	1	
328	0	102	step_1_no_load	1	2	1	244	
328	0	102	step_2_no_load	5	6	0.663124617603	0.326080462175	5	285	1	
328	0	103	step_1_no_load	1	2	1	293	
328	0	103	step_2_no_load	3	4	0.663997796029	0.481975449893	3	290	1	
328	0	104	step_1_no_load	1	2	1	237	
328	0	104	step_2_no_load	3	4	0.703870701136	0.521047445908	3	334	0	
328	0	105	step_1_no_load	1	2	2	801	
328	0	105	step_2_no_load	5	6	0.722851301692	0.352639603242	5	396	1	
328	0	106	step_1_no_load	1	2	2	591	
328	0	106	step_2_no_load	5	6	0.699623252899	0.374131494222	5	321	1	
328	0	107	step_1_no_load	1	2	2	257	
328	0	107	step_2_no_load	3	4	0.692607431435	0.565220528809	3	199	0	
328	0	108	step_1_no_load	1	2	2	0	
328	0	108	step_2_no_load	5	6	0.681491063126	0.388185708856	6	696	0	
328	0	109	step_1_no_load	1	2	1	364	
328	0	109	step_2_no_load	3	4	0.71632547018	0.479977531501	3	700	0	
328	0	110	step_1_no_load	1	2	1	252	
328	0	110	step_2_no_load	3	4	0.729599891941	0.432626681236	4	249	1	
328	0	111	step_1_no_load	1	2	1	398	
328	0	111	step_2_no_load	5	6	0.634599547742	0.407158158569	6	261	1	
328	0	112	step_1_no_load	1	2	1	244	
328	0	112	step_2_no_load	3	4	0.725701866094	0.392887565883	4	244	0	
328	0	113	step_1_no_load	1	2	1	301	
328	0	113	step_2_no_load	3	4	0.719324307956	0.370697120277	4	274	0	
328	0	114	step_1_no_load	1	2	2	366	
328	0	114	step_2_no_load	3	4	0.718213323791	0.380324086676	3	342	1	
328	0	115	step_1_no_load	1	2	2	760	
328	0	115	step_2_no_load	5	6	0.645721217949	0.357661171116	5	344	1	
328	0	116	step_1_no_load	1	2	2	233	
328	0	116	step_2_no_load	3	4	0.706736514943	0.378149844807	3	250	1	
328	0	117	step_1_no_load	1	2	2	342	
328	0	117	step_2_no_load	5	6	0.671842537277	0.363056877927	5	390	0	
328	0	118	step_1_no_load	1	2	2	472	
328	0	118	step_2_no_load	5	6	0.690484235012	0.362977115924	5	244	0	
328	0	119	step_1_no_load	1	2	2	317	
328	0	119	step_2_no_load	5	6	0.661177321751	0.358243439099	6	243	0	
328	0	120	step_1_no_load	1	2	1	315	
328	0	120	step_2_no_load	5	6	0.666433355915	0.333809617664	6	352	0	
328	0	121	step_1_no_load	1	2	1	328	
328	0	121	step_2_no_load	3	4	0.658856304095	0.352721767208	4	244	0	
328	0	122	step_1_no_load	1	2	1	304	
328	0	122	step_2_no_load	5	6	0.672193618854	0.266650857402	5	310	1	
328	0	123	step_1_no_load	1	2	1	226	
328	0	123	step_2_no_load	5	6	0.664849878232	0.269780614928	5	293	1	
328	0	124	step_1_no_load	1	2	1	267	
328	0	124	step_2_no_load	3	4	0.603013298253	0.309430836661	3	383	1	
328	0	125	step_1_no_load	1	2	1	275	
328	0	125	step_2_no_load	3	4	0.559596800931	0.303110862715	3	285	1	
328	0	126	step_1_no_load	1	2	1	273	
328	0	126	step_2_no_load	5	6	0.600985760967	0.267206368684	5	306	1	
328	0	127	step_1_no_load	1	2	1	230	
328	0	127	step_2_no_load	3	4	0.560824094575	0.274944938508	3	275	0	
328	0	128	step_1_no_load	1	2	2	272	
328	0	128	step_2_no_load	5	6	0.620672334996	0.260252451606	5	257	1	
328	0	129	step_1_no_load	1	2	2	298	
328	0	129	step_2_no_load	3	4	0.685297910719	0.271709703542	3	321	1	
328	0	130	step_1_no_load	1	2	2	276	
328	0	130	step_2_no_load	5	6	0.630285316669	0.267460866951	5	451	1	
328	0	131	step_1_no_load	1	2	2	574	
328	0	131	step_2_no_load	3	4	0.678044920845	0.311475039155	3	504	1	
328	0	132	step_1_no_load	1	2	2	316	
328	0	132	step_2_no_load	3	4	0.668578020634	0.315328810424	3	320	0	
328	0	133	step_1_no_load	1	2	1	259	
328	0	133	step_2_no_load	3	4	0.617383991623	0.312642735495	4	273	0	
328	0	134	step_1_no_load	1	2	1	538	
328	0	134	step_2_no_load	3	4	0.621945110858	0.302839427162	3	304	1	
328	0	135	step_1_no_load	1	2	1	672	
328	0	135	step_2_no_load	5	6	0.700779221781	0.300079459047	5	512	1	
328	0	136	step_1_no_load	1	2	1	352	
328	0	136	step_2_no_load	3	4	0.597814413435	0.284521085726	3	244	0	
328	0	137	step_1_no_load	1	2	1	259	
328	0	137	step_2_no_load	3	4	0.605896884497	0.325016613024	4	309	1	
328	0	138	step_1_no_load	1	2	1	243	
328	0	138	step_2_no_load	5	6	0.688182193337	0.366701525561	6	262	0	
328	0	139	step_1_no_load	1	2	2	224	
328	0	139	step_2_no_load	5	6	0.696355985729	0.325611400511	5	305	1	
328	0	140	step_1_no_load	1	2	2	287	
328	0	140	step_2_no_load	5	6	0.637682840728	0.348740542008	5	228	0	
328	0	141	step_1_no_load	1	2	2	328	
328	0	141	step_2_no_load	3	4	0.711987889705	0.311809871418	3	315	1	
328	0	142	step_1_no_load	1	2	2	392	
328	0	142	step_2_no_load	3	4	0.690276058009	0.304203281606	3	298	0	
328	0	143	step_1_no_load	1	2	2	252	
328	0	143	step_2_no_load	5	6	0.610219102298	0.410970957547	6	353	1	
328	0	144	step_1_no_load	1	2	2	242	
328	0	144	step_2_no_load	5	6	0.639347300184	0.389234194056	6	318	1	
328	0	145	step_1_no_load	1	2	2	275	
328	0	145	step_2_no_load	3	4	0.6669125229	0.266265924094	4	333	0	
328	0	146	step_1_no_load	1	2	1	364	
328	0	146	step_2_no_load	3	4	0.681611991725	0.257861956214	3	260	1	
328	0	147	step_1_no_load	1	2	1	274	
328	0	147	step_2_no_load	3	4	0.647798886916	0.265578160642	3	307	1	
328	0	148	step_1_no_load	1	2	1	265	
328	0	148	step_2_no_load	5	6	0.648050021239	0.311162711725	5	299	0	
328	0	149	step_1_no_load	1	2	1	254	
328	0	149	step_2_no_load	3	4	0.601870110183	0.269951834184	4	327	1	
328	0	150	step_1_no_load	1	2	1	350	
328	0	150	step_2_no_load	5	6	0.605912419156	0.306860041627	6	327	0	
328	0	151	step_1_no_load	1	2	2	616	
328	0	151	step_2_no_load	5	6	0.614159737668	0.310557101463	5	397	0	
328	0	152	step_1_no_load	1	2	2	542	
328	0	152	step_2_no_load	3	4	0.595108765344	0.307702500543	4	320	1	
328	0	153	step_1_no_load	1	2	2	262	
328	0	153	step_2_no_load	5	6	0.681559292085	0.343622632154	6	361	0	
328	0	154	step_1_no_load	1	2	1	195	
328	0	154	step_2_no_load	3	4	0.638934099562	0.316375537537	3	314	1	
328	0	155	step_1_no_load	1	2	1	346	
328	0	155	step_2_no_load	3	4	0.632486591889	0.296093457977	3	389	1	
328	0	156	step_1_no_load	1	2	1	210	
328	0	156	step_2_no_load	3	4	0.631048201903	0.32564867104	3	222	0	
328	0	157	step_1_no_load	1	2	1	219	
328	0	157	step_2_no_load	5	6	0.720725456325	0.324728201487	6	342	0	
328	0	158	step_1_no_load	1	2	1	301	
328	0	158	step_2_no_load	3	4	0.532722108502	0.408728803896	3	251	0	
328	0	159	step_1_no_load	1	2	2	277	
328	0	159	step_2_no_load	5	6	0.697903160072	0.321150411254	5	426	1	
328	0	160	step_1_no_load	1	2	2	280	
328	0	160	step_2_no_load	5	6	0.710728171711	0.355992626298	5	295	1	
328	0	161	step_1_no_load	1	2	2	366	
328	0	161	step_2_no_load	5	6	0.719896286569	0.438878285506	5	333	1	
328	0	162	step_1_no_load	1	2	2	301	
328	0	162	step_2_no_load	3	4	0.566496468084	0.3926701003	3	273	1	
328	0	163	step_1_no_load	1	2	2	137	
328	0	163	step_2_no_load	3	4	0.5863391277	0.395221309311	3	230	1	
328	0	164	step_1_no_load	1	2	2	258	
328	0	164	step_2_no_load	5	6	0.692137394606	0.430844125626	5	412	0	
328	0	165	step_1_no_load	1	2	2	238	
328	0	165	step_2_no_load	5	6	0.717506143195	0.347974240867	6	356	0	
328	0	166	step_1_no_load	1	2	1	255	
328	0	166	step_2_no_load	3	4	0.549095060025	0.422282731054	3	419	1	
328	0	167	step_1_no_load	1	2	1	286	
328	0	167	step_2_no_load	5	6	0.706271792549	0.331115714939	5	360	0	
328	0	168	step_1_no_load	1	2	1	267	
328	0	168	step_2_no_load	3	4	0.613361520676	0.400817642375	4	288	1	
328	0	169	step_1_no_load	1	2	1	245	
328	0	169	step_2_no_load	5	6	0.704981910944	0.365156560071	6	292	0	
328	0	170	step_1_no_load	1	2	2	248	
328	0	170	step_2_no_load	5	6	0.67334314737	0.364989630435	5	278	1	
328	0	171	step_1_no_load	1	2	2	334	
328	0	171	step_2_no_load	3	4	0.553314431843	0.386979310814	3	473	1	
328	0	172	step_1_no_load	1	2	2	256	
328	0	172	step_2_no_load	5	6	0.668669556875	0.490120307546	5	358	1	
328	0	173	step_1_no_load	1	2	2	335	
328	0	173	step_2_no_load	5	6	0.667027212577	0.462866379815	5	321	0	
328	0	174	step_1_no_load	1	2	2	211	
328	0	174	step_2_no_load	5	6	0.729877433725	0.46236234172	6	260	1	
328	0	175	step_1_no_load	1	2	2	237	
328	0	175	step_2_no_load	5	6	0.693968268443	0.484825491933	6	279	1	
328	0	176	step_1_no_load	1	2	2	281	
328	0	176	step_2_no_load	5	6	0.679250000396	0.500856457218	6	340	1	
328	0	177	step_1_no_load	1	2	2	456	
328	0	177	step_2_no_load	5	6	0.714070205704	0.4798184927	6	343	0	
328	0	178	step_1_no_load	1	2	1	300	
328	0	178	step_2_no_load	5	6	0.705993797498	0.49020858644	5	552	1	
328	0	179	step_1_no_load	1	2	1	336	
328	0	179	step_2_no_load	5	6	0.709345707515	0.493565996034	5	376	1	
328	0	180	step_1_no_load	1	2	1	389	
328	0	180	step_2_no_load	3	4	0.482853857291	0.341214611607	3	364	0	
328	0	181	step_1_no_load	1	2	1	247	
328	0	181	step_2_no_load	3	4	0.508735114046	0.342402764747	4	238	0	
328	0	182	step_1_no_load	1	2	2	305	
328	0	182	step_2_no_load	5	6	0.72717560423	0.49907747228	5	457	1	
328	0	183	step_1_no_load	1	2	2	268	
328	0	183	step_2_no_load	5	6	0.720388040749	0.492742497507	5	260	1	
328	0	184	step_1_no_load	1	2	2	283	
328	0	184	step_2_no_load	3	4	0.460890977786	0.362743255194	3	274	0	
328	0	185	step_1_no_load	1	2	2	249	
328	0	185	step_2_no_load	3	4	0.479703516092	0.362611152222	4	428	0	
328	0	186	step_1_no_load	1	2	1	278	
328	0	186	step_2_no_load	3	4	0.46870859828	0.332733011923	3	278	0	
328	0	187	step_1_no_load	1	2	2	331	
328	0	187	step_2_no_load	5	6	0.678211978625	0.498596507669	6	911	1	
328	0	188	step_1_no_load	1	2	1	507	
328	0	188	step_2_no_load	3	4	0.471319680586	0.291508050861	4	276	0	
328	0	189	step_1_no_load	1	2	2	318	
328	0	189	step_2_no_load	3	4	0.448897869069	0.285168135955	4	576	0	
328	0	190	step_1_no_load	1	2	2	913	
328	0	190	step_2_no_load	5	6	0.667655825994	0.505820429042	5	387	0	
328	0	191	step_1_no_load	1	2	1	1051	
328	0	191	step_2_no_load	5	6	0.664271461991	0.512103523931	5	426	1	
328	0	192	step_1_no_load	1	2	1	362	
328	0	192	step_2_no_load	3	4	0.450791310283	0.299297135717	3	303	0	
328	0	193	step_1_no_load	1	2	1	310	
328	0	193	step_2_no_load	3	4	0.440813209638	0.321008037746	4	323	1	
328	0	194	step_1_no_load	1	2	1	264	
328	0	194	step_2_no_load	3	4	0.433250459893	0.342437174514	4	367	0	
328	0	195	step_1_no_load	1	2	2	247	
328	0	195	step_2_no_load	3	4	0.466795336969	0.348571348505	3	259	1	
328	0	196	step_1_no_load	1	2	2	307	
328	0	196	step_2_no_load	3	4	0.421761207498	0.365373286058	3	277	0	
328	0	197	step_1_no_load	1	2	2	256	
328	0	197	step_2_no_load	3	4	0.422511153127	0.316987700969	4	281	1	
328	0	198	step_1_no_load	1	2	2	255	
328	0	198	step_2_no_load	5	6	0.68660989813	0.485065498391	6	251	0	
328	0	199	step_1_no_load	1	2	1	265	
328	0	199	step_2_no_load	3	4	0.39793773834	0.292861528884	3	223	0	
328	0	200	step_1_no_load	1	2	1	243	
328	0	200	step_2_no_load	5	6	0.728996708473	0.507902534353	6	262	1	

Wed Dec  9 15:56:19 2020
