Thu Dec 17 15:04:27 2020	
329	0	1	step_1_no_load	1	2	2	472	
329	0	1	step_2_no_load	3	4	0.594299910136	0.457620150462	3	512	1	
329	0	2	step_1_no_load	1	2	1	300	
329	0	2	step_2_no_load	5	6	0.580156942153	0.533203491871	6	519	0	
329	0	3	step_1_no_load	1	2	1	222	
329	0	3	step_2_no_load	3	4	0.589215227351	0.476767372206	3	388	1	
329	0	4	step_1_no_load	1	2	1	395	
329	0	4	step_2_no_load	3	4	0.564086293706	0.478607661228	3	598	0	
329	0	5	step_1_no_load	1	2	1	334	
329	0	5	step_2_no_load	5	6	0.623810210114	0.543908521457	6	436	0	
329	0	6	step_1_no_load	1	2	1	263	
329	0	6	step_2_no_load	3	4	0.603642866427	0.506877622204	4	764	0	
329	0	7	step_1_no_load	1	2	2	270	
329	0	7	step_2_no_load	5	6	0.568656746487	0.506408070053	5	496	1	
329	0	8	step_1_no_load	1	2	2	277	
329	0	8	step_2_no_load	3	4	0.624210374623	0.489816616396	4	788	0	
329	0	9	step_1_no_load	1	2	1	302	
329	0	9	step_2_no_load	3	4	0.641106877158	0.496546708465	4	477	0	
329	0	10	step_1_no_load	1	2	2	404	
329	0	10	step_2_no_load	5	6	0.652626043146	0.576063520885	6	483	1	
329	0	11	step_1_no_load	1	2	2	347	
329	0	11	step_2_no_load	5	6	0.69163818036	0.59022801242	6	395	1	
329	0	12	step_1_no_load	1	2	2	437	
329	0	12	step_2_no_load	3	4	0.552770607849	0.48457206759	3	515	1	
329	0	13	step_1_no_load	1	2	1	300	
329	0	13	step_2_no_load	5	6	0.653587098421	0.595790490356	6	469	1	
329	0	14	step_1_no_load	1	2	1	307	
329	0	14	step_2_no_load	3	4	0.545555696267	0.491234392147	3	576	1	
329	0	15	step_1_no_load	1	2	2	458	
329	0	15	step_2_no_load	5	6	0.612260006668	0.633564630036	6	438	1	
329	0	16	step_1_no_load	1	2	2	375	
329	0	16	step_2_no_load	5	6	0.628091198119	0.626326396372	6	1010	1	
329	0	17	step_1_no_load	1	2	2	389	
329	0	17	step_2_no_load	3	4	0.562895132605	0.535958400205	3	525	1	
329	0	18	step_1_no_load	1	2	1	370	
329	0	18	step_2_no_load	3	4	0.553554620302	0.517514133912	4	373	1	
329	0	19	step_1_no_load	1	2	2	453	
329	0	19	step_2_no_load	5	6	0.619895761657	0.644773170243	5	391	1	
329	0	20	step_1_no_load	1	2	1	348	
329	0	20	step_2_no_load	3	4	0.491720931314	0.478025448397	4	366	1	
329	0	21	step_1_no_load	1	2	2	310	
329	0	21	step_2_no_load	5	6	0.630305464549	0.611328949295	5	341	1	
329	0	22	step_1_no_load	1	2	1	350	
329	0	22	step_2_no_load	3	4	0.468700882609	0.506100011497	4	588	0	
329	0	23	step_1_no_load	1	2	2	387	
329	0	23	step_2_no_load	5	6	0.640163623731	0.604065470975	6	853	1	
329	0	24	step_1_no_load	1	2	1	398	
329	0	24	step_2_no_load	3	4	0.503316199018	0.505388876622	4	679	1	
329	0	25	step_1_no_load	1	2	2	372	
329	0	25	step_2_no_load	5	6	0.565698722896	0.629917901014	6	564	1	
329	0	26	step_1_no_load	1	2	2	344	
329	0	26	step_2_no_load	5	6	0.592410219737	0.640635035276	6	441	0	
329	0	27	step_1_no_load	1	2	2	306	
329	0	27	step_2_no_load	5	6	0.57860777711	0.642144756622	5	431	1	
329	0	28	step_1_no_load	1	2	2	271	
329	0	28	step_2_no_load	5	6	0.588356036098	0.647441527317	5	433	0	
329	0	29	step_1_no_load	1	2	2	367	
329	0	29	step_2_no_load	5	6	0.606613029227	0.618626354124	6	391	1	
329	0	30	step_1_no_load	1	2	2	311	
329	0	30	step_2_no_load	5	6	0.608245979832	0.610227092493	6	411	1	
329	0	31	step_1_no_load	1	2	2	271	
329	0	31	step_2_no_load	5	6	0.636602545794	0.606122691795	6	433	0	
329	0	32	step_1_no_load	1	2	2	365	
329	0	32	step_2_no_load	5	6	0.634585171267	0.605616211083	5	392	1	
329	0	33	step_1_no_load	1	2	1	377	
329	0	33	step_2_no_load	5	6	0.611700032906	0.618000238621	6	560	1	
329	0	34	step_1_no_load	1	2	2	364	
329	0	34	step_2_no_load	5	6	0.575802910074	0.670290552209	6	535	1	
329	0	35	step_1_no_load	1	2	2	385	
329	0	35	step_2_no_load	5	6	0.566827313385	0.649776015006	6	394	0	
329	0	36	step_1_no_load	1	2	2	316	
329	0	36	step_2_no_load	3	4	0.611274573488	0.513210053121	3	1216	1	
329	0	37	step_1_no_load	1	2	2	382	
329	0	37	step_2_no_load	3	4	0.598446394142	0.543074626387	3	717	1	
329	0	38	step_1_no_load	1	2	1	360	
329	0	38	step_2_no_load	3	4	0.595113730206	0.553931241266	3	835	1	
329	0	39	step_1_no_load	1	2	2	354	
329	0	39	step_2_no_load	5	6	0.557005857101	0.634483337633	5	939	1	
329	0	40	step_1_no_load	1	2	1	285	
329	0	40	step_2_no_load	3	4	0.607992802154	0.5691386571	4	654	1	
329	0	41	step_1_no_load	1	2	1	385	
329	0	41	step_2_no_load	3	4	0.588857868869	0.583829055298	4	414	1	
329	0	42	step_1_no_load	1	2	1	381	
329	0	42	step_2_no_load	3	4	0.609164606591	0.553461946234	4	357	1	
329	0	43	step_1_no_load	1	2	1	296	
329	0	43	step_2_no_load	5	6	0.553703096215	0.581931546759	6	427	1	
329	0	44	step_1_no_load	1	2	1	346	
329	0	44	step_2_no_load	5	6	0.541854396676	0.589653131867	6	398	0	
329	0	45	step_1_no_load	1	2	2	577	
329	0	45	step_2_no_load	5	6	0.579346234508	0.620699591043	5	479	1	
329	0	46	step_1_no_load	1	2	2	308	
329	0	46	step_2_no_load	5	6	0.55511883717	0.654261318712	5	397	1	
329	0	47	step_1_no_load	1	2	2	468	
329	0	47	step_2_no_load	3	4	0.598724660986	0.493112702321	4	879	1	
329	0	48	step_1_no_load	1	2	1	343	
329	0	48	step_2_no_load	5	6	0.534690828011	0.657624935632	6	551	0	
329	0	49	step_1_no_load	1	2	1	350	
329	0	49	step_2_no_load	3	4	0.610193185592	0.489287375157	3	295	1	
329	0	50	step_1_no_load	1	2	1	539	
329	0	50	step_2_no_load	3	4	0.606862017918	0.47381367271	4	382	0	
329	0	51	step_1_no_load	1	2	2	279	
329	0	51	step_2_no_load	5	6	0.508197321577	0.613357430892	5	344	1	
329	0	52	step_1_no_load	1	2	2	428	
329	0	52	step_2_no_load	3	4	0.539065404057	0.429622901875	3	372	0	
329	0	53	step_1_no_load	1	2	1	396	
329	0	53	step_2_no_load	5	6	0.475342927439	0.630956764252	6	418	0	
329	0	54	step_1_no_load	1	2	1	278	
329	0	54	step_2_no_load	3	4	0.570223904064	0.491512498697	3	468	0	
329	0	55	step_1_no_load	1	2	2	379	
329	0	55	step_2_no_load	3	4	0.574045915747	0.487025527704	4	569	0	
329	0	56	step_1_no_load	1	2	1	321	
329	0	56	step_2_no_load	3	4	0.601856598146	0.459773408493	4	355	0	
329	0	57	step_1_no_load	1	2	2	224	
329	0	57	step_2_no_load	5	6	0.516475618243	0.586335094239	5	557	0	
329	0	58	step_1_no_load	1	2	2	366	
329	0	58	step_2_no_load	5	6	0.528376440027	0.610896130115	6	593	1	
329	0	59	step_1_no_load	1	2	2	396	
329	0	59	step_2_no_load	3	4	0.632500293208	0.480274332693	3	737	1	
329	0	60	step_1_no_load	1	2	1	321	
329	0	60	step_2_no_load	3	4	0.623687406259	0.491916707098	4	566	0	
329	0	61	step_1_no_load	1	2	2	273	
329	0	61	step_2_no_load	5	6	0.527144452559	0.602879526975	5	426	1	
329	0	62	step_1_no_load	1	2	2	482	
329	0	62	step_2_no_load	5	6	0.533031417444	0.622820395113	5	314	1	
329	0	63	step_1_no_load	1	2	2	311	
329	0	63	step_2_no_load	5	6	0.519445130796	0.642623127313	5	346	0	
329	0	64	step_1_no_load	1	2	2	377	
329	0	64	step_2_no_load	5	6	0.533849886794	0.626149195169	6	507	0	
329	0	65	step_1_no_load	1	2	2	353	
329	0	65	step_2_no_load	5	6	0.517687993213	0.619953360065	5	363	1	
329	0	66	step_1_no_load	1	2	2	364	
329	0	66	step_2_no_load	5	6	0.555324764318	0.630357351236	5	340	0	
329	0	67	step_1_no_load	1	2	1	628	
329	0	67	step_2_no_load	3	4	0.597650193897	0.542076810516	4	575	1	
329	0	68	step_1_no_load	1	2	-1	-1	
329	0	69	step_1_no_load	1	2	2	282	
329	0	69	step_2_no_load	5	6	0.560462111264	0.718756538957	5	356	0	
329	0	70	step_1_no_load	1	2	2	314	
329	0	70	step_2_no_load	5	6	0.548075770764	0.697741832068	6	323	0	
329	0	71	step_1_no_load	1	2	2	298	
329	0	71	step_2_no_load	3	4	0.639174917797	0.482863323776	3	308	1	
329	0	72	step_1_no_load	1	2	1	308	
329	0	72	step_2_no_load	3	4	0.626024641967	0.47409116389	4	478	1	
329	0	73	step_1_no_load	1	2	1	320	
329	0	73	step_2_no_load	3	4	0.657126403029	0.435957313805	4	468	0	
329	0	74	step_1_no_load	1	2	2	370	
329	0	74	step_2_no_load	3	4	0.614462146454	0.453420386428	4	701	0	
329	0	75	step_1_no_load	1	2	1	258	
329	0	75	step_2_no_load	3	4	0.615552849174	0.44832280175	4	394	1	
329	0	76	step_1_no_load	1	2	2	314	
329	0	76	step_2_no_load	3	4	0.62770291155	0.488583631821	3	565	1	
329	0	77	step_1_no_load	1	2	1	280	
329	0	77	step_2_no_load	5	6	0.538119616568	0.679737625371	6	317	0	
329	0	78	step_1_no_load	1	2	2	270	
329	0	78	step_2_no_load	3	4	0.536711448352	0.435911167612	3	433	0	
329	0	79	step_1_no_load	1	2	1	292	
329	0	79	step_2_no_load	5	6	0.540085062695	0.647841624544	6	392	1	
329	0	80	step_1_no_load	1	2	1	397	
329	0	80	step_2_no_load	3	4	0.518583383166	0.396016175285	3	545	0	
329	0	81	step_1_no_load	1	2	2	249	
329	0	81	step_2_no_load	5	6	0.494116554432	0.702400933084	6	468	1	
329	0	82	step_1_no_load	1	2	2	341	
329	0	82	step_2_no_load	5	6	0.482727017837	0.688340116885	6	358	1	
329	0	83	step_1_no_load	1	2	2	282	
329	0	83	step_2_no_load	5	6	0.483255412498	0.726885136842	6	451	1	
329	0	84	step_1_no_load	1	2	2	261	
329	0	84	step_2_no_load	5	6	0.505586222209	0.731466635793	6	419	1	
329	0	85	step_1_no_load	1	2	2	306	
329	0	85	step_2_no_load	3	4	0.692384972752	0.384458259121	3	573	1	
329	0	86	step_1_no_load	1	2	1	265	
329	0	86	step_2_no_load	3	4	0.691782850001	0.345323068124	4	484	0	
329	0	87	step_1_no_load	1	2	2	254	
329	0	87	step_2_no_load	3	4	0.719375344246	0.40000499778	3	336	0	
329	0	88	step_1_no_load	1	2	1	289	
329	0	88	step_2_no_load	5	6	0.509563243675	0.696773608304	6	459	0	
329	0	89	step_1_no_load	1	2	1	252	
329	0	89	step_2_no_load	3	4	0.690772436485	0.415882489686	3	614	0	
329	0	90	step_1_no_load	1	2	1	295	
329	0	90	step_2_no_load	3	4	0.712247848046	0.411459496853	4	448	1	
329	0	91	step_1_no_load	1	2	2	219	
329	0	91	step_2_no_load	5	6	0.479087223222	0.657820521772	6	466	1	
329	0	92	step_1_no_load	1	2	2	296	
329	0	92	step_2_no_load	5	6	0.484260039873	0.679381608313	6	415	1	
329	0	93	step_1_no_load	1	2	2	382	
329	0	93	step_2_no_load	3	4	0.70415710998	0.439878153082	3	616	0	
329	0	94	step_1_no_load	1	2	1	258	
329	0	94	step_2_no_load	3	4	0.719464414227	0.429211756872	4	547	1	
329	0	95	step_1_no_load	1	2	2	252	
329	0	95	step_2_no_load	5	6	0.42505578884	0.640209855442	5	461	0	
329	0	96	step_1_no_load	1	2	1	548	
329	0	96	step_2_no_load	5	6	0.437558890646	0.663095813561	6	414	1	
329	0	97	step_1_no_load	1	2	1	275	
329	0	97	step_2_no_load	3	4	0.681272614291	0.392885664353	3	741	1	
329	0	98	step_1_no_load	1	2	2	324	
329	0	98	step_2_no_load	5	6	0.431479829356	0.646040060297	6	454	0	
329	0	99	step_1_no_load	1	2	2	299	
329	0	99	step_2_no_load	3	4	0.673709850038	0.397561363605	4	896	1	
329	0	100	step_1_no_load	1	2	1	288	
329	0	100	step_2_no_load	3	4	0.666227451505	0.4333505304	4	684	0	
329	0	101	step_1_no_load	1	2	2	267	
329	0	101	step_2_no_load	5	6	0.366879421891	0.655903528958	6	149	0	
329	0	102	step_1_no_load	1	2	2	331	
329	0	102	step_2_no_load	3	4	0.666304534392	0.494584754513	3	432	0	
329	0	103	step_1_no_load	1	2	1	306	
329	0	103	step_2_no_load	3	4	0.663997796029	0.481975449893	4	449	0	
329	0	104	step_1_no_load	1	2	2	268	
329	0	104	step_2_no_load	5	6	0.303696146503	0.743372642809	6	114	1	
329	0	105	step_1_no_load	1	2	1	269	
329	0	105	step_2_no_load	3	4	0.689135357059	0.514318365187	3	488	1	
329	0	106	step_1_no_load	1	2	2	379	
329	0	106	step_2_no_load	5	6	0.374131494222	0.699623252899	6	504	1	
329	0	107	step_1_no_load	1	2	2	311	
329	0	107	step_2_no_load	5	6	0.388257337796	0.677514185929	6	777	1	
329	0	108	step_1_no_load	1	2	2	355	
329	0	108	step_2_no_load	5	6	0.388185708856	0.681491063126	6	536	0	
329	0	109	step_1_no_load	1	2	2	363	
329	0	109	step_2_no_load	5	6	0.372328831887	0.68658494263	6	313	1	
329	0	110	step_1_no_load	1	2	2	392	
329	0	110	step_2_no_load	5	6	0.395544455384	0.65455226558	6	0	1	
329	0	111	step_1_no_load	1	2	2	369	
329	0	111	step_2_no_load	5	6	0.407158158569	0.634599547742	6	397	0	
329	0	112	step_1_no_load	1	2	1	398	
329	0	112	step_2_no_load	3	4	0.725701866094	0.392887565883	4	684	0	
329	0	113	step_1_no_load	1	2	2	296	
329	0	113	step_2_no_load	5	6	0.387112818105	0.634627459817	6	397	1	
329	0	114	step_1_no_load	1	2	2	397	
329	0	114	step_2_no_load	5	6	0.384736699284	0.657654904272	6	87	1	
329	0	115	step_1_no_load	1	2	2	415	
329	0	115	step_2_no_load	3	4	0.739704344621	0.390027643099	3	657	1	
329	0	116	step_1_no_load	1	2	2	303	
329	0	116	step_2_no_load	5	6	0.369438791876	0.680124293449	6	502	1	
329	0	117	step_1_no_load	1	2	2	360	
329	0	117	step_2_no_load	3	4	0.747012267642	0.374621793791	4	459	1	
329	0	118	step_1_no_load	1	2	1	340	
329	0	118	step_2_no_load	5	6	0.362977115924	0.690484235012	5	155	1	
329	0	119	step_1_no_load	1	2	2	1224	
329	0	119	step_2_no_load	3	4	0.690424535099	0.357515098446	3	546	1	
329	0	120	step_1_no_load	1	2	1	347	
329	0	120	step_2_no_load	3	4	0.70587238626	0.370150243662	4	917	1	
329	0	121	step_1_no_load	1	2	2	715	
329	0	121	step_2_no_load	5	6	0.310775244958	0.671052306195	6	522	1	
329	0	122	step_1_no_load	1	2	2	512	
329	0	122	step_2_no_load	5	6	0.266650857402	0.672193618854	6	755	1	
329	0	123	step_1_no_load	1	2	2	396	
329	0	123	step_2_no_load	5	6	0.269780614928	0.664849878232	6	340	1	
329	0	124	step_1_no_load	1	2	2	490	
329	0	124	step_2_no_load	5	6	0.26095206597	0.624161788269	6	468	1	
329	0	125	step_1_no_load	1	2	2	320	
329	0	125	step_2_no_load	5	6	0.290374841566	0.633566302563	6	358	1	
329	0	126	step_1_no_load	1	2	2	589	
329	0	126	step_2_no_load	5	6	0.267206368684	0.600985760967	6	1	1	
329	0	127	step_1_no_load	1	2	2	333	
329	0	127	step_2_no_load	5	6	0.273483952592	0.646945556251	6	585	1	
329	0	128	step_1_no_load	1	2	2	350	
329	0	128	step_2_no_load	5	6	0.260252451606	0.620672334996	6	495	0	
329	0	129	step_1_no_load	1	2	1	408	
329	0	129	step_2_no_load	3	4	0.685297910719	0.271709703542	4	806	1	
329	0	130	step_1_no_load	1	2	1	382	
329	0	130	step_2_no_load	5	6	0.267460866951	0.630285316669	6	488	1	
329	0	131	step_1_no_load	1	2	1	419	
329	0	131	step_2_no_load	3	4	0.678044920845	0.311475039155	4	482	0	
329	0	132	step_1_no_load	1	2	2	291	
329	0	132	step_2_no_load	5	6	0.27986961048	0.660013924697	6	628	1	
329	0	133	step_1_no_load	1	2	2	414	
329	0	133	step_2_no_load	3	4	0.617383991623	0.312642735495	4	453	0	
329	0	134	step_1_no_load	1	2	2	599	
329	0	134	step_2_no_load	5	6	0.287393715313	0.685529359147	6	466	1	
329	0	135	step_1_no_load	1	2	2	769	
329	0	135	step_2_no_load	5	6	0.300079459047	0.700779221781	6	372	0	
329	0	136	step_1_no_load	1	2	2	450	
329	0	136	step_2_no_load	5	6	0.307766925452	0.674914008636	5	411	1	
329	0	137	step_1_no_load	1	2	2	331	
329	0	137	step_2_no_load	5	6	0.346433498467	0.668540846495	6	109	0	
329	0	138	step_1_no_load	1	2	2	298	
329	0	138	step_2_no_load	5	6	0.366701525561	0.688182193337	5	325	1	
329	0	139	step_1_no_load	1	2	2	300	
329	0	139	step_2_no_load	3	4	0.636630981281	0.323660750961	3	304	1	
329	0	140	step_1_no_load	1	2	2	281	
329	0	140	step_2_no_load	3	4	0.671213945178	0.328174526491	3	374	1	
329	0	141	step_1_no_load	1	2	2	346	
329	0	141	step_2_no_load	3	4	0.711987889705	0.311809871418	3	372	1	
329	0	142	step_1_no_load	1	2	2	301	
329	0	142	step_2_no_load	5	6	0.397052682821	0.627356259123	6	982	1	
329	0	143	step_1_no_load	1	2	2	301	
329	0	143	step_2_no_load	5	6	0.410970957547	0.610219102298	5	518	1	
329	0	144	step_1_no_load	1	2	2	542	
329	0	144	step_2_no_load	5	6	0.389234194056	0.639347300184	5	423	1	
329	0	145	step_1_no_load	1	2	2	374	
329	0	145	step_2_no_load	3	4	0.6669125229	0.266265924094	3	386	1	
329	0	146	step_1_no_load	1	2	1	352	
329	0	146	step_2_no_load	3	4	0.681611991725	0.257861956214	4	367	0	
329	0	147	step_1_no_load	1	2	2	310	
329	0	147	step_2_no_load	3	4	0.647798886916	0.265578160642	3	953	1	
329	0	148	step_1_no_load	1	2	2	402	
329	0	148	step_2_no_load	3	4	0.619272702026	0.305288021243	3	349	1	
329	0	149	step_1_no_load	1	2	2	263	
329	0	149	step_2_no_load	3	4	0.601870110183	0.269951834184	3	574	1	
329	0	150	step_1_no_load	1	2	2	400	
329	0	150	step_2_no_load	5	6	0.306860041627	0.605912419156	6	731	1	
329	0	151	step_1_no_load	1	2	2	342	
329	0	151	step_2_no_load	3	4	0.59154759351	0.348172164421	3	1071	0	
329	0	152	step_1_no_load	1	2	1	274	
329	0	152	step_2_no_load	5	6	0.323194010514	0.644204174791	6	422	0	
329	0	153	step_1_no_load	1	2	1	317	
329	0	153	step_2_no_load	3	4	0.613336203392	0.309356532263	3	659	0	
329	0	154	step_1_no_load	1	2	2	289	
329	0	154	step_2_no_load	3	4	0.638934099562	0.316375537537	3	799	1	
329	0	155	step_1_no_load	1	2	2	367	
329	0	155	step_2_no_load	5	6	0.372188990474	0.716100930629	6	846	1	
329	0	156	step_1_no_load	1	2	2	293	
329	0	156	step_2_no_load	5	6	0.368378667812	0.734436160799	6	509	1	
329	0	157	step_1_no_load	1	2	2	470	
329	0	157	step_2_no_load	3	4	0.585191807512	0.350909357271	3	705	1	
329	0	158	step_1_no_load	1	2	2	513	
329	0	158	step_2_no_load	5	6	0.334595868098	0.694270715354	5	409	0	
329	0	159	step_1_no_load	1	2	2	310	
329	0	159	step_2_no_load	3	4	0.541222065796	0.413026375257	3	739	0	
329	0	160	step_1_no_load	1	2	1	274	
329	0	160	step_2_no_load	3	4	0.521229931064	0.415052912783	4	551	0	
329	0	161	step_1_no_load	1	2	2	462	
329	0	161	step_2_no_load	3	4	0.516036498158	0.407025633682	4	619	0	
329	0	162	step_1_no_load	1	2	1	597	
329	0	162	step_2_no_load	3	4	0.566496468084	0.3926701003	4	455	0	
329	0	163	step_1_no_load	1	2	2	491	
329	0	163	step_2_no_load	5	6	0.430920885959	0.697095951435	5	609	1	
329	0	164	step_1_no_load	1	2	2	274	
329	0	164	step_2_no_load	5	6	0.430844125626	0.692137394606	5	303	0	
329	0	165	step_1_no_load	1	2	2	561	
329	0	165	step_2_no_load	3	4	0.538026607649	0.463777557969	3	659	0	
329	0	166	step_1_no_load	1	2	2	338	
329	0	166	step_2_no_load	5	6	0.356317216644	0.686594248975	6	454	0	
329	0	167	step_1_no_load	1	2	1	294	
329	0	167	step_2_no_load	5	6	0.331115714939	0.706271792549	6	375	1	
329	0	168	step_1_no_load	1	2	1	298	
329	0	168	step_2_no_load	3	4	0.613361520676	0.400817642375	3	812	1	
329	0	169	step_1_no_load	1	2	1	402	
329	0	169	step_2_no_load	3	4	0.586049140041	0.42098542374	4	517	0	
329	0	170	step_1_no_load	1	2	2	460	
329	0	170	step_2_no_load	5	6	0.364989630435	0.67334314737	5	421	0	
329	0	171	step_1_no_load	1	2	2	295	
329	0	171	step_2_no_load	3	4	0.553314431843	0.386979310814	3	703	1	
329	0	172	step_1_no_load	1	2	2	339	
329	0	172	step_2_no_load	5	6	0.490120307546	0.668669556875	6	702	1	
329	0	173	step_1_no_load	1	2	2	274	
329	0	173	step_2_no_load	3	4	0.484428109849	0.385349297983	3	628	1	
329	0	174	step_1_no_load	1	2	2	284	
329	0	174	step_2_no_load	5	6	0.46236234172	0.729877433725	6	665	1	
329	0	175	step_1_no_load	1	2	2	338	
329	0	175	step_2_no_load	5	6	0.484825491933	0.693968268443	6	996	1	
329	0	176	step_1_no_load	1	2	2	306	
329	0	176	step_2_no_load	5	6	0.500856457218	0.679250000396	6	502	0	
329	0	177	step_1_no_load	1	2	2	459	
329	0	177	step_2_no_load	5	6	0.4798184927	0.714070205704	5	398	0	
329	0	178	step_1_no_load	1	2	1	306	
329	0	178	step_2_no_load	3	4	0.493712351915	0.36473828006	3	695	0	
329	0	179	step_1_no_load	1	2	2	377	
329	0	179	step_2_no_load	3	4	0.457298770028	0.324685418097	3	642	0	
329	0	180	step_1_no_load	1	2	1	285	
329	0	180	step_2_no_load	3	4	0.482853857291	0.341214611607	4	477	0	
329	0	181	step_1_no_load	1	2	2	381	
329	0	181	step_2_no_load	5	6	0.480141179559	0.746910336326	6	477	0	
329	0	182	step_1_no_load	1	2	2	380	
329	0	182	step_2_no_load	5	6	0.49907747228	0.72717560423	5	437	0	
329	0	183	step_1_no_load	1	2	2	307	
329	0	183	step_2_no_load	5	6	0.492742497507	0.720388040749	6	414	1	
329	0	184	step_1_no_load	1	2	2	353	
329	0	184	step_2_no_load	5	6	0.480863422096	0.657291439324	6	337	1	
329	0	185	step_1_no_load	1	2	2	246	
329	0	185	step_2_no_load	5	6	0.482228039858	0.665622647081	6	9	1	
329	0	186	step_1_no_load	1	2	2	345	
329	0	186	step_2_no_load	5	6	0.484672582719	0.656308636836	6	385	1	
329	0	187	step_1_no_load	1	2	2	395	
329	0	187	step_2_no_load	3	4	0.443962917772	0.328890769988	3	745	0	
329	0	188	step_1_no_load	1	2	1	398	
329	0	188	step_2_no_load	5	6	0.548350535247	0.696362660087	6	421	0	
329	0	189	step_1_no_load	1	2	1	360	
329	0	189	step_2_no_load	3	4	0.448897869069	0.285168135955	4	617	0	
329	0	190	step_1_no_load	1	2	2	433	
329	0	190	step_2_no_load	3	4	0.433568856946	0.304557739386	3	892	0	
329	0	191	step_1_no_load	1	2	2	290	
329	0	191	step_2_no_load	5	6	0.512103523931	0.664271461991	6	203	1	
329	0	192	step_1_no_load	1	2	2	494	
329	0	192	step_2_no_load	3	4	0.450791310283	0.299297135717	3	496	1	
329	0	193	step_1_no_load	1	2	1	345	
329	0	193	step_2_no_load	3	4	0.440813209638	0.321008037746	4	456	0	
329	0	194	step_1_no_load	1	2	2	303	
329	0	194	step_2_no_load	5	6	0.505359594715	0.655261361454	6	572	1	
329	0	195	step_1_no_load	1	2	2	344	
329	0	195	step_2_no_load	3	4	0.466795336969	0.348571348505	3	690	1	
329	0	196	step_1_no_load	1	2	1	449	
329	0	196	step_2_no_load	3	4	0.421761207498	0.365373286058	4	328	1	
329	0	197	step_1_no_load	1	2	1	486	
329	0	197	step_2_no_load	3	4	0.422511153127	0.316987700969	4	602	1	
329	0	198	step_1_no_load	1	2	1	13	
329	0	198	step_2_no_load	3	4	0.397292432346	0.303352625941	4	486	0	
329	0	199	step_1_no_load	1	2	2	406	
329	0	199	step_2_no_load	5	6	0.529438031858	0.73697129762	5	379	0	
329	0	200	step_1_no_load	1	2	2	148	
329	0	200	step_2_no_load	5	6	0.507902534353	0.728996708473	6	363	1	

Thu Dec 17 15:22:25 2020
