Fri Dec 18 15:10:55 2020	
330	0	1	step_1_no_load	1	2	1	738	
330	0	1	step_2_no_load	3	4	0.457620150462	0.511789129507	4	985	1	
330	0	2	step_1_no_load	1	2	2	478	
330	0	2	step_2_no_load	5	6	0.580156942153	0.610961032466	5	1219	1	
330	0	3	step_1_no_load	1	2	1	682	
330	0	3	step_2_no_load	5	6	0.584197065669	0.589215227351	6	1036	1	
330	0	4	step_1_no_load	1	2	1	784	
330	0	4	step_2_no_load	3	4	0.478607661228	0.494597764192	3	922	1	
330	0	5	step_1_no_load	1	2	2	476	
330	0	5	step_2_no_load	3	4	0.495568760483	0.543908521457	3	1007	1	
330	0	6	step_1_no_load	1	2	1	464	
330	0	6	step_2_no_load	3	4	0.506877622204	0.490454120702	3	1148	0	
330	0	7	step_1_no_load	1	2	2	501	
330	0	7	step_2_no_load	5	6	0.568656746487	0.622642364361	6	1279	0	
330	0	8	step_1_no_load	1	2	2	649	
330	0	8	step_2_no_load	5	6	0.59128639594	0.624210374623	5	446	0	
330	0	9	step_1_no_load	1	2	1	515	
330	0	9	step_2_no_load	3	4	0.496546708465	0.54429228266	3	913	1	
330	0	10	step_1_no_load	1	2	2	634	
330	0	10	step_2_no_load	5	6	0.652626043146	0.636063269715	5	948	1	
330	0	11	step_1_no_load	1	2	2	542	
330	0	11	step_2_no_load	3	4	0.477013315682	0.59022801242	3	754	0	
330	0	12	step_1_no_load	1	2	1	860	
330	0	12	step_2_no_load	5	6	0.682786328054	0.552770607849	5	886	0	
330	0	13	step_1_no_load	1	2	1	880	
330	0	13	step_2_no_load	5	6	0.653587098421	0.558313135925	6	853	1	
330	0	14	step_1_no_load	1	2	2	446	
330	0	14	step_2_no_load	3	4	0.491234392147	0.611256675753	3	900	1	
330	0	15	step_1_no_load	1	2	2	490	
330	0	15	step_2_no_load	3	4	0.505377237737	0.633564630036	4	1336	1	
330	0	16	step_1_no_load	1	2	1	546	
330	0	16	step_2_no_load	3	4	0.510958036527	0.626326396372	4	1214	1	
330	0	17	step_1_no_load	1	2	1	919	
330	0	17	step_2_no_load	5	6	0.633350170016	0.562895132605	6	551	0	
330	0	18	step_1_no_load	1	2	2	442	
330	0	18	step_2_no_load	3	4	0.517514133912	0.626895526976	3	1108	0	
330	0	19	step_1_no_load	1	2	2	421	
330	0	19	step_2_no_load	3	4	0.498240186199	0.644773170243	4	836	0	
330	0	20	step_1_no_load	1	2	1	390	
330	0	20	step_2_no_load	3	4	0.478025448397	0.60665343963	4	661	0	
330	0	21	step_1_no_load	1	2	1	922	
330	0	21	step_2_no_load	3	4	0.49769376036	0.611328949295	3	1329	0	
330	0	22	step_1_no_load	1	2	1	1027	
330	0	22	step_2_no_load	5	6	0.621949894727	0.468700882609	6	557	1	
330	0	23	step_1_no_load	1	2	2	489	
330	0	23	step_2_no_load	5	6	0.640163623731	0.513759772011	5	1418	0	
330	0	24	step_1_no_load	1	2	2	371	
330	0	24	step_2_no_load	5	6	0.582115115688	0.503316199018	6	986	1	
330	0	25	step_1_no_load	1	2	2	874	
330	0	25	step_2_no_load	3	4	0.503316372362	0.629917901014	3	683	0	
330	0	26	step_1_no_load	1	2	2	522	
330	0	26	step_2_no_load	5	6	0.592410219737	0.532884212818	6	492	1	
330	0	27	step_1_no_load	1	2	1	410	
330	0	27	step_2_no_load	5	6	0.57860777711	0.54756089792	5	839	1	
330	0	28	step_1_no_load	1	2	1	695	
330	0	28	step_2_no_load	3	4	0.520177259699	0.647441527317	-1	-1	-1	
330	0	29	step_1_no_load	1	2	1	552	
330	0	29	step_2_no_load	3	4	0.521159009103	0.618626354124	4	422	0	
330	0	30	step_1_no_load	1	2	2	334	
330	0	30	step_2_no_load	3	4	0.4919199548	0.610227092493	3	1023	1	
330	0	31	step_1_no_load	1	2	2	372	
330	0	31	step_2_no_load	3	4	0.483156722265	0.606122691795	4	1279	1	
330	0	32	step_1_no_load	1	2	1	363	
330	0	32	step_2_no_load	3	4	0.520318771114	0.605616211083	4	864	0	
330	0	33	step_1_no_load	1	2	1	331	
330	0	33	step_2_no_load	3	4	0.487664344039	0.618000238621	3	410	0	
330	0	34	step_1_no_load	1	2	1	84	
330	0	34	step_2_no_load	3	4	0.454565258478	0.670290552209	-1	-1	-1	
330	0	35	step_1_no_load	1	2	1	481	
330	0	35	step_2_no_load	3	4	0.491437207585	0.649776015006	4	276	1	
330	0	36	step_1_no_load	1	2	2	334	
330	0	36	step_2_no_load	3	4	0.513210053121	0.661229326326	3	924	1	
330	0	37	step_1_no_load	1	2	2	566	
330	0	37	step_2_no_load	5	6	0.513822304161	0.598446394142	6	908	1	
330	0	38	step_1_no_load	1	2	1	475	
330	0	38	step_2_no_load	5	6	0.539078491643	0.595113730206	6	1110	0	
330	0	39	step_1_no_load	1	2	1	327	
330	0	39	step_2_no_load	3	4	0.578640235206	0.634483337633	3	266	0	
330	0	40	step_1_no_load	1	2	1	474	
330	0	40	step_2_no_load	3	4	0.5691386571	0.636994900683	4	1377	0	
330	0	41	step_1_no_load	1	2	1	577	
330	0	41	step_2_no_load	3	4	0.583829055298	0.633285941184	4	1291	1	
330	0	42	step_1_no_load	1	2	2	629	
330	0	42	step_2_no_load	5	6	0.533857158543	0.609164606591	5	1151	0	
330	0	43	step_1_no_load	1	2	2	567	
330	0	43	step_2_no_load	3	4	0.548128010644	0.581931546759	4	424	1	
330	0	44	step_1_no_load	1	2	2	619	
330	0	44	step_2_no_load	5	6	0.541854396676	0.611481438855	5	1338	1	
330	0	45	step_1_no_load	1	2	1	461	
330	0	45	step_2_no_load	5	6	0.579346234508	0.632991467829	5	1156	1	
330	0	46	step_1_no_load	1	2	1	777	
330	0	46	step_2_no_load	3	4	0.532238720495	0.654261318712	4	1090	1	
330	0	47	step_1_no_load	1	2	2	425	
330	0	47	step_2_no_load	3	4	0.493112702321	0.634373567175	-1	-1	-1	
330	0	48	step_1_no_load	1	2	2	481	
330	0	48	step_2_no_load	5	6	0.534690828011	0.615767119776	5	434	1	
330	0	49	step_1_no_load	1	2	2	808	
330	0	49	step_2_no_load	5	6	0.512405963374	0.610193185592	6	1186	0	
330	0	50	step_1_no_load	1	2	1	456	
330	0	50	step_2_no_load	3	4	0.47381367271	0.593458480934	4	892	0	
330	0	51	step_1_no_load	1	2	1	431	
330	0	51	step_2_no_load	3	4	0.469943944943	0.613357430892	4	521	0	
330	0	52	step_1_no_load	1	2	1	833	
330	0	52	step_2_no_load	3	4	0.429622901875	0.613408921915	3	416	0	
330	0	53	step_1_no_load	1	2	2	580	
330	0	53	step_2_no_load	5	6	0.475342927439	0.551457882502	5	686	0	
330	0	54	step_1_no_load	1	2	2	392	
330	0	54	step_2_no_load	3	4	0.491512498697	0.652515308527	3	865	1	
330	0	55	step_1_no_load	1	2	2	511	
330	0	55	step_2_no_load	5	6	0.526704292526	0.574045915747	6	1305	1	
330	0	56	step_1_no_load	1	2	1	418	
330	0	56	step_2_no_load	5	6	0.538512915562	0.601856598146	5	934	0	
330	0	57	step_1_no_load	1	2	2	432	
330	0	57	step_2_no_load	5	6	0.516475618243	0.641849303307	6	737	1	
330	0	58	step_1_no_load	1	2	1	314	
330	0	58	step_2_no_load	3	4	0.478335218822	0.610896130115	-1	-1	-1	
330	0	59	step_1_no_load	1	2	1	544	
330	0	59	step_2_no_load	3	4	0.480274332693	0.608951267756	4	1045	0	
330	0	60	step_1_no_load	1	2	2	486	
330	0	60	step_2_no_load	3	4	0.491916707098	0.599559577859	3	444	1	
330	0	61	step_1_no_load	1	2	2	528	
330	0	61	step_2_no_load	3	4	0.464268875813	0.602879526975	4	441	0	
330	0	62	step_1_no_load	1	2	1	422	
330	0	62	step_2_no_load	3	4	0.50724109756	0.622820395113	3	684	1	
330	0	63	step_1_no_load	1	2	1	450	
330	0	63	step_2_no_load	3	4	0.53192660365	0.642623127313	4	318	1	
330	0	64	step_1_no_load	1	2	1	683	
330	0	64	step_2_no_load	5	6	0.533849886794	0.642369708469	-1	-1	-1	
330	0	65	step_1_no_load	1	2	2	285	
330	0	65	step_2_no_load	5	6	0.517687993213	0.612660225018	5	902	1	
330	0	66	step_1_no_load	1	2	1	478	
330	0	66	step_2_no_load	3	4	0.573761869714	0.630357351236	3	396	0	
330	0	67	step_1_no_load	1	2	2	462	
330	0	67	step_2_no_load	5	6	0.538279387614	0.597650193897	6	1008	1	
330	0	68	step_1_no_load	1	2	-1	-1	
330	0	69	step_1_no_load	1	2	2	510	
330	0	69	step_2_no_load	3	4	0.499137600991	0.718756538957	3	414	1	
330	0	70	step_1_no_load	1	2	2	631	
330	0	70	step_2_no_load	5	6	0.548075770764	0.637556284465	6	862	1	
330	0	71	step_1_no_load	1	2	1	420	
330	0	71	step_2_no_load	3	4	0.482863323776	0.706816191949	4	1089	0	
330	0	72	step_1_no_load	1	2	2	495	
330	0	72	step_2_no_load	5	6	0.556486305476	0.626024641967	5	474	1	
330	0	73	step_1_no_load	1	2	1	389	
330	0	73	step_2_no_load	5	6	0.50185699984	0.657126403029	5	948	1	
330	0	74	step_1_no_load	1	2	1	447	
330	0	74	step_2_no_load	5	6	0.491044983779	0.614462146454	6	924	1	
330	0	75	step_1_no_load	1	2	2	0	
330	0	75	step_2_no_load	3	4	0.44832280175	0.697629587097	4	1385	0	
330	0	76	step_1_no_load	1	2	2	536	
330	0	76	step_2_no_load	3	4	0.488583631821	0.690117652944	4	1076	0	
330	0	77	step_1_no_load	1	2	2	457	
330	0	77	step_2_no_load	5	6	0.538119616568	0.564257587118	5	600	1	
330	0	78	step_1_no_load	1	2	1	1047	
330	0	78	step_2_no_load	3	4	0.435911167612	0.647586191228	-1	-1	-1	
330	0	79	step_1_no_load	1	2	1	694	
330	0	79	step_2_no_load	5	6	0.540085062695	0.513695512795	6	1222	1	
330	0	80	step_1_no_load	1	2	1	724	
330	0	80	step_2_no_load	3	4	0.396016175285	0.703969305517	4	1287	0	
330	0	81	step_1_no_load	1	2	2	0	
330	0	81	step_2_no_load	5	6	0.494116554432	0.529745690463	6	954	0	
330	0	82	step_1_no_load	1	2	2	544	
330	0	82	step_2_no_load	5	6	0.482727017837	0.564729328387	5	426	1	
330	0	83	step_1_no_load	1	2	1	736	
330	0	83	step_2_no_load	3	4	0.382772464038	0.726885136842	3	848	0	
330	0	84	step_1_no_load	1	2	1	347	
330	0	84	step_2_no_load	3	4	0.385087938645	0.731466635793	4	478	1	
330	0	85	step_1_no_load	1	2	2	464	
330	0	85	step_2_no_load	5	6	0.485785534744	0.692384972752	6	1208	1	
330	0	86	step_1_no_load	1	2	2	424	
330	0	86	step_2_no_load	5	6	0.486462788728	0.691782850001	6	874	0	
330	0	87	step_1_no_load	1	2	1	55	
330	0	87	step_2_no_load	5	6	0.493867001103	0.719375344246	5	1082	0	
330	0	88	step_1_no_load	1	2	1	395	
330	0	88	step_2_no_load	3	4	0.377947492322	0.696773608304	-1	-1	-1	
330	0	89	step_1_no_load	1	2	1	407	
330	0	89	step_2_no_load	3	4	0.415882489686	0.660112261017	3	580	0	
330	0	90	step_1_no_load	1	2	2	514	
330	0	90	step_2_no_load	5	6	0.530126112124	0.712247848046	6	863	0	
330	0	91	step_1_no_load	1	2	1	350	
330	0	91	step_2_no_load	3	4	0.43534164751	0.657820521772	4	774	0	
330	0	92	step_1_no_load	1	2	2	371	
330	0	92	step_2_no_load	5	6	0.484260039873	0.692406274724	5	752	1	
330	0	93	step_1_no_load	1	2	1	356	
330	0	93	step_2_no_load	3	4	0.439878153082	0.662863370634	3	711	1	
330	0	94	step_1_no_load	1	2	2	0	
330	0	94	step_2_no_load	5	6	0.468637558205	0.719464414227	6	1248	1	
330	0	95	step_1_no_load	1	2	1	388	
330	0	95	step_2_no_load	5	6	0.42505578884	0.715495469274	5	1134	1	
330	0	96	step_1_no_load	1	2	1	455	
330	0	96	step_2_no_load	3	4	0.383038640121	0.663095813561	3	1127	0	
330	0	97	step_1_no_load	1	2	2	491	
330	0	97	step_2_no_load	3	4	0.392885664353	0.651202057411	3	1445	1	
330	0	98	step_1_no_load	1	2	2	399	
330	0	98	step_2_no_load	5	6	0.431479829356	0.70287861952	5	917	1	
330	0	99	step_1_no_load	1	2	1	362	
330	0	99	step_2_no_load	3	4	0.397561363605	0.645191748454	4	962	1	
330	0	100	step_1_no_load	1	2	1	828	
330	0	100	step_2_no_load	3	4	0.4333505304	0.66579920021	4	790	0	
330	0	101	step_1_no_load	1	2	2	573	
330	0	101	step_2_no_load	5	6	0.366879421891	0.623812401974	5	759	1	
330	0	102	step_1_no_load	1	2	2	371	
330	0	102	step_2_no_load	5	6	0.326080462175	0.666304534392	6	1236	0	
330	0	103	step_1_no_load	1	2	2	440	
330	0	103	step_2_no_load	5	6	0.322834495838	0.663997796029	5	418	1	
330	0	104	step_1_no_load	1	2	1	374	
330	0	104	step_2_no_load	3	4	0.521047445908	0.743372642809	4	1056	0	
330	0	105	step_1_no_load	1	2	1	654	
330	0	105	step_2_no_load	3	4	0.514318365187	0.722851301692	3	373	1	
330	0	106	step_1_no_load	1	2	2	443	
330	0	106	step_2_no_load	5	6	0.374131494222	0.712883638252	5	1118	0	
330	0	107	step_1_no_load	1	2	2	418	
330	0	107	step_2_no_load	5	6	0.388257337796	0.692607431435	6	419	1	
330	0	108	step_1_no_load	1	2	1	844	
330	0	108	step_2_no_load	3	4	0.526955028982	0.681491063126	3	653	1	
330	0	109	step_1_no_load	1	2	1	444	
330	0	109	step_2_no_load	3	4	0.479977531501	0.68658494263	3	618	0	
330	0	110	step_1_no_load	1	2	2	175	
330	0	110	step_2_no_load	5	6	0.395544455384	0.729599891941	5	1226	0	
330	0	111	step_1_no_load	1	2	2	621	
330	0	111	step_2_no_load	3	4	0.384948378665	0.634599547742	4	387	0	
330	0	112	step_1_no_load	1	2	2	420	
330	0	112	step_2_no_load	5	6	0.413393106784	0.725701866094	-1	-1	-1	
330	0	113	step_1_no_load	1	2	2	493	
330	0	113	step_2_no_load	5	6	0.387112818105	0.719324307956	6	421	0	
330	0	114	step_1_no_load	1	2	2	358	
330	0	114	step_2_no_load	3	4	0.380324086676	0.657654904272	3	1265	0	
330	0	115	step_1_no_load	1	2	2	287	
330	0	115	step_2_no_load	5	6	0.357661171116	0.739704344621	5	1157	1	
330	0	116	step_1_no_load	1	2	1	360	
330	0	116	step_2_no_load	5	6	0.369438791876	0.706736514943	5	1282	1	
330	0	117	step_1_no_load	1	2	1	589	
330	0	117	step_2_no_load	3	4	0.374621793791	0.671842537277	-1	-1	-1	
330	0	118	step_1_no_load	1	2	1	450	
330	0	118	step_2_no_load	3	4	0.357645851833	0.690484235012	4	478	0	
330	0	119	step_1_no_load	1	2	1	298	
330	0	119	step_2_no_load	3	4	0.357515098446	0.661177321751	3	751	1	
330	0	120	step_1_no_load	1	2	2	425	
330	0	120	step_2_no_load	3	4	0.370150243662	0.666433355915	3	1095	0	
330	0	121	step_1_no_load	1	2	1	324	
330	0	121	step_2_no_load	3	4	0.352721767208	0.671052306195	4	1390	1	
330	0	122	step_1_no_load	1	2	1	368	
330	0	122	step_2_no_load	5	6	0.266650857402	0.6136886145	5	619	1	
330	0	123	step_1_no_load	1	2	2	548	
330	0	123	step_2_no_load	5	6	0.269780614928	0.583607229978	6	895	0	
330	0	124	step_1_no_load	1	2	2	445	
330	0	124	step_2_no_load	3	4	0.309430836661	0.624161788269	3	394	0	
330	0	125	step_1_no_load	1	2	2	477	
330	0	125	step_2_no_load	5	6	0.290374841566	0.559596800931	6	918	1	
330	0	126	step_1_no_load	1	2	1	406	
330	0	126	step_2_no_load	3	4	0.300846667696	0.600985760967	3	1351	1	
330	0	127	step_1_no_load	1	2	1	465	
330	0	127	step_2_no_load	5	6	0.273483952592	0.560824094575	5	845	0	
330	0	128	step_1_no_load	1	2	1	263	
330	0	128	step_2_no_load	3	4	0.250790232267	0.620672334996	4	953	1	
330	0	129	step_1_no_load	1	2	2	714	
330	0	129	step_2_no_load	5	6	0.268213321963	0.685297910719	5	865	0	
330	0	130	step_1_no_load	1	2	2	393	
330	0	130	step_2_no_load	3	4	0.274560758494	0.630285316669	4	960	1	
330	0	131	step_1_no_load	1	2	1	411	
330	0	131	step_2_no_load	3	4	0.311475039155	0.638450601212	3	1076	1	
330	0	132	step_1_no_load	1	2	2	576	
330	0	132	step_2_no_load	5	6	0.27986961048	0.668578020634	6	965	1	
330	0	133	step_1_no_load	1	2	1	292	
330	0	133	step_2_no_load	3	4	0.312642735495	0.691649444281	4	978	0	
330	0	134	step_1_no_load	1	2	1	307	
330	0	134	step_2_no_load	5	6	0.287393715313	0.621945110858	5	545	0	
330	0	135	step_1_no_load	1	2	2	956	
330	0	135	step_2_no_load	5	6	0.300079459047	0.593710006149	5	479	0	
330	0	136	step_1_no_load	1	2	2	649	
330	0	136	step_2_no_load	5	6	0.307766925452	0.597814413435	6	859	0	
330	0	137	step_1_no_load	1	2	2	442	
330	0	137	step_2_no_load	3	4	0.325016613024	0.668540846495	3	964	0	
330	0	138	step_1_no_load	1	2	2	500	
330	0	138	step_2_no_load	5	6	0.366701525561	0.63240964674	5	461	1	
330	0	139	step_1_no_load	1	2	1	712	
330	0	139	step_2_no_load	5	6	0.325611400511	0.636630981281	6	654	1	
330	0	140	step_1_no_load	1	2	1	499	
330	0	140	step_2_no_load	3	4	0.328174526491	0.637682840728	3	1210	1	
330	0	141	step_1_no_load	1	2	1	628	
330	0	141	step_2_no_load	3	4	0.311809871418	0.616803346728	4	1088	1	
330	0	142	step_1_no_load	1	2	2	449	
330	0	142	step_2_no_load	5	6	0.397052682821	0.690276058009	5	861	0	
330	0	143	step_1_no_load	1	2	2	379	
330	0	143	step_2_no_load	5	6	0.410970957547	0.661365099615	5	481	0	
330	0	144	step_1_no_load	1	2	2	0	
330	0	144	step_2_no_load	5	6	0.389234194056	0.626443722248	6	426	0	
330	0	145	step_1_no_load	1	2	1	348	
330	0	145	step_2_no_load	5	6	0.355256413269	0.6669125229	5	607	1	
330	0	146	step_1_no_load	1	2	1	658	
330	0	146	step_2_no_load	5	6	0.320877500969	0.681611991725	6	427	1	
330	0	147	step_1_no_load	1	2	1	375	
330	0	147	step_2_no_load	3	4	0.265578160642	0.594861186319	3	788	0	
330	0	148	step_1_no_load	1	2	1	507	
330	0	148	step_2_no_load	3	4	0.305288021243	0.648050021239	4	464	0	
330	0	149	step_1_no_load	1	2	1	697	
330	0	149	step_2_no_load	5	6	0.300290206122	0.601870110183	-1	-1	-1	
330	0	150	step_1_no_load	1	2	1	684	
330	0	150	step_2_no_load	3	4	0.305587692243	0.605912419156	3	395	0	
330	0	151	step_1_no_load	1	2	1	423	
330	0	151	step_2_no_load	3	4	0.348172164421	0.614159737668	3	1407	0	
330	0	152	step_1_no_load	1	2	1	665	
330	0	152	step_2_no_load	3	4	0.307702500543	0.644204174791	4	466	0	
330	0	153	step_1_no_load	1	2	2	588	
330	0	153	step_2_no_load	5	6	0.343622632154	0.613336203392	5	564	0	
330	0	154	step_1_no_load	1	2	2	471	
330	0	154	step_2_no_load	5	6	0.348349389262	0.638934099562	5	261	0	
330	0	155	step_1_no_load	1	2	2	126	
330	0	155	step_2_no_load	5	6	0.372188990474	0.632486591889	6	556	0	
330	0	156	step_1_no_load	1	2	1	659	
330	0	156	step_2_no_load	3	4	0.32564867104	0.734436160799	4	835	0	
330	0	157	step_1_no_load	1	2	1	668	
330	0	157	step_2_no_load	3	4	0.350909357271	0.720725456325	3	927	0	
330	0	158	step_1_no_load	1	2	2	401	
330	0	158	step_2_no_load	3	4	0.408728803896	0.694270715354	3	1167	0	
330	0	159	step_1_no_load	1	2	2	385	
330	0	159	step_2_no_load	5	6	0.321150411254	0.541222065796	5	1249	0	
330	0	160	step_1_no_load	1	2	2	1	
330	0	160	step_2_no_load	5	6	0.355992626298	0.521229931064	6	331	1	
330	0	161	step_1_no_load	1	2	2	432	
330	0	161	step_2_no_load	5	6	0.438878285506	0.516036498158	5	643	1	
330	0	162	step_1_no_load	1	2	2	834	
330	0	162	step_2_no_load	5	6	0.455329532209	0.566496468084	5	469	0	
330	0	163	step_1_no_load	1	2	2	728	
330	0	163	step_2_no_load	5	6	0.430920885959	0.5863391277	6	1437	0	
330	0	164	step_1_no_load	1	2	2	580	
330	0	164	step_2_no_load	5	6	0.430844125626	0.585961845322	5	404	1	
330	0	165	step_1_no_load	1	2	2	338	
330	0	165	step_2_no_load	5	6	0.347974240867	0.538026607649	6	469	0	
330	0	166	step_1_no_load	1	2	1	485	
330	0	166	step_2_no_load	5	6	0.356317216644	0.549095060025	6	971	1	
330	0	167	step_1_no_load	1	2	1	438	
330	0	167	step_2_no_load	3	4	0.38753671275	0.706271792549	3	1124	1	
330	0	168	step_1_no_load	1	2	1	364	
330	0	168	step_2_no_load	3	4	0.400817642375	0.67192508984	4	717	1	
330	0	169	step_1_no_load	1	2	-1	-1	
330	0	170	step_1_no_load	1	2	1	723	
330	0	170	step_2_no_load	5	6	0.364989630435	0.57151385403	6	1098	0	
330	0	171	step_1_no_load	1	2	2	397	
330	0	171	step_2_no_load	5	6	0.425122034074	0.553314431843	5	980	0	
330	0	172	step_1_no_load	1	2	2	0	
330	0	172	step_2_no_load	5	6	0.490120307546	0.519090471457	6	1167	1	
330	0	173	step_1_no_load	1	2	2	461	
330	0	173	step_2_no_load	3	4	0.385349297983	0.667027212577	3	1401	1	
330	0	174	step_1_no_load	1	2	2	527	
330	0	174	step_2_no_load	5	6	0.46236234172	0.472729524832	6	1161	1	
330	0	175	step_1_no_load	1	2	1	485	
330	0	175	step_2_no_load	5	6	0.484825491933	0.52644949356	5	730	0	
330	0	176	step_1_no_load	1	2	1	1288	
330	0	176	step_2_no_load	3	4	0.383231572002	0.679250000396	3	1281	0	
330	0	177	step_1_no_load	1	2	1	417	
330	0	177	step_2_no_load	5	6	0.4798184927	0.501268576771	6	435	0	
330	0	178	step_1_no_load	1	2	1	609	
330	0	178	step_2_no_load	5	6	0.49020858644	0.493712351915	-1	-1	-1	
330	0	179	step_1_no_load	1	2	1	732	
330	0	179	step_2_no_load	3	4	0.324685418097	0.709345707515	4	422	1	
330	0	180	step_1_no_load	1	2	2	424	
330	0	180	step_2_no_load	5	6	0.489345734128	0.482853857291	6	899	0	
330	0	181	step_1_no_load	1	2	2	375	
330	0	181	step_2_no_load	5	6	0.480141179559	0.508735114046	5	1147	0	
330	0	182	step_1_no_load	1	2	2	388	
330	0	182	step_2_no_load	5	6	0.49907747228	0.506773281362	5	299	1	
330	0	183	step_1_no_load	1	2	2	360	
330	0	183	step_2_no_load	3	4	0.350175837802	0.720388040749	4	453	1	
330	0	184	step_1_no_load	1	2	2	615	
330	0	184	step_2_no_load	5	6	0.480863422096	0.460890977786	5	1009	0	
330	0	185	step_1_no_load	1	2	1	391	
330	0	185	step_2_no_load	3	4	0.362611152222	0.665622647081	3	339	0	
330	0	186	step_1_no_load	1	2	1	384	
330	0	186	step_2_no_load	3	4	0.332733011923	0.656308636836	4	496	1	
330	0	187	step_1_no_load	1	2	2	368	
330	0	187	step_2_no_load	5	6	0.498596507669	0.443962917772	5	818	1	
330	0	188	step_1_no_load	1	2	1	393	
330	0	188	step_2_no_load	3	4	0.291508050861	0.696362660087	4	897	0	
330	0	189	step_1_no_load	1	2	2	827	
330	0	189	step_2_no_load	5	6	0.534753756004	0.448897869069	6	1070	0	
330	0	190	step_1_no_load	1	2	2	463	
330	0	190	step_2_no_load	5	6	0.505820429042	0.433568856946	5	348	0	
330	0	191	step_1_no_load	1	2	1	369	
330	0	191	step_2_no_load	3	4	0.318839908867	0.664271461991	3	1069	0	
330	0	192	step_1_no_load	1	2	1	487	
330	0	192	step_2_no_load	3	4	0.299297135717	0.705517419189	4	800	1	
330	0	193	step_1_no_load	1	2	2	500	
330	0	193	step_2_no_load	5	6	0.504944704439	0.440813209638	6	707	0	
330	0	194	step_1_no_load	1	2	2	909	
330	0	194	step_2_no_load	3	4	0.342437174514	0.655261361454	4	1129	0	
330	0	195	step_1_no_load	1	2	2	531	
330	0	195	step_2_no_load	5	6	0.494102184238	0.466795336969	5	335	1	
330	0	196	step_1_no_load	1	2	2	418	
330	0	196	step_2_no_load	3	4	0.365373286058	0.695101215304	3	361	0	
330	0	197	step_1_no_load	1	2	1	482	
330	0	197	step_2_no_load	5	6	0.47786945426	0.422511153127	5	419	0	
330	0	198	step_1_no_load	1	2	2	946	
330	0	198	step_2_no_load	3	4	0.303352625941	0.68660989813	4	506	0	
330	0	199	step_1_no_load	1	2	2	629	
330	0	199	step_2_no_load	5	6	0.529438031858	0.39793773834	5	378	1	
330	0	200	step_1_no_load	1	2	2	779	
330	0	200	step_2_no_load	5	6	0.507902534353	0.372436949782	6	1185	0	

Fri Dec 18 15:28:48 2020
