Tue Mar  2 17:12:02 2021	
331	0	1	step_1_no_load	1	2	2	683	
331	0	1	step_2_no_load	3	4	0.598297890399	0.511789129507	4	392	1	
331	0	2	step_1_no_load	1	2	2	492	
331	0	2	step_2_no_load	5	6	0.610961032466	0.474613197709	6	386	1	
331	0	3	step_1_no_load	1	2	2	403	
331	0	3	step_2_no_load	5	6	0.589215227351	0.476767372206	6	347	1	
331	0	4	step_1_no_load	1	2	2	483	
331	0	4	step_2_no_load	5	6	0.564086293706	0.478607661228	6	338	1	
331	0	5	step_1_no_load	1	2	2	425	
331	0	5	step_2_no_load	5	6	0.576104915614	0.495568760483	6	259	0	
331	0	6	step_1_no_load	1	2	1	741	
331	0	6	step_2_no_load	5	6	0.603642866427	0.506877622204	5	700	0	
331	0	7	step_1_no_load	1	2	2	1088	
331	0	7	step_2_no_load	5	6	0.622642364361	0.500071913476	5	738	0	
331	0	8	step_1_no_load	1	2	1	1001	
331	0	8	step_2_no_load	3	4	0.59128639594	0.499203529332	4	570	0	
331	0	9	step_1_no_load	1	2	1	896	
331	0	9	step_2_no_load	3	4	0.598049061473	0.54429228266	3	428	0	
331	0	10	step_1_no_load	1	2	1	581	
331	0	10	step_2_no_load	3	4	0.652626043146	0.576063520885	3	357	1	
331	0	11	step_1_no_load	1	2	1	470	
331	0	11	step_2_no_load	5	6	0.609191465743	0.477013315682	5	272	0	
331	0	12	step_1_no_load	1	2	2	408	
331	0	12	step_2_no_load	3	4	0.682786328054	0.597131918027	4	545	1	
331	0	13	step_1_no_load	1	2	2	461	
331	0	13	step_2_no_load	5	6	0.558313135925	0.52012981853	6	371	1	
331	0	14	step_1_no_load	1	2	2	518	
331	0	14	step_2_no_load	5	6	0.545555696267	0.491234392147	6	327	0	
331	0	15	step_1_no_load	1	2	2	530	
331	0	15	step_2_no_load	5	6	0.570419113221	0.505377237737	5	387	1	
331	0	16	step_1_no_load	1	2	2	519	
331	0	16	step_2_no_load	3	4	0.628091198119	0.626326396372	3	457	0	
331	0	17	step_1_no_load	1	2	2	350	
331	0	17	step_2_no_load	3	4	0.633350170016	0.643116883134	4	398	1	
331	0	18	step_1_no_load	1	2	2	474	
331	0	18	step_2_no_load	5	6	0.553554620302	0.517514133912	6	450	0	
331	0	19	step_1_no_load	1	2	1	953	
331	0	19	step_2_no_load	3	4	0.619895761657	0.644773170243	4	606	1	
331	0	20	step_1_no_load	1	2	1	392	
331	0	20	step_2_no_load	3	4	0.636521555122	0.60665343963	4	341	1	
331	0	21	step_1_no_load	1	2	1	447	
331	0	21	step_2_no_load	3	4	0.630305464549	0.611328949295	4	374	0	
331	0	22	step_1_no_load	1	2	1	564	
331	0	22	step_2_no_load	3	4	0.621949894727	0.618527126547	3	494	1	
331	0	23	step_1_no_load	1	2	1	427	
331	0	23	step_2_no_load	5	6	0.513759772011	0.520606588181	5	438	0	
331	0	24	step_1_no_load	1	2	1	701	
331	0	24	step_2_no_load	3	4	0.582115115688	0.5800912085	4	453	0	
331	0	25	step_1_no_load	1	2	2	355	
331	0	25	step_2_no_load	5	6	0.503605105412	0.503316372362	6	410	1	
331	0	26	step_1_no_load	1	2	2	371	
331	0	26	step_2_no_load	3	4	0.592410219737	0.640635035276	4	233	1	
331	0	27	step_1_no_load	1	2	2	318	
331	0	27	step_2_no_load	5	6	0.54756089792	0.507272671939	5	378	1	
331	0	28	step_1_no_load	1	2	2	465	
331	0	28	step_2_no_load	5	6	0.553259388875	0.520177259699	6	466	0	
331	0	29	step_1_no_load	1	2	1	440	
331	0	29	step_2_no_load	3	4	0.606613029227	0.618626354124	4	403	0	
331	0	30	step_1_no_load	1	2	1	318	
331	0	30	step_2_no_load	3	4	0.608245979832	0.610227092493	3	260	0	
331	0	31	step_1_no_load	1	2	2	270	
331	0	31	step_2_no_load	5	6	0.541819886458	0.483156722265	6	325	1	
331	0	32	step_1_no_load	1	2	2	486	
331	0	32	step_2_no_load	5	6	0.522993086096	0.520318771114	6	408	1	
331	0	33	step_1_no_load	1	2	2	448	
331	0	33	step_2_no_load	5	6	0.542309898544	0.487664344039	5	379	0	
331	0	34	step_1_no_load	1	2	2	269	
331	0	34	step_2_no_load	5	6	0.538523758058	0.454565258478	6	526	1	
331	0	35	step_1_no_load	1	2	2	421	
331	0	35	step_2_no_load	5	6	0.594167768198	0.491437207585	6	443	0	
331	0	36	step_1_no_load	1	2	2	453	
331	0	36	step_2_no_load	5	6	0.611274573488	0.513210053121	5	294	1	
331	0	37	step_1_no_load	1	2	2	324	
331	0	37	step_2_no_load	5	6	0.598446394142	0.543074626387	5	349	1	
331	0	38	step_1_no_load	1	2	2	415	
331	0	38	step_2_no_load	5	6	0.595113730206	0.553931241266	6	501	0	
331	0	39	step_1_no_load	1	2	2	651	
331	0	39	step_2_no_load	3	4	0.557005857101	0.634483337633	4	422	1	
331	0	40	step_1_no_load	1	2	2	466	
331	0	40	step_2_no_load	5	6	0.607992802154	0.5691386571	6	279	0	
331	0	41	step_1_no_load	1	2	2	774	
331	0	41	step_2_no_load	5	6	0.588857868869	0.583829055298	6	822	1	
331	0	42	step_1_no_load	1	2	2	366	
331	0	42	step_2_no_load	5	6	0.609164606591	0.553461946234	6	461	1	
331	0	43	step_1_no_load	1	2	2	353	
331	0	43	step_2_no_load	5	6	0.612705031264	0.548128010644	6	244	0	
331	0	44	step_1_no_load	1	2	1	451	
331	0	44	step_2_no_load	3	4	0.541854396676	0.589653131867	3	350	1	
331	0	45	step_1_no_load	1	2	1	308	
331	0	45	step_2_no_load	5	6	0.632991467829	0.5288039409	5	242	1	
331	0	46	step_1_no_load	1	2	1	408	
331	0	46	step_2_no_load	3	4	0.55511883717	0.654261318712	3	278	0	
331	0	47	step_1_no_load	1	2	1	323	
331	0	47	step_2_no_load	3	4	0.546259467838	0.634373567175	3	268	0	
331	0	48	step_1_no_load	1	2	2	306	
331	0	48	step_2_no_load	3	4	0.534690828011	0.657624935632	4	521	0	
331	0	49	step_1_no_load	1	2	2	433	
331	0	49	step_2_no_load	5	6	0.610193185592	0.489287375157	5	380	1	
331	0	50	step_1_no_load	1	2	2	471	
331	0	50	step_2_no_load	5	6	0.606862017918	0.47381367271	5	296	1	
331	0	51	step_1_no_load	1	2	2	472	
331	0	51	step_2_no_load	5	6	0.564866799699	0.469943944943	6	423	1	
331	0	52	step_1_no_load	1	2	2	462	
331	0	52	step_2_no_load	5	6	0.539065404057	0.429622901875	6	301	0	
331	0	53	step_1_no_load	1	2	1	385	
331	0	53	step_2_no_load	3	4	0.475342927439	0.630956764252	4	433	1	
331	0	54	step_1_no_load	1	2	1	369	
331	0	54	step_2_no_load	5	6	0.570223904064	0.491512498697	6	516	1	
331	0	55	step_1_no_load	1	2	1	494	
331	0	55	step_2_no_load	5	6	0.574045915747	0.487025527704	5	395	1	
331	0	56	step_1_no_load	1	2	2	407	
331	0	56	step_2_no_load	5	6	0.601856598146	0.459773408493	6	298	1	
331	0	57	step_1_no_load	1	2	2	382	
331	0	57	step_2_no_load	5	6	0.641849303307	0.466449077359	6	428	1	
331	0	58	step_1_no_load	1	2	2	347	
331	0	58	step_2_no_load	3	4	0.528376440027	0.610896130115	4	268	1	
331	0	59	step_1_no_load	1	2	1	347	
331	0	59	step_2_no_load	5	6	0.632500293208	0.480274332693	6	558	1	
331	0	60	step_1_no_load	1	2	1	560	
331	0	60	step_2_no_load	3	4	0.479287247283	0.599559577859	4	339	1	
331	0	61	step_1_no_load	1	2	2	652	
331	0	61	step_2_no_load	5	6	0.669587072502	0.464268875813	5	438	1	
331	0	62	step_1_no_load	1	2	2	305	
331	0	62	step_2_no_load	5	6	0.691137204746	0.50724109756	5	433	0	
331	0	63	step_1_no_load	1	2	2	371	
331	0	63	step_2_no_load	3	4	0.519445130796	0.642623127313	4	311	0	
331	0	64	step_1_no_load	1	2	1	380	
331	0	64	step_2_no_load	3	4	0.533849886794	0.626149195169	3	490	1	
331	0	65	step_1_no_load	1	2	1	393	
331	0	65	step_2_no_load	5	6	0.612660225018	0.569109504048	5	314	0	
331	0	66	step_1_no_load	1	2	2	375	
331	0	66	step_2_no_load	3	4	0.555324764318	0.630357351236	4	249	0	
331	0	67	step_1_no_load	1	2	1	578	
331	0	67	step_2_no_load	5	6	0.597650193897	0.542076810516	6	287	0	
331	0	68	step_1_no_load	1	2	2	803	
331	0	68	step_2_no_load	5	6	0.622963076372	0.509127161919	6	260	1	
331	0	69	step_1_no_load	1	2	2	285	
331	0	69	step_2_no_load	5	6	0.622221685203	0.499137600991	6	254	0	
331	0	70	step_1_no_load	1	2	1	694	
331	0	70	step_2_no_load	3	4	0.548075770764	0.697741832068	4	392	1	
331	0	71	step_1_no_load	1	2	1	395	
331	0	71	step_2_no_load	5	6	0.639174917797	0.482863323776	6	327	1	
331	0	72	step_1_no_load	1	2	1	498	
331	0	72	step_2_no_load	5	6	0.626024641967	0.47409116389	6	427	1	
331	0	73	step_1_no_load	1	2	2	379	
331	0	73	step_2_no_load	3	4	0.50185699984	0.727961155836	4	271	0	
331	0	74	step_1_no_load	1	2	1	352	
331	0	74	step_2_no_load	3	4	0.491044983779	0.693624670847	3	312	1	
331	0	75	step_1_no_load	1	2	1	500	
331	0	75	step_2_no_load	3	4	0.483983914712	0.697629587097	3	231	1	
331	0	76	step_1_no_load	1	2	2	354	
331	0	76	step_2_no_load	5	6	0.62770291155	0.488583631821	6	309	1	
331	0	77	step_1_no_load	1	2	2	302	
331	0	77	step_2_no_load	3	4	0.538119616568	0.679737625371	4	385	1	
331	0	78	step_1_no_load	1	2	2	306	
331	0	78	step_2_no_load	5	6	0.536711448352	0.435911167612	6	335	0	
331	0	79	step_1_no_load	1	2	1	339	
331	0	79	step_2_no_load	5	6	0.513695512795	0.389124152368	6	369	0	
331	0	80	step_1_no_load	1	2	2	592	
331	0	80	step_2_no_load	5	6	0.518583383166	0.396016175285	5	446	1	
331	0	81	step_1_no_load	1	2	2	389	
331	0	81	step_2_no_load	5	6	0.529745690463	0.419265522488	5	369	1	
331	0	82	step_1_no_load	1	2	1	441	
331	0	82	step_2_no_load	5	6	0.564729328387	0.395813831323	5	299	1	
331	0	83	step_1_no_load	1	2	1	355	
331	0	83	step_2_no_load	3	4	0.483255412498	0.726885136842	3	281	1	
331	0	84	step_1_no_load	1	2	1	517	
331	0	84	step_2_no_load	3	4	0.505586222209	0.731466635793	3	831	1	
331	0	85	step_1_no_load	1	2	2	337	
331	0	85	step_2_no_load	3	4	0.485785534744	0.712989604416	3	315	1	
331	0	86	step_1_no_load	1	2	2	326	
331	0	86	step_2_no_load	5	6	0.691782850001	0.345323068124	5	365	1	
331	0	87	step_1_no_load	1	2	1	344	
331	0	87	step_2_no_load	3	4	0.493867001103	0.690012761069	4	358	1	
331	0	88	step_1_no_load	1	2	1	401	
331	0	88	step_2_no_load	3	4	0.509563243675	0.696773608304	4	629	1	
331	0	89	step_1_no_load	1	2	1	332	
331	0	89	step_2_no_load	3	4	0.490019385174	0.660112261017	4	341	1	
331	0	90	step_1_no_load	1	2	2	570	
331	0	90	step_2_no_load	3	4	0.530126112124	0.688736868033	4	416	1	
331	0	91	step_1_no_load	1	2	2	362	
331	0	91	step_2_no_load	5	6	0.685023809334	0.43534164751	6	406	0	
331	0	92	step_1_no_load	1	2	1	901	
331	0	92	step_2_no_load	3	4	0.484260039873	0.679381608313	3	490	0	
331	0	93	step_1_no_load	1	2	1	534	
331	0	93	step_2_no_load	5	6	0.70415710998	0.439878153082	6	230	0	
331	0	94	step_1_no_load	1	2	1	494	
331	0	94	step_2_no_load	3	4	0.468637558205	0.668295023896	3	280	0	
331	0	95	step_1_no_load	1	2	2	380	
331	0	95	step_2_no_load	3	4	0.42505578884	0.640209855442	3	434	1	
331	0	96	step_1_no_load	1	2	2	354	
331	0	96	step_2_no_load	5	6	0.693739812506	0.383038640121	5	593	1	
331	0	97	step_1_no_load	1	2	1	938	
331	0	97	step_2_no_load	3	4	0.455601814112	0.651202057411	3	549	0	
331	0	98	step_1_no_load	1	2	1	447	
331	0	98	step_2_no_load	3	4	0.431479829356	0.646040060297	4	488	1	
331	0	99	step_1_no_load	1	2	1	462	
331	0	99	step_2_no_load	3	4	0.375249961522	0.645191748454	4	333	0	
331	0	100	step_1_no_load	1	2	2	406	
331	0	100	step_2_no_load	5	6	0.666227451505	0.4333505304	6	280	1	
331	0	101	step_1_no_load	1	2	2	255	
331	0	101	step_2_no_load	3	4	0.366879421891	0.655903528958	4	290	0	
331	0	102	step_1_no_load	1	2	2	683	
331	0	102	step_2_no_load	5	6	0.666304534392	0.494584754513	5	521	1	
331	0	103	step_1_no_load	1	2	2	612	
331	0	103	step_2_no_load	5	6	0.663997796029	0.481975449893	5	345	1	
331	0	104	step_1_no_load	1	2	2	403	
331	0	104	step_2_no_load	5	6	0.703870701136	0.521047445908	5	422	1	
331	0	105	step_1_no_load	1	2	2	340	
331	0	105	step_2_no_load	5	6	0.689135357059	0.514318365187	5	355	1	
331	0	106	step_1_no_load	1	2	2	335	
331	0	106	step_2_no_load	5	6	0.712883638252	0.508908032404	5	372	1	
331	0	107	step_1_no_load	1	2	2	369	
331	0	107	step_2_no_load	5	6	0.692607431435	0.565220528809	5	395	1	
331	0	108	step_1_no_load	1	2	2	355	
331	0	108	step_2_no_load	3	4	0.388185708856	0.681491063126	3	423	1	
331	0	109	step_1_no_load	1	2	2	685	
331	0	109	step_2_no_load	5	6	0.71632547018	0.479977531501	5	424	0	
331	0	110	step_1_no_load	1	2	2	608	
331	0	110	step_2_no_load	5	6	0.729599891941	0.432626681236	6	470	0	
331	0	111	step_1_no_load	1	2	1	337	
331	0	111	step_2_no_load	5	6	0.724852671171	0.384948378665	5	367	1	
331	0	112	step_1_no_load	1	2	1	425	
331	0	112	step_2_no_load	3	4	0.413393106784	0.635252945963	3	403	0	
331	0	113	step_1_no_load	1	2	1	263	
331	0	113	step_2_no_load	3	4	0.387112818105	0.634627459817	4	449	1	
331	0	114	step_1_no_load	1	2	1	294	
331	0	114	step_2_no_load	5	6	0.718213323791	0.380324086676	6	364	1	
331	0	115	step_1_no_load	1	2	1	440	
331	0	115	step_2_no_load	5	6	0.739704344621	0.390027643099	6	252	1	
331	0	116	step_1_no_load	1	2	1	412	
331	0	116	step_2_no_load	3	4	0.369438791876	0.680124293449	4	316	0	
331	0	117	step_1_no_load	1	2	1	471	
331	0	117	step_2_no_load	3	4	0.363056877927	0.671842537277	3	297	1	
331	0	118	step_1_no_load	1	2	1	416	
331	0	118	step_2_no_load	3	4	0.362977115924	0.690484235012	3	376	1	
331	0	119	step_1_no_load	1	2	1	393	
331	0	119	step_2_no_load	3	4	0.358243439099	0.661177321751	3	351	0	
331	0	120	step_1_no_load	1	2	1	382	
331	0	120	step_2_no_load	3	4	0.333809617664	0.666433355915	4	283	1	
331	0	121	step_1_no_load	1	2	1	301	
331	0	121	step_2_no_load	5	6	0.658856304095	0.352721767208	6	438	1	
331	0	122	step_1_no_load	1	2	1	449	
331	0	122	step_2_no_load	5	6	0.6136886145	0.329624572119	6	501	0	
331	0	123	step_1_no_load	1	2	2	430	
331	0	123	step_2_no_load	5	6	0.583607229978	0.337526896345	5	570	0	
331	0	124	step_1_no_load	1	2	2	326	
331	0	124	step_2_no_load	5	6	0.603013298253	0.309430836661	6	263	0	
331	0	125	step_1_no_load	1	2	2	612	
331	0	125	step_2_no_load	5	6	0.559596800931	0.303110862715	6	278	0	
331	0	126	step_1_no_load	1	2	1	348	
331	0	126	step_2_no_load	3	4	0.267206368684	0.600985760967	3	234	0	
331	0	127	step_1_no_load	1	2	1	419	
331	0	127	step_2_no_load	3	4	0.273483952592	0.646945556251	4	503	1	
331	0	128	step_1_no_load	1	2	1	307	
331	0	128	step_2_no_load	3	4	0.260252451606	0.620672334996	4	341	0	
331	0	129	step_1_no_load	1	2	2	328	
331	0	129	step_2_no_load	3	4	0.268213321963	0.632682846317	3	239	0	
331	0	130	step_1_no_load	1	2	1	606	
331	0	130	step_2_no_load	5	6	0.682031489739	0.274560758494	5	489	1	
331	0	131	step_1_no_load	1	2	1	448	
331	0	131	step_2_no_load	3	4	0.281500842289	0.638450601212	3	272	0	
331	0	132	step_1_no_load	1	2	2	414	
331	0	132	step_2_no_load	3	4	0.27986961048	0.660013924697	4	326	1	
331	0	133	step_1_no_load	1	2	2	347	
331	0	133	step_2_no_load	3	4	0.315608831386	0.691649444281	4	235	1	
331	0	134	step_1_no_load	1	2	2	389	
331	0	134	step_2_no_load	5	6	0.621945110858	0.302839427162	6	420	0	
331	0	135	step_1_no_load	1	2	1	680	
331	0	135	step_2_no_load	3	4	0.300079459047	0.700779221781	4	318	0	
331	0	136	step_1_no_load	1	2	2	339	
331	0	136	step_2_no_load	5	6	0.597814413435	0.284521085726	6	198	0	
331	0	137	step_1_no_load	1	2	1	327	
331	0	137	step_2_no_load	3	4	0.346433498467	0.668540846495	3	311	0	
331	0	138	step_1_no_load	1	2	2	486	
331	0	138	step_2_no_load	5	6	0.63240964674	0.307694123906	5	205	0	
331	0	139	step_1_no_load	1	2	2	397	
331	0	139	step_2_no_load	5	6	0.636630981281	0.323660750961	6	275	0	
331	0	140	step_1_no_load	1	2	2	592	
331	0	140	step_2_no_load	3	4	0.348740542008	0.637682840728	4	439	1	
331	0	141	step_1_no_load	1	2	2	392	
331	0	141	step_2_no_load	5	6	0.711987889705	0.311809871418	6	264	0	
331	0	142	step_1_no_load	1	2	1	630	
331	0	142	step_2_no_load	5	6	0.690276058009	0.304203281606	6	226	0	
331	0	143	step_1_no_load	1	2	2	1280	
331	0	143	step_2_no_load	3	4	0.410970957547	0.610219102298	3	580	1	
331	0	144	step_1_no_load	1	2	2	319	
331	0	144	step_2_no_load	5	6	0.626443722248	0.275932517017	5	286	1	
331	0	145	step_1_no_load	1	2	2	463	
331	0	145	step_2_no_load	5	6	0.6669125229	0.266265924094	5	259	1	
331	0	146	step_1_no_load	1	2	2	432	
331	0	146	step_2_no_load	3	4	0.320877500969	0.593778463268	3	449	1	
331	0	147	step_1_no_load	1	2	2	406	
331	0	147	step_2_no_load	5	6	0.647798886916	0.265578160642	5	398	1	
331	0	148	step_1_no_load	1	2	2	362	
331	0	148	step_2_no_load	5	6	0.619272702026	0.305288021243	5	385	0	
331	0	149	step_1_no_load	1	2	2	329	
331	0	149	step_2_no_load	5	6	0.601870110183	0.269951834184	6	944	1	
331	0	150	step_1_no_load	1	2	2	557	
331	0	150	step_2_no_load	3	4	0.306860041627	0.605912419156	4	283	1	
331	0	151	step_1_no_load	1	2	2	586	
331	0	151	step_2_no_load	5	6	0.59154759351	0.348172164421	5	435	1	
331	0	152	step_1_no_load	1	2	2	680	
331	0	152	step_2_no_load	5	6	0.595108765344	0.307702500543	5	436	1	
331	0	153	step_1_no_load	1	2	2	443	
331	0	153	step_2_no_load	3	4	0.343622632154	0.681559292085	3	320	0	
331	0	154	step_1_no_load	1	2	2	411	
331	0	154	step_2_no_load	5	6	0.638934099562	0.316375537537	6	456	1	
331	0	155	step_1_no_load	1	2	2	647	
331	0	155	step_2_no_load	5	6	0.632486591889	0.296093457977	6	501	1	
331	0	156	step_1_no_load	1	2	2	505	
331	0	156	step_2_no_load	5	6	0.631048201903	0.32564867104	6	235	1	
331	0	157	step_1_no_load	1	2	2	289	
331	0	157	step_2_no_load	5	6	0.585191807512	0.350909357271	6	503	1	
331	0	158	step_1_no_load	1	2	2	317	
331	0	158	step_2_no_load	3	4	0.334595868098	0.694270715354	4	260	1	
331	0	159	step_1_no_load	1	2	2	242	
331	0	159	step_2_no_load	3	4	0.321150411254	0.697903160072	4	251	1	
331	0	160	step_1_no_load	1	2	2	340	
331	0	160	step_2_no_load	5	6	0.521229931064	0.415052912783	6	279	0	
331	0	161	step_1_no_load	1	2	2	282	
331	0	161	step_2_no_load	3	4	0.438878285506	0.719896286569	3	280	1	
331	0	162	step_1_no_load	1	2	2	620	
331	0	162	step_2_no_load	3	4	0.455329532209	0.695144769903	4	859	1	
331	0	163	step_1_no_load	1	2	2	658	
331	0	163	step_2_no_load	5	6	0.5863391277	0.395221309311	6	335	0	
331	0	164	step_1_no_load	1	2	2	236	
331	0	164	step_2_no_load	5	6	0.585961845322	0.432761720497	5	270	0	
331	0	165	step_1_no_load	1	2	2	232	
331	0	165	step_2_no_load	3	4	0.347974240867	0.717506143195	4	252	1	
331	0	166	step_1_no_load	1	2	2	316	
331	0	166	step_2_no_load	5	6	0.549095060025	0.422282731054	6	345	0	
331	0	167	step_1_no_load	1	2	2	377	
331	0	167	step_2_no_load	5	6	0.585131062446	0.38753671275	6	924	1	
331	0	168	step_1_no_load	1	2	2	264	
331	0	168	step_2_no_load	5	6	0.613361520676	0.400817642375	6	508	0	
331	0	169	step_1_no_load	1	2	2	277	
331	0	169	step_2_no_load	5	6	0.586049140041	0.42098542374	5	430	0	
331	0	170	step_1_no_load	1	2	2	310	
331	0	170	step_2_no_load	5	6	0.57151385403	0.411067820436	6	870	1	
331	0	171	step_1_no_load	1	2	2	353	
331	0	171	step_2_no_load	5	6	0.553314431843	0.386979310814	6	225	0	
331	0	172	step_1_no_load	1	2	1	861	
331	0	172	step_2_no_load	3	4	0.490120307546	0.668669556875	3	419	0	
331	0	173	step_1_no_load	1	2	1	307	
331	0	173	step_2_no_load	3	4	0.462866379815	0.667027212577	4	227	1	
331	0	174	step_1_no_load	1	2	1	602	
331	0	174	step_2_no_load	5	6	0.472729524832	0.387867297446	6	421	0	
331	0	175	step_1_no_load	1	2	1	894	
331	0	175	step_2_no_load	3	4	0.484825491933	0.693968268443	3	307	0	
331	0	176	step_1_no_load	1	2	1	488	
331	0	176	step_2_no_load	3	4	0.500856457218	0.679250000396	3	657	0	
331	0	177	step_1_no_load	1	2	1	363	
331	0	177	step_2_no_load	5	6	0.501268576771	0.357425668099	6	295	0	
331	0	178	step_1_no_load	1	2	2	331	
331	0	178	step_2_no_load	5	6	0.493712351915	0.36473828006	6	576	1	
331	0	179	step_1_no_load	1	2	2	341	
331	0	179	step_2_no_load	5	6	0.457298770028	0.324685418097	6	335	1	
331	0	180	step_1_no_load	1	2	2	734	
331	0	180	step_2_no_load	5	6	0.482853857291	0.341214611607	6	475	1	
331	0	181	step_1_no_load	1	2	2	295	
331	0	181	step_2_no_load	5	6	0.508735114046	0.342402764747	6	415	1	
331	0	182	step_1_no_load	1	2	2	297	
331	0	182	step_2_no_load	5	6	0.506773281362	0.340533666308	6	251	0	
331	0	183	step_1_no_load	1	2	2	276	
331	0	183	step_2_no_load	5	6	0.502991759047	0.350175837802	5	330	0	
331	0	184	step_1_no_load	1	2	2	384	
331	0	184	step_2_no_load	3	4	0.480863422096	0.657291439324	4	335	0	
331	0	185	step_1_no_load	1	2	2	370	
331	0	185	step_2_no_load	5	6	0.479703516092	0.362611152222	5	458	1	
331	0	186	step_1_no_load	1	2	2	405	
331	0	186	step_2_no_load	5	6	0.46870859828	0.332733011923	5	335	1	
331	0	187	step_1_no_load	1	2	2	487	
331	0	187	step_2_no_load	3	4	0.498596507669	0.678211978625	3	479	0	
331	0	188	step_1_no_load	1	2	1	1139	
331	0	188	step_2_no_load	3	4	0.548350535247	0.696362660087	4	527	0	
331	0	189	step_1_no_load	1	2	2	317	
331	0	189	step_2_no_load	5	6	0.448897869069	0.285168135955	6	249	0	
331	0	190	step_1_no_load	1	2	1	585	
331	0	190	step_2_no_load	5	6	0.433568856946	0.304557739386	5	778	0	
331	0	191	step_1_no_load	1	2	2	249	
331	0	191	step_2_no_load	3	4	0.512103523931	0.664271461991	3	240	1	
331	0	192	step_1_no_load	1	2	2	244	
331	0	192	step_2_no_load	3	4	0.493851022417	0.705517419189	3	446	1	
331	0	193	step_1_no_load	1	2	2	373	
331	0	193	step_2_no_load	5	6	0.440813209638	0.321008037746	5	292	0	
331	0	194	step_1_no_load	1	2	2	295	
331	0	194	step_2_no_load	5	6	0.433250459893	0.342437174514	6	274	1	
331	0	195	step_1_no_load	1	2	2	238	
331	0	195	step_2_no_load	3	4	0.494102184238	0.646280688878	4	317	1	
331	0	196	step_1_no_load	1	2	2	288	
331	0	196	step_2_no_load	3	4	0.496717662777	0.695101215304	4	360	0	
331	0	197	step_1_no_load	1	2	2	305	
331	0	197	step_2_no_load	5	6	0.422511153127	0.316987700969	6	456	0	
331	0	198	step_1_no_load	1	2	2	269	
331	0	198	step_2_no_load	5	6	0.397292432346	0.303352625941	5	348	0	
331	0	199	step_1_no_load	1	2	1	621	
331	0	199	step_2_no_load	3	4	0.529438031858	0.73697129762	3	427	1	
331	0	200	step_1_no_load	1	2	1	516	
331	0	200	step_2_no_load	3	4	0.507902534353	0.728996708473	3	321	0	

Tue Mar  2 17:32:10 2021
