Thu Mar 11 17:12:51 2021	
335	0	1	step_1_no_load	1	2	1	713	
335	0	1	step_2_no_load	5	6	0.511789129507	0.598297890399	5	532	1	
335	0	2	step_1_no_load	1	2	1	401	
335	0	2	step_2_no_load	5	6	0.533203491871	0.580156942153	5	376	0	
335	0	3	step_1_no_load	1	2	1	547	
335	0	3	step_2_no_load	3	4	0.476767372206	0.589215227351	-1	-1	-1	
335	0	4	step_1_no_load	1	2	2	429	
335	0	4	step_2_no_load	5	6	0.494597764192	0.597491569846	5	546	1	
335	0	5	step_1_no_load	1	2	2	509	
335	0	5	step_2_no_load	5	6	0.543908521457	0.623810210114	5	811	0	
335	0	6	step_1_no_load	1	2	1	651	
335	0	6	step_2_no_load	3	4	0.506877622204	0.603642866427	3	1258	0	
335	0	7	step_1_no_load	1	2	1	333	
335	0	7	step_2_no_load	5	6	0.506408070053	0.568656746487	-1	-1	-1	
335	0	8	step_1_no_load	1	2	1	352	
335	0	8	step_2_no_load	5	6	0.499203529332	0.59128639594	5	664	0	
335	0	9	step_1_no_load	1	2	1	509	
335	0	9	step_2_no_load	3	4	0.496546708465	0.641106877158	4	1083	0	
335	0	10	step_1_no_load	1	2	1	694	
335	0	10	step_2_no_load	3	4	0.482364178155	0.636063269715	3	1023	0	
335	0	11	step_1_no_load	1	2	2	387	
335	0	11	step_2_no_load	5	6	0.59022801242	0.69163818036	6	946	0	
335	0	12	step_1_no_load	1	2	2	437	
335	0	12	step_2_no_load	5	6	0.597131918027	0.682786328054	5	685	1	
335	0	13	step_1_no_load	1	2	2	281	
335	0	13	step_2_no_load	5	6	0.595790490356	0.653587098421	5	679	1	
335	0	14	step_1_no_load	1	2	1	313	
335	0	14	step_2_no_load	3	4	0.491234392147	0.545555696267	4	1162	1	
335	0	15	step_1_no_load	1	2	2	886	
335	0	15	step_2_no_load	5	6	0.633564630036	0.612260006668	5	614	1	
335	0	16	step_1_no_load	1	2	1	267	
335	0	16	step_2_no_load	3	4	0.510958036527	0.553308964466	3	827	0	
335	0	17	step_1_no_load	1	2	2	321	
335	0	17	step_2_no_load	3	4	0.535958400205	0.562895132605	3	423	0	
335	0	18	step_1_no_load	1	2	1	386	
335	0	18	step_2_no_load	3	4	0.517514133912	0.553554620302	4	905	0	
335	0	19	step_1_no_load	1	2	2	299	
335	0	19	step_2_no_load	5	6	0.644773170243	0.619895761657	5	769	1	
335	0	20	step_1_no_load	1	2	2	324	
335	0	20	step_2_no_load	5	6	0.60665343963	0.636521555122	5	746	1	
335	0	21	step_1_no_load	1	2	2	305	
335	0	21	step_2_no_load	3	4	0.49769376036	0.470207377245	4	912	1	
335	0	22	step_1_no_load	1	2	1	308	
335	0	22	step_2_no_load	3	4	0.506100011497	0.468700882609	4	754	1	
335	0	23	step_1_no_load	1	2	2	271	
335	0	23	step_2_no_load	5	6	0.604065470975	0.640163623731	5	406	0	
335	0	24	step_1_no_load	1	2	2	251	
335	0	24	step_2_no_load	5	6	0.5800912085	0.582115115688	6	561	1	
335	0	25	step_1_no_load	1	2	2	260	
335	0	25	step_2_no_load	3	4	0.503316372362	0.503605105412	4	883	1	
335	0	26	step_1_no_load	1	2	1	260	
335	0	26	step_2_no_load	5	6	0.640635035276	0.592410219737	6	875	1	
335	0	27	step_1_no_load	1	2	2	287	
335	0	27	step_2_no_load	3	4	0.507272671939	0.54756089792	4	942	1	
335	0	28	step_1_no_load	1	2	2	403	
335	0	28	step_2_no_load	3	4	0.520177259699	0.553259388875	3	770	1	
335	0	29	step_1_no_load	1	2	2	326	
335	0	29	step_2_no_load	5	6	0.618626354124	0.606613029227	5	694	1	
335	0	30	step_1_no_load	1	2	1	298	
335	0	30	step_2_no_load	3	4	0.4919199548	0.574272497114	4	963	1	
335	0	31	step_1_no_load	1	2	2	302	
335	0	31	step_2_no_load	3	4	0.483156722265	0.541819886458	-1	-1	-1	
335	0	32	step_1_no_load	1	2	1	401	
335	0	32	step_2_no_load	5	6	0.605616211083	0.634585171267	5	431	1	
335	0	33	step_1_no_load	1	2	1	797	
335	0	33	step_2_no_load	5	6	0.618000238621	0.611700032906	5	636	1	
335	0	34	step_1_no_load	1	2	2	256	
335	0	34	step_2_no_load	5	6	0.670290552209	0.575802910074	6	870	0	
335	0	35	step_1_no_load	1	2	2	460	
335	0	35	step_2_no_load	5	6	0.649776015006	0.566827313385	5	738	0	
335	0	36	step_1_no_load	1	2	2	359	
335	0	36	step_2_no_load	3	4	0.513210053121	0.611274573488	4	749	1	
335	0	37	step_1_no_load	1	2	2	321	
335	0	37	step_2_no_load	3	4	0.543074626387	0.598446394142	4	912	1	
335	0	38	step_1_no_load	1	2	2	375	
335	0	38	step_2_no_load	5	6	0.651263699161	0.539078491643	5	445	1	
335	0	39	step_1_no_load	1	2	1	497	
335	0	39	step_2_no_load	5	6	0.634483337633	0.557005857101	5	743	0	
335	0	40	step_1_no_load	1	2	1	351	
335	0	40	step_2_no_load	3	4	0.5691386571	0.607992802154	4	853	1	
335	0	41	step_1_no_load	1	2	2	290	
335	0	41	step_2_no_load	5	6	0.633285941184	0.524862294848	5	520	1	
335	0	42	step_1_no_load	1	2	1	270	
335	0	42	step_2_no_load	5	6	0.606696263624	0.533857158543	6	372	0	
335	0	43	step_1_no_load	1	2	1	473	
335	0	43	step_2_no_load	3	4	0.548128010644	0.612705031264	4	687	0	
335	0	44	step_1_no_load	1	2	2	332	
335	0	44	step_2_no_load	5	6	0.589653131867	0.541854396676	5	378	1	
335	0	45	step_1_no_load	1	2	2	255	
335	0	45	step_2_no_load	5	6	0.620699591043	0.579346234508	6	633	0	
335	0	46	step_1_no_load	1	2	2	341	
335	0	46	step_2_no_load	5	6	0.654261318712	0.55511883717	5	772	1	
335	0	47	step_1_no_load	1	2	2	305	
335	0	47	step_2_no_load	3	4	0.493112702321	0.598724660986	4	912	1	
335	0	48	step_1_no_load	1	2	2	325	
335	0	48	step_2_no_load	5	6	0.657624935632	0.534690828011	5	892	1	
335	0	49	step_1_no_load	1	2	1	649	
335	0	49	step_2_no_load	3	4	0.489287375157	0.610193185592	4	760	0	
335	0	50	step_1_no_load	1	2	1	644	
335	0	50	step_2_no_load	5	6	0.593458480934	0.481616544184	5	747	1	
335	0	51	step_1_no_load	1	2	1	420	
335	0	51	step_2_no_load	3	4	0.469943944943	0.564866799699	3	772	0	
335	0	52	step_1_no_load	1	2	1	394	
335	0	52	step_2_no_load	3	4	0.429622901875	0.539065404057	4	1192	0	
335	0	53	step_1_no_load	1	2	1	308	
335	0	53	step_2_no_load	3	4	0.451905460347	0.551457882502	3	1118	0	
335	0	54	step_1_no_load	1	2	1	458	
335	0	54	step_2_no_load	3	4	0.491512498697	0.570223904064	3	481	1	
335	0	55	step_1_no_load	1	2	1	435	
335	0	55	step_2_no_load	5	6	0.639840796975	0.526704292526	5	739	0	
335	0	56	step_1_no_load	1	2	1	389	
335	0	56	step_2_no_load	3	4	0.459773408493	0.601856598146	3	964	1	
335	0	57	step_1_no_load	1	2	1	311	
335	0	57	step_2_no_load	5	6	0.586335094239	0.516475618243	5	766	1	
335	0	58	step_1_no_load	1	2	1	466	
335	0	58	step_2_no_load	3	4	0.478335218822	0.664682809182	3	753	1	
335	0	59	step_1_no_load	1	2	1	254	
335	0	59	step_2_no_load	3	4	0.480274332693	0.632500293208	3	733	1	
335	0	60	step_1_no_load	1	2	1	289	
335	0	60	step_2_no_load	3	4	0.491916707098	0.623687406259	3	593	1	
335	0	61	step_1_no_load	1	2	1	268	
335	0	61	step_2_no_load	5	6	0.602879526975	0.527144452559	5	458	0	
335	0	62	step_1_no_load	1	2	1	752	
335	0	62	step_2_no_load	5	6	0.622820395113	0.533031417444	6	550	1	
335	0	63	step_1_no_load	1	2	2	244	
335	0	63	step_2_no_load	3	4	0.53192660365	0.664284493458	3	970	0	
335	0	64	step_1_no_load	1	2	2	399	
335	0	64	step_2_no_load	5	6	0.626149195169	0.533849886794	6	477	1	
335	0	65	step_1_no_load	1	2	2	313	
335	0	65	step_2_no_load	5	6	0.619953360065	0.517687993213	6	560	1	
335	0	66	step_1_no_load	1	2	2	285	
335	0	66	step_2_no_load	5	6	0.630357351236	0.555324764318	6	563	1	
335	0	67	step_1_no_load	1	2	2	368	
335	0	67	step_2_no_load	5	6	0.674463681351	0.538279387614	6	679	0	
335	0	68	step_1_no_load	1	2	1	582	
335	0	68	step_2_no_load	3	4	0.509127161919	0.622963076372	4	868	0	
335	0	69	step_1_no_load	1	2	1	460	
335	0	69	step_2_no_load	3	4	0.499137600991	0.622221685203	3	650	1	
335	0	70	step_1_no_load	1	2	1	440	
335	0	70	step_2_no_load	5	6	0.697741832068	0.548075770764	5	1151	1	
335	0	71	step_1_no_load	1	2	1	548	
335	0	71	step_2_no_load	3	4	0.482863323776	0.639174917797	3	1011	1	
335	0	72	step_1_no_load	1	2	2	280	
335	0	72	step_2_no_load	5	6	0.705884789502	0.556486305476	5	655	1	
335	0	73	step_1_no_load	1	2	2	499	
335	0	73	step_2_no_load	5	6	0.727961155836	0.50185699984	5	626	1	
335	0	74	step_1_no_load	1	2	2	319	
335	0	74	step_2_no_load	3	4	0.453420386428	0.614462146454	3	1040	1	
335	0	75	step_1_no_load	1	2	2	398	
335	0	75	step_2_no_load	3	4	0.44832280175	0.615552849174	3	733	0	
335	0	76	step_1_no_load	1	2	1	97	
335	0	76	step_2_no_load	5	6	0.690117652944	0.518881389358	5	552	0	
335	0	77	step_1_no_load	1	2	1	1	
335	0	77	step_2_no_load	3	4	0.446809557226	0.564257587118	4	620	1	
335	0	78	step_1_no_load	1	2	1	319	
335	0	78	step_2_no_load	5	6	0.647586191228	0.538654072849	5	613	1	
335	0	79	step_1_no_load	1	2	1	329	
335	0	79	step_2_no_load	3	4	0.389124152368	0.513695512795	4	880	1	
335	0	80	step_1_no_load	1	2	1	388	
335	0	80	step_2_no_load	3	4	0.396016175285	0.518583383166	4	643	1	
335	0	81	step_1_no_load	1	2	1	497	
335	0	81	step_2_no_load	5	6	0.702400933084	0.494116554432	5	455	1	
335	0	82	step_1_no_load	1	2	1	486	
335	0	82	step_2_no_load	3	4	0.395813831323	0.564729328387	4	812	1	
335	0	83	step_1_no_load	1	2	1	311	
335	0	83	step_2_no_load	3	4	0.382772464038	0.607907985871	3	438	0	
335	0	84	step_1_no_load	1	2	1	395	
335	0	84	step_2_no_load	3	4	0.385087938645	0.65843840156	4	849	0	
335	0	85	step_1_no_load	1	2	2	143	
335	0	85	step_2_no_load	3	4	0.384458259121	0.692384972752	4	1158	1	
335	0	86	step_1_no_load	1	2	2	446	
335	0	86	step_2_no_load	5	6	0.721207648497	0.486462788728	6	797	0	
335	0	87	step_1_no_load	1	2	2	427	
335	0	87	step_2_no_load	5	6	0.690012761069	0.493867001103	6	1346	1	
335	0	88	step_1_no_load	1	2	2	646	
335	0	88	step_2_no_load	5	6	0.696773608304	0.509563243675	-1	-1	-1	
335	0	89	step_1_no_load	1	2	2	410	
335	0	89	step_2_no_load	5	6	0.660112261017	0.490019385174	6	577	1	
335	0	90	step_1_no_load	1	2	2	404	
335	0	90	step_2_no_load	3	4	0.411459496853	0.712247848046	4	827	1	
335	0	91	step_1_no_load	1	2	2	408	
335	0	91	step_2_no_load	5	6	0.657820521772	0.479087223222	6	870	0	
335	0	92	step_1_no_load	1	2	1	410	
335	0	92	step_2_no_load	3	4	0.444368850664	0.692406274724	4	729	1	
335	0	93	step_1_no_load	1	2	1	447	
335	0	93	step_2_no_load	3	4	0.439878153082	0.70415710998	4	893	1	
335	0	94	step_1_no_load	1	2	1	393	
335	0	94	step_2_no_load	5	6	0.668295023896	0.468637558205	5	760	1	
335	0	95	step_1_no_load	1	2	1	349	
335	0	95	step_2_no_load	3	4	0.427150666411	0.715495469274	3	364	1	
335	0	96	step_1_no_load	1	2	1	344	
335	0	96	step_2_no_load	3	4	0.383038640121	0.693739812506	3	439	1	
335	0	97	step_1_no_load	1	2	2	323	
335	0	97	step_2_no_load	5	6	0.651202057411	0.455601814112	5	753	0	
335	0	98	step_1_no_load	1	2	2	359	
335	0	98	step_2_no_load	3	4	0.409778171713	0.70287861952	4	678	1	
335	0	99	step_1_no_load	1	2	2	732	
335	0	99	step_2_no_load	5	6	0.645191748454	0.375249961522	5	1043	0	
335	0	100	step_1_no_load	1	2	2	559	
335	0	100	step_2_no_load	5	6	0.66579920021	0.363162156005	5	1014	0	
335	0	101	step_1_no_load	1	2	2	347	
335	0	101	step_2_no_load	3	4	0.497432607584	0.623812401974	4	898	1	
335	0	102	step_1_no_load	1	2	2	593	
335	0	102	step_2_no_load	5	6	0.663124617603	0.326080462175	6	1287	0	
335	0	103	step_1_no_load	1	2	2	468	
335	0	103	step_2_no_load	5	6	0.69058998368	0.322834495838	5	978	1	
335	0	104	step_1_no_load	1	2	1	433	
335	0	104	step_2_no_load	5	6	0.743372642809	0.303696146503	5	1360	1	
335	0	105	step_1_no_load	1	2	1	445	
335	0	105	step_2_no_load	3	4	0.514318365187	0.689135357059	4	722	1	
335	0	106	step_1_no_load	1	2	1	318	
335	0	106	step_2_no_load	3	4	0.508908032404	0.712883638252	4	768	0	
335	0	107	step_1_no_load	1	2	2	350	
335	0	107	step_2_no_load	5	6	0.677514185929	0.388257337796	5	645	1	
335	0	108	step_1_no_load	1	2	1	537	
335	0	108	step_2_no_load	5	6	0.681491063126	0.388185708856	5	707	0	
335	0	109	step_1_no_load	1	2	2	350	
335	0	109	step_2_no_load	5	6	0.68658494263	0.372328831887	5	502	0	
335	0	110	step_1_no_load	1	2	1	351	
335	0	110	step_2_no_load	3	4	0.432626681236	0.729599891941	4	518	0	
335	0	111	step_1_no_load	1	2	1	419	
335	0	111	step_2_no_load	3	4	0.384948378665	0.724852671171	3	503	0	
335	0	112	step_1_no_load	1	2	1	483	
335	0	112	step_2_no_load	5	6	0.635252945963	0.413393106784	5	665	1	
335	0	113	step_1_no_load	1	2	1	576	
335	0	113	step_2_no_load	3	4	0.370697120277	0.719324307956	4	727	1	
335	0	114	step_1_no_load	1	2	1	508	
335	0	114	step_2_no_load	5	6	0.657654904272	0.384736699284	5	691	1	
335	0	115	step_1_no_load	1	2	1	665	
335	0	115	step_2_no_load	5	6	0.645721217949	0.357661171116	5	583	0	
335	0	116	step_1_no_load	1	2	1	405	
335	0	116	step_2_no_load	5	6	0.680124293449	0.369438791876	6	650	1	
335	0	117	step_1_no_load	1	2	1	526	
335	0	117	step_2_no_load	3	4	0.374621793791	0.747012267642	4	565	1	
335	0	118	step_1_no_load	1	2	1	442	
335	0	118	step_2_no_load	3	4	0.357645851833	0.740051715856	4	545	1	
335	0	119	step_1_no_load	1	2	1	453	
335	0	119	step_2_no_load	5	6	0.661177321751	0.358243439099	5	500	0	
335	0	120	step_1_no_load	1	2	1	537	
335	0	120	step_2_no_load	3	4	0.370150243662	0.70587238626	4	696	1	
335	0	121	step_1_no_load	1	2	1	733	
335	0	121	step_2_no_load	5	6	0.671052306195	0.310775244958	5	525	0	
335	0	122	step_1_no_load	1	2	2	722	
335	0	122	step_2_no_load	3	4	0.329624572119	0.6136886145	3	864	1	
335	0	123	step_1_no_load	1	2	2	405	
335	0	123	step_2_no_load	5	6	0.664849878232	0.269780614928	5	1371	0	
335	0	124	step_1_no_load	1	2	1	642	
335	0	124	step_2_no_load	5	6	0.624161788269	0.26095206597	5	783	0	
335	0	125	step_1_no_load	1	2	1	411	
335	0	125	step_2_no_load	3	4	0.303110862715	0.559596800931	4	962	0	
335	0	126	step_1_no_load	1	2	1	521	
335	0	126	step_2_no_load	5	6	0.600985760967	0.267206368684	5	746	0	
335	0	127	step_1_no_load	1	2	2	572	
335	0	127	step_2_no_load	5	6	0.646945556251	0.273483952592	5	1355	0	
335	0	128	step_1_no_load	1	2	1	904	
335	0	128	step_2_no_load	5	6	0.620672334996	0.260252451606	6	991	0	
335	0	129	step_1_no_load	1	2	2	795	
335	0	129	step_2_no_load	3	4	0.271709703542	0.685297910719	3	1386	0	
335	0	130	step_1_no_load	1	2	2	506	
335	0	130	step_2_no_load	5	6	0.630285316669	0.267460866951	5	1319	1	
335	0	131	step_1_no_load	1	2	2	468	
335	0	131	step_2_no_load	5	6	0.638450601212	0.281500842289	5	882	1	
335	0	132	step_1_no_load	1	2	1	1032	
335	0	132	step_2_no_load	3	4	0.315328810424	0.668578020634	-1	-1	-1	
335	0	133	step_1_no_load	1	2	1	570	
335	0	133	step_2_no_load	3	4	0.312642735495	0.617383991623	3	761	0	
335	0	134	step_1_no_load	1	2	1	279	
335	0	134	step_2_no_load	3	4	0.302839427162	0.621945110858	4	1076	0	
335	0	135	step_1_no_load	1	2	1	601	
335	0	135	step_2_no_load	3	4	0.287118934166	0.593710006149	4	815	1	
335	0	136	step_1_no_load	1	2	1	491	
335	0	136	step_2_no_load	3	4	0.284521085726	0.597814413435	4	770	1	
335	0	137	step_1_no_load	1	2	2	505	
335	0	137	step_2_no_load	3	4	0.325016613024	0.605896884497	4	488	1	
335	0	138	step_1_no_load	1	2	2	357	
335	0	138	step_2_no_load	3	4	0.307694123906	0.63240964674	4	444	1	
335	0	139	step_1_no_load	1	2	2	244	
335	0	139	step_2_no_load	3	4	0.323660750961	0.636630981281	4	417	1	
335	0	140	step_1_no_load	1	2	2	327	
335	0	140	step_2_no_load	5	6	0.637682840728	0.348740542008	5	1197	1	
335	0	141	step_1_no_load	1	2	2	388	
335	0	141	step_2_no_load	5	6	0.616803346728	0.390227133375	5	411	1	
335	0	142	step_1_no_load	1	2	2	352	
335	0	142	step_2_no_load	3	4	0.304203281606	0.690276058009	4	597	1	
335	0	143	step_1_no_load	1	2	1	282	
335	0	143	step_2_no_load	3	4	0.313516825296	0.661365099615	4	407	0	
335	0	144	step_1_no_load	1	2	1	324	
335	0	144	step_2_no_load	3	4	0.275932517017	0.626443722248	3	1052	1	
335	0	145	step_1_no_load	1	2	1	330	
335	0	145	step_2_no_load	3	4	0.266265924094	0.6669125229	3	465	1	
335	0	146	step_1_no_load	1	2	1	365	
335	0	146	step_2_no_load	3	4	0.257861956214	0.681611991725	3	636	0	
335	0	147	step_1_no_load	1	2	1	376	
335	0	147	step_2_no_load	3	4	0.265578160642	0.647798886916	3	440	1	
335	0	148	step_1_no_load	1	2	1	397	
335	0	148	step_2_no_load	5	6	0.648050021239	0.311162711725	5	348	1	
335	0	149	step_1_no_load	1	2	1	482	
335	0	149	step_2_no_load	3	4	0.269951834184	0.601870110183	3	319	1	
335	0	150	step_1_no_load	1	2	1	293	
335	0	150	step_2_no_load	3	4	0.305587692243	0.575985663078	3	628	0	
335	0	151	step_1_no_load	1	2	1	353	
335	0	151	step_2_no_load	5	6	0.614159737668	0.310557101463	5	719	1	
335	0	152	step_1_no_load	1	2	1	379	
335	0	152	step_2_no_load	3	4	0.307702500543	0.595108765344	4	882	1	
335	0	153	step_1_no_load	1	2	1	416	
335	0	153	step_2_no_load	3	4	0.309356532263	0.613336203392	4	551	1	
335	0	154	step_1_no_load	1	2	1	348	
335	0	154	step_2_no_load	3	4	0.316375537537	0.638934099562	4	594	1	
335	0	155	step_1_no_load	1	2	1	320	
335	0	155	step_2_no_load	3	4	0.296093457977	0.632486591889	4	783	0	
335	0	156	step_1_no_load	1	2	1	315	
335	0	156	step_2_no_load	3	4	0.32564867104	0.631048201903	3	730	0	
335	0	157	step_1_no_load	1	2	2	382	
335	0	157	step_2_no_load	5	6	0.720725456325	0.324728201487	5	565	1	
335	0	158	step_1_no_load	1	2	2	410	
335	0	158	step_2_no_load	3	4	0.408728803896	0.532722108502	3	873	1	
335	0	159	step_1_no_load	1	2	2	293	
335	0	159	step_2_no_load	5	6	0.697903160072	0.321150411254	5	778	1	
335	0	160	step_1_no_load	1	2	2	353	
335	0	160	step_2_no_load	5	6	0.710728171711	0.355992626298	5	448	1	
335	0	161	step_1_no_load	1	2	2	380	
335	0	161	step_2_no_load	3	4	0.407025633682	0.516036498158	3	611	0	
335	0	162	step_1_no_load	1	2	2	255	
335	0	162	step_2_no_load	5	6	0.695144769903	0.455329532209	5	437	1	
335	0	163	step_1_no_load	1	2	2	379	
335	0	163	step_2_no_load	5	6	0.697095951435	0.430920885959	5	523	0	
335	0	164	step_1_no_load	1	2	1	328	
335	0	164	step_2_no_load	3	4	0.432761720497	0.585961845322	4	415	1	
335	0	165	step_1_no_load	1	2	1	357	
335	0	165	step_2_no_load	3	4	0.463777557969	0.538026607649	4	381	1	
335	0	166	step_1_no_load	1	2	1	330	
335	0	166	step_2_no_load	3	4	0.422282731054	0.549095060025	4	361	1	
335	0	167	step_1_no_load	1	2	1	390	
335	0	167	step_2_no_load	3	4	0.38753671275	0.585131062446	4	389	1	
335	0	168	step_1_no_load	1	2	1	473	
335	0	168	step_2_no_load	3	4	0.400817642375	0.613361520676	4	360	1	
335	0	169	step_1_no_load	1	2	1	396	
335	0	169	step_2_no_load	3	4	0.42098542374	0.586049140041	4	236	0	
335	0	170	step_1_no_load	1	2	1	49	
335	0	170	step_2_no_load	3	4	0.411067820436	0.57151385403	3	392	1	
335	0	171	step_1_no_load	1	2	2	540	
335	0	171	step_2_no_load	3	4	0.386979310814	0.553314431843	3	947	1	
335	0	172	step_1_no_load	1	2	2	424	
335	0	172	step_2_no_load	5	6	0.668669556875	0.490120307546	6	663	1	
335	0	173	step_1_no_load	1	2	2	491	
335	0	173	step_2_no_load	5	6	0.667027212577	0.462866379815	6	617	0	
335	0	174	step_1_no_load	1	2	2	407	
335	0	174	step_2_no_load	5	6	0.729877433725	0.46236234172	5	550	1	
335	0	175	step_1_no_load	1	2	2	676	
335	0	175	step_2_no_load	5	6	0.693968268443	0.484825491933	5	507	0	
335	0	176	step_1_no_load	1	2	2	695	
335	0	176	step_2_no_load	3	4	0.383231572002	0.474046874473	-1	-1	-1	
335	0	177	step_1_no_load	1	2	1	712	
335	0	177	step_2_no_load	3	4	0.357425668099	0.501268576771	3	1079	1	
335	0	178	step_1_no_load	1	2	1	689	
335	0	178	step_2_no_load	3	4	0.36473828006	0.493712351915	3	881	0	
335	0	179	step_1_no_load	1	2	1	476	
335	0	179	step_2_no_load	3	4	0.324685418097	0.457298770028	4	491	1	
335	0	180	step_1_no_load	1	2	1	510	
335	0	180	step_2_no_load	3	4	0.341214611607	0.482853857291	4	524	0	
335	0	181	step_1_no_load	1	2	1	414	
335	0	181	step_2_no_load	3	4	0.342402764747	0.508735114046	3	925	0	
335	0	182	step_1_no_load	1	2	2	419	
335	0	182	step_2_no_load	5	6	0.72717560423	0.49907747228	5	546	1	
335	0	183	step_1_no_load	1	2	2	367	
335	0	183	step_2_no_load	5	6	0.720388040749	0.492742497507	5	414	1	
335	0	184	step_1_no_load	1	2	2	365	
335	0	184	step_2_no_load	5	6	0.657291439324	0.480863422096	5	419	1	
335	0	185	step_1_no_load	1	2	2	224	
335	0	185	step_2_no_load	5	6	0.665622647081	0.482228039858	5	366	0	
335	0	186	step_1_no_load	1	2	2	268	
335	0	186	step_2_no_load	5	6	0.656308636836	0.484672582719	6	970	1	
335	0	187	step_1_no_load	1	2	2	285	
335	0	187	step_2_no_load	5	6	0.678211978625	0.498596507669	6	355	0	
335	0	188	step_1_no_load	1	2	2	401	
335	0	188	step_2_no_load	5	6	0.696362660087	0.548350535247	5	808	1	
335	0	189	step_1_no_load	1	2	2	317	
335	0	189	step_2_no_load	5	6	0.688353284054	0.534753756004	5	540	0	
335	0	190	step_1_no_load	1	2	1	275	
335	0	190	step_2_no_load	3	4	0.304557739386	0.433568856946	4	849	1	
335	0	191	step_1_no_load	1	2	1	493	
335	0	191	step_2_no_load	3	4	0.318839908867	0.435748387321	4	412	1	
335	0	192	step_1_no_load	1	2	1	321	
335	0	192	step_2_no_load	5	6	0.705517419189	0.493851022417	6	288	1	
335	0	193	step_1_no_load	1	2	1	333	
335	0	193	step_2_no_load	3	4	0.321008037746	0.440813209638	4	964	1	
335	0	194	step_1_no_load	1	2	1	521	
335	0	194	step_2_no_load	3	4	0.342437174514	0.433250459893	4	600	1	
335	0	195	step_1_no_load	1	2	1	693	
335	0	195	step_2_no_load	5	6	0.646280688878	0.494102184238	5	956	1	
335	0	196	step_1_no_load	1	2	1	353	
335	0	196	step_2_no_load	3	4	0.365373286058	0.421761207498	4	383	1	
335	0	197	step_1_no_load	1	2	1	317	
335	0	197	step_2_no_load	3	4	0.316987700969	0.422511153127	4	455	0	
335	0	198	step_1_no_load	1	2	1	730	
335	0	198	step_2_no_load	3	4	0.303352625941	0.397292432346	3	625	0	
335	0	199	step_1_no_load	1	2	1	478	
335	0	199	step_2_no_load	3	4	0.292861528884	0.39793773834	3	1398	0	
335	0	200	step_1_no_load	1	2	1	369	
335	0	200	step_2_no_load	3	4	0.299128796668	0.372436949782	4	568	0	

Thu Mar 11 17:30:49 2021
