Fri Mar 19 17:23:31 2021	
336	0	1	step_1_no_load	1	2	1	1113	
336	0	1	step_2_no_load	5	6	0.594299910136	0.598297890399	5	612	1	
336	0	2	step_1_no_load	1	2	1	747	
336	0	2	step_2_no_load	3	4	0.474613197709	0.533203491871	3	505	1	
336	0	3	step_1_no_load	1	2	1	341	
336	0	3	step_2_no_load	5	6	0.589215227351	0.584197065669	5	269	0	
336	0	4	step_1_no_load	1	2	1	538	
336	0	4	step_2_no_load	5	6	0.564086293706	0.597491569846	6	256	0	
336	0	5	step_1_no_load	1	2	2	491	
336	0	5	step_2_no_load	3	4	0.495568760483	0.543908521457	4	858	0	
336	0	6	step_1_no_load	1	2	1	487	
336	0	6	step_2_no_load	5	6	0.603642866427	0.585722686883	5	341	0	
336	0	7	step_1_no_load	1	2	1	722	
336	0	7	step_2_no_load	3	4	0.500071913476	0.506408070053	3	889	1	
336	0	8	step_1_no_load	1	2	1	760	
336	0	8	step_2_no_load	3	4	0.489816616396	0.499203529332	4	798	1	
336	0	9	step_1_no_load	1	2	1	756	
336	0	9	step_2_no_load	5	6	0.641106877158	0.598049061473	5	1058	0	
336	0	10	step_1_no_load	1	2	2	432	
336	0	10	step_2_no_load	5	6	0.636063269715	0.652626043146	5	846	0	
336	0	11	step_1_no_load	1	2	2	338	
336	0	11	step_2_no_load	3	4	0.477013315682	0.59022801242	4	657	1	
336	0	12	step_1_no_load	1	2	2	374	
336	0	12	step_2_no_load	3	4	0.48457206759	0.597131918027	4	557	1	
336	0	13	step_1_no_load	1	2	2	474	
336	0	13	step_2_no_load	5	6	0.558313135925	0.653587098421	6	738	1	
336	0	14	step_1_no_load	1	2	2	390	
336	0	14	step_2_no_load	3	4	0.491234392147	0.611256675753	4	948	1	
336	0	15	step_1_no_load	1	2	2	547	
336	0	15	step_2_no_load	5	6	0.570419113221	0.612260006668	5	865	0	
336	0	16	step_1_no_load	1	2	2	1046	
336	0	16	step_2_no_load	5	6	0.553308964466	0.628091198119	6	996	1	
336	0	17	step_1_no_load	1	2	2	600	
336	0	17	step_2_no_load	5	6	0.562895132605	0.633350170016	6	703	1	
336	0	18	step_1_no_load	1	2	2	588	
336	0	18	step_2_no_load	3	4	0.517514133912	0.626895526976	4	874	1	
336	0	19	step_1_no_load	1	2	2	663	
336	0	19	step_2_no_load	5	6	0.536502319591	0.619895761657	6	1126	1	
336	0	20	step_1_no_load	1	2	2	605	
336	0	20	step_2_no_load	5	6	0.491720931314	0.636521555122	6	884	1	
336	0	21	step_1_no_load	1	2	2	560	
336	0	21	step_2_no_load	5	6	0.470207377245	0.630305464549	6	1023	0	
336	0	22	step_1_no_load	1	2	2	475	
336	0	22	step_2_no_load	3	4	0.506100011497	0.618527126547	4	978	0	
336	0	23	step_1_no_load	1	2	2	377	
336	0	23	step_2_no_load	3	4	0.520606588181	0.604065470975	4	961	1	
336	0	24	step_1_no_load	1	2	2	429	
336	0	24	step_2_no_load	5	6	0.503316199018	0.582115115688	6	1300	0	
336	0	25	step_1_no_load	1	2	2	512	
336	0	25	step_2_no_load	5	6	0.503605105412	0.565698722896	5	718	1	
336	0	26	step_1_no_load	1	2	2	476	
336	0	26	step_2_no_load	5	6	0.532884212818	0.592410219737	5	867	0	
336	0	27	step_1_no_load	1	2	2	352	
336	0	27	step_2_no_load	5	6	0.54756089792	0.57860777711	5	1142	1	
336	0	28	step_1_no_load	1	2	2	338	
336	0	28	step_2_no_load	3	4	0.520177259699	0.647441527317	4	1016	1	
336	0	29	step_1_no_load	1	2	2	335	
336	0	29	step_2_no_load	5	6	0.561957580386	0.606613029227	5	1093	0	
336	0	30	step_1_no_load	1	2	2	249	
336	0	30	step_2_no_load	3	4	0.4919199548	0.610227092493	-1	-1	-1	
336	0	31	step_1_no_load	1	2	2	382	
336	0	31	step_2_no_load	3	4	0.483156722265	0.606122691795	3	1045	1	
336	0	32	step_1_no_load	1	2	2	344	
336	0	32	step_2_no_load	5	6	0.522993086096	0.634585171267	6	1166	1	
336	0	33	step_1_no_load	1	2	2	483	
336	0	33	step_2_no_load	3	4	0.487664344039	0.618000238621	3	1370	0	
336	0	34	step_1_no_load	1	2	2	265	
336	0	34	step_2_no_load	3	4	0.454565258478	0.670290552209	4	752	1	
336	0	35	step_1_no_load	1	2	2	564	
336	0	35	step_2_no_load	5	6	0.594167768198	0.566827313385	6	1323	1	
336	0	36	step_1_no_load	1	2	2	528	
336	0	36	step_2_no_load	5	6	0.611274573488	0.527635087561	6	655	0	
336	0	37	step_1_no_load	1	2	2	283	
336	0	37	step_2_no_load	5	6	0.598446394142	0.513822304161	5	692	1	
336	0	38	step_1_no_load	1	2	2	266	
336	0	38	step_2_no_load	3	4	0.553931241266	0.651263699161	3	1065	0	
336	0	39	step_1_no_load	1	2	2	333	
336	0	39	step_2_no_load	5	6	0.610601635554	0.557005857101	5	715	1	
336	0	40	step_1_no_load	1	2	2	328	
336	0	40	step_2_no_load	3	4	0.5691386571	0.636994900683	3	974	1	
336	0	41	step_1_no_load	1	2	2	299	
336	0	41	step_2_no_load	5	6	0.588857868869	0.524862294848	5	898	0	
336	0	42	step_1_no_load	1	2	2	463	
336	0	42	step_2_no_load	5	6	0.609164606591	0.533857158543	5	790	0	
336	0	43	step_1_no_load	1	2	2	308	
336	0	43	step_2_no_load	5	6	0.612705031264	0.553703096215	6	1210	1	
336	0	44	step_1_no_load	1	2	2	309	
336	0	44	step_2_no_load	5	6	0.611481438855	0.541854396676	6	669	1	
336	0	45	step_1_no_load	1	2	2	1049	
336	0	45	step_2_no_load	5	6	0.632991467829	0.579346234508	6	711	1	
336	0	46	step_1_no_load	1	2	2	329	
336	0	46	step_2_no_load	5	6	0.600964500555	0.55511883717	6	848	1	
336	0	47	step_1_no_load	1	2	2	461	
336	0	47	step_2_no_load	5	6	0.598724660986	0.546259467838	6	540	0	
336	0	48	step_1_no_load	1	2	2	381	
336	0	48	step_2_no_load	5	6	0.615767119776	0.534690828011	6	805	0	
336	0	49	step_1_no_load	1	2	2	264	
336	0	49	step_2_no_load	5	6	0.610193185592	0.512405963374	5	527	1	
336	0	50	step_1_no_load	1	2	2	481	
336	0	50	step_2_no_load	5	6	0.606862017918	0.481616544184	5	597	0	
336	0	51	step_1_no_load	1	2	2	264	
336	0	51	step_2_no_load	3	4	0.469943944943	0.613357430892	3	998	0	
336	0	52	step_1_no_load	1	2	2	237	
336	0	52	step_2_no_load	5	6	0.539065404057	0.513589895419	6	963	1	
336	0	53	step_1_no_load	1	2	2	277	
336	0	53	step_2_no_load	3	4	0.451905460347	0.630956764252	4	731	0	
336	0	54	step_1_no_load	1	2	2	311	
336	0	54	step_2_no_load	5	6	0.570223904064	0.493362545513	5	1477	0	
336	0	55	step_1_no_load	1	2	2	273	
336	0	55	step_2_no_load	5	6	0.574045915747	0.526704292526	6	511	0	
336	0	56	step_1_no_load	1	2	2	402	
336	0	56	step_2_no_load	3	4	0.459773408493	0.60038825769	3	881	0	
336	0	57	step_1_no_load	1	2	2	355	
336	0	57	step_2_no_load	5	6	0.641849303307	0.516475618243	6	580	0	
336	0	58	step_1_no_load	1	2	2	406	
336	0	58	step_2_no_load	5	6	0.664682809182	0.528376440027	5	669	0	
336	0	59	step_1_no_load	1	2	2	315	
336	0	59	step_2_no_load	5	6	0.632500293208	0.537400760025	6	716	0	
336	0	60	step_1_no_load	1	2	2	367	
336	0	60	step_2_no_load	5	6	0.623687406259	0.479287247283	5	454	1	
336	0	61	step_1_no_load	1	2	2	336	
336	0	61	step_2_no_load	5	6	0.669587072502	0.527144452559	5	617	1	
336	0	62	step_1_no_load	1	2	2	322	
336	0	62	step_2_no_load	3	4	0.50724109756	0.622820395113	3	993	1	
336	0	63	step_1_no_load	1	2	2	393	
336	0	63	step_2_no_load	5	6	0.664284493458	0.519445130796	6	552	0	
336	0	64	step_1_no_load	1	2	2	284	
336	0	64	step_2_no_load	5	6	0.642369708469	0.533849886794	5	595	1	
336	0	65	step_1_no_load	1	2	2	335	
336	0	65	step_2_no_load	5	6	0.612660225018	0.517687993213	5	645	1	
336	0	66	step_1_no_load	1	2	2	434	
336	0	66	step_2_no_load	5	6	0.606938648072	0.555324764318	5	1312	0	
336	0	67	step_1_no_load	1	2	2	390	
336	0	67	step_2_no_load	5	6	0.597650193897	0.538279387614	5	981	0	
336	0	68	step_1_no_load	1	2	2	728	
336	0	68	step_2_no_load	3	4	0.509127161919	0.719455209845	4	1048	1	
336	0	69	step_1_no_load	1	2	2	276	
336	0	69	step_2_no_load	5	6	0.622221685203	0.560462111264	5	835	0	
336	0	70	step_1_no_load	1	2	2	239	
336	0	70	step_2_no_load	3	4	0.498834901463	0.697741832068	3	1006	0	
336	0	71	step_1_no_load	1	2	2	290	
336	0	71	step_2_no_load	5	6	0.639174917797	0.546215110045	6	665	1	
336	0	72	step_1_no_load	1	2	2	620	
336	0	72	step_2_no_load	5	6	0.626024641967	0.556486305476	6	1115	0	
336	0	73	step_1_no_load	1	2	2	366	
336	0	73	step_2_no_load	3	4	0.435957313805	0.727961155836	3	349	1	
336	0	74	step_1_no_load	1	2	1	463	
336	0	74	step_2_no_load	5	6	0.614462146454	0.491044983779	5	510	1	
336	0	75	step_1_no_load	1	2	1	427	
336	0	75	step_2_no_load	3	4	0.44832280175	0.697629587097	3	946	1	
336	0	76	step_1_no_load	1	2	1	271	
336	0	76	step_2_no_load	5	6	0.62770291155	0.518881389358	6	870	1	
336	0	77	step_1_no_load	1	2	1	266	
336	0	77	step_2_no_load	3	4	0.446809557226	0.679737625371	3	1041	1	
336	0	78	step_1_no_load	1	2	1	479	
336	0	78	step_2_no_load	3	4	0.435911167612	0.647586191228	4	855	0	
336	0	79	step_1_no_load	1	2	1	252	
336	0	79	step_2_no_load	3	4	0.389124152368	0.647841624544	3	523	1	
336	0	80	step_1_no_load	1	2	1	295	
336	0	80	step_2_no_load	5	6	0.518583383166	0.49921021142	6	1158	1	
336	0	81	step_1_no_load	1	2	1	258	
336	0	81	step_2_no_load	3	4	0.419265522488	0.702400933084	3	570	0	
336	0	82	step_1_no_load	1	2	1	308	
336	0	82	step_2_no_load	3	4	0.395813831323	0.688340116885	4	446	0	
336	0	83	step_1_no_load	1	2	1	258	
336	0	83	step_2_no_load	5	6	0.607907985871	0.483255412498	6	770	1	
336	0	84	step_1_no_load	1	2	1	493	
336	0	84	step_2_no_load	3	4	0.385087938645	0.731466635793	-1	-1	-1	
336	0	85	step_1_no_load	1	2	1	329	
336	0	85	step_2_no_load	3	4	0.384458259121	0.712989604416	4	263	1	
336	0	86	step_1_no_load	1	2	1	708	
336	0	86	step_2_no_load	3	4	0.345323068124	0.721207648497	4	418	1	
336	0	87	step_1_no_load	1	2	1	440	
336	0	87	step_2_no_load	3	4	0.40000499778	0.690012761069	4	450	1	
336	0	88	step_1_no_load	1	2	1	286	
336	0	88	step_2_no_load	3	4	0.377947492322	0.696773608304	4	637	1	
336	0	89	step_1_no_load	1	2	1	336	
336	0	89	step_2_no_load	5	6	0.690772436485	0.490019385174	6	807	1	
336	0	90	step_1_no_load	1	2	1	316	
336	0	90	step_2_no_load	3	4	0.411459496853	0.688736868033	3	804	1	
336	0	91	step_1_no_load	1	2	1	297	
336	0	91	step_2_no_load	3	4	0.43534164751	0.657820521772	3	481	0	
336	0	92	step_1_no_load	1	2	1	554	
336	0	92	step_2_no_load	3	4	0.444368850664	0.679381608313	4	955	1	
336	0	93	step_1_no_load	1	2	2	374	
336	0	93	step_2_no_load	3	4	0.439878153082	0.662863370634	3	452	0	
336	0	94	step_1_no_load	1	2	2	355	
336	0	94	step_2_no_load	5	6	0.719464414227	0.468637558205	5	921	1	
336	0	95	step_1_no_load	1	2	2	302	
336	0	95	step_2_no_load	5	6	0.715495469274	0.42505578884	5	678	1	
336	0	96	step_1_no_load	1	2	2	329	
336	0	96	step_2_no_load	3	4	0.383038640121	0.663095813561	3	1015	1	
336	0	97	step_1_no_load	1	2	2	388	
336	0	97	step_2_no_load	3	4	0.392885664353	0.651202057411	3	498	0	
336	0	98	step_1_no_load	1	2	2	258	
336	0	98	step_2_no_load	5	6	0.70287861952	0.431479829356	6	617	0	
336	0	99	step_1_no_load	1	2	2	404	
336	0	99	step_2_no_load	3	4	0.397561363605	0.645191748454	3	426	1	
336	0	100	step_1_no_load	1	2	2	349	
336	0	100	step_2_no_load	3	4	0.4333505304	0.66579920021	3	580	1	
336	0	101	step_1_no_load	1	2	2	281	
336	0	101	step_2_no_load	5	6	0.623812401974	0.366879421891	6	952	0	
336	0	102	step_1_no_load	1	2	2	404	
336	0	102	step_2_no_load	5	6	0.666304534392	0.326080462175	5	956	1	
336	0	103	step_1_no_load	1	2	2	265	
336	0	103	step_2_no_load	3	4	0.481975449893	0.69058998368	3	959	0	
336	0	104	step_1_no_load	1	2	2	308	
336	0	104	step_2_no_load	5	6	0.703870701136	0.303696146503	5	1034	1	
336	0	105	step_1_no_load	1	2	2	445	
336	0	105	step_2_no_load	5	6	0.689135357059	0.352639603242	5	787	1	
336	0	106	step_1_no_load	1	2	2	281	
336	0	106	step_2_no_load	3	4	0.508908032404	0.699623252899	3	856	0	
336	0	107	step_1_no_load	1	2	2	275	
336	0	107	step_2_no_load	5	6	0.692607431435	0.388257337796	5	978	1	
336	0	108	step_1_no_load	1	2	2	317	
336	0	108	step_2_no_load	5	6	0.695928523711	0.388185708856	5	676	1	
336	0	109	step_1_no_load	1	2	2	336	
336	0	109	step_2_no_load	5	6	0.71632547018	0.372328831887	5	831	0	
336	0	110	step_1_no_load	1	2	2	472	
336	0	110	step_2_no_load	5	6	0.729599891941	0.395544455384	5	824	1	
336	0	111	step_1_no_load	1	2	2	259	
336	0	111	step_2_no_load	5	6	0.724852671171	0.407158158569	5	665	0	
336	0	112	step_1_no_load	1	2	2	285	
336	0	112	step_2_no_load	5	6	0.725701866094	0.413393106784	6	348	0	
336	0	113	step_1_no_load	1	2	2	280	
336	0	113	step_2_no_load	5	6	0.719324307956	0.387112818105	6	327	0	
336	0	114	step_1_no_load	1	2	2	316	
336	0	114	step_2_no_load	5	6	0.718213323791	0.384736699284	5	339	1	
336	0	115	step_1_no_load	1	2	2	305	
336	0	115	step_2_no_load	5	6	0.739704344621	0.357661171116	5	591	1	
336	0	116	step_1_no_load	1	2	2	291	
336	0	116	step_2_no_load	5	6	0.706736514943	0.369438791876	5	593	1	
336	0	117	step_1_no_load	1	2	2	412	
336	0	117	step_2_no_load	5	6	0.747012267642	0.363056877927	5	733	0	
336	0	118	step_1_no_load	1	2	2	345	
336	0	118	step_2_no_load	5	6	0.740051715856	0.362977115924	6	623	1	
336	0	119	step_1_no_load	1	2	2	328	
336	0	119	step_2_no_load	5	6	0.690424535099	0.358243439099	6	704	1	
336	0	120	step_1_no_load	1	2	2	332	
336	0	120	step_2_no_load	3	4	0.370150243662	0.666433355915	3	939	1	
336	0	121	step_1_no_load	1	2	2	352	
336	0	121	step_2_no_load	3	4	0.352721767208	0.671052306195	3	544	0	
336	0	122	step_1_no_load	1	2	2	306	
336	0	122	step_2_no_load	5	6	0.6136886145	0.266650857402	6	480	0	
336	0	123	step_1_no_load	1	2	2	382	
336	0	123	step_2_no_load	3	4	0.337526896345	0.664849878232	4	989	0	
336	0	124	step_1_no_load	1	2	2	314	
336	0	124	step_2_no_load	5	6	0.603013298253	0.26095206597	5	657	0	
336	0	125	step_1_no_load	1	2	2	428	
336	0	125	step_2_no_load	3	4	0.303110862715	0.633566302563	3	987	0	
336	0	126	step_1_no_load	1	2	2	456	
336	0	126	step_2_no_load	5	6	0.537863824328	0.267206368684	5	1303	0	
336	0	127	step_1_no_load	1	2	2	652	
336	0	127	step_2_no_load	3	4	0.274944938508	0.646945556251	4	1402	0	
336	0	128	step_1_no_load	1	2	2	389	
336	0	128	step_2_no_load	5	6	0.636905534066	0.260252451606	5	443	1	
336	0	129	step_1_no_load	1	2	2	281	
336	0	129	step_2_no_load	5	6	0.685297910719	0.268213321963	5	704	0	
336	0	130	step_1_no_load	1	2	2	308	
336	0	130	step_2_no_load	3	4	0.274560758494	0.630285316669	3	699	0	
336	0	131	step_1_no_load	1	2	2	296	
336	0	131	step_2_no_load	5	6	0.678044920845	0.281500842289	5	1287	1	
336	0	132	step_1_no_load	1	2	2	468	
336	0	132	step_2_no_load	5	6	0.668578020634	0.27986961048	5	594	0	
336	0	133	step_1_no_load	1	2	2	328	
336	0	133	step_2_no_load	5	6	0.617383991623	0.315608831386	5	975	0	
336	0	134	step_1_no_load	1	2	2	540	
336	0	134	step_2_no_load	5	6	0.621945110858	0.287393715313	6	850	0	
336	0	135	step_1_no_load	1	2	2	675	
336	0	135	step_2_no_load	3	4	0.287118934166	0.700779221781	3	1202	0	
336	0	136	step_1_no_load	1	2	2	448	
336	0	136	step_2_no_load	5	6	0.597814413435	0.307766925452	5	734	1	
336	0	137	step_1_no_load	1	2	2	258	
336	0	137	step_2_no_load	5	6	0.605896884497	0.346433498467	5	681	0	
336	0	138	step_1_no_load	1	2	2	238	
336	0	138	step_2_no_load	5	6	0.63240964674	0.366701525561	5	613	1	
336	0	139	step_1_no_load	1	2	2	472	
336	0	139	step_2_no_load	3	4	0.323660750961	0.696355985729	4	1023	1	
336	0	140	step_1_no_load	1	2	2	493	
336	0	140	step_2_no_load	5	6	0.671213945178	0.348740542008	5	860	1	
336	0	141	step_1_no_load	1	2	2	486	
336	0	141	step_2_no_load	5	6	0.711987889705	0.390227133375	5	727	1	
336	0	142	step_1_no_load	1	2	2	370	
336	0	142	step_2_no_load	5	6	0.690276058009	0.397052682821	5	977	1	
336	0	143	step_1_no_load	1	2	2	450	
336	0	143	step_2_no_load	3	4	0.313516825296	0.610219102298	4	930	1	
336	0	144	step_1_no_load	1	2	2	398	
336	0	144	step_2_no_load	3	4	0.275932517017	0.639347300184	4	854	1	
336	0	145	step_1_no_load	1	2	2	418	
336	0	145	step_2_no_load	5	6	0.6669125229	0.355256413269	5	1009	1	
336	0	146	step_1_no_load	1	2	2	326	
336	0	146	step_2_no_load	5	6	0.681611991725	0.320877500969	5	783	1	
336	0	147	step_1_no_load	1	2	2	324	
336	0	147	step_2_no_load	3	4	0.265578160642	0.594861186319	4	771	1	
336	0	148	step_1_no_load	1	2	2	597	
336	0	148	step_2_no_load	5	6	0.619272702026	0.311162711725	5	739	1	
336	0	149	step_1_no_load	1	2	2	312	
336	0	149	step_2_no_load	5	6	0.601870110183	0.300290206122	5	800	0	
336	0	150	step_1_no_load	1	2	2	379	
336	0	150	step_2_no_load	3	4	0.305587692243	0.605912419156	4	1025	1	
336	0	151	step_1_no_load	1	2	2	309	
336	0	151	step_2_no_load	5	6	0.59154759351	0.310557101463	6	907	0	
336	0	152	step_1_no_load	1	2	2	424	
336	0	152	step_2_no_load	5	6	0.595108765344	0.323194010514	5	815	0	
336	0	153	step_1_no_load	1	2	2	355	
336	0	153	step_2_no_load	3	4	0.309356532263	0.681559292085	4	921	1	
336	0	154	step_1_no_load	1	2	2	374	
336	0	154	step_2_no_load	3	4	0.316375537537	0.671672162443	3	621	0	
336	0	155	step_1_no_load	1	2	2	315	
336	0	155	step_2_no_load	5	6	0.632486591889	0.372188990474	6	921	0	
336	0	156	step_1_no_load	1	2	2	453	
336	0	156	step_2_no_load	5	6	0.631048201903	0.368378667812	5	668	0	
336	0	157	step_1_no_load	1	2	2	377	
336	0	157	step_2_no_load	5	6	0.585191807512	0.324728201487	5	802	0	
336	0	158	step_1_no_load	1	2	2	358	
336	0	158	step_2_no_load	3	4	0.408728803896	0.694270715354	3	444	0	
336	0	159	step_1_no_load	1	2	2	361	
336	0	159	step_2_no_load	5	6	0.541222065796	0.321150411254	6	359	0	
336	0	160	step_1_no_load	1	2	2	301	
336	0	160	step_2_no_load	5	6	0.521229931064	0.355992626298	5	539	0	
336	0	161	step_1_no_load	1	2	2	377	
336	0	161	step_2_no_load	5	6	0.516036498158	0.438878285506	6	432	0	
336	0	162	step_1_no_load	1	2	2	317	
336	0	162	step_2_no_load	5	6	0.566496468084	0.455329532209	5	332	0	
336	0	163	step_1_no_load	1	2	2	243	
336	0	163	step_2_no_load	5	6	0.5863391277	0.430920885959	6	466	0	
336	0	164	step_1_no_load	1	2	1	664	
336	0	164	step_2_no_load	3	4	0.432761720497	0.692137394606	3	511	1	
336	0	165	step_1_no_load	1	2	1	299	
336	0	165	step_2_no_load	5	6	0.538026607649	0.347974240867	6	841	1	
336	0	166	step_1_no_load	1	2	1	398	
336	0	166	step_2_no_load	5	6	0.549095060025	0.356317216644	5	1053	1	
336	0	167	step_1_no_load	1	2	1	298	
336	0	167	step_2_no_load	3	4	0.38753671275	0.706271792549	3	880	0	
336	0	168	step_1_no_load	1	2	1	270	
336	0	168	step_2_no_load	3	4	0.400817642375	0.67192508984	4	572	1	
336	0	169	step_1_no_load	1	2	1	289	
336	0	169	step_2_no_load	3	4	0.42098542374	0.704981910944	4	551	0	
336	0	170	step_1_no_load	1	2	1	428	
336	0	170	step_2_no_load	5	6	0.57151385403	0.364989630435	5	1059	1	
336	0	171	step_1_no_load	1	2	1	577	
336	0	171	step_2_no_load	3	4	0.386979310814	0.727248140829	4	807	1	
336	0	172	step_1_no_load	1	2	1	370	
336	0	172	step_2_no_load	3	4	0.363617002148	0.668669556875	4	442	1	
336	0	173	step_1_no_load	1	2	1	982	
336	0	173	step_2_no_load	3	4	0.385349297983	0.667027212577	4	703	1	
336	0	174	step_1_no_load	1	2	1	411	
336	0	174	step_2_no_load	5	6	0.472729524832	0.46236234172	6	514	1	
336	0	175	step_1_no_load	1	2	1	223	
336	0	175	step_2_no_load	5	6	0.52644949356	0.484825491933	6	909	1	
336	0	176	step_1_no_load	1	2	1	667	
336	0	176	step_2_no_load	3	4	0.383231572002	0.679250000396	4	721	1	
336	0	177	step_1_no_load	1	2	1	583	
336	0	177	step_2_no_load	3	4	0.357425668099	0.714070205704	4	437	1	
336	0	178	step_1_no_load	1	2	1	249	
336	0	178	step_2_no_load	3	4	0.36473828006	0.705993797498	4	439	1	
336	0	179	step_1_no_load	1	2	1	260	
336	0	179	step_2_no_load	3	4	0.324685418097	0.709345707515	4	722	1	
336	0	180	step_1_no_load	1	2	1	33	
336	0	180	step_2_no_load	3	4	0.341214611607	0.719795072986	4	358	1	
336	0	181	step_1_no_load	1	2	1	347	
336	0	181	step_2_no_load	3	4	0.342402764747	0.746910336326	4	651	1	
336	0	182	step_1_no_load	1	2	1	398	
336	0	182	step_2_no_load	3	4	0.340533666308	0.72717560423	4	509	1	
336	0	183	step_1_no_load	1	2	1	442	
336	0	183	step_2_no_load	3	4	0.350175837802	0.720388040749	4	490	1	
336	0	184	step_1_no_load	1	2	1	343	
336	0	184	step_2_no_load	3	4	0.362743255194	0.657291439324	4	493	1	
336	0	185	step_1_no_load	1	2	1	395	
336	0	185	step_2_no_load	3	4	0.362611152222	0.665622647081	4	513	1	
336	0	186	step_1_no_load	1	2	1	400	
336	0	186	step_2_no_load	3	4	0.332733011923	0.656308636836	4	614	1	
336	0	187	step_1_no_load	1	2	1	633	
336	0	187	step_2_no_load	3	4	0.328890769988	0.678211978625	4	512	1	
336	0	188	step_1_no_load	1	2	1	544	
336	0	188	step_2_no_load	3	4	0.291508050861	0.696362660087	4	472	1	
336	0	189	step_1_no_load	1	2	1	606	
336	0	189	step_2_no_load	3	4	0.285168135955	0.688353284054	4	501	1	
336	0	190	step_1_no_load	1	2	1	304	
336	0	190	step_2_no_load	3	4	0.304557739386	0.667655825994	4	503	0	
336	0	191	step_1_no_load	1	2	2	348	
336	0	191	step_2_no_load	5	6	0.435748387321	0.512103523931	5	459	1	
336	0	192	step_1_no_load	1	2	2	303	
336	0	192	step_2_no_load	5	6	0.450791310283	0.493851022417	5	567	0	
336	0	193	step_1_no_load	1	2	1	436	
336	0	193	step_2_no_load	3	4	0.321008037746	0.679792491164	4	700	0	
336	0	194	step_1_no_load	1	2	1	487	
336	0	194	step_2_no_load	3	4	0.342437174514	0.655261361454	3	630	1	
336	0	195	step_1_no_load	1	2	1	290	
336	0	195	step_2_no_load	3	4	0.348571348505	0.646280688878	3	497	0	
336	0	196	step_1_no_load	1	2	1	366	
336	0	196	step_2_no_load	3	4	0.365373286058	0.695101215304	4	341	1	
336	0	197	step_1_no_load	1	2	1	378	
336	0	197	step_2_no_load	5	6	0.422511153127	0.47786945426	6	897	0	
336	0	198	step_1_no_load	1	2	1	382	
336	0	198	step_2_no_load	3	4	0.303352625941	0.68660989813	3	709	1	
336	0	199	step_1_no_load	1	2	2	337	
336	0	199	step_2_no_load	3	4	0.292861528884	0.73697129762	4	409	1	
336	0	200	step_1_no_load	1	2	2	406	
336	0	200	step_2_no_load	5	6	0.372436949782	0.507902534353	5	773	0	

Fri Mar 19 17:40:48 2021
