Mon Mar 22 17:28:36 2021	
337	0	1	step_1_no_load	1	2	1	661	
337	0	1	step_2_no_load	3	4	0.511789129507	0.457620150462	4	792	0	
337	0	2	step_1_no_load	1	2	1	574	
337	0	2	step_2_no_load	3	4	0.533203491871	0.474613197709	4	789	1	
337	0	3	step_1_no_load	1	2	1	611	
337	0	3	step_2_no_load	3	4	0.516002945397	0.476767372206	4	602	1	
337	0	4	step_1_no_load	1	2	1	825	
337	0	4	step_2_no_load	3	4	0.494597764192	0.478607661228	4	1082	0	
337	0	5	step_1_no_load	1	2	1	911	
337	0	5	step_2_no_load	3	4	0.543908521457	0.495568760483	4	997	0	
337	0	6	step_1_no_load	1	2	1	739	
337	0	6	step_2_no_load	3	4	0.490454120702	0.506877622204	3	1010	1	
337	0	7	step_1_no_load	1	2	1	1023	
337	0	7	step_2_no_load	3	4	0.506408070053	0.500071913476	3	973	0	
337	0	8	step_1_no_load	1	2	1	482	
337	0	8	step_2_no_load	3	4	0.499203529332	0.489816616396	3	632	1	
337	0	9	step_1_no_load	1	2	1	437	
337	0	9	step_2_no_load	5	6	0.641106877158	0.598049061473	6	1183	1	
337	0	10	step_1_no_load	1	2	1	635	
337	0	10	step_2_no_load	3	4	0.576063520885	0.482364178155	3	866	0	
337	0	11	step_1_no_load	1	2	2	991	
337	0	11	step_2_no_load	5	6	0.609191465743	0.69163818036	6	1254	0	
337	0	12	step_1_no_load	1	2	2	786	
337	0	12	step_2_no_load	5	6	0.552770607849	0.682786328054	6	1346	1	
337	0	13	step_1_no_load	1	2	2	887	
337	0	13	step_2_no_load	3	4	0.595790490356	0.52012981853	4	734	1	
337	0	14	step_1_no_load	1	2	2	1019	
337	0	14	step_2_no_load	5	6	0.545555696267	0.629137942344	6	1291	1	
337	0	15	step_1_no_load	1	2	2	631	
337	0	15	step_2_no_load	5	6	0.570419113221	0.612260006668	5	679	0	
337	0	16	step_1_no_load	1	2	2	699	
337	0	16	step_2_no_load	5	6	0.553308964466	0.628091198119	5	1074	1	
337	0	17	step_1_no_load	1	2	2	644	
337	0	17	step_2_no_load	5	6	0.562895132605	0.633350170016	5	915	1	
337	0	18	step_1_no_load	1	2	2	896	
337	0	18	step_2_no_load	3	4	0.626895526976	0.517514133912	4	1366	1	
337	0	19	step_1_no_load	1	2	1	844	
337	0	19	step_2_no_load	3	4	0.644773170243	0.498240186199	4	1426	0	
337	0	20	step_1_no_load	1	2	2	1033	
337	0	20	step_2_no_load	5	6	0.491720931314	0.636521555122	5	1023	0	
337	0	21	step_1_no_load	1	2	2	565	
337	0	21	step_2_no_load	3	4	0.611328949295	0.49769376036	3	1261	0	
337	0	22	step_1_no_load	1	2	2	640	
337	0	22	step_2_no_load	5	6	0.468700882609	0.621949894727	5	1391	0	
337	0	23	step_1_no_load	1	2	2	492	
337	0	23	step_2_no_load	5	6	0.513759772011	0.640163623731	6	796	1	
337	0	24	step_1_no_load	1	2	2	586	
337	0	24	step_2_no_load	3	4	0.5800912085	0.505388876622	4	1402	1	
337	0	25	step_1_no_load	1	2	2	1133	
337	0	25	step_2_no_load	5	6	0.503605105412	0.565698722896	5	1117	0	
337	0	26	step_1_no_load	1	2	2	1448	
337	0	26	step_2_no_load	3	4	0.640635035276	0.511744353778	3	1311	1	
337	0	27	step_1_no_load	1	2	2	642	
337	0	27	step_2_no_load	5	6	0.54756089792	0.57860777711	6	922	1	
337	0	28	step_1_no_load	1	2	2	574	
337	0	28	step_2_no_load	5	6	0.553259388875	0.588356036098	-1	-1	-1	
337	0	29	step_1_no_load	1	2	2	578	
337	0	29	step_2_no_load	5	6	0.561957580386	0.606613029227	6	1265	0	
337	0	30	step_1_no_load	1	2	2	1231	
337	0	30	step_2_no_load	5	6	0.574272497114	0.608245979832	5	1151	0	
337	0	31	step_1_no_load	1	2	2	426	
337	0	31	step_2_no_load	5	6	0.541819886458	0.636602545794	5	836	0	
337	0	32	step_1_no_load	1	2	2	493	
337	0	32	step_2_no_load	5	6	0.522993086096	0.634585171267	6	589	0	
337	0	33	step_1_no_load	1	2	2	1148	
337	0	33	step_2_no_load	5	6	0.542309898544	0.611700032906	6	850	1	
337	0	34	step_1_no_load	1	2	2	563	
337	0	34	step_2_no_load	3	4	0.670290552209	0.454565258478	3	890	1	
337	0	35	step_1_no_load	1	2	2	758	
337	0	35	step_2_no_load	5	6	0.594167768198	0.566827313385	6	1054	0	
337	0	36	step_1_no_load	1	2	2	603	
337	0	36	step_2_no_load	3	4	0.661229326326	0.513210053121	3	986	0	
337	0	37	step_1_no_load	1	2	2	663	
337	0	37	step_2_no_load	5	6	0.598446394142	0.513822304161	6	631	0	
337	0	38	step_1_no_load	1	2	-1	-1	
337	0	39	step_1_no_load	1	2	2	445	
337	0	39	step_2_no_load	5	6	0.610601635554	0.557005857101	6	804	1	
337	0	40	step_1_no_load	1	2	2	752	
337	0	40	step_2_no_load	5	6	0.607992802154	0.580760785074	6	861	0	
337	0	41	step_1_no_load	1	2	2	442	
337	0	41	step_2_no_load	5	6	0.588857868869	0.524862294848	5	681	0	
337	0	42	step_1_no_load	1	2	2	356	
337	0	42	step_2_no_load	5	6	0.609164606591	0.533857158543	5	475	1	
337	0	43	step_1_no_load	1	2	2	479	
337	0	43	step_2_no_load	3	4	0.581931546759	0.548128010644	3	1165	0	
337	0	44	step_1_no_load	1	2	2	371	
337	0	44	step_2_no_load	5	6	0.611481438855	0.541854396676	5	633	0	
337	0	45	step_1_no_load	1	2	2	484	
337	0	45	step_2_no_load	5	6	0.632991467829	0.579346234508	5	554	1	
337	0	46	step_1_no_load	1	2	2	542	
337	0	46	step_2_no_load	5	6	0.600964500555	0.55511883717	5	485	0	
337	0	47	step_1_no_load	1	2	2	609	
337	0	47	step_2_no_load	3	4	0.634373567175	0.493112702321	3	1112	0	
337	0	48	step_1_no_load	1	2	2	748	
337	0	48	step_2_no_load	5	6	0.615767119776	0.534690828011	5	675	1	
337	0	49	step_1_no_load	1	2	2	464	
337	0	49	step_2_no_load	5	6	0.610193185592	0.512405963374	5	727	1	
337	0	50	step_1_no_load	1	2	2	564	
337	0	50	step_2_no_load	5	6	0.606862017918	0.481616544184	5	491	0	
337	0	51	step_1_no_load	1	2	2	631	
337	0	51	step_2_no_load	3	4	0.613357430892	0.469943944943	3	1182	1	
337	0	52	step_1_no_load	1	2	2	570	
337	0	52	step_2_no_load	3	4	0.613408921915	0.429622901875	3	1274	1	
337	0	53	step_1_no_load	1	2	2	1215	
337	0	53	step_2_no_load	3	4	0.630956764252	0.451905460347	3	1038	1	
337	0	54	step_1_no_load	1	2	2	546	
337	0	54	step_2_no_load	5	6	0.570223904064	0.493362545513	5	1065	1	
337	0	55	step_1_no_load	1	2	2	718	
337	0	55	step_2_no_load	5	6	0.574045915747	0.526704292526	5	805	0	
337	0	56	step_1_no_load	1	2	2	530	
337	0	56	step_2_no_load	5	6	0.601856598146	0.538512915562	5	673	1	
337	0	57	step_1_no_load	1	2	2	526	
337	0	57	step_2_no_load	5	6	0.641849303307	0.516475618243	5	805	1	
337	0	58	step_1_no_load	1	2	2	785	
337	0	58	step_2_no_load	3	4	0.610896130115	0.478335218822	3	1049	0	
337	0	59	step_1_no_load	1	2	2	662	
337	0	59	step_2_no_load	5	6	0.632500293208	0.537400760025	5	767	1	
337	0	60	step_1_no_load	1	2	2	689	
337	0	60	step_2_no_load	3	4	0.599559577859	0.491916707098	3	1304	1	
337	0	61	step_1_no_load	1	2	2	676	
337	0	61	step_2_no_load	5	6	0.669587072502	0.527144452559	5	1018	1	
337	0	62	step_1_no_load	1	2	2	638	
337	0	62	step_2_no_load	5	6	0.691137204746	0.533031417444	5	732	1	
337	0	63	step_1_no_load	1	2	2	498	
337	0	63	step_2_no_load	5	6	0.664284493458	0.519445130796	5	737	1	
337	0	64	step_1_no_load	1	2	2	464	
337	0	64	step_2_no_load	5	6	0.642369708469	0.533849886794	5	663	1	
337	0	65	step_1_no_load	1	2	2	499	
337	0	65	step_2_no_load	3	4	0.619953360065	0.569109504048	3	761	1	
337	0	66	step_1_no_load	1	2	2	477	
337	0	66	step_2_no_load	3	4	0.630357351236	0.573761869714	3	1115	1	
337	0	67	step_1_no_load	1	2	2	488	
337	0	67	step_2_no_load	5	6	0.597650193897	0.538279387614	5	798	0	
337	0	68	step_1_no_load	1	2	1	1076	
337	0	68	step_2_no_load	3	4	0.719455209845	0.509127161919	3	1154	0	
337	0	69	step_1_no_load	1	2	2	423	
337	0	69	step_2_no_load	5	6	0.622221685203	0.560462111264	5	613	1	
337	0	70	step_1_no_load	1	2	2	452	
337	0	70	step_2_no_load	5	6	0.637556284465	0.548075770764	5	618	1	
337	0	71	step_1_no_load	1	2	2	431	
337	0	71	step_2_no_load	3	4	0.706816191949	0.482863323776	3	1253	1	
337	0	72	step_1_no_load	1	2	2	481	
337	0	72	step_2_no_load	3	4	0.705884789502	0.47409116389	3	832	1	
337	0	73	step_1_no_load	1	2	2	549	
337	0	73	step_2_no_load	5	6	0.657126403029	0.50185699984	5	955	0	
337	0	74	step_1_no_load	1	2	2	512	
337	0	74	step_2_no_load	5	6	0.614462146454	0.491044983779	5	814	1	
337	0	75	step_1_no_load	1	2	2	517	
337	0	75	step_2_no_load	5	6	0.615552849174	0.483983914712	5	652	1	
337	0	76	step_1_no_load	1	2	2	840	
337	0	76	step_2_no_load	5	6	0.62770291155	0.518881389358	5	583	1	
337	0	77	step_1_no_load	1	2	2	749	
337	0	77	step_2_no_load	5	6	0.564257587118	0.538119616568	5	571	1	
337	0	78	step_1_no_load	1	2	2	919	
337	0	78	step_2_no_load	5	6	0.536711448352	0.538654072849	5	647	0	
337	0	79	step_1_no_load	1	2	2	772	
337	0	79	step_2_no_load	5	6	0.513695512795	0.540085062695	5	891	1	
337	0	80	step_1_no_load	1	2	2	559	
337	0	80	step_2_no_load	5	6	0.518583383166	0.49921021142	5	894	1	
337	0	81	step_1_no_load	1	2	2	643	
337	0	81	step_2_no_load	3	4	0.702400933084	0.419265522488	3	1473	0	
337	0	82	step_1_no_load	1	2	2	423	
337	0	82	step_2_no_load	5	6	0.564729328387	0.482727017837	5	582	1	
337	0	83	step_1_no_load	1	2	2	513	
337	0	83	step_2_no_load	5	6	0.607907985871	0.483255412498	5	904	1	
337	0	84	step_1_no_load	1	2	2	573	
337	0	84	step_2_no_load	5	6	0.65843840156	0.505586222209	5	892	1	
337	0	85	step_1_no_load	1	2	2	475	
337	0	85	step_2_no_load	3	4	0.712989604416	0.384458259121	3	1209	1	
337	0	86	step_1_no_load	1	2	2	589	
337	0	86	step_2_no_load	5	6	0.691782850001	0.486462788728	5	900	1	
337	0	87	step_1_no_load	1	2	2	468	
337	0	87	step_2_no_load	3	4	0.690012761069	0.40000499778	3	756	1	
337	0	88	step_1_no_load	1	2	2	507	
337	0	88	step_2_no_load	5	6	0.717410082358	0.509563243675	5	714	0	
337	0	89	step_1_no_load	1	2	2	584	
337	0	89	step_2_no_load	5	6	0.690772436485	0.490019385174	5	959	1	
337	0	90	step_1_no_load	1	2	2	1029	
337	0	90	step_2_no_load	3	4	0.688736868033	0.411459496853	3	1131	1	
337	0	91	step_1_no_load	1	2	2	585	
337	0	91	step_2_no_load	5	6	0.685023809334	0.479087223222	5	863	1	
337	0	92	step_1_no_load	1	2	2	0	
337	0	92	step_2_no_load	5	6	0.692406274724	0.484260039873	5	788	0	
337	0	93	step_1_no_load	1	2	2	443	
337	0	93	step_2_no_load	5	6	0.70415710998	0.473273727684	5	642	1	
337	0	94	step_1_no_load	1	2	2	534	
337	0	94	step_2_no_load	3	4	0.668295023896	0.429211756872	3	900	1	
337	0	95	step_1_no_load	1	2	2	624	
337	0	95	step_2_no_load	5	6	0.715495469274	0.42505578884	5	703	0	
337	0	96	step_1_no_load	1	2	2	532	
337	0	96	step_2_no_load	5	6	0.693739812506	0.437558890646	5	739	0	
337	0	97	step_1_no_load	1	2	2	561	
337	0	97	step_2_no_load	5	6	0.681272614291	0.455601814112	6	855	1	
337	0	98	step_1_no_load	1	2	2	580	
337	0	98	step_2_no_load	5	6	0.70287861952	0.431479829356	6	858	0	
337	0	99	step_1_no_load	1	2	2	895	
337	0	99	step_2_no_load	5	6	0.673709850038	0.375249961522	6	878	0	
337	0	100	step_1_no_load	1	2	2	755	
337	0	100	step_2_no_load	5	6	0.666227451505	0.363162156005	6	784	1	
337	0	101	step_1_no_load	1	2	2	862	
337	0	101	step_2_no_load	3	4	0.655903528958	0.497432607584	3	1299	0	
337	0	102	step_1_no_load	1	2	2	569	
337	0	102	step_2_no_load	5	6	0.666304534392	0.326080462175	5	568	0	
337	0	103	step_1_no_load	1	2	2	439	
337	0	103	step_2_no_load	5	6	0.663997796029	0.322834495838	6	381	0	
337	0	104	step_1_no_load	1	2	2	153	
337	0	104	step_2_no_load	5	6	0.703870701136	0.303696146503	6	968	0	
337	0	105	step_1_no_load	1	2	2	999	
337	0	105	step_2_no_load	5	6	0.689135357059	0.352639603242	5	800	1	
337	0	106	step_1_no_load	1	2	2	621	
337	0	106	step_2_no_load	3	4	0.699623252899	0.508908032404	4	1355	1	
337	0	107	step_1_no_load	1	2	2	712	
337	0	107	step_2_no_load	5	6	0.692607431435	0.388257337796	5	1192	0	
337	0	108	step_1_no_load	1	2	2	540	
337	0	108	step_2_no_load	5	6	0.695928523711	0.388185708856	6	1091	1	
337	0	109	step_1_no_load	1	2	2	720	
337	0	109	step_2_no_load	3	4	0.68658494263	0.479977531501	3	1352	0	
337	0	110	step_1_no_load	1	2	2	1010	
337	0	110	step_2_no_load	3	4	0.65455226558	0.432626681236	4	1363	1	
337	0	111	step_1_no_load	1	2	2	622	
337	0	111	step_2_no_load	5	6	0.724852671171	0.407158158569	6	943	0	
337	0	112	step_1_no_load	1	2	1	538	
337	0	112	step_2_no_load	5	6	0.725701866094	0.413393106784	6	1129	0	
337	0	113	step_1_no_load	1	2	1	493	
337	0	113	step_2_no_load	5	6	0.719324307956	0.387112818105	-1	-1	-1	
337	0	114	step_1_no_load	1	2	1	736	
337	0	114	step_2_no_load	3	4	0.657654904272	0.380324086676	4	1232	0	
337	0	115	step_1_no_load	1	2	1	552	
337	0	115	step_2_no_load	3	4	0.645721217949	0.390027643099	4	870	0	
337	0	116	step_1_no_load	1	2	1	876	
337	0	116	step_2_no_load	5	6	0.706736514943	0.369438791876	-1	-1	-1	
337	0	117	step_1_no_load	1	2	1	674	
337	0	117	step_2_no_load	3	4	0.671842537277	0.374621793791	4	968	0	
337	0	118	step_1_no_load	1	2	2	941	
337	0	118	step_2_no_load	5	6	0.740051715856	0.362977115924	5	1067	0	
337	0	119	step_1_no_load	1	2	1	416	
337	0	119	step_2_no_load	5	6	0.690424535099	0.358243439099	6	1408	1	
337	0	120	step_1_no_load	1	2	1	617	
337	0	120	step_2_no_load	5	6	0.70587238626	0.333809617664	6	1304	1	
337	0	121	step_1_no_load	1	2	1	596	
337	0	121	step_2_no_load	3	4	0.671052306195	0.352721767208	4	1372	0	
337	0	122	step_1_no_load	1	2	1	455	
337	0	122	step_2_no_load	3	4	0.672193618854	0.329624572119	4	959	0	
337	0	123	step_1_no_load	1	2	2	554	
337	0	123	step_2_no_load	5	6	0.583607229978	0.269780614928	5	898	0	
337	0	124	step_1_no_load	1	2	2	499	
337	0	124	step_2_no_load	5	6	0.603013298253	0.26095206597	5	913	0	
337	0	125	step_1_no_load	1	2	2	812	
337	0	125	step_2_no_load	5	6	0.559596800931	0.290374841566	6	795	0	
337	0	126	step_1_no_load	1	2	2	824	
337	0	126	step_2_no_load	3	4	0.600985760967	0.300846667696	3	1231	1	
337	0	127	step_1_no_load	1	2	2	573	
337	0	127	step_2_no_load	5	6	0.560824094575	0.273483952592	6	1252	0	
337	0	128	step_1_no_load	1	2	2	537	
337	0	128	step_2_no_load	5	6	0.636905534066	0.260252451606	5	883	0	
337	0	129	step_1_no_load	1	2	2	664	
337	0	129	step_2_no_load	3	4	0.632682846317	0.271709703542	3	1151	0	
337	0	130	step_1_no_load	1	2	2	588	
337	0	130	step_2_no_load	5	6	0.682031489739	0.267460866951	6	1067	0	
337	0	131	step_1_no_load	1	2	2	519	
337	0	131	step_2_no_load	3	4	0.638450601212	0.311475039155	3	1125	0	
337	0	132	step_1_no_load	1	2	2	538	
337	0	132	step_2_no_load	5	6	0.668578020634	0.27986961048	6	649	0	
337	0	133	step_1_no_load	1	2	2	525	
337	0	133	step_2_no_load	3	4	0.691649444281	0.312642735495	3	955	0	
337	0	134	step_1_no_load	1	2	2	536	
337	0	134	step_2_no_load	3	4	0.685529359147	0.302839427162	4	870	0	
337	0	135	step_1_no_load	1	2	2	1054	
337	0	135	step_2_no_load	5	6	0.593710006149	0.300079459047	5	1080	0	
337	0	136	step_1_no_load	1	2	2	778	
337	0	136	step_2_no_load	5	6	0.597814413435	0.307766925452	6	753	0	
337	0	137	step_1_no_load	1	2	2	967	
337	0	137	step_2_no_load	5	6	0.605896884497	0.346433498467	6	1133	0	
337	0	138	step_1_no_load	1	2	2	641	
337	0	138	step_2_no_load	5	6	0.63240964674	0.366701525561	6	808	1	
337	0	139	step_1_no_load	1	2	2	749	
337	0	139	step_2_no_load	3	4	0.696355985729	0.323660750961	4	1259	0	
337	0	140	step_1_no_load	1	2	2	649	
337	0	140	step_2_no_load	5	6	0.671213945178	0.348740542008	6	759	0	
337	0	141	step_1_no_load	1	2	2	678	
337	0	141	step_2_no_load	3	4	0.616803346728	0.311809871418	3	1093	1	
337	0	142	step_1_no_load	1	2	2	794	
337	0	142	step_2_no_load	5	6	0.690276058009	0.397052682821	6	881	1	
337	0	143	step_1_no_load	1	2	2	951	
337	0	143	step_2_no_load	3	4	0.610219102298	0.313516825296	3	1262	1	
337	0	144	step_1_no_load	1	2	2	1114	
337	0	144	step_2_no_load	5	6	0.626443722248	0.389234194056	6	978	0	
337	0	145	step_1_no_load	1	2	2	590	
337	0	145	step_2_no_load	5	6	0.6669125229	0.355256413269	6	893	0	
337	0	146	step_1_no_load	1	2	2	929	
337	0	146	step_2_no_load	5	6	0.681611991725	0.320877500969	5	728	0	
337	0	147	step_1_no_load	1	2	2	589	
337	0	147	step_2_no_load	3	4	0.594861186319	0.265578160642	3	1076	0	
337	0	148	step_1_no_load	1	2	2	906	
337	0	148	step_2_no_load	5	6	0.619272702026	0.311162711725	5	705	1	
337	0	149	step_1_no_load	1	2	2	564	
337	0	149	step_2_no_load	3	4	0.623203869836	0.269951834184	3	1332	1	
337	0	150	step_1_no_load	1	2	2	529	
337	0	150	step_2_no_load	3	4	0.605912419156	0.305587692243	3	921	1	
337	0	151	step_1_no_load	1	2	2	581	
337	0	151	step_2_no_load	5	6	0.59154759351	0.310557101463	5	844	0	
337	0	152	step_1_no_load	1	2	2	423	
337	0	152	step_2_no_load	5	6	0.595108765344	0.323194010514	5	783	0	
337	0	153	step_1_no_load	1	2	2	876	
337	0	153	step_2_no_load	5	6	0.613336203392	0.343622632154	5	1003	0	
337	0	154	step_1_no_load	1	2	2	751	
337	0	154	step_2_no_load	5	6	0.638934099562	0.348349389262	5	750	1	
337	0	155	step_1_no_load	1	2	2	979	
337	0	155	step_2_no_load	3	4	0.716100930629	0.296093457977	3	1194	1	
337	0	156	step_1_no_load	1	2	2	1222	
337	0	156	step_2_no_load	5	6	0.631048201903	0.368378667812	6	1052	0	
337	0	157	step_1_no_load	1	2	1	858	
337	0	157	step_2_no_load	3	4	0.720725456325	0.350909357271	3	889	1	
337	0	158	step_1_no_load	1	2	1	750	
337	0	158	step_2_no_load	3	4	0.694270715354	0.408728803896	3	845	0	
337	0	159	step_1_no_load	1	2	1	858	
337	0	159	step_2_no_load	3	4	0.697903160072	0.413026375257	3	617	1	
337	0	160	step_1_no_load	1	2	1	727	
337	0	160	step_2_no_load	5	6	0.521229931064	0.355992626298	6	1334	0	
337	0	161	step_1_no_load	1	2	1	609	
337	0	161	step_2_no_load	3	4	0.719896286569	0.407025633682	3	1153	1	
337	0	162	step_1_no_load	1	2	1	795	
337	0	162	step_2_no_load	5	6	0.566496468084	0.455329532209	6	1322	1	
337	0	163	step_1_no_load	1	2	1	704	
337	0	163	step_2_no_load	3	4	0.697095951435	0.395221309311	3	559	1	
337	0	164	step_1_no_load	1	2	1	676	
337	0	164	step_2_no_load	3	4	0.692137394606	0.432761720497	3	1190	1	
337	0	165	step_1_no_load	1	2	1	658	
337	0	165	step_2_no_load	5	6	0.538026607649	0.347974240867	6	1465	0	
337	0	166	step_1_no_load	1	2	1	948	
337	0	166	step_2_no_load	3	4	0.686594248975	0.422282731054	3	1411	1	
337	0	167	step_1_no_load	1	2	1	688	
337	0	167	step_2_no_load	3	4	0.706271792549	0.38753671275	3	847	0	
337	0	168	step_1_no_load	1	2	1	691	
337	0	168	step_2_no_load	3	4	0.67192508984	0.400817642375	3	898	1	
337	0	169	step_1_no_load	1	2	1	607	
337	0	169	step_2_no_load	5	6	0.586049140041	0.365156560071	5	758	1	
337	0	170	step_1_no_load	1	2	1	578	
337	0	170	step_2_no_load	5	6	0.57151385403	0.364989630435	5	1072	1	
337	0	171	step_1_no_load	1	2	1	630	
337	0	171	step_2_no_load	5	6	0.553314431843	0.425122034074	5	732	0	
337	0	172	step_1_no_load	1	2	1	577	
337	0	172	step_2_no_load	3	4	0.668669556875	0.363617002148	3	720	1	
337	0	173	step_1_no_load	1	2	1	532	
337	0	173	step_2_no_load	3	4	0.667027212577	0.385349297983	3	219	1	
337	0	174	step_1_no_load	1	2	1	634	
337	0	174	step_2_no_load	3	4	0.729877433725	0.387867297446	3	801	1	
337	0	175	step_1_no_load	1	2	1	750	
337	0	175	step_2_no_load	5	6	0.52644949356	0.484825491933	5	796	1	
337	0	176	step_1_no_load	1	2	1	522	
337	0	176	step_2_no_load	3	4	0.679250000396	0.383231572002	3	737	0	
337	0	177	step_1_no_load	1	2	1	662	
337	0	177	step_2_no_load	3	4	0.714070205704	0.357425668099	3	741	1	
337	0	178	step_1_no_load	1	2	1	633	
337	0	178	step_2_no_load	3	4	0.705993797498	0.36473828006	3	704	1	
337	0	179	step_1_no_load	1	2	1	750	
337	0	179	step_2_no_load	5	6	0.457298770028	0.493565996034	5	910	0	
337	0	180	step_1_no_load	1	2	1	529	
337	0	180	step_2_no_load	3	4	0.719795072986	0.341214611607	3	666	1	
337	0	181	step_1_no_load	1	2	1	718	
337	0	181	step_2_no_load	3	4	0.746910336326	0.342402764747	3	781	1	
337	0	182	step_1_no_load	1	2	1	553	
337	0	182	step_2_no_load	5	6	0.506773281362	0.49907747228	5	752	1	
337	0	183	step_1_no_load	1	2	1	509	
337	0	183	step_2_no_load	3	4	0.720388040749	0.350175837802	3	1004	1	
337	0	184	step_1_no_load	1	2	1	447	
337	0	184	step_2_no_load	5	6	0.460890977786	0.480863422096	5	852	0	
337	0	185	step_1_no_load	1	2	1	719	
337	0	185	step_2_no_load	3	4	0.665622647081	0.362611152222	3	622	0	
337	0	186	step_1_no_load	1	2	1	733	
337	0	186	step_2_no_load	3	4	0.656308636836	0.332733011923	3	380	0	
337	0	187	step_1_no_load	1	2	1	664	
337	0	187	step_2_no_load	3	4	0.678211978625	0.328890769988	3	976	1	
337	0	188	step_1_no_load	1	2	1	836	
337	0	188	step_2_no_load	5	6	0.471319680586	0.548350535247	6	778	1	
337	0	189	step_1_no_load	1	2	1	695	
337	0	189	step_2_no_load	3	4	0.688353284054	0.285168135955	4	1174	1	
337	0	190	step_1_no_load	1	2	1	884	
337	0	190	step_2_no_load	3	4	0.667655825994	0.304557739386	3	1090	1	
337	0	191	step_1_no_load	1	2	1	1158	
337	0	191	step_2_no_load	3	4	0.664271461991	0.318839908867	3	1141	1	
337	0	192	step_1_no_load	1	2	1	777	
337	0	192	step_2_no_load	3	4	0.705517419189	0.299297135717	3	944	1	
337	0	193	step_1_no_load	1	2	1	645	
337	0	193	step_2_no_load	5	6	0.440813209638	0.504944704439	6	803	0	
337	0	194	step_1_no_load	1	2	1	721	
337	0	194	step_2_no_load	3	4	0.655261361454	0.342437174514	3	752	1	
337	0	195	step_1_no_load	1	2	1	863	
337	0	195	step_2_no_load	3	4	0.646280688878	0.348571348505	4	1165	0	
337	0	196	step_1_no_load	1	2	1	634	
337	0	196	step_2_no_load	5	6	0.421761207498	0.496717662777	6	946	1	
337	0	197	step_1_no_load	1	2	1	478	
337	0	197	step_2_no_load	3	4	0.686552522522	0.316987700969	3	990	1	
337	0	198	step_1_no_load	1	2	1	684	
337	0	198	step_2_no_load	3	4	0.68660989813	0.303352625941	3	926	1	
337	0	199	step_1_no_load	1	2	1	639	
337	0	199	step_2_no_load	5	6	0.39793773834	0.529438031858	6	847	0	
337	0	200	step_1_no_load	1	2	1	539	
337	0	200	step_2_no_load	3	4	0.728996708473	0.299128796668	3	778	1	

Mon Mar 22 17:46:55 2021
