Tue Mar 23 15:03:52 2021	
338	0	1	step_1_no_load	1	2	1	749	
338	0	1	step_2_no_load	5	6	0.598297890399	0.457620150462	5	456	1	
338	0	2	step_1_no_load	1	2	1	416	
338	0	2	step_2_no_load	3	4	0.610961032466	0.533203491871	3	632	1	
338	0	3	step_1_no_load	1	2	1	534	
338	0	3	step_2_no_load	5	6	0.584197065669	0.476767372206	5	365	1	
338	0	4	step_1_no_load	1	2	1	417	
338	0	4	step_2_no_load	3	4	0.564086293706	0.494597764192	3	447	1	
338	0	5	step_1_no_load	1	2	1	380	
338	0	5	step_2_no_load	5	6	0.623810210114	0.495568760483	5	435	1	
338	0	6	step_1_no_load	1	2	1	111	
338	0	6	step_2_no_load	3	4	0.603642866427	0.490454120702	3	502	1	
338	0	7	step_1_no_load	1	2	1	449	
338	0	7	step_2_no_load	3	4	0.622642364361	0.506408070053	3	24	0	
338	0	8	step_1_no_load	1	2	1	709	
338	0	8	step_2_no_load	3	4	0.624210374623	0.499203529332	4	372	0	
338	0	9	step_1_no_load	1	2	2	521	
338	0	9	step_2_no_load	5	6	0.598049061473	0.496546708465	5	1064	1	
338	0	10	step_1_no_load	1	2	2	669	
338	0	10	step_2_no_load	5	6	0.652626043146	0.482364178155	5	667	1	
338	0	11	step_1_no_load	1	2	2	703	
338	0	11	step_2_no_load	5	6	0.69163818036	0.477013315682	5	511	1	
338	0	12	step_1_no_load	1	2	2	722	
338	0	12	step_2_no_load	3	4	0.552770607849	0.597131918027	3	537	1	
338	0	13	step_1_no_load	1	2	2	627	
338	0	13	step_2_no_load	5	6	0.653587098421	0.52012981853	5	490	1	
338	0	14	step_1_no_load	1	2	2	869	
338	0	14	step_2_no_load	5	6	0.629137942344	0.491234392147	5	580	1	
338	0	15	step_1_no_load	1	2	2	937	
338	0	15	step_2_no_load	5	6	0.612260006668	0.505377237737	5	512	1	
338	0	16	step_1_no_load	1	2	2	598	
338	0	16	step_2_no_load	5	6	0.628091198119	0.510958036527	5	366	0	
338	0	17	step_1_no_load	1	2	2	617	
338	0	17	step_2_no_load	5	6	0.633350170016	0.535958400205	6	593	1	
338	0	18	step_1_no_load	1	2	2	1028	
338	0	18	step_2_no_load	5	6	0.626834332012	0.517514133912	6	594	1	
338	0	19	step_1_no_load	1	2	2	455	
338	0	19	step_2_no_load	5	6	0.619895761657	0.498240186199	6	318	0	
338	0	20	step_1_no_load	1	2	2	631	
338	0	20	step_2_no_load	5	6	0.636521555122	0.478025448397	5	382	0	
338	0	21	step_1_no_load	1	2	2	1290	
338	0	21	step_2_no_load	5	6	0.630305464549	0.49769376036	5	635	1	
338	0	22	step_1_no_load	1	2	2	569	
338	0	22	step_2_no_load	5	6	0.621949894727	0.506100011497	6	416	0	
338	0	23	step_1_no_load	1	2	2	614	
338	0	23	step_2_no_load	5	6	0.640163623731	0.520606588181	6	437	0	
338	0	24	step_1_no_load	1	2	2	372	
338	0	24	step_2_no_load	5	6	0.582115115688	0.505388876622	5	291	1	
338	0	25	step_1_no_load	1	2	2	799	
338	0	25	step_2_no_load	5	6	0.565698722896	0.503316372362	5	326	0	
338	0	26	step_1_no_load	1	2	2	516	
338	0	26	step_2_no_load	5	6	0.592410219737	0.511744353778	6	370	0	
338	0	27	step_1_no_load	1	2	2	663	
338	0	27	step_2_no_load	3	4	0.54756089792	0.642144756622	3	302	1	
338	0	28	step_1_no_load	1	2	2	626	
338	0	28	step_2_no_load	3	4	0.553259388875	0.647441527317	3	568	0	
338	0	29	step_1_no_load	1	2	1	343	
338	0	29	step_2_no_load	3	4	0.561957580386	0.618626354124	4	637	1	
338	0	30	step_1_no_load	1	2	1	277	
338	0	30	step_2_no_load	3	4	0.574272497114	0.610227092493	4	547	1	
338	0	31	step_1_no_load	1	2	1	587	
338	0	31	step_2_no_load	3	4	0.541819886458	0.606122691795	4	274	1	
338	0	32	step_1_no_load	1	2	1	520	
338	0	32	step_2_no_load	3	4	0.522993086096	0.605616211083	4	439	0	
338	0	33	step_1_no_load	1	2	1	479	
338	0	33	step_2_no_load	3	4	0.542309898544	0.618000238621	3	390	0	
338	0	34	step_1_no_load	1	2	1	404	
338	0	34	step_2_no_load	3	4	0.538523758058	0.670290552209	4	346	1	
338	0	35	step_1_no_load	1	2	1	339	
338	0	35	step_2_no_load	5	6	0.566827313385	0.491437207585	6	418	1	
338	0	36	step_1_no_load	1	2	1	408	
338	0	36	step_2_no_load	3	4	0.611274573488	0.661229326326	4	1462	0	
338	0	37	step_1_no_load	1	2	1	478	
338	0	37	step_2_no_load	3	4	0.598446394142	0.660658056664	4	460	0	
338	0	38	step_1_no_load	1	2	1	576	
338	0	38	step_2_no_load	3	4	0.595113730206	0.651263699161	3	382	1	
338	0	39	step_1_no_load	1	2	1	321	
338	0	39	step_2_no_load	3	4	0.610601635554	0.634483337633	3	329	1	
338	0	40	step_1_no_load	1	2	1	594	
338	0	40	step_2_no_load	5	6	0.580760785074	0.5691386571	5	385	0	
338	0	41	step_1_no_load	1	2	1	602	
338	0	41	step_2_no_load	3	4	0.588857868869	0.633285941184	3	961	1	
338	0	42	step_1_no_load	1	2	1	813	
338	0	42	step_2_no_load	5	6	0.533857158543	0.553461946234	5	427	0	
338	0	43	step_1_no_load	1	2	1	679	
338	0	43	step_2_no_load	3	4	0.612705031264	0.581931546759	3	678	1	
338	0	44	step_1_no_load	1	2	1	477	
338	0	44	step_2_no_load	3	4	0.611481438855	0.589653131867	3	660	1	
338	0	45	step_1_no_load	1	2	1	743	
338	0	45	step_2_no_load	3	4	0.632991467829	0.620699591043	3	806	1	
338	0	46	step_1_no_load	1	2	1	680	
338	0	46	step_2_no_load	3	4	0.600964500555	0.654261318712	3	503	1	
338	0	47	step_1_no_load	1	2	1	786	
338	0	47	step_2_no_load	5	6	0.546259467838	0.493112702321	6	450	1	
338	0	48	step_1_no_load	1	2	1	432	
338	0	48	step_2_no_load	3	4	0.615767119776	0.657624935632	3	496	1	
338	0	49	step_1_no_load	1	2	1	801	
338	0	49	step_2_no_load	3	4	0.610193185592	0.614679490594	3	887	0	
338	0	50	step_1_no_load	1	2	1	659	
338	0	50	step_2_no_load	3	4	0.606862017918	0.593458480934	3	569	1	
338	0	51	step_1_no_load	1	2	1	384	
338	0	51	step_2_no_load	3	4	0.564866799699	0.613357430892	3	478	1	
338	0	52	step_1_no_load	1	2	1	585	
338	0	52	step_2_no_load	3	4	0.539065404057	0.613408921915	3	568	0	
338	0	53	step_1_no_load	1	2	1	536	
338	0	53	step_2_no_load	5	6	0.475342927439	0.451905460347	6	502	0	
338	0	54	step_1_no_load	1	2	1	764	
338	0	54	step_2_no_load	3	4	0.570223904064	0.652515308527	3	523	0	
338	0	55	step_1_no_load	1	2	1	520	
338	0	55	step_2_no_load	3	4	0.574045915747	0.639840796975	4	679	1	
338	0	56	step_1_no_load	1	2	1	676	
338	0	56	step_2_no_load	3	4	0.601856598146	0.60038825769	4	773	1	
338	0	57	step_1_no_load	1	2	1	585	
338	0	57	step_2_no_load	3	4	0.641849303307	0.586335094239	4	568	1	
338	0	58	step_1_no_load	1	2	1	27	
338	0	58	step_2_no_load	5	6	0.528376440027	0.478335218822	6	1217	1	
338	0	59	step_1_no_load	1	2	1	511	
338	0	59	step_2_no_load	3	4	0.632500293208	0.608951267756	4	630	0	
338	0	60	step_1_no_load	1	2	1	579	
338	0	60	step_2_no_load	3	4	0.623687406259	0.599559577859	3	531	1	
338	0	61	step_1_no_load	1	2	1	566	
338	0	61	step_2_no_load	5	6	0.527144452559	0.464268875813	5	669	1	
338	0	62	step_1_no_load	1	2	1	519	
338	0	62	step_2_no_load	3	4	0.691137204746	0.622820395113	3	517	1	
338	0	63	step_1_no_load	1	2	1	563	
338	0	63	step_2_no_load	3	4	0.664284493458	0.642623127313	3	522	1	
338	0	64	step_1_no_load	1	2	1	353	
338	0	64	step_2_no_load	3	4	0.642369708469	0.626149195169	3	656	1	
338	0	65	step_1_no_load	1	2	1	646	
338	0	65	step_2_no_load	5	6	0.517687993213	0.569109504048	5	461	0	
338	0	66	step_1_no_load	1	2	1	679	
338	0	66	step_2_no_load	3	4	0.606938648072	0.630357351236	3	670	1	
338	0	67	step_1_no_load	1	2	1	539	
338	0	67	step_2_no_load	3	4	0.597650193897	0.674463681351	3	618	0	
338	0	68	step_1_no_load	1	2	1	1203	
338	0	68	step_2_no_load	3	4	0.622963076372	0.719455209845	4	498	1	
338	0	69	step_1_no_load	1	2	1	479	
338	0	69	step_2_no_load	3	4	0.622221685203	0.718756538957	4	470	0	
338	0	70	step_1_no_load	1	2	1	372	
338	0	70	step_2_no_load	3	4	0.637556284465	0.697741832068	4	426	1	
338	0	71	step_1_no_load	1	2	1	455	
338	0	71	step_2_no_load	3	4	0.639174917797	0.706816191949	4	430	0	
338	0	72	step_1_no_load	1	2	1	340	
338	0	72	step_2_no_load	5	6	0.556486305476	0.47409116389	5	274	0	
338	0	73	step_1_no_load	1	2	1	721	
338	0	73	step_2_no_load	5	6	0.50185699984	0.435957313805	6	704	1	
338	0	74	step_1_no_load	1	2	1	621	
338	0	74	step_2_no_load	3	4	0.614462146454	0.693624670847	3	668	1	
338	0	75	step_1_no_load	1	2	1	633	
338	0	75	step_2_no_load	3	4	0.615552849174	0.697629587097	3	441	0	
338	0	76	step_1_no_load	1	2	1	340	
338	0	76	step_2_no_load	3	4	0.62770291155	0.690117652944	3	674	0	
338	0	77	step_1_no_load	1	2	1	600	
338	0	77	step_2_no_load	5	6	0.538119616568	0.446809557226	5	694	0	
338	0	78	step_1_no_load	1	2	1	516	
338	0	78	step_2_no_load	3	4	0.536711448352	0.647586191228	3	523	0	
338	0	79	step_1_no_load	1	2	1	910	
338	0	79	step_2_no_load	3	4	0.513695512795	0.647841624544	4	775	0	
338	0	80	step_1_no_load	1	2	1	539	
338	0	80	step_2_no_load	5	6	0.49921021142	0.396016175285	6	683	1	
338	0	81	step_1_no_load	1	2	1	319	
338	0	81	step_2_no_load	3	4	0.529745690463	0.702400933084	3	542	0	
338	0	82	step_1_no_load	1	2	1	582	
338	0	82	step_2_no_load	3	4	0.564729328387	0.688340116885	4	565	0	
338	0	83	step_1_no_load	1	2	1	590	
338	0	83	step_2_no_load	3	4	0.607907985871	0.726885136842	3	997	1	
338	0	84	step_1_no_load	1	2	2	442	
338	0	84	step_2_no_load	5	6	0.505586222209	0.385087938645	6	1063	0	
338	0	85	step_1_no_load	1	2	2	723	
338	0	85	step_2_no_load	5	6	0.485785534744	0.384458259121	5	514	1	
338	0	86	step_1_no_load	1	2	2	510	
338	0	86	step_2_no_load	3	4	0.691782850001	0.721207648497	3	984	0	
338	0	87	step_1_no_load	1	2	2	765	
338	0	87	step_2_no_load	3	4	0.719375344246	0.690012761069	4	862	0	
338	0	88	step_1_no_load	1	2	2	587	
338	0	88	step_2_no_load	3	4	0.717410082358	0.696773608304	-1	-1	-1	
338	0	89	step_1_no_load	1	2	2	415	
338	0	89	step_2_no_load	3	4	0.690772436485	0.660112261017	4	430	1	
338	0	90	step_1_no_load	1	2	2	594	
338	0	90	step_2_no_load	5	6	0.530126112124	0.411459496853	6	794	0	
338	0	91	step_1_no_load	1	2	2	540	
338	0	91	step_2_no_load	3	4	0.685023809334	0.657820521772	3	196	0	
338	0	92	step_1_no_load	1	2	2	606	
338	0	92	step_2_no_load	5	6	0.484260039873	0.444368850664	5	645	0	
338	0	93	step_1_no_load	1	2	1	652	
338	0	93	step_2_no_load	3	4	0.70415710998	0.662863370634	4	587	1	
338	0	94	step_1_no_load	1	2	2	624	
338	0	94	step_2_no_load	5	6	0.468637558205	0.429211756872	5	831	1	
338	0	95	step_1_no_load	1	2	1	579	
338	0	95	step_2_no_load	3	4	0.715495469274	0.640209855442	4	842	0	
338	0	96	step_1_no_load	1	2	2	295	
338	0	96	step_2_no_load	3	4	0.693739812506	0.663095813561	3	391	1	
338	0	97	step_1_no_load	1	2	2	604	
338	0	97	step_2_no_load	3	4	0.681272614291	0.651202057411	3	906	1	
338	0	98	step_1_no_load	1	2	1	342	
338	0	98	step_2_no_load	3	4	0.70287861952	0.646040060297	3	1388	1	
338	0	99	step_1_no_load	1	2	2	657	
338	0	99	step_2_no_load	3	4	0.673709850038	0.645191748454	3	815	1	
338	0	100	step_1_no_load	1	2	2	638	
338	0	100	step_2_no_load	5	6	0.363162156005	0.4333505304	6	1309	1	
338	0	101	step_1_no_load	1	2	1	968	
338	0	101	step_2_no_load	3	4	0.623812401974	0.655903528958	4	951	0	
338	0	102	step_1_no_load	1	2	2	844	
338	0	102	step_2_no_load	3	4	0.666304534392	0.663124617603	4	563	0	
338	0	103	step_1_no_load	1	2	1	450	
338	0	103	step_2_no_load	3	4	0.663997796029	0.69058998368	-1	-1	-1	
338	0	104	step_1_no_load	1	2	2	468	
338	0	104	step_2_no_load	5	6	0.303696146503	0.521047445908	5	436	1	
338	0	105	step_1_no_load	1	2	2	559	
338	0	105	step_2_no_load	5	6	0.352639603242	0.514318365187	5	927	0	
338	0	106	step_1_no_load	1	2	2	420	
338	0	106	step_2_no_load	5	6	0.374131494222	0.508908032404	5	442	0	
338	0	107	step_1_no_load	1	2	2	711	
338	0	107	step_2_no_load	3	4	0.692607431435	0.677514185929	3	503	1	
338	0	108	step_1_no_load	1	2	1	579	
338	0	108	step_2_no_load	5	6	0.388185708856	0.526955028982	5	714	1	
338	0	109	step_1_no_load	1	2	2	317	
338	0	109	step_2_no_load	5	6	0.372328831887	0.479977531501	6	332	1	
338	0	110	step_1_no_load	1	2	2	464	
338	0	110	step_2_no_load	5	6	0.395544455384	0.432626681236	6	623	1	
338	0	111	step_1_no_load	1	2	2	397	
338	0	111	step_2_no_load	3	4	0.724852671171	0.634599547742	4	487	0	
338	0	112	step_1_no_load	1	2	2	660	
338	0	112	step_2_no_load	5	6	0.413393106784	0.392887565883	6	459	0	
338	0	113	step_1_no_load	1	2	2	527	
338	0	113	step_2_no_load	5	6	0.387112818105	0.370697120277	6	439	1	
338	0	114	step_1_no_load	1	2	2	349	
338	0	114	step_2_no_load	5	6	0.384736699284	0.380324086676	6	276	0	
338	0	115	step_1_no_load	1	2	2	340	
338	0	115	step_2_no_load	5	6	0.357661171116	0.390027643099	6	291	1	
338	0	116	step_1_no_load	1	2	2	583	
338	0	116	step_2_no_load	3	4	0.706736514943	0.680124293449	4	773	1	
338	0	117	step_1_no_load	1	2	2	323	
338	0	117	step_2_no_load	3	4	0.747012267642	0.671842537277	4	649	1	
338	0	118	step_1_no_load	1	2	2	452	
338	0	118	step_2_no_load	3	4	0.740051715856	0.690484235012	3	684	1	
338	0	119	step_1_no_load	1	2	2	394	
338	0	119	step_2_no_load	3	4	0.690424535099	0.661177321751	3	681	0	
338	0	120	step_1_no_load	1	2	2	533	
338	0	120	step_2_no_load	5	6	0.333809617664	0.370150243662	6	572	1	
338	0	121	step_1_no_load	1	2	2	298	
338	0	121	step_2_no_load	5	6	0.310775244958	0.352721767208	6	400	0	
338	0	122	step_1_no_load	1	2	2	709	
338	0	122	step_2_no_load	5	6	0.266650857402	0.329624572119	6	453	0	
338	0	123	step_1_no_load	1	2	2	1014	
338	0	123	step_2_no_load	5	6	0.269780614928	0.337526896345	6	525	1	
338	0	124	step_1_no_load	1	2	2	436	
338	0	124	step_2_no_load	3	4	0.603013298253	0.624161788269	3	379	1	
338	0	125	step_1_no_load	1	2	2	339	
338	0	125	step_2_no_load	5	6	0.290374841566	0.303110862715	5	1122	0	
338	0	126	step_1_no_load	1	2	2	677	
338	0	126	step_2_no_load	3	4	0.537863824328	0.600985760967	3	363	1	
338	0	127	step_1_no_load	1	2	2	457	
338	0	127	step_2_no_load	5	6	0.273483952592	0.274944938508	5	431	0	
338	0	128	step_1_no_load	1	2	2	507	
338	0	128	step_2_no_load	5	6	0.260252451606	0.250790232267	5	571	0	
338	0	129	step_1_no_load	1	2	2	536	
338	0	129	step_2_no_load	5	6	0.268213321963	0.271709703542	5	462	0	
338	0	130	step_1_no_load	1	2	2	675	
338	0	130	step_2_no_load	3	4	0.682031489739	0.630285316669	3	161	1	
338	0	131	step_1_no_load	1	2	2	293	
338	0	131	step_2_no_load	5	6	0.281500842289	0.311475039155	5	363	1	
338	0	132	step_1_no_load	1	2	2	520	
338	0	132	step_2_no_load	3	4	0.668578020634	0.660013924697	3	488	1	
338	0	133	step_1_no_load	1	2	2	422	
338	0	133	step_2_no_load	5	6	0.315608831386	0.312642735495	6	429	0	
338	0	134	step_1_no_load	1	2	2	466	
338	0	134	step_2_no_load	3	4	0.621945110858	0.685529359147	3	713	1	
338	0	135	step_1_no_load	1	2	2	1395	
338	0	135	step_2_no_load	5	6	0.300079459047	0.287118934166	6	627	0	
338	0	136	step_1_no_load	1	2	2	360	
338	0	136	step_2_no_load	5	6	0.307766925452	0.284521085726	6	438	1	
338	0	137	step_1_no_load	1	2	2	356	
338	0	137	step_2_no_load	5	6	0.346433498467	0.325016613024	6	379	0	
338	0	138	step_1_no_load	1	2	2	479	
338	0	138	step_2_no_load	5	6	0.366701525561	0.307694123906	6	614	0	
338	0	139	step_1_no_load	1	2	2	435	
338	0	139	step_2_no_load	5	6	0.325611400511	0.323660750961	6	434	1	
338	0	140	step_1_no_load	1	2	2	539	
338	0	140	step_2_no_load	5	6	0.348740542008	0.328174526491	6	346	0	
338	0	141	step_1_no_load	1	2	2	436	
338	0	141	step_2_no_load	5	6	0.390227133375	0.311809871418	6	523	0	
338	0	142	step_1_no_load	1	2	2	305	
338	0	142	step_2_no_load	5	6	0.397052682821	0.304203281606	6	464	0	
338	0	143	step_1_no_load	1	2	2	349	
338	0	143	step_2_no_load	5	6	0.410970957547	0.313516825296	6	476	1	
338	0	144	step_1_no_load	1	2	2	759	
338	0	144	step_2_no_load	3	4	0.626443722248	0.639347300184	4	789	1	
338	0	145	step_1_no_load	1	2	2	338	
338	0	145	step_2_no_load	5	6	0.355256413269	0.266265924094	6	473	0	
338	0	146	step_1_no_load	1	2	2	439	
338	0	146	step_2_no_load	5	6	0.320877500969	0.257861956214	6	351	1	
338	0	147	step_1_no_load	1	2	2	613	
338	0	147	step_2_no_load	3	4	0.647798886916	0.594861186319	4	652	1	
338	0	148	step_1_no_load	1	2	2	486	
338	0	148	step_2_no_load	5	6	0.311162711725	0.305288021243	6	797	1	
338	0	149	step_1_no_load	1	2	2	602	
338	0	149	step_2_no_load	5	6	0.300290206122	0.269951834184	6	841	1	
338	0	150	step_1_no_load	1	2	2	669	
338	0	150	step_2_no_load	5	6	0.306860041627	0.305587692243	5	588	1	
338	0	151	step_1_no_load	1	2	2	587	
338	0	151	step_2_no_load	5	6	0.310557101463	0.348172164421	6	466	0	
338	0	152	step_1_no_load	1	2	2	557	
338	0	152	step_2_no_load	3	4	0.595108765344	0.644204174791	3	743	1	
338	0	153	step_1_no_load	1	2	-1	-1	
338	0	154	step_1_no_load	1	2	-1	-1	
338	0	155	step_1_no_load	1	2	2	316	
338	0	155	step_2_no_load	5	6	0.372188990474	0.296093457977	5	507	1	
338	0	156	step_1_no_load	1	2	2	631	
338	0	156	step_2_no_load	3	4	0.631048201903	0.734436160799	3	383	0	
338	0	157	step_1_no_load	1	2	2	346	
338	0	157	step_2_no_load	3	4	0.585191807512	0.720725456325	3	177	0	
338	0	158	step_1_no_load	1	2	2	432	
338	0	158	step_2_no_load	5	6	0.334595868098	0.408728803896	5	335	0	
338	0	159	step_1_no_load	1	2	2	354	
338	0	159	step_2_no_load	5	6	0.321150411254	0.413026375257	6	457	0	
338	0	160	step_1_no_load	1	2	2	316	
338	0	160	step_2_no_load	3	4	0.521229931064	0.710728171711	-1	-1	-1	
338	0	161	step_1_no_load	1	2	2	313	
338	0	161	step_2_no_load	3	4	0.516036498158	0.719896286569	3	497	0	
338	0	162	step_1_no_load	1	2	2	424	
338	0	162	step_2_no_load	3	4	0.566496468084	0.695144769903	3	856	1	
338	0	163	step_1_no_load	1	2	2	403	
338	0	163	step_2_no_load	3	4	0.5863391277	0.697095951435	3	706	0	
338	0	164	step_1_no_load	1	2	2	484	
338	0	164	step_2_no_load	3	4	0.585961845322	0.692137394606	3	651	0	
338	0	165	step_1_no_load	1	2	2	559	
338	0	165	step_2_no_load	5	6	0.347974240867	0.463777557969	6	294	0	
338	0	166	step_1_no_load	1	2	2	420	
338	0	166	step_2_no_load	3	4	0.549095060025	0.686594248975	4	459	1	
338	0	167	step_1_no_load	1	2	2	446	
338	0	167	step_2_no_load	5	6	0.331115714939	0.38753671275	6	581	0	
338	0	168	step_1_no_load	1	2	2	539	
338	0	168	step_2_no_load	5	6	0.335777599654	0.400817642375	5	437	1	
338	0	169	step_1_no_load	1	2	1	296	
338	0	169	step_2_no_load	5	6	0.365156560071	0.42098542374	6	271	0	
338	0	170	step_1_no_load	1	2	1	587	
338	0	170	step_2_no_load	5	6	0.364989630435	0.411067820436	5	506	1	
338	0	171	step_1_no_load	1	2	1	597	
338	0	171	step_2_no_load	3	4	0.553314431843	0.727248140829	4	1004	0	
338	0	172	step_1_no_load	1	2	1	376	
338	0	172	step_2_no_load	3	4	0.519090471457	0.668669556875	3	374	0	
338	0	173	step_1_no_load	1	2	1	699	
338	0	173	step_2_no_load	5	6	0.462866379815	0.385349297983	5	938	1	
338	0	174	step_1_no_load	1	2	1	407	
338	0	174	step_2_no_load	5	6	0.46236234172	0.387867297446	6	486	1	
338	0	175	step_1_no_load	1	2	2	811	
338	0	175	step_2_no_load	3	4	0.52644949356	0.693968268443	4	1185	1	
338	0	176	step_1_no_load	1	2	2	718	
338	0	176	step_2_no_load	5	6	0.500856457218	0.383231572002	6	772	0	
338	0	177	step_1_no_load	1	2	2	570	
338	0	177	step_2_no_load	5	6	0.4798184927	0.357425668099	5	720	1	
338	0	178	step_1_no_load	1	2	1	637	
338	0	178	step_2_no_load	5	6	0.49020858644	0.36473828006	5	420	0	
338	0	179	step_1_no_load	1	2	1	496	
338	0	179	step_2_no_load	5	6	0.493565996034	0.324685418097	5	479	0	
338	0	180	step_1_no_load	1	2	1	343	
338	0	180	step_2_no_load	5	6	0.489345734128	0.341214611607	5	286	0	
338	0	181	step_1_no_load	1	2	2	618	
338	0	181	step_2_no_load	5	6	0.480141179559	0.342402764747	6	601	0	
338	0	182	step_1_no_load	1	2	2	406	
338	0	182	step_2_no_load	5	6	0.49907747228	0.340533666308	6	405	0	
338	0	183	step_1_no_load	1	2	2	339	
338	0	183	step_2_no_load	5	6	0.492742497507	0.350175837802	6	322	0	
338	0	184	step_1_no_load	1	2	2	574	
338	0	184	step_2_no_load	5	6	0.480863422096	0.362743255194	6	704	0	
338	0	185	step_1_no_load	1	2	2	662	
338	0	185	step_2_no_load	5	6	0.482228039858	0.362611152222	5	349	0	
338	0	186	step_1_no_load	1	2	2	513	
338	0	186	step_2_no_load	5	6	0.484672582719	0.332733011923	6	403	1	
338	0	187	step_1_no_load	1	2	2	383	
338	0	187	step_2_no_load	5	6	0.498596507669	0.328890769988	6	421	1	
338	0	188	step_1_no_load	1	2	2	510	
338	0	188	step_2_no_load	5	6	0.548350535247	0.291508050861	6	629	0	
338	0	189	step_1_no_load	1	2	2	768	
338	0	189	step_2_no_load	5	6	0.534753756004	0.285168135955	6	1054	0	
338	0	190	step_1_no_load	1	2	2	580	
338	0	190	step_2_no_load	5	6	0.505820429042	0.304557739386	6	459	0	
338	0	191	step_1_no_load	1	2	2	399	
338	0	191	step_2_no_load	3	4	0.435748387321	0.664271461991	3	1085	0	
338	0	192	step_1_no_load	1	2	1	692	
338	0	192	step_2_no_load	3	4	0.450791310283	0.705517419189	3	404	0	
338	0	193	step_1_no_load	1	2	1	703	
338	0	193	step_2_no_load	3	4	0.440813209638	0.679792491164	4	391	1	
338	0	194	step_1_no_load	1	2	2	596	
338	0	194	step_2_no_load	5	6	0.505359594715	0.342437174514	5	421	0	
338	0	195	step_1_no_load	1	2	2	407	
338	0	195	step_2_no_load	5	6	0.494102184238	0.348571348505	5	766	0	
338	0	196	step_1_no_load	1	2	2	521	
338	0	196	step_2_no_load	3	4	0.421761207498	0.695101215304	3	704	0	
338	0	197	step_1_no_load	1	2	2	420	
338	0	197	step_2_no_load	5	6	0.47786945426	0.316987700969	5	730	1	
338	0	198	step_1_no_load	1	2	2	822	
338	0	198	step_2_no_load	5	6	0.485065498391	0.303352625941	-1	-1	-1	
338	0	199	step_1_no_load	1	2	2	508	
338	0	199	step_2_no_load	5	6	0.529438031858	0.292861528884	5	402	0	
338	0	200	step_1_no_load	1	2	2	346	
338	0	200	step_2_no_load	5	6	0.507902534353	0.299128796668	6	585	0	

Tue Mar 23 15:21:43 2021
