Tue Mar 23 17:23:09 2021	
339	0	1	step_1_no_load	1	2	2	618	
339	0	1	step_2_no_load	5	6	0.598297890399	0.594299910136	6	716	1	
339	0	2	step_1_no_load	1	2	2	682	
339	0	2	step_2_no_load	5	6	0.580156942153	0.610961032466	6	1218	1	
339	0	3	step_1_no_load	1	2	2	511	
339	0	3	step_2_no_load	3	4	0.516002945397	0.476767372206	3	1102	1	
339	0	4	step_1_no_load	1	2	2	568	
339	0	4	step_2_no_load	3	4	0.494597764192	0.478607661228	3	1071	1	
339	0	5	step_1_no_load	1	2	2	434	
339	0	5	step_2_no_load	5	6	0.623810210114	0.576104915614	5	857	0	
339	0	6	step_1_no_load	1	2	2	462	
339	0	6	step_2_no_load	5	6	0.585722686883	0.603642866427	6	830	0	
339	0	7	step_1_no_load	1	2	2	769	
339	0	7	step_2_no_load	5	6	0.568656746487	0.622642364361	-1	-1	-1	
339	0	8	step_1_no_load	1	2	2	484	
339	0	8	step_2_no_load	5	6	0.59128639594	0.624210374623	6	652	1	
339	0	9	step_1_no_load	1	2	2	513	
339	0	9	step_2_no_load	5	6	0.598049061473	0.641106877158	6	784	0	
339	0	10	step_1_no_load	1	2	1	645	
339	0	10	step_2_no_load	3	4	0.576063520885	0.482364178155	4	919	0	
339	0	11	step_1_no_load	1	2	1	713	
339	0	11	step_2_no_load	3	4	0.59022801242	0.477013315682	3	720	0	
339	0	12	step_1_no_load	1	2	2	499	
339	0	12	step_2_no_load	3	4	0.597131918027	0.48457206759	3	859	1	
339	0	13	step_1_no_load	1	2	2	431	
339	0	13	step_2_no_load	5	6	0.653587098421	0.558313135925	6	861	1	
339	0	14	step_1_no_load	1	2	2	515	
339	0	14	step_2_no_load	5	6	0.629137942344	0.545555696267	6	754	1	
339	0	15	step_1_no_load	1	2	2	462	
339	0	15	step_2_no_load	5	6	0.612260006668	0.570419113221	6	788	0	
339	0	16	step_1_no_load	1	2	1	674	
339	0	16	step_2_no_load	3	4	0.626326396372	0.510958036527	3	993	1	
339	0	17	step_1_no_load	1	2	1	573	
339	0	17	step_2_no_load	3	4	0.643116883134	0.535958400205	4	1051	0	
339	0	18	step_1_no_load	1	2	2	424	
339	0	18	step_2_no_load	5	6	0.626834332012	0.553554620302	6	631	1	
339	0	19	step_1_no_load	1	2	2	548	
339	0	19	step_2_no_load	5	6	0.619895761657	0.536502319591	6	730	1	
339	0	20	step_1_no_load	1	2	2	439	
339	0	20	step_2_no_load	5	6	0.636521555122	0.491720931314	6	653	0	
339	0	21	step_1_no_load	1	2	1	723	
339	0	21	step_2_no_load	3	4	0.611328949295	0.49769376036	3	877	1	
339	0	22	step_1_no_load	1	2	1	537	
339	0	22	step_2_no_load	3	4	0.618527126547	0.506100011497	3	736	1	
339	0	23	step_1_no_load	1	2	2	204	
339	0	23	step_2_no_load	5	6	0.640163623731	0.513759772011	6	146	0	
339	0	24	step_1_no_load	1	2	2	422	
339	0	24	step_2_no_load	5	6	0.582115115688	0.503316199018	6	588	1	
339	0	25	step_1_no_load	1	2	2	800	
339	0	25	step_2_no_load	3	4	0.629917901014	0.503316372362	3	1119	1	
339	0	26	step_1_no_load	1	2	2	1204	
339	0	26	step_2_no_load	5	6	0.592410219737	0.532884212818	6	1155	1	
339	0	27	step_1_no_load	1	2	2	434	
339	0	27	step_2_no_load	5	6	0.57860777711	0.54756089792	6	576	1	
339	0	28	step_1_no_load	1	2	2	612	
339	0	28	step_2_no_load	3	4	0.647441527317	0.520177259699	3	1099	1	
339	0	29	step_1_no_load	1	2	2	416	
339	0	29	step_2_no_load	5	6	0.606613029227	0.561957580386	6	726	1	
339	0	30	step_1_no_load	1	2	2	635	
339	0	30	step_2_no_load	5	6	0.608245979832	0.574272497114	6	897	1	
339	0	31	step_1_no_load	1	2	2	487	
339	0	31	step_2_no_load	5	6	0.636602545794	0.541819886458	6	742	1	
339	0	32	step_1_no_load	1	2	2	514	
339	0	32	step_2_no_load	5	6	0.634585171267	0.522993086096	6	720	1	
339	0	33	step_1_no_load	1	2	2	676	
339	0	33	step_2_no_load	5	6	0.611700032906	0.542309898544	5	835	1	
339	0	34	step_1_no_load	1	2	2	465	
339	0	34	step_2_no_load	3	4	0.670290552209	0.454565258478	4	1095	1	
339	0	35	step_1_no_load	1	2	2	435	
339	0	35	step_2_no_load	3	4	0.649776015006	0.491437207585	4	858	1	
339	0	36	step_1_no_load	1	2	2	393	
339	0	36	step_2_no_load	3	4	0.661229326326	0.513210053121	3	983	0	
339	0	37	step_1_no_load	1	2	2	0	
339	0	37	step_2_no_load	5	6	0.513822304161	0.598446394142	6	795	1	
339	0	38	step_1_no_load	1	2	2	513	
339	0	38	step_2_no_load	5	6	0.539078491643	0.595113730206	6	855	1	
339	0	39	step_1_no_load	1	2	2	452	
339	0	39	step_2_no_load	5	6	0.557005857101	0.610601635554	6	627	0	
339	0	40	step_1_no_load	1	2	1	562	
339	0	40	step_2_no_load	3	4	0.636994900683	0.5691386571	3	969	1	
339	0	41	step_1_no_load	1	2	1	397	
339	0	41	step_2_no_load	3	4	0.633285941184	0.583829055298	3	691	0	
339	0	42	step_1_no_load	1	2	1	368	
339	0	42	step_2_no_load	5	6	0.533857158543	0.609164606591	6	607	1	
339	0	43	step_1_no_load	1	2	2	764	
339	0	43	step_2_no_load	5	6	0.553703096215	0.612705031264	6	810	1	
339	0	44	step_1_no_load	1	2	2	439	
339	0	44	step_2_no_load	3	4	0.589653131867	0.537842745081	3	1189	1	
339	0	45	step_1_no_load	1	2	2	554	
339	0	45	step_2_no_load	5	6	0.579346234508	0.632991467829	6	936	0	
339	0	46	step_1_no_load	1	2	2	406	
339	0	46	step_2_no_load	5	6	0.55511883717	0.600964500555	6	916	0	
339	0	47	step_1_no_load	1	2	2	418	
339	0	47	step_2_no_load	5	6	0.546259467838	0.598724660986	5	536	0	
339	0	48	step_1_no_load	1	2	2	420	
339	0	48	step_2_no_load	3	4	0.657624935632	0.488280685105	3	963	1	
339	0	49	step_1_no_load	1	2	2	425	
339	0	49	step_2_no_load	5	6	0.512405963374	0.610193185592	6	680	1	
339	0	50	step_1_no_load	1	2	2	413	
339	0	50	step_2_no_load	5	6	0.481616544184	0.606862017918	6	579	1	
339	0	51	step_1_no_load	1	2	2	450	
339	0	51	step_2_no_load	5	6	0.508197321577	0.564866799699	6	808	1	
339	0	52	step_1_no_load	1	2	2	861	
339	0	52	step_2_no_load	5	6	0.513589895419	0.539065404057	6	884	0	
339	0	53	step_1_no_load	1	2	2	433	
339	0	53	step_2_no_load	3	4	0.630956764252	0.451905460347	4	1367	1	
339	0	54	step_1_no_load	1	2	2	573	
339	0	54	step_2_no_load	5	6	0.493362545513	0.570223904064	6	876	0	
339	0	55	step_1_no_load	1	2	2	241	
339	0	55	step_2_no_load	3	4	0.639840796975	0.487025527704	3	992	0	
339	0	56	step_1_no_load	1	2	2	141	
339	0	56	step_2_no_load	5	6	0.538512915562	0.601856598146	6	943	1	
339	0	57	step_1_no_load	1	2	2	0	
339	0	57	step_2_no_load	3	4	0.586335094239	0.466449077359	4	803	1	
339	0	58	step_1_no_load	1	2	2	510	
339	0	58	step_2_no_load	3	4	0.610896130115	0.478335218822	4	956	0	
339	0	59	step_1_no_load	1	2	2	544	
339	0	59	step_2_no_load	5	6	0.537400760025	0.632500293208	6	886	0	
339	0	60	step_1_no_load	1	2	2	68	
339	0	60	step_2_no_load	5	6	0.479287247283	0.623687406259	6	146	1	
339	0	61	step_1_no_load	1	2	2	455	
339	0	61	step_2_no_load	3	4	0.602879526975	0.464268875813	3	766	1	
339	0	62	step_1_no_load	1	2	2	435	
339	0	62	step_2_no_load	5	6	0.533031417444	0.691137204746	5	833	0	
339	0	63	step_1_no_load	1	2	2	390	
339	0	63	step_2_no_load	5	6	0.519445130796	0.664284493458	6	799	0	
339	0	64	step_1_no_load	1	2	2	0	
339	0	64	step_2_no_load	3	4	0.626149195169	0.555062911513	3	1069	0	
339	0	65	step_1_no_load	1	2	1	857	
339	0	65	step_2_no_load	5	6	0.517687993213	0.612660225018	6	768	0	
339	0	66	step_1_no_load	1	2	1	380	
339	0	66	step_2_no_load	5	6	0.555324764318	0.606938648072	6	930	1	
339	0	67	step_1_no_load	1	2	1	521	
339	0	67	step_2_no_load	3	4	0.674463681351	0.542076810516	3	993	1	
339	0	68	step_1_no_load	1	2	2	844	
339	0	68	step_2_no_load	5	6	0.523301545299	0.622963076372	6	563	0	
339	0	69	step_1_no_load	1	2	2	455	
339	0	69	step_2_no_load	3	4	0.718756538957	0.499137600991	4	1246	1	
339	0	70	step_1_no_load	1	2	2	498	
339	0	70	step_2_no_load	5	6	0.548075770764	0.637556284465	6	905	1	
339	0	71	step_1_no_load	1	2	2	487	
339	0	71	step_2_no_load	3	4	0.706816191949	0.482863323776	4	1029	0	
339	0	72	step_1_no_load	1	2	2	354	
339	0	72	step_2_no_load	3	4	0.705884789502	0.47409116389	3	1008	1	
339	0	73	step_1_no_load	1	2	1	453	
339	0	73	step_2_no_load	3	4	0.727961155836	0.435957313805	3	1188	1	
339	0	74	step_1_no_load	1	2	1	466	
339	0	74	step_2_no_load	3	4	0.693624670847	0.453420386428	3	593	1	
339	0	75	step_1_no_load	1	2	2	765	
339	0	75	step_2_no_load	5	6	0.483983914712	0.615552849174	6	589	0	
339	0	76	step_1_no_load	1	2	1	356	
339	0	76	step_2_no_load	5	6	0.518881389358	0.62770291155	6	810	1	
339	0	77	step_1_no_load	1	2	1	407	
339	0	77	step_2_no_load	3	4	0.679737625371	0.446809557226	4	1485	0	
339	0	78	step_1_no_load	1	2	1	401	
339	0	78	step_2_no_load	5	6	0.538654072849	0.536711448352	6	1095	0	
339	0	79	step_1_no_load	1	2	1	427	
339	0	79	step_2_no_load	3	4	0.647841624544	0.389124152368	3	1146	1	
339	0	80	step_1_no_load	1	2	1	0	
339	0	80	step_2_no_load	5	6	0.49921021142	0.518583383166	6	781	0	
339	0	81	step_1_no_load	1	2	1	850	
339	0	81	step_2_no_load	3	4	0.702400933084	0.419265522488	3	1193	1	
339	0	82	step_1_no_load	1	2	1	614	
339	0	82	step_2_no_load	3	4	0.688340116885	0.395813831323	3	916	1	
339	0	83	step_1_no_load	1	2	1	479	
339	0	83	step_2_no_load	3	4	0.726885136842	0.382772464038	3	830	1	
339	0	84	step_1_no_load	1	2	1	1021	
339	0	84	step_2_no_load	3	4	0.731466635793	0.385087938645	3	892	1	
339	0	85	step_1_no_load	1	2	1	366	
339	0	85	step_2_no_load	5	6	0.485785534744	0.692384972752	6	989	1	
339	0	86	step_1_no_load	1	2	1	304	
339	0	86	step_2_no_load	3	4	0.721207648497	0.345323068124	3	688	1	
339	0	87	step_1_no_load	1	2	1	386	
339	0	87	step_2_no_load	3	4	0.690012761069	0.40000499778	3	708	1	
339	0	88	step_1_no_load	1	2	1	327	
339	0	88	step_2_no_load	3	4	0.696773608304	0.377947492322	3	679	0	
339	0	89	step_1_no_load	1	2	2	930	
339	0	89	step_2_no_load	5	6	0.490019385174	0.690772436485	6	897	1	
339	0	90	step_1_no_load	1	2	2	445	
339	0	90	step_2_no_load	5	6	0.530126112124	0.712247848046	6	532	0	
339	0	91	step_1_no_load	1	2	2	395	
339	0	91	step_2_no_load	5	6	0.479087223222	0.685023809334	5	1106	0	
339	0	92	step_1_no_load	1	2	2	429	
339	0	92	step_2_no_load	5	6	0.484260039873	0.692406274724	6	548	1	
339	0	93	step_1_no_load	1	2	2	505	
339	0	93	step_2_no_load	5	6	0.473273727684	0.70415710998	5	1168	0	
339	0	94	step_1_no_load	1	2	1	470	
339	0	94	step_2_no_load	3	4	0.668295023896	0.429211756872	3	917	0	
339	0	95	step_1_no_load	1	2	1	401	
339	0	95	step_2_no_load	3	4	0.640209855442	0.427150666411	4	464	0	
339	0	96	step_1_no_load	1	2	2	780	
339	0	96	step_2_no_load	5	6	0.437558890646	0.693739812506	6	762	0	
339	0	97	step_1_no_load	1	2	1	623	
339	0	97	step_2_no_load	5	6	0.455601814112	0.681272614291	5	1189	1	
339	0	98	step_1_no_load	1	2	1	400	
339	0	98	step_2_no_load	5	6	0.431479829356	0.70287861952	5	463	0	
339	0	99	step_1_no_load	1	2	1	459	
339	0	99	step_2_no_load	3	4	0.645191748454	0.397561363605	4	1154	1	
339	0	100	step_1_no_load	1	2	1	423	
339	0	100	step_2_no_load	5	6	0.363162156005	0.666227451505	6	1032	1	
339	0	101	step_1_no_load	1	2	1	484	
339	0	101	step_2_no_load	5	6	0.366879421891	0.623812401974	6	946	0	
339	0	102	step_1_no_load	1	2	1	433	
339	0	102	step_2_no_load	5	6	0.326080462175	0.666304534392	5	63	0	
339	0	103	step_1_no_load	1	2	1	427	
339	0	103	step_2_no_load	3	4	0.69058998368	0.481975449893	4	458	0	
339	0	104	step_1_no_load	1	2	2	391	
339	0	104	step_2_no_load	5	6	0.303696146503	0.703870701136	6	503	1	
339	0	105	step_1_no_load	1	2	2	500	
339	0	105	step_2_no_load	5	6	0.352639603242	0.689135357059	6	746	0	
339	0	106	step_1_no_load	1	2	2	463	
339	0	106	step_2_no_load	5	6	0.374131494222	0.712883638252	6	1126	1	
339	0	107	step_1_no_load	1	2	1	93	
339	0	107	step_2_no_load	5	6	0.388257337796	0.692607431435	6	1021	1	
339	0	108	step_1_no_load	1	2	1	434	
339	0	108	step_2_no_load	5	6	0.388185708856	0.695928523711	6	812	1	
339	0	109	step_1_no_load	1	2	1	472	
339	0	109	step_2_no_load	3	4	0.68658494263	0.479977531501	3	1402	0	
339	0	110	step_1_no_load	1	2	1	457	
339	0	110	step_2_no_load	3	4	0.65455226558	0.432626681236	4	759	0	
339	0	111	step_1_no_load	1	2	1	666	
339	0	111	step_2_no_load	3	4	0.634599547742	0.384948378665	4	1016	0	
339	0	112	step_1_no_load	1	2	1	421	
339	0	112	step_2_no_load	5	6	0.413393106784	0.725701866094	6	619	1	
339	0	113	step_1_no_load	1	2	2	501	
339	0	113	step_2_no_load	3	4	0.634627459817	0.370697120277	4	989	0	
339	0	114	step_1_no_load	1	2	2	744	
339	0	114	step_2_no_load	3	4	0.657654904272	0.380324086676	4	519	1	
339	0	115	step_1_no_load	1	2	2	465	
339	0	115	step_2_no_load	5	6	0.357661171116	0.739704344621	6	704	1	
339	0	116	step_1_no_load	1	2	2	525	
339	0	116	step_2_no_load	5	6	0.369438791876	0.706736514943	6	715	1	
339	0	117	step_1_no_load	1	2	2	375	
339	0	117	step_2_no_load	5	6	0.363056877927	0.747012267642	6	750	1	
339	0	118	step_1_no_load	1	2	2	453	
339	0	118	step_2_no_load	3	4	0.690484235012	0.357645851833	4	1419	1	
339	0	119	step_1_no_load	1	2	2	512	
339	0	119	step_2_no_load	5	6	0.358243439099	0.690424535099	6	894	1	
339	0	120	step_1_no_load	1	2	2	450	
339	0	120	step_2_no_load	3	4	0.666433355915	0.370150243662	4	1153	1	
339	0	121	step_1_no_load	1	2	2	1	
339	0	121	step_2_no_load	5	6	0.310775244958	0.658856304095	5	907	0	
339	0	122	step_1_no_load	1	2	2	400	
339	0	122	step_2_no_load	3	4	0.672193618854	0.329624572119	4	927	0	
339	0	123	step_1_no_load	1	2	2	0	
339	0	123	step_2_no_load	5	6	0.269780614928	0.583607229978	6	974	1	
339	0	124	step_1_no_load	1	2	2	433	
339	0	124	step_2_no_load	5	6	0.26095206597	0.603013298253	6	1249	1	
339	0	125	step_1_no_load	1	2	2	423	
339	0	125	step_2_no_load	3	4	0.633566302563	0.303110862715	3	1326	1	
339	0	126	step_1_no_load	1	2	2	459	
339	0	126	step_2_no_load	5	6	0.267206368684	0.537863824328	6	985	1	
339	0	127	step_1_no_load	1	2	2	414	
339	0	127	step_2_no_load	5	6	0.273483952592	0.560824094575	6	860	0	
339	0	128	step_1_no_load	1	2	2	383	
339	0	128	step_2_no_load	5	6	0.260252451606	0.636905534066	6	1126	1	
339	0	129	step_1_no_load	1	2	2	504	
339	0	129	step_2_no_load	5	6	0.268213321963	0.685297910719	6	1071	1	
339	0	130	step_1_no_load	1	2	2	394	
339	0	130	step_2_no_load	3	4	0.630285316669	0.274560758494	3	873	1	
339	0	131	step_1_no_load	1	2	1	558	
339	0	131	step_2_no_load	3	4	0.638450601212	0.311475039155	4	1366	0	
339	0	132	step_1_no_load	1	2	1	369	
339	0	132	step_2_no_load	3	4	0.660013924697	0.315328810424	3	23	0	
339	0	133	step_1_no_load	1	2	1	355	
339	0	133	step_2_no_load	3	4	0.691649444281	0.312642735495	4	809	0	
339	0	134	step_1_no_load	1	2	2	377	
339	0	134	step_2_no_load	5	6	0.287393715313	0.621945110858	6	696	1	
339	0	135	step_1_no_load	1	2	2	791	
339	0	135	step_2_no_load	5	6	0.300079459047	0.593710006149	6	718	0	
339	0	136	step_1_no_load	1	2	1	578	
339	0	136	step_2_no_load	3	4	0.674914008636	0.284521085726	3	609	1	
339	0	137	step_1_no_load	1	2	1	461	
339	0	137	step_2_no_load	3	4	0.668540846495	0.325016613024	3	699	0	
339	0	138	step_1_no_load	1	2	1	414	
339	0	138	step_2_no_load	5	6	0.366701525561	0.63240964674	6	829	0	
339	0	139	step_1_no_load	1	2	1	384	
339	0	139	step_2_no_load	3	4	0.696355985729	0.323660750961	4	1215	1	
339	0	140	step_1_no_load	1	2	1	474	
339	0	140	step_2_no_load	3	4	0.637682840728	0.328174526491	4	697	1	
339	0	141	step_1_no_load	1	2	1	613	
339	0	141	step_2_no_load	3	4	0.616803346728	0.311809871418	4	748	1	
339	0	142	step_1_no_load	1	2	1	538	
339	0	142	step_2_no_load	5	6	0.397052682821	0.690276058009	5	1153	0	
339	0	143	step_1_no_load	1	2	1	483	
339	0	143	step_2_no_load	3	4	0.610219102298	0.313516825296	3	1153	1	
339	0	144	step_1_no_load	1	2	2	471	
339	0	144	step_2_no_load	5	6	0.389234194056	0.626443722248	6	774	1	
339	0	145	step_1_no_load	1	2	2	459	
339	0	145	step_2_no_load	3	4	0.606515632748	0.266265924094	-1	-1	-1	
339	0	146	step_1_no_load	1	2	2	406	
339	0	146	step_2_no_load	5	6	0.320877500969	0.681611991725	6	828	1	
339	0	147	step_1_no_load	1	2	2	417	
339	0	147	step_2_no_load	5	6	0.352879785946	0.647798886916	5	1127	0	
339	0	148	step_1_no_load	1	2	2	444	
339	0	148	step_2_no_load	3	4	0.648050021239	0.305288021243	4	722	0	
339	0	149	step_1_no_load	1	2	2	0	
339	0	149	step_2_no_load	3	4	0.623203869836	0.269951834184	3	893	0	
339	0	150	step_1_no_load	1	2	2	387	
339	0	150	step_2_no_load	5	6	0.306860041627	0.575985663078	6	410	0	
339	0	151	step_1_no_load	1	2	2	617	
339	0	151	step_2_no_load	5	6	0.310557101463	0.59154759351	6	967	1	
339	0	152	step_1_no_load	1	2	-1	-1	
339	0	153	step_1_no_load	1	2	2	588	
339	0	153	step_2_no_load	5	6	0.343622632154	0.613336203392	6	562	1	
339	0	154	step_1_no_load	1	2	2	439	
339	0	154	step_2_no_load	3	4	0.671672162443	0.316375537537	3	829	0	
339	0	155	step_1_no_load	1	2	2	341	
339	0	155	step_2_no_load	5	6	0.372188990474	0.632486591889	6	555	1	
339	0	156	step_1_no_load	1	2	2	465	
339	0	156	step_2_no_load	3	4	0.734436160799	0.32564867104	3	1144	1	
339	0	157	step_1_no_load	1	2	1	500	
339	0	157	step_2_no_load	3	4	0.720725456325	0.350909357271	4	867	0	
339	0	158	step_1_no_load	1	2	1	416	
339	0	158	step_2_no_load	5	6	0.334595868098	0.532722108502	6	799	1	
339	0	159	step_1_no_load	1	2	2	444	
339	0	159	step_2_no_load	5	6	0.321150411254	0.541222065796	6	554	0	
339	0	160	step_1_no_load	1	2	2	422	
339	0	160	step_2_no_load	5	6	0.355992626298	0.521229931064	6	653	1	
339	0	161	step_1_no_load	1	2	2	1189	
339	0	161	step_2_no_load	5	6	0.438878285506	0.516036498158	6	619	0	
339	0	162	step_1_no_load	1	2	2	384	
339	0	162	step_2_no_load	5	6	0.455329532209	0.566496468084	6	400	1	
339	0	163	step_1_no_load	1	2	2	395	
339	0	163	step_2_no_load	3	4	0.697095951435	0.395221309311	3	649	1	
339	0	164	step_1_no_load	1	2	2	453	
339	0	164	step_2_no_load	5	6	0.430844125626	0.585961845322	5	932	0	
339	0	165	step_1_no_load	1	2	2	522	
339	0	165	step_2_no_load	5	6	0.347974240867	0.538026607649	5	857	0	
339	0	166	step_1_no_load	1	2	2	502	
339	0	166	step_2_no_load	5	6	0.356317216644	0.549095060025	6	532	0	
339	0	167	step_1_no_load	1	2	2	352	
339	0	167	step_2_no_load	5	6	0.331115714939	0.585131062446	6	630	1	
339	0	168	step_1_no_load	1	2	2	444	
339	0	168	step_2_no_load	3	4	0.67192508984	0.400817642375	4	1138	0	
339	0	169	step_1_no_load	1	2	2	477	
339	0	169	step_2_no_load	3	4	0.704981910944	0.42098542374	3	893	0	
339	0	170	step_1_no_load	1	2	1	394	
339	0	170	step_2_no_load	3	4	0.67334314737	0.411067820436	4	833	1	
339	0	171	step_1_no_load	1	2	1	424	
339	0	171	step_2_no_load	3	4	0.727248140829	0.386979310814	4	735	1	
339	0	172	step_1_no_load	1	2	1	515	
339	0	172	step_2_no_load	3	4	0.668669556875	0.363617002148	4	761	0	
339	0	173	step_1_no_load	1	2	1	430	
339	0	173	step_2_no_load	3	4	0.667027212577	0.385349297983	3	972	1	
339	0	174	step_1_no_load	1	2	1	520	
339	0	174	step_2_no_load	3	4	0.729877433725	0.387867297446	3	847	1	
339	0	175	step_1_no_load	1	2	1	503	
339	0	175	step_2_no_load	3	4	0.693968268443	0.426185553904	3	821	0	
339	0	176	step_1_no_load	1	2	1	658	
339	0	176	step_2_no_load	3	4	0.679250000396	0.383231572002	3	930	1	
339	0	177	step_1_no_load	1	2	1	495	
339	0	177	step_2_no_load	3	4	0.714070205704	0.357425668099	4	941	0	
339	0	178	step_1_no_load	1	2	1	361	
339	0	178	step_2_no_load	3	4	0.705993797498	0.36473828006	3	1256	0	
339	0	179	step_1_no_load	1	2	2	492	
339	0	179	step_2_no_load	5	6	0.493565996034	0.457298770028	6	738	1	
339	0	180	step_1_no_load	1	2	2	680	
339	0	180	step_2_no_load	3	4	0.719795072986	0.341214611607	3	1166	1	
339	0	181	step_1_no_load	1	2	2	581	
339	0	181	step_2_no_load	3	4	0.746910336326	0.342402764747	3	698	1	
339	0	182	step_1_no_load	1	2	2	456	
339	0	182	step_2_no_load	5	6	0.49907747228	0.506773281362	6	966	0	
339	0	183	step_1_no_load	1	2	2	414	
339	0	183	step_2_no_load	3	4	0.720388040749	0.350175837802	3	1045	1	
339	0	184	step_1_no_load	1	2	1	0	
339	0	184	step_2_no_load	5	6	0.480863422096	0.460890977786	5	160	0	
339	0	185	step_1_no_load	1	2	2	418	
339	0	185	step_2_no_load	3	4	0.665622647081	0.362611152222	3	905	1	
339	0	186	step_1_no_load	1	2	2	415	
339	0	186	step_2_no_load	5	6	0.484672582719	0.46870859828	6	878	1	
339	0	187	step_1_no_load	1	2	2	442	
339	0	187	step_2_no_load	5	6	0.498596507669	0.443962917772	5	1200	0	
339	0	188	step_1_no_load	1	2	2	382	
339	0	188	step_2_no_load	5	6	0.548350535247	0.471319680586	5	1172	1	
339	0	189	step_1_no_load	1	2	2	488	
339	0	189	step_2_no_load	5	6	0.534753756004	0.448897869069	5	679	1	
339	0	190	step_1_no_load	1	2	1	158	
339	0	190	step_2_no_load	3	4	0.667655825994	0.304557739386	4	621	0	
339	0	191	step_1_no_load	1	2	1	449	
339	0	191	step_2_no_load	3	4	0.664271461991	0.318839908867	3	486	1	
339	0	192	step_1_no_load	1	2	1	84	
339	0	192	step_2_no_load	3	4	0.705517419189	0.299297135717	4	739	0	
339	0	193	step_1_no_load	1	2	1	351	
339	0	193	step_2_no_load	3	4	0.679792491164	0.321008037746	3	582	1	
339	0	194	step_1_no_load	1	2	1	421	
339	0	194	step_2_no_load	5	6	0.505359594715	0.433250459893	6	891	0	
339	0	195	step_1_no_load	1	2	2	368	
339	0	195	step_2_no_load	3	4	0.646280688878	0.348571348505	3	1079	0	
339	0	196	step_1_no_load	1	2	2	395	
339	0	196	step_2_no_load	5	6	0.496717662777	0.421761207498	6	818	0	
339	0	197	step_1_no_load	1	2	2	422	
339	0	197	step_2_no_load	5	6	0.47786945426	0.422511153127	6	685	0	
339	0	198	step_1_no_load	1	2	1	403	
339	0	198	step_2_no_load	3	4	0.68660989813	0.303352625941	3	833	1	
339	0	199	step_1_no_load	1	2	1	367	
339	0	199	step_2_no_load	5	6	0.529438031858	0.39793773834	6	774	1	
339	0	200	step_1_no_load	1	2	1	426	
339	0	200	step_2_no_load	3	4	0.728996708473	0.299128796668	3	1490	1	

Tue Mar 23 17:41:06 2021
