Tue Mar 30 17:04:03 2021	
341	0	1	step_1_no_load	1	2	1	404	
341	0	1	step_2_no_load	3	4	0.598297890399	0.457620150462	3	470	1	
341	0	2	step_1_no_load	1	2	1	418	
341	0	2	step_2_no_load	5	6	0.533203491871	0.610961032466	6	810	1	
341	0	3	step_1_no_load	1	2	1	421	
341	0	3	step_2_no_load	3	4	0.584197065669	0.476767372206	4	870	0	
341	0	4	step_1_no_load	1	2	2	768	
341	0	4	step_2_no_load	5	6	0.494597764192	0.564086293706	5	575	0	
341	0	5	step_1_no_load	1	2	2	410	
341	0	5	step_2_no_load	3	4	0.623810210114	0.495568760483	4	812	1	
341	0	6	step_1_no_load	1	2	2	376	
341	0	6	step_2_no_load	5	6	0.490454120702	0.603642866427	5	959	1	
341	0	7	step_1_no_load	1	2	1	611	
341	0	7	step_2_no_load	5	6	0.506408070053	0.622642364361	6	1017	1	
341	0	8	step_1_no_load	1	2	1	493	
341	0	8	step_2_no_load	3	4	0.59128639594	0.489816616396	4	764	1	
341	0	9	step_1_no_load	1	2	2	680	
341	0	9	step_2_no_load	3	4	0.598049061473	0.496546708465	4	871	1	
341	0	10	step_1_no_load	1	2	2	716	
341	0	10	step_2_no_load	5	6	0.576063520885	0.636063269715	5	803	1	
341	0	11	step_1_no_load	1	2	1	599	
341	0	11	step_2_no_load	3	4	0.69163818036	0.477013315682	4	838	1	
341	0	12	step_1_no_load	1	2	1	523	
341	0	12	step_2_no_load	3	4	0.682786328054	0.48457206759	3	882	1	
341	0	13	step_1_no_load	1	2	2	527	
341	0	13	step_2_no_load	5	6	0.595790490356	0.558313135925	6	670	1	
341	0	14	step_1_no_load	1	2	2	604	
341	0	14	step_2_no_load	5	6	0.611256675753	0.545555696267	5	860	1	
341	0	15	step_1_no_load	1	2	2	409	
341	0	15	step_2_no_load	3	4	0.612260006668	0.505377237737	4	791	0	
341	0	16	step_1_no_load	1	2	2	347	
341	0	16	step_2_no_load	5	6	0.626326396372	0.553308964466	6	490	1	
341	0	17	step_1_no_load	1	2	1	479	
341	0	17	step_2_no_load	3	4	0.633350170016	0.535958400205	3	607	1	
341	0	18	step_1_no_load	1	2	2	468	
341	0	18	step_2_no_load	5	6	0.626895526976	0.553554620302	6	643	0	
341	0	19	step_1_no_load	1	2	2	552	
341	0	19	step_2_no_load	3	4	0.619895761657	0.498240186199	3	688	1	
341	0	20	step_1_no_load	1	2	2	429	
341	0	20	step_2_no_load	5	6	0.60665343963	0.491720931314	5	982	1	
341	0	21	step_1_no_load	1	2	1	459	
341	0	21	step_2_no_load	3	4	0.630305464549	0.49769376036	4	851	1	
341	0	22	step_1_no_load	1	2	1	440	
341	0	22	step_2_no_load	3	4	0.621949894727	0.506100011497	3	607	0	
341	0	23	step_1_no_load	1	2	2	310	
341	0	23	step_2_no_load	5	6	0.604065470975	0.513759772011	5	477	1	
341	0	24	step_1_no_load	1	2	1	360	
341	0	24	step_2_no_load	5	6	0.5800912085	0.503316199018	6	730	0	
341	0	25	step_1_no_load	1	2	2	455	
341	0	25	step_2_no_load	5	6	0.629917901014	0.503605105412	5	694	1	
341	0	26	step_1_no_load	1	2	1	555	
341	0	26	step_2_no_load	3	4	0.592410219737	0.511744353778	3	546	1	
341	0	27	step_1_no_load	1	2	2	430	
341	0	27	step_2_no_load	5	6	0.642144756622	0.54756089792	5	476	0	
341	0	28	step_1_no_load	1	2	1	287	
341	0	28	step_2_no_load	3	4	0.588356036098	0.520177259699	4	846	0	
341	0	29	step_1_no_load	1	2	2	340	
341	0	29	step_2_no_load	5	6	0.618626354124	0.561957580386	5	429	1	
341	0	30	step_1_no_load	1	2	1	424	
341	0	30	step_2_no_load	3	4	0.608245979832	0.4919199548	3	486	1	
341	0	31	step_1_no_load	1	2	2	364	
341	0	31	step_2_no_load	5	6	0.606122691795	0.541819886458	6	595	1	
341	0	32	step_1_no_load	1	2	1	384	
341	0	32	step_2_no_load	5	6	0.605616211083	0.522993086096	6	727	0	
341	0	33	step_1_no_load	1	2	2	437	
341	0	33	step_2_no_load	5	6	0.618000238621	0.542309898544	5	428	0	
341	0	34	step_1_no_load	1	2	1	411	
341	0	34	step_2_no_load	3	4	0.575802910074	0.454565258478	4	698	0	
341	0	35	step_1_no_load	1	2	2	383	
341	0	35	step_2_no_load	5	6	0.649776015006	0.594167768198	5	397	1	
341	0	36	step_1_no_load	1	2	1	417	
341	0	36	step_2_no_load	3	4	0.527635087561	0.513210053121	3	770	1	
341	0	37	step_1_no_load	1	2	2	352	
341	0	37	step_2_no_load	5	6	0.660658056664	0.598446394142	6	567	1	
341	0	38	step_1_no_load	1	2	1	469	
341	0	38	step_2_no_load	3	4	0.539078491643	0.553931241266	4	444	1	
341	0	39	step_1_no_load	1	2	2	464	
341	0	39	step_2_no_load	5	6	0.634483337633	0.610601635554	5	528	1	
341	0	40	step_1_no_load	1	2	1	773	
341	0	40	step_2_no_load	3	4	0.580760785074	0.5691386571	3	541	1	
341	0	41	step_1_no_load	1	2	2	362	
341	0	41	step_2_no_load	5	6	0.633285941184	0.588857868869	6	513	1	
341	0	42	step_1_no_load	1	2	1	389	
341	0	42	step_2_no_load	3	4	0.533857158543	0.553461946234	4	421	1	
341	0	43	step_1_no_load	1	2	1	506	
341	0	43	step_2_no_load	3	4	0.553703096215	0.548128010644	3	440	0	
341	0	44	step_1_no_load	1	2	2	341	
341	0	44	step_2_no_load	5	6	0.589653131867	0.611481438855	5	421	1	
341	0	45	step_1_no_load	1	2	1	633	
341	0	45	step_2_no_load	5	6	0.620699591043	0.632991467829	5	463	1	
341	0	46	step_1_no_load	1	2	2	340	
341	0	46	step_2_no_load	5	6	0.654261318712	0.600964500555	6	411	1	
341	0	47	step_1_no_load	1	2	2	448	
341	0	47	step_2_no_load	5	6	0.634373567175	0.598724660986	6	399	0	
341	0	48	step_1_no_load	1	2	1	474	
341	0	48	step_2_no_load	3	4	0.534690828011	0.488280685105	3	419	0	
341	0	49	step_1_no_load	1	2	1	375	
341	0	49	step_2_no_load	3	4	0.512405963374	0.489287375157	3	366	0	
341	0	50	step_1_no_load	1	2	2	898	
341	0	50	step_2_no_load	3	4	0.481616544184	0.47381367271	3	460	1	
341	0	51	step_1_no_load	1	2	1	640	
341	0	51	step_2_no_load	3	4	0.508197321577	0.469943944943	4	401	0	
341	0	52	step_1_no_load	1	2	2	349	
341	0	52	step_2_no_load	5	6	0.613408921915	0.539065404057	6	412	1	
341	0	53	step_1_no_load	1	2	1	545	
341	0	53	step_2_no_load	5	6	0.630956764252	0.551457882502	6	553	1	
341	0	54	step_1_no_load	1	2	1	551	
341	0	54	step_2_no_load	3	4	0.493362545513	0.491512498697	3	448	1	
341	0	55	step_1_no_load	1	2	2	314	
341	0	55	step_2_no_load	5	6	0.639840796975	0.574045915747	5	372	1	
341	0	56	step_1_no_load	1	2	2	432	
341	0	56	step_2_no_load	5	6	0.60038825769	0.601856598146	6	383	0	
341	0	57	step_1_no_load	1	2	1	379	
341	0	57	step_2_no_load	3	4	0.516475618243	0.466449077359	4	370	1	
341	0	58	step_1_no_load	1	2	2	316	
341	0	58	step_2_no_load	5	6	0.610896130115	0.664682809182	6	339	1	
341	0	59	step_1_no_load	1	2	1	344	
341	0	59	step_2_no_load	5	6	0.608951267756	0.632500293208	5	378	0	
341	0	60	step_1_no_load	1	2	2	447	
341	0	60	step_2_no_load	5	6	0.599559577859	0.623687406259	5	345	0	
341	0	61	step_1_no_load	1	2	1	886	
341	0	61	step_2_no_load	5	6	0.602879526975	0.669587072502	5	429	1	
341	0	62	step_1_no_load	1	2	2	337	
341	0	62	step_2_no_load	3	4	0.533031417444	0.50724109756	3	368	0	
341	0	63	step_1_no_load	1	2	1	956	
341	0	63	step_2_no_load	3	4	0.519445130796	0.53192660365	3	1131	1	
341	0	64	step_1_no_load	1	2	2	350	
341	0	64	step_2_no_load	5	6	0.626149195169	0.642369708469	6	349	1	
341	0	65	step_1_no_load	1	2	1	345	
341	0	65	step_2_no_load	3	4	0.517687993213	0.569109504048	4	344	1	
341	0	66	step_1_no_load	1	2	2	283	
341	0	66	step_2_no_load	5	6	0.630357351236	0.606938648072	5	379	0	
341	0	67	step_1_no_load	1	2	1	342	
341	0	67	step_2_no_load	3	4	0.538279387614	0.542076810516	3	445	0	
341	0	68	step_1_no_load	1	2	1	810	
341	0	68	step_2_no_load	3	4	0.523301545299	0.509127161919	3	601	0	
341	0	69	step_1_no_load	1	2	2	462	
341	0	69	step_2_no_load	5	6	0.718756538957	0.622221685203	5	493	1	
341	0	70	step_1_no_load	1	2	1	428	
341	0	70	step_2_no_load	3	4	0.548075770764	0.498834901463	4	370	0	
341	0	71	step_1_no_load	1	2	2	287	
341	0	71	step_2_no_load	5	6	0.706816191949	0.639174917797	6	374	1	
341	0	72	step_1_no_load	1	2	1	309	
341	0	72	step_2_no_load	5	6	0.705884789502	0.626024641967	5	324	1	
341	0	73	step_1_no_load	1	2	2	401	
341	0	73	step_2_no_load	5	6	0.727961155836	0.657126403029	-1	-1	-1	
341	0	74	step_1_no_load	1	2	1	389	
341	0	74	step_2_no_load	5	6	0.693624670847	0.614462146454	5	436	0	
341	0	75	step_1_no_load	1	2	2	360	
341	0	75	step_2_no_load	5	6	0.697629587097	0.615552849174	6	78	1	
341	0	76	step_1_no_load	1	2	1	976	
341	0	76	step_2_no_load	5	6	0.690117652944	0.62770291155	6	879	0	
341	0	77	step_1_no_load	1	2	2	338	
341	0	77	step_2_no_load	5	6	0.679737625371	0.564257587118	5	449	0	
341	0	78	step_1_no_load	1	2	1	268	
341	0	78	step_2_no_load	3	4	0.538654072849	0.435911167612	3	635	1	
341	0	79	step_1_no_load	1	2	2	590	
341	0	79	step_2_no_load	5	6	0.647841624544	0.513695512795	5	357	1	
341	0	80	step_1_no_load	1	2	1	290	
341	0	80	step_2_no_load	3	4	0.49921021142	0.396016175285	3	1177	0	
341	0	81	step_1_no_load	1	2	2	341	
341	0	81	step_2_no_load	3	4	0.494116554432	0.419265522488	4	940	0	
341	0	82	step_1_no_load	1	2	1	328	
341	0	82	step_2_no_load	3	4	0.482727017837	0.395813831323	4	559	0	
341	0	83	step_1_no_load	1	2	2	452	
341	0	83	step_2_no_load	3	4	0.483255412498	0.382772464038	3	386	0	
341	0	84	step_1_no_load	1	2	1	297	
341	0	84	step_2_no_load	5	6	0.731466635793	0.65843840156	5	537	1	
341	0	85	step_1_no_load	1	2	2	84	
341	0	85	step_2_no_load	5	6	0.712989604416	0.692384972752	5	459	1	
341	0	86	step_1_no_load	1	2	1	313	
341	0	86	step_2_no_load	3	4	0.486462788728	0.345323068124	4	399	0	
341	0	87	step_1_no_load	1	2	2	316	
341	0	87	step_2_no_load	3	4	0.493867001103	0.40000499778	3	372	1	
341	0	88	step_1_no_load	1	2	1	334	
341	0	88	step_2_no_load	5	6	0.696773608304	0.717410082358	5	557	1	
341	0	89	step_1_no_load	1	2	2	0	
341	0	89	step_2_no_load	5	6	0.660112261017	0.690772436485	6	386	1	
341	0	90	step_1_no_load	1	2	1	364	
341	0	90	step_2_no_load	3	4	0.530126112124	0.411459496853	4	700	1	
341	0	91	step_1_no_load	1	2	2	328	
341	0	91	step_2_no_load	3	4	0.479087223222	0.43534164751	3	374	0	
341	0	92	step_1_no_load	1	2	1	370	
341	0	92	step_2_no_load	3	4	0.484260039873	0.444368850664	3	321	0	
341	0	93	step_1_no_load	1	2	2	181	
341	0	93	step_2_no_load	3	4	0.473273727684	0.439878153082	4	404	0	
341	0	94	step_1_no_load	1	2	1	351	
341	0	94	step_2_no_load	5	6	0.668295023896	0.719464414227	5	535	1	
341	0	95	step_1_no_load	1	2	2	677	
341	0	95	step_2_no_load	5	6	0.640209855442	0.715495469274	5	1308	0	
341	0	96	step_1_no_load	1	2	1	409	
341	0	96	step_2_no_load	3	4	0.437558890646	0.383038640121	3	1112	0	
341	0	97	step_1_no_load	1	2	2	660	
341	0	97	step_2_no_load	5	6	0.651202057411	0.681272614291	5	979	1	
341	0	98	step_1_no_load	1	2	1	575	
341	0	98	step_2_no_load	5	6	0.646040060297	0.70287861952	5	958	1	
341	0	99	step_1_no_load	1	2	2	467	
341	0	99	step_2_no_load	3	4	0.375249961522	0.397561363605	4	962	1	
341	0	100	step_1_no_load	1	2	1	542	
341	0	100	step_2_no_load	3	4	0.363162156005	0.4333505304	3	1022	0	
341	0	101	step_1_no_load	1	2	2	298	
341	0	101	step_2_no_load	5	6	0.655903528958	0.623812401974	5	513	1	
341	0	102	step_1_no_load	1	2	1	307	
341	0	102	step_2_no_load	3	4	0.326080462175	0.494584754513	4	466	1	
341	0	103	step_1_no_load	1	2	2	1165	
341	0	103	step_2_no_load	5	6	0.69058998368	0.663997796029	5	572	0	
341	0	104	step_1_no_load	1	2	1	382	
341	0	104	step_2_no_load	3	4	0.303696146503	0.521047445908	4	759	0	
341	0	105	step_1_no_load	1	2	2	307	
341	0	105	step_2_no_load	5	6	0.722851301692	0.689135357059	5	482	1	
341	0	106	step_1_no_load	1	2	1	454	
341	0	106	step_2_no_load	3	4	0.374131494222	0.508908032404	4	997	1	
341	0	107	step_1_no_load	1	2	2	425	
341	0	107	step_2_no_load	5	6	0.677514185929	0.692607431435	6	576	0	
341	0	108	step_1_no_load	1	2	1	291	
341	0	108	step_2_no_load	5	6	0.681491063126	0.695928523711	5	723	1	
341	0	109	step_1_no_load	1	2	2	311	
341	0	109	step_2_no_load	3	4	0.372328831887	0.479977531501	3	701	0	
341	0	110	step_1_no_load	1	2	1	282	
341	0	110	step_2_no_load	5	6	0.65455226558	0.729599891941	6	1011	1	
341	0	111	step_1_no_load	1	2	2	442	
341	0	111	step_2_no_load	3	4	0.407158158569	0.384948378665	4	729	1	
341	0	112	step_1_no_load	1	2	1	533	
341	0	112	step_2_no_load	5	6	0.635252945963	0.725701866094	6	892	0	
341	0	113	step_1_no_load	1	2	2	331	
341	0	113	step_2_no_load	5	6	0.634627459817	0.719324307956	5	628	0	
341	0	114	step_1_no_load	1	2	1	154	
341	0	114	step_2_no_load	5	6	0.657654904272	0.718213323791	6	825	1	
341	0	115	step_1_no_load	1	2	2	412	
341	0	115	step_2_no_load	5	6	0.645721217949	0.739704344621	5	1164	1	
341	0	116	step_1_no_load	1	2	1	552	
341	0	116	step_2_no_load	5	6	0.680124293449	0.706736514943	6	912	1	
341	0	117	step_1_no_load	1	2	2	316	
341	0	117	step_2_no_load	3	4	0.363056877927	0.374621793791	-1	-1	-1	
341	0	118	step_1_no_load	1	2	1	311	
341	0	118	step_2_no_load	5	6	0.690484235012	0.740051715856	6	574	0	
341	0	119	step_1_no_load	1	2	2	291	
341	0	119	step_2_no_load	5	6	0.661177321751	0.690424535099	5	674	1	
341	0	120	step_1_no_load	1	2	1	279	
341	0	120	step_2_no_load	3	4	0.333809617664	0.370150243662	4	894	0	
341	0	121	step_1_no_load	1	2	2	610	
341	0	121	step_2_no_load	5	6	0.671052306195	0.658856304095	5	450	0	
341	0	122	step_1_no_load	1	2	1	415	
341	0	122	step_2_no_load	3	4	0.266650857402	0.329624572119	4	685	1	
341	0	123	step_1_no_load	1	2	2	299	
341	0	123	step_2_no_load	3	4	0.269780614928	0.337526896345	4	754	0	
341	0	124	step_1_no_load	1	2	1	375	
341	0	124	step_2_no_load	3	4	0.26095206597	0.309430836661	4	591	0	
341	0	125	step_1_no_load	1	2	2	396	
341	0	125	step_2_no_load	3	4	0.290374841566	0.303110862715	3	412	1	
341	0	126	step_1_no_load	1	2	1	370	
341	0	126	step_2_no_load	5	6	0.600985760967	0.537863824328	6	1033	0	
341	0	127	step_1_no_load	1	2	2	311	
341	0	127	step_2_no_load	5	6	0.646945556251	0.560824094575	5	742	1	
341	0	128	step_1_no_load	1	2	1	372	
341	0	128	step_2_no_load	5	6	0.620672334996	0.636905534066	5	420	1	
341	0	129	step_1_no_load	1	2	2	296	
341	0	129	step_2_no_load	3	4	0.268213321963	0.271709703542	3	1226	0	
341	0	130	step_1_no_load	1	2	1	270	
341	0	130	step_2_no_load	3	4	0.267460866951	0.274560758494	3	1237	0	
341	0	131	step_1_no_load	1	2	2	273	
341	0	131	step_2_no_load	5	6	0.638450601212	0.678044920845	6	969	1	
341	0	132	step_1_no_load	1	2	1	254	
341	0	132	step_2_no_load	5	6	0.660013924697	0.668578020634	5	501	1	
341	0	133	step_1_no_load	1	2	2	283	
341	0	133	step_2_no_load	5	6	0.691649444281	0.617383991623	6	481	0	
341	0	134	step_1_no_load	1	2	1	118	
341	0	134	step_2_no_load	3	4	0.287393715313	0.302839427162	3	1446	1	
341	0	135	step_1_no_load	1	2	1	862	
341	0	135	step_2_no_load	5	6	0.700779221781	0.593710006149	5	629	1	
341	0	136	step_1_no_load	1	2	2	481	
341	0	136	step_2_no_load	3	4	0.307766925452	0.284521085726	3	711	0	
341	0	137	step_1_no_load	1	2	1	276	
341	0	137	step_2_no_load	3	4	0.346433498467	0.325016613024	3	867	0	
341	0	138	step_1_no_load	1	2	2	336	
341	0	138	step_2_no_load	5	6	0.688182193337	0.63240964674	6	615	0	
341	0	139	step_1_no_load	1	2	1	220	
341	0	139	step_2_no_load	5	6	0.696355985729	0.636630981281	6	613	1	
341	0	140	step_1_no_load	1	2	2	280	
341	0	140	step_2_no_load	5	6	0.637682840728	0.671213945178	6	422	1	
341	0	141	step_1_no_load	1	2	1	394	
341	0	141	step_2_no_load	5	6	0.616803346728	0.711987889705	6	530	0	
341	0	142	step_1_no_load	1	2	2	22	
341	0	142	step_2_no_load	5	6	0.627356259123	0.690276058009	6	782	1	
341	0	143	step_1_no_load	1	2	1	485	
341	0	143	step_2_no_load	5	6	0.610219102298	0.661365099615	5	405	1	
341	0	144	step_1_no_load	1	2	2	490	
341	0	144	step_2_no_load	5	6	0.639347300184	0.626443722248	5	777	1	
341	0	145	step_1_no_load	1	2	1	446	
341	0	145	step_2_no_load	5	6	0.606515632748	0.6669125229	5	461	1	
341	0	146	step_1_no_load	1	2	2	378	
341	0	146	step_2_no_load	5	6	0.593778463268	0.681611991725	5	490	1	
341	0	147	step_1_no_load	1	2	1	461	
341	0	147	step_2_no_load	3	4	0.352879785946	0.265578160642	3	814	0	
341	0	148	step_1_no_load	1	2	2	619	
341	0	148	step_2_no_load	5	6	0.648050021239	0.619272702026	5	1059	0	
341	0	149	step_1_no_load	1	2	1	294	
341	0	149	step_2_no_load	3	4	0.300290206122	0.269951834184	4	686	0	
341	0	150	step_1_no_load	1	2	2	346	
341	0	150	step_2_no_load	5	6	0.605912419156	0.575985663078	6	432	0	
341	0	151	step_1_no_load	1	2	1	93	
341	0	151	step_2_no_load	3	4	0.310557101463	0.348172164421	3	1096	0	
341	0	152	step_1_no_load	1	2	2	242	
341	0	152	step_2_no_load	5	6	0.644204174791	0.595108765344	5	427	1	
341	0	153	step_1_no_load	1	2	1	289	
341	0	153	step_2_no_load	5	6	0.681559292085	0.613336203392	5	1008	1	
341	0	154	step_1_no_load	1	2	2	324	
341	0	154	step_2_no_load	5	6	0.671672162443	0.638934099562	5	450	1	
341	0	155	step_1_no_load	1	2	1	333	
341	0	155	step_2_no_load	3	4	0.372188990474	0.296093457977	3	925	0	
341	0	156	step_1_no_load	1	2	2	1	
341	0	156	step_2_no_load	3	4	0.368378667812	0.32564867104	3	1151	0	
341	0	157	step_1_no_load	1	2	1	331	
341	0	157	step_2_no_load	5	6	0.720725456325	0.585191807512	6	1084	0	
341	0	158	step_1_no_load	1	2	2	55	
341	0	158	step_2_no_load	5	6	0.694270715354	0.532722108502	5	598	1	
341	0	159	step_1_no_load	1	2	1	228	
341	0	159	step_2_no_load	3	4	0.321150411254	0.413026375257	4	811	0	
341	0	160	step_1_no_load	1	2	2	312	
341	0	160	step_2_no_load	3	4	0.355992626298	0.415052912783	3	704	0	
341	0	161	step_1_no_load	1	2	1	275	
341	0	161	step_2_no_load	3	4	0.438878285506	0.407025633682	3	515	0	
341	0	162	step_1_no_load	1	2	2	143	
341	0	162	step_2_no_load	5	6	0.695144769903	0.566496468084	6	647	1	
341	0	163	step_1_no_load	1	2	1	293	
341	0	163	step_2_no_load	3	4	0.430920885959	0.395221309311	4	604	0	
341	0	164	step_1_no_load	1	2	2	265	
341	0	164	step_2_no_load	5	6	0.692137394606	0.585961845322	6	768	1	
341	0	165	step_1_no_load	1	2	1	405	
341	0	165	step_2_no_load	3	4	0.347974240867	0.463777557969	3	852	0	
341	0	166	step_1_no_load	1	2	2	328	
341	0	166	step_2_no_load	5	6	0.686594248975	0.549095060025	6	488	1	
341	0	167	step_1_no_load	1	2	1	270	
341	0	167	step_2_no_load	5	6	0.706271792549	0.585131062446	5	1117	0	
341	0	168	step_1_no_load	1	2	2	674	
341	0	168	step_2_no_load	3	4	0.335777599654	0.400817642375	3	657	0	
341	0	169	step_1_no_load	1	2	1	312	
341	0	169	step_2_no_load	5	6	0.704981910944	0.586049140041	5	599	0	
341	0	170	step_1_no_load	1	2	2	283	
341	0	170	step_2_no_load	5	6	0.67334314737	0.57151385403	6	458	0	
341	0	171	step_1_no_load	1	2	1	288	
341	0	171	step_2_no_load	3	4	0.425122034074	0.386979310814	3	863	0	
341	0	172	step_1_no_load	1	2	2	267	
341	0	172	step_2_no_load	5	6	0.668669556875	0.519090471457	6	434	1	
341	0	173	step_1_no_load	1	2	1	462	
341	0	173	step_2_no_load	3	4	0.462866379815	0.385349297983	3	750	0	
341	0	174	step_1_no_load	1	2	2	258	
341	0	174	step_2_no_load	5	6	0.729877433725	0.472729524832	6	634	1	
341	0	175	step_1_no_load	1	2	1	285	
341	0	175	step_2_no_load	3	4	0.484825491933	0.426185553904	4	365	0	
341	0	176	step_1_no_load	1	2	2	370	
341	0	176	step_2_no_load	5	6	0.679250000396	0.474046874473	5	481	0	
341	0	177	step_1_no_load	1	2	1	445	
341	0	177	step_2_no_load	3	4	0.4798184927	0.357425668099	3	701	1	
341	0	178	step_1_no_load	1	2	2	306	
341	0	178	step_2_no_load	5	6	0.705993797498	0.493712351915	5	688	0	
341	0	179	step_1_no_load	1	2	1	356	
341	0	179	step_2_no_load	5	6	0.709345707515	0.457298770028	5	939	1	
341	0	180	step_1_no_load	1	2	2	326	
341	0	180	step_2_no_load	5	6	0.719795072986	0.482853857291	5	454	0	
341	0	181	step_1_no_load	1	2	1	330	
341	0	181	step_2_no_load	3	4	0.480141179559	0.342402764747	3	722	0	
341	0	182	step_1_no_load	1	2	2	246	
341	0	182	step_2_no_load	5	6	0.72717560423	0.506773281362	6	573	1	
341	0	183	step_1_no_load	1	2	1	649	
341	0	183	step_2_no_load	3	4	0.492742497507	0.350175837802	4	737	0	
341	0	184	step_1_no_load	1	2	2	332	
341	0	184	step_2_no_load	5	6	0.657291439324	0.460890977786	5	523	0	
341	0	185	step_1_no_load	1	2	1	310	
341	0	185	step_2_no_load	3	4	0.482228039858	0.362611152222	3	501	1	
341	0	186	step_1_no_load	1	2	2	321	
341	0	186	step_2_no_load	5	6	0.656308636836	0.46870859828	5	571	0	
341	0	187	step_1_no_load	1	2	1	247	
341	0	187	step_2_no_load	3	4	0.498596507669	0.328890769988	4	573	0	
341	0	188	step_1_no_load	1	2	2	337	
341	0	188	step_2_no_load	3	4	0.548350535247	0.291508050861	4	489	1	
341	0	189	step_1_no_load	1	2	1	311	
341	0	189	step_2_no_load	3	4	0.534753756004	0.285168135955	3	494	1	
341	0	190	step_1_no_load	1	2	2	356	
341	0	190	step_2_no_load	5	6	0.667655825994	0.433568856946	5	603	1	
341	0	191	step_1_no_load	1	2	2	311	
341	0	191	step_2_no_load	5	6	0.664271461991	0.435748387321	6	367	1	
341	0	192	step_1_no_load	1	2	2	460	
341	0	192	step_2_no_load	5	6	0.705517419189	0.450791310283	6	443	0	
341	0	193	step_1_no_load	1	2	1	502	
341	0	193	step_2_no_load	3	4	0.504944704439	0.321008037746	3	350	0	
341	0	194	step_1_no_load	1	2	2	284	
341	0	194	step_2_no_load	3	4	0.505359594715	0.342437174514	3	315	0	
341	0	195	step_1_no_load	1	2	1	1	
341	0	195	step_2_no_load	3	4	0.494102184238	0.348571348505	3	112	0	
341	0	196	step_1_no_load	1	2	2	298	
341	0	196	step_2_no_load	5	6	0.695101215304	0.421761207498	6	305	0	
341	0	197	step_1_no_load	1	2	1	407	
341	0	197	step_2_no_load	3	4	0.47786945426	0.316987700969	4	559	0	
341	0	198	step_1_no_load	1	2	2	1100	
341	0	198	step_2_no_load	3	4	0.485065498391	0.303352625941	4	963	0	
341	0	199	step_1_no_load	1	2	1	495	
341	0	199	step_2_no_load	3	4	0.529438031858	0.292861528884	3	350	1	
341	0	200	step_1_no_load	1	2	2	444	
341	0	200	step_2_no_load	3	4	0.507902534353	0.299128796668	4	858	0	

Tue Mar 30 17:21:39 2021
