Fri Apr  2 16:50:09 2021	
342	0	1	step_1_no_load	1	2	1	500	
342	0	1	step_2_no_load	5	6	0.598297890399	0.594299910136	5	526	1	
342	0	2	step_1_no_load	1	2	1	478	
342	0	2	step_2_no_load	3	4	0.474613197709	0.533203491871	3	541	1	
342	0	3	step_1_no_load	1	2	1	480	
342	0	3	step_2_no_load	5	6	0.584197065669	0.589215227351	5	592	1	
342	0	4	step_1_no_load	1	2	1	483	
342	0	4	step_2_no_load	3	4	0.478607661228	0.494597764192	3	632	0	
342	0	5	step_1_no_load	1	2	1	378	
342	0	5	step_2_no_load	5	6	0.623810210114	0.576104915614	6	528	0	
342	0	6	step_1_no_load	1	2	1	348	
342	0	6	step_2_no_load	3	4	0.506877622204	0.490454120702	3	427	1	
342	0	7	step_1_no_load	1	2	1	456	
342	0	7	step_2_no_load	3	4	0.500071913476	0.506408070053	3	485	0	
342	0	8	step_1_no_load	1	2	1	379	
342	0	8	step_2_no_load	5	6	0.59128639594	0.624210374623	6	400	1	
342	0	9	step_1_no_load	1	2	1	404	
342	0	9	step_2_no_load	5	6	0.598049061473	0.641106877158	6	420	1	
342	0	10	step_1_no_load	1	2	1	409	
342	0	10	step_2_no_load	5	6	0.652626043146	0.636063269715	6	473	0	
342	0	11	step_1_no_load	1	2	1	68	
342	0	11	step_2_no_load	3	4	0.477013315682	0.59022801242	3	452	1	
342	0	12	step_1_no_load	1	2	1	346	
342	0	12	step_2_no_load	5	6	0.682786328054	0.552770607849	5	417	1	
342	0	13	step_1_no_load	1	2	1	344	
342	0	13	step_2_no_load	5	6	0.653587098421	0.558313135925	5	494	1	
342	0	14	step_1_no_load	1	2	1	243	
342	0	14	step_2_no_load	3	4	0.491234392147	0.611256675753	3	370	0	
342	0	15	step_1_no_load	1	2	1	374	
342	0	15	step_2_no_load	3	4	0.505377237737	0.633564630036	4	334	0	
342	0	16	step_1_no_load	1	2	1	344	
342	0	16	step_2_no_load	3	4	0.510958036527	0.626326396372	3	367	1	
342	0	17	step_1_no_load	1	2	1	339	
342	0	17	step_2_no_load	5	6	0.633350170016	0.562895132605	5	434	1	
342	0	18	step_1_no_load	1	2	1	254	
342	0	18	step_2_no_load	5	6	0.626834332012	0.553554620302	5	390	0	
342	0	19	step_1_no_load	1	2	1	242	
342	0	19	step_2_no_load	5	6	0.619895761657	0.536502319591	6	404	1	
342	0	20	step_1_no_load	1	2	1	250	
342	0	20	step_2_no_load	5	6	0.636521555122	0.491720931314	6	402	1	
342	0	21	step_1_no_load	1	2	1	318	
342	0	21	step_2_no_load	5	6	0.630305464549	0.470207377245	6	366	1	
342	0	22	step_1_no_load	1	2	1	0	
342	0	22	step_2_no_load	5	6	0.621949894727	0.468700882609	6	483	1	
342	0	23	step_1_no_load	1	2	1	350	
342	0	23	step_2_no_load	3	4	0.520606588181	0.604065470975	4	405	1	
342	0	24	step_1_no_load	1	2	1	370	
342	0	24	step_2_no_load	5	6	0.582115115688	0.503316199018	6	468	0	
342	0	25	step_1_no_load	1	2	1	359	
342	0	25	step_2_no_load	5	6	0.565698722896	0.503605105412	5	478	0	
342	0	26	step_1_no_load	1	2	1	338	
342	0	26	step_2_no_load	5	6	0.592410219737	0.532884212818	6	513	0	
342	0	27	step_1_no_load	1	2	1	231	
342	0	27	step_2_no_load	3	4	0.507272671939	0.642144756622	3	361	0	
342	0	28	step_1_no_load	1	2	2	288	
342	0	28	step_2_no_load	5	6	0.588356036098	0.553259388875	5	359	0	
342	0	29	step_1_no_load	1	2	2	500	
342	0	29	step_2_no_load	5	6	0.606613029227	0.561957580386	6	499	0	
342	0	30	step_1_no_load	1	2	1	333	
342	0	30	step_2_no_load	3	4	0.4919199548	0.610227092493	3	516	1	
342	0	31	step_1_no_load	1	2	1	418	
342	0	31	step_2_no_load	3	4	0.483156722265	0.606122691795	3	401	0	
342	0	32	step_1_no_load	1	2	1	309	
342	0	32	step_2_no_load	3	4	0.520318771114	0.605616211083	4	407	1	
342	0	33	step_1_no_load	1	2	1	388	
342	0	33	step_2_no_load	3	4	0.487664344039	0.618000238621	4	428	1	
342	0	34	step_1_no_load	1	2	1	320	
342	0	34	step_2_no_load	5	6	0.575802910074	0.538523758058	6	351	1	
342	0	35	step_1_no_load	1	2	1	502	
342	0	35	step_2_no_load	3	4	0.491437207585	0.649776015006	4	437	0	
342	0	36	step_1_no_load	1	2	1	202	
342	0	36	step_2_no_load	3	4	0.513210053121	0.661229326326	3	402	0	
342	0	37	step_1_no_load	1	2	2	206	
342	0	37	step_2_no_load	5	6	0.513822304161	0.598446394142	5	533	1	
342	0	38	step_1_no_load	1	2	2	345	
342	0	38	step_2_no_load	5	6	0.539078491643	0.595113730206	5	368	0	
342	0	39	step_1_no_load	1	2	2	227	
342	0	39	step_2_no_load	5	6	0.557005857101	0.610601635554	6	408	1	
342	0	40	step_1_no_load	1	2	2	275	
342	0	40	step_2_no_load	5	6	0.580760785074	0.607992802154	6	353	1	
342	0	41	step_1_no_load	1	2	2	235	
342	0	41	step_2_no_load	5	6	0.524862294848	0.588857868869	6	369	1	
342	0	42	step_1_no_load	1	2	2	269	
342	0	42	step_2_no_load	5	6	0.533857158543	0.609164606591	6	267	0	
342	0	43	step_1_no_load	1	2	2	229	
342	0	43	step_2_no_load	5	6	0.553703096215	0.612705031264	5	395	1	
342	0	44	step_1_no_load	1	2	2	237	
342	0	44	step_2_no_load	5	6	0.541854396676	0.611481438855	5	380	0	
342	0	45	step_1_no_load	1	2	2	231	
342	0	45	step_2_no_load	5	6	0.579346234508	0.632991467829	6	349	1	
342	0	46	step_1_no_load	1	2	2	264	
342	0	46	step_2_no_load	5	6	0.55511883717	0.600964500555	6	383	0	
342	0	47	step_1_no_load	1	2	2	0	
342	0	47	step_2_no_load	3	4	0.493112702321	0.634373567175	3	769	1	
342	0	48	step_1_no_load	1	2	2	309	
342	0	48	step_2_no_load	3	4	0.488280685105	0.657624935632	3	484	1	
342	0	49	step_1_no_load	1	2	2	271	
342	0	49	step_2_no_load	5	6	0.512405963374	0.610193185592	5	575	1	
342	0	50	step_1_no_load	1	2	2	325	
342	0	50	step_2_no_load	3	4	0.47381367271	0.593458480934	3	396	0	
342	0	51	step_1_no_load	1	2	2	303	
342	0	51	step_2_no_load	5	6	0.508197321577	0.564866799699	6	497	0	
342	0	52	step_1_no_load	1	2	1	246	
342	0	52	step_2_no_load	3	4	0.429622901875	0.613408921915	3	358	1	
342	0	53	step_1_no_load	1	2	1	337	
342	0	53	step_2_no_load	5	6	0.475342927439	0.551457882502	5	616	1	
342	0	54	step_1_no_load	1	2	1	308	
342	0	54	step_2_no_load	3	4	0.491512498697	0.652515308527	3	579	0	
342	0	55	step_1_no_load	1	2	1	263	
342	0	55	step_2_no_load	3	4	0.487025527704	0.639840796975	3	565	0	
342	0	56	step_1_no_load	1	2	1	274	
342	0	56	step_2_no_load	3	4	0.459773408493	0.60038825769	4	409	0	
342	0	57	step_1_no_load	1	2	2	356	
342	0	57	step_2_no_load	5	6	0.516475618243	0.641849303307	5	387	1	
342	0	58	step_1_no_load	1	2	2	256	
342	0	58	step_2_no_load	5	6	0.528376440027	0.664682809182	5	394	1	
342	0	59	step_1_no_load	1	2	2	255	
342	0	59	step_2_no_load	5	6	0.537400760025	0.632500293208	5	342	0	
342	0	60	step_1_no_load	1	2	2	251	
342	0	60	step_2_no_load	3	4	0.491916707098	0.599559577859	4	307	0	
342	0	61	step_1_no_load	1	2	2	238	
342	0	61	step_2_no_load	3	4	0.464268875813	0.602879526975	3	429	0	
342	0	62	step_1_no_load	1	2	1	257	
342	0	62	step_2_no_load	5	6	0.533031417444	0.691137204746	5	328	0	
342	0	63	step_1_no_load	1	2	1	258	
342	0	63	step_2_no_load	3	4	0.53192660365	0.642623127313	4	392	1	
342	0	64	step_1_no_load	1	2	1	301	
342	0	64	step_2_no_load	3	4	0.555062911513	0.626149195169	4	532	1	
342	0	65	step_1_no_load	1	2	1	241	
342	0	65	step_2_no_load	3	4	0.569109504048	0.619953360065	4	504	1	
342	0	66	step_1_no_load	1	2	1	254	
342	0	66	step_2_no_load	3	4	0.573761869714	0.630357351236	4	406	1	
342	0	67	step_1_no_load	1	2	1	131	
342	0	67	step_2_no_load	5	6	0.538279387614	0.597650193897	6	57	0	
342	0	68	step_1_no_load	1	2	1	628	
342	0	68	step_2_no_load	3	4	0.509127161919	0.719455209845	4	762	0	
342	0	69	step_1_no_load	1	2	1	270	
342	0	69	step_2_no_load	3	4	0.499137600991	0.718756538957	3	455	0	
342	0	70	step_1_no_load	1	2	2	273	
342	0	70	step_2_no_load	5	6	0.548075770764	0.637556284465	5	376	1	
342	0	71	step_1_no_load	1	2	2	325	
342	0	71	step_2_no_load	5	6	0.546215110045	0.639174917797	5	348	1	
342	0	72	step_1_no_load	1	2	2	296	
342	0	72	step_2_no_load	3	4	0.47409116389	0.705884789502	3	447	0	
342	0	73	step_1_no_load	1	2	1	380	
342	0	73	step_2_no_load	3	4	0.435957313805	0.727961155836	3	683	0	
342	0	74	step_1_no_load	1	2	1	413	
342	0	74	step_2_no_load	3	4	0.453420386428	0.693624670847	4	482	1	
342	0	75	step_1_no_load	1	2	1	279	
342	0	75	step_2_no_load	3	4	0.44832280175	0.697629587097	4	405	1	
342	0	76	step_1_no_load	1	2	1	323	
342	0	76	step_2_no_load	5	6	0.518881389358	0.62770291155	6	283	0	
342	0	77	step_1_no_load	1	2	1	262	
342	0	77	step_2_no_load	3	4	0.446809557226	0.679737625371	3	317	0	
342	0	78	step_1_no_load	1	2	1	561	
342	0	78	step_2_no_load	3	4	0.435911167612	0.647586191228	3	647	0	
342	0	79	step_1_no_load	1	2	2	307	
342	0	79	step_2_no_load	5	6	0.540085062695	0.513695512795	6	411	0	
342	0	80	step_1_no_load	1	2	2	271	
342	0	80	step_2_no_load	3	4	0.396016175285	0.703969305517	3	317	0	
342	0	81	step_1_no_load	1	2	2	258	
342	0	81	step_2_no_load	3	4	0.419265522488	0.702400933084	4	442	0	
342	0	82	step_1_no_load	1	2	1	253	
342	0	82	step_2_no_load	3	4	0.395813831323	0.688340116885	3	356	1	
342	0	83	step_1_no_load	1	2	1	297	
342	0	83	step_2_no_load	5	6	0.483255412498	0.607907985871	6	416	0	
342	0	84	step_1_no_load	1	2	1	246	
342	0	84	step_2_no_load	3	4	0.385087938645	0.731466635793	3	324	0	
342	0	85	step_1_no_load	1	2	1	265	
342	0	85	step_2_no_load	3	4	0.384458259121	0.712989604416	3	328	0	
342	0	86	step_1_no_load	1	2	1	189	
342	0	86	step_2_no_load	3	4	0.345323068124	0.721207648497	4	308	1	
342	0	87	step_1_no_load	1	2	1	265	
342	0	87	step_2_no_load	3	4	0.40000499778	0.690012761069	4	392	1	
342	0	88	step_1_no_load	1	2	1	276	
342	0	88	step_2_no_load	3	4	0.377947492322	0.696773608304	4	378	1	
342	0	89	step_1_no_load	1	2	1	299	
342	0	89	step_2_no_load	5	6	0.490019385174	0.690772436485	6	357	1	
342	0	90	step_1_no_load	1	2	1	442	
342	0	90	step_2_no_load	3	4	0.411459496853	0.688736868033	4	377	1	
342	0	91	step_1_no_load	1	2	1	283	
342	0	91	step_2_no_load	3	4	0.43534164751	0.657820521772	4	339	1	
342	0	92	step_1_no_load	1	2	1	212	
342	0	92	step_2_no_load	3	4	0.444368850664	0.679381608313	4	251	1	
342	0	93	step_1_no_load	1	2	1	222	
342	0	93	step_2_no_load	3	4	0.439878153082	0.662863370634	4	301	1	
342	0	94	step_1_no_load	1	2	1	307	
342	0	94	step_2_no_load	3	4	0.429211756872	0.668295023896	4	426	0	
342	0	95	step_1_no_load	1	2	1	7	
342	0	95	step_2_no_load	3	4	0.427150666411	0.640209855442	3	348	1	
342	0	96	step_1_no_load	1	2	1	259	
342	0	96	step_2_no_load	3	4	0.383038640121	0.663095813561	3	312	1	
342	0	97	step_1_no_load	1	2	1	189	
342	0	97	step_2_no_load	5	6	0.455601814112	0.681272614291	5	307	0	
342	0	98	step_1_no_load	1	2	1	0	
342	0	98	step_2_no_load	3	4	0.409778171713	0.646040060297	4	295	1	
342	0	99	step_1_no_load	1	2	1	252	
342	0	99	step_2_no_load	3	4	0.397561363605	0.645191748454	4	346	0	
342	0	100	step_1_no_load	1	2	1	20	
342	0	100	step_2_no_load	3	4	0.4333505304	0.66579920021	3	317	0	
342	0	101	step_1_no_load	1	2	1	271	
342	0	101	step_2_no_load	3	4	0.497432607584	0.655903528958	4	359	1	
342	0	102	step_1_no_load	1	2	1	371	
342	0	102	step_2_no_load	5	6	0.326080462175	0.666304534392	6	346	0	
342	0	103	step_1_no_load	1	2	1	253	
342	0	103	step_2_no_load	3	4	0.481975449893	0.69058998368	4	379	1	
342	0	104	step_1_no_load	1	2	1	297	
342	0	104	step_2_no_load	3	4	0.521047445908	0.743372642809	4	383	1	
342	0	105	step_1_no_load	1	2	1	265	
342	0	105	step_2_no_load	3	4	0.514318365187	0.722851301692	4	353	1	
342	0	106	step_1_no_load	1	2	1	261	
342	0	106	step_2_no_load	3	4	0.508908032404	0.699623252899	4	363	1	
342	0	107	step_1_no_load	1	2	1	263	
342	0	107	step_2_no_load	3	4	0.565220528809	0.677514185929	4	374	1	
342	0	108	step_1_no_load	1	2	1	290	
342	0	108	step_2_no_load	3	4	0.526955028982	0.681491063126	4	393	1	
342	0	109	step_1_no_load	1	2	1	287	
342	0	109	step_2_no_load	3	4	0.479977531501	0.68658494263	4	279	0	
342	0	110	step_1_no_load	1	2	1	90	
342	0	110	step_2_no_load	5	6	0.395544455384	0.729599891941	6	322	0	
342	0	111	step_1_no_load	1	2	1	246	
342	0	111	step_2_no_load	3	4	0.384948378665	0.634599547742	3	301	1	
342	0	112	step_1_no_load	1	2	1	282	
342	0	112	step_2_no_load	3	4	0.392887565883	0.635252945963	3	408	0	
342	0	113	step_1_no_load	1	2	1	266	
342	0	113	step_2_no_load	5	6	0.387112818105	0.719324307956	6	465	1	
342	0	114	step_1_no_load	1	2	1	331	
342	0	114	step_2_no_load	3	4	0.380324086676	0.657654904272	4	356	0	
342	0	115	step_1_no_load	1	2	1	0	
342	0	115	step_2_no_load	3	4	0.390027643099	0.645721217949	3	278	1	
342	0	116	step_1_no_load	1	2	1	412	
342	0	116	step_2_no_load	5	6	0.369438791876	0.706736514943	5	427	0	
342	0	117	step_1_no_load	1	2	1	249	
342	0	117	step_2_no_load	3	4	0.374621793791	0.671842537277	4	519	1	
342	0	118	step_1_no_load	1	2	1	331	
342	0	118	step_2_no_load	5	6	0.362977115924	0.740051715856	6	434	1	
342	0	119	step_1_no_load	1	2	1	430	
342	0	119	step_2_no_load	3	4	0.357515098446	0.661177321751	4	493	0	
342	0	120	step_1_no_load	1	2	1	283	
342	0	120	step_2_no_load	5	6	0.333809617664	0.70587238626	5	466	1	
342	0	121	step_1_no_load	1	2	1	270	
342	0	121	step_2_no_load	5	6	0.310775244958	0.658856304095	5	421	0	
342	0	122	step_1_no_load	1	2	1	273	
342	0	122	step_2_no_load	3	4	0.329624572119	0.672193618854	4	280	1	
342	0	123	step_1_no_load	1	2	1	317	
342	0	123	step_2_no_load	3	4	0.337526896345	0.664849878232	4	292	1	
342	0	124	step_1_no_load	1	2	1	289	
342	0	124	step_2_no_load	3	4	0.309430836661	0.624161788269	4	328	1	
342	0	125	step_1_no_load	1	2	1	284	
342	0	125	step_2_no_load	5	6	0.290374841566	0.559596800931	6	291	1	
342	0	126	step_1_no_load	1	2	1	248	
342	0	126	step_2_no_load	5	6	0.267206368684	0.537863824328	6	327	0	
342	0	127	step_1_no_load	1	2	1	283	
342	0	127	step_2_no_load	3	4	0.274944938508	0.646945556251	3	290	0	
342	0	128	step_1_no_load	1	2	1	68	
342	0	128	step_2_no_load	3	4	0.250790232267	0.620672334996	4	315	0	
342	0	129	step_1_no_load	1	2	2	257	
342	0	129	step_2_no_load	5	6	0.268213321963	0.685297910719	5	264	1	
342	0	130	step_1_no_load	1	2	2	318	
342	0	130	step_2_no_load	5	6	0.267460866951	0.682031489739	5	269	0	
342	0	131	step_1_no_load	1	2	2	528	
342	0	131	step_2_no_load	3	4	0.311475039155	0.638450601212	3	311	0	
342	0	132	step_1_no_load	1	2	2	396	
342	0	132	step_2_no_load	5	6	0.27986961048	0.668578020634	6	364	1	
342	0	133	step_1_no_load	1	2	2	343	
342	0	133	step_2_no_load	5	6	0.315608831386	0.617383991623	6	326	0	
342	0	134	step_1_no_load	1	2	2	339	
342	0	134	step_2_no_load	5	6	0.287393715313	0.621945110858	5	378	0	
342	0	135	step_1_no_load	1	2	1	724	
342	0	135	step_2_no_load	3	4	0.287118934166	0.700779221781	3	467	1	
342	0	136	step_1_no_load	1	2	1	320	
342	0	136	step_2_no_load	3	4	0.284521085726	0.674914008636	3	391	1	
342	0	137	step_1_no_load	1	2	1	260	
342	0	137	step_2_no_load	3	4	0.325016613024	0.668540846495	3	267	0	
342	0	138	step_1_no_load	1	2	1	304	
342	0	138	step_2_no_load	3	4	0.307694123906	0.688182193337	4	279	1	
342	0	139	step_1_no_load	1	2	1	279	
342	0	139	step_2_no_load	3	4	0.323660750961	0.696355985729	4	292	1	
342	0	140	step_1_no_load	1	2	1	276	
342	0	140	step_2_no_load	5	6	0.348740542008	0.671213945178	6	274	1	
342	0	141	step_1_no_load	1	2	1	426	
342	0	141	step_2_no_load	3	4	0.311809871418	0.616803346728	4	263	0	
342	0	142	step_1_no_load	1	2	1	298	
342	0	142	step_2_no_load	3	4	0.304203281606	0.627356259123	3	280	1	
342	0	143	step_1_no_load	1	2	1	286	
342	0	143	step_2_no_load	3	4	0.313516825296	0.610219102298	3	254	0	
342	0	144	step_1_no_load	1	2	1	250	
342	0	144	step_2_no_load	3	4	0.275932517017	0.639347300184	4	865	1	
342	0	145	step_1_no_load	1	2	1	237	
342	0	145	step_2_no_load	5	6	0.355256413269	0.6669125229	6	311	1	
342	0	146	step_1_no_load	1	2	1	368	
342	0	146	step_2_no_load	3	4	0.257861956214	0.593778463268	4	278	0	
342	0	147	step_1_no_load	1	2	1	295	
342	0	147	step_2_no_load	5	6	0.352879785946	0.647798886916	5	366	1	
342	0	148	step_1_no_load	1	2	1	362	
342	0	148	step_2_no_load	5	6	0.311162711725	0.619272702026	5	608	0	
342	0	149	step_1_no_load	1	2	1	285	
342	0	149	step_2_no_load	3	4	0.269951834184	0.623203869836	4	563	1	
342	0	150	step_1_no_load	1	2	1	416	
342	0	150	step_2_no_load	3	4	0.305587692243	0.605912419156	3	326	0	
342	0	151	step_1_no_load	1	2	1	332	
342	0	151	step_2_no_load	3	4	0.348172164421	0.614159737668	4	483	0	
342	0	152	step_1_no_load	1	2	1	536	
342	0	152	step_2_no_load	3	4	0.307702500543	0.644204174791	3	336	0	
342	0	153	step_1_no_load	1	2	2	228	
342	0	153	step_2_no_load	5	6	0.343622632154	0.613336203392	5	292	0	
342	0	154	step_1_no_load	1	2	2	274	
342	0	154	step_2_no_load	5	6	0.348349389262	0.638934099562	6	417	1	
342	0	155	step_1_no_load	1	2	1	269	
342	0	155	step_2_no_load	5	6	0.372188990474	0.632486591889	6	269	1	
342	0	156	step_1_no_load	1	2	1	291	
342	0	156	step_2_no_load	5	6	0.368378667812	0.631048201903	6	426	1	
342	0	157	step_1_no_load	1	2	1	359	
342	0	157	step_2_no_load	3	4	0.350909357271	0.720725456325	4	597	1	
342	0	158	step_1_no_load	1	2	1	379	
342	0	158	step_2_no_load	3	4	0.408728803896	0.694270715354	4	457	1	
342	0	159	step_1_no_load	1	2	1	272	
342	0	159	step_2_no_load	3	4	0.413026375257	0.697903160072	4	630	1	
342	0	160	step_1_no_load	1	2	1	298	
342	0	160	step_2_no_load	3	4	0.415052912783	0.710728171711	4	346	0	
342	0	161	step_1_no_load	1	2	1	263	
342	0	161	step_2_no_load	5	6	0.438878285506	0.516036498158	5	318	1	
342	0	162	step_1_no_load	1	2	1	250	
342	0	162	step_2_no_load	3	4	0.3926701003	0.695144769903	3	346	0	
342	0	163	step_1_no_load	1	2	1	273	
342	0	163	step_2_no_load	3	4	0.395221309311	0.697095951435	4	359	0	
342	0	164	step_1_no_load	1	2	2	284	
342	0	164	step_2_no_load	3	4	0.432761720497	0.692137394606	4	643	0	
342	0	165	step_1_no_load	1	2	2	281	
342	0	165	step_2_no_load	5	6	0.347974240867	0.538026607649	5	511	1	
342	0	166	step_1_no_load	1	2	2	236	
342	0	166	step_2_no_load	5	6	0.356317216644	0.549095060025	5	245	0	
342	0	167	step_1_no_load	1	2	2	250	
342	0	167	step_2_no_load	3	4	0.38753671275	0.706271792549	4	345	1	
342	0	168	step_1_no_load	1	2	2	239	
342	0	168	step_2_no_load	5	6	0.335777599654	0.613361520676	5	886	1	
342	0	169	step_1_no_load	1	2	2	275	
342	0	169	step_2_no_load	3	4	0.42098542374	0.704981910944	4	370	1	
342	0	170	step_1_no_load	1	2	2	247	
342	0	170	step_2_no_load	3	4	0.411067820436	0.67334314737	4	726	1	
342	0	171	step_1_no_load	1	2	2	316	
342	0	171	step_2_no_load	5	6	0.425122034074	0.553314431843	5	531	0	
342	0	172	step_1_no_load	1	2	2	272	
342	0	172	step_2_no_load	5	6	0.490120307546	0.519090471457	5	495	1	
342	0	173	step_1_no_load	1	2	2	309	
342	0	173	step_2_no_load	3	4	0.385349297983	0.667027212577	4	404	1	
342	0	174	step_1_no_load	1	2	2	296	
342	0	174	step_2_no_load	5	6	0.46236234172	0.472729524832	5	655	0	
342	0	175	step_1_no_load	1	2	1	244	
342	0	175	step_2_no_load	5	6	0.484825491933	0.52644949356	5	331	0	
342	0	176	step_1_no_load	1	2	2	216	
342	0	176	step_2_no_load	3	4	0.383231572002	0.679250000396	4	503	1	
342	0	177	step_1_no_load	1	2	2	404	
342	0	177	step_2_no_load	5	6	0.4798184927	0.501268576771	6	763	0	
342	0	178	step_1_no_load	1	2	1	104	
342	0	178	step_2_no_load	3	4	0.36473828006	0.705993797498	3	590	1	
342	0	179	step_1_no_load	1	2	1	258	
342	0	179	step_2_no_load	3	4	0.324685418097	0.709345707515	3	273	0	
342	0	180	step_1_no_load	1	2	1	95	
342	0	180	step_2_no_load	3	4	0.341214611607	0.719795072986	4	798	1	
342	0	181	step_1_no_load	1	2	1	282	
342	0	181	step_2_no_load	3	4	0.342402764747	0.746910336326	4	297	1	
342	0	182	step_1_no_load	1	2	1	189	
342	0	182	step_2_no_load	3	4	0.340533666308	0.72717560423	4	357	0	
342	0	183	step_1_no_load	1	2	1	250	
342	0	183	step_2_no_load	3	4	0.350175837802	0.720388040749	4	233	1	
342	0	184	step_1_no_load	1	2	1	285	
342	0	184	step_2_no_load	5	6	0.480863422096	0.460890977786	6	543	1	
342	0	185	step_1_no_load	1	2	1	377	
342	0	185	step_2_no_load	3	4	0.362611152222	0.665622647081	3	299	0	
342	0	186	step_1_no_load	1	2	1	263	
342	0	186	step_2_no_load	3	4	0.332733011923	0.656308636836	4	617	1	
342	0	187	step_1_no_load	1	2	1	342	
342	0	187	step_2_no_load	3	4	0.328890769988	0.678211978625	4	541	1	
342	0	188	step_1_no_load	1	2	1	306	
342	0	188	step_2_no_load	3	4	0.291508050861	0.696362660087	4	385	0	
342	0	189	step_1_no_load	1	2	1	477	
342	0	189	step_2_no_load	3	4	0.285168135955	0.688353284054	3	460	1	
342	0	190	step_1_no_load	1	2	1	903	
342	0	190	step_2_no_load	3	4	0.304557739386	0.667655825994	3	623	1	
342	0	191	step_1_no_load	1	2	1	515	
342	0	191	step_2_no_load	3	4	0.318839908867	0.664271461991	3	339	0	
342	0	192	step_1_no_load	1	2	2	558	
342	0	192	step_2_no_load	5	6	0.493851022417	0.450791310283	6	349	1	
342	0	193	step_1_no_load	1	2	2	338	
342	0	193	step_2_no_load	5	6	0.504944704439	0.440813209638	6	612	0	
342	0	194	step_1_no_load	1	2	1	272	
342	0	194	step_2_no_load	5	6	0.505359594715	0.433250459893	5	377	1	
342	0	195	step_1_no_load	1	2	1	268	
342	0	195	step_2_no_load	3	4	0.348571348505	0.646280688878	3	75	0	
342	0	196	step_1_no_load	1	2	1	383	
342	0	196	step_2_no_load	3	4	0.365373286058	0.695101215304	3	265	0	
342	0	197	step_1_no_load	1	2	1	261	
342	0	197	step_2_no_load	3	4	0.316987700969	0.686552522522	4	389	0	
342	0	198	step_1_no_load	1	2	1	33	
342	0	198	step_2_no_load	5	6	0.485065498391	0.397292432346	5	328	0	
342	0	199	step_1_no_load	1	2	1	243	
342	0	199	step_2_no_load	3	4	0.292861528884	0.73697129762	3	289	1	
342	0	200	step_1_no_load	1	2	1	268	
342	0	200	step_2_no_load	3	4	0.299128796668	0.728996708473	3	251	1	

Fri Apr  2 17:07:26 2021
