Fri Apr  9 14:26:47 2021	
344	0	1	step_1_no_load	1	2	1	370	
344	0	1	step_2_no_load	3	4	0.457620150462	0.511789129507	4	691	1	
344	0	2	step_1_no_load	1	2	1	284	
344	0	2	step_2_no_load	3	4	0.474613197709	0.533203491871	3	324	0	
344	0	3	step_1_no_load	1	2	2	222	
344	0	3	step_2_no_load	5	6	0.589215227351	0.584197065669	6	723	0	
344	0	4	step_1_no_load	1	2	1	368	
344	0	4	step_2_no_load	3	4	0.478607661228	0.494597764192	3	655	0	
344	0	5	step_1_no_load	1	2	2	322	
344	0	5	step_2_no_load	3	4	0.495568760483	0.543908521457	4	377	1	
344	0	6	step_1_no_load	1	2	1	318	
344	0	6	step_2_no_load	3	4	0.506877622204	0.490454120702	4	701	0	
344	0	7	step_1_no_load	1	2	2	291	
344	0	7	step_2_no_load	3	4	0.500071913476	0.506408070053	3	890	1	
344	0	8	step_1_no_load	1	2	1	687	
344	0	8	step_2_no_load	5	6	0.624210374623	0.59128639594	5	1087	1	
344	0	9	step_1_no_load	1	2	1	835	
344	0	9	step_2_no_load	3	4	0.496546708465	0.54429228266	4	337	1	
344	0	10	step_1_no_load	1	2	2	671	
344	0	10	step_2_no_load	5	6	0.636063269715	0.652626043146	6	1150	1	
344	0	11	step_1_no_load	1	2	1	673	
344	0	11	step_2_no_load	5	6	0.609191465743	0.69163818036	5	1112	1	
344	0	12	step_1_no_load	1	2	1	854	
344	0	12	step_2_no_load	3	4	0.48457206759	0.597131918027	4	573	1	
344	0	13	step_1_no_load	1	2	2	1243	
344	0	13	step_2_no_load	5	6	0.558313135925	0.653587098421	5	976	0	
344	0	14	step_1_no_load	1	2	1	613	
344	0	14	step_2_no_load	3	4	0.491234392147	0.611256675753	3	756	0	
344	0	15	step_1_no_load	1	2	2	376	
344	0	15	step_2_no_load	5	6	0.570419113221	0.612260006668	5	496	0	
344	0	16	step_1_no_load	1	2	1	961	
344	0	16	step_2_no_load	5	6	0.553308964466	0.628091198119	6	585	1	
344	0	17	step_1_no_load	1	2	1	1162	
344	0	17	step_2_no_load	5	6	0.562895132605	0.633350170016	5	1307	0	
344	0	18	step_1_no_load	1	2	2	422	
344	0	18	step_2_no_load	5	6	0.553554620302	0.626834332012	6	1006	1	
344	0	19	step_1_no_load	1	2	2	1121	
344	0	19	step_2_no_load	3	4	0.498240186199	0.644773170243	3	593	0	
344	0	20	step_1_no_load	1	2	1	541	
344	0	20	step_2_no_load	5	6	0.491720931314	0.636521555122	5	882	0	
344	0	21	step_1_no_load	1	2	1	816	
344	0	21	step_2_no_load	3	4	0.49769376036	0.611328949295	4	568	1	
344	0	22	step_1_no_load	1	2	2	436	
344	0	22	step_2_no_load	5	6	0.468700882609	0.621949894727	6	715	0	
344	0	23	step_1_no_load	1	2	1	544	
344	0	23	step_2_no_load	3	4	0.520606588181	0.604065470975	3	1280	0	
344	0	24	step_1_no_load	1	2	2	1404	
344	0	24	step_2_no_load	5	6	0.503316199018	0.582115115688	6	1386	0	
344	0	25	step_1_no_load	1	2	1	1017	
344	0	25	step_2_no_load	3	4	0.503316372362	0.629917901014	4	920	1	
344	0	26	step_1_no_load	1	2	1	1314	
344	0	26	step_2_no_load	3	4	0.511744353778	0.640635035276	3	1176	0	
344	0	27	step_1_no_load	1	2	2	860	
344	0	27	step_2_no_load	5	6	0.54756089792	0.57860777711	6	1218	1	
344	0	28	step_1_no_load	1	2	1	1038	
344	0	28	step_2_no_load	5	6	0.553259388875	0.588356036098	5	1277	0	
344	0	29	step_1_no_load	1	2	2	970	
344	0	29	step_2_no_load	5	6	0.561957580386	0.606613029227	5	929	0	
344	0	30	step_1_no_load	1	2	1	822	
344	0	30	step_2_no_load	3	4	0.4919199548	0.610227092493	4	808	0	
344	0	31	step_1_no_load	1	2	1	899	
344	0	31	step_2_no_load	3	4	0.483156722265	0.606122691795	3	298	1	
344	0	32	step_1_no_load	1	2	2	878	
344	0	32	step_2_no_load	3	4	0.520318771114	0.605616211083	4	1110	1	
344	0	33	step_1_no_load	1	2	-1	-1	
344	0	34	step_1_no_load	1	2	1	368	
344	0	34	step_2_no_load	5	6	0.538523758058	0.575802910074	5	823	1	
344	0	35	step_1_no_load	1	2	2	1027	
344	0	35	step_2_no_load	5	6	0.594167768198	0.566827313385	6	1082	0	
344	0	36	step_1_no_load	1	2	1	895	
344	0	36	step_2_no_load	3	4	0.513210053121	0.661229326326	4	935	0	
344	0	37	step_1_no_load	1	2	2	836	
344	0	37	step_2_no_load	5	6	0.598446394142	0.513822304161	5	302	0	
344	0	38	step_1_no_load	1	2	1	754	
344	0	38	step_2_no_load	5	6	0.595113730206	0.539078491643	5	505	0	
344	0	39	step_1_no_load	1	2	2	1171	
344	0	39	step_2_no_load	5	6	0.610601635554	0.557005857101	6	810	0	
344	0	40	step_1_no_load	1	2	1	1295	
344	0	40	step_2_no_load	3	4	0.5691386571	0.636994900683	3	887	0	
344	0	41	step_1_no_load	1	2	-1	-1	
344	0	42	step_1_no_load	1	2	2	355	
344	0	42	step_2_no_load	3	4	0.553461946234	0.606696263624	3	922	1	
344	0	43	step_1_no_load	1	2	2	1056	
344	0	43	step_2_no_load	5	6	0.612705031264	0.553703096215	5	631	1	
344	0	44	step_1_no_load	1	2	2	996	
344	0	44	step_2_no_load	3	4	0.537842745081	0.589653131867	3	315	0	
344	0	45	step_1_no_load	1	2	1	0	
344	0	45	step_2_no_load	3	4	0.5288039409	0.620699591043	3	951	1	
344	0	46	step_1_no_load	1	2	1	732	
344	0	46	step_2_no_load	5	6	0.600964500555	0.55511883717	5	363	0	
344	0	47	step_1_no_load	1	2	2	1096	
344	0	47	step_2_no_load	5	6	0.598724660986	0.546259467838	6	967	1	
344	0	48	step_1_no_load	1	2	2	1116	
344	0	48	step_2_no_load	3	4	0.488280685105	0.657624935632	3	1299	0	
344	0	49	step_1_no_load	1	2	1	672	
344	0	49	step_2_no_load	3	4	0.489287375157	0.614679490594	3	1159	0	
344	0	50	step_1_no_load	1	2	2	557	
344	0	50	step_2_no_load	5	6	0.606862017918	0.481616544184	5	828	1	
344	0	51	step_1_no_load	1	2	1	994	
344	0	51	step_2_no_load	3	4	0.469943944943	0.613357430892	4	842	0	
344	0	52	step_1_no_load	1	2	1	807	
344	0	52	step_2_no_load	3	4	0.429622901875	0.613408921915	3	759	1	
344	0	53	step_1_no_load	1	2	2	1053	
344	0	53	step_2_no_load	5	6	0.551457882502	0.475342927439	5	756	0	
344	0	54	step_1_no_load	1	2	1	249	
344	0	54	step_2_no_load	3	4	0.491512498697	0.652515308527	-1	-1	-1	
344	0	55	step_1_no_load	1	2	1	589	
344	0	55	step_2_no_load	3	4	0.487025527704	0.639840796975	3	998	0	
344	0	56	step_1_no_load	1	2	1	778	
344	0	56	step_2_no_load	3	4	0.459773408493	0.60038825769	4	392	0	
344	0	57	step_1_no_load	1	2	2	332	
344	0	57	step_2_no_load	5	6	0.641849303307	0.516475618243	5	275	1	
344	0	58	step_1_no_load	1	2	2	497	
344	0	58	step_2_no_load	5	6	0.664682809182	0.528376440027	5	608	1	
344	0	59	step_1_no_load	1	2	1	788	
344	0	59	step_2_no_load	3	4	0.480274332693	0.608951267756	3	1083	0	
344	0	60	step_1_no_load	1	2	1	394	
344	0	60	step_2_no_load	3	4	0.491916707098	0.599559577859	3	441	0	
344	0	61	step_1_no_load	1	2	1	957	
344	0	61	step_2_no_load	5	6	0.669587072502	0.527144452559	5	452	0	
344	0	62	step_1_no_load	1	2	1	465	
344	0	62	step_2_no_load	3	4	0.50724109756	0.622820395113	4	320	1	
344	0	63	step_1_no_load	1	2	-1	-1	
344	0	64	step_1_no_load	1	2	1	300	
344	0	64	step_2_no_load	5	6	0.642369708469	0.533849886794	6	443	0	
344	0	65	step_1_no_load	1	2	2	487	
344	0	65	step_2_no_load	5	6	0.612660225018	0.517687993213	6	741	1	
344	0	66	step_1_no_load	1	2	2	626	
344	0	66	step_2_no_load	3	4	0.573761869714	0.630357351236	4	1065	1	
344	0	67	step_1_no_load	1	2	1	1213	
344	0	67	step_2_no_load	5	6	0.597650193897	0.538279387614	6	995	1	
344	0	68	step_1_no_load	1	2	2	593	
344	0	68	step_2_no_load	5	6	0.622963076372	0.523301545299	6	745	0	
344	0	69	step_1_no_load	1	2	1	494	
344	0	69	step_2_no_load	3	4	0.499137600991	0.718756538957	3	461	1	
344	0	70	step_1_no_load	1	2	1	369	
344	0	70	step_2_no_load	3	4	0.498834901463	0.697741832068	3	257	1	
344	0	71	step_1_no_load	1	2	1	837	
344	0	71	step_2_no_load	5	6	0.639174917797	0.546215110045	6	263	0	
344	0	72	step_1_no_load	1	2	1	378	
344	0	72	step_2_no_load	3	4	0.47409116389	0.705884789502	3	409	0	
344	0	73	step_1_no_load	1	2	1	685	
344	0	73	step_2_no_load	3	4	0.435957313805	0.727961155836	4	404	1	
344	0	74	step_1_no_load	1	2	1	409	
344	0	74	step_2_no_load	5	6	0.614462146454	0.491044983779	6	256	1	
344	0	75	step_1_no_load	1	2	2	690	
344	0	75	step_2_no_load	5	6	0.615552849174	0.483983914712	5	569	1	
344	0	76	step_1_no_load	1	2	2	325	
344	0	76	step_2_no_load	3	4	0.488583631821	0.690117652944	3	420	0	
344	0	77	step_1_no_load	1	2	2	854	
344	0	77	step_2_no_load	3	4	0.446809557226	0.679737625371	4	365	1	
344	0	78	step_1_no_load	1	2	2	554	
344	0	78	step_2_no_load	5	6	0.536711448352	0.538654072849	6	1201	1	
344	0	79	step_1_no_load	1	2	1	518	
344	0	79	step_2_no_load	5	6	0.513695512795	0.540085062695	5	998	0	
344	0	80	step_1_no_load	1	2	1	874	
344	0	80	step_2_no_load	3	4	0.396016175285	0.703969305517	4	312	1	
344	0	81	step_1_no_load	1	2	1	818	
344	0	81	step_2_no_load	5	6	0.529745690463	0.494116554432	6	732	0	
344	0	82	step_1_no_load	1	2	2	880	
344	0	82	step_2_no_load	5	6	0.564729328387	0.482727017837	5	447	1	
344	0	83	step_1_no_load	1	2	2	324	
344	0	83	step_2_no_load	5	6	0.607907985871	0.483255412498	6	531	0	
344	0	84	step_1_no_load	1	2	2	376	
344	0	84	step_2_no_load	5	6	0.65843840156	0.505586222209	6	1095	0	
344	0	85	step_1_no_load	1	2	1	276	
344	0	85	step_2_no_load	3	4	0.384458259121	0.712989604416	4	707	0	
344	0	86	step_1_no_load	1	2	1	623	
344	0	86	step_2_no_load	3	4	0.345323068124	0.721207648497	4	262	0	
344	0	87	step_1_no_load	1	2	1	784	
344	0	87	step_2_no_load	3	4	0.40000499778	0.690012761069	4	919	1	
344	0	88	step_1_no_load	1	2	1	420	
344	0	88	step_2_no_load	3	4	0.377947492322	0.696773608304	4	291	1	
344	0	89	step_1_no_load	1	2	2	312	
344	0	89	step_2_no_load	5	6	0.690772436485	0.490019385174	6	409	0	
344	0	90	step_1_no_load	1	2	2	278	
344	0	90	step_2_no_load	5	6	0.712247848046	0.530126112124	5	318	0	
344	0	91	step_1_no_load	1	2	1	369	
344	0	91	step_2_no_load	5	6	0.685023809334	0.479087223222	5	263	1	
344	0	92	step_1_no_load	1	2	1	665	
344	0	92	step_2_no_load	3	4	0.444368850664	0.679381608313	4	936	1	
344	0	93	step_1_no_load	1	2	1	292	
344	0	93	step_2_no_load	3	4	0.439878153082	0.662863370634	4	284	1	
344	0	94	step_1_no_load	1	2	2	321	
344	0	94	step_2_no_load	5	6	0.719464414227	0.468637558205	5	656	1	
344	0	95	step_1_no_load	1	2	2	292	
344	0	95	step_2_no_load	3	4	0.427150666411	0.640209855442	4	527	0	
344	0	96	step_1_no_load	1	2	1	418	
344	0	96	step_2_no_load	3	4	0.383038640121	0.663095813561	3	178	1	
344	0	97	step_1_no_load	1	2	2	317	
344	0	97	step_2_no_load	5	6	0.681272614291	0.455601814112	6	301	1	
344	0	98	step_1_no_load	1	2	2	801	
344	0	98	step_2_no_load	5	6	0.70287861952	0.431479829356	5	409	1	
344	0	99	step_1_no_load	1	2	2	462	
344	0	99	step_2_no_load	5	6	0.673709850038	0.375249961522	6	293	0	
344	0	100	step_1_no_load	1	2	1	497	
344	0	100	step_2_no_load	3	4	0.4333505304	0.66579920021	4	448	1	
344	0	101	step_1_no_load	1	2	2	446	
344	0	101	step_2_no_load	3	4	0.497432607584	0.655903528958	3	397	1	
344	0	102	step_1_no_load	1	2	1	248	
344	0	102	step_2_no_load	3	4	0.494584754513	0.663124617603	4	486	1	
344	0	103	step_1_no_load	1	2	2	416	
344	0	103	step_2_no_load	3	4	0.481975449893	0.69058998368	3	623	1	
344	0	104	step_1_no_load	1	2	2	341	
344	0	104	step_2_no_load	3	4	0.521047445908	0.743372642809	3	877	1	
344	0	105	step_1_no_load	1	2	2	217	
344	0	105	step_2_no_load	3	4	0.514318365187	0.722851301692	3	416	1	
344	0	106	step_1_no_load	1	2	2	349	
344	0	106	step_2_no_load	5	6	0.712883638252	0.374131494222	5	388	1	
344	0	107	step_1_no_load	1	2	1	359	
344	0	107	step_2_no_load	3	4	0.565220528809	0.677514185929	4	295	0	
344	0	108	step_1_no_load	1	2	1	755	
344	0	108	step_2_no_load	3	4	0.526955028982	0.681491063126	4	322	1	
344	0	109	step_1_no_load	1	2	2	400	
344	0	109	step_2_no_load	5	6	0.71632547018	0.372328831887	5	394	1	
344	0	110	step_1_no_load	1	2	2	446	
344	0	110	step_2_no_load	3	4	0.432626681236	0.65455226558	3	661	1	
344	0	111	step_1_no_load	1	2	2	763	
344	0	111	step_2_no_load	5	6	0.724852671171	0.407158158569	5	353	1	
344	0	112	step_1_no_load	1	2	1	789	
344	0	112	step_2_no_load	3	4	0.392887565883	0.635252945963	4	299	1	
344	0	113	step_1_no_load	1	2	2	457	
344	0	113	step_2_no_load	3	4	0.370697120277	0.634627459817	3	416	0	
344	0	114	step_1_no_load	1	2	2	310	
344	0	114	step_2_no_load	5	6	0.718213323791	0.384736699284	5	333	0	
344	0	115	step_1_no_load	1	2	1	442	
344	0	115	step_2_no_load	3	4	0.390027643099	0.645721217949	4	425	1	
344	0	116	step_1_no_load	1	2	2	1102	
344	0	116	step_2_no_load	3	4	0.378149844807	0.680124293449	3	637	1	
344	0	117	step_1_no_load	1	2	1	339	
344	0	117	step_2_no_load	3	4	0.374621793791	0.671842537277	4	308	1	
344	0	118	step_1_no_load	1	2	2	320	
344	0	118	step_2_no_load	5	6	0.740051715856	0.362977115924	5	359	0	
344	0	119	step_1_no_load	1	2	1	338	
344	0	119	step_2_no_load	3	4	0.357515098446	0.661177321751	4	299	1	
344	0	120	step_1_no_load	1	2	1	303	
344	0	120	step_2_no_load	3	4	0.370150243662	0.666433355915	4	251	0	
344	0	121	step_1_no_load	1	2	2	447	
344	0	121	step_2_no_load	5	6	0.658856304095	0.310775244958	5	526	0	
344	0	122	step_1_no_load	1	2	1	386	
344	0	122	step_2_no_load	3	4	0.329624572119	0.672193618854	4	339	0	
344	0	123	step_1_no_load	1	2	2	575	
344	0	123	step_2_no_load	5	6	0.583607229978	0.269780614928	6	582	1	
344	0	124	step_1_no_load	1	2	2	363	
344	0	124	step_2_no_load	5	6	0.603013298253	0.26095206597	6	242	0	
344	0	125	step_1_no_load	1	2	1	623	
344	0	125	step_2_no_load	5	6	0.559596800931	0.290374841566	6	599	0	
344	0	126	step_1_no_load	1	2	1	404	
344	0	126	step_2_no_load	3	4	0.300846667696	0.600985760967	3	484	0	
344	0	127	step_1_no_load	1	2	2	224	
344	0	127	step_2_no_load	5	6	0.560824094575	0.273483952592	5	327	1	
344	0	128	step_1_no_load	1	2	1	325	
344	0	128	step_2_no_load	3	4	0.250790232267	0.620672334996	3	404	0	
344	0	129	step_1_no_load	1	2	2	425	
344	0	129	step_2_no_load	5	6	0.685297910719	0.268213321963	5	352	1	
344	0	130	step_1_no_load	1	2	1	325	
344	0	130	step_2_no_load	3	4	0.274560758494	0.630285316669	4	316	1	
344	0	131	step_1_no_load	1	2	2	321	
344	0	131	step_2_no_load	3	4	0.311475039155	0.638450601212	3	288	0	
344	0	132	step_1_no_load	1	2	2	317	
344	0	132	step_2_no_load	5	6	0.668578020634	0.27986961048	5	373	0	
344	0	133	step_1_no_load	1	2	1	449	
344	0	133	step_2_no_load	5	6	0.617383991623	0.315608831386	6	376	0	
344	0	134	step_1_no_load	1	2	1	1076	
344	0	134	step_2_no_load	3	4	0.302839427162	0.685529359147	3	411	0	
344	0	135	step_1_no_load	1	2	2	949	
344	0	135	step_2_no_load	5	6	0.593710006149	0.300079459047	6	756	0	
344	0	136	step_1_no_load	1	2	1	266	
344	0	136	step_2_no_load	5	6	0.597814413435	0.307766925452	6	330	0	
344	0	137	step_1_no_load	1	2	1	351	
344	0	137	step_2_no_load	3	4	0.325016613024	0.668540846495	3	294	1	
344	0	138	step_1_no_load	1	2	2	1178	
344	0	138	step_2_no_load	3	4	0.307694123906	0.688182193337	4	513	1	
344	0	139	step_1_no_load	1	2	1	487	
344	0	139	step_2_no_load	3	4	0.323660750961	0.696355985729	3	446	0	
344	0	140	step_1_no_load	1	2	1	612	
344	0	140	step_2_no_load	3	4	0.328174526491	0.637682840728	3	310	0	
344	0	141	step_1_no_load	1	2	1	617	
344	0	141	step_2_no_load	3	4	0.311809871418	0.616803346728	4	315	0	
344	0	142	step_1_no_load	1	2	1	375	
344	0	142	step_2_no_load	3	4	0.304203281606	0.627356259123	3	294	0	
344	0	143	step_1_no_load	1	2	1	778	
344	0	143	step_2_no_load	5	6	0.661365099615	0.410970957547	5	617	0	
344	0	144	step_1_no_load	1	2	2	406	
344	0	144	step_2_no_load	3	4	0.275932517017	0.639347300184	4	413	1	
344	0	145	step_1_no_load	1	2	2	553	
344	0	145	step_2_no_load	3	4	0.266265924094	0.606515632748	4	584	1	
344	0	146	step_1_no_load	1	2	1	262	
344	0	146	step_2_no_load	3	4	0.257861956214	0.593778463268	3	284	0	
344	0	147	step_1_no_load	1	2	1	515	
344	0	147	step_2_no_load	3	4	0.265578160642	0.594861186319	4	618	0	
344	0	148	step_1_no_load	1	2	1	390	
344	0	148	step_2_no_load	3	4	0.305288021243	0.648050021239	3	294	0	
344	0	149	step_1_no_load	1	2	2	59	
344	0	149	step_2_no_load	5	6	0.601870110183	0.300290206122	5	362	0	
344	0	150	step_1_no_load	1	2	2	534	
344	0	150	step_2_no_load	5	6	0.575985663078	0.306860041627	5	486	0	
344	0	151	step_1_no_load	1	2	2	570	
344	0	151	step_2_no_load	3	4	0.348172164421	0.614159737668	4	370	1	
344	0	152	step_1_no_load	1	2	2	376	
344	0	152	step_2_no_load	3	4	0.307702500543	0.644204174791	4	215	1	
344	0	153	step_1_no_load	1	2	1	628	
344	0	153	step_2_no_load	3	4	0.309356532263	0.681559292085	3	532	0	
344	0	154	step_1_no_load	1	2	2	345	
344	0	154	step_2_no_load	5	6	0.638934099562	0.348349389262	6	138	0	
344	0	155	step_1_no_load	1	2	2	309	
344	0	155	step_2_no_load	5	6	0.632486591889	0.372188990474	5	237	0	
344	0	156	step_1_no_load	1	2	2	731	
344	0	156	step_2_no_load	5	6	0.631048201903	0.368378667812	6	290	0	
344	0	157	step_1_no_load	1	2	1	654	
344	0	157	step_2_no_load	5	6	0.585191807512	0.324728201487	5	286	1	
344	0	158	step_1_no_load	1	2	1	435	
344	0	158	step_2_no_load	3	4	0.408728803896	0.694270715354	3	601	1	
344	0	159	step_1_no_load	1	2	1	703	
344	0	159	step_2_no_load	3	4	0.413026375257	0.697903160072	4	678	1	
344	0	160	step_1_no_load	1	2	1	315	
344	0	160	step_2_no_load	3	4	0.415052912783	0.710728171711	4	297	1	
344	0	161	step_1_no_load	1	2	1	358	
344	0	161	step_2_no_load	5	6	0.516036498158	0.438878285506	6	284	0	
344	0	162	step_1_no_load	1	2	2	602	
344	0	162	step_2_no_load	3	4	0.3926701003	0.695144769903	4	961	0	
344	0	163	step_1_no_load	1	2	1	622	
344	0	163	step_2_no_load	3	4	0.395221309311	0.697095951435	3	725	1	
344	0	164	step_1_no_load	1	2	1	383	
344	0	164	step_2_no_load	3	4	0.432761720497	0.692137394606	3	303	0	
344	0	165	step_1_no_load	1	2	1	339	
344	0	165	step_2_no_load	3	4	0.463777557969	0.717506143195	4	435	1	
344	0	166	step_1_no_load	1	2	1	653	
344	0	166	step_2_no_load	3	4	0.422282731054	0.686594248975	4	508	1	
344	0	167	step_1_no_load	1	2	2	344	
344	0	167	step_2_no_load	5	6	0.585131062446	0.331115714939	6	279	0	
344	0	168	step_1_no_load	1	2	2	651	
344	0	168	step_2_no_load	5	6	0.613361520676	0.335777599654	5	673	1	
344	0	169	step_1_no_load	1	2	2	541	
344	0	169	step_2_no_load	5	6	0.586049140041	0.365156560071	5	367	0	
344	0	170	step_1_no_load	1	2	2	451	
344	0	170	step_2_no_load	5	6	0.57151385403	0.364989630435	5	359	1	
344	0	171	step_1_no_load	1	2	1	467	
344	0	171	step_2_no_load	5	6	0.553314431843	0.425122034074	6	674	1	
344	0	172	step_1_no_load	1	2	1	1327	
344	0	172	step_2_no_load	3	4	0.363617002148	0.668669556875	4	702	1	
344	0	173	step_1_no_load	1	2	2	410	
344	0	173	step_2_no_load	5	6	0.484428109849	0.462866379815	6	313	1	
344	0	174	step_1_no_load	1	2	2	501	
344	0	174	step_2_no_load	5	6	0.472729524832	0.46236234172	5	276	1	
344	0	175	step_1_no_load	1	2	1	568	
344	0	175	step_2_no_load	3	4	0.426185553904	0.693968268443	3	462	0	
344	0	176	step_1_no_load	1	2	1	456	
344	0	176	step_2_no_load	5	6	0.474046874473	0.500856457218	5	599	1	
344	0	177	step_1_no_load	1	2	1	549	
344	0	177	step_2_no_load	3	4	0.357425668099	0.714070205704	4	301	1	
344	0	178	step_1_no_load	1	2	2	569	
344	0	178	step_2_no_load	5	6	0.493712351915	0.49020858644	6	640	0	
344	0	179	step_1_no_load	1	2	2	444	
344	0	179	step_2_no_load	5	6	0.457298770028	0.493565996034	5	315	1	
344	0	180	step_1_no_load	1	2	1	391	
344	0	180	step_2_no_load	3	4	0.341214611607	0.719795072986	3	713	0	
344	0	181	step_1_no_load	1	2	2	452	
344	0	181	step_2_no_load	3	4	0.342402764747	0.746910336326	3	442	0	
344	0	182	step_1_no_load	1	2	2	344	
344	0	182	step_2_no_load	5	6	0.506773281362	0.49907747228	6	574	1	
344	0	183	step_1_no_load	1	2	2	514	
344	0	183	step_2_no_load	5	6	0.502991759047	0.492742497507	5	604	0	
344	0	184	step_1_no_load	1	2	2	1	
344	0	184	step_2_no_load	3	4	0.362743255194	0.657291439324	4	630	0	
344	0	185	step_1_no_load	1	2	1	330	
344	0	185	step_2_no_load	5	6	0.479703516092	0.482228039858	6	289	1	
344	0	186	step_1_no_load	1	2	1	340	
344	0	186	step_2_no_load	3	4	0.332733011923	0.656308636836	4	219	1	
344	0	187	step_1_no_load	1	2	1	736	
344	0	187	step_2_no_load	5	6	0.443962917772	0.498596507669	5	752	0	
344	0	188	step_1_no_load	1	2	2	404	
344	0	188	step_2_no_load	3	4	0.291508050861	0.696362660087	4	627	0	
344	0	189	step_1_no_load	1	2	1	834	
344	0	189	step_2_no_load	3	4	0.285168135955	0.688353284054	4	625	1	
344	0	190	step_1_no_load	1	2	1	733	
344	0	190	step_2_no_load	3	4	0.304557739386	0.667655825994	4	708	0	
344	0	191	step_1_no_load	1	2	2	418	
344	0	191	step_2_no_load	5	6	0.435748387321	0.512103523931	6	153	1	
344	0	192	step_1_no_load	1	2	2	455	
344	0	192	step_2_no_load	3	4	0.299297135717	0.705517419189	3	327	0	
344	0	193	step_1_no_load	1	2	1	435	
344	0	193	step_2_no_load	3	4	0.321008037746	0.679792491164	3	243	0	
344	0	194	step_1_no_load	1	2	1	487	
344	0	194	step_2_no_load	3	4	0.342437174514	0.655261361454	4	487	1	
344	0	195	step_1_no_load	1	2	1	371	
344	0	195	step_2_no_load	3	4	0.348571348505	0.646280688878	4	322	0	
344	0	196	step_1_no_load	1	2	2	583	
344	0	196	step_2_no_load	3	4	0.365373286058	0.695101215304	3	541	0	
344	0	197	step_1_no_load	1	2	2	258	
344	0	197	step_2_no_load	5	6	0.422511153127	0.47786945426	6	602	1	
344	0	198	step_1_no_load	1	2	2	502	
344	0	198	step_2_no_load	3	4	0.303352625941	0.68660989813	3	695	1	
344	0	199	step_1_no_load	1	2	2	437	
344	0	199	step_2_no_load	5	6	0.39793773834	0.529438031858	6	509	1	
344	0	200	step_1_no_load	1	2	2	281	
344	0	200	step_2_no_load	3	4	0.299128796668	0.728996708473	4	409	1	

Fri Apr  9 14:44:07 2021
