Fri Apr  9 16:36:10 2021	
345	0	1	step_1_no_load	1	2	1	1288	
345	0	1	step_2_no_load	3	4	0.457620150462	0.511789129507	-1	-1	-1	
345	0	2	step_1_no_load	1	2	2	412	
345	0	2	step_2_no_load	3	4	0.474613197709	0.533203491871	3	623	0	
345	0	3	step_1_no_load	1	2	2	311	
345	0	3	step_2_no_load	5	6	0.589215227351	0.584197065669	5	601	0	
345	0	4	step_1_no_load	1	2	2	316	
345	0	4	step_2_no_load	5	6	0.564086293706	0.597491569846	6	637	1	
345	0	5	step_1_no_load	1	2	1	310	
345	0	5	step_2_no_load	3	4	0.495568760483	0.543908521457	3	920	0	
345	0	6	step_1_no_load	1	2	2	335	
345	0	6	step_2_no_load	3	4	0.506877622204	0.490454120702	4	746	0	
345	0	7	step_1_no_load	1	2	2	267	
345	0	7	step_2_no_load	5	6	0.622642364361	0.568656746487	6	872	1	
345	0	8	step_1_no_load	1	2	2	336	
345	0	8	step_2_no_load	5	6	0.624210374623	0.59128639594	6	508	1	
345	0	9	step_1_no_load	1	2	2	275	
345	0	9	step_2_no_load	5	6	0.641106877158	0.598049061473	6	621	1	
345	0	10	step_1_no_load	1	2	2	270	
345	0	10	step_2_no_load	5	6	0.636063269715	0.652626043146	6	390	1	
345	0	11	step_1_no_load	1	2	2	278	
345	0	11	step_2_no_load	3	4	0.477013315682	0.59022801242	4	448	1	
345	0	12	step_1_no_load	1	2	2	241	
345	0	12	step_2_no_load	3	4	0.48457206759	0.597131918027	4	571	1	
345	0	13	step_1_no_load	1	2	2	251	
345	0	13	step_2_no_load	5	6	0.558313135925	0.653587098421	6	455	0	
345	0	14	step_1_no_load	1	2	2	272	
345	0	14	step_2_no_load	3	4	0.491234392147	0.611256675753	4	1068	1	
345	0	15	step_1_no_load	1	2	1	341	
345	0	15	step_2_no_load	3	4	0.505377237737	0.633564630036	4	517	0	
345	0	16	step_1_no_load	1	2	2	607	
345	0	16	step_2_no_load	5	6	0.553308964466	0.628091198119	5	761	1	
345	0	17	step_1_no_load	1	2	2	299	
345	0	17	step_2_no_load	5	6	0.562895132605	0.633350170016	5	671	0	
345	0	18	step_1_no_load	1	2	2	288	
345	0	18	step_2_no_load	5	6	0.553554620302	0.626834332012	5	512	1	
345	0	19	step_1_no_load	1	2	2	362	
345	0	19	step_2_no_load	3	4	0.498240186199	0.644773170243	3	470	0	
345	0	20	step_1_no_load	1	2	2	327	
345	0	20	step_2_no_load	5	6	0.491720931314	0.636521555122	5	1000	0	
345	0	21	step_1_no_load	1	2	2	401	
345	0	21	step_2_no_load	5	6	0.470207377245	0.630305464549	6	539	1	
345	0	22	step_1_no_load	1	2	1	316	
345	0	22	step_2_no_load	3	4	0.506100011497	0.618527126547	4	765	0	
345	0	23	step_1_no_load	1	2	1	334	
345	0	23	step_2_no_load	5	6	0.513759772011	0.640163623731	6	826	0	
345	0	24	step_1_no_load	1	2	2	419	
345	0	24	step_2_no_load	5	6	0.503316199018	0.582115115688	5	981	1	
345	0	25	step_1_no_load	1	2	2	334	
345	0	25	step_2_no_load	5	6	0.503605105412	0.565698722896	6	832	1	
345	0	26	step_1_no_load	1	2	2	266	
345	0	26	step_2_no_load	5	6	0.532884212818	0.592410219737	5	564	0	
345	0	27	step_1_no_load	1	2	2	262	
345	0	27	step_2_no_load	5	6	0.54756089792	0.57860777711	6	577	1	
345	0	28	step_1_no_load	1	2	1	331	
345	0	28	step_2_no_load	5	6	0.553259388875	0.588356036098	5	616	0	
345	0	29	step_1_no_load	1	2	1	401	
345	0	29	step_2_no_load	3	4	0.521159009103	0.618626354124	4	834	1	
345	0	30	step_1_no_load	1	2	1	356	
345	0	30	step_2_no_load	3	4	0.4919199548	0.610227092493	4	822	1	
345	0	31	step_1_no_load	1	2	2	312	
345	0	31	step_2_no_load	5	6	0.541819886458	0.636602545794	6	497	0	
345	0	32	step_1_no_load	1	2	1	302	
345	0	32	step_2_no_load	5	6	0.522993086096	0.634585171267	5	880	1	
345	0	33	step_1_no_load	1	2	1	450	
345	0	33	step_2_no_load	5	6	0.542309898544	0.611700032906	5	958	1	
345	0	34	step_1_no_load	1	2	1	367	
345	0	34	step_2_no_load	3	4	0.454565258478	0.670290552209	3	481	0	
345	0	35	step_1_no_load	1	2	1	348	
345	0	35	step_2_no_load	5	6	0.594167768198	0.566827313385	5	1158	1	
345	0	36	step_1_no_load	1	2	2	296	
345	0	36	step_2_no_load	5	6	0.611274573488	0.527635087561	5	753	1	
345	0	37	step_1_no_load	1	2	2	380	
345	0	37	step_2_no_load	5	6	0.598446394142	0.513822304161	5	485	1	
345	0	38	step_1_no_load	1	2	2	423	
345	0	38	step_2_no_load	5	6	0.595113730206	0.539078491643	5	584	0	
345	0	39	step_1_no_load	1	2	2	274	
345	0	39	step_2_no_load	5	6	0.610601635554	0.557005857101	6	587	0	
345	0	40	step_1_no_load	1	2	2	572	
345	0	40	step_2_no_load	5	6	0.607992802154	0.580760785074	5	558	0	
345	0	41	step_1_no_load	1	2	2	287	
345	0	41	step_2_no_load	3	4	0.583829055298	0.633285941184	4	1411	1	
345	0	42	step_1_no_load	1	2	2	324	
345	0	42	step_2_no_load	5	6	0.609164606591	0.533857158543	5	558	1	
345	0	43	step_1_no_load	1	2	2	383	
345	0	43	step_2_no_load	3	4	0.548128010644	0.581931546759	4	1328	0	
345	0	44	step_1_no_load	1	2	2	344	
345	0	44	step_2_no_load	5	6	0.611481438855	0.541854396676	5	402	0	
345	0	45	step_1_no_load	1	2	2	499	
345	0	45	step_2_no_load	5	6	0.632991467829	0.579346234508	5	629	0	
345	0	46	step_1_no_load	1	2	2	302	
345	0	46	step_2_no_load	5	6	0.600964500555	0.55511883717	5	601	1	
345	0	47	step_1_no_load	1	2	2	339	
345	0	47	step_2_no_load	5	6	0.598724660986	0.546259467838	6	384	0	
345	0	48	step_1_no_load	1	2	2	329	
345	0	48	step_2_no_load	5	6	0.615767119776	0.534690828011	5	362	0	
345	0	49	step_1_no_load	1	2	2	299	
345	0	49	step_2_no_load	5	6	0.610193185592	0.512405963374	6	349	1	
345	0	50	step_1_no_load	1	2	2	357	
345	0	50	step_2_no_load	5	6	0.606862017918	0.481616544184	6	359	0	
345	0	51	step_1_no_load	1	2	1	352	
345	0	51	step_2_no_load	3	4	0.469943944943	0.613357430892	4	627	1	
345	0	52	step_1_no_load	1	2	2	227	
345	0	52	step_2_no_load	5	6	0.539065404057	0.513589895419	5	381	0	
345	0	53	step_1_no_load	1	2	1	302	
345	0	53	step_2_no_load	3	4	0.451905460347	0.630956764252	4	615	0	
345	0	54	step_1_no_load	1	2	1	312	
345	0	54	step_2_no_load	5	6	0.570223904064	0.493362545513	5	755	1	
345	0	55	step_1_no_load	1	2	1	620	
345	0	55	step_2_no_load	3	4	0.487025527704	0.639840796975	3	607	0	
345	0	56	step_1_no_load	1	2	2	417	
345	0	56	step_2_no_load	3	4	0.459773408493	0.60038825769	4	530	1	
345	0	57	step_1_no_load	1	2	2	284	
345	0	57	step_2_no_load	3	4	0.466449077359	0.586335094239	4	407	1	
345	0	58	step_1_no_load	1	2	2	232	
345	0	58	step_2_no_load	5	6	0.664682809182	0.528376440027	6	533	1	
345	0	59	step_1_no_load	1	2	2	294	
345	0	59	step_2_no_load	3	4	0.480274332693	0.608951267756	4	784	1	
345	0	60	step_1_no_load	1	2	2	378	
345	0	60	step_2_no_load	3	4	0.491916707098	0.599559577859	4	339	0	
345	0	61	step_1_no_load	1	2	2	179	
345	0	61	step_2_no_load	5	6	0.669587072502	0.527144452559	6	526	1	
345	0	62	step_1_no_load	1	2	2	311	
345	0	62	step_2_no_load	5	6	0.691137204746	0.533031417444	6	865	1	
345	0	63	step_1_no_load	1	2	2	186	
345	0	63	step_2_no_load	5	6	0.664284493458	0.519445130796	6	451	1	
345	0	64	step_1_no_load	1	2	2	299	
345	0	64	step_2_no_load	5	6	0.642369708469	0.533849886794	6	575	1	
345	0	65	step_1_no_load	1	2	2	58	
345	0	65	step_2_no_load	3	4	0.569109504048	0.619953360065	4	515	1	
345	0	66	step_1_no_load	1	2	2	740	
345	0	66	step_2_no_load	5	6	0.606938648072	0.555324764318	6	477	0	
345	0	67	step_1_no_load	1	2	1	278	
345	0	67	step_2_no_load	5	6	0.597650193897	0.538279387614	-1	-1	-1	
345	0	68	step_1_no_load	1	2	1	630	
345	0	68	step_2_no_load	3	4	0.509127161919	0.719455209845	3	720	1	
345	0	69	step_1_no_load	1	2	1	377	
345	0	69	step_2_no_load	3	4	0.499137600991	0.718756538957	3	515	1	
345	0	70	step_1_no_load	1	2	1	365	
345	0	70	step_2_no_load	3	4	0.498834901463	0.697741832068	3	606	0	
345	0	71	step_1_no_load	1	2	1	408	
345	0	71	step_2_no_load	3	4	0.482863323776	0.706816191949	4	449	1	
345	0	72	step_1_no_load	1	2	1	371	
345	0	72	step_2_no_load	3	4	0.47409116389	0.705884789502	4	310	0	
345	0	73	step_1_no_load	1	2	1	344	
345	0	73	step_2_no_load	5	6	0.657126403029	0.50185699984	5	481	1	
345	0	74	step_1_no_load	1	2	2	290	
345	0	74	step_2_no_load	3	4	0.453420386428	0.693624670847	4	1198	1	
345	0	75	step_1_no_load	1	2	2	591	
345	0	75	step_2_no_load	3	4	0.44832280175	0.697629587097	3	328	1	
345	0	76	step_1_no_load	1	2	1	313	
345	0	76	step_2_no_load	3	4	0.488583631821	0.690117652944	4	426	1	
345	0	77	step_1_no_load	1	2	2	244	
345	0	77	step_2_no_load	3	4	0.446809557226	0.679737625371	4	1024	0	
345	0	78	step_1_no_load	1	2	2	250	
345	0	78	step_2_no_load	5	6	0.536711448352	0.538654072849	5	899	1	
345	0	79	step_1_no_load	1	2	2	548	
345	0	79	step_2_no_load	5	6	0.513695512795	0.540085062695	5	533	0	
345	0	80	step_1_no_load	1	2	2	127	
345	0	80	step_2_no_load	5	6	0.518583383166	0.49921021142	6	427	1	
345	0	81	step_1_no_load	1	2	2	532	
345	0	81	step_2_no_load	5	6	0.529745690463	0.494116554432	6	605	0	
345	0	82	step_1_no_load	1	2	2	398	
345	0	82	step_2_no_load	5	6	0.564729328387	0.482727017837	5	351	1	
345	0	83	step_1_no_load	1	2	2	378	
345	0	83	step_2_no_load	5	6	0.607907985871	0.483255412498	5	540	1	
345	0	84	step_1_no_load	1	2	2	421	
345	0	84	step_2_no_load	5	6	0.65843840156	0.505586222209	5	535	0	
345	0	85	step_1_no_load	1	2	2	320	
345	0	85	step_2_no_load	3	4	0.384458259121	0.712989604416	4	331	1	
345	0	86	step_1_no_load	1	2	2	500	
345	0	86	step_2_no_load	5	6	0.691782850001	0.486462788728	5	942	1	
345	0	87	step_1_no_load	1	2	1	336	
345	0	87	step_2_no_load	3	4	0.40000499778	0.690012761069	4	425	1	
345	0	88	step_1_no_load	1	2	1	403	
345	0	88	step_2_no_load	5	6	0.717410082358	0.509563243675	5	933	1	
345	0	89	step_1_no_load	1	2	1	334	
345	0	89	step_2_no_load	3	4	0.415882489686	0.660112261017	4	424	0	
345	0	90	step_1_no_load	1	2	1	585	
345	0	90	step_2_no_load	3	4	0.411459496853	0.688736868033	3	850	0	
345	0	91	step_1_no_load	1	2	1	380	
345	0	91	step_2_no_load	5	6	0.685023809334	0.479087223222	6	461	0	
345	0	92	step_1_no_load	1	2	1	270	
345	0	92	step_2_no_load	3	4	0.444368850664	0.679381608313	4	1064	0	
345	0	93	step_1_no_load	1	2	2	329	
345	0	93	step_2_no_load	3	4	0.439878153082	0.662863370634	4	867	1	
345	0	94	step_1_no_load	1	2	2	414	
345	0	94	step_2_no_load	5	6	0.719464414227	0.468637558205	5	687	0	
345	0	95	step_1_no_load	1	2	2	392	
345	0	95	step_2_no_load	5	6	0.715495469274	0.42505578884	6	626	1	
345	0	96	step_1_no_load	1	2	2	491	
345	0	96	step_2_no_load	3	4	0.383038640121	0.663095813561	4	974	1	
345	0	97	step_1_no_load	1	2	2	544	
345	0	97	step_2_no_load	5	6	0.681272614291	0.455601814112	6	865	0	
345	0	98	step_1_no_load	1	2	1	524	
345	0	98	step_2_no_load	5	6	0.70287861952	0.431479829356	5	1063	1	
345	0	99	step_1_no_load	1	2	2	425	
345	0	99	step_2_no_load	5	6	0.673709850038	0.375249961522	5	1364	0	
345	0	100	step_1_no_load	1	2	2	445	
345	0	100	step_2_no_load	5	6	0.666227451505	0.363162156005	6	646	1	
345	0	101	step_1_no_load	1	2	2	608	
345	0	101	step_2_no_load	5	6	0.623812401974	0.366879421891	6	544	0	
345	0	102	step_1_no_load	1	2	2	274	
345	0	102	step_2_no_load	3	4	0.494584754513	0.663124617603	4	1356	1	
345	0	103	step_1_no_load	1	2	1	302	
345	0	103	step_2_no_load	3	4	0.481975449893	0.69058998368	4	495	1	
345	0	104	step_1_no_load	1	2	1	465	
345	0	104	step_2_no_load	3	4	0.521047445908	0.743372642809	4	394	1	
345	0	105	step_1_no_load	1	2	1	284	
345	0	105	step_2_no_load	5	6	0.689135357059	0.352639603242	6	822	1	
345	0	106	step_1_no_load	1	2	1	367	
345	0	106	step_2_no_load	5	6	0.712883638252	0.374131494222	6	602	0	
345	0	107	step_1_no_load	1	2	2	316	
345	0	107	step_2_no_load	5	6	0.692607431435	0.388257337796	5	430	0	
345	0	108	step_1_no_load	1	2	1	321	
345	0	108	step_2_no_load	3	4	0.526955028982	0.681491063126	4	562	1	
345	0	109	step_1_no_load	1	2	2	380	
345	0	109	step_2_no_load	3	4	0.479977531501	0.68658494263	4	360	0	
345	0	110	step_1_no_load	1	2	2	346	
345	0	110	step_2_no_load	3	4	0.432626681236	0.65455226558	3	620	0	
345	0	111	step_1_no_load	1	2	2	237	
345	0	111	step_2_no_load	5	6	0.724852671171	0.407158158569	5	863	0	
345	0	112	step_1_no_load	1	2	2	681	
345	0	112	step_2_no_load	5	6	0.725701866094	0.413393106784	6	547	0	
345	0	113	step_1_no_load	1	2	2	29	
345	0	113	step_2_no_load	3	4	0.370697120277	0.634627459817	4	1215	1	
345	0	114	step_1_no_load	1	2	2	296	
345	0	114	step_2_no_load	5	6	0.718213323791	0.384736699284	6	201	0	
345	0	115	step_1_no_load	1	2	2	1	
345	0	115	step_2_no_load	5	6	0.739704344621	0.357661171116	5	469	1	
345	0	116	step_1_no_load	1	2	2	374	
345	0	116	step_2_no_load	5	6	0.706736514943	0.369438791876	5	480	0	
345	0	117	step_1_no_load	1	2	2	377	
345	0	117	step_2_no_load	5	6	0.747012267642	0.363056877927	6	347	0	
345	0	118	step_1_no_load	1	2	1	309	
345	0	118	step_2_no_load	3	4	0.357645851833	0.690484235012	4	359	1	
345	0	119	step_1_no_load	1	2	1	262	
345	0	119	step_2_no_load	5	6	0.690424535099	0.358243439099	6	480	0	
345	0	120	step_1_no_load	1	2	1	249	
345	0	120	step_2_no_load	3	4	0.370150243662	0.666433355915	4	565	1	
345	0	121	step_1_no_load	1	2	1	678	
345	0	121	step_2_no_load	3	4	0.352721767208	0.671052306195	3	703	0	
345	0	122	step_1_no_load	1	2	1	264	
345	0	122	step_2_no_load	3	4	0.329624572119	0.672193618854	4	660	1	
345	0	123	step_1_no_load	1	2	1	685	
345	0	123	step_2_no_load	5	6	0.583607229978	0.269780614928	-1	-1	-1	
345	0	124	step_1_no_load	1	2	1	432	
345	0	124	step_2_no_load	3	4	0.309430836661	0.624161788269	3	515	1	
345	0	125	step_1_no_load	1	2	1	381	
345	0	125	step_2_no_load	3	4	0.303110862715	0.633566302563	3	593	0	
345	0	126	step_1_no_load	1	2	1	378	
345	0	126	step_2_no_load	3	4	0.300846667696	0.600985760967	4	635	1	
345	0	127	step_1_no_load	1	2	1	596	
345	0	127	step_2_no_load	5	6	0.560824094575	0.273483952592	5	1197	0	
345	0	128	step_1_no_load	1	2	1	1222	
345	0	128	step_2_no_load	3	4	0.250790232267	0.620672334996	4	776	1	
345	0	129	step_1_no_load	1	2	1	361	
345	0	129	step_2_no_load	5	6	0.685297910719	0.268213321963	6	619	0	
345	0	130	step_1_no_load	1	2	2	412	
345	0	130	step_2_no_load	5	6	0.682031489739	0.267460866951	5	342	0	
345	0	131	step_1_no_load	1	2	1	263	
345	0	131	step_2_no_load	3	4	0.311475039155	0.638450601212	4	585	0	
345	0	132	step_1_no_load	1	2	2	314	
345	0	132	step_2_no_load	5	6	0.668578020634	0.27986961048	6	524	0	
345	0	133	step_1_no_load	1	2	1	302	
345	0	133	step_2_no_load	5	6	0.617383991623	0.315608831386	5	656	0	
345	0	134	step_1_no_load	1	2	2	505	
345	0	134	step_2_no_load	5	6	0.621945110858	0.287393715313	5	794	1	
345	0	135	step_1_no_load	1	2	2	929	
345	0	135	step_2_no_load	3	4	0.287118934166	0.700779221781	4	787	1	
345	0	136	step_1_no_load	1	2	2	276	
345	0	136	step_2_no_load	3	4	0.284521085726	0.674914008636	4	829	1	
345	0	137	step_1_no_load	1	2	1	398	
345	0	137	step_2_no_load	3	4	0.325016613024	0.668540846495	4	784	1	
345	0	138	step_1_no_load	1	2	1	297	
345	0	138	step_2_no_load	3	4	0.307694123906	0.688182193337	4	635	1	
345	0	139	step_1_no_load	1	2	1	267	
345	0	139	step_2_no_load	5	6	0.636630981281	0.325611400511	5	1013	1	
345	0	140	step_1_no_load	1	2	1	318	
345	0	140	step_2_no_load	3	4	0.328174526491	0.637682840728	4	760	0	
345	0	141	step_1_no_load	1	2	1	345	
345	0	141	step_2_no_load	5	6	0.711987889705	0.390227133375	5	659	1	
345	0	142	step_1_no_load	1	2	2	363	
345	0	142	step_2_no_load	5	6	0.690276058009	0.397052682821	5	670	0	
345	0	143	step_1_no_load	1	2	2	295	
345	0	143	step_2_no_load	5	6	0.661365099615	0.410970957547	5	449	1	
345	0	144	step_1_no_load	1	2	2	691	
345	0	144	step_2_no_load	5	6	0.626443722248	0.389234194056	5	566	1	
345	0	145	step_1_no_load	1	2	2	406	
345	0	145	step_2_no_load	5	6	0.6669125229	0.355256413269	5	527	0	
345	0	146	step_1_no_load	1	2	2	360	
345	0	146	step_2_no_load	3	4	0.257861956214	0.593778463268	4	569	0	
345	0	147	step_1_no_load	1	2	2	267	
345	0	147	step_2_no_load	5	6	0.647798886916	0.352879785946	5	723	0	
345	0	148	step_1_no_load	1	2	2	301	
345	0	148	step_2_no_load	5	6	0.619272702026	0.311162711725	6	862	0	
345	0	149	step_1_no_load	1	2	2	295	
345	0	149	step_2_no_load	5	6	0.601870110183	0.300290206122	5	564	1	
345	0	150	step_1_no_load	1	2	2	364	
345	0	150	step_2_no_load	5	6	0.575985663078	0.306860041627	5	431	0	
345	0	151	step_1_no_load	1	2	2	551	
345	0	151	step_2_no_load	3	4	0.348172164421	0.614159737668	3	600	1	
345	0	152	step_1_no_load	1	2	1	282	
345	0	152	step_2_no_load	3	4	0.307702500543	0.644204174791	3	676	1	
345	0	153	step_1_no_load	1	2	1	645	
345	0	153	step_2_no_load	3	4	0.309356532263	0.681559292085	3	823	1	
345	0	154	step_1_no_load	1	2	2	371	
345	0	154	step_2_no_load	5	6	0.638934099562	0.348349389262	5	887	0	
345	0	155	step_1_no_load	1	2	2	258	
345	0	155	step_2_no_load	5	6	0.632486591889	0.372188990474	6	444	1	
345	0	156	step_1_no_load	1	2	2	565	
345	0	156	step_2_no_load	3	4	0.32564867104	0.734436160799	3	1006	0	
345	0	157	step_1_no_load	1	2	2	433	
345	0	157	step_2_no_load	5	6	0.585191807512	0.324728201487	6	1387	1	
345	0	158	step_1_no_load	1	2	1	316	
345	0	158	step_2_no_load	3	4	0.408728803896	0.694270715354	4	686	1	
345	0	159	step_1_no_load	1	2	2	0	
345	0	159	step_2_no_load	5	6	0.541222065796	0.321150411254	6	1113	1	
345	0	160	step_1_no_load	1	2	2	347	
345	0	160	step_2_no_load	5	6	0.521229931064	0.355992626298	6	356	0	
345	0	161	step_1_no_load	1	2	1	302	
345	0	161	step_2_no_load	5	6	0.516036498158	0.438878285506	6	440	0	
345	0	162	step_1_no_load	1	2	2	280	
345	0	162	step_2_no_load	3	4	0.3926701003	0.695144769903	3	491	0	
345	0	163	step_1_no_load	1	2	2	517	
345	0	163	step_2_no_load	5	6	0.5863391277	0.430920885959	6	743	1	
345	0	164	step_1_no_load	1	2	2	832	
345	0	164	step_2_no_load	5	6	0.585961845322	0.430844125626	6	480	0	
345	0	165	step_1_no_load	1	2	2	338	
345	0	165	step_2_no_load	5	6	0.538026607649	0.347974240867	5	414	0	
345	0	166	step_1_no_load	1	2	2	407	
345	0	166	step_2_no_load	5	6	0.549095060025	0.356317216644	6	409	0	
345	0	167	step_1_no_load	1	2	2	250	
345	0	167	step_2_no_load	5	6	0.585131062446	0.331115714939	6	260	0	
345	0	168	step_1_no_load	1	2	2	358	
345	0	168	step_2_no_load	5	6	0.613361520676	0.335777599654	5	409	1	
345	0	169	step_1_no_load	1	2	2	578	
345	0	169	step_2_no_load	3	4	0.42098542374	0.704981910944	-1	-1	-1	
345	0	170	step_1_no_load	1	2	1	315	
345	0	170	step_2_no_load	3	4	0.411067820436	0.67334314737	4	541	1	
345	0	171	step_1_no_load	1	2	1	383	
345	0	171	step_2_no_load	5	6	0.553314431843	0.425122034074	6	449	0	
345	0	172	step_1_no_load	1	2	1	601	
345	0	172	step_2_no_load	5	6	0.519090471457	0.490120307546	5	477	0	
345	0	173	step_1_no_load	1	2	1	258	
345	0	173	step_2_no_load	3	4	0.385349297983	0.667027212577	4	400	1	
345	0	174	step_1_no_load	1	2	1	313	
345	0	174	step_2_no_load	3	4	0.387867297446	0.729877433725	-1	-1	-1	
345	0	175	step_1_no_load	1	2	1	413	
345	0	175	step_2_no_load	3	4	0.426185553904	0.693968268443	4	447	0	
345	0	176	step_1_no_load	1	2	1	97	
345	0	176	step_2_no_load	5	6	0.474046874473	0.500856457218	5	451	0	
345	0	177	step_1_no_load	1	2	1	229	
345	0	177	step_2_no_load	5	6	0.501268576771	0.4798184927	6	343	1	
345	0	178	step_1_no_load	1	2	1	416	
345	0	178	step_2_no_load	3	4	0.36473828006	0.705993797498	4	530	1	
345	0	179	step_1_no_load	1	2	1	419	
345	0	179	step_2_no_load	3	4	0.324685418097	0.709345707515	4	463	1	
345	0	180	step_1_no_load	1	2	1	264	
345	0	180	step_2_no_load	3	4	0.341214611607	0.719795072986	4	361	1	
345	0	181	step_1_no_load	1	2	2	354	
345	0	181	step_2_no_load	5	6	0.508735114046	0.480141179559	5	268	1	
345	0	182	step_1_no_load	1	2	2	155	
345	0	182	step_2_no_load	5	6	0.506773281362	0.49907747228	5	805	0	
345	0	183	step_1_no_load	1	2	2	270	
345	0	183	step_2_no_load	3	4	0.350175837802	0.720388040749	4	391	1	
345	0	184	step_1_no_load	1	2	2	304	
345	0	184	step_2_no_load	5	6	0.460890977786	0.480863422096	6	393	0	
345	0	185	step_1_no_load	1	2	1	346	
345	0	185	step_2_no_load	3	4	0.362611152222	0.665622647081	4	758	1	
345	0	186	step_1_no_load	1	2	1	294	
345	0	186	step_2_no_load	3	4	0.332733011923	0.656308636836	4	943	1	
345	0	187	step_1_no_load	1	2	2	327	
345	0	187	step_2_no_load	5	6	0.443962917772	0.498596507669	5	443	1	
345	0	188	step_1_no_load	1	2	2	373	
345	0	188	step_2_no_load	3	4	0.291508050861	0.696362660087	3	1103	0	
345	0	189	step_1_no_load	1	2	1	385	
345	0	189	step_2_no_load	3	4	0.285168135955	0.688353284054	4	474	1	
345	0	190	step_1_no_load	1	2	1	371	
345	0	190	step_2_no_load	3	4	0.304557739386	0.667655825994	4	325	1	
345	0	191	step_1_no_load	1	2	2	822	
345	0	191	step_2_no_load	5	6	0.435748387321	0.512103523931	6	530	0	
345	0	192	step_1_no_load	1	2	2	290	
345	0	192	step_2_no_load	3	4	0.299297135717	0.705517419189	-1	-1	-1	
345	0	193	step_1_no_load	1	2	2	792	
345	0	193	step_2_no_load	5	6	0.440813209638	0.504944704439	6	634	1	
345	0	194	step_1_no_load	1	2	1	356	
345	0	194	step_2_no_load	3	4	0.342437174514	0.655261361454	4	525	1	
345	0	195	step_1_no_load	1	2	1	317	
345	0	195	step_2_no_load	5	6	0.466795336969	0.494102184238	6	430	1	
345	0	196	step_1_no_load	1	2	1	254	
345	0	196	step_2_no_load	3	4	0.365373286058	0.695101215304	4	472	1	
345	0	197	step_1_no_load	1	2	1	329	
345	0	197	step_2_no_load	3	4	0.316987700969	0.686552522522	4	402	1	
345	0	198	step_1_no_load	1	2	1	274	
345	0	198	step_2_no_load	3	4	0.303352625941	0.68660989813	4	516	0	
345	0	199	step_1_no_load	1	2	2	238	
345	0	199	step_2_no_load	3	4	0.292861528884	0.73697129762	4	424	1	
345	0	200	step_1_no_load	1	2	2	306	
345	0	200	step_2_no_load	5	6	0.372436949782	0.507902534353	6	396	0	

Fri Apr  9 17:34:02 2021
