Tue Apr 20 14:18:41 2021	
346	0	1	step_1_no_load	1	2	1	471	
346	0	1	step_2_no_load	3	4	0.598297890399	0.594299910136	3	401	1	
346	0	2	step_1_no_load	1	2	1	477	
346	0	2	step_2_no_load	3	4	0.580156942153	0.610961032466	3	372	0	
346	0	3	step_1_no_load	1	2	2	344	
346	0	3	step_2_no_load	3	4	0.584197065669	0.589215227351	4	407	0	
346	0	4	step_1_no_load	1	2	1	228	
346	0	4	step_2_no_load	3	4	0.597491569846	0.564086293706	4	811	1	
346	0	5	step_1_no_load	1	2	2	510	
346	0	5	step_2_no_load	5	6	0.495568760483	0.543908521457	6	838	0	
346	0	6	step_1_no_load	1	2	2	466	
346	0	6	step_2_no_load	3	4	0.585722686883	0.603642866427	3	577	1	
346	0	7	step_1_no_load	1	2	1	437	
346	0	7	step_2_no_load	3	4	0.568656746487	0.622642364361	3	420	1	
346	0	8	step_1_no_load	1	2	1	544	
346	0	8	step_2_no_load	3	4	0.59128639594	0.624210374623	4	623	1	
346	0	9	step_1_no_load	1	2	2	348	
346	0	9	step_2_no_load	3	4	0.598049061473	0.641106877158	4	443	1	
346	0	10	step_1_no_load	1	2	2	600	
346	0	10	step_2_no_load	5	6	0.482364178155	0.576063520885	5	471	0	
346	0	11	step_1_no_load	1	2	1	338	
346	0	11	step_2_no_load	5	6	0.477013315682	0.59022801242	5	378	1	
346	0	12	step_1_no_load	1	2	1	487	
346	0	12	step_2_no_load	3	4	0.682786328054	0.552770607849	4	343	1	
346	0	13	step_1_no_load	1	2	2	466	
346	0	13	step_2_no_load	5	6	0.52012981853	0.595790490356	6	362	1	
346	0	14	step_1_no_load	1	2	2	365	
346	0	14	step_2_no_load	5	6	0.491234392147	0.611256675753	6	412	0	
346	0	15	step_1_no_load	1	2	2	424	
346	0	15	step_2_no_load	5	6	0.505377237737	0.633564630036	5	535	0	
346	0	16	step_1_no_load	1	2	1	396	
346	0	16	step_2_no_load	5	6	0.510958036527	0.626326396372	5	507	1	
346	0	17	step_1_no_load	1	2	1	470	
346	0	17	step_2_no_load	5	6	0.535958400205	0.643116883134	5	556	1	
346	0	18	step_1_no_load	1	2	1	599	
346	0	18	step_2_no_load	3	4	0.626834332012	0.553554620302	4	342	0	
346	0	19	step_1_no_load	1	2	2	363	
346	0	19	step_2_no_load	5	6	0.498240186199	0.644773170243	5	507	1	
346	0	20	step_1_no_load	1	2	2	360	
346	0	20	step_2_no_load	5	6	0.478025448397	0.60665343963	5	111	1	
346	0	21	step_1_no_load	1	2	2	419	
346	0	21	step_2_no_load	5	6	0.49769376036	0.611328949295	5	546	1	
346	0	22	step_1_no_load	1	2	2	542	
346	0	22	step_2_no_load	3	4	0.621949894727	0.468700882609	4	413	0	
346	0	23	step_1_no_load	1	2	2	376	
346	0	23	step_2_no_load	5	6	0.520606588181	0.604065470975	5	855	1	
346	0	24	step_1_no_load	1	2	1	601	
346	0	24	step_2_no_load	5	6	0.505388876622	0.5800912085	6	472	0	
346	0	25	step_1_no_load	1	2	2	867	
346	0	25	step_2_no_load	3	4	0.565698722896	0.503605105412	3	402	0	
346	0	26	step_1_no_load	1	2	1	455	
346	0	26	step_2_no_load	3	4	0.592410219737	0.532884212818	3	382	0	
346	0	27	step_1_no_load	1	2	1	394	
346	0	27	step_2_no_load	5	6	0.507272671939	0.642144756622	6	441	1	
346	0	28	step_1_no_load	1	2	1	525	
346	0	28	step_2_no_load	3	4	0.588356036098	0.553259388875	4	316	1	
346	0	29	step_1_no_load	1	2	1	408	
346	0	29	step_2_no_load	3	4	0.606613029227	0.561957580386	4	431	1	
346	0	30	step_1_no_load	1	2	1	419	
346	0	30	step_2_no_load	5	6	0.4919199548	0.610227092493	6	379	0	
346	0	31	step_1_no_load	1	2	1	414	
346	0	31	step_2_no_load	3	4	0.636602545794	0.541819886458	3	461	1	
346	0	32	step_1_no_load	1	2	2	289	
346	0	32	step_2_no_load	5	6	0.520318771114	0.605616211083	5	768	0	
346	0	33	step_1_no_load	1	2	2	413	
346	0	33	step_2_no_load	5	6	0.487664344039	0.618000238621	6	268	1	
346	0	34	step_1_no_load	1	2	2	449	
346	0	34	step_2_no_load	3	4	0.575802910074	0.538523758058	4	543	1	
346	0	35	step_1_no_load	1	2	2	489	
346	0	35	step_2_no_load	5	6	0.491437207585	0.649776015006	6	519	0	
346	0	36	step_1_no_load	1	2	1	633	
346	0	36	step_2_no_load	3	4	0.527635087561	0.611274573488	3	571	1	
346	0	37	step_1_no_load	1	2	1	446	
346	0	37	step_2_no_load	3	4	0.513822304161	0.598446394142	3	382	0	
346	0	38	step_1_no_load	1	2	1	505	
346	0	38	step_2_no_load	3	4	0.539078491643	0.595113730206	3	519	0	
346	0	39	step_1_no_load	1	2	1	565	
346	0	39	step_2_no_load	3	4	0.557005857101	0.610601635554	4	381	0	
346	0	40	step_1_no_load	1	2	2	545	
346	0	40	step_2_no_load	5	6	0.5691386571	0.636994900683	5	439	1	
346	0	41	step_1_no_load	1	2	1	426	
346	0	41	step_2_no_load	3	4	0.524862294848	0.588857868869	4	514	1	
346	0	42	step_1_no_load	1	2	2	383	
346	0	42	step_2_no_load	5	6	0.553461946234	0.606696263624	5	894	1	
346	0	43	step_1_no_load	1	2	2	396	
346	0	43	step_2_no_load	5	6	0.548128010644	0.581931546759	5	404	1	
346	0	44	step_1_no_load	1	2	2	345	
346	0	44	step_2_no_load	5	6	0.537842745081	0.589653131867	5	472	0	
346	0	45	step_1_no_load	1	2	2	364	
346	0	45	step_2_no_load	3	4	0.579346234508	0.632991467829	4	475	0	
346	0	46	step_1_no_load	1	2	1	1016	
346	0	46	step_2_no_load	3	4	0.55511883717	0.600964500555	4	359	0	
346	0	47	step_1_no_load	1	2	1	331	
346	0	47	step_2_no_load	5	6	0.493112702321	0.634373567175	5	306	0	
346	0	48	step_1_no_load	1	2	2	334	
346	0	48	step_2_no_load	3	4	0.534690828011	0.615767119776	3	1101	0	
346	0	49	step_1_no_load	1	2	2	503	
346	0	49	step_2_no_load	5	6	0.489287375157	0.614679490594	6	439	1	
346	0	50	step_1_no_load	1	2	2	745	
346	0	50	step_2_no_load	5	6	0.47381367271	0.593458480934	6	345	1	
346	0	51	step_1_no_load	1	2	2	429	
346	0	51	step_2_no_load	5	6	0.469943944943	0.613357430892	5	564	0	
346	0	52	step_1_no_load	1	2	2	591	
346	0	52	step_2_no_load	5	6	0.429622901875	0.613408921915	6	285	0	
346	0	53	step_1_no_load	1	2	1	360	
346	0	53	step_2_no_load	5	6	0.451905460347	0.630956764252	5	767	0	
346	0	54	step_1_no_load	1	2	1	459	
346	0	54	step_2_no_load	3	4	0.493362545513	0.570223904064	4	579	0	
346	0	55	step_1_no_load	1	2	2	400	
346	0	55	step_2_no_load	5	6	0.487025527704	0.639840796975	6	527	0	
346	0	56	step_1_no_load	1	2	2	0	
346	0	56	step_2_no_load	5	6	0.459773408493	0.60038825769	5	426	1	
346	0	57	step_1_no_load	1	2	2	488	
346	0	57	step_2_no_load	5	6	0.466449077359	0.586335094239	5	263	1	
346	0	58	step_1_no_load	1	2	2	404	
346	0	58	step_2_no_load	5	6	0.478335218822	0.610896130115	5	443	0	
346	0	59	step_1_no_load	1	2	1	840	
346	0	59	step_2_no_load	5	6	0.480274332693	0.608951267756	6	359	0	
346	0	60	step_1_no_load	1	2	1	651	
346	0	60	step_2_no_load	5	6	0.491916707098	0.599559577859	5	346	0	
346	0	61	step_1_no_load	1	2	1	512	
346	0	61	step_2_no_load	3	4	0.527144452559	0.669587072502	3	1326	0	
346	0	62	step_1_no_load	1	2	2	105	
346	0	62	step_2_no_load	3	4	0.533031417444	0.691137204746	4	433	1	
346	0	63	step_1_no_load	1	2	2	470	
346	0	63	step_2_no_load	5	6	0.53192660365	0.642623127313	6	390	0	
346	0	64	step_1_no_load	1	2	1	642	
346	0	64	step_2_no_load	3	4	0.533849886794	0.642369708469	4	369	0	
346	0	65	step_1_no_load	1	2	1	333	
346	0	65	step_2_no_load	3	4	0.517687993213	0.612660225018	3	324	0	
346	0	66	step_1_no_load	1	2	2	476	
346	0	66	step_2_no_load	5	6	0.573761869714	0.630357351236	6	355	1	
346	0	67	step_1_no_load	1	2	2	529	
346	0	67	step_2_no_load	3	4	0.538279387614	0.597650193897	4	1232	1	
346	0	68	step_1_no_load	1	2	2	650	
346	0	68	step_2_no_load	5	6	0.509127161919	0.719455209845	5	448	1	
346	0	69	step_1_no_load	1	2	2	333	
346	0	69	step_2_no_load	5	6	0.499137600991	0.718756538957	5	420	1	
346	0	70	step_1_no_load	1	2	2	360	
346	0	70	step_2_no_load	5	6	0.498834901463	0.697741832068	5	334	0	
346	0	71	step_1_no_load	1	2	1	394	
346	0	71	step_2_no_load	5	6	0.482863323776	0.706816191949	5	336	0	
346	0	72	step_1_no_load	1	2	1	156	
346	0	72	step_2_no_load	5	6	0.47409116389	0.705884789502	6	259	1	
346	0	73	step_1_no_load	1	2	1	726	
346	0	73	step_2_no_load	5	6	0.435957313805	0.727961155836	6	381	0	
346	0	74	step_1_no_load	1	2	2	488	
346	0	74	step_2_no_load	5	6	0.453420386428	0.693624670847	5	375	0	
346	0	75	step_1_no_load	1	2	2	362	
346	0	75	step_2_no_load	5	6	0.44832280175	0.697629587097	6	384	0	
346	0	76	step_1_no_load	1	2	2	422	
346	0	76	step_2_no_load	3	4	0.518881389358	0.62770291155	4	446	1	
346	0	77	step_1_no_load	1	2	2	0	
346	0	77	step_2_no_load	5	6	0.446809557226	0.679737625371	6	264	0	
346	0	78	step_1_no_load	1	2	1	484	
346	0	78	step_2_no_load	3	4	0.538654072849	0.536711448352	4	428	1	
346	0	79	step_1_no_load	1	2	1	400	
346	0	79	step_2_no_load	3	4	0.540085062695	0.513695512795	4	415	1	
346	0	80	step_1_no_load	1	2	1	419	
346	0	80	step_2_no_load	5	6	0.396016175285	0.703969305517	6	418	1	
346	0	81	step_1_no_load	1	2	1	559	
346	0	81	step_2_no_load	5	6	0.419265522488	0.702400933084	6	581	1	
346	0	82	step_1_no_load	1	2	1	419	
346	0	82	step_2_no_load	5	6	0.395813831323	0.688340116885	6	113	0	
346	0	83	step_1_no_load	1	2	2	197	
346	0	83	step_2_no_load	3	4	0.483255412498	0.607907985871	4	381	0	
346	0	84	step_1_no_load	1	2	2	374	
346	0	84	step_2_no_load	5	6	0.385087938645	0.731466635793	5	420	1	
346	0	85	step_1_no_load	1	2	2	276	
346	0	85	step_2_no_load	5	6	0.384458259121	0.712989604416	5	123	1	
346	0	86	step_1_no_load	1	2	2	461	
346	0	86	step_2_no_load	5	6	0.345323068124	0.721207648497	5	1052	0	
346	0	87	step_1_no_load	1	2	1	415	
346	0	87	step_2_no_load	3	4	0.493867001103	0.719375344246	3	365	0	
346	0	88	step_1_no_load	1	2	1	473	
346	0	88	step_2_no_load	3	4	0.509563243675	0.717410082358	4	579	1	
346	0	89	step_1_no_load	1	2	1	439	
346	0	89	step_2_no_load	3	4	0.490019385174	0.690772436485	4	381	1	
346	0	90	step_1_no_load	1	2	1	464	
346	0	90	step_2_no_load	3	4	0.530126112124	0.712247848046	4	415	1	
346	0	91	step_1_no_load	1	2	1	490	
346	0	91	step_2_no_load	3	4	0.479087223222	0.685023809334	4	424	1	
346	0	92	step_1_no_load	1	2	1	382	
346	0	92	step_2_no_load	3	4	0.484260039873	0.692406274724	4	324	1	
346	0	93	step_1_no_load	1	2	2	882	
346	0	93	step_2_no_load	3	4	0.473273727684	0.70415710998	4	945	1	
346	0	94	step_1_no_load	1	2	2	589	
346	0	94	step_2_no_load	5	6	0.429211756872	0.668295023896	6	700	0	
346	0	95	step_1_no_load	1	2	2	839	
346	0	95	step_2_no_load	5	6	0.427150666411	0.640209855442	6	862	1	
346	0	96	step_1_no_load	1	2	2	414	
346	0	96	step_2_no_load	5	6	0.383038640121	0.663095813561	6	365	1	
346	0	97	step_1_no_load	1	2	2	441	
346	0	97	step_2_no_load	3	4	0.455601814112	0.681272614291	4	470	1	
346	0	98	step_1_no_load	1	2	2	425	
346	0	98	step_2_no_load	5	6	0.409778171713	0.646040060297	6	688	0	
346	0	99	step_1_no_load	1	2	1	333	
346	0	99	step_2_no_load	5	6	0.397561363605	0.645191748454	6	316	1	
346	0	100	step_1_no_load	1	2	1	362	
346	0	100	step_2_no_load	3	4	0.363162156005	0.666227451505	4	362	1	
346	0	101	step_1_no_load	1	2	1	454	
346	0	101	step_2_no_load	3	4	0.366879421891	0.623812401974	4	566	1	
346	0	102	step_1_no_load	1	2	1	427	
346	0	102	step_2_no_load	3	4	0.326080462175	0.666304534392	4	409	1	
346	0	103	step_1_no_load	1	2	1	413	
346	0	103	step_2_no_load	5	6	0.481975449893	0.69058998368	6	539	0	
346	0	104	step_1_no_load	1	2	2	423	
346	0	104	step_2_no_load	5	6	0.521047445908	0.743372642809	6	367	1	
346	0	105	step_1_no_load	1	2	2	483	
346	0	105	step_2_no_load	5	6	0.514318365187	0.722851301692	6	538	1	
346	0	106	step_1_no_load	1	2	2	259	
346	0	106	step_2_no_load	5	6	0.508908032404	0.699623252899	6	546	1	
346	0	107	step_1_no_load	1	2	2	444	
346	0	107	step_2_no_load	3	4	0.388257337796	0.692607431435	4	524	1	
346	0	108	step_1_no_load	1	2	2	390	
346	0	108	step_2_no_load	5	6	0.526955028982	0.681491063126	6	614	0	
346	0	109	step_1_no_load	1	2	2	359	
346	0	109	step_2_no_load	5	6	0.479977531501	0.68658494263	5	549	0	
346	0	110	step_1_no_load	1	2	1	369	
346	0	110	step_2_no_load	5	6	0.432626681236	0.65455226558	6	320	1	
346	0	111	step_1_no_load	1	2	1	509	
346	0	111	step_2_no_load	3	4	0.407158158569	0.724852671171	4	987	0	
346	0	112	step_1_no_load	1	2	1	810	
346	0	112	step_2_no_load	3	4	0.413393106784	0.725701866094	3	489	0	
346	0	113	step_1_no_load	1	2	2	846	
346	0	113	step_2_no_load	3	4	0.387112818105	0.719324307956	4	389	1	
346	0	114	step_1_no_load	1	2	2	361	
346	0	114	step_2_no_load	5	6	0.380324086676	0.657654904272	6	759	0	
346	0	115	step_1_no_load	1	2	2	1429	
346	0	115	step_2_no_load	5	6	0.390027643099	0.645721217949	6	1132	1	
346	0	116	step_1_no_load	1	2	2	374	
346	0	116	step_2_no_load	5	6	0.378149844807	0.680124293449	6	516	1	
346	0	117	step_1_no_load	1	2	2	653	
346	0	117	step_2_no_load	5	6	0.374621793791	0.671842537277	6	515	0	
346	0	118	step_1_no_load	1	2	1	295	
346	0	118	step_2_no_load	3	4	0.362977115924	0.740051715856	3	573	0	
346	0	119	step_1_no_load	1	2	1	400	
346	0	119	step_2_no_load	3	4	0.358243439099	0.690424535099	4	335	0	
346	0	120	step_1_no_load	1	2	1	405	
346	0	120	step_2_no_load	3	4	0.333809617664	0.70587238626	4	419	1	
346	0	121	step_1_no_load	1	2	1	367	
346	0	121	step_2_no_load	3	4	0.310775244958	0.658856304095	4	456	0	
346	0	122	step_1_no_load	1	2	2	239	
346	0	122	step_2_no_load	5	6	0.329624572119	0.672193618854	6	342	1	
346	0	123	step_1_no_load	1	2	2	415	
346	0	123	step_2_no_load	5	6	0.337526896345	0.664849878232	6	494	1	
346	0	124	step_1_no_load	1	2	2	344	
346	0	124	step_2_no_load	5	6	0.309430836661	0.624161788269	6	368	1	
346	0	125	step_1_no_load	1	2	2	413	
346	0	125	step_2_no_load	5	6	0.303110862715	0.633566302563	6	548	0	
346	0	126	step_1_no_load	1	2	2	409	
346	0	126	step_2_no_load	5	6	0.300846667696	0.600985760967	5	536	1	
346	0	127	step_1_no_load	1	2	2	451	
346	0	127	step_2_no_load	3	4	0.273483952592	0.560824094575	4	484	1	
346	0	128	step_1_no_load	1	2	2	455	
346	0	128	step_2_no_load	5	6	0.250790232267	0.620672334996	6	535	0	
346	0	129	step_1_no_load	1	2	1	476	
346	0	129	step_2_no_load	3	4	0.268213321963	0.685297910719	3	1451	0	
346	0	130	step_1_no_load	1	2	1	536	
346	0	130	step_2_no_load	5	6	0.274560758494	0.630285316669	6	374	0	
346	0	131	step_1_no_load	1	2	2	357	
346	0	131	step_2_no_load	5	6	0.311475039155	0.638450601212	6	444	0	
346	0	132	step_1_no_load	1	2	2	360	
346	0	132	step_2_no_load	5	6	0.315328810424	0.660013924697	6	471	1	
346	0	133	step_1_no_load	1	2	2	467	
346	0	133	step_2_no_load	3	4	0.315608831386	0.617383991623	4	435	1	
346	0	134	step_1_no_load	1	2	2	552	
346	0	134	step_2_no_load	3	4	0.287393715313	0.621945110858	4	552	0	
346	0	135	step_1_no_load	1	2	1	1372	
346	0	135	step_2_no_load	3	4	0.300079459047	0.593710006149	3	451	0	
346	0	136	step_1_no_load	1	2	2	1112	
346	0	136	step_2_no_load	5	6	0.284521085726	0.674914008636	6	111	1	
346	0	137	step_1_no_load	1	2	2	514	
346	0	137	step_2_no_load	3	4	0.346433498467	0.605896884497	4	567	1	
346	0	138	step_1_no_load	1	2	2	403	
346	0	138	step_2_no_load	5	6	0.307694123906	0.688182193337	-1	-1	-1	
346	0	139	step_1_no_load	1	2	2	670	
346	0	139	step_2_no_load	3	4	0.325611400511	0.636630981281	4	269	1	
346	0	140	step_1_no_load	1	2	2	370	
346	0	140	step_2_no_load	3	4	0.348740542008	0.671213945178	4	314	1	
346	0	141	step_1_no_load	1	2	2	462	
346	0	141	step_2_no_load	5	6	0.311809871418	0.616803346728	6	309	1	
346	0	142	step_1_no_load	1	2	2	363	
346	0	142	step_2_no_load	5	6	0.304203281606	0.627356259123	6	395	1	
346	0	143	step_1_no_load	1	2	1	647	
346	0	143	step_2_no_load	3	4	0.410970957547	0.661365099615	4	349	0	
346	0	144	step_1_no_load	1	2	2	448	
346	0	144	step_2_no_load	5	6	0.275932517017	0.639347300184	6	320	1	
346	0	145	step_1_no_load	1	2	2	493	
346	0	145	step_2_no_load	3	4	0.355256413269	0.6669125229	4	0	1	
346	0	146	step_1_no_load	1	2	2	336	
346	0	146	step_2_no_load	3	4	0.320877500969	0.681611991725	-1	-1	-1	
346	0	147	step_1_no_load	1	2	2	363	
346	0	147	step_2_no_load	5	6	0.265578160642	0.594861186319	6	258	1	
346	0	148	step_1_no_load	1	2	2	431	
346	0	148	step_2_no_load	5	6	0.305288021243	0.648050021239	6	382	0	
346	0	149	step_1_no_load	1	2	1	824	
346	0	149	step_2_no_load	3	4	0.300290206122	0.601870110183	3	416	0	
346	0	150	step_1_no_load	1	2	1	506	
346	0	150	step_2_no_load	5	6	0.305587692243	0.605912419156	6	377	1	
346	0	151	step_1_no_load	1	2	2	917	
346	0	151	step_2_no_load	5	6	0.348172164421	0.614159737668	6	555	0	
346	0	152	step_1_no_load	1	2	1	423	
346	0	152	step_2_no_load	5	6	0.307702500543	0.644204174791	6	550	0	
346	0	153	step_1_no_load	1	2	2	718	
346	0	153	step_2_no_load	5	6	0.309356532263	0.681559292085	5	441	0	
346	0	154	step_1_no_load	1	2	1	399	
346	0	154	step_2_no_load	5	6	0.316375537537	0.671672162443	6	365	1	
346	0	155	step_1_no_load	1	2	1	375	
346	0	155	step_2_no_load	5	6	0.296093457977	0.716100930629	6	342	1	
346	0	156	step_1_no_load	1	2	1	22	
346	0	156	step_2_no_load	3	4	0.368378667812	0.631048201903	4	348	1	
346	0	157	step_1_no_load	1	2	1	413	
346	0	157	step_2_no_load	3	4	0.324728201487	0.585191807512	4	404	1	
346	0	158	step_1_no_load	1	2	1	370	
346	0	158	step_2_no_load	5	6	0.408728803896	0.694270715354	6	352	1	
346	0	159	step_1_no_load	1	2	1	352	
346	0	159	step_2_no_load	3	4	0.321150411254	0.541222065796	4	456	0	
346	0	160	step_1_no_load	1	2	2	394	
346	0	160	step_2_no_load	5	6	0.415052912783	0.710728171711	6	393	0	
346	0	161	step_1_no_load	1	2	2	339	
346	0	161	step_2_no_load	3	4	0.438878285506	0.516036498158	3	426	0	
346	0	162	step_1_no_load	1	2	1	126	
346	0	162	step_2_no_load	5	6	0.3926701003	0.695144769903	6	374	1	
346	0	163	step_1_no_load	1	2	1	487	
346	0	163	step_2_no_load	3	4	0.430920885959	0.5863391277	4	405	0	
346	0	164	step_1_no_load	1	2	2	360	
346	0	164	step_2_no_load	5	6	0.432761720497	0.692137394606	6	296	1	
346	0	165	step_1_no_load	1	2	2	493	
346	0	165	step_2_no_load	3	4	0.347974240867	0.538026607649	4	556	1	
346	0	166	step_1_no_load	1	2	2	353	
346	0	166	step_2_no_load	5	6	0.422282731054	0.686594248975	6	752	1	
346	0	167	step_1_no_load	1	2	2	382	
346	0	167	step_2_no_load	5	6	0.38753671275	0.706271792549	6	336	0	
346	0	168	step_1_no_load	1	2	2	494	
346	0	168	step_2_no_load	5	6	0.400817642375	0.67192508984	5	444	1	
346	0	169	step_1_no_load	1	2	2	400	
346	0	169	step_2_no_load	5	6	0.42098542374	0.704981910944	5	439	1	
346	0	170	step_1_no_load	1	2	2	139	
346	0	170	step_2_no_load	5	6	0.411067820436	0.67334314737	5	420	1	
346	0	171	step_1_no_load	1	2	2	520	
346	0	171	step_2_no_load	5	6	0.386979310814	0.727248140829	5	423	1	
346	0	172	step_1_no_load	1	2	2	297	
346	0	172	step_2_no_load	3	4	0.490120307546	0.519090471457	3	408	1	
346	0	173	step_1_no_load	1	2	2	567	
346	0	173	step_2_no_load	5	6	0.385349297983	0.667027212577	-1	-1	-1	
346	0	174	step_1_no_load	1	2	2	180	
346	0	174	step_2_no_load	5	6	0.387867297446	0.729877433725	5	370	0	
346	0	175	step_1_no_load	1	2	1	0	
346	0	175	step_2_no_load	3	4	0.484825491933	0.52644949356	4	345	0	
346	0	176	step_1_no_load	1	2	1	393	
346	0	176	step_2_no_load	5	6	0.383231572002	0.679250000396	5	406	0	
346	0	177	step_1_no_load	1	2	2	970	
346	0	177	step_2_no_load	3	4	0.4798184927	0.501268576771	4	809	0	
346	0	178	step_1_no_load	1	2	2	428	
346	0	178	step_2_no_load	5	6	0.36473828006	0.705993797498	6	347	0	
346	0	179	step_1_no_load	1	2	1	936	
346	0	179	step_2_no_load	3	4	0.493565996034	0.457298770028	3	439	0	
346	0	180	step_1_no_load	1	2	1	452	
346	0	180	step_2_no_load	3	4	0.489345734128	0.482853857291	4	307	1	
346	0	181	step_1_no_load	1	2	1	407	
346	0	181	step_2_no_load	5	6	0.342402764747	0.746910336326	6	326	0	
346	0	182	step_1_no_load	1	2	2	82	
346	0	182	step_2_no_load	5	6	0.340533666308	0.72717560423	6	113	1	
346	0	183	step_1_no_load	1	2	2	0	
346	0	183	step_2_no_load	3	4	0.492742497507	0.502991759047	4	733	0	
346	0	184	step_1_no_load	1	2	2	72	
346	0	184	step_2_no_load	5	6	0.362743255194	0.657291439324	6	56	1	
346	0	185	step_1_no_load	1	2	2	637	
346	0	185	step_2_no_load	5	6	0.362611152222	0.665622647081	6	836	1	
346	0	186	step_1_no_load	1	2	2	424	
346	0	186	step_2_no_load	5	6	0.332733011923	0.656308636836	6	366	1	
346	0	187	step_1_no_load	1	2	2	415	
346	0	187	step_2_no_load	3	4	0.498596507669	0.443962917772	4	413	1	
346	0	188	step_1_no_load	1	2	2	367	
346	0	188	step_2_no_load	3	4	0.548350535247	0.471319680586	4	606	0	
346	0	189	step_1_no_load	1	2	2	0	
346	0	189	step_2_no_load	5	6	0.285168135955	0.688353284054	6	474	0	
346	0	190	step_1_no_load	1	2	2	408	
346	0	190	step_2_no_load	5	6	0.304557739386	0.667655825994	6	280	1	
346	0	191	step_1_no_load	1	2	2	397	
346	0	191	step_2_no_load	5	6	0.318839908867	0.664271461991	6	405	0	
346	0	192	step_1_no_load	1	2	1	601	
346	0	192	step_2_no_load	5	6	0.299297135717	0.705517419189	6	321	1	
346	0	193	step_1_no_load	1	2	1	461	
346	0	193	step_2_no_load	3	4	0.504944704439	0.440813209638	4	532	0	
346	0	194	step_1_no_load	1	2	2	368	
346	0	194	step_2_no_load	5	6	0.342437174514	0.655261361454	6	135	1	
346	0	195	step_1_no_load	1	2	2	660	
346	0	195	step_2_no_load	5	6	0.348571348505	0.646280688878	6	1117	1	
346	0	196	step_1_no_load	1	2	2	538	
346	0	196	step_2_no_load	5	6	0.365373286058	0.695101215304	6	8	1	
346	0	197	step_1_no_load	1	2	2	333	
346	0	197	step_2_no_load	5	6	0.316987700969	0.686552522522	6	628	1	
346	0	198	step_1_no_load	1	2	2	385	
346	0	198	step_2_no_load	5	6	0.303352625941	0.68660989813	6	424	1	
346	0	199	step_1_no_load	1	2	2	548	
346	0	199	step_2_no_load	5	6	0.292861528884	0.73697129762	6	483	1	
346	0	200	step_1_no_load	1	2	2	495	
346	0	200	step_2_no_load	5	6	0.299128796668	0.728996708473	6	694	1	

Tue Apr 20 14:36:06 2021
