Wed Apr 21 15:12:44 2021	
347	0	1	step_1_no_load	1	2	1	720	
347	0	1	step_2_no_load	3	4	0.511789129507	0.457620150462	3	1033	1	
347	0	2	step_1_no_load	1	2	1	882	
347	0	2	step_2_no_load	3	4	0.533203491871	0.474613197709	3	521	0	
347	0	3	step_1_no_load	1	2	1	694	
347	0	3	step_2_no_load	3	4	0.516002945397	0.476767372206	4	1341	1	
347	0	4	step_1_no_load	1	2	1	496	
347	0	4	step_2_no_load	5	6	0.564086293706	0.597491569846	6	545	1	
347	0	5	step_1_no_load	1	2	2	511	
347	0	5	step_2_no_load	5	6	0.576104915614	0.623810210114	5	1399	0	
347	0	6	step_1_no_load	1	2	2	972	
347	0	6	step_2_no_load	3	4	0.490454120702	0.506877622204	3	692	0	
347	0	7	step_1_no_load	1	2	2	435	
347	0	7	step_2_no_load	5	6	0.622642364361	0.568656746487	6	738	1	
347	0	8	step_1_no_load	1	2	2	377	
347	0	8	step_2_no_load	5	6	0.624210374623	0.59128639594	6	539	1	
347	0	9	step_1_no_load	1	2	1	880	
347	0	9	step_2_no_load	5	6	0.641106877158	0.598049061473	6	1047	1	
347	0	10	step_1_no_load	1	2	1	638	
347	0	10	step_2_no_load	5	6	0.636063269715	0.652626043146	6	428	1	
347	0	11	step_1_no_load	1	2	2	585	
347	0	11	step_2_no_load	5	6	0.609191465743	0.69163818036	6	920	1	
347	0	12	step_1_no_load	1	2	2	525	
347	0	12	step_2_no_load	5	6	0.552770607849	0.682786328054	6	550	1	
347	0	13	step_1_no_load	1	2	1	557	
347	0	13	step_2_no_load	3	4	0.595790490356	0.52012981853	4	1140	0	
347	0	14	step_1_no_load	1	2	1	534	
347	0	14	step_2_no_load	3	4	0.611256675753	0.491234392147	4	478	0	
347	0	15	step_1_no_load	1	2	2	1048	
347	0	15	step_2_no_load	5	6	0.570419113221	0.612260006668	6	880	0	
347	0	16	step_1_no_load	1	2	2	554	
347	0	16	step_2_no_load	5	6	0.553308964466	0.628091198119	6	424	1	
347	0	17	step_1_no_load	1	2	2	589	
347	0	17	step_2_no_load	5	6	0.562895132605	0.633350170016	6	556	1	
347	0	18	step_1_no_load	1	2	2	577	
347	0	18	step_2_no_load	3	4	0.626895526976	0.517514133912	4	943	1	
347	0	19	step_1_no_load	1	2	2	541	
347	0	19	step_2_no_load	5	6	0.536502319591	0.619895761657	6	579	0	
347	0	20	step_1_no_load	1	2	2	673	
347	0	20	step_2_no_load	3	4	0.60665343963	0.478025448397	4	687	1	
347	0	21	step_1_no_load	1	2	2	563	
347	0	21	step_2_no_load	5	6	0.470207377245	0.630305464549	6	652	1	
347	0	22	step_1_no_load	1	2	2	569	
347	0	22	step_2_no_load	3	4	0.618527126547	0.506100011497	4	656	0	
347	0	23	step_1_no_load	1	2	2	515	
347	0	23	step_2_no_load	5	6	0.513759772011	0.640163623731	6	497	1	
347	0	24	step_1_no_load	1	2	1	628	
347	0	24	step_2_no_load	3	4	0.5800912085	0.505388876622	-1	-1	-1	
347	0	25	step_1_no_load	1	2	1	544	
347	0	25	step_2_no_load	3	4	0.629917901014	0.503316372362	4	430	0	
347	0	26	step_1_no_load	1	2	1	613	
347	0	26	step_2_no_load	3	4	0.640635035276	0.511744353778	4	452	1	
347	0	27	step_1_no_load	1	2	1	297	
347	0	27	step_2_no_load	5	6	0.54756089792	0.57860777711	6	632	0	
347	0	28	step_1_no_load	1	2	1	676	
347	0	28	step_2_no_load	3	4	0.647441527317	0.520177259699	4	580	1	
347	0	29	step_1_no_load	1	2	1	465	
347	0	29	step_2_no_load	3	4	0.618626354124	0.521159009103	4	496	0	
347	0	30	step_1_no_load	1	2	1	650	
347	0	30	step_2_no_load	5	6	0.574272497114	0.608245979832	6	498	1	
347	0	31	step_1_no_load	1	2	2	495	
347	0	31	step_2_no_load	3	4	0.606122691795	0.483156722265	4	933	1	
347	0	32	step_1_no_load	1	2	2	349	
347	0	32	step_2_no_load	5	6	0.522993086096	0.634585171267	6	556	1	
347	0	33	step_1_no_load	1	2	2	383	
347	0	33	step_2_no_load	5	6	0.542309898544	0.611700032906	6	503	0	
347	0	34	step_1_no_load	1	2	2	612	
347	0	34	step_2_no_load	5	6	0.538523758058	0.575802910074	5	602	1	
347	0	35	step_1_no_load	1	2	2	462	
347	0	35	step_2_no_load	3	4	0.649776015006	0.491437207585	3	708	0	
347	0	36	step_1_no_load	1	2	2	409	
347	0	36	step_2_no_load	3	4	0.661229326326	0.513210053121	3	465	1	
347	0	37	step_1_no_load	1	2	2	312	
347	0	37	step_2_no_load	3	4	0.660658056664	0.543074626387	3	406	1	
347	0	38	step_1_no_load	1	2	2	717	
347	0	38	step_2_no_load	5	6	0.595113730206	0.539078491643	-1	-1	-1	
347	0	39	step_1_no_load	1	2	2	647	
347	0	39	step_2_no_load	5	6	0.610601635554	0.557005857101	5	842	0	
347	0	40	step_1_no_load	1	2	2	523	
347	0	40	step_2_no_load	5	6	0.607992802154	0.580760785074	6	1330	1	
347	0	41	step_1_no_load	1	2	2	509	
347	0	41	step_2_no_load	3	4	0.633285941184	0.583829055298	-1	-1	-1	
347	0	42	step_1_no_load	1	2	2	511	
347	0	42	step_2_no_load	5	6	0.609164606591	0.533857158543	6	789	1	
347	0	43	step_1_no_load	1	2	2	651	
347	0	43	step_2_no_load	3	4	0.581931546759	0.548128010644	3	1090	1	
347	0	44	step_1_no_load	1	2	2	489	
347	0	44	step_2_no_load	5	6	0.611481438855	0.541854396676	6	760	1	
347	0	45	step_1_no_load	1	2	2	508	
347	0	45	step_2_no_load	5	6	0.632991467829	0.579346234508	6	1426	0	
347	0	46	step_1_no_load	1	2	1	1021	
347	0	46	step_2_no_load	3	4	0.654261318712	0.532238720495	3	1448	1	
347	0	47	step_1_no_load	1	2	1	598	
347	0	47	step_2_no_load	3	4	0.634373567175	0.493112702321	3	1413	1	
347	0	48	step_1_no_load	1	2	1	576	
347	0	48	step_2_no_load	3	4	0.657624935632	0.488280685105	3	750	1	
347	0	49	step_1_no_load	1	2	1	459	
347	0	49	step_2_no_load	3	4	0.614679490594	0.489287375157	3	781	1	
347	0	50	step_1_no_load	1	2	1	465	
347	0	50	step_2_no_load	3	4	0.593458480934	0.47381367271	3	1271	1	
347	0	51	step_1_no_load	1	2	1	622	
347	0	51	step_2_no_load	3	4	0.613357430892	0.469943944943	3	549	1	
347	0	52	step_1_no_load	1	2	2	909	
347	0	52	step_2_no_load	5	6	0.539065404057	0.513589895419	6	724	1	
347	0	53	step_1_no_load	1	2	2	479	
347	0	53	step_2_no_load	5	6	0.551457882502	0.475342927439	6	640	0	
347	0	54	step_1_no_load	1	2	2	1081	
347	0	54	step_2_no_load	3	4	0.652515308527	0.491512498697	3	1119	1	
347	0	55	step_1_no_load	1	2	2	548	
347	0	55	step_2_no_load	5	6	0.574045915747	0.526704292526	6	994	1	
347	0	56	step_1_no_load	1	2	2	489	
347	0	56	step_2_no_load	3	4	0.60038825769	0.459773408493	3	824	1	
347	0	57	step_1_no_load	1	2	2	498	
347	0	57	step_2_no_load	5	6	0.641849303307	0.516475618243	6	769	0	
347	0	58	step_1_no_load	1	2	1	547	
347	0	58	step_2_no_load	5	6	0.664682809182	0.528376440027	6	893	0	
347	0	59	step_1_no_load	1	2	1	485	
347	0	59	step_2_no_load	3	4	0.608951267756	0.480274332693	3	838	0	
347	0	60	step_1_no_load	1	2	1	537	
347	0	60	step_2_no_load	3	4	0.599559577859	0.491916707098	4	472	0	
347	0	61	step_1_no_load	1	2	1	414	
347	0	61	step_2_no_load	3	4	0.602879526975	0.464268875813	4	862	0	
347	0	62	step_1_no_load	1	2	2	570	
347	0	62	step_2_no_load	3	4	0.622820395113	0.50724109756	4	1049	1	
347	0	63	step_1_no_load	1	2	2	491	
347	0	63	step_2_no_load	5	6	0.664284493458	0.519445130796	5	1186	1	
347	0	64	step_1_no_load	1	2	2	510	
347	0	64	step_2_no_load	5	6	0.642369708469	0.533849886794	5	628	1	
347	0	65	step_1_no_load	1	2	2	312	
347	0	65	step_2_no_load	3	4	0.619953360065	0.569109504048	4	1223	1	
347	0	66	step_1_no_load	1	2	2	573	
347	0	66	step_2_no_load	3	4	0.630357351236	0.573761869714	4	923	1	
347	0	67	step_1_no_load	1	2	2	479	
347	0	67	step_2_no_load	3	4	0.674463681351	0.542076810516	4	982	1	
347	0	68	step_1_no_load	1	2	2	854	
347	0	68	step_2_no_load	5	6	0.622963076372	0.523301545299	5	1149	1	
347	0	69	step_1_no_load	1	2	2	594	
347	0	69	step_2_no_load	3	4	0.718756538957	0.499137600991	4	1449	0	
347	0	70	step_1_no_load	1	2	2	589	
347	0	70	step_2_no_load	5	6	0.637556284465	0.548075770764	5	932	1	
347	0	71	step_1_no_load	1	2	2	463	
347	0	71	step_2_no_load	3	4	0.706816191949	0.482863323776	-1	-1	-1	
347	0	72	step_1_no_load	1	2	2	436	
347	0	72	step_2_no_load	5	6	0.626024641967	0.556486305476	6	955	1	
347	0	73	step_1_no_load	1	2	2	567	
347	0	73	step_2_no_load	5	6	0.657126403029	0.50185699984	6	617	1	
347	0	74	step_1_no_load	1	2	2	508	
347	0	74	step_2_no_load	5	6	0.614462146454	0.491044983779	6	902	0	
347	0	75	step_1_no_load	1	2	1	596	
347	0	75	step_2_no_load	3	4	0.697629587097	0.44832280175	3	1283	1	
347	0	76	step_1_no_load	1	2	1	711	
347	0	76	step_2_no_load	5	6	0.62770291155	0.518881389358	6	910	0	
347	0	77	step_1_no_load	1	2	1	645	
347	0	77	step_2_no_load	3	4	0.679737625371	0.446809557226	3	1140	0	
347	0	78	step_1_no_load	1	2	1	283	
347	0	78	step_2_no_load	3	4	0.647586191228	0.435911167612	3	1210	1	
347	0	79	step_1_no_load	1	2	1	829	
347	0	79	step_2_no_load	5	6	0.513695512795	0.540085062695	-1	-1	-1	
347	0	80	step_1_no_load	1	2	1	408	
347	0	80	step_2_no_load	3	4	0.703969305517	0.396016175285	3	1065	1	
347	0	81	step_1_no_load	1	2	1	518	
347	0	81	step_2_no_load	3	4	0.702400933084	0.419265522488	3	1085	1	
347	0	82	step_1_no_load	1	2	1	474	
347	0	82	step_2_no_load	3	4	0.688340116885	0.395813831323	3	745	1	
347	0	83	step_1_no_load	1	2	1	461	
347	0	83	step_2_no_load	3	4	0.726885136842	0.382772464038	3	812	1	
347	0	84	step_1_no_load	1	2	1	480	
347	0	84	step_2_no_load	3	4	0.731466635793	0.385087938645	3	1000	1	
347	0	85	step_1_no_load	1	2	1	510	
347	0	85	step_2_no_load	3	4	0.712989604416	0.384458259121	3	652	0	
347	0	86	step_1_no_load	1	2	1	1025	
347	0	86	step_2_no_load	3	4	0.721207648497	0.345323068124	4	912	0	
347	0	87	step_1_no_load	1	2	1	432	
347	0	87	step_2_no_load	5	6	0.719375344246	0.493867001103	5	1383	1	
347	0	88	step_1_no_load	1	2	1	619	
347	0	88	step_2_no_load	3	4	0.696773608304	0.377947492322	4	1425	0	
347	0	89	step_1_no_load	1	2	1	445	
347	0	89	step_2_no_load	3	4	0.660112261017	0.415882489686	3	1019	1	
347	0	90	step_1_no_load	1	2	1	918	
347	0	90	step_2_no_load	3	4	0.688736868033	0.411459496853	3	531	0	
347	0	91	step_1_no_load	1	2	2	527	
347	0	91	step_2_no_load	5	6	0.685023809334	0.479087223222	5	1030	1	
347	0	92	step_1_no_load	1	2	2	569	
347	0	92	step_2_no_load	5	6	0.692406274724	0.484260039873	5	640	1	
347	0	93	step_1_no_load	1	2	2	466	
347	0	93	step_2_no_load	5	6	0.70415710998	0.473273727684	5	721	1	
347	0	94	step_1_no_load	1	2	2	525	
347	0	94	step_2_no_load	3	4	0.668295023896	0.429211756872	-1	-1	-1	
347	0	95	step_1_no_load	1	2	2	1185	
347	0	95	step_2_no_load	5	6	0.715495469274	0.42505578884	6	785	0	
347	0	96	step_1_no_load	1	2	2	465	
347	0	96	step_2_no_load	3	4	0.663095813561	0.383038640121	3	1376	1	
347	0	97	step_1_no_load	1	2	2	638	
347	0	97	step_2_no_load	5	6	0.681272614291	0.455601814112	5	461	1	
347	0	98	step_1_no_load	1	2	2	395	
347	0	98	step_2_no_load	5	6	0.70287861952	0.431479829356	5	458	1	
347	0	99	step_1_no_load	1	2	2	342	
347	0	99	step_2_no_load	3	4	0.645191748454	0.397561363605	3	1213	0	
347	0	100	step_1_no_load	1	2	2	475	
347	0	100	step_2_no_load	5	6	0.666227451505	0.363162156005	5	1026	1	
347	0	101	step_1_no_load	1	2	2	471	
347	0	101	step_2_no_load	3	4	0.655903528958	0.497432607584	3	575	1	
347	0	102	step_1_no_load	1	2	2	354	
347	0	102	step_2_no_load	3	4	0.663124617603	0.494584754513	3	417	0	
347	0	103	step_1_no_load	1	2	2	308	
347	0	103	step_2_no_load	5	6	0.663997796029	0.322834495838	5	627	0	
347	0	104	step_1_no_load	1	2	2	593	
347	0	104	step_2_no_load	3	4	0.743372642809	0.521047445908	4	480	0	
347	0	105	step_1_no_load	1	2	1	429	
347	0	105	step_2_no_load	5	6	0.689135357059	0.352639603242	5	652	1	
347	0	106	step_1_no_load	1	2	1	449	
347	0	106	step_2_no_load	3	4	0.699623252899	0.508908032404	3	464	1	
347	0	107	step_1_no_load	1	2	1	381	
347	0	107	step_2_no_load	3	4	0.677514185929	0.565220528809	3	604	1	
347	0	108	step_1_no_load	1	2	1	377	
347	0	108	step_2_no_load	3	4	0.681491063126	0.526955028982	3	697	0	
347	0	109	step_1_no_load	1	2	1	263	
347	0	109	step_2_no_load	3	4	0.68658494263	0.479977531501	4	1302	0	
347	0	110	step_1_no_load	1	2	1	540	
347	0	110	step_2_no_load	3	4	0.65455226558	0.432626681236	3	1043	1	
347	0	111	step_1_no_load	1	2	1	496	
347	0	111	step_2_no_load	5	6	0.724852671171	0.407158158569	6	1105	0	
347	0	112	step_1_no_load	1	2	1	707	
347	0	112	step_2_no_load	3	4	0.635252945963	0.392887565883	3	961	1	
347	0	113	step_1_no_load	1	2	1	539	
347	0	113	step_2_no_load	5	6	0.719324307956	0.387112818105	5	826	1	
347	0	114	step_1_no_load	1	2	1	446	
347	0	114	step_2_no_load	3	4	0.657654904272	0.380324086676	3	694	0	
347	0	115	step_1_no_load	1	2	1	394	
347	0	115	step_2_no_load	3	4	0.645721217949	0.390027643099	4	482	0	
347	0	116	step_1_no_load	1	2	2	561	
347	0	116	step_2_no_load	5	6	0.706736514943	0.369438791876	6	809	0	
347	0	117	step_1_no_load	1	2	2	438	
347	0	117	step_2_no_load	3	4	0.671842537277	0.374621793791	4	605	0	
347	0	118	step_1_no_load	1	2	2	465	
347	0	118	step_2_no_load	5	6	0.740051715856	0.362977115924	5	528	1	
347	0	119	step_1_no_load	1	2	2	430	
347	0	119	step_2_no_load	5	6	0.690424535099	0.358243439099	5	605	1	
347	0	120	step_1_no_load	1	2	2	330	
347	0	120	step_2_no_load	5	6	0.70587238626	0.333809617664	5	448	1	
347	0	121	step_1_no_load	1	2	2	597	
347	0	121	step_2_no_load	5	6	0.658856304095	0.310775244958	5	412	1	
347	0	122	step_1_no_load	1	2	2	337	
347	0	122	step_2_no_load	3	4	0.672193618854	0.329624572119	3	1417	0	
347	0	123	step_1_no_load	1	2	2	350	
347	0	123	step_2_no_load	5	6	0.583607229978	0.269780614928	5	677	1	
347	0	124	step_1_no_load	1	2	2	537	
347	0	124	step_2_no_load	5	6	0.603013298253	0.26095206597	5	512	1	
347	0	125	step_1_no_load	1	2	2	430	
347	0	125	step_2_no_load	5	6	0.559596800931	0.290374841566	5	653	1	
347	0	126	step_1_no_load	1	2	2	329	
347	0	126	step_2_no_load	5	6	0.537863824328	0.267206368684	5	688	1	
347	0	127	step_1_no_load	1	2	2	339	
347	0	127	step_2_no_load	5	6	0.560824094575	0.273483952592	5	601	1	
347	0	128	step_1_no_load	1	2	2	295	
347	0	128	step_2_no_load	5	6	0.636905534066	0.260252451606	5	941	1	
347	0	129	step_1_no_load	1	2	2	361	
347	0	129	step_2_no_load	5	6	0.685297910719	0.268213321963	5	1033	0	
347	0	130	step_1_no_load	1	2	2	1070	
347	0	130	step_2_no_load	5	6	0.682031489739	0.267460866951	6	1036	0	
347	0	131	step_1_no_load	1	2	1	314	
347	0	131	step_2_no_load	3	4	0.638450601212	0.311475039155	4	833	0	
347	0	132	step_1_no_load	1	2	1	661	
347	0	132	step_2_no_load	3	4	0.660013924697	0.315328810424	3	604	1	
347	0	133	step_1_no_load	1	2	1	970	
347	0	133	step_2_no_load	3	4	0.691649444281	0.312642735495	3	468	1	
347	0	134	step_1_no_load	1	2	1	600	
347	0	134	step_2_no_load	3	4	0.685529359147	0.302839427162	3	454	1	
347	0	135	step_1_no_load	1	2	1	479	
347	0	135	step_2_no_load	3	4	0.700779221781	0.287118934166	3	590	1	
347	0	136	step_1_no_load	1	2	1	541	
347	0	136	step_2_no_load	3	4	0.674914008636	0.284521085726	3	492	0	
347	0	137	step_1_no_load	1	2	1	616	
347	0	137	step_2_no_load	3	4	0.668540846495	0.325016613024	4	1262	1	
347	0	138	step_1_no_load	1	2	1	633	
347	0	138	step_2_no_load	3	4	0.688182193337	0.307694123906	4	555	1	
347	0	139	step_1_no_load	1	2	1	264	
347	0	139	step_2_no_load	5	6	0.636630981281	0.325611400511	-1	-1	-1	
347	0	140	step_1_no_load	1	2	1	157	
347	0	140	step_2_no_load	3	4	0.637682840728	0.328174526491	4	1020	0	
347	0	141	step_1_no_load	1	2	1	304	
347	0	141	step_2_no_load	3	4	0.616803346728	0.311809871418	4	743	0	
347	0	142	step_1_no_load	1	2	1	373	
347	0	142	step_2_no_load	3	4	0.627356259123	0.304203281606	3	628	1	
347	0	143	step_1_no_load	1	2	1	528	
347	0	143	step_2_no_load	3	4	0.610219102298	0.313516825296	3	502	0	
347	0	144	step_1_no_load	1	2	2	465	
347	0	144	step_2_no_load	5	6	0.626443722248	0.389234194056	6	937	0	
347	0	145	step_1_no_load	1	2	2	262	
347	0	145	step_2_no_load	5	6	0.6669125229	0.355256413269	5	828	1	
347	0	146	step_1_no_load	1	2	2	294	
347	0	146	step_2_no_load	3	4	0.593778463268	0.257861956214	3	1309	1	
347	0	147	step_1_no_load	1	2	2	431	
347	0	147	step_2_no_load	3	4	0.594861186319	0.265578160642	3	489	1	
347	0	148	step_1_no_load	1	2	2	396	
347	0	148	step_2_no_load	5	6	0.619272702026	0.311162711725	5	1252	1	
347	0	149	step_1_no_load	1	2	2	375	
347	0	149	step_2_no_load	5	6	0.601870110183	0.300290206122	5	653	1	
347	0	150	step_1_no_load	1	2	2	361	
347	0	150	step_2_no_load	3	4	0.605912419156	0.305587692243	3	831	1	
347	0	151	step_1_no_load	1	2	2	356	
347	0	151	step_2_no_load	5	6	0.59154759351	0.310557101463	5	715	1	
347	0	152	step_1_no_load	1	2	2	271	
347	0	152	step_2_no_load	5	6	0.595108765344	0.323194010514	5	501	1	
347	0	153	step_1_no_load	1	2	2	297	
347	0	153	step_2_no_load	5	6	0.613336203392	0.343622632154	5	472	0	
347	0	154	step_1_no_load	1	2	2	415	
347	0	154	step_2_no_load	3	4	0.671672162443	0.316375537537	3	1294	0	
347	0	155	step_1_no_load	1	2	1	442	
347	0	155	step_2_no_load	3	4	0.716100930629	0.296093457977	3	1233	0	
347	0	156	step_1_no_load	1	2	1	328	
347	0	156	step_2_no_load	3	4	0.734436160799	0.32564867104	4	734	0	
347	0	157	step_1_no_load	1	2	1	560	
347	0	157	step_2_no_load	3	4	0.720725456325	0.350909357271	4	639	0	
347	0	158	step_1_no_load	1	2	2	331	
347	0	158	step_2_no_load	3	4	0.694270715354	0.408728803896	4	810	1	
347	0	159	step_1_no_load	1	2	2	496	
347	0	159	step_2_no_load	3	4	0.697903160072	0.413026375257	4	526	1	
347	0	160	step_1_no_load	1	2	2	347	
347	0	160	step_2_no_load	3	4	0.710728171711	0.415052912783	4	554	1	
347	0	161	step_1_no_load	1	2	2	393	
347	0	161	step_2_no_load	5	6	0.516036498158	0.438878285506	6	575	1	
347	0	162	step_1_no_load	1	2	2	404	
347	0	162	step_2_no_load	3	4	0.695144769903	0.3926701003	4	483	1	
347	0	163	step_1_no_load	1	2	2	296	
347	0	163	step_2_no_load	3	4	0.697095951435	0.395221309311	4	631	0	
347	0	164	step_1_no_load	1	2	2	387	
347	0	164	step_2_no_load	5	6	0.585961845322	0.430844125626	6	513	0	
347	0	165	step_1_no_load	1	2	1	351	
347	0	165	step_2_no_load	3	4	0.717506143195	0.463777557969	3	814	1	
347	0	166	step_1_no_load	1	2	1	373	
347	0	166	step_2_no_load	5	6	0.549095060025	0.356317216644	5	492	1	
347	0	167	step_1_no_load	1	2	1	425	
347	0	167	step_2_no_load	3	4	0.706271792549	0.38753671275	3	752	1	
347	0	168	step_1_no_load	1	2	1	284	
347	0	168	step_2_no_load	3	4	0.67192508984	0.400817642375	3	493	1	
347	0	169	step_1_no_load	1	2	1	306	
347	0	169	step_2_no_load	3	4	0.704981910944	0.42098542374	3	460	1	
347	0	170	step_1_no_load	1	2	1	463	
347	0	170	step_2_no_load	3	4	0.67334314737	0.411067820436	3	382	0	
347	0	171	step_1_no_load	1	2	2	473	
347	0	171	step_2_no_load	5	6	0.553314431843	0.425122034074	-1	-1	-1	
347	0	172	step_1_no_load	1	2	2	501	
347	0	172	step_2_no_load	3	4	0.668669556875	0.363617002148	3	1212	0	
347	0	173	step_1_no_load	1	2	2	383	
347	0	173	step_2_no_load	5	6	0.484428109849	0.462866379815	5	381	1	
347	0	174	step_1_no_load	1	2	2	321	
347	0	174	step_2_no_load	5	6	0.472729524832	0.46236234172	5	504	0	
347	0	175	step_1_no_load	1	2	2	401	
347	0	175	step_2_no_load	5	6	0.52644949356	0.484825491933	6	746	1	
347	0	176	step_1_no_load	1	2	2	428	
347	0	176	step_2_no_load	5	6	0.474046874473	0.500856457218	5	564	1	
347	0	177	step_1_no_load	1	2	2	317	
347	0	177	step_2_no_load	3	4	0.714070205704	0.357425668099	3	812	0	
347	0	178	step_1_no_load	1	2	2	544	
347	0	178	step_2_no_load	5	6	0.493712351915	0.49020858644	6	511	0	
347	0	179	step_1_no_load	1	2	2	316	
347	0	179	step_2_no_load	5	6	0.457298770028	0.493565996034	5	545	0	
347	0	180	step_1_no_load	1	2	2	271	
347	0	180	step_2_no_load	3	4	0.719795072986	0.341214611607	4	809	1	
347	0	181	step_1_no_load	1	2	2	342	
347	0	181	step_2_no_load	5	6	0.508735114046	0.480141179559	6	911	0	
347	0	182	step_1_no_load	1	2	1	434	
347	0	182	step_2_no_load	3	4	0.72717560423	0.340533666308	3	801	1	
347	0	183	step_1_no_load	1	2	1	350	
347	0	183	step_2_no_load	3	4	0.720388040749	0.350175837802	3	477	1	
347	0	184	step_1_no_load	1	2	1	434	
347	0	184	step_2_no_load	5	6	0.460890977786	0.480863422096	5	449	1	
347	0	185	step_1_no_load	1	2	1	437	
347	0	185	step_2_no_load	5	6	0.479703516092	0.482228039858	5	507	1	
347	0	186	step_1_no_load	1	2	1	327	
347	0	186	step_2_no_load	5	6	0.46870859828	0.484672582719	5	606	1	
347	0	187	step_1_no_load	1	2	1	308	
347	0	187	step_2_no_load	3	4	0.678211978625	0.328890769988	3	755	0	
347	0	188	step_1_no_load	1	2	1	470	
347	0	188	step_2_no_load	5	6	0.471319680586	0.548350535247	5	815	1	
347	0	189	step_1_no_load	1	2	1	482	
347	0	189	step_2_no_load	3	4	0.688353284054	0.285168135955	3	569	1	
347	0	190	step_1_no_load	1	2	1	558	
347	0	190	step_2_no_load	5	6	0.433568856946	0.505820429042	5	724	1	
347	0	191	step_1_no_load	1	2	1	265	
347	0	191	step_2_no_load	3	4	0.664271461991	0.318839908867	3	1175	1	
347	0	192	step_1_no_load	1	2	1	437	
347	0	192	step_2_no_load	3	4	0.705517419189	0.299297135717	3	428	1	
347	0	193	step_1_no_load	1	2	1	302	
347	0	193	step_2_no_load	3	4	0.679792491164	0.321008037746	3	420	1	
347	0	194	step_1_no_load	1	2	1	313	
347	0	194	step_2_no_load	5	6	0.433250459893	0.505359594715	5	593	0	
347	0	195	step_1_no_load	1	2	1	304	
347	0	195	step_2_no_load	3	4	0.646280688878	0.348571348505	3	504	1	
347	0	196	step_1_no_load	1	2	1	372	
347	0	196	step_2_no_load	3	4	0.695101215304	0.365373286058	3	396	1	
347	0	197	step_1_no_load	1	2	1	297	
347	0	197	step_2_no_load	3	4	0.686552522522	0.316987700969	3	483	0	
347	0	198	step_1_no_load	1	2	1	303	
347	0	198	step_2_no_load	5	6	0.397292432346	0.485065498391	6	622	1	
347	0	199	step_1_no_load	1	2	1	394	
347	0	199	step_2_no_load	3	4	0.73697129762	0.292861528884	4	1283	0	
347	0	200	step_1_no_load	1	2	1	448	
347	0	200	step_2_no_load	5	6	0.372436949782	0.507902534353	6	438	0	

Wed Apr 21 15:30:18 2021
