Fri Apr 23 15:16:37 2021	
348	0	1	step_1_no_load	1	2	2	486	
348	0	1	step_2_no_load	5	6	0.598297890399	0.594299910136	6	600	1	
348	0	2	step_1_no_load	1	2	2	462	
348	0	2	step_2_no_load	5	6	0.580156942153	0.610961032466	6	341	0	
348	0	3	step_1_no_load	1	2	1	450	
348	0	3	step_2_no_load	3	4	0.516002945397	0.476767372206	4	283	1	
348	0	4	step_1_no_load	1	2	1	414	
348	0	4	step_2_no_load	3	4	0.494597764192	0.478607661228	4	357	0	
348	0	5	step_1_no_load	1	2	1	457	
348	0	5	step_2_no_load	3	4	0.543908521457	0.495568760483	3	287	1	
348	0	6	step_1_no_load	1	2	1	491	
348	0	6	step_2_no_load	3	4	0.490454120702	0.506877622204	3	602	0	
348	0	7	step_1_no_load	1	2	1	552	
348	0	7	step_2_no_load	3	4	0.506408070053	0.500071913476	4	383	0	
348	0	8	step_1_no_load	1	2	2	387	
348	0	8	step_2_no_load	5	6	0.59128639594	0.624210374623	6	290	0	
348	0	9	step_1_no_load	1	2	1	471	
348	0	9	step_2_no_load	3	4	0.54429228266	0.496546708465	3	414	0	
348	0	10	step_1_no_load	1	2	1	451	
348	0	10	step_2_no_load	3	4	0.576063520885	0.482364178155	4	381	1	
348	0	11	step_1_no_load	1	2	1	576	
348	0	11	step_2_no_load	3	4	0.59022801242	0.477013315682	3	303	1	
348	0	12	step_1_no_load	1	2	1	450	
348	0	12	step_2_no_load	3	4	0.597131918027	0.48457206759	3	305	0	
348	0	13	step_1_no_load	1	2	1	470	
348	0	13	step_2_no_load	5	6	0.653587098421	0.558313135925	6	324	0	
348	0	14	step_1_no_load	1	2	1	424	
348	0	14	step_2_no_load	3	4	0.611256675753	0.491234392147	3	343	1	
348	0	15	step_1_no_load	1	2	1	442	
348	0	15	step_2_no_load	3	4	0.633564630036	0.505377237737	3	369	0	
348	0	16	step_1_no_load	1	2	1	439	
348	0	16	step_2_no_load	3	4	0.626326396372	0.510958036527	3	310	0	
348	0	17	step_1_no_load	1	2	1	594	
348	0	17	step_2_no_load	3	4	0.643116883134	0.535958400205	4	337	1	
348	0	18	step_1_no_load	1	2	1	743	
348	0	18	step_2_no_load	5	6	0.626834332012	0.553554620302	5	614	0	
348	0	19	step_1_no_load	1	2	1	675	
348	0	19	step_2_no_load	3	4	0.644773170243	0.498240186199	4	426	0	
348	0	20	step_1_no_load	1	2	1	526	
348	0	20	step_2_no_load	3	4	0.60665343963	0.478025448397	3	509	0	
348	0	21	step_1_no_load	1	2	2	469	
348	0	21	step_2_no_load	3	4	0.611328949295	0.49769376036	4	357	1	
348	0	22	step_1_no_load	1	2	2	472	
348	0	22	step_2_no_load	5	6	0.621949894727	0.468700882609	6	414	1	
348	0	23	step_1_no_load	1	2	2	404	
348	0	23	step_2_no_load	5	6	0.640163623731	0.513759772011	6	411	1	
348	0	24	step_1_no_load	1	2	2	432	
348	0	24	step_2_no_load	3	4	0.5800912085	0.505388876622	4	369	1	
348	0	25	step_1_no_load	1	2	2	454	
348	0	25	step_2_no_load	5	6	0.565698722896	0.503605105412	6	437	1	
348	0	26	step_1_no_load	1	2	2	513	
348	0	26	step_2_no_load	5	6	0.592410219737	0.532884212818	6	432	1	
348	0	27	step_1_no_load	1	2	2	412	
348	0	27	step_2_no_load	3	4	0.642144756622	0.507272671939	4	454	0	
348	0	28	step_1_no_load	1	2	2	649	
348	0	28	step_2_no_load	3	4	0.647441527317	0.520177259699	4	368	0	
348	0	29	step_1_no_load	1	2	2	525	
348	0	29	step_2_no_load	5	6	0.606613029227	0.561957580386	5	526	0	
348	0	30	step_1_no_load	1	2	2	418	
348	0	30	step_2_no_load	5	6	0.608245979832	0.574272497114	5	505	1	
348	0	31	step_1_no_load	1	2	2	352	
348	0	31	step_2_no_load	5	6	0.636602545794	0.541819886458	5	431	0	
348	0	32	step_1_no_load	1	2	2	381	
348	0	32	step_2_no_load	3	4	0.605616211083	0.520318771114	4	420	1	
348	0	33	step_1_no_load	1	2	2	456	
348	0	33	step_2_no_load	5	6	0.611700032906	0.542309898544	6	344	1	
348	0	34	step_1_no_load	1	2	2	405	
348	0	34	step_2_no_load	5	6	0.575802910074	0.538523758058	6	372	1	
348	0	35	step_1_no_load	1	2	2	408	
348	0	35	step_2_no_load	5	6	0.566827313385	0.594167768198	6	407	0	
348	0	36	step_1_no_load	1	2	2	481	
348	0	36	step_2_no_load	3	4	0.661229326326	0.513210053121	4	321	1	
348	0	37	step_1_no_load	1	2	2	527	
348	0	37	step_2_no_load	5	6	0.513822304161	0.598446394142	5	447	1	
348	0	38	step_1_no_load	1	2	2	491	
348	0	38	step_2_no_load	5	6	0.539078491643	0.595113730206	6	330	1	
348	0	39	step_1_no_load	1	2	2	521	
348	0	39	step_2_no_load	5	6	0.557005857101	0.610601635554	6	327	0	
348	0	40	step_1_no_load	1	2	1	426	
348	0	40	step_2_no_load	3	4	0.636994900683	0.5691386571	3	465	1	
348	0	41	step_1_no_load	1	2	1	500	
348	0	41	step_2_no_load	3	4	0.633285941184	0.583829055298	3	475	0	
348	0	42	step_1_no_load	1	2	1	1220	
348	0	42	step_2_no_load	3	4	0.606696263624	0.553461946234	4	563	1	
348	0	43	step_1_no_load	1	2	1	999	
348	0	43	step_2_no_load	3	4	0.581931546759	0.548128010644	4	438	0	
348	0	44	step_1_no_load	1	2	1	442	
348	0	44	step_2_no_load	3	4	0.589653131867	0.537842745081	3	283	0	
348	0	45	step_1_no_load	1	2	2	351	
348	0	45	step_2_no_load	5	6	0.579346234508	0.632991467829	5	537	0	
348	0	46	step_1_no_load	1	2	2	316	
348	0	46	step_2_no_load	5	6	0.55511883717	0.600964500555	6	347	1	
348	0	47	step_1_no_load	1	2	2	399	
348	0	47	step_2_no_load	5	6	0.546259467838	0.598724660986	6	271	1	
348	0	48	step_1_no_load	1	2	2	434	
348	0	48	step_2_no_load	5	6	0.534690828011	0.615767119776	6	344	1	
348	0	49	step_1_no_load	1	2	2	333	
348	0	49	step_2_no_load	5	6	0.512405963374	0.610193185592	6	399	1	
348	0	50	step_1_no_load	1	2	2	483	
348	0	50	step_2_no_load	5	6	0.481616544184	0.606862017918	5	418	1	
348	0	51	step_1_no_load	1	2	2	446	
348	0	51	step_2_no_load	5	6	0.508197321577	0.564866799699	5	669	1	
348	0	52	step_1_no_load	1	2	2	418	
348	0	52	step_2_no_load	3	4	0.613408921915	0.429622901875	4	281	0	
348	0	53	step_1_no_load	1	2	1	356	
348	0	53	step_2_no_load	3	4	0.630956764252	0.451905460347	3	426	1	
348	0	54	step_1_no_load	1	2	1	479	
348	0	54	step_2_no_load	3	4	0.652515308527	0.491512498697	3	441	1	
348	0	55	step_1_no_load	1	2	1	478	
348	0	55	step_2_no_load	5	6	0.526704292526	0.574045915747	6	269	0	
348	0	56	step_1_no_load	1	2	1	561	
348	0	56	step_2_no_load	5	6	0.538512915562	0.601856598146	5	441	1	
348	0	57	step_1_no_load	1	2	1	641	
348	0	57	step_2_no_load	3	4	0.586335094239	0.466449077359	4	289	1	
348	0	58	step_1_no_load	1	2	1	428	
348	0	58	step_2_no_load	5	6	0.528376440027	0.664682809182	5	451	1	
348	0	59	step_1_no_load	1	2	1	617	
348	0	59	step_2_no_load	3	4	0.608951267756	0.480274332693	4	488	1	
348	0	60	step_1_no_load	1	2	1	428	
348	0	60	step_2_no_load	5	6	0.479287247283	0.623687406259	5	547	0	
348	0	61	step_1_no_load	1	2	1	416	
348	0	61	step_2_no_load	3	4	0.602879526975	0.464268875813	4	430	1	
348	0	62	step_1_no_load	1	2	1	427	
348	0	62	step_2_no_load	5	6	0.533031417444	0.691137204746	5	556	1	
348	0	63	step_1_no_load	1	2	1	417	
348	0	63	step_2_no_load	5	6	0.519445130796	0.664284493458	5	568	0	
348	0	64	step_1_no_load	1	2	1	582	
348	0	64	step_2_no_load	3	4	0.626149195169	0.555062911513	4	430	0	
348	0	65	step_1_no_load	1	2	1	653	
348	0	65	step_2_no_load	5	6	0.517687993213	0.612660225018	5	628	1	
348	0	66	step_1_no_load	1	2	1	485	
348	0	66	step_2_no_load	5	6	0.555324764318	0.606938648072	6	548	1	
348	0	67	step_1_no_load	1	2	2	377	
348	0	67	step_2_no_load	5	6	0.538279387614	0.597650193897	5	522	0	
348	0	68	step_1_no_load	1	2	2	557	
348	0	68	step_2_no_load	5	6	0.523301545299	0.622963076372	6	444	0	
348	0	69	step_1_no_load	1	2	1	385	
348	0	69	step_2_no_load	3	4	0.718756538957	0.499137600991	3	400	1	
348	0	70	step_1_no_load	1	2	1	414	
348	0	70	step_2_no_load	5	6	0.548075770764	0.637556284465	5	326	0	
348	0	71	step_1_no_load	1	2	1	426	
348	0	71	step_2_no_load	3	4	0.706816191949	0.482863323776	4	297	0	
348	0	72	step_1_no_load	1	2	1	366	
348	0	72	step_2_no_load	3	4	0.705884789502	0.47409116389	4	653	1	
348	0	73	step_1_no_load	1	2	1	649	
348	0	73	step_2_no_load	3	4	0.727961155836	0.435957313805	4	504	0	
348	0	74	step_1_no_load	1	2	1	461	
348	0	74	step_2_no_load	3	4	0.693624670847	0.453420386428	4	300	1	
348	0	75	step_1_no_load	1	2	1	489	
348	0	75	step_2_no_load	3	4	0.697629587097	0.44832280175	4	449	1	
348	0	76	step_1_no_load	1	2	1	534	
348	0	76	step_2_no_load	3	4	0.690117652944	0.488583631821	4	382	0	
348	0	77	step_1_no_load	1	2	1	532	
348	0	77	step_2_no_load	3	4	0.679737625371	0.446809557226	4	460	0	
348	0	78	step_1_no_load	1	2	1	971	
348	0	78	step_2_no_load	5	6	0.538654072849	0.536711448352	5	427	0	
348	0	79	step_1_no_load	1	2	1	617	
348	0	79	step_2_no_load	3	4	0.647841624544	0.389124152368	4	385	0	
348	0	80	step_1_no_load	1	2	1	436	
348	0	80	step_2_no_load	5	6	0.49921021142	0.518583383166	5	107	0	
348	0	81	step_1_no_load	1	2	2	466	
348	0	81	step_2_no_load	3	4	0.702400933084	0.419265522488	3	609	1	
348	0	82	step_1_no_load	1	2	2	499	
348	0	82	step_2_no_load	3	4	0.688340116885	0.395813831323	3	649	0	
348	0	83	step_1_no_load	1	2	2	662	
348	0	83	step_2_no_load	3	4	0.726885136842	0.382772464038	4	408	0	
348	0	84	step_1_no_load	1	2	2	678	
348	0	84	step_2_no_load	5	6	0.505586222209	0.65843840156	5	630	1	
348	0	85	step_1_no_load	1	2	2	516	
348	0	85	step_2_no_load	5	6	0.485785534744	0.692384972752	6	291	1	
348	0	86	step_1_no_load	1	2	1	684	
348	0	86	step_2_no_load	5	6	0.486462788728	0.691782850001	5	843	0	
348	0	87	step_1_no_load	1	2	2	335	
348	0	87	step_2_no_load	5	6	0.493867001103	0.719375344246	6	352	1	
348	0	88	step_1_no_load	1	2	2	556	
348	0	88	step_2_no_load	5	6	0.509563243675	0.717410082358	5	286	1	
348	0	89	step_1_no_load	1	2	2	458	
348	0	89	step_2_no_load	5	6	0.490019385174	0.690772436485	5	540	1	
348	0	90	step_1_no_load	1	2	2	411	
348	0	90	step_2_no_load	5	6	0.530126112124	0.712247848046	6	323	0	
348	0	91	step_1_no_load	1	2	2	557	
348	0	91	step_2_no_load	5	6	0.479087223222	0.685023809334	5	532	0	
348	0	92	step_1_no_load	1	2	2	441	
348	0	92	step_2_no_load	5	6	0.484260039873	0.692406274724	6	488	1	
348	0	93	step_1_no_load	1	2	2	285	
348	0	93	step_2_no_load	5	6	0.473273727684	0.70415710998	6	340	0	
348	0	94	step_1_no_load	1	2	1	315	
348	0	94	step_2_no_load	3	4	0.668295023896	0.429211756872	4	242	0	
348	0	95	step_1_no_load	1	2	2	331	
348	0	95	step_2_no_load	5	6	0.42505578884	0.715495469274	6	283	0	
348	0	96	step_1_no_load	1	2	2	459	
348	0	96	step_2_no_load	5	6	0.437558890646	0.693739812506	6	299	1	
348	0	97	step_1_no_load	1	2	2	529	
348	0	97	step_2_no_load	5	6	0.455601814112	0.681272614291	-1	-1	-1	
348	0	98	step_1_no_load	1	2	1	494	
348	0	98	step_2_no_load	3	4	0.646040060297	0.409778171713	3	612	0	
348	0	99	step_1_no_load	1	2	2	688	
348	0	99	step_2_no_load	5	6	0.375249961522	0.673709850038	-1	-1	-1	
348	0	100	step_1_no_load	1	2	1	702	
348	0	100	step_2_no_load	5	6	0.363162156005	0.666227451505	5	493	1	
348	0	101	step_1_no_load	1	2	2	597	
348	0	101	step_2_no_load	5	6	0.366879421891	0.623812401974	6	556	1	
348	0	102	step_1_no_load	1	2	2	697	
348	0	102	step_2_no_load	3	4	0.663124617603	0.494584754513	4	377	1	
348	0	103	step_1_no_load	1	2	2	516	
348	0	103	step_2_no_load	5	6	0.322834495838	0.663997796029	5	531	1	
348	0	104	step_1_no_load	1	2	2	534	
348	0	104	step_2_no_load	5	6	0.303696146503	0.703870701136	6	389	1	
348	0	105	step_1_no_load	1	2	2	475	
348	0	105	step_2_no_load	5	6	0.352639603242	0.689135357059	6	425	1	
348	0	106	step_1_no_load	1	2	2	589	
348	0	106	step_2_no_load	5	6	0.374131494222	0.712883638252	6	455	0	
348	0	107	step_1_no_load	1	2	2	387	
348	0	107	step_2_no_load	5	6	0.388257337796	0.692607431435	6	298	0	
348	0	108	step_1_no_load	1	2	1	630	
348	0	108	step_2_no_load	3	4	0.681491063126	0.526955028982	3	308	1	
348	0	109	step_1_no_load	1	2	2	632	
348	0	109	step_2_no_load	3	4	0.68658494263	0.479977531501	4	391	1	
348	0	110	step_1_no_load	1	2	2	444	
348	0	110	step_2_no_load	5	6	0.395544455384	0.729599891941	5	477	1	
348	0	111	step_1_no_load	1	2	2	409	
348	0	111	step_2_no_load	5	6	0.407158158569	0.724852671171	6	319	1	
348	0	112	step_1_no_load	1	2	2	386	
348	0	112	step_2_no_load	3	4	0.635252945963	0.392887565883	4	595	1	
348	0	113	step_1_no_load	1	2	2	448	
348	0	113	step_2_no_load	5	6	0.387112818105	0.719324307956	5	519	0	
348	0	114	step_1_no_load	1	2	2	330	
348	0	114	step_2_no_load	5	6	0.384736699284	0.718213323791	6	329	0	
348	0	115	step_1_no_load	1	2	2	549	
348	0	115	step_2_no_load	5	6	0.357661171116	0.739704344621	5	463	1	
348	0	116	step_1_no_load	1	2	2	380	
348	0	116	step_2_no_load	3	4	0.680124293449	0.378149844807	3	667	1	
348	0	117	step_1_no_load	1	2	2	407	
348	0	117	step_2_no_load	5	6	0.363056877927	0.747012267642	6	313	1	
348	0	118	step_1_no_load	1	2	2	373	
348	0	118	step_2_no_load	5	6	0.362977115924	0.740051715856	5	510	0	
348	0	119	step_1_no_load	1	2	2	273	
348	0	119	step_2_no_load	5	6	0.358243439099	0.690424535099	6	379	1	
348	0	120	step_1_no_load	1	2	2	552	
348	0	120	step_2_no_load	3	4	0.666433355915	0.370150243662	4	448	0	
348	0	121	step_1_no_load	1	2	2	456	
348	0	121	step_2_no_load	5	6	0.310775244958	0.658856304095	6	279	1	
348	0	122	step_1_no_load	1	2	2	382	
348	0	122	step_2_no_load	5	6	0.266650857402	0.6136886145	6	462	0	
348	0	123	step_1_no_load	1	2	2	399	
348	0	123	step_2_no_load	3	4	0.664849878232	0.337526896345	4	153	1	
348	0	124	step_1_no_load	1	2	2	431	
348	0	124	step_2_no_load	5	6	0.26095206597	0.603013298253	6	487	1	
348	0	125	step_1_no_load	1	2	2	445	
348	0	125	step_2_no_load	5	6	0.290374841566	0.559596800931	5	548	0	
348	0	126	step_1_no_load	1	2	2	511	
348	0	126	step_2_no_load	3	4	0.600985760967	0.300846667696	4	453	0	
348	0	127	step_1_no_load	1	2	2	461	
348	0	127	step_2_no_load	3	4	0.646945556251	0.274944938508	4	332	0	
348	0	128	step_1_no_load	1	2	2	438	
348	0	128	step_2_no_load	3	4	0.620672334996	0.250790232267	3	285	0	
348	0	129	step_1_no_load	1	2	2	378	
348	0	129	step_2_no_load	3	4	0.632682846317	0.271709703542	3	491	1	
348	0	130	step_1_no_load	1	2	2	361	
348	0	130	step_2_no_load	3	4	0.630285316669	0.274560758494	3	435	0	
348	0	131	step_1_no_load	1	2	2	454	
348	0	131	step_2_no_load	5	6	0.281500842289	0.678044920845	6	334	1	
348	0	132	step_1_no_load	1	2	2	417	
348	0	132	step_2_no_load	5	6	0.27986961048	0.668578020634	6	440	1	
348	0	133	step_1_no_load	1	2	2	398	
348	0	133	step_2_no_load	3	4	0.691649444281	0.312642735495	4	301	0	
348	0	134	step_1_no_load	1	2	1	409	
348	0	134	step_2_no_load	5	6	0.287393715313	0.621945110858	5	447	0	
348	0	135	step_1_no_load	1	2	2	569	
348	0	135	step_2_no_load	5	6	0.300079459047	0.593710006149	5	480	0	
348	0	136	step_1_no_load	1	2	2	444	
348	0	136	step_2_no_load	5	6	0.307766925452	0.597814413435	6	779	1	
348	0	137	step_1_no_load	1	2	2	441	
348	0	137	step_2_no_load	5	6	0.346433498467	0.605896884497	6	471	0	
348	0	138	step_1_no_load	1	2	2	444	
348	0	138	step_2_no_load	3	4	0.688182193337	0.307694123906	3	355	0	
348	0	139	step_1_no_load	1	2	2	400	
348	0	139	step_2_no_load	5	6	0.325611400511	0.636630981281	6	409	1	
348	0	140	step_1_no_load	1	2	2	334	
348	0	140	step_2_no_load	3	4	0.637682840728	0.328174526491	4	392	0	
348	0	141	step_1_no_load	1	2	2	427	
348	0	141	step_2_no_load	5	6	0.390227133375	0.711987889705	6	626	0	
348	0	142	step_1_no_load	1	2	1	529	
348	0	142	step_2_no_load	3	4	0.627356259123	0.304203281606	4	536	1	
348	0	143	step_1_no_load	1	2	1	587	
348	0	143	step_2_no_load	3	4	0.610219102298	0.313516825296	3	346	0	
348	0	144	step_1_no_load	1	2	2	423	
348	0	144	step_2_no_load	5	6	0.389234194056	0.626443722248	6	414	1	
348	0	145	step_1_no_load	1	2	2	443	
348	0	145	step_2_no_load	5	6	0.355256413269	0.6669125229	6	514	1	
348	0	146	step_1_no_load	1	2	2	694	
348	0	146	step_2_no_load	3	4	0.593778463268	0.257861956214	4	358	0	
348	0	147	step_1_no_load	1	2	2	435	
348	0	147	step_2_no_load	5	6	0.352879785946	0.647798886916	5	331	1	
348	0	148	step_1_no_load	1	2	2	574	
348	0	148	step_2_no_load	5	6	0.311162711725	0.619272702026	5	493	0	
348	0	149	step_1_no_load	1	2	2	474	
348	0	149	step_2_no_load	3	4	0.623203869836	0.269951834184	4	609	0	
348	0	150	step_1_no_load	1	2	2	790	
348	0	150	step_2_no_load	3	4	0.605912419156	0.305587692243	3	711	1	
348	0	151	step_1_no_load	1	2	2	337	
348	0	151	step_2_no_load	5	6	0.310557101463	0.59154759351	5	465	0	
348	0	152	step_1_no_load	1	2	2	541	
348	0	152	step_2_no_load	5	6	0.323194010514	0.595108765344	6	508	0	
348	0	153	step_1_no_load	1	2	2	361	
348	0	153	step_2_no_load	3	4	0.681559292085	0.309356532263	4	480	0	
348	0	154	step_1_no_load	1	2	2	844	
348	0	154	step_2_no_load	3	4	0.671672162443	0.316375537537	4	523	1	
348	0	155	step_1_no_load	1	2	2	430	
348	0	155	step_2_no_load	5	6	0.372188990474	0.632486591889	6	333	1	
348	0	156	step_1_no_load	1	2	2	385	
348	0	156	step_2_no_load	5	6	0.368378667812	0.631048201903	6	345	1	
348	0	157	step_1_no_load	1	2	2	351	
348	0	157	step_2_no_load	3	4	0.720725456325	0.350909357271	3	510	1	
348	0	158	step_1_no_load	1	2	2	498	
348	0	158	step_2_no_load	3	4	0.694270715354	0.408728803896	3	584	0	
348	0	159	step_1_no_load	1	2	2	478	
348	0	159	step_2_no_load	5	6	0.321150411254	0.541222065796	6	517	0	
348	0	160	step_1_no_load	1	2	2	489	
348	0	160	step_2_no_load	5	6	0.355992626298	0.521229931064	6	535	1	
348	0	161	step_1_no_load	1	2	2	964	
348	0	161	step_2_no_load	3	4	0.719896286569	0.407025633682	3	1107	0	
348	0	162	step_1_no_load	1	2	2	383	
348	0	162	step_2_no_load	5	6	0.455329532209	0.566496468084	6	750	0	
348	0	163	step_1_no_load	1	2	2	562	
348	0	163	step_2_no_load	5	6	0.430920885959	0.5863391277	6	745	0	
348	0	164	step_1_no_load	1	2	2	397	
348	0	164	step_2_no_load	3	4	0.692137394606	0.432761720497	3	630	1	
348	0	165	step_1_no_load	1	2	2	341	
348	0	165	step_2_no_load	3	4	0.717506143195	0.463777557969	4	487	1	
348	0	166	step_1_no_load	1	2	2	476	
348	0	166	step_2_no_load	5	6	0.356317216644	0.549095060025	6	443	1	
348	0	167	step_1_no_load	1	2	2	454	
348	0	167	step_2_no_load	3	4	0.706271792549	0.38753671275	4	309	1	
348	0	168	step_1_no_load	1	2	2	369	
348	0	168	step_2_no_load	5	6	0.335777599654	0.613361520676	6	403	1	
348	0	169	step_1_no_load	1	2	2	345	
348	0	169	step_2_no_load	5	6	0.365156560071	0.586049140041	6	528	0	
348	0	170	step_1_no_load	1	2	2	335	
348	0	170	step_2_no_load	3	4	0.67334314737	0.411067820436	3	566	1	
348	0	171	step_1_no_load	1	2	2	395	
348	0	171	step_2_no_load	5	6	0.425122034074	0.553314431843	6	522	1	
348	0	172	step_1_no_load	1	2	2	421	
348	0	172	step_2_no_load	3	4	0.668669556875	0.363617002148	3	452	1	
348	0	173	step_1_no_load	1	2	2	385	
348	0	173	step_2_no_load	3	4	0.667027212577	0.385349297983	4	795	0	
348	0	174	step_1_no_load	1	2	2	368	
348	0	174	step_2_no_load	5	6	0.46236234172	0.472729524832	5	504	0	
348	0	175	step_1_no_load	1	2	2	350	
348	0	175	step_2_no_load	5	6	0.484825491933	0.52644949356	6	487	0	
348	0	176	step_1_no_load	1	2	2	396	
348	0	176	step_2_no_load	5	6	0.500856457218	0.474046874473	6	390	0	
348	0	177	step_1_no_load	1	2	2	459	
348	0	177	step_2_no_load	3	4	0.714070205704	0.357425668099	4	939	0	
348	0	178	step_1_no_load	1	2	2	423	
348	0	178	step_2_no_load	3	4	0.705993797498	0.36473828006	3	463	1	
348	0	179	step_1_no_load	1	2	2	402	
348	0	179	step_2_no_load	3	4	0.709345707515	0.324685418097	3	553	0	
348	0	180	step_1_no_load	1	2	2	654	
348	0	180	step_2_no_load	5	6	0.489345734128	0.482853857291	6	653	0	
348	0	181	step_1_no_load	1	2	2	416	
348	0	181	step_2_no_load	5	6	0.480141179559	0.508735114046	5	562	1	
348	0	182	step_1_no_load	1	2	2	599	
348	0	182	step_2_no_load	5	6	0.49907747228	0.506773281362	6	480	1	
348	0	183	step_1_no_load	1	2	2	435	
348	0	183	step_2_no_load	5	6	0.492742497507	0.502991759047	5	434	1	
348	0	184	step_1_no_load	1	2	2	685	
348	0	184	step_2_no_load	5	6	0.480863422096	0.460890977786	6	652	0	
348	0	185	step_1_no_load	1	2	2	593	
348	0	185	step_2_no_load	5	6	0.482228039858	0.479703516092	6	665	0	
348	0	186	step_1_no_load	1	2	2	549	
348	0	186	step_2_no_load	5	6	0.484672582719	0.46870859828	5	455	1	
348	0	187	step_1_no_load	1	2	2	392	
348	0	187	step_2_no_load	3	4	0.678211978625	0.328890769988	3	503	0	
348	0	188	step_1_no_load	1	2	2	388	
348	0	188	step_2_no_load	5	6	0.548350535247	0.471319680586	6	396	0	
348	0	189	step_1_no_load	1	2	2	433	
348	0	189	step_2_no_load	5	6	0.534753756004	0.448897869069	6	456	1	
348	0	190	step_1_no_load	1	2	2	438	
348	0	190	step_2_no_load	3	4	0.667655825994	0.304557739386	4	581	1	
348	0	191	step_1_no_load	1	2	1	744	
348	0	191	step_2_no_load	3	4	0.664271461991	0.318839908867	-1	-1	-1	
348	0	192	step_1_no_load	1	2	2	475	
348	0	192	step_2_no_load	5	6	0.493851022417	0.450791310283	6	346	0	
348	0	193	step_1_no_load	1	2	2	525	
348	0	193	step_2_no_load	5	6	0.504944704439	0.440813209638	6	548	0	
348	0	194	step_1_no_load	1	2	2	479	
348	0	194	step_2_no_load	5	6	0.505359594715	0.433250459893	6	1086	0	
348	0	195	step_1_no_load	1	2	2	425	
348	0	195	step_2_no_load	5	6	0.494102184238	0.466795336969	6	881	0	
348	0	196	step_1_no_load	1	2	2	389	
348	0	196	step_2_no_load	5	6	0.496717662777	0.421761207498	5	316	1	
348	0	197	step_1_no_load	1	2	2	480	
348	0	197	step_2_no_load	5	6	0.47786945426	0.422511153127	5	406	1	
348	0	198	step_1_no_load	1	2	2	582	
348	0	198	step_2_no_load	5	6	0.485065498391	0.397292432346	6	725	1	
348	0	199	step_1_no_load	1	2	2	497	
348	0	199	step_2_no_load	5	6	0.529438031858	0.39793773834	5	464	0	
348	0	200	step_1_no_load	1	2	2	691	
348	0	200	step_2_no_load	3	4	0.728996708473	0.299128796668	3	242	1	

Fri Apr 23 15:33:56 2021
