Mon Apr 26 17:15:21 2021	
349	0	1	step_1_no_load	1	2	1	671	
349	0	1	step_2_no_load	3	4	0.594299910136	0.511789129507	3	1316	0	
349	0	2	step_1_no_load	1	2	1	58	
349	0	2	step_2_no_load	3	4	0.610961032466	0.533203491871	3	865	1	
349	0	3	step_1_no_load	1	2	1	1	
349	0	3	step_2_no_load	3	4	0.589215227351	0.516002945397	3	901	1	
349	0	4	step_1_no_load	1	2	1	579	
349	0	4	step_2_no_load	3	4	0.564086293706	0.494597764192	3	858	1	
349	0	5	step_1_no_load	1	2	-1	-1	
349	0	6	step_1_no_load	1	2	1	449	
349	0	6	step_2_no_load	3	4	0.603642866427	0.490454120702	3	736	1	
349	0	7	step_1_no_load	1	2	1	438	
349	0	7	step_2_no_load	5	6	0.568656746487	0.500071913476	6	1221	1	
349	0	8	step_1_no_load	1	2	1	320	
349	0	8	step_2_no_load	5	6	0.59128639594	0.489816616396	6	927	0	
349	0	9	step_1_no_load	1	2	2	356	
349	0	9	step_2_no_load	5	6	0.598049061473	0.496546708465	6	899	1	
349	0	10	step_1_no_load	1	2	2	627	
349	0	10	step_2_no_load	5	6	0.652626043146	0.482364178155	6	908	0	
349	0	11	step_1_no_load	1	2	2	593	
349	0	11	step_2_no_load	5	6	0.69163818036	0.477013315682	6	745	0	
349	0	12	step_1_no_load	1	2	2	958	
349	0	12	step_2_no_load	3	4	0.552770607849	0.597131918027	-1	-1	-1	
349	0	13	step_1_no_load	1	2	1	739	
349	0	13	step_2_no_load	3	4	0.558313135925	0.595790490356	3	370	1	
349	0	14	step_1_no_load	1	2	1	600	
349	0	14	step_2_no_load	5	6	0.629137942344	0.491234392147	5	846	0	
349	0	15	step_1_no_load	1	2	-1	-1	
349	0	16	step_1_no_load	1	2	2	322	
349	0	16	step_2_no_load	3	4	0.553308964466	0.626326396372	4	697	0	
349	0	17	step_1_no_load	1	2	1	465	
349	0	17	step_2_no_load	3	4	0.562895132605	0.643116883134	3	690	1	
349	0	18	step_1_no_load	1	2	1	520	
349	0	18	step_2_no_load	3	4	0.553554620302	0.626895526976	3	793	1	
349	0	19	step_1_no_load	1	2	1	447	
349	0	19	step_2_no_load	3	4	0.536502319591	0.644773170243	3	837	0	
349	0	20	step_1_no_load	1	2	1	561	
349	0	20	step_2_no_load	3	4	0.491720931314	0.60665343963	3	784	1	
349	0	21	step_1_no_load	1	2	2	735	
349	0	21	step_2_no_load	5	6	0.630305464549	0.49769376036	5	853	0	
349	0	22	step_1_no_load	1	2	2	673	
349	0	22	step_2_no_load	5	6	0.621949894727	0.506100011497	6	736	0	
349	0	23	step_1_no_load	1	2	1	662	
349	0	23	step_2_no_load	3	4	0.513759772011	0.604065470975	3	832	0	
349	0	24	step_1_no_load	1	2	1	356	
349	0	24	step_2_no_load	5	6	0.582115115688	0.505388876622	6	644	1	
349	0	25	step_1_no_load	1	2	1	473	
349	0	25	step_2_no_load	3	4	0.503605105412	0.629917901014	3	1392	1	
349	0	26	step_1_no_load	1	2	1	524	
349	0	26	step_2_no_load	5	6	0.592410219737	0.511744353778	6	763	0	
349	0	27	step_1_no_load	1	2	1	541	
349	0	27	step_2_no_load	5	6	0.57860777711	0.507272671939	5	1453	0	
349	0	28	step_1_no_load	1	2	1	617	
349	0	28	step_2_no_load	5	6	0.588356036098	0.520177259699	6	1007	1	
349	0	29	step_1_no_load	1	2	1	669	
349	0	29	step_2_no_load	5	6	0.606613029227	0.521159009103	6	1167	1	
349	0	30	step_1_no_load	1	2	1	618	
349	0	30	step_2_no_load	3	4	0.574272497114	0.610227092493	3	769	0	
349	0	31	step_1_no_load	1	2	1	589	
349	0	31	step_2_no_load	3	4	0.541819886458	0.606122691795	4	1011	0	
349	0	32	step_1_no_load	1	2	1	352	
349	0	32	step_2_no_load	3	4	0.522993086096	0.605616211083	-1	-1	-1	
349	0	33	step_1_no_load	1	2	1	323	
349	0	33	step_2_no_load	3	4	0.542309898544	0.618000238621	4	745	0	
349	0	34	step_1_no_load	1	2	1	366	
349	0	34	step_2_no_load	3	4	0.538523758058	0.670290552209	3	653	0	
349	0	35	step_1_no_load	1	2	2	300	
349	0	35	step_2_no_load	5	6	0.566827313385	0.491437207585	5	851	1	
349	0	36	step_1_no_load	1	2	2	455	
349	0	36	step_2_no_load	5	6	0.527635087561	0.513210053121	5	486	0	
349	0	37	step_1_no_load	1	2	2	421	
349	0	37	step_2_no_load	3	4	0.598446394142	0.660658056664	3	542	0	
349	0	38	step_1_no_load	1	2	2	571	
349	0	38	step_2_no_load	5	6	0.539078491643	0.553931241266	6	930	1	
349	0	39	step_1_no_load	1	2	2	503	
349	0	39	step_2_no_load	5	6	0.557005857101	0.578640235206	6	848	1	
349	0	40	step_1_no_load	1	2	2	523	
349	0	40	step_2_no_load	5	6	0.580760785074	0.5691386571	6	818	1	
349	0	41	step_1_no_load	1	2	2	480	
349	0	41	step_2_no_load	5	6	0.524862294848	0.583829055298	6	618	1	
349	0	42	step_1_no_load	1	2	2	814	
349	0	42	step_2_no_load	3	4	0.609164606591	0.606696263624	3	1221	1	
349	0	43	step_1_no_load	1	2	2	482	
349	0	43	step_2_no_load	5	6	0.553703096215	0.548128010644	5	1105	0	
349	0	44	step_1_no_load	1	2	2	470	
349	0	44	step_2_no_load	5	6	0.541854396676	0.537842745081	6	653	0	
349	0	45	step_1_no_load	1	2	1	993	
349	0	45	step_2_no_load	3	4	0.632991467829	0.620699591043	3	776	1	
349	0	46	step_1_no_load	1	2	1	493	
349	0	46	step_2_no_load	3	4	0.600964500555	0.654261318712	3	964	1	
349	0	47	step_1_no_load	1	2	1	506	
349	0	47	step_2_no_load	5	6	0.546259467838	0.493112702321	6	921	1	
349	0	48	step_1_no_load	1	2	1	228	
349	0	48	step_2_no_load	5	6	0.534690828011	0.488280685105	5	789	0	
349	0	49	step_1_no_load	1	2	1	490	
349	0	49	step_2_no_load	3	4	0.610193185592	0.614679490594	4	1106	1	
349	0	50	step_1_no_load	1	2	2	367	
349	0	50	step_2_no_load	5	6	0.481616544184	0.47381367271	6	661	0	
349	0	51	step_1_no_load	1	2	2	417	
349	0	51	step_2_no_load	3	4	0.564866799699	0.613357430892	4	928	0	
349	0	52	step_1_no_load	1	2	1	469	
349	0	52	step_2_no_load	3	4	0.539065404057	0.613408921915	3	1020	0	
349	0	53	step_1_no_load	1	2	1	575	
349	0	53	step_2_no_load	3	4	0.551457882502	0.630956764252	4	439	1	
349	0	54	step_1_no_load	1	2	1	458	
349	0	54	step_2_no_load	3	4	0.570223904064	0.652515308527	4	480	1	
349	0	55	step_1_no_load	1	2	1	445	
349	0	55	step_2_no_load	5	6	0.526704292526	0.487025527704	6	667	0	
349	0	56	step_1_no_load	1	2	1	487	
349	0	56	step_2_no_load	5	6	0.538512915562	0.459773408493	6	686	0	
349	0	57	step_1_no_load	1	2	1	324	
349	0	57	step_2_no_load	3	4	0.641849303307	0.586335094239	3	662	1	
349	0	58	step_1_no_load	1	2	1	465	
349	0	58	step_2_no_load	3	4	0.664682809182	0.610896130115	3	751	1	
349	0	59	step_1_no_load	1	2	1	419	
349	0	59	step_2_no_load	3	4	0.632500293208	0.608951267756	3	685	0	
349	0	60	step_1_no_load	1	2	1	577	
349	0	60	step_2_no_load	3	4	0.623687406259	0.599559577859	3	784	1	
349	0	61	step_1_no_load	1	2	1	487	
349	0	61	step_2_no_load	3	4	0.669587072502	0.602879526975	3	526	1	
349	0	62	step_1_no_load	1	2	1	410	
349	0	62	step_2_no_load	5	6	0.533031417444	0.50724109756	6	1107	1	
349	0	63	step_1_no_load	1	2	1	718	
349	0	63	step_2_no_load	3	4	0.664284493458	0.642623127313	3	1207	1	
349	0	64	step_1_no_load	1	2	1	699	
349	0	64	step_2_no_load	3	4	0.642369708469	0.626149195169	3	1410	1	
349	0	65	step_1_no_load	1	2	1	772	
349	0	65	step_2_no_load	3	4	0.612660225018	0.619953360065	3	915	0	
349	0	66	step_1_no_load	1	2	1	358	
349	0	66	step_2_no_load	5	6	0.555324764318	0.573761869714	6	864	1	
349	0	67	step_1_no_load	1	2	1	475	
349	0	67	step_2_no_load	5	6	0.538279387614	0.542076810516	6	882	1	
349	0	68	step_1_no_load	1	2	1	750	
349	0	68	step_2_no_load	3	4	0.622963076372	0.719455209845	3	1045	0	
349	0	69	step_1_no_load	1	2	2	460	
349	0	69	step_2_no_load	5	6	0.560462111264	0.499137600991	6	891	1	
349	0	70	step_1_no_load	1	2	2	602	
349	0	70	step_2_no_load	5	6	0.548075770764	0.498834901463	6	641	0	
349	0	71	step_1_no_load	1	2	1	742	
349	0	71	step_2_no_load	3	4	0.639174917797	0.706816191949	4	773	0	
349	0	72	step_1_no_load	1	2	2	628	
349	0	72	step_2_no_load	5	6	0.556486305476	0.47409116389	5	582	1	
349	0	73	step_1_no_load	1	2	2	611	
349	0	73	step_2_no_load	5	6	0.50185699984	0.435957313805	5	562	1	
349	0	74	step_1_no_load	1	2	2	542	
349	0	74	step_2_no_load	3	4	0.614462146454	0.693624670847	3	1301	1	
349	0	75	step_1_no_load	1	2	2	607	
349	0	75	step_2_no_load	5	6	0.483983914712	0.44832280175	5	1085	1	
349	0	76	step_1_no_load	1	2	2	402	
349	0	76	step_2_no_load	5	6	0.518881389358	0.488583631821	5	620	0	
349	0	77	step_1_no_load	1	2	2	449	
349	0	77	step_2_no_load	3	4	0.564257587118	0.679737625371	3	1232	0	
349	0	78	step_1_no_load	1	2	1	836	
349	0	78	step_2_no_load	5	6	0.538654072849	0.435911167612	6	723	1	
349	0	79	step_1_no_load	1	2	1	526	
349	0	79	step_2_no_load	3	4	0.513695512795	0.647841624544	4	749	1	
349	0	80	step_1_no_load	1	2	1	536	
349	0	80	step_2_no_load	3	4	0.518583383166	0.703969305517	4	642	1	
349	0	81	step_1_no_load	1	2	1	559	
349	0	81	step_2_no_load	5	6	0.494116554432	0.419265522488	6	565	0	
349	0	82	step_1_no_load	1	2	2	378	
349	0	82	step_2_no_load	3	4	0.564729328387	0.688340116885	3	553	0	
349	0	83	step_1_no_load	1	2	2	749	
349	0	83	step_2_no_load	3	4	0.607907985871	0.726885136842	3	927	1	
349	0	84	step_1_no_load	1	2	2	523	
349	0	84	step_2_no_load	5	6	0.505586222209	0.385087938645	5	776	1	
349	0	85	step_1_no_load	1	2	2	637	
349	0	85	step_2_no_load	5	6	0.485785534744	0.384458259121	5	651	0	
349	0	86	step_1_no_load	1	2	1	367	
349	0	86	step_2_no_load	3	4	0.691782850001	0.721207648497	4	649	1	
349	0	87	step_1_no_load	1	2	1	526	
349	0	87	step_2_no_load	3	4	0.719375344246	0.690012761069	4	885	1	
349	0	88	step_1_no_load	1	2	1	563	
349	0	88	step_2_no_load	3	4	0.717410082358	0.696773608304	4	922	1	
349	0	89	step_1_no_load	1	2	1	501	
349	0	89	step_2_no_load	5	6	0.490019385174	0.415882489686	6	1052	0	
349	0	90	step_1_no_load	1	2	1	511	
349	0	90	step_2_no_load	3	4	0.712247848046	0.688736868033	4	1392	1	
349	0	91	step_1_no_load	1	2	1	406	
349	0	91	step_2_no_load	5	6	0.479087223222	0.43534164751	5	917	0	
349	0	92	step_1_no_load	1	2	1	586	
349	0	92	step_2_no_load	3	4	0.692406274724	0.679381608313	4	1004	0	
349	0	93	step_1_no_load	1	2	2	679	
349	0	93	step_2_no_load	3	4	0.70415710998	0.662863370634	3	903	0	
349	0	94	step_1_no_load	1	2	2	520	
349	0	94	step_2_no_load	5	6	0.468637558205	0.429211756872	5	825	1	
349	0	95	step_1_no_load	1	2	2	478	
349	0	95	step_2_no_load	3	4	0.715495469274	0.640209855442	3	1269	0	
349	0	96	step_1_no_load	1	2	2	379	
349	0	96	step_2_no_load	3	4	0.693739812506	0.663095813561	4	626	1	
349	0	97	step_1_no_load	1	2	2	714	
349	0	97	step_2_no_load	3	4	0.681272614291	0.651202057411	4	770	1	
349	0	98	step_1_no_load	1	2	2	463	
349	0	98	step_2_no_load	5	6	0.431479829356	0.409778171713	5	902	0	
349	0	99	step_1_no_load	1	2	2	483	
349	0	99	step_2_no_load	5	6	0.375249961522	0.397561363605	6	1282	1	
349	0	100	step_1_no_load	1	2	2	399	
349	0	100	step_2_no_load	5	6	0.363162156005	0.4333505304	6	926	0	
349	0	101	step_1_no_load	1	2	2	467	
349	0	101	step_2_no_load	3	4	0.623812401974	0.655903528958	3	1193	1	
349	0	102	step_1_no_load	1	2	2	556	
349	0	102	step_2_no_load	5	6	0.326080462175	0.494584754513	5	979	0	
349	0	103	step_1_no_load	1	2	2	520	
349	0	103	step_2_no_load	5	6	0.322834495838	0.481975449893	6	735	1	
349	0	104	step_1_no_load	1	2	2	489	
349	0	104	step_2_no_load	5	6	0.303696146503	0.521047445908	6	986	0	
349	0	105	step_1_no_load	1	2	2	476	
349	0	105	step_2_no_load	3	4	0.689135357059	0.722851301692	3	826	1	
349	0	106	step_1_no_load	1	2	2	456	
349	0	106	step_2_no_load	5	6	0.374131494222	0.508908032404	6	690	1	
349	0	107	step_1_no_load	1	2	2	463	
349	0	107	step_2_no_load	3	4	0.692607431435	0.677514185929	3	790	0	
349	0	108	step_1_no_load	1	2	2	292	
349	0	108	step_2_no_load	5	6	0.388185708856	0.526955028982	6	717	0	
349	0	109	step_1_no_load	1	2	1	329	
349	0	109	step_2_no_load	3	4	0.71632547018	0.68658494263	4	521	1	
349	0	110	step_1_no_load	1	2	1	415	
349	0	110	step_2_no_load	5	6	0.395544455384	0.432626681236	5	1389	0	
349	0	111	step_1_no_load	1	2	1	365	
349	0	111	step_2_no_load	3	4	0.724852671171	0.634599547742	4	892	1	
349	0	112	step_1_no_load	1	2	1	401	
349	0	112	step_2_no_load	3	4	0.725701866094	0.635252945963	4	784	0	
349	0	113	step_1_no_load	1	2	1	356	
349	0	113	step_2_no_load	5	6	0.387112818105	0.370697120277	5	826	0	
349	0	114	step_1_no_load	1	2	1	393	
349	0	114	step_2_no_load	3	4	0.718213323791	0.657654904272	4	591	1	
349	0	115	step_1_no_load	1	2	1	348	
349	0	115	step_2_no_load	5	6	0.357661171116	0.390027643099	6	1094	1	
349	0	116	step_1_no_load	1	2	1	396	
349	0	116	step_2_no_load	3	4	0.706736514943	0.680124293449	4	698	0	
349	0	117	step_1_no_load	1	2	1	436	
349	0	117	step_2_no_load	3	4	0.747012267642	0.671842537277	4	695	1	
349	0	118	step_1_no_load	1	2	1	325	
349	0	118	step_2_no_load	5	6	0.362977115924	0.357645851833	6	808	1	
349	0	119	step_1_no_load	1	2	1	502	
349	0	119	step_2_no_load	3	4	0.690424535099	0.661177321751	4	668	1	
349	0	120	step_1_no_load	1	2	1	384	
349	0	120	step_2_no_load	3	4	0.70587238626	0.666433355915	4	497	1	
349	0	121	step_1_no_load	1	2	1	338	
349	0	121	step_2_no_load	3	4	0.658856304095	0.671052306195	4	600	1	
349	0	122	step_1_no_load	1	2	1	318	
349	0	122	step_2_no_load	3	4	0.6136886145	0.672193618854	4	614	0	
349	0	123	step_1_no_load	1	2	2	643	
349	0	123	step_2_no_load	5	6	0.269780614928	0.337526896345	6	1048	0	
349	0	124	step_1_no_load	1	2	2	278	
349	0	124	step_2_no_load	5	6	0.26095206597	0.309430836661	5	500	0	
349	0	125	step_1_no_load	1	2	1	353	
349	0	125	step_2_no_load	5	6	0.290374841566	0.303110862715	6	792	0	
349	0	126	step_1_no_load	1	2	1	286	
349	0	126	step_2_no_load	3	4	0.537863824328	0.600985760967	4	686	0	
349	0	127	step_1_no_load	1	2	1	274	
349	0	127	step_2_no_load	3	4	0.560824094575	0.646945556251	3	447	0	
349	0	128	step_1_no_load	1	2	2	268	
349	0	128	step_2_no_load	5	6	0.260252451606	0.250790232267	6	810	0	
349	0	129	step_1_no_load	1	2	2	263	
349	0	129	step_2_no_load	5	6	0.268213321963	0.271709703542	5	431	0	
349	0	130	step_1_no_load	1	2	2	269	
349	0	130	step_2_no_load	5	6	0.267460866951	0.274560758494	5	379	0	
349	0	131	step_1_no_load	1	2	1	330	
349	0	131	step_2_no_load	3	4	0.678044920845	0.638450601212	4	687	1	
349	0	132	step_1_no_load	1	2	1	316	
349	0	132	step_2_no_load	3	4	0.668578020634	0.660013924697	4	403	1	
349	0	133	step_1_no_load	1	2	1	351	
349	0	133	step_2_no_load	5	6	0.315608831386	0.312642735495	6	455	1	
349	0	134	step_1_no_load	1	2	1	388	
349	0	134	step_2_no_load	5	6	0.287393715313	0.302839427162	6	802	1	
349	0	135	step_1_no_load	1	2	2	542	
349	0	135	step_2_no_load	5	6	0.300079459047	0.287118934166	6	676	0	
349	0	136	step_1_no_load	1	2	2	172	
349	0	136	step_2_no_load	5	6	0.307766925452	0.284521085726	6	812	0	
349	0	137	step_1_no_load	1	2	2	395	
349	0	137	step_2_no_load	5	6	0.346433498467	0.325016613024	5	810	1	
349	0	138	step_1_no_load	1	2	2	655	
349	0	138	step_2_no_load	5	6	0.366701525561	0.307694123906	5	790	0	
349	0	139	step_1_no_load	1	2	2	651	
349	0	139	step_2_no_load	5	6	0.325611400511	0.323660750961	5	812	0	
349	0	140	step_1_no_load	1	2	2	393	
349	0	140	step_2_no_load	5	6	0.348740542008	0.328174526491	6	447	0	
349	0	141	step_1_no_load	1	2	1	506	
349	0	141	step_2_no_load	3	4	0.711987889705	0.616803346728	3	905	0	
349	0	142	step_1_no_load	1	2	1	446	
349	0	142	step_2_no_load	5	6	0.397052682821	0.304203281606	6	1286	0	
349	0	143	step_1_no_load	1	2	1	453	
349	0	143	step_2_no_load	3	4	0.661365099615	0.610219102298	4	722	1	
349	0	144	step_1_no_load	1	2	1	521	
349	0	144	step_2_no_load	3	4	0.626443722248	0.639347300184	4	761	1	
349	0	145	step_1_no_load	1	2	1	420	
349	0	145	step_2_no_load	3	4	0.6669125229	0.606515632748	4	596	1	
349	0	146	step_1_no_load	1	2	1	440	
349	0	146	step_2_no_load	3	4	0.681611991725	0.593778463268	4	494	1	
349	0	147	step_1_no_load	1	2	1	317	
349	0	147	step_2_no_load	3	4	0.647798886916	0.594861186319	4	566	1	
349	0	148	step_1_no_load	1	2	1	344	
349	0	148	step_2_no_load	3	4	0.619272702026	0.648050021239	4	639	1	
349	0	149	step_1_no_load	1	2	1	235	
349	0	149	step_2_no_load	5	6	0.300290206122	0.269951834184	5	844	0	
349	0	150	step_1_no_load	1	2	1	296	
349	0	150	step_2_no_load	5	6	0.306860041627	0.305587692243	6	1008	0	
349	0	151	step_1_no_load	1	2	2	499	
349	0	151	step_2_no_load	5	6	0.310557101463	0.348172164421	5	1233	0	
349	0	152	step_1_no_load	1	2	2	334	
349	0	152	step_2_no_load	5	6	0.323194010514	0.307702500543	6	928	1	
349	0	153	step_1_no_load	1	2	2	556	
349	0	153	step_2_no_load	5	6	0.343622632154	0.309356532263	6	675	1	
349	0	154	step_1_no_load	1	2	2	342	
349	0	154	step_2_no_load	3	4	0.638934099562	0.671672162443	3	934	1	
349	0	155	step_1_no_load	1	2	2	548	
349	0	155	step_2_no_load	5	6	0.372188990474	0.296093457977	5	939	0	
349	0	156	step_1_no_load	1	2	2	358	
349	0	156	step_2_no_load	5	6	0.368378667812	0.32564867104	5	1124	1	
349	0	157	step_1_no_load	1	2	2	503	
349	0	157	step_2_no_load	3	4	0.585191807512	0.720725456325	4	1014	1	
349	0	158	step_1_no_load	1	2	2	465	
349	0	158	step_2_no_load	3	4	0.532722108502	0.694270715354	4	664	1	
349	0	159	step_1_no_load	1	2	2	382	
349	0	159	step_2_no_load	3	4	0.541222065796	0.697903160072	4	871	1	
349	0	160	step_1_no_load	1	2	2	325	
349	0	160	step_2_no_load	5	6	0.355992626298	0.415052912783	5	645	1	
349	0	161	step_1_no_load	1	2	2	431	
349	0	161	step_2_no_load	3	4	0.516036498158	0.719896286569	4	882	0	
349	0	162	step_1_no_load	1	2	2	534	
349	0	162	step_2_no_load	5	6	0.455329532209	0.3926701003	5	516	1	
349	0	163	step_1_no_load	1	2	2	583	
349	0	163	step_2_no_load	5	6	0.430920885959	0.395221309311	5	774	0	
349	0	164	step_1_no_load	1	2	2	484	
349	0	164	step_2_no_load	3	4	0.585961845322	0.692137394606	4	993	1	
349	0	165	step_1_no_load	1	2	2	487	
349	0	165	step_2_no_load	5	6	0.347974240867	0.463777557969	5	841	0	
349	0	166	step_1_no_load	1	2	2	349	
349	0	166	step_2_no_load	5	6	0.356317216644	0.422282731054	5	660	0	
349	0	167	step_1_no_load	1	2	2	424	
349	0	167	step_2_no_load	5	6	0.331115714939	0.38753671275	6	871	0	
349	0	168	step_1_no_load	1	2	2	779	
349	0	168	step_2_no_load	5	6	0.335777599654	0.400817642375	5	922	1	
349	0	169	step_1_no_load	1	2	2	489	
349	0	169	step_2_no_load	5	6	0.365156560071	0.42098542374	5	923	0	
349	0	170	step_1_no_load	1	2	1	617	
349	0	170	step_2_no_load	3	4	0.57151385403	0.67334314737	3	848	0	
349	0	171	step_1_no_load	1	2	1	541	
349	0	171	step_2_no_load	3	4	0.553314431843	0.727248140829	4	699	1	
349	0	172	step_1_no_load	1	2	1	314	
349	0	172	step_2_no_load	3	4	0.519090471457	0.668669556875	4	720	1	
349	0	173	step_1_no_load	1	2	1	326	
349	0	173	step_2_no_load	3	4	0.484428109849	0.667027212577	4	694	0	
349	0	174	step_1_no_load	1	2	2	586	
349	0	174	step_2_no_load	5	6	0.46236234172	0.387867297446	5	874	1	
349	0	175	step_1_no_load	1	2	2	489	
349	0	175	step_2_no_load	3	4	0.52644949356	0.693968268443	3	1171	1	
349	0	176	step_1_no_load	1	2	2	336	
349	0	176	step_2_no_load	3	4	0.474046874473	0.679250000396	3	1150	0	
349	0	177	step_1_no_load	1	2	2	842	
349	0	177	step_2_no_load	3	4	0.501268576771	0.714070205704	4	817	1	
349	0	178	step_1_no_load	1	2	2	392	
349	0	178	step_2_no_load	5	6	0.49020858644	0.36473828006	5	546	0	
349	0	179	step_1_no_load	1	2	2	365	
349	0	179	step_2_no_load	5	6	0.493565996034	0.324685418097	5	883	1	
349	0	180	step_1_no_load	1	2	2	456	
349	0	180	step_2_no_load	5	6	0.489345734128	0.341214611607	5	743	1	
349	0	181	step_1_no_load	1	2	2	525	
349	0	181	step_2_no_load	5	6	0.480141179559	0.342402764747	5	724	0	
349	0	182	step_1_no_load	1	2	2	464	
349	0	182	step_2_no_load	5	6	0.49907747228	0.340533666308	5	870	0	
349	0	183	step_1_no_load	1	2	1	451	
349	0	183	step_2_no_load	5	6	0.492742497507	0.350175837802	5	1003	0	
349	0	184	step_1_no_load	1	2	1	425	
349	0	184	step_2_no_load	3	4	0.460890977786	0.657291439324	4	682	0	
349	0	185	step_1_no_load	1	2	1	454	
349	0	185	step_2_no_load	3	4	0.479703516092	0.665622647081	4	464	0	
349	0	186	step_1_no_load	1	2	1	395	
349	0	186	step_2_no_load	3	4	0.46870859828	0.656308636836	3	674	0	
349	0	187	step_1_no_load	1	2	1	324	
349	0	187	step_2_no_load	3	4	0.443962917772	0.678211978625	3	739	0	
349	0	188	step_1_no_load	1	2	1	428	
349	0	188	step_2_no_load	3	4	0.471319680586	0.696362660087	4	515	0	
349	0	189	step_1_no_load	1	2	1	303	
349	0	189	step_2_no_load	3	4	0.448897869069	0.688353284054	4	655	1	
349	0	190	step_1_no_load	1	2	1	421	
349	0	190	step_2_no_load	3	4	0.433568856946	0.667655825994	4	539	1	
349	0	191	step_1_no_load	1	2	1	402	
349	0	191	step_2_no_load	5	6	0.512103523931	0.318839908867	5	1235	0	
349	0	192	step_1_no_load	1	2	1	600	
349	0	192	step_2_no_load	5	6	0.493851022417	0.299297135717	6	942	1	
349	0	193	step_1_no_load	1	2	1	402	
349	0	193	step_2_no_load	3	4	0.440813209638	0.679792491164	4	865	0	
349	0	194	step_1_no_load	1	2	1	581	
349	0	194	step_2_no_load	5	6	0.505359594715	0.342437174514	6	759	1	
349	0	195	step_1_no_load	1	2	1	360	
349	0	195	step_2_no_load	3	4	0.466795336969	0.646280688878	4	1047	1	
349	0	196	step_1_no_load	1	2	1	395	
349	0	196	step_2_no_load	5	6	0.496717662777	0.365373286058	6	874	0	
349	0	197	step_1_no_load	1	2	1	295	
349	0	197	step_2_no_load	3	4	0.422511153127	0.686552522522	4	814	0	
349	0	198	step_1_no_load	1	2	1	394	
349	0	198	step_2_no_load	3	4	0.397292432346	0.68660989813	4	603	1	
349	0	199	step_1_no_load	1	2	1	346	
349	0	199	step_2_no_load	3	4	0.39793773834	0.73697129762	4	770	1	
349	0	200	step_1_no_load	1	2	1	327	
349	0	200	step_2_no_load	5	6	0.507902534353	0.299128796668	6	614	0	

Mon Apr 26 17:34:45 2021
