Tue Apr 27 15:15:01 2021	
350	0	1	step_1_no_load	1	2	1	563	
350	0	1	step_2_no_load	5	6	0.594299910136	0.598297890399	5	544	0	
350	0	2	step_1_no_load	1	2	2	471	
350	0	2	step_2_no_load	3	4	0.533203491871	0.474613197709	4	742	1	
350	0	3	step_1_no_load	1	2	2	506	
350	0	3	step_2_no_load	3	4	0.516002945397	0.476767372206	4	364	0	
350	0	4	step_1_no_load	1	2	1	513	
350	0	4	step_2_no_load	3	4	0.494597764192	0.478607661228	4	626	1	
350	0	5	step_1_no_load	1	2	1	744	
350	0	5	step_2_no_load	3	4	0.543908521457	0.495568760483	4	399	0	
350	0	6	step_1_no_load	1	2	2	374	
350	0	6	step_2_no_load	5	6	0.603642866427	0.585722686883	6	453	0	
350	0	7	step_1_no_load	1	2	2	489	
350	0	7	step_2_no_load	5	6	0.622642364361	0.568656746487	5	369	1	
350	0	8	step_1_no_load	1	2	1	510	
350	0	8	step_2_no_load	5	6	0.624210374623	0.59128639594	6	359	0	
350	0	9	step_1_no_load	1	2	1	654	
350	0	9	step_2_no_load	3	4	0.54429228266	0.496546708465	4	752	1	
350	0	10	step_1_no_load	1	2	2	694	
350	0	10	step_2_no_load	3	4	0.576063520885	0.482364178155	3	325	0	
350	0	11	step_1_no_load	1	2	1	511	
350	0	11	step_2_no_load	3	4	0.59022801242	0.477013315682	3	568	1	
350	0	12	step_1_no_load	1	2	2	933	
350	0	12	step_2_no_load	5	6	0.552770607849	0.682786328054	5	757	1	
350	0	13	step_1_no_load	1	2	2	956	
350	0	13	step_2_no_load	5	6	0.558313135925	0.653587098421	6	963	0	
350	0	14	step_1_no_load	1	2	2	992	
350	0	14	step_2_no_load	5	6	0.545555696267	0.629137942344	6	879	0	
350	0	15	step_1_no_load	1	2	1	711	
350	0	15	step_2_no_load	3	4	0.633564630036	0.505377237737	3	623	0	
350	0	16	step_1_no_load	1	2	2	765	
350	0	16	step_2_no_load	5	6	0.553308964466	0.628091198119	5	1102	0	
350	0	17	step_1_no_load	1	2	2	700	
350	0	17	step_2_no_load	5	6	0.562895132605	0.633350170016	6	731	0	
350	0	18	step_1_no_load	1	2	1	642	
350	0	18	step_2_no_load	3	4	0.626895526976	0.517514133912	3	632	1	
350	0	19	step_1_no_load	1	2	1	582	
350	0	19	step_2_no_load	5	6	0.536502319591	0.619895761657	5	549	1	
350	0	20	step_1_no_load	1	2	2	857	
350	0	20	step_2_no_load	5	6	0.491720931314	0.636521555122	6	1120	1	
350	0	21	step_1_no_load	1	2	2	631	
350	0	21	step_2_no_load	5	6	0.470207377245	0.630305464549	6	686	0	
350	0	22	step_1_no_load	1	2	2	714	
350	0	22	step_2_no_load	5	6	0.468700882609	0.621949894727	5	921	1	
350	0	23	step_1_no_load	1	2	1	566	
350	0	23	step_2_no_load	3	4	0.604065470975	0.520606588181	3	933	1	
350	0	24	step_1_no_load	1	2	1	699	
350	0	24	step_2_no_load	3	4	0.5800912085	0.505388876622	3	860	0	
350	0	25	step_1_no_load	1	2	2	462	
350	0	25	step_2_no_load	3	4	0.629917901014	0.503316372362	4	704	0	
350	0	26	step_1_no_load	1	2	2	544	
350	0	26	step_2_no_load	5	6	0.532884212818	0.592410219737	5	775	0	
350	0	27	step_1_no_load	1	2	1	469	
350	0	27	step_2_no_load	3	4	0.642144756622	0.507272671939	3	1124	0	
350	0	28	step_1_no_load	1	2	2	640	
350	0	28	step_2_no_load	5	6	0.553259388875	0.588356036098	6	687	1	
350	0	29	step_1_no_load	1	2	2	476	
350	0	29	step_2_no_load	5	6	0.561957580386	0.606613029227	6	733	1	
350	0	30	step_1_no_load	1	2	2	748	
350	0	30	step_2_no_load	3	4	0.610227092493	0.4919199548	4	795	1	
350	0	31	step_1_no_load	1	2	2	335	
350	0	31	step_2_no_load	3	4	0.606122691795	0.483156722265	4	437	0	
350	0	32	step_1_no_load	1	2	1	434	
350	0	32	step_2_no_load	5	6	0.522993086096	0.634585171267	5	556	1	
350	0	33	step_1_no_load	1	2	1	400	
350	0	33	step_2_no_load	5	6	0.542309898544	0.611700032906	5	766	1	
350	0	34	step_1_no_load	1	2	1	578	
350	0	34	step_2_no_load	3	4	0.670290552209	0.454565258478	3	569	1	
350	0	35	step_1_no_load	1	2	1	553	
350	0	35	step_2_no_load	5	6	0.594167768198	0.566827313385	5	491	1	
350	0	36	step_1_no_load	1	2	1	342	
350	0	36	step_2_no_load	5	6	0.611274573488	0.527635087561	5	397	0	
350	0	37	step_1_no_load	1	2	2	330	
350	0	37	step_2_no_load	5	6	0.598446394142	0.513822304161	6	644	0	
350	0	38	step_1_no_load	1	2	2	371	
350	0	38	step_2_no_load	5	6	0.595113730206	0.539078491643	6	762	0	
350	0	39	step_1_no_load	1	2	2	345	
350	0	39	step_2_no_load	5	6	0.610601635554	0.557005857101	5	712	1	
350	0	40	step_1_no_load	1	2	2	304	
350	0	40	step_2_no_load	5	6	0.607992802154	0.580760785074	5	344	1	
350	0	41	step_1_no_load	1	2	2	319	
350	0	41	step_2_no_load	5	6	0.588857868869	0.524862294848	5	463	0	
350	0	42	step_1_no_load	1	2	1	621	
350	0	42	step_2_no_load	3	4	0.606696263624	0.553461946234	4	319	0	
350	0	43	step_1_no_load	1	2	1	387	
350	0	43	step_2_no_load	3	4	0.581931546759	0.548128010644	3	413	1	
350	0	44	step_1_no_load	1	2	1	346	
350	0	44	step_2_no_load	3	4	0.589653131867	0.537842745081	3	362	1	
350	0	45	step_1_no_load	1	2	1	648	
350	0	45	step_2_no_load	5	6	0.632991467829	0.579346234508	5	407	0	
350	0	46	step_1_no_load	1	2	2	445	
350	0	46	step_2_no_load	5	6	0.600964500555	0.55511883717	6	292	0	
350	0	47	step_1_no_load	1	2	2	339	
350	0	47	step_2_no_load	5	6	0.598724660986	0.546259467838	5	419	1	
350	0	48	step_1_no_load	1	2	2	343	
350	0	48	step_2_no_load	5	6	0.615767119776	0.534690828011	5	302	1	
350	0	49	step_1_no_load	1	2	2	628	
350	0	49	step_2_no_load	5	6	0.610193185592	0.512405963374	5	1043	0	
350	0	50	step_1_no_load	1	2	1	337	
350	0	50	step_2_no_load	3	4	0.593458480934	0.47381367271	4	496	0	
350	0	51	step_1_no_load	1	2	1	485	
350	0	51	step_2_no_load	3	4	0.613357430892	0.469943944943	3	615	1	
350	0	52	step_1_no_load	1	2	1	554	
350	0	52	step_2_no_load	3	4	0.613408921915	0.429622901875	3	344	1	
350	0	53	step_1_no_load	1	2	2	557	
350	0	53	step_2_no_load	3	4	0.630956764252	0.451905460347	4	411	0	
350	0	54	step_1_no_load	1	2	1	608	
350	0	54	step_2_no_load	3	4	0.652515308527	0.491512498697	3	337	1	
350	0	55	step_1_no_load	1	2	1	509	
350	0	55	step_2_no_load	5	6	0.574045915747	0.526704292526	5	470	1	
350	0	56	step_1_no_load	1	2	1	386	
350	0	56	step_2_no_load	3	4	0.60038825769	0.459773408493	3	411	1	
350	0	57	step_1_no_load	1	2	1	336	
350	0	57	step_2_no_load	5	6	0.641849303307	0.516475618243	5	271	1	
350	0	58	step_1_no_load	1	2	2	666	
350	0	58	step_2_no_load	5	6	0.664682809182	0.528376440027	6	314	1	
350	0	59	step_1_no_load	1	2	2	374	
350	0	59	step_2_no_load	5	6	0.632500293208	0.537400760025	6	206	0	
350	0	60	step_1_no_load	1	2	1	413	
350	0	60	step_2_no_load	3	4	0.599559577859	0.491916707098	3	356	0	
350	0	61	step_1_no_load	1	2	2	872	
350	0	61	step_2_no_load	5	6	0.669587072502	0.527144452559	5	642	0	
350	0	62	step_1_no_load	1	2	1	376	
350	0	62	step_2_no_load	3	4	0.622820395113	0.50724109756	4	399	0	
350	0	63	step_1_no_load	1	2	1	669	
350	0	63	step_2_no_load	3	4	0.642623127313	0.53192660365	3	404	0	
350	0	64	step_1_no_load	1	2	2	321	
350	0	64	step_2_no_load	5	6	0.642369708469	0.533849886794	6	315	1	
350	0	65	step_1_no_load	1	2	2	288	
350	0	65	step_2_no_load	5	6	0.612660225018	0.517687993213	6	306	0	
350	0	66	step_1_no_load	1	2	2	695	
350	0	66	step_2_no_load	5	6	0.606938648072	0.555324764318	5	463	0	
350	0	67	step_1_no_load	1	2	1	626	
350	0	67	step_2_no_load	3	4	0.674463681351	0.542076810516	3	401	1	
350	0	68	step_1_no_load	1	2	1	1343	
350	0	68	step_2_no_load	3	4	0.719455209845	0.509127161919	3	950	1	
350	0	69	step_1_no_load	1	2	1	402	
350	0	69	step_2_no_load	3	4	0.718756538957	0.499137600991	3	391	0	
350	0	70	step_1_no_load	1	2	2	494	
350	0	70	step_2_no_load	3	4	0.697741832068	0.498834901463	4	365	1	
350	0	71	step_1_no_load	1	2	2	376	
350	0	71	step_2_no_load	3	4	0.706816191949	0.482863323776	4	360	1	
350	0	72	step_1_no_load	1	2	2	453	
350	0	72	step_2_no_load	5	6	0.626024641967	0.556486305476	6	309	1	
350	0	73	step_1_no_load	1	2	2	353	
350	0	73	step_2_no_load	5	6	0.657126403029	0.50185699984	6	321	1	
350	0	74	step_1_no_load	1	2	2	326	
350	0	74	step_2_no_load	3	4	0.693624670847	0.453420386428	4	293	1	
350	0	75	step_1_no_load	1	2	2	322	
350	0	75	step_2_no_load	3	4	0.697629587097	0.44832280175	4	220	0	
350	0	76	step_1_no_load	1	2	1	480	
350	0	76	step_2_no_load	3	4	0.690117652944	0.488583631821	3	222	1	
350	0	77	step_1_no_load	1	2	1	331	
350	0	77	step_2_no_load	3	4	0.679737625371	0.446809557226	3	338	1	
350	0	78	step_1_no_load	1	2	1	280	
350	0	78	step_2_no_load	3	4	0.647586191228	0.435911167612	3	319	1	
350	0	79	step_1_no_load	1	2	1	331	
350	0	79	step_2_no_load	3	4	0.647841624544	0.389124152368	3	298	1	
350	0	80	step_1_no_load	1	2	1	364	
350	0	80	step_2_no_load	3	4	0.703969305517	0.396016175285	3	262	0	
350	0	81	step_1_no_load	1	2	2	436	
350	0	81	step_2_no_load	5	6	0.529745690463	0.494116554432	6	381	0	
350	0	82	step_1_no_load	1	2	1	521	
350	0	82	step_2_no_load	5	6	0.564729328387	0.482727017837	6	435	1	
350	0	83	step_1_no_load	1	2	1	314	
350	0	83	step_2_no_load	3	4	0.726885136842	0.382772464038	4	304	0	
350	0	84	step_1_no_load	1	2	2	695	
350	0	84	step_2_no_load	5	6	0.65843840156	0.505586222209	5	310	1	
350	0	85	step_1_no_load	1	2	2	307	
350	0	85	step_2_no_load	5	6	0.692384972752	0.485785534744	5	243	1	
350	0	86	step_1_no_load	1	2	2	303	
350	0	86	step_2_no_load	5	6	0.691782850001	0.486462788728	5	46	1	
350	0	87	step_1_no_load	1	2	2	314	
350	0	87	step_2_no_load	5	6	0.719375344246	0.493867001103	5	264	1	
350	0	88	step_1_no_load	1	2	2	406	
350	0	88	step_2_no_load	5	6	0.717410082358	0.509563243675	5	464	1	
350	0	89	step_1_no_load	1	2	2	324	
350	0	89	step_2_no_load	3	4	0.660112261017	0.415882489686	3	27	1	
350	0	90	step_1_no_load	1	2	2	430	
350	0	90	step_2_no_load	5	6	0.712247848046	0.530126112124	5	156	1	
350	0	91	step_1_no_load	1	2	2	313	
350	0	91	step_2_no_load	5	6	0.685023809334	0.479087223222	5	113	1	
350	0	92	step_1_no_load	1	2	2	277	
350	0	92	step_2_no_load	3	4	0.679381608313	0.444368850664	3	292	1	
350	0	93	step_1_no_load	1	2	2	288	
350	0	93	step_2_no_load	5	6	0.70415710998	0.473273727684	5	391	1	
350	0	94	step_1_no_load	1	2	2	276	
350	0	94	step_2_no_load	5	6	0.719464414227	0.468637558205	5	334	1	
350	0	95	step_1_no_load	1	2	2	290	
350	0	95	step_2_no_load	5	6	0.715495469274	0.42505578884	5	265	1	
350	0	96	step_1_no_load	1	2	2	276	
350	0	96	step_2_no_load	3	4	0.663095813561	0.383038640121	3	243	1	
350	0	97	step_1_no_load	1	2	2	287	
350	0	97	step_2_no_load	5	6	0.681272614291	0.455601814112	5	241	1	
350	0	98	step_1_no_load	1	2	2	268	
350	0	98	step_2_no_load	5	6	0.70287861952	0.431479829356	5	246	1	
350	0	99	step_1_no_load	1	2	2	265	
350	0	99	step_2_no_load	5	6	0.673709850038	0.375249961522	5	200	1	
350	0	100	step_1_no_load	1	2	2	254	
350	0	100	step_2_no_load	3	4	0.66579920021	0.4333505304	3	246	1	
350	0	101	step_1_no_load	1	2	2	476	
350	0	101	step_2_no_load	5	6	0.623812401974	0.366879421891	5	300	0	
350	0	102	step_1_no_load	1	2	1	336	
350	0	102	step_2_no_load	3	4	0.663124617603	0.494584754513	4	256	1	
350	0	103	step_1_no_load	1	2	1	318	
350	0	103	step_2_no_load	3	4	0.69058998368	0.481975449893	4	262	1	
350	0	104	step_1_no_load	1	2	1	310	
350	0	104	step_2_no_load	3	4	0.743372642809	0.521047445908	4	269	0	
350	0	105	step_1_no_load	1	2	1	499	
350	0	105	step_2_no_load	3	4	0.722851301692	0.514318365187	3	393	0	
350	0	106	step_1_no_load	1	2	1	464	
350	0	106	step_2_no_load	5	6	0.712883638252	0.374131494222	6	270	0	
350	0	107	step_1_no_load	1	2	2	275	
350	0	107	step_2_no_load	5	6	0.692607431435	0.388257337796	6	313	1	
350	0	108	step_1_no_load	1	2	2	311	
350	0	108	step_2_no_load	3	4	0.681491063126	0.526955028982	4	278	0	
350	0	109	step_1_no_load	1	2	1	323	
350	0	109	step_2_no_load	3	4	0.68658494263	0.479977531501	3	326	0	
350	0	110	step_1_no_load	1	2	1	577	
350	0	110	step_2_no_load	5	6	0.729599891941	0.395544455384	6	273	0	
350	0	111	step_1_no_load	1	2	2	805	
350	0	111	step_2_no_load	5	6	0.724852671171	0.407158158569	5	323	1	
350	0	112	step_1_no_load	1	2	2	255	
350	0	112	step_2_no_load	5	6	0.725701866094	0.413393106784	5	304	0	
350	0	113	step_1_no_load	1	2	1	476	
350	0	113	step_2_no_load	5	6	0.719324307956	0.387112818105	5	321	1	
350	0	114	step_1_no_load	1	2	1	317	
350	0	114	step_2_no_load	3	4	0.657654904272	0.380324086676	3	276	0	
350	0	115	step_1_no_load	1	2	2	513	
350	0	115	step_2_no_load	5	6	0.739704344621	0.357661171116	6	272	0	
350	0	116	step_1_no_load	1	2	1	507	
350	0	116	step_2_no_load	5	6	0.706736514943	0.369438791876	6	386	1	
350	0	117	step_1_no_load	1	2	1	327	
350	0	117	step_2_no_load	3	4	0.671842537277	0.374621793791	4	256	0	
350	0	118	step_1_no_load	1	2	2	286	
350	0	118	step_2_no_load	3	4	0.690484235012	0.357645851833	3	157	1	
350	0	119	step_1_no_load	1	2	2	962	
350	0	119	step_2_no_load	5	6	0.690424535099	0.358243439099	5	452	1	
350	0	120	step_1_no_load	1	2	2	319	
350	0	120	step_2_no_load	5	6	0.70587238626	0.333809617664	5	118	1	
350	0	121	step_1_no_load	1	2	2	288	
350	0	121	step_2_no_load	3	4	0.671052306195	0.352721767208	3	329	0	
350	0	122	step_1_no_load	1	2	1	303	
350	0	122	step_2_no_load	3	4	0.672193618854	0.329624572119	4	222	0	
350	0	123	step_1_no_load	1	2	1	698	
350	0	123	step_2_no_load	5	6	0.583607229978	0.269780614928	5	426	1	
350	0	124	step_1_no_load	1	2	1	414	
350	0	124	step_2_no_load	3	4	0.624161788269	0.309430836661	3	325	0	
350	0	125	step_1_no_load	1	2	2	266	
350	0	125	step_2_no_load	3	4	0.633566302563	0.303110862715	4	249	0	
350	0	126	step_1_no_load	1	2	1	534	
350	0	126	step_2_no_load	3	4	0.600985760967	0.300846667696	4	278	0	
350	0	127	step_1_no_load	1	2	2	298	
350	0	127	step_2_no_load	3	4	0.646945556251	0.274944938508	3	260	1	
350	0	128	step_1_no_load	1	2	2	266	
350	0	128	step_2_no_load	5	6	0.636905534066	0.260252451606	5	289	1	
350	0	129	step_1_no_load	1	2	2	262	
350	0	129	step_2_no_load	3	4	0.632682846317	0.271709703542	3	133	1	
350	0	130	step_1_no_load	1	2	2	305	
350	0	130	step_2_no_load	3	4	0.630285316669	0.274560758494	3	183	0	
350	0	131	step_1_no_load	1	2	1	261	
350	0	131	step_2_no_load	3	4	0.638450601212	0.311475039155	4	228	1	
350	0	132	step_1_no_load	1	2	1	296	
350	0	132	step_2_no_load	3	4	0.660013924697	0.315328810424	4	343	0	
350	0	133	step_1_no_load	1	2	2	475	
350	0	133	step_2_no_load	5	6	0.617383991623	0.315608831386	5	306	1	
350	0	134	step_1_no_load	1	2	2	448	
350	0	134	step_2_no_load	5	6	0.621945110858	0.287393715313	5	279	1	
350	0	135	step_1_no_load	1	2	2	1166	
350	0	135	step_2_no_load	5	6	0.593710006149	0.300079459047	5	517	1	
350	0	136	step_1_no_load	1	2	2	305	
350	0	136	step_2_no_load	5	6	0.597814413435	0.307766925452	5	265	0	
350	0	137	step_1_no_load	1	2	1	343	
350	0	137	step_2_no_load	5	6	0.605896884497	0.346433498467	6	286	0	
350	0	138	step_1_no_load	1	2	2	733	
350	0	138	step_2_no_load	5	6	0.63240964674	0.366701525561	6	340	1	
350	0	139	step_1_no_load	1	2	2	293	
350	0	139	step_2_no_load	3	4	0.696355985729	0.323660750961	4	243	1	
350	0	140	step_1_no_load	1	2	2	505	
350	0	140	step_2_no_load	5	6	0.671213945178	0.348740542008	6	119	0	
350	0	141	step_1_no_load	1	2	1	341	
350	0	141	step_2_no_load	5	6	0.711987889705	0.390227133375	5	284	0	
350	0	142	step_1_no_load	1	2	2	297	
350	0	142	step_2_no_load	5	6	0.690276058009	0.397052682821	5	258	1	
350	0	143	step_1_no_load	1	2	2	294	
350	0	143	step_2_no_load	3	4	0.610219102298	0.313516825296	3	245	1	
350	0	144	step_1_no_load	1	2	2	315	
350	0	144	step_2_no_load	5	6	0.626443722248	0.389234194056	5	218	1	
350	0	145	step_1_no_load	1	2	2	278	
350	0	145	step_2_no_load	5	6	0.6669125229	0.355256413269	5	245	0	
350	0	146	step_1_no_load	1	2	1	328	
350	0	146	step_2_no_load	3	4	0.593778463268	0.257861956214	3	402	1	
350	0	147	step_1_no_load	1	2	1	305	
350	0	147	step_2_no_load	3	4	0.594861186319	0.265578160642	3	256	1	
350	0	148	step_1_no_load	1	2	1	301	
350	0	148	step_2_no_load	5	6	0.619272702026	0.311162711725	5	267	1	
350	0	149	step_1_no_load	1	2	1	295	
350	0	149	step_2_no_load	5	6	0.601870110183	0.300290206122	5	222	1	
350	0	150	step_1_no_load	1	2	1	315	
350	0	150	step_2_no_load	3	4	0.605912419156	0.305587692243	3	226	1	
350	0	151	step_1_no_load	1	2	1	289	
350	0	151	step_2_no_load	5	6	0.59154759351	0.310557101463	5	258	1	
350	0	152	step_1_no_load	1	2	1	361	
350	0	152	step_2_no_load	3	4	0.644204174791	0.307702500543	3	248	1	
350	0	153	step_1_no_load	1	2	1	485	
350	0	153	step_2_no_load	5	6	0.613336203392	0.343622632154	5	237	1	
350	0	154	step_1_no_load	1	2	1	274	
350	0	154	step_2_no_load	3	4	0.671672162443	0.316375537537	3	290	1	
350	0	155	step_1_no_load	1	2	1	286	
350	0	155	step_2_no_load	3	4	0.716100930629	0.296093457977	3	277	1	
350	0	156	step_1_no_load	1	2	1	283	
350	0	156	step_2_no_load	3	4	0.734436160799	0.32564867104	3	188	1	
350	0	157	step_1_no_load	1	2	1	330	
350	0	157	step_2_no_load	3	4	0.720725456325	0.350909357271	3	514	0	
350	0	158	step_1_no_load	1	2	2	406	
350	0	158	step_2_no_load	5	6	0.532722108502	0.334595868098	6	245	0	
350	0	159	step_1_no_load	1	2	1	1058	
350	0	159	step_2_no_load	3	4	0.697903160072	0.413026375257	4	488	1	
350	0	160	step_1_no_load	1	2	1	286	
350	0	160	step_2_no_load	3	4	0.710728171711	0.415052912783	4	61	1	
350	0	161	step_1_no_load	1	2	1	271	
350	0	161	step_2_no_load	5	6	0.516036498158	0.438878285506	6	270	0	
350	0	162	step_1_no_load	1	2	2	300	
350	0	162	step_2_no_load	5	6	0.566496468084	0.455329532209	5	274	0	
350	0	163	step_1_no_load	1	2	1	536	
350	0	163	step_2_no_load	3	4	0.697095951435	0.395221309311	3	263	1	
350	0	164	step_1_no_load	1	2	1	171	
350	0	164	step_2_no_load	5	6	0.585961845322	0.430844125626	5	341	0	
350	0	165	step_1_no_load	1	2	2	286	
350	0	165	step_2_no_load	3	4	0.717506143195	0.463777557969	4	256	0	
350	0	166	step_1_no_load	1	2	1	525	
350	0	166	step_2_no_load	5	6	0.549095060025	0.356317216644	6	239	1	
350	0	167	step_1_no_load	1	2	1	307	
350	0	167	step_2_no_load	3	4	0.706271792549	0.38753671275	4	227	0	
350	0	168	step_1_no_load	1	2	2	301	
350	0	168	step_2_no_load	3	4	0.67192508984	0.400817642375	3	293	1	
350	0	169	step_1_no_load	1	2	2	280	
350	0	169	step_2_no_load	5	6	0.586049140041	0.365156560071	5	218	0	
350	0	170	step_1_no_load	1	2	1	378	
350	0	170	step_2_no_load	5	6	0.57151385403	0.364989630435	5	354	1	
350	0	171	step_1_no_load	1	2	1	263	
350	0	171	step_2_no_load	3	4	0.727248140829	0.386979310814	3	230	1	
350	0	172	step_1_no_load	1	2	1	259	
350	0	172	step_2_no_load	5	6	0.519090471457	0.490120307546	5	226	0	
350	0	173	step_1_no_load	1	2	2	279	
350	0	173	step_2_no_load	5	6	0.484428109849	0.462866379815	6	240	1	
350	0	174	step_1_no_load	1	2	2	263	
350	0	174	step_2_no_load	5	6	0.472729524832	0.46236234172	6	143	1	
350	0	175	step_1_no_load	1	2	2	355	
350	0	175	step_2_no_load	3	4	0.693968268443	0.426185553904	4	202	0	
350	0	176	step_1_no_load	1	2	1	263	
350	0	176	step_2_no_load	5	6	0.474046874473	0.500856457218	5	166	0	
350	0	177	step_1_no_load	1	2	2	292	
350	0	177	step_2_no_load	3	4	0.714070205704	0.357425668099	3	59	1	
350	0	178	step_1_no_load	1	2	2	263	
350	0	178	step_2_no_load	5	6	0.493712351915	0.49020858644	5	29	1	
350	0	179	step_1_no_load	1	2	2	289	
350	0	179	step_2_no_load	5	6	0.457298770028	0.493565996034	5	259	0	
350	0	180	step_1_no_load	1	2	1	286	
350	0	180	step_2_no_load	3	4	0.719795072986	0.341214611607	4	269	0	
350	0	181	step_1_no_load	1	2	1	274	
350	0	181	step_2_no_load	3	4	0.746910336326	0.342402764747	3	281	1	
350	0	182	step_1_no_load	1	2	1	256	
350	0	182	step_2_no_load	5	6	0.506773281362	0.49907747228	5	206	1	
350	0	183	step_1_no_load	1	2	1	267	
350	0	183	step_2_no_load	3	4	0.720388040749	0.350175837802	3	225	1	
350	0	184	step_1_no_load	1	2	1	406	
350	0	184	step_2_no_load	3	4	0.657291439324	0.362743255194	3	269	1	
350	0	185	step_1_no_load	1	2	1	289	
350	0	185	step_2_no_load	3	4	0.665622647081	0.362611152222	3	312	1	
350	0	186	step_1_no_load	1	2	1	286	
350	0	186	step_2_no_load	3	4	0.656308636836	0.332733011923	3	325	1	
350	0	187	step_1_no_load	1	2	1	593	
350	0	187	step_2_no_load	3	4	0.678211978625	0.328890769988	3	623	0	
350	0	188	step_1_no_load	1	2	2	1101	
350	0	188	step_2_no_load	5	6	0.471319680586	0.548350535247	6	463	0	
350	0	189	step_1_no_load	1	2	2	443	
350	0	189	step_2_no_load	5	6	0.448897869069	0.534753756004	5	170	1	
350	0	190	step_1_no_load	1	2	2	262	
350	0	190	step_2_no_load	3	4	0.667655825994	0.304557739386	3	93	0	
350	0	191	step_1_no_load	1	2	1	282	
350	0	191	step_2_no_load	3	4	0.664271461991	0.318839908867	4	224	0	
350	0	192	step_1_no_load	1	2	1	423	
350	0	192	step_2_no_load	3	4	0.705517419189	0.299297135717	3	385	1	
350	0	193	step_1_no_load	1	2	1	284	
350	0	193	step_2_no_load	3	4	0.679792491164	0.321008037746	3	267	0	
350	0	194	step_1_no_load	1	2	2	254	
350	0	194	step_2_no_load	5	6	0.433250459893	0.505359594715	6	173	1	
350	0	195	step_1_no_load	1	2	2	272	
350	0	195	step_2_no_load	5	6	0.466795336969	0.494102184238	6	224	1	
350	0	196	step_1_no_load	1	2	2	268	
350	0	196	step_2_no_load	3	4	0.695101215304	0.365373286058	4	74	1	
350	0	197	step_1_no_load	1	2	2	334	
350	0	197	step_2_no_load	3	4	0.686552522522	0.316987700969	4	237	0	
350	0	198	step_1_no_load	1	2	1	290	
350	0	198	step_2_no_load	3	4	0.68660989813	0.303352625941	3	269	1	
350	0	199	step_1_no_load	1	2	1	234	
350	0	199	step_2_no_load	3	4	0.73697129762	0.292861528884	3	283	1	
350	0	200	step_1_no_load	1	2	1	287	
350	0	200	step_2_no_load	3	4	0.728996708473	0.299128796668	3	239	0	

Tue Apr 27 15:33:35 2021
