Wed Apr 28 15:21:23 2021	
353	0	1	step_1_no_load	1	2	1	643	
353	0	1	step_2_no_load	3	4	0.598297890399	0.511789129507	3	757	0	
353	0	2	step_1_no_load	1	2	2	99	
353	0	2	step_2_no_load	5	6	0.610961032466	0.474613197709	6	850	0	
353	0	3	step_1_no_load	1	2	1	0	
353	0	3	step_2_no_load	3	4	0.584197065669	0.516002945397	4	461	0	
353	0	4	step_1_no_load	1	2	1	735	
353	0	4	step_2_no_load	3	4	0.597491569846	0.494597764192	3	454	0	
353	0	5	step_1_no_load	1	2	2	522	
353	0	5	step_2_no_load	3	4	0.623810210114	0.543908521457	3	348	1	
353	0	6	step_1_no_load	1	2	2	163	
353	0	6	step_2_no_load	5	6	0.603642866427	0.506877622204	5	971	1	
353	0	7	step_1_no_load	1	2	2	153	
353	0	7	step_2_no_load	5	6	0.622642364361	0.500071913476	5	681	1	
353	0	8	step_1_no_load	1	2	1	278	
353	0	8	step_2_no_load	3	4	0.59128639594	0.499203529332	3	0	1	
353	0	9	step_1_no_load	1	2	2	316	
353	0	9	step_2_no_load	5	6	0.641106877158	0.496546708465	5	620	0	
353	0	10	step_1_no_load	1	2	1	537	
353	0	10	step_2_no_load	3	4	0.652626043146	0.576063520885	3	1016	1	
353	0	11	step_1_no_load	1	2	2	1437	
353	0	11	step_2_no_load	3	4	0.69163818036	0.59022801242	-1	-1	-1	
353	0	12	step_1_no_load	1	2	2	1367	
353	0	12	step_2_no_load	3	4	0.682786328054	0.597131918027	3	1327	1	
353	0	13	step_1_no_load	1	2	2	438	
353	0	13	step_2_no_load	3	4	0.653587098421	0.595790490356	4	301	0	
353	0	14	step_1_no_load	1	2	1	715	
353	0	14	step_2_no_load	3	4	0.629137942344	0.611256675753	3	513	0	
353	0	15	step_1_no_load	1	2	2	280	
353	0	15	step_2_no_load	5	6	0.570419113221	0.505377237737	6	1008	0	
353	0	16	step_1_no_load	1	2	1	284	
353	0	16	step_2_no_load	3	4	0.628091198119	0.626326396372	4	501	0	
353	0	17	step_1_no_load	1	2	1	600	
353	0	17	step_2_no_load	3	4	0.633350170016	0.643116883134	4	273	1	
353	0	18	step_1_no_load	1	2	1	0	
353	0	18	step_2_no_load	5	6	0.553554620302	0.517514133912	6	1163	0	
353	0	19	step_1_no_load	1	2	2	845	
353	0	19	step_2_no_load	5	6	0.536502319591	0.498240186199	5	551	1	
353	0	20	step_1_no_load	1	2	1	619	
353	0	20	step_2_no_load	3	4	0.636521555122	0.60665343963	4	666	1	
353	0	21	step_1_no_load	1	2	2	518	
353	0	21	step_2_no_load	3	4	0.630305464549	0.611328949295	3	1365	1	
353	0	22	step_1_no_load	1	2	2	306	
353	0	22	step_2_no_load	3	4	0.621949894727	0.618527126547	4	420	1	
353	0	23	step_1_no_load	1	2	2	335	
353	0	23	step_2_no_load	3	4	0.640163623731	0.604065470975	3	1182	0	
353	0	24	step_1_no_load	1	2	2	355	
353	0	24	step_2_no_load	5	6	0.503316199018	0.505388876622	5	1274	0	
353	0	25	step_1_no_load	1	2	2	78	
353	0	25	step_2_no_load	3	4	0.565698722896	0.629917901014	4	1006	0	
353	0	26	step_1_no_load	1	2	2	408	
353	0	26	step_2_no_load	3	4	0.592410219737	0.640635035276	3	1023	1	
353	0	27	step_1_no_load	1	2	2	299	
353	0	27	step_2_no_load	5	6	0.54756089792	0.507272671939	5	324	0	
353	0	28	step_1_no_load	1	2	2	339	
353	0	28	step_2_no_load	5	6	0.553259388875	0.520177259699	5	579	1	
353	0	29	step_1_no_load	1	2	2	386	
353	0	29	step_2_no_load	5	6	0.561957580386	0.521159009103	-1	-1	-1	
353	0	30	step_1_no_load	1	2	2	534	
353	0	30	step_2_no_load	5	6	0.574272497114	0.4919199548	6	1212	1	
353	0	31	step_1_no_load	1	2	2	536	
353	0	31	step_2_no_load	5	6	0.541819886458	0.483156722265	6	519	0	
353	0	32	step_1_no_load	1	2	1	396	
353	0	32	step_2_no_load	3	4	0.634585171267	0.605616211083	3	1164	0	
353	0	33	step_1_no_load	1	2	2	296	
353	0	33	step_2_no_load	3	4	0.611700032906	0.618000238621	4	1127	1	
353	0	34	step_1_no_load	1	2	2	295	
353	0	34	step_2_no_load	3	4	0.575802910074	0.670290552209	4	1102	1	
353	0	35	step_1_no_load	1	2	1	419	
353	0	35	step_2_no_load	3	4	0.566827313385	0.649776015006	3	929	0	
353	0	36	step_1_no_load	1	2	1	759	
353	0	36	step_2_no_load	5	6	0.611274573488	0.513210053121	6	975	0	
353	0	37	step_1_no_load	1	2	2	299	
353	0	37	step_2_no_load	3	4	0.513822304161	0.660658056664	3	577	1	
353	0	38	step_1_no_load	1	2	2	311	
353	0	38	step_2_no_load	5	6	0.595113730206	0.553931241266	6	935	1	
353	0	39	step_1_no_load	1	2	1	458	
353	0	39	step_2_no_load	3	4	0.557005857101	0.634483337633	4	626	0	
353	0	40	step_1_no_load	1	2	2	296	
353	0	40	step_2_no_load	3	4	0.580760785074	0.636994900683	3	624	0	
353	0	41	step_1_no_load	1	2	2	308	
353	0	41	step_2_no_load	5	6	0.588857868869	0.583829055298	6	276	0	
353	0	42	step_1_no_load	1	2	1	17	
353	0	42	step_2_no_load	3	4	0.533857158543	0.606696263624	3	1111	1	
353	0	43	step_1_no_load	1	2	2	382	
353	0	43	step_2_no_load	5	6	0.612705031264	0.548128010644	5	572	1	
353	0	44	step_1_no_load	1	2	2	359	
353	0	44	step_2_no_load	5	6	0.611481438855	0.537842745081	5	894	1	
353	0	45	step_1_no_load	1	2	2	813	
353	0	45	step_2_no_load	5	6	0.632991467829	0.5288039409	5	877	1	
353	0	46	step_1_no_load	1	2	1	658	
353	0	46	step_2_no_load	3	4	0.55511883717	0.654261318712	4	1057	0	
353	0	47	step_1_no_load	1	2	1	431	
353	0	47	step_2_no_load	5	6	0.598724660986	0.493112702321	-1	-1	-1	
353	0	48	step_1_no_load	1	2	2	515	
353	0	48	step_2_no_load	5	6	0.615767119776	0.488280685105	6	493	1	
353	0	49	step_1_no_load	1	2	1	440	
353	0	49	step_2_no_load	3	4	0.512405963374	0.614679490594	3	320	1	
353	0	50	step_1_no_load	1	2	2	292	
353	0	50	step_2_no_load	5	6	0.606862017918	0.47381367271	6	211	0	
353	0	51	step_1_no_load	1	2	1	768	
353	0	51	step_2_no_load	3	4	0.508197321577	0.613357430892	3	266	1	
353	0	52	step_1_no_load	1	2	2	273	
353	0	52	step_2_no_load	5	6	0.539065404057	0.429622901875	6	264	0	
353	0	53	step_1_no_load	1	2	1	502	
353	0	53	step_2_no_load	3	4	0.475342927439	0.630956764252	4	1117	1	
353	0	54	step_1_no_load	1	2	1	262	
353	0	54	step_2_no_load	5	6	0.570223904064	0.491512498697	-1	-1	-1	
353	0	55	step_1_no_load	1	2	2	228	
353	0	55	step_2_no_load	5	6	0.574045915747	0.487025527704	6	363	0	
353	0	56	step_1_no_load	1	2	1	552	
353	0	56	step_2_no_load	3	4	0.538512915562	0.60038825769	3	854	1	
353	0	57	step_1_no_load	1	2	1	114	
353	0	57	step_2_no_load	5	6	0.641849303307	0.466449077359	-1	-1	-1	
353	0	58	step_1_no_load	1	2	1	0	
353	0	58	step_2_no_load	3	4	0.528376440027	0.610896130115	-1	-1	-1	
353	0	59	step_1_no_load	1	2	2	647	
353	0	59	step_2_no_load	3	4	0.537400760025	0.608951267756	3	735	0	
353	0	60	step_1_no_load	1	2	1	90	
353	0	60	step_2_no_load	3	4	0.479287247283	0.599559577859	3	184	0	
353	0	61	step_1_no_load	1	2	2	501	
353	0	61	step_2_no_load	5	6	0.669587072502	0.464268875813	5	811	0	
353	0	62	step_1_no_load	1	2	2	1025	
353	0	62	step_2_no_load	5	6	0.691137204746	0.50724109756	6	657	1	
353	0	63	step_1_no_load	1	2	1	869	
353	0	63	step_2_no_load	5	6	0.664284493458	0.53192660365	5	451	0	
353	0	64	step_1_no_load	1	2	2	447	
353	0	64	step_2_no_load	3	4	0.533849886794	0.626149195169	3	574	1	
353	0	65	step_1_no_load	1	2	2	773	
353	0	65	step_2_no_load	5	6	0.612660225018	0.569109504048	5	1135	1	
353	0	66	step_1_no_load	1	2	2	426	
353	0	66	step_2_no_load	5	6	0.606938648072	0.573761869714	5	708	1	
353	0	67	step_1_no_load	1	2	2	337	
353	0	67	step_2_no_load	3	4	0.538279387614	0.674463681351	3	321	0	
353	0	68	step_1_no_load	1	2	2	760	
353	0	68	step_2_no_load	3	4	0.523301545299	0.719455209845	3	423	0	
353	0	69	step_1_no_load	1	2	2	288	
353	0	69	step_2_no_load	5	6	0.622221685203	0.499137600991	6	735	0	
353	0	70	step_1_no_load	1	2	1	0	
353	0	70	step_2_no_load	5	6	0.637556284465	0.498834901463	6	496	0	
353	0	71	step_1_no_load	1	2	2	531	
353	0	71	step_2_no_load	5	6	0.639174917797	0.482863323776	5	843	1	
353	0	72	step_1_no_load	1	2	2	279	
353	0	72	step_2_no_load	3	4	0.556486305476	0.705884789502	4	1142	1	
353	0	73	step_1_no_load	1	2	1	412	
353	0	73	step_2_no_load	3	4	0.50185699984	0.727961155836	4	930	0	
353	0	74	step_1_no_load	1	2	2	813	
353	0	74	step_2_no_load	3	4	0.491044983779	0.693624670847	3	510	1	
353	0	75	step_1_no_load	1	2	1	301	
353	0	75	step_2_no_load	3	4	0.483983914712	0.697629587097	4	534	0	
353	0	76	step_1_no_load	1	2	1	356	
353	0	76	step_2_no_load	3	4	0.518881389358	0.690117652944	4	309	1	
353	0	77	step_1_no_load	1	2	1	459	
353	0	77	step_2_no_load	3	4	0.538119616568	0.679737625371	3	172	1	
353	0	78	step_1_no_load	1	2	2	617	
353	0	78	step_2_no_load	5	6	0.536711448352	0.435911167612	6	840	0	
353	0	79	step_1_no_load	1	2	2	356	
353	0	79	step_2_no_load	3	4	0.540085062695	0.647841624544	3	380	1	
353	0	80	step_1_no_load	1	2	2	0	
353	0	80	step_2_no_load	5	6	0.518583383166	0.396016175285	6	1008	0	
353	0	81	step_1_no_load	1	2	2	518	
353	0	81	step_2_no_load	5	6	0.529745690463	0.419265522488	6	389	0	
353	0	82	step_1_no_load	1	2	2	18	
353	0	82	step_2_no_load	5	6	0.564729328387	0.395813831323	5	857	1	
353	0	83	step_1_no_load	1	2	2	364	
353	0	83	step_2_no_load	5	6	0.607907985871	0.382772464038	5	1317	1	
353	0	84	step_1_no_load	1	2	1	488	
353	0	84	step_2_no_load	3	4	0.505586222209	0.731466635793	4	551	1	
353	0	85	step_1_no_load	1	2	1	777	
353	0	85	step_2_no_load	3	4	0.485785534744	0.712989604416	-1	-1	-1	
353	0	86	step_1_no_load	1	2	1	534	
353	0	86	step_2_no_load	3	4	0.486462788728	0.721207648497	4	636	1	
353	0	87	step_1_no_load	1	2	1	544	
353	0	87	step_2_no_load	3	4	0.493867001103	0.690012761069	4	298	1	
353	0	88	step_1_no_load	1	2	2	461	
353	0	88	step_2_no_load	5	6	0.717410082358	0.377947492322	5	1045	1	
353	0	89	step_1_no_load	1	2	-1	-1	
353	0	90	step_1_no_load	1	2	2	310	
353	0	90	step_2_no_load	5	6	0.712247848046	0.411459496853	6	143	0	
353	0	91	step_1_no_load	1	2	1	615	
353	0	91	step_2_no_load	5	6	0.685023809334	0.43534164751	6	375	1	
353	0	92	step_1_no_load	1	2	2	332	
353	0	92	step_2_no_load	3	4	0.484260039873	0.679381608313	3	756	1	
353	0	93	step_1_no_load	1	2	2	555	
353	0	93	step_2_no_load	5	6	0.70415710998	0.439878153082	5	577	1	
353	0	94	step_1_no_load	1	2	1	495	
353	0	94	step_2_no_load	5	6	0.719464414227	0.429211756872	6	639	0	
353	0	95	step_1_no_load	1	2	1	803	
353	0	95	step_2_no_load	3	4	0.42505578884	0.640209855442	3	612	0	
353	0	96	step_1_no_load	1	2	2	297	
353	0	96	step_2_no_load	5	6	0.693739812506	0.383038640121	5	1103	0	
353	0	97	step_1_no_load	1	2	2	1	
353	0	97	step_2_no_load	5	6	0.681272614291	0.392885664353	5	908	1	
353	0	98	step_1_no_load	1	2	1	488	
353	0	98	step_2_no_load	3	4	0.431479829356	0.646040060297	4	287	1	
353	0	99	step_1_no_load	1	2	2	277	
353	0	99	step_2_no_load	5	6	0.673709850038	0.397561363605	5	292	0	
353	0	100	step_1_no_load	1	2	1	983	
353	0	100	step_2_no_load	5	6	0.666227451505	0.4333505304	6	349	0	
353	0	101	step_1_no_load	1	2	1	227	
353	0	101	step_2_no_load	3	4	0.366879421891	0.655903528958	4	875	0	
353	0	102	step_1_no_load	1	2	1	817	
353	0	102	step_2_no_load	5	6	0.666304534392	0.494584754513	6	1040	0	
353	0	103	step_1_no_load	1	2	1	372	
353	0	103	step_2_no_load	3	4	0.322834495838	0.69058998368	3	700	0	
353	0	104	step_1_no_load	1	2	1	465	
353	0	104	step_2_no_load	3	4	0.303696146503	0.743372642809	4	482	0	
353	0	105	step_1_no_load	1	2	2	228	
353	0	105	step_2_no_load	5	6	0.689135357059	0.514318365187	5	902	1	
353	0	106	step_1_no_load	1	2	1	906	
353	0	106	step_2_no_load	3	4	0.374131494222	0.699623252899	4	410	1	
353	0	107	step_1_no_load	1	2	2	347	
353	0	107	step_2_no_load	5	6	0.692607431435	0.565220528809	5	811	1	
353	0	108	step_1_no_load	1	2	1	543	
353	0	108	step_2_no_load	3	4	0.388185708856	0.681491063126	4	246	1	
353	0	109	step_1_no_load	1	2	1	351	
353	0	109	step_2_no_load	3	4	0.372328831887	0.68658494263	3	558	0	
353	0	110	step_1_no_load	1	2	1	438	
353	0	110	step_2_no_load	3	4	0.395544455384	0.65455226558	4	296	1	
353	0	111	step_1_no_load	1	2	1	348	
353	0	111	step_2_no_load	3	4	0.407158158569	0.634599547742	4	339	1	
353	0	112	step_1_no_load	1	2	2	295	
353	0	112	step_2_no_load	5	6	0.725701866094	0.392887565883	5	617	1	
353	0	113	step_1_no_load	1	2	2	356	
353	0	113	step_2_no_load	5	6	0.719324307956	0.370697120277	5	155	1	
353	0	114	step_1_no_load	1	2	1	278	
353	0	114	step_2_no_load	3	4	0.384736699284	0.657654904272	4	797	0	
353	0	115	step_1_no_load	1	2	1	719	
353	0	115	step_2_no_load	3	4	0.357661171116	0.645721217949	3	231	1	
353	0	116	step_1_no_load	1	2	2	530	
353	0	116	step_2_no_load	5	6	0.706736514943	0.378149844807	5	441	0	
353	0	117	step_1_no_load	1	2	2	390	
353	0	117	step_2_no_load	3	4	0.363056877927	0.671842537277	3	341	0	
353	0	118	step_1_no_load	1	2	2	297	
353	0	118	step_2_no_load	3	4	0.362977115924	0.690484235012	3	296	0	
353	0	119	step_1_no_load	1	2	1	484	
353	0	119	step_2_no_load	3	4	0.358243439099	0.661177321751	-1	-1	-1	
353	0	120	step_1_no_load	1	2	1	416	
353	0	120	step_2_no_load	3	4	0.333809617664	0.666433355915	4	343	0	
353	0	121	step_1_no_load	1	2	1	299	
353	0	121	step_2_no_load	3	4	0.310775244958	0.671052306195	4	331	1	
353	0	122	step_1_no_load	1	2	2	454	
353	0	122	step_2_no_load	3	4	0.266650857402	0.672193618854	3	372	0	
353	0	123	step_1_no_load	1	2	-1	-1	
353	0	124	step_1_no_load	1	2	1	356	
353	0	124	step_2_no_load	3	4	0.26095206597	0.624161788269	3	1156	0	
353	0	125	step_1_no_load	1	2	2	402	
353	0	125	step_2_no_load	3	4	0.290374841566	0.633566302563	3	913	1	
353	0	126	step_1_no_load	1	2	2	339	
353	0	126	step_2_no_load	3	4	0.267206368684	0.600985760967	3	691	0	
353	0	127	step_1_no_load	1	2	2	281	
353	0	127	step_2_no_load	5	6	0.560824094575	0.274944938508	5	544	0	
353	0	128	step_1_no_load	1	2	2	286	
353	0	128	step_2_no_load	3	4	0.260252451606	0.620672334996	3	965	1	
353	0	129	step_1_no_load	1	2	2	554	
353	0	129	step_2_no_load	5	6	0.685297910719	0.271709703542	5	785	0	
353	0	130	step_1_no_load	1	2	1	389	
353	0	130	step_2_no_load	3	4	0.267460866951	0.630285316669	4	196	1	
353	0	131	step_1_no_load	1	2	1	385	
353	0	131	step_2_no_load	3	4	0.281500842289	0.638450601212	4	265	1	
353	0	132	step_1_no_load	1	2	2	214	
353	0	132	step_2_no_load	5	6	0.668578020634	0.315328810424	6	718	0	
353	0	133	step_1_no_load	1	2	1	848	
353	0	133	step_2_no_load	3	4	0.315608831386	0.691649444281	4	680	1	
353	0	134	step_1_no_load	1	2	1	504	
353	0	134	step_2_no_load	3	4	0.287393715313	0.685529359147	4	392	0	
353	0	135	step_1_no_load	1	2	2	864	
353	0	135	step_2_no_load	5	6	0.593710006149	0.287118934166	5	598	0	
353	0	136	step_1_no_load	1	2	2	522	
353	0	136	step_2_no_load	5	6	0.597814413435	0.284521085726	6	449	1	
353	0	137	step_1_no_load	1	2	1	406	
353	0	137	step_2_no_load	3	4	0.346433498467	0.668540846495	3	598	1	
353	0	138	step_1_no_load	1	2	2	281	
353	0	138	step_2_no_load	5	6	0.63240964674	0.307694123906	6	802	0	
353	0	139	step_1_no_load	1	2	1	489	
353	0	139	step_2_no_load	5	6	0.636630981281	0.323660750961	5	543	1	
353	0	140	step_1_no_load	1	2	1	550	
353	0	140	step_2_no_load	3	4	0.348740542008	0.637682840728	3	748	0	
353	0	141	step_1_no_load	1	2	2	346	
353	0	141	step_2_no_load	5	6	0.711987889705	0.311809871418	5	530	0	
353	0	142	step_1_no_load	1	2	2	0	
353	0	142	step_2_no_load	5	6	0.690276058009	0.304203281606	6	61	1	
353	0	143	step_1_no_load	1	2	1	559	
353	0	143	step_2_no_load	3	4	0.410970957547	0.610219102298	3	751	1	
353	0	144	step_1_no_load	1	2	2	410	
353	0	144	step_2_no_load	3	4	0.389234194056	0.639347300184	4	328	1	
353	0	145	step_1_no_load	1	2	2	406	
353	0	145	step_2_no_load	3	4	0.355256413269	0.606515632748	3	910	0	
353	0	146	step_1_no_load	1	2	2	388	
353	0	146	step_2_no_load	5	6	0.681611991725	0.257861956214	6	309	0	
353	0	147	step_1_no_load	1	2	1	417	
353	0	147	step_2_no_load	3	4	0.352879785946	0.594861186319	-1	-1	-1	
353	0	148	step_1_no_load	1	2	2	420	
353	0	148	step_2_no_load	5	6	0.619272702026	0.305288021243	5	387	0	
353	0	149	step_1_no_load	1	2	1	314	
353	0	149	step_2_no_load	3	4	0.300290206122	0.623203869836	4	332	0	
353	0	150	step_1_no_load	1	2	2	591	
353	0	150	step_2_no_load	3	4	0.306860041627	0.605912419156	3	294	0	
353	0	151	step_1_no_load	1	2	2	291	
353	0	151	step_2_no_load	3	4	0.310557101463	0.614159737668	3	362	0	
353	0	152	step_1_no_load	1	2	2	418	
353	0	152	step_2_no_load	5	6	0.595108765344	0.307702500543	5	289	0	
353	0	153	step_1_no_load	1	2	1	206	
353	0	153	step_2_no_load	3	4	0.343622632154	0.681559292085	3	679	0	
353	0	154	step_1_no_load	1	2	2	92	
353	0	154	step_2_no_load	5	6	0.638934099562	0.316375537537	6	1243	0	
353	0	155	step_1_no_load	1	2	2	232	
353	0	155	step_2_no_load	5	6	0.632486591889	0.296093457977	5	447	1	
353	0	156	step_1_no_load	1	2	1	229	
353	0	156	step_2_no_load	3	4	0.368378667812	0.734436160799	4	365	1	
353	0	157	step_1_no_load	1	2	1	265	
353	0	157	step_2_no_load	3	4	0.324728201487	0.720725456325	4	432	0	
353	0	158	step_1_no_load	1	2	2	335	
353	0	158	step_2_no_load	5	6	0.532722108502	0.408728803896	5	622	1	
353	0	159	step_1_no_load	1	2	1	726	
353	0	159	step_2_no_load	3	4	0.321150411254	0.697903160072	3	309	0	
353	0	160	step_1_no_load	1	2	2	411	
353	0	160	step_2_no_load	3	4	0.355992626298	0.710728171711	3	641	0	
353	0	161	step_1_no_load	1	2	2	423	
353	0	161	step_2_no_load	3	4	0.438878285506	0.719896286569	3	285	0	
353	0	162	step_1_no_load	1	2	2	265	
353	0	162	step_2_no_load	5	6	0.566496468084	0.3926701003	5	344	1	
353	0	163	step_1_no_load	1	2	1	292	
353	0	163	step_2_no_load	3	4	0.430920885959	0.697095951435	3	285	0	
353	0	164	step_1_no_load	1	2	1	419	
353	0	164	step_2_no_load	3	4	0.430844125626	0.692137394606	3	505	1	
353	0	165	step_1_no_load	1	2	1	446	
353	0	165	step_2_no_load	3	4	0.347974240867	0.717506143195	4	308	0	
353	0	166	step_1_no_load	1	2	1	343	
353	0	166	step_2_no_load	3	4	0.356317216644	0.686594248975	4	385	1	
353	0	167	step_1_no_load	1	2	2	381	
353	0	167	step_2_no_load	3	4	0.331115714939	0.706271792549	4	740	1	
353	0	168	step_1_no_load	1	2	1	496	
353	0	168	step_2_no_load	5	6	0.613361520676	0.400817642375	6	366	0	
353	0	169	step_1_no_load	1	2	1	394	
353	0	169	step_2_no_load	5	6	0.586049140041	0.42098542374	5	289	0	
353	0	170	step_1_no_load	1	2	1	263	
353	0	170	step_2_no_load	3	4	0.364989630435	0.67334314737	4	145	0	
353	0	171	step_1_no_load	1	2	2	342	
353	0	171	step_2_no_load	5	6	0.553314431843	0.386979310814	5	431	1	
353	0	172	step_1_no_load	1	2	1	315	
353	0	172	step_2_no_load	5	6	0.519090471457	0.363617002148	6	450	1	
353	0	173	step_1_no_load	1	2	1	407	
353	0	173	step_2_no_load	3	4	0.462866379815	0.667027212577	3	265	1	
353	0	174	step_1_no_load	1	2	2	422	
353	0	174	step_2_no_load	3	4	0.46236234172	0.729877433725	3	694	1	
353	0	175	step_1_no_load	1	2	2	0	
353	0	175	step_2_no_load	5	6	0.52644949356	0.426185553904	5	321	1	
353	0	176	step_1_no_load	1	2	2	278	
353	0	176	step_2_no_load	3	4	0.500856457218	0.679250000396	3	277	1	
353	0	177	step_1_no_load	1	2	2	610	
353	0	177	step_2_no_load	5	6	0.501268576771	0.357425668099	5	936	1	
353	0	178	step_1_no_load	1	2	2	267	
353	0	178	step_2_no_load	5	6	0.493712351915	0.36473828006	5	738	1	
353	0	179	step_1_no_load	1	2	1	275	
353	0	179	step_2_no_load	3	4	0.493565996034	0.709345707515	4	467	1	
353	0	180	step_1_no_load	1	2	1	0	
353	0	180	step_2_no_load	3	4	0.489345734128	0.719795072986	4	599	1	
353	0	181	step_1_no_load	1	2	2	302	
353	0	181	step_2_no_load	3	4	0.480141179559	0.746910336326	3	621	1	
353	0	182	step_1_no_load	1	2	2	364	
353	0	182	step_2_no_load	5	6	0.506773281362	0.340533666308	5	538	0	
353	0	183	step_1_no_load	1	2	2	383	
353	0	183	step_2_no_load	3	4	0.492742497507	0.720388040749	3	1096	1	
353	0	184	step_1_no_load	1	2	2	219	
353	0	184	step_2_no_load	5	6	0.460890977786	0.362743255194	5	329	1	
353	0	185	step_1_no_load	1	2	1	285	
353	0	185	step_2_no_load	3	4	0.482228039858	0.665622647081	4	285	1	
353	0	186	step_1_no_load	1	2	1	442	
353	0	186	step_2_no_load	5	6	0.46870859828	0.332733011923	6	481	0	
353	0	187	step_1_no_load	1	2	1	255	
353	0	187	step_2_no_load	5	6	0.443962917772	0.328890769988	6	471	0	
353	0	188	step_1_no_load	1	2	1	1045	
353	0	188	step_2_no_load	3	4	0.548350535247	0.696362660087	4	991	0	
353	0	189	step_1_no_load	1	2	1	364	
353	0	189	step_2_no_load	5	6	0.448897869069	0.285168135955	5	275	0	
353	0	190	step_1_no_load	1	2	1	599	
353	0	190	step_2_no_load	3	4	0.505820429042	0.667655825994	3	743	0	
353	0	191	step_1_no_load	1	2	2	324	
353	0	191	step_2_no_load	5	6	0.435748387321	0.318839908867	5	363	0	
353	0	192	step_1_no_load	1	2	1	362	
353	0	192	step_2_no_load	3	4	0.493851022417	0.705517419189	4	1169	1	
353	0	193	step_1_no_load	1	2	2	710	
353	0	193	step_2_no_load	3	4	0.504944704439	0.679792491164	3	608	0	
353	0	194	step_1_no_load	1	2	2	844	
353	0	194	step_2_no_load	5	6	0.433250459893	0.342437174514	5	308	0	
353	0	195	step_1_no_load	1	2	1	329	
353	0	195	step_2_no_load	3	4	0.494102184238	0.646280688878	4	385	1	
353	0	196	step_1_no_load	1	2	1	294	
353	0	196	step_2_no_load	3	4	0.496717662777	0.695101215304	4	294	1	
353	0	197	step_1_no_load	1	2	1	635	
353	0	197	step_2_no_load	5	6	0.422511153127	0.316987700969	6	362	0	
353	0	198	step_1_no_load	1	2	2	0	
353	0	198	step_2_no_load	3	4	0.485065498391	0.68660989813	3	333	0	
353	0	199	step_1_no_load	1	2	2	361	
353	0	199	step_2_no_load	5	6	0.39793773834	0.292861528884	5	257	0	
353	0	200	step_1_no_load	1	2	2	1	
353	0	200	step_2_no_load	3	4	0.507902534353	0.728996708473	3	413	0	

Wed Apr 28 15:39:35 2021
