Fri May  7 16:59:36 2021	
356	0	1	step_1_no_load	1	2	1	443	
356	0	1	step_2_no_load	5	6	0.598297890399	0.594299910136	5	942	1	
356	0	2	step_1_no_load	1	2	1	612	
356	0	2	step_2_no_load	3	4	0.533203491871	0.474613197709	4	892	0	
356	0	3	step_1_no_load	1	2	1	614	
356	0	3	step_2_no_load	3	4	0.516002945397	0.476767372206	4	1453	1	
356	0	4	step_1_no_load	1	2	-1	-1	
356	0	5	step_1_no_load	1	2	1	269	
356	0	5	step_2_no_load	3	4	0.543908521457	0.495568760483	4	1100	0	
356	0	6	step_1_no_load	1	2	1	1465	
356	0	6	step_2_no_load	3	4	0.490454120702	0.506877622204	4	840	0	
356	0	7	step_1_no_load	1	2	1	374	
356	0	7	step_2_no_load	3	4	0.506408070053	0.500071913476	3	468	1	
356	0	8	step_1_no_load	1	2	1	359	
356	0	8	step_2_no_load	3	4	0.499203529332	0.489816616396	3	502	0	
356	0	9	step_1_no_load	1	2	1	308	
356	0	9	step_2_no_load	5	6	0.598049061473	0.641106877158	5	843	0	
356	0	10	step_1_no_load	1	2	1	32	
356	0	10	step_2_no_load	5	6	0.652626043146	0.636063269715	6	399	1	
356	0	11	step_1_no_load	1	2	1	1197	
356	0	11	step_2_no_load	3	4	0.59022801242	0.477013315682	3	956	0	
356	0	12	step_1_no_load	1	2	1	700	
356	0	12	step_2_no_load	3	4	0.597131918027	0.48457206759	4	1246	1	
356	0	13	step_1_no_load	1	2	2	642	
356	0	13	step_2_no_load	5	6	0.653587098421	0.558313135925	5	816	1	
356	0	14	step_1_no_load	1	2	2	495	
356	0	14	step_2_no_load	5	6	0.629137942344	0.545555696267	5	662	0	
356	0	15	step_1_no_load	1	2	2	363	
356	0	15	step_2_no_load	3	4	0.633564630036	0.505377237737	-1	-1	-1	
356	0	16	step_1_no_load	1	2	1	143	
356	0	16	step_2_no_load	3	4	0.626326396372	0.510958036527	3	486	1	
356	0	17	step_1_no_load	1	2	1	361	
356	0	17	step_2_no_load	3	4	0.643116883134	0.535958400205	3	407	0	
356	0	18	step_1_no_load	1	2	2	556	
356	0	18	step_2_no_load	3	4	0.626895526976	0.517514133912	3	772	0	
356	0	19	step_1_no_load	1	2	2	466	
356	0	19	step_2_no_load	5	6	0.619895761657	0.536502319591	5	1017	0	
356	0	20	step_1_no_load	1	2	2	653	
356	0	20	step_2_no_load	3	4	0.60665343963	0.478025448397	4	1061	0	
356	0	21	step_1_no_load	1	2	2	433	
356	0	21	step_2_no_load	5	6	0.630305464549	0.470207377245	6	1128	0	
356	0	22	step_1_no_load	1	2	2	684	
356	0	22	step_2_no_load	5	6	0.621949894727	0.468700882609	5	757	0	
356	0	23	step_1_no_load	1	2	2	449	
356	0	23	step_2_no_load	3	4	0.604065470975	0.520606588181	3	1161	1	
356	0	24	step_1_no_load	1	2	1	429	
356	0	24	step_2_no_load	3	4	0.5800912085	0.505388876622	3	756	0	
356	0	25	step_1_no_load	1	2	1	576	
356	0	25	step_2_no_load	5	6	0.565698722896	0.503605105412	6	432	0	
356	0	26	step_1_no_load	1	2	1	476	
356	0	26	step_2_no_load	3	4	0.640635035276	0.511744353778	4	1115	1	
356	0	27	step_1_no_load	1	2	2	551	
356	0	27	step_2_no_load	3	4	0.642144756622	0.507272671939	4	398	0	
356	0	28	step_1_no_load	1	2	2	179	
356	0	28	step_2_no_load	5	6	0.588356036098	0.553259388875	6	946	1	
356	0	29	step_1_no_load	1	2	2	350	
356	0	29	step_2_no_load	5	6	0.606613029227	0.561957580386	6	980	0	
356	0	30	step_1_no_load	1	2	2	569	
356	0	30	step_2_no_load	5	6	0.608245979832	0.574272497114	6	1006	1	
356	0	31	step_1_no_load	1	2	1	402	
356	0	31	step_2_no_load	3	4	0.606122691795	0.483156722265	4	705	0	
356	0	32	step_1_no_load	1	2	1	438	
356	0	32	step_2_no_load	3	4	0.605616211083	0.520318771114	3	407	1	
356	0	33	step_1_no_load	1	2	2	556	
356	0	33	step_2_no_load	5	6	0.611700032906	0.542309898544	6	986	1	
356	0	34	step_1_no_load	1	2	2	391	
356	0	34	step_2_no_load	5	6	0.575802910074	0.538523758058	6	646	1	
356	0	35	step_1_no_load	1	2	2	299	
356	0	35	step_2_no_load	5	6	0.566827313385	0.594167768198	6	681	0	
356	0	36	step_1_no_load	1	2	2	0	
356	0	36	step_2_no_load	5	6	0.527635087561	0.611274573488	6	556	1	
356	0	37	step_1_no_load	1	2	2	385	
356	0	37	step_2_no_load	5	6	0.513822304161	0.598446394142	6	792	1	
356	0	38	step_1_no_load	1	2	2	445	
356	0	38	step_2_no_load	5	6	0.539078491643	0.595113730206	6	684	1	
356	0	39	step_1_no_load	1	2	2	739	
356	0	39	step_2_no_load	5	6	0.557005857101	0.610601635554	6	761	1	
356	0	40	step_1_no_load	1	2	2	558	
356	0	40	step_2_no_load	5	6	0.580760785074	0.607992802154	6	588	0	
356	0	41	step_1_no_load	1	2	2	391	
356	0	41	step_2_no_load	3	4	0.633285941184	0.583829055298	4	990	1	
356	0	42	step_1_no_load	1	2	2	291	
356	0	42	step_2_no_load	3	4	0.606696263624	0.553461946234	4	330	1	
356	0	43	step_1_no_load	1	2	2	351	
356	0	43	step_2_no_load	3	4	0.581931546759	0.548128010644	4	374	1	
356	0	44	step_1_no_load	1	2	2	540	
356	0	44	step_2_no_load	3	4	0.589653131867	0.537842745081	4	539	1	
356	0	45	step_1_no_load	1	2	2	376	
356	0	45	step_2_no_load	5	6	0.579346234508	0.632991467829	5	606	1	
356	0	46	step_1_no_load	1	2	2	828	
356	0	46	step_2_no_load	5	6	0.55511883717	0.600964500555	6	634	1	
356	0	47	step_1_no_load	1	2	2	550	
356	0	47	step_2_no_load	5	6	0.546259467838	0.598724660986	6	749	1	
356	0	48	step_1_no_load	1	2	2	450	
356	0	48	step_2_no_load	5	6	0.534690828011	0.615767119776	6	577	0	
356	0	49	step_1_no_load	1	2	2	566	
356	0	49	step_2_no_load	3	4	0.614679490594	0.489287375157	-1	-1	-1	
356	0	50	step_1_no_load	1	2	2	283	
356	0	50	step_2_no_load	5	6	0.481616544184	0.606862017918	6	364	0	
356	0	51	step_1_no_load	1	2	1	336	
356	0	51	step_2_no_load	3	4	0.613357430892	0.469943944943	3	370	0	
356	0	52	step_1_no_load	1	2	1	327	
356	0	52	step_2_no_load	3	4	0.613408921915	0.429622901875	4	374	1	
356	0	53	step_1_no_load	1	2	1	296	
356	0	53	step_2_no_load	3	4	0.630956764252	0.451905460347	4	335	0	
356	0	54	step_1_no_load	1	2	1	355	
356	0	54	step_2_no_load	3	4	0.652515308527	0.491512498697	4	889	1	
356	0	55	step_1_no_load	1	2	1	284	
356	0	55	step_2_no_load	3	4	0.639840796975	0.487025527704	4	427	1	
356	0	56	step_1_no_load	1	2	1	223	
356	0	56	step_2_no_load	3	4	0.60038825769	0.459773408493	4	373	1	
356	0	57	step_1_no_load	1	2	1	0	
356	0	57	step_2_no_load	3	4	0.586335094239	0.466449077359	4	296	0	
356	0	58	step_1_no_load	1	2	1	246	
356	0	58	step_2_no_load	3	4	0.610896130115	0.478335218822	3	285	0	
356	0	59	step_1_no_load	1	2	1	252	
356	0	59	step_2_no_load	3	4	0.608951267756	0.480274332693	4	346	0	
356	0	60	step_1_no_load	1	2	2	208	
356	0	60	step_2_no_load	5	6	0.479287247283	0.623687406259	6	422	0	
356	0	61	step_1_no_load	1	2	2	250	
356	0	61	step_2_no_load	5	6	0.527144452559	0.669587072502	5	480	1	
356	0	62	step_1_no_load	1	2	2	301	
356	0	62	step_2_no_load	3	4	0.622820395113	0.50724109756	3	236	1	
356	0	63	step_1_no_load	1	2	2	244	
356	0	63	step_2_no_load	3	4	0.642623127313	0.53192660365	3	410	1	
356	0	64	step_1_no_load	1	2	2	296	
356	0	64	step_2_no_load	5	6	0.533849886794	0.642369708469	5	445	1	
356	0	65	step_1_no_load	1	2	2	306	
356	0	65	step_2_no_load	5	6	0.517687993213	0.612660225018	5	242	1	
356	0	66	step_1_no_load	1	2	2	327	
356	0	66	step_2_no_load	5	6	0.555324764318	0.606938648072	5	398	1	
356	0	67	step_1_no_load	1	2	2	762	
356	0	67	step_2_no_load	3	4	0.674463681351	0.542076810516	3	340	0	
356	0	68	step_1_no_load	1	2	2	619	
356	0	68	step_2_no_load	3	4	0.719455209845	0.509127161919	4	579	1	
356	0	69	step_1_no_load	1	2	2	722	
356	0	69	step_2_no_load	5	6	0.560462111264	0.622221685203	6	305	0	
356	0	70	step_1_no_load	1	2	2	325	
356	0	70	step_2_no_load	5	6	0.548075770764	0.637556284465	6	685	1	
356	0	71	step_1_no_load	1	2	2	322	
356	0	71	step_2_no_load	5	6	0.546215110045	0.639174917797	6	411	0	
356	0	72	step_1_no_load	1	2	2	373	
356	0	72	step_2_no_load	3	4	0.705884789502	0.47409116389	4	492	0	
356	0	73	step_1_no_load	1	2	2	302	
356	0	73	step_2_no_load	5	6	0.50185699984	0.657126403029	6	773	1	
356	0	74	step_1_no_load	1	2	1	570	
356	0	74	step_2_no_load	3	4	0.693624670847	0.453420386428	3	930	0	
356	0	75	step_1_no_load	1	2	1	350	
356	0	75	step_2_no_load	3	4	0.697629587097	0.44832280175	3	369	0	
356	0	76	step_1_no_load	1	2	1	291	
356	0	76	step_2_no_load	3	4	0.690117652944	0.488583631821	4	322	1	
356	0	77	step_1_no_load	1	2	1	321	
356	0	77	step_2_no_load	3	4	0.679737625371	0.446809557226	4	295	0	
356	0	78	step_1_no_load	1	2	1	275	
356	0	78	step_2_no_load	3	4	0.647586191228	0.435911167612	4	321	1	
356	0	79	step_1_no_load	1	2	1	310	
356	0	79	step_2_no_load	3	4	0.647841624544	0.389124152368	4	551	1	
356	0	80	step_1_no_load	1	2	1	244	
356	0	80	step_2_no_load	5	6	0.49921021142	0.518583383166	6	499	1	
356	0	81	step_1_no_load	1	2	1	581	
356	0	81	step_2_no_load	3	4	0.702400933084	0.419265522488	4	700	0	
356	0	82	step_1_no_load	1	2	1	272	
356	0	82	step_2_no_load	5	6	0.482727017837	0.564729328387	6	743	0	
356	0	83	step_1_no_load	1	2	1	291	
356	0	83	step_2_no_load	3	4	0.726885136842	0.382772464038	4	273	0	
356	0	84	step_1_no_load	1	2	1	445	
356	0	84	step_2_no_load	3	4	0.731466635793	0.385087938645	3	619	1	
356	0	85	step_1_no_load	1	2	1	239	
356	0	85	step_2_no_load	5	6	0.485785534744	0.692384972752	5	341	0	
356	0	86	step_1_no_load	1	2	1	595	
356	0	86	step_2_no_load	3	4	0.721207648497	0.345323068124	3	517	1	
356	0	87	step_1_no_load	1	2	2	354	
356	0	87	step_2_no_load	5	6	0.493867001103	0.719375344246	6	608	1	
356	0	88	step_1_no_load	1	2	2	445	
356	0	88	step_2_no_load	5	6	0.509563243675	0.717410082358	6	426	1	
356	0	89	step_1_no_load	1	2	1	287	
356	0	89	step_2_no_load	5	6	0.490019385174	0.690772436485	5	402	1	
356	0	90	step_1_no_load	1	2	1	261	
356	0	90	step_2_no_load	3	4	0.688736868033	0.411459496853	4	605	0	
356	0	91	step_1_no_load	1	2	1	56	
356	0	91	step_2_no_load	5	6	0.479087223222	0.685023809334	6	670	0	
356	0	92	step_1_no_load	1	2	2	388	
356	0	92	step_2_no_load	3	4	0.679381608313	0.444368850664	3	748	1	
356	0	93	step_1_no_load	1	2	1	655	
356	0	93	step_2_no_load	3	4	0.662863370634	0.439878153082	3	853	1	
356	0	94	step_1_no_load	1	2	1	324	
356	0	94	step_2_no_load	3	4	0.668295023896	0.429211756872	3	542	1	
356	0	95	step_1_no_load	1	2	1	369	
356	0	95	step_2_no_load	3	4	0.640209855442	0.427150666411	3	520	1	
356	0	96	step_1_no_load	1	2	1	226	
356	0	96	step_2_no_load	3	4	0.663095813561	0.383038640121	3	385	1	
356	0	97	step_1_no_load	1	2	1	341	
356	0	97	step_2_no_load	3	4	0.651202057411	0.392885664353	3	468	1	
356	0	98	step_1_no_load	1	2	1	288	
356	0	98	step_2_no_load	3	4	0.646040060297	0.409778171713	3	311	0	
356	0	99	step_1_no_load	1	2	1	212	
356	0	99	step_2_no_load	3	4	0.645191748454	0.397561363605	3	271	1	
356	0	100	step_1_no_load	1	2	1	0	
356	0	100	step_2_no_load	3	4	0.66579920021	0.4333505304	3	426	1	
356	0	101	step_1_no_load	1	2	1	718	
356	0	101	step_2_no_load	5	6	0.366879421891	0.623812401974	5	357	0	
356	0	102	step_1_no_load	1	2	1	314	
356	0	102	step_2_no_load	3	4	0.663124617603	0.494584754513	3	723	0	
356	0	103	step_1_no_load	1	2	2	255	
356	0	103	step_2_no_load	3	4	0.69058998368	0.481975449893	3	813	0	
356	0	104	step_1_no_load	1	2	2	473	
356	0	104	step_2_no_load	5	6	0.303696146503	0.703870701136	6	440	1	
356	0	105	step_1_no_load	1	2	2	364	
356	0	105	step_2_no_load	5	6	0.352639603242	0.689135357059	6	562	0	
356	0	106	step_1_no_load	1	2	2	287	
356	0	106	step_2_no_load	5	6	0.374131494222	0.712883638252	6	461	1	
356	0	107	step_1_no_load	1	2	2	441	
356	0	107	step_2_no_load	5	6	0.388257337796	0.692607431435	6	825	1	
356	0	108	step_1_no_load	1	2	2	342	
356	0	108	step_2_no_load	3	4	0.681491063126	0.526955028982	4	1493	0	
356	0	109	step_1_no_load	1	2	2	514	
356	0	109	step_2_no_load	5	6	0.372328831887	0.71632547018	6	480	1	
356	0	110	step_1_no_load	1	2	2	389	
356	0	110	step_2_no_load	5	6	0.395544455384	0.729599891941	6	677	1	
356	0	111	step_1_no_load	1	2	2	331	
356	0	111	step_2_no_load	5	6	0.407158158569	0.724852671171	6	377	1	
356	0	112	step_1_no_load	1	2	2	415	
356	0	112	step_2_no_load	3	4	0.635252945963	0.392887565883	3	500	0	
356	0	113	step_1_no_load	1	2	2	482	
356	0	113	step_2_no_load	5	6	0.387112818105	0.719324307956	6	907	1	
356	0	114	step_1_no_load	1	2	1	591	
356	0	114	step_2_no_load	3	4	0.657654904272	0.380324086676	4	824	0	
356	0	115	step_1_no_load	1	2	2	243	
356	0	115	step_2_no_load	5	6	0.357661171116	0.739704344621	6	594	1	
356	0	116	step_1_no_load	1	2	2	334	
356	0	116	step_2_no_load	5	6	0.369438791876	0.706736514943	6	390	0	
356	0	117	step_1_no_load	1	2	2	372	
356	0	117	step_2_no_load	5	6	0.363056877927	0.747012267642	6	379	1	
356	0	118	step_1_no_load	1	2	2	286	
356	0	118	step_2_no_load	5	6	0.362977115924	0.740051715856	6	414	1	
356	0	119	step_1_no_load	1	2	2	290	
356	0	119	step_2_no_load	5	6	0.358243439099	0.690424535099	6	344	0	
356	0	120	step_1_no_load	1	2	1	284	
356	0	120	step_2_no_load	3	4	0.666433355915	0.370150243662	4	596	0	
356	0	121	step_1_no_load	1	2	2	207	
356	0	121	step_2_no_load	5	6	0.310775244958	0.658856304095	6	510	0	
356	0	122	step_1_no_load	1	2	2	220	
356	0	122	step_2_no_load	5	6	0.266650857402	0.6136886145	5	378	0	
356	0	123	step_1_no_load	1	2	1	205	
356	0	123	step_2_no_load	3	4	0.664849878232	0.337526896345	4	412	0	
356	0	124	step_1_no_load	1	2	1	352	
356	0	124	step_2_no_load	5	6	0.26095206597	0.603013298253	5	527	1	
356	0	125	step_1_no_load	1	2	1	374	
356	0	125	step_2_no_load	5	6	0.290374841566	0.559596800931	5	887	0	
356	0	126	step_1_no_load	1	2	1	521	
356	0	126	step_2_no_load	5	6	0.267206368684	0.537863824328	5	487	0	
356	0	127	step_1_no_load	1	2	1	500	
356	0	127	step_2_no_load	3	4	0.646945556251	0.274944938508	4	1050	0	
356	0	128	step_1_no_load	1	2	1	560	
356	0	128	step_2_no_load	5	6	0.260252451606	0.636905534066	6	846	1	
356	0	129	step_1_no_load	1	2	1	515	
356	0	129	step_2_no_load	3	4	0.632682846317	0.271709703542	3	618	0	
356	0	130	step_1_no_load	1	2	2	312	
356	0	130	step_2_no_load	5	6	0.267460866951	0.682031489739	6	375	0	
356	0	131	step_1_no_load	1	2	1	298	
356	0	131	step_2_no_load	3	4	0.638450601212	0.311475039155	4	361	0	
356	0	132	step_1_no_load	1	2	1	255	
356	0	132	step_2_no_load	5	6	0.27986961048	0.668578020634	6	1061	1	
356	0	133	step_1_no_load	1	2	1	226	
356	0	133	step_2_no_load	5	6	0.315608831386	0.617383991623	6	375	1	
356	0	134	step_1_no_load	1	2	1	334	
356	0	134	step_2_no_load	5	6	0.287393715313	0.621945110858	6	1326	0	
356	0	135	step_1_no_load	1	2	-1	-1	
356	0	136	step_1_no_load	1	2	1	402	
356	0	136	step_2_no_load	3	4	0.674914008636	0.284521085726	4	623	0	
356	0	137	step_1_no_load	1	2	2	491	
356	0	137	step_2_no_load	5	6	0.346433498467	0.605896884497	6	642	1	
356	0	138	step_1_no_load	1	2	2	319	
356	0	138	step_2_no_load	5	6	0.366701525561	0.63240964674	6	446	0	
356	0	139	step_1_no_load	1	2	2	75	
356	0	139	step_2_no_load	3	4	0.696355985729	0.323660750961	4	266	0	
356	0	140	step_1_no_load	1	2	2	631	
356	0	140	step_2_no_load	3	4	0.637682840728	0.328174526491	3	613	1	
356	0	141	step_1_no_load	1	2	2	307	
356	0	141	step_2_no_load	3	4	0.616803346728	0.311809871418	3	609	1	
356	0	142	step_1_no_load	1	2	2	359	
356	0	142	step_2_no_load	3	4	0.627356259123	0.304203281606	3	309	1	
356	0	143	step_1_no_load	1	2	2	299	
356	0	143	step_2_no_load	5	6	0.410970957547	0.661365099615	5	825	1	
356	0	144	step_1_no_load	1	2	2	335	
356	0	144	step_2_no_load	5	6	0.389234194056	0.626443722248	5	629	1	
356	0	145	step_1_no_load	1	2	2	291	
356	0	145	step_2_no_load	5	6	0.355256413269	0.6669125229	5	301	0	
356	0	146	step_1_no_load	1	2	2	304	
356	0	146	step_2_no_load	3	4	0.593778463268	0.257861956214	3	286	1	
356	0	147	step_1_no_load	1	2	1	281	
356	0	147	step_2_no_load	5	6	0.352879785946	0.647798886916	6	737	1	
356	0	148	step_1_no_load	1	2	1	375	
356	0	148	step_2_no_load	3	4	0.648050021239	0.305288021243	3	1012	0	
356	0	149	step_1_no_load	1	2	1	714	
356	0	149	step_2_no_load	3	4	0.623203869836	0.269951834184	4	544	0	
356	0	150	step_1_no_load	1	2	1	252	
356	0	150	step_2_no_load	3	4	0.605912419156	0.305587692243	3	394	1	
356	0	151	step_1_no_load	1	2	1	239	
356	0	151	step_2_no_load	3	4	0.614159737668	0.348172164421	3	302	1	
356	0	152	step_1_no_load	1	2	1	316	
356	0	152	step_2_no_load	3	4	0.644204174791	0.307702500543	3	531	1	
356	0	153	step_1_no_load	1	2	1	241	
356	0	153	step_2_no_load	5	6	0.343622632154	0.613336203392	5	275	1	
356	0	154	step_1_no_load	1	2	1	271	
356	0	154	step_2_no_load	3	4	0.671672162443	0.316375537537	3	406	1	
356	0	155	step_1_no_load	1	2	1	290	
356	0	155	step_2_no_load	5	6	0.372188990474	0.632486591889	5	289	1	
356	0	156	step_1_no_load	1	2	1	221	
356	0	156	step_2_no_load	5	6	0.368378667812	0.631048201903	5	404	0	
356	0	157	step_1_no_load	1	2	1	321	
356	0	157	step_2_no_load	3	4	0.720725456325	0.350909357271	3	423	1	
356	0	158	step_1_no_load	1	2	1	1	
356	0	158	step_2_no_load	5	6	0.334595868098	0.532722108502	5	298	0	
356	0	159	step_1_no_load	1	2	1	261	
356	0	159	step_2_no_load	3	4	0.697903160072	0.413026375257	3	547	1	
356	0	160	step_1_no_load	1	2	1	289	
356	0	160	step_2_no_load	3	4	0.710728171711	0.415052912783	4	343	0	
356	0	161	step_1_no_load	1	2	1	252	
356	0	161	step_2_no_load	5	6	0.438878285506	0.516036498158	6	762	1	
356	0	162	step_1_no_load	1	2	2	416	
356	0	162	step_2_no_load	3	4	0.695144769903	0.3926701003	4	669	1	
356	0	163	step_1_no_load	1	2	2	307	
356	0	163	step_2_no_load	5	6	0.430920885959	0.5863391277	6	922	0	
356	0	164	step_1_no_load	1	2	2	255	
356	0	164	step_2_no_load	5	6	0.430844125626	0.585961845322	6	350	1	
356	0	165	step_1_no_load	1	2	2	562	
356	0	165	step_2_no_load	3	4	0.717506143195	0.463777557969	4	449	1	
356	0	166	step_1_no_load	1	2	2	277	
356	0	166	step_2_no_load	3	4	0.686594248975	0.422282731054	4	411	1	
356	0	167	step_1_no_load	1	2	2	311	
356	0	167	step_2_no_load	5	6	0.331115714939	0.585131062446	6	460	0	
356	0	168	step_1_no_load	1	2	1	161	
356	0	168	step_2_no_load	5	6	0.335777599654	0.613361520676	6	504	0	
356	0	169	step_1_no_load	1	2	1	270	
356	0	169	step_2_no_load	3	4	0.704981910944	0.42098542374	3	876	1	
356	0	170	step_1_no_load	1	2	1	281	
356	0	170	step_2_no_load	3	4	0.67334314737	0.411067820436	3	359	1	
356	0	171	step_1_no_load	1	2	1	237	
356	0	171	step_2_no_load	3	4	0.727248140829	0.386979310814	3	459	1	
356	0	172	step_1_no_load	1	2	1	263	
356	0	172	step_2_no_load	5	6	0.490120307546	0.519090471457	5	253	1	
356	0	173	step_1_no_load	1	2	1	242	
356	0	173	step_2_no_load	5	6	0.462866379815	0.484428109849	5	408	0	
356	0	174	step_1_no_load	1	2	1	0	
356	0	174	step_2_no_load	5	6	0.46236234172	0.472729524832	6	418	0	
356	0	175	step_1_no_load	1	2	2	326	
356	0	175	step_2_no_load	3	4	0.693968268443	0.426185553904	3	856	1	
356	0	176	step_1_no_load	1	2	2	276	
356	0	176	step_2_no_load	5	6	0.500856457218	0.474046874473	6	627	0	
356	0	177	step_1_no_load	1	2	2	317	
356	0	177	step_2_no_load	5	6	0.4798184927	0.501268576771	5	636	1	
356	0	178	step_1_no_load	1	2	2	503	
356	0	178	step_2_no_load	5	6	0.49020858644	0.493712351915	5	638	0	
356	0	179	step_1_no_load	1	2	2	369	
356	0	179	step_2_no_load	5	6	0.493565996034	0.457298770028	5	504	1	
356	0	180	step_1_no_load	1	2	2	380	
356	0	180	step_2_no_load	3	4	0.719795072986	0.341214611607	3	338	0	
356	0	181	step_1_no_load	1	2	2	960	
356	0	181	step_2_no_load	5	6	0.480141179559	0.508735114046	5	559	1	
356	0	182	step_1_no_load	1	2	2	364	
356	0	182	step_2_no_load	5	6	0.49907747228	0.506773281362	5	579	1	
356	0	183	step_1_no_load	1	2	2	384	
356	0	183	step_2_no_load	5	6	0.492742497507	0.502991759047	5	478	0	
356	0	184	step_1_no_load	1	2	2	243	
356	0	184	step_2_no_load	5	6	0.480863422096	0.460890977786	5	265	1	
356	0	185	step_1_no_load	1	2	2	599	
356	0	185	step_2_no_load	5	6	0.482228039858	0.479703516092	5	685	1	
356	0	186	step_1_no_load	1	2	2	354	
356	0	186	step_2_no_load	5	6	0.484672582719	0.46870859828	5	393	0	
356	0	187	step_1_no_load	1	2	2	391	
356	0	187	step_2_no_load	5	6	0.498596507669	0.443962917772	5	254	1	
356	0	188	step_1_no_load	1	2	2	349	
356	0	188	step_2_no_load	5	6	0.548350535247	0.471319680586	5	276	1	
356	0	189	step_1_no_load	1	2	2	329	
356	0	189	step_2_no_load	5	6	0.534753756004	0.448897869069	5	400	1	
356	0	190	step_1_no_load	1	2	2	277	
356	0	190	step_2_no_load	5	6	0.505820429042	0.433568856946	5	444	1	
356	0	191	step_1_no_load	1	2	2	368	
356	0	191	step_2_no_load	5	6	0.512103523931	0.435748387321	5	279	1	
356	0	192	step_1_no_load	1	2	2	308	
356	0	192	step_2_no_load	5	6	0.493851022417	0.450791310283	5	451	1	
356	0	193	step_1_no_load	1	2	2	295	
356	0	193	step_2_no_load	3	4	0.679792491164	0.321008037746	3	413	0	
356	0	194	step_1_no_load	1	2	2	266	
356	0	194	step_2_no_load	5	6	0.505359594715	0.433250459893	5	1028	0	
356	0	195	step_1_no_load	1	2	2	334	
356	0	195	step_2_no_load	5	6	0.494102184238	0.466795336969	5	436	1	
356	0	196	step_1_no_load	1	2	2	538	
356	0	196	step_2_no_load	5	6	0.496717662777	0.421761207498	5	472	1	
356	0	197	step_1_no_load	1	2	2	300	
356	0	197	step_2_no_load	5	6	0.47786945426	0.422511153127	5	482	0	
356	0	198	step_1_no_load	1	2	2	479	
356	0	198	step_2_no_load	5	6	0.485065498391	0.397292432346	5	485	0	
356	0	199	step_1_no_load	1	2	2	370	
356	0	199	step_2_no_load	3	4	0.73697129762	0.292861528884	4	528	1	
356	0	200	step_1_no_load	1	2	2	328	
356	0	200	step_2_no_load	3	4	0.728996708473	0.299128796668	4	448	0	

Fri May  7 17:16:58 2021
