Thu May 20 17:05:22 2021	
357	0	1	step_1_no_load	1	2	2	509	
357	0	1	step_2_no_load	5	6	0.598297890399	0.594299910136	6	455	1	
357	0	2	step_1_no_load	1	2	1	311	
357	0	2	step_2_no_load	5	6	0.580156942153	0.610961032466	6	473	0	
357	0	3	step_1_no_load	1	2	1	438	
357	0	3	step_2_no_load	3	4	0.516002945397	0.476767372206	3	526	1	
357	0	4	step_1_no_load	1	2	1	411	
357	0	4	step_2_no_load	3	4	0.494597764192	0.478607661228	3	601	1	
357	0	5	step_1_no_load	1	2	1	435	
357	0	5	step_2_no_load	5	6	0.623810210114	0.576104915614	6	1171	0	
357	0	6	step_1_no_load	1	2	2	542	
357	0	6	step_2_no_load	5	6	0.585722686883	0.603642866427	6	701	1	
357	0	7	step_1_no_load	1	2	2	448	
357	0	7	step_2_no_load	5	6	0.568656746487	0.622642364361	6	495	1	
357	0	8	step_1_no_load	1	2	2	331	
357	0	8	step_2_no_load	3	4	0.499203529332	0.489816616396	3	355	1	
357	0	9	step_1_no_load	1	2	1	559	
357	0	9	step_2_no_load	3	4	0.54429228266	0.496546708465	3	604	0	
357	0	10	step_1_no_load	1	2	2	426	
357	0	10	step_2_no_load	3	4	0.576063520885	0.482364178155	3	857	0	
357	0	11	step_1_no_load	1	2	2	439	
357	0	11	step_2_no_load	5	6	0.69163818036	0.609191465743	6	903	0	
357	0	12	step_1_no_load	1	2	1	1122	
357	0	12	step_2_no_load	3	4	0.597131918027	0.48457206759	3	569	1	
357	0	13	step_1_no_load	1	2	2	526	
357	0	13	step_2_no_load	5	6	0.653587098421	0.558313135925	6	965	1	
357	0	14	step_1_no_load	1	2	2	594	
357	0	14	step_2_no_load	5	6	0.629137942344	0.545555696267	6	545	0	
357	0	15	step_1_no_load	1	2	1	542	
357	0	15	step_2_no_load	3	4	0.633564630036	0.505377237737	3	1277	1	
357	0	16	step_1_no_load	1	2	2	642	
357	0	16	step_2_no_load	5	6	0.628091198119	0.553308964466	6	1001	1	
357	0	17	step_1_no_load	1	2	2	406	
357	0	17	step_2_no_load	3	4	0.643116883134	0.535958400205	3	677	1	
357	0	18	step_1_no_load	1	2	1	305	
357	0	18	step_2_no_load	5	6	0.626834332012	0.553554620302	6	785	1	
357	0	19	step_1_no_load	1	2	1	364	
357	0	19	step_2_no_load	3	4	0.644773170243	0.498240186199	3	698	1	
357	0	20	step_1_no_load	1	2	2	648	
357	0	20	step_2_no_load	5	6	0.636521555122	0.491720931314	6	751	1	
357	0	21	step_1_no_load	1	2	1	556	
357	0	21	step_2_no_load	3	4	0.611328949295	0.49769376036	3	684	1	
357	0	22	step_1_no_load	1	2	1	296	
357	0	22	step_2_no_load	3	4	0.618527126547	0.506100011497	3	657	0	
357	0	23	step_1_no_load	1	2	1	608	
357	0	23	step_2_no_load	5	6	0.640163623731	0.513759772011	6	1016	1	
357	0	24	step_1_no_load	1	2	2	435	
357	0	24	step_2_no_load	5	6	0.582115115688	0.503316199018	-1	-1	-1	
357	0	25	step_1_no_load	1	2	1	532	
357	0	25	step_2_no_load	3	4	0.629917901014	0.503316372362	3	380	0	
357	0	26	step_1_no_load	1	2	1	527	
357	0	26	step_2_no_load	3	4	0.640635035276	0.511744353778	3	406	0	
357	0	27	step_1_no_load	1	2	2	354	
357	0	27	step_2_no_load	3	4	0.642144756622	0.507272671939	3	1201	1	
357	0	28	step_1_no_load	1	2	2	390	
357	0	28	step_2_no_load	5	6	0.588356036098	0.553259388875	6	500	1	
357	0	29	step_1_no_load	1	2	2	313	
357	0	29	step_2_no_load	5	6	0.606613029227	0.561957580386	6	592	1	
357	0	30	step_1_no_load	1	2	2	429	
357	0	30	step_2_no_load	5	6	0.608245979832	0.574272497114	6	687	1	
357	0	31	step_1_no_load	1	2	2	423	
357	0	31	step_2_no_load	5	6	0.636602545794	0.541819886458	6	910	0	
357	0	32	step_1_no_load	1	2	2	452	
357	0	32	step_2_no_load	5	6	0.634585171267	0.522993086096	6	715	1	
357	0	33	step_1_no_load	1	2	2	295	
357	0	33	step_2_no_load	5	6	0.611700032906	0.542309898544	6	782	0	
357	0	34	step_1_no_load	1	2	2	1	
357	0	34	step_2_no_load	5	6	0.575802910074	0.538523758058	6	1171	1	
357	0	35	step_1_no_load	1	2	2	401	
357	0	35	step_2_no_load	5	6	0.566827313385	0.594167768198	6	608	0	
357	0	36	step_1_no_load	1	2	2	252	
357	0	36	step_2_no_load	5	6	0.527635087561	0.611274573488	6	42	0	
357	0	37	step_1_no_load	1	2	1	567	
357	0	37	step_2_no_load	3	4	0.660658056664	0.543074626387	3	757	1	
357	0	38	step_1_no_load	1	2	1	307	
357	0	38	step_2_no_load	3	4	0.651263699161	0.553931241266	3	369	0	
357	0	39	step_1_no_load	1	2	2	398	
357	0	39	step_2_no_load	3	4	0.634483337633	0.578640235206	3	869	1	
357	0	40	step_1_no_load	1	2	2	306	
357	0	40	step_2_no_load	5	6	0.580760785074	0.607992802154	6	681	1	
357	0	41	step_1_no_load	1	2	1	327	
357	0	41	step_2_no_load	3	4	0.633285941184	0.583829055298	3	1030	0	
357	0	42	step_1_no_load	1	2	2	138	
357	0	42	step_2_no_load	5	6	0.533857158543	0.609164606591	6	793	1	
357	0	43	step_1_no_load	1	2	2	582	
357	0	43	step_2_no_load	5	6	0.553703096215	0.612705031264	6	1038	0	
357	0	44	step_1_no_load	1	2	2	556	
357	0	44	step_2_no_load	5	6	0.541854396676	0.611481438855	6	467	0	
357	0	45	step_1_no_load	1	2	2	394	
357	0	45	step_2_no_load	3	4	0.620699591043	0.5288039409	3	745	1	
357	0	46	step_1_no_load	1	2	2	703	
357	0	46	step_2_no_load	5	6	0.55511883717	0.600964500555	6	790	1	
357	0	47	step_1_no_load	1	2	2	549	
357	0	47	step_2_no_load	5	6	0.546259467838	0.598724660986	6	621	1	
357	0	48	step_1_no_load	1	2	2	0	
357	0	48	step_2_no_load	5	6	0.534690828011	0.615767119776	6	712	0	
357	0	49	step_1_no_load	1	2	2	1053	
357	0	49	step_2_no_load	3	4	0.614679490594	0.489287375157	3	580	0	
357	0	50	step_1_no_load	1	2	1	361	
357	0	50	step_2_no_load	3	4	0.593458480934	0.47381367271	3	624	0	
357	0	51	step_1_no_load	1	2	2	469	
357	0	51	step_2_no_load	3	4	0.613357430892	0.469943944943	4	988	0	
357	0	52	step_1_no_load	1	2	1	473	
357	0	52	step_2_no_load	3	4	0.613408921915	0.429622901875	3	641	1	
357	0	53	step_1_no_load	1	2	1	318	
357	0	53	step_2_no_load	3	4	0.630956764252	0.451905460347	3	509	1	
357	0	54	step_1_no_load	1	2	2	351	
357	0	54	step_2_no_load	5	6	0.493362545513	0.570223904064	6	830	0	
357	0	55	step_1_no_load	1	2	2	459	
357	0	55	step_2_no_load	5	6	0.526704292526	0.574045915747	5	652	0	
357	0	56	step_1_no_load	1	2	2	0	
357	0	56	step_2_no_load	5	6	0.538512915562	0.601856598146	6	951	1	
357	0	57	step_1_no_load	1	2	1	579	
357	0	57	step_2_no_load	5	6	0.516475618243	0.641849303307	5	787	0	
357	0	58	step_1_no_load	1	2	2	567	
357	0	58	step_2_no_load	5	6	0.528376440027	0.664682809182	6	919	0	
357	0	59	step_1_no_load	1	2	2	786	
357	0	59	step_2_no_load	3	4	0.608951267756	0.480274332693	3	1106	0	
357	0	60	step_1_no_load	1	2	1	573	
357	0	60	step_2_no_load	5	6	0.479287247283	0.623687406259	6	661	1	
357	0	61	step_1_no_load	1	2	2	498	
357	0	61	step_2_no_load	3	4	0.602879526975	0.464268875813	3	802	1	
357	0	62	step_1_no_load	1	2	1	486	
357	0	62	step_2_no_load	3	4	0.622820395113	0.50724109756	3	1070	0	
357	0	63	step_1_no_load	1	2	1	1	
357	0	63	step_2_no_load	3	4	0.642623127313	0.53192660365	3	810	1	
357	0	64	step_1_no_load	1	2	2	510	
357	0	64	step_2_no_load	3	4	0.626149195169	0.555062911513	3	926	0	
357	0	65	step_1_no_load	1	2	2	524	
357	0	65	step_2_no_load	5	6	0.517687993213	0.612660225018	6	771	1	
357	0	66	step_1_no_load	1	2	2	598	
357	0	66	step_2_no_load	3	4	0.630357351236	0.573761869714	3	1005	1	
357	0	67	step_1_no_load	1	2	2	313	
357	0	67	step_2_no_load	5	6	0.538279387614	0.597650193897	5	544	1	
357	0	68	step_1_no_load	1	2	-1	-1	
357	0	69	step_1_no_load	1	2	2	444	
357	0	69	step_2_no_load	5	6	0.560462111264	0.622221685203	6	700	1	
357	0	70	step_1_no_load	1	2	2	528	
357	0	70	step_2_no_load	5	6	0.548075770764	0.637556284465	6	447	0	
357	0	71	step_1_no_load	1	2	1	138	
357	0	71	step_2_no_load	5	6	0.546215110045	0.639174917797	5	505	1	
357	0	72	step_1_no_load	1	2	2	295	
357	0	72	step_2_no_load	3	4	0.705884789502	0.47409116389	3	877	1	
357	0	73	step_1_no_load	1	2	2	346	
357	0	73	step_2_no_load	5	6	0.50185699984	0.657126403029	6	545	1	
357	0	74	step_1_no_load	1	2	2	438	
357	0	74	step_2_no_load	5	6	0.491044983779	0.614462146454	5	613	0	
357	0	75	step_1_no_load	1	2	2	474	
357	0	75	step_2_no_load	5	6	0.483983914712	0.615552849174	5	864	0	
357	0	76	step_1_no_load	1	2	2	284	
357	0	76	step_2_no_load	5	6	0.518881389358	0.62770291155	6	611	1	
357	0	77	step_1_no_load	1	2	2	335	
357	0	77	step_2_no_load	3	4	0.679737625371	0.446809557226	-1	-1	-1	
357	0	78	step_1_no_load	1	2	2	404	
357	0	78	step_2_no_load	5	6	0.538654072849	0.536711448352	-1	-1	-1	
357	0	79	step_1_no_load	1	2	1	792	
357	0	79	step_2_no_load	3	4	0.647841624544	0.389124152368	3	544	1	
357	0	80	step_1_no_load	1	2	1	412	
357	0	80	step_2_no_load	3	4	0.703969305517	0.396016175285	3	411	0	
357	0	81	step_1_no_load	1	2	1	472	
357	0	81	step_2_no_load	3	4	0.702400933084	0.419265522488	4	424	1	
357	0	82	step_1_no_load	1	2	2	470	
357	0	82	step_2_no_load	5	6	0.482727017837	0.564729328387	6	509	1	
357	0	83	step_1_no_load	1	2	2	449	
357	0	83	step_2_no_load	5	6	0.483255412498	0.607907985871	6	487	1	
357	0	84	step_1_no_load	1	2	2	395	
357	0	84	step_2_no_load	3	4	0.731466635793	0.385087938645	-1	-1	-1	
357	0	85	step_1_no_load	1	2	1	456	
357	0	85	step_2_no_load	3	4	0.712989604416	0.384458259121	3	439	1	
357	0	86	step_1_no_load	1	2	1	421	
357	0	86	step_2_no_load	5	6	0.486462788728	0.691782850001	5	611	1	
357	0	87	step_1_no_load	1	2	2	510	
357	0	87	step_2_no_load	3	4	0.690012761069	0.40000499778	3	1150	1	
357	0	88	step_1_no_load	1	2	2	2	
357	0	88	step_2_no_load	5	6	0.509563243675	0.717410082358	6	712	0	
357	0	89	step_1_no_load	1	2	1	477	
357	0	89	step_2_no_load	3	4	0.660112261017	0.415882489686	3	252	1	
357	0	90	step_1_no_load	1	2	1	560	
357	0	90	step_2_no_load	3	4	0.688736868033	0.411459496853	3	687	0	
357	0	91	step_1_no_load	1	2	2	603	
357	0	91	step_2_no_load	5	6	0.479087223222	0.685023809334	6	971	1	
357	0	92	step_1_no_load	1	2	2	758	
357	0	92	step_2_no_load	5	6	0.484260039873	0.692406274724	6	582	0	
357	0	93	step_1_no_load	1	2	1	184	
357	0	93	step_2_no_load	3	4	0.662863370634	0.439878153082	-1	-1	-1	
357	0	94	step_1_no_load	1	2	-1	-1	
357	0	95	step_1_no_load	1	2	2	416	
357	0	95	step_2_no_load	3	4	0.640209855442	0.427150666411	4	602	0	
357	0	96	step_1_no_load	1	2	2	461	
357	0	96	step_2_no_load	3	4	0.663095813561	0.383038640121	3	702	1	
357	0	97	step_1_no_load	1	2	2	379	
357	0	97	step_2_no_load	5	6	0.455601814112	0.681272614291	6	753	0	
357	0	98	step_1_no_load	1	2	2	392	
357	0	98	step_2_no_load	5	6	0.431479829356	0.70287861952	6	518	1	
357	0	99	step_1_no_load	1	2	2	284	
357	0	99	step_2_no_load	5	6	0.375249961522	0.673709850038	6	862	1	
357	0	100	step_1_no_load	1	2	2	641	
357	0	100	step_2_no_load	5	6	0.363162156005	0.666227451505	6	905	1	
357	0	101	step_1_no_load	1	2	2	603	
357	0	101	step_2_no_load	3	4	0.655903528958	0.497432607584	3	801	0	
357	0	102	step_1_no_load	1	2	2	156	
357	0	102	step_2_no_load	5	6	0.326080462175	0.666304534392	6	699	1	
357	0	103	step_1_no_load	1	2	2	137	
357	0	103	step_2_no_load	3	4	0.69058998368	0.481975449893	-1	-1	-1	
357	0	104	step_1_no_load	1	2	2	523	
357	0	104	step_2_no_load	5	6	0.303696146503	0.703870701136	6	627	1	
357	0	105	step_1_no_load	1	2	2	440	
357	0	105	step_2_no_load	5	6	0.352639603242	0.689135357059	6	462	1	
357	0	106	step_1_no_load	1	2	2	4	
357	0	106	step_2_no_load	5	6	0.374131494222	0.712883638252	6	603	1	
357	0	107	step_1_no_load	1	2	2	440	
357	0	107	step_2_no_load	5	6	0.388257337796	0.692607431435	6	7	0	
357	0	108	step_1_no_load	1	2	1	859	
357	0	108	step_2_no_load	3	4	0.681491063126	0.526955028982	3	554	0	
357	0	109	step_1_no_load	1	2	2	314	
357	0	109	step_2_no_load	5	6	0.372328831887	0.71632547018	6	433	1	
357	0	110	step_1_no_load	1	2	2	285	
357	0	110	step_2_no_load	5	6	0.395544455384	0.729599891941	6	861	1	
357	0	111	step_1_no_load	1	2	2	296	
357	0	111	step_2_no_load	5	6	0.407158158569	0.724852671171	6	413	0	
357	0	112	step_1_no_load	1	2	2	498	
357	0	112	step_2_no_load	5	6	0.413393106784	0.725701866094	6	689	0	
357	0	113	step_1_no_load	1	2	2	461	
357	0	113	step_2_no_load	5	6	0.387112818105	0.719324307956	6	419	1	
357	0	114	step_1_no_load	1	2	2	491	
357	0	114	step_2_no_load	5	6	0.384736699284	0.718213323791	5	1177	0	
357	0	115	step_1_no_load	1	2	2	428	
357	0	115	step_2_no_load	5	6	0.357661171116	0.739704344621	6	500	1	
357	0	116	step_1_no_load	1	2	2	361	
357	0	116	step_2_no_load	3	4	0.680124293449	0.378149844807	4	672	0	
357	0	117	step_1_no_load	1	2	2	221	
357	0	117	step_2_no_load	5	6	0.363056877927	0.747012267642	6	1386	1	
357	0	118	step_1_no_load	1	2	2	281	
357	0	118	step_2_no_load	5	6	0.362977115924	0.740051715856	6	753	1	
357	0	119	step_1_no_load	1	2	2	22	
357	0	119	step_2_no_load	5	6	0.358243439099	0.690424535099	6	789	0	
357	0	120	step_1_no_load	1	2	2	0	
357	0	120	step_2_no_load	5	6	0.333809617664	0.70587238626	6	576	1	
357	0	121	step_1_no_load	1	2	2	1	
357	0	121	step_2_no_load	3	4	0.671052306195	0.352721767208	4	866	0	
357	0	122	step_1_no_load	1	2	2	720	
357	0	122	step_2_no_load	3	4	0.672193618854	0.329624572119	3	599	1	
357	0	123	step_1_no_load	1	2	2	310	
357	0	123	step_2_no_load	5	6	0.269780614928	0.583607229978	-1	-1	-1	
357	0	124	step_1_no_load	1	2	2	632	
357	0	124	step_2_no_load	3	4	0.624161788269	0.309430836661	4	456	0	
357	0	125	step_1_no_load	1	2	2	180	
357	0	125	step_2_no_load	3	4	0.633566302563	0.303110862715	4	108	1	
357	0	126	step_1_no_load	1	2	2	767	
357	0	126	step_2_no_load	3	4	0.600985760967	0.300846667696	4	118	0	
357	0	127	step_1_no_load	1	2	2	481	
357	0	127	step_2_no_load	5	6	0.273483952592	0.560824094575	6	680	0	
357	0	128	step_1_no_load	1	2	2	661	
357	0	128	step_2_no_load	3	4	0.620672334996	0.250790232267	3	1414	0	
357	0	129	step_1_no_load	1	2	2	492	
357	0	129	step_2_no_load	3	4	0.632682846317	0.271709703542	-1	-1	-1	
357	0	130	step_1_no_load	1	2	1	111	
357	0	130	step_2_no_load	3	4	0.630285316669	0.274560758494	3	424	0	
357	0	131	step_1_no_load	1	2	2	363	
357	0	131	step_2_no_load	3	4	0.638450601212	0.311475039155	4	554	0	
357	0	132	step_1_no_load	1	2	2	399	
357	0	132	step_2_no_load	3	4	0.660013924697	0.315328810424	3	989	0	
357	0	133	step_1_no_load	1	2	2	571	
357	0	133	step_2_no_load	5	6	0.315608831386	0.617383991623	6	593	1	
357	0	134	step_1_no_load	1	2	2	422	
357	0	134	step_2_no_load	3	4	0.685529359147	0.302839427162	4	1084	0	
357	0	135	step_1_no_load	1	2	-1	-1	
357	0	136	step_1_no_load	1	2	2	687	
357	0	136	step_2_no_load	3	4	0.674914008636	0.284521085726	4	535	0	
357	0	137	step_1_no_load	1	2	2	461	
357	0	137	step_2_no_load	3	4	0.668540846495	0.325016613024	3	637	1	
357	0	138	step_1_no_load	1	2	2	506	
357	0	138	step_2_no_load	5	6	0.366701525561	0.63240964674	6	905	1	
357	0	139	step_1_no_load	1	2	1	663	
357	0	139	step_2_no_load	5	6	0.325611400511	0.636630981281	6	1172	1	
357	0	140	step_1_no_load	1	2	2	146	
357	0	140	step_2_no_load	5	6	0.348740542008	0.671213945178	6	529	0	
357	0	141	step_1_no_load	1	2	2	432	
357	0	141	step_2_no_load	5	6	0.390227133375	0.711987889705	6	543	1	
357	0	142	step_1_no_load	1	2	1	6	
357	0	142	step_2_no_load	5	6	0.397052682821	0.690276058009	5	19	1	
357	0	143	step_1_no_load	1	2	2	511	
357	0	143	step_2_no_load	3	4	0.610219102298	0.313516825296	3	653	1	
357	0	144	step_1_no_load	1	2	2	443	
357	0	144	step_2_no_load	5	6	0.389234194056	0.626443722248	6	1233	1	
357	0	145	step_1_no_load	1	2	2	575	
357	0	145	step_2_no_load	3	4	0.606515632748	0.266265924094	3	653	1	
357	0	146	step_1_no_load	1	2	1	363	
357	0	146	step_2_no_load	5	6	0.320877500969	0.681611991725	6	744	1	
357	0	147	step_1_no_load	1	2	2	414	
357	0	147	step_2_no_load	3	4	0.594861186319	0.265578160642	4	836	1	
357	0	148	step_1_no_load	1	2	2	538	
357	0	148	step_2_no_load	5	6	0.311162711725	0.619272702026	6	545	1	
357	0	149	step_1_no_load	1	2	2	5	
357	0	149	step_2_no_load	3	4	0.623203869836	0.269951834184	3	788	1	
357	0	150	step_1_no_load	1	2	1	505	
357	0	150	step_2_no_load	3	4	0.605912419156	0.305587692243	3	696	0	
357	0	151	step_1_no_load	1	2	2	429	
357	0	151	step_2_no_load	3	4	0.614159737668	0.348172164421	4	891	1	
357	0	152	step_1_no_load	1	2	2	528	
357	0	152	step_2_no_load	5	6	0.323194010514	0.595108765344	6	905	1	
357	0	153	step_1_no_load	1	2	2	630	
357	0	153	step_2_no_load	3	4	0.681559292085	0.309356532263	3	845	1	
357	0	154	step_1_no_load	1	2	1	514	
357	0	154	step_2_no_load	3	4	0.671672162443	0.316375537537	3	937	0	
357	0	155	step_1_no_load	1	2	2	377	
357	0	155	step_2_no_load	5	6	0.372188990474	0.632486591889	6	545	0	
357	0	156	step_1_no_load	1	2	2	379	
357	0	156	step_2_no_load	5	6	0.368378667812	0.631048201903	6	546	1	
357	0	157	step_1_no_load	1	2	1	592	
357	0	157	step_2_no_load	3	4	0.720725456325	0.350909357271	3	648	1	
357	0	158	step_1_no_load	1	2	1	437	
357	0	158	step_2_no_load	3	4	0.694270715354	0.408728803896	3	588	1	
357	0	159	step_1_no_load	1	2	1	681	
357	0	159	step_2_no_load	3	4	0.697903160072	0.413026375257	3	856	1	
357	0	160	step_1_no_load	1	2	1	397	
357	0	160	step_2_no_load	3	4	0.710728171711	0.415052912783	3	804	1	
357	0	161	step_1_no_load	1	2	1	424	
357	0	161	step_2_no_load	3	4	0.719896286569	0.407025633682	3	832	0	
357	0	162	step_1_no_load	1	2	1	491	
357	0	162	step_2_no_load	5	6	0.455329532209	0.566496468084	6	946	1	
357	0	163	step_1_no_load	1	2	1	413	
357	0	163	step_2_no_load	5	6	0.430920885959	0.5863391277	6	893	1	
357	0	164	step_1_no_load	1	2	1	344	
357	0	164	step_2_no_load	5	6	0.430844125626	0.585961845322	6	1167	1	
357	0	165	step_1_no_load	1	2	1	59	
357	0	165	step_2_no_load	3	4	0.717506143195	0.463777557969	-1	-1	-1	
357	0	166	step_1_no_load	1	2	2	473	
357	0	166	step_2_no_load	3	4	0.686594248975	0.422282731054	3	560	1	
357	0	167	step_1_no_load	1	2	1	414	
357	0	167	step_2_no_load	3	4	0.706271792549	0.38753671275	3	548	0	
357	0	168	step_1_no_load	1	2	1	233	
357	0	168	step_2_no_load	3	4	0.67192508984	0.400817642375	3	530	1	
357	0	169	step_1_no_load	1	2	1	401	
357	0	169	step_2_no_load	3	4	0.704981910944	0.42098542374	3	568	1	
357	0	170	step_1_no_load	1	2	1	757	
357	0	170	step_2_no_load	3	4	0.67334314737	0.411067820436	3	837	1	
357	0	171	step_1_no_load	1	2	1	515	
357	0	171	step_2_no_load	3	4	0.727248140829	0.386979310814	3	562	0	
357	0	172	step_1_no_load	1	2	2	469	
357	0	172	step_2_no_load	5	6	0.490120307546	0.519090471457	6	388	1	
357	0	173	step_1_no_load	1	2	2	70	
357	0	173	step_2_no_load	5	6	0.462866379815	0.484428109849	6	1220	1	
357	0	174	step_1_no_load	1	2	2	401	
357	0	174	step_2_no_load	5	6	0.46236234172	0.472729524832	6	528	1	
357	0	175	step_1_no_load	1	2	2	1061	
357	0	175	step_2_no_load	5	6	0.484825491933	0.52644949356	6	348	0	
357	0	176	step_1_no_load	1	2	1	1	
357	0	176	step_2_no_load	3	4	0.679250000396	0.383231572002	3	392	1	
357	0	177	step_1_no_load	1	2	1	364	
357	0	177	step_2_no_load	3	4	0.714070205704	0.357425668099	3	315	1	
357	0	178	step_1_no_load	1	2	1	376	
357	0	178	step_2_no_load	3	4	0.705993797498	0.36473828006	3	408	1	
357	0	179	step_1_no_load	1	2	2	278	
357	0	179	step_2_no_load	3	4	0.709345707515	0.324685418097	4	494	0	
357	0	180	step_1_no_load	1	2	2	459	
357	0	180	step_2_no_load	3	4	0.719795072986	0.341214611607	4	507	0	
357	0	181	step_1_no_load	1	2	2	486	
357	0	181	step_2_no_load	5	6	0.480141179559	0.508735114046	6	669	0	
357	0	182	step_1_no_load	1	2	2	746	
357	0	182	step_2_no_load	5	6	0.49907747228	0.506773281362	6	803	1	
357	0	183	step_1_no_load	1	2	1	54	
357	0	183	step_2_no_load	5	6	0.492742497507	0.502991759047	-1	-1	-1	
357	0	184	step_1_no_load	1	2	2	379	
357	0	184	step_2_no_load	5	6	0.480863422096	0.460890977786	6	499	0	
357	0	185	step_1_no_load	1	2	2	606	
357	0	185	step_2_no_load	5	6	0.482228039858	0.479703516092	6	437	1	
357	0	186	step_1_no_load	1	2	2	1	
357	0	186	step_2_no_load	5	6	0.484672582719	0.46870859828	6	1072	1	
357	0	187	step_1_no_load	1	2	2	620	
357	0	187	step_2_no_load	3	4	0.678211978625	0.328890769988	3	1013	1	
357	0	188	step_1_no_load	1	2	1	0	
357	0	188	step_2_no_load	5	6	0.548350535247	0.471319680586	6	905	1	
357	0	189	step_1_no_load	1	2	1	437	
357	0	189	step_2_no_load	3	4	0.688353284054	0.285168135955	3	773	1	
357	0	190	step_1_no_load	1	2	1	511	
357	0	190	step_2_no_load	3	4	0.667655825994	0.304557739386	3	477	1	
357	0	191	step_1_no_load	1	2	-1	-1	
357	0	192	step_1_no_load	1	2	1	5	
357	0	192	step_2_no_load	5	6	0.493851022417	0.450791310283	5	189	0	
357	0	193	step_1_no_load	1	2	2	393	
357	0	193	step_2_no_load	5	6	0.504944704439	0.440813209638	6	232	1	
357	0	194	step_1_no_load	1	2	2	390	
357	0	194	step_2_no_load	5	6	0.505359594715	0.433250459893	6	613	0	
357	0	195	step_1_no_load	1	2	2	369	
357	0	195	step_2_no_load	5	6	0.494102184238	0.466795336969	6	992	1	
357	0	196	step_1_no_load	1	2	2	500	
357	0	196	step_2_no_load	5	6	0.496717662777	0.421761207498	6	731	1	
357	0	197	step_1_no_load	1	2	2	573	
357	0	197	step_2_no_load	5	6	0.47786945426	0.422511153127	6	748	1	
357	0	198	step_1_no_load	1	2	2	313	
357	0	198	step_2_no_load	5	6	0.485065498391	0.397292432346	6	40	1	
357	0	199	step_1_no_load	1	2	2	475	
357	0	199	step_2_no_load	5	6	0.529438031858	0.39793773834	6	651	1	
357	0	200	step_1_no_load	1	2	2	756	
357	0	200	step_2_no_load	5	6	0.507902534353	0.372436949782	-1	-1	-1	

Thu May 20 17:23:26 2021
