Mon May 24 16:30:18 2021	
358	0	1	step_1_no_load	1	2	2	655	
358	0	1	step_2_no_load	5	6	0.511789129507	0.594299910136	6	672	1	
358	0	2	step_1_no_load	1	2	1	423	
358	0	2	step_2_no_load	3	4	0.580156942153	0.474613197709	3	527	0	
358	0	3	step_1_no_load	1	2	2	387	
358	0	3	step_2_no_load	5	6	0.516002945397	0.589215227351	6	450	1	
358	0	4	step_1_no_load	1	2	2	375	
358	0	4	step_2_no_load	3	4	0.597491569846	0.478607661228	4	350	0	
358	0	5	step_1_no_load	1	2	2	369	
358	0	5	step_2_no_load	5	6	0.543908521457	0.576104915614	6	680	1	
358	0	6	step_1_no_load	1	2	2	460	
358	0	6	step_2_no_load	5	6	0.490454120702	0.603642866427	6	587	1	
358	0	7	step_1_no_load	1	2	2	457	
358	0	7	step_2_no_load	5	6	0.506408070053	0.622642364361	6	616	1	
358	0	8	step_1_no_load	1	2	2	541	
358	0	8	step_2_no_load	5	6	0.499203529332	0.624210374623	6	604	0	
358	0	9	step_1_no_load	1	2	2	442	
358	0	9	step_2_no_load	5	6	0.54429228266	0.641106877158	5	368	0	
358	0	10	step_1_no_load	1	2	1	468	
358	0	10	step_2_no_load	3	4	0.652626043146	0.482364178155	3	708	1	
358	0	11	step_1_no_load	1	2	1	366	
358	0	11	step_2_no_load	5	6	0.59022801242	0.609191465743	5	488	1	
358	0	12	step_1_no_load	1	2	1	501	
358	0	12	step_2_no_load	5	6	0.597131918027	0.552770607849	6	651	0	
358	0	13	step_1_no_load	1	2	1	455	
358	0	13	step_2_no_load	3	4	0.653587098421	0.52012981853	4	549	1	
358	0	14	step_1_no_load	1	2	1	416	
358	0	14	step_2_no_load	3	4	0.629137942344	0.491234392147	3	815	1	
358	0	15	step_1_no_load	1	2	1	689	
358	0	15	step_2_no_load	3	4	0.612260006668	0.505377237737	4	775	0	
358	0	16	step_1_no_load	1	2	1	387	
358	0	16	step_2_no_load	3	4	0.628091198119	0.510958036527	3	393	1	
358	0	17	step_1_no_load	1	2	1	422	
358	0	17	step_2_no_load	3	4	0.633350170016	0.535958400205	3	468	0	
358	0	18	step_1_no_load	1	2	2	528	
358	0	18	step_2_no_load	3	4	0.626834332012	0.517514133912	3	447	1	
358	0	19	step_1_no_load	1	2	2	428	
358	0	19	step_2_no_load	3	4	0.619895761657	0.498240186199	3	713	0	
358	0	20	step_1_no_load	1	2	2	414	
358	0	20	step_2_no_load	5	6	0.60665343963	0.491720931314	5	582	1	
358	0	21	step_1_no_load	1	2	2	395	
358	0	21	step_2_no_load	5	6	0.611328949295	0.470207377245	5	361	0	
358	0	22	step_1_no_load	1	2	2	399	
358	0	22	step_2_no_load	5	6	0.618527126547	0.468700882609	5	686	0	
358	0	23	step_1_no_load	1	2	2	475	
358	0	23	step_2_no_load	5	6	0.604065470975	0.513759772011	6	385	1	
358	0	24	step_1_no_load	1	2	2	383	
358	0	24	step_2_no_load	3	4	0.582115115688	0.505388876622	4	374	1	
358	0	25	step_1_no_load	1	2	2	418	
358	0	25	step_2_no_load	5	6	0.629917901014	0.503605105412	6	537	1	
358	0	26	step_1_no_load	1	2	2	429	
358	0	26	step_2_no_load	3	4	0.592410219737	0.511744353778	4	755	1	
358	0	27	step_1_no_load	1	2	2	475	
358	0	27	step_2_no_load	5	6	0.642144756622	0.54756089792	6	492	0	
358	0	28	step_1_no_load	1	2	1	482	
358	0	28	step_2_no_load	3	4	0.588356036098	0.520177259699	4	393	0	
358	0	29	step_1_no_load	1	2	1	492	
358	0	29	step_2_no_load	3	4	0.606613029227	0.521159009103	3	372	1	
358	0	30	step_1_no_load	1	2	1	528	
358	0	30	step_2_no_load	3	4	0.608245979832	0.4919199548	3	431	0	
358	0	31	step_1_no_load	1	2	2	315	
358	0	31	step_2_no_load	5	6	0.606122691795	0.541819886458	5	378	1	
358	0	32	step_1_no_load	1	2	2	319	
358	0	32	step_2_no_load	5	6	0.605616211083	0.522993086096	5	600	1	
358	0	33	step_1_no_load	1	2	2	452	
358	0	33	step_2_no_load	5	6	0.618000238621	0.542309898544	5	372	1	
358	0	34	step_1_no_load	1	2	2	310	
358	0	34	step_2_no_load	5	6	0.670290552209	0.538523758058	5	428	0	
358	0	35	step_1_no_load	1	2	2	399	
358	0	35	step_2_no_load	5	6	0.649776015006	0.594167768198	5	326	0	
358	0	36	step_1_no_load	1	2	2	515	
358	0	36	step_2_no_load	5	6	0.661229326326	0.611274573488	6	450	1	
358	0	37	step_1_no_load	1	2	2	373	
358	0	37	step_2_no_load	5	6	0.660658056664	0.598446394142	6	780	0	
358	0	38	step_1_no_load	1	2	1	315	
358	0	38	step_2_no_load	3	4	0.539078491643	0.553931241266	4	433	1	
358	0	39	step_1_no_load	1	2	1	325	
358	0	39	step_2_no_load	5	6	0.634483337633	0.610601635554	6	301	1	
358	0	40	step_1_no_load	1	2	1	356	
358	0	40	step_2_no_load	5	6	0.636994900683	0.607992802154	6	421	0	
358	0	41	step_1_no_load	1	2	1	433	
358	0	41	step_2_no_load	3	4	0.524862294848	0.583829055298	3	591	0	
358	0	42	step_1_no_load	1	2	1	723	
358	0	42	step_2_no_load	5	6	0.606696263624	0.609164606591	5	780	0	
358	0	43	step_1_no_load	1	2	1	375	
358	0	43	step_2_no_load	3	4	0.553703096215	0.548128010644	4	445	1	
358	0	44	step_1_no_load	1	2	1	474	
358	0	44	step_2_no_load	3	4	0.541854396676	0.537842745081	4	424	0	
358	0	45	step_1_no_load	1	2	1	517	
358	0	45	step_2_no_load	3	4	0.579346234508	0.5288039409	4	788	0	
358	0	46	step_1_no_load	1	2	2	440	
358	0	46	step_2_no_load	5	6	0.654261318712	0.600964500555	5	408	1	
358	0	47	step_1_no_load	1	2	2	420	
358	0	47	step_2_no_load	3	4	0.546259467838	0.493112702321	3	467	0	
358	0	48	step_1_no_load	1	2	2	370	
358	0	48	step_2_no_load	5	6	0.657624935632	0.615767119776	5	448	1	
358	0	49	step_1_no_load	1	2	2	443	
358	0	49	step_2_no_load	5	6	0.614679490594	0.610193185592	5	482	0	
358	0	50	step_1_no_load	1	2	1	471	
358	0	50	step_2_no_load	5	6	0.593458480934	0.606862017918	6	887	1	
358	0	51	step_1_no_load	1	2	2	357	
358	0	51	step_2_no_load	5	6	0.613357430892	0.564866799699	6	451	1	
358	0	52	step_1_no_load	1	2	2	366	
358	0	52	step_2_no_load	5	6	0.613408921915	0.539065404057	6	365	1	
358	0	53	step_1_no_load	1	2	2	298	
358	0	53	step_2_no_load	3	4	0.475342927439	0.451905460347	3	658	0	
358	0	54	step_1_no_load	1	2	2	390	
358	0	54	step_2_no_load	5	6	0.652515308527	0.570223904064	6	583	0	
358	0	55	step_1_no_load	1	2	2	348	
358	0	55	step_2_no_load	5	6	0.639840796975	0.574045915747	6	403	0	
358	0	56	step_1_no_load	1	2	1	431	
358	0	56	step_2_no_load	5	6	0.60038825769	0.601856598146	5	614	1	
358	0	57	step_1_no_load	1	2	1	311	
358	0	57	step_2_no_load	3	4	0.516475618243	0.466449077359	4	478	1	
358	0	58	step_1_no_load	1	2	1	604	
358	0	58	step_2_no_load	3	4	0.528376440027	0.478335218822	4	410	0	
358	0	59	step_1_no_load	1	2	1	618	
358	0	59	step_2_no_load	3	4	0.537400760025	0.480274332693	3	403	1	
358	0	60	step_1_no_load	1	2	2	461	
358	0	60	step_2_no_load	3	4	0.479287247283	0.491916707098	3	316	0	
358	0	61	step_1_no_load	1	2	2	377	
358	0	61	step_2_no_load	5	6	0.602879526975	0.669587072502	5	496	1	
358	0	62	step_1_no_load	1	2	2	364	
358	0	62	step_2_no_load	3	4	0.533031417444	0.50724109756	3	386	0	
358	0	63	step_1_no_load	1	2	2	318	
358	0	63	step_2_no_load	5	6	0.642623127313	0.664284493458	5	494	1	
358	0	64	step_1_no_load	1	2	2	476	
358	0	64	step_2_no_load	5	6	0.626149195169	0.642369708469	5	539	1	
358	0	65	step_1_no_load	1	2	2	363	
358	0	65	step_2_no_load	5	6	0.619953360065	0.612660225018	5	427	1	
358	0	66	step_1_no_load	1	2	2	432	
358	0	66	step_2_no_load	5	6	0.630357351236	0.606938648072	5	487	1	
358	0	67	step_1_no_load	1	2	2	339	
358	0	67	step_2_no_load	3	4	0.538279387614	0.542076810516	4	424	0	
358	0	68	step_1_no_load	1	2	2	546	
358	0	68	step_2_no_load	5	6	0.719455209845	0.622963076372	5	385	0	
358	0	69	step_1_no_load	1	2	2	347	
358	0	69	step_2_no_load	3	4	0.560462111264	0.499137600991	3	337	0	
358	0	70	step_1_no_load	1	2	2	382	
358	0	70	step_2_no_load	5	6	0.697741832068	0.637556284465	6	453	1	
358	0	71	step_1_no_load	1	2	2	362	
358	0	71	step_2_no_load	3	4	0.546215110045	0.482863323776	3	393	0	
358	0	72	step_1_no_load	1	2	2	390	
358	0	72	step_2_no_load	3	4	0.556486305476	0.47409116389	4	597	0	
358	0	73	step_1_no_load	1	2	2	377	
358	0	73	step_2_no_load	3	4	0.50185699984	0.435957313805	3	1313	0	
358	0	74	step_1_no_load	1	2	2	472	
358	0	74	step_2_no_load	3	4	0.491044983779	0.453420386428	4	734	0	
358	0	75	step_1_no_load	1	2	1	329	
358	0	75	step_2_no_load	3	4	0.483983914712	0.44832280175	4	703	0	
358	0	76	step_1_no_load	1	2	2	413	
358	0	76	step_2_no_load	5	6	0.690117652944	0.62770291155	6	485	0	
358	0	77	step_1_no_load	1	2	2	391	
358	0	77	step_2_no_load	5	6	0.679737625371	0.564257587118	5	423	1	
358	0	78	step_1_no_load	1	2	2	332	
358	0	78	step_2_no_load	5	6	0.647586191228	0.536711448352	5	611	1	
358	0	79	step_1_no_load	1	2	2	366	
358	0	79	step_2_no_load	5	6	0.647841624544	0.513695512795	5	297	0	
358	0	80	step_1_no_load	1	2	2	443	
358	0	80	step_2_no_load	5	6	0.703969305517	0.518583383166	6	333	0	
358	0	81	step_1_no_load	1	2	1	598	
358	0	81	step_2_no_load	5	6	0.702400933084	0.529745690463	6	638	0	
358	0	82	step_1_no_load	1	2	2	283	
358	0	82	step_2_no_load	5	6	0.688340116885	0.564729328387	5	469	1	
358	0	83	step_1_no_load	1	2	2	398	
358	0	83	step_2_no_load	5	6	0.726885136842	0.607907985871	5	261	1	
358	0	84	step_1_no_load	1	2	2	274	
358	0	84	step_2_no_load	3	4	0.505586222209	0.385087938645	3	800	0	
358	0	85	step_1_no_load	1	2	2	373	
358	0	85	step_2_no_load	3	4	0.485785534744	0.384458259121	3	380	0	
358	0	86	step_1_no_load	1	2	2	273	
358	0	86	step_2_no_load	5	6	0.721207648497	0.691782850001	5	711	1	
358	0	87	step_1_no_load	1	2	2	524	
358	0	87	step_2_no_load	5	6	0.690012761069	0.719375344246	5	579	1	
358	0	88	step_1_no_load	1	2	2	384	
358	0	88	step_2_no_load	3	4	0.509563243675	0.377947492322	4	528	0	
358	0	89	step_1_no_load	1	2	2	508	
358	0	89	step_2_no_load	5	6	0.660112261017	0.690772436485	5	355	1	
358	0	90	step_1_no_load	1	2	2	311	
358	0	90	step_2_no_load	3	4	0.530126112124	0.411459496853	4	705	1	
358	0	91	step_1_no_load	1	2	2	364	
358	0	91	step_2_no_load	5	6	0.657820521772	0.685023809334	6	659	1	
358	0	92	step_1_no_load	1	2	2	293	
358	0	92	step_2_no_load	5	6	0.679381608313	0.692406274724	6	652	0	
358	0	93	step_1_no_load	1	2	2	320	
358	0	93	step_2_no_load	3	4	0.473273727684	0.439878153082	4	575	1	
358	0	94	step_1_no_load	1	2	1	463	
358	0	94	step_2_no_load	3	4	0.468637558205	0.429211756872	4	438	0	
358	0	95	step_1_no_load	1	2	1	345	
358	0	95	step_2_no_load	5	6	0.640209855442	0.715495469274	6	327	1	
358	0	96	step_1_no_load	1	2	1	379	
358	0	96	step_2_no_load	3	4	0.437558890646	0.383038640121	4	561	0	
358	0	97	step_1_no_load	1	2	2	344	
358	0	97	step_2_no_load	5	6	0.651202057411	0.681272614291	5	510	1	
358	0	98	step_1_no_load	1	2	2	371	
358	0	98	step_2_no_load	5	6	0.646040060297	0.70287861952	5	378	1	
358	0	99	step_1_no_load	1	2	2	381	
358	0	99	step_2_no_load	3	4	0.375249961522	0.397561363605	3	477	0	
358	0	100	step_1_no_load	1	2	2	617	
358	0	100	step_2_no_load	5	6	0.66579920021	0.666227451505	6	471	1	
358	0	101	step_1_no_load	1	2	2	509	
358	0	101	step_2_no_load	5	6	0.655903528958	0.623812401974	5	579	0	
358	0	102	step_1_no_load	1	2	2	393	
358	0	102	step_2_no_load	5	6	0.663124617603	0.666304534392	6	527	1	
358	0	103	step_1_no_load	1	2	2	357	
358	0	103	step_2_no_load	5	6	0.69058998368	0.663997796029	6	627	1	
358	0	104	step_1_no_load	1	2	2	311	
358	0	104	step_2_no_load	5	6	0.743372642809	0.703870701136	6	391	1	
358	0	105	step_1_no_load	1	2	2	367	
358	0	105	step_2_no_load	5	6	0.722851301692	0.689135357059	6	398	1	
358	0	106	step_1_no_load	1	2	2	355	
358	0	106	step_2_no_load	3	4	0.374131494222	0.508908032404	4	594	1	
358	0	107	step_1_no_load	1	2	2	359	
358	0	107	step_2_no_load	5	6	0.677514185929	0.692607431435	6	374	0	
358	0	108	step_1_no_load	1	2	2	290	
358	0	108	step_2_no_load	5	6	0.681491063126	0.695928523711	5	593	0	
358	0	109	step_1_no_load	1	2	2	270	
358	0	109	step_2_no_load	5	6	0.68658494263	0.71632547018	6	405	1	
358	0	110	step_1_no_load	1	2	2	499	
358	0	110	step_2_no_load	5	6	0.65455226558	0.729599891941	6	291	1	
358	0	111	step_1_no_load	1	2	2	303	
358	0	111	step_2_no_load	5	6	0.634599547742	0.724852671171	6	558	1	
358	0	112	step_1_no_load	1	2	2	521	
358	0	112	step_2_no_load	5	6	0.635252945963	0.725701866094	6	305	1	
358	0	113	step_1_no_load	1	2	2	443	
358	0	113	step_2_no_load	5	6	0.634627459817	0.719324307956	6	490	0	
358	0	114	step_1_no_load	1	2	2	270	
358	0	114	step_2_no_load	5	6	0.657654904272	0.718213323791	6	333	1	
358	0	115	step_1_no_load	1	2	2	354	
358	0	115	step_2_no_load	5	6	0.645721217949	0.739704344621	6	377	0	
358	0	116	step_1_no_load	1	2	1	519	
358	0	116	step_2_no_load	3	4	0.369438791876	0.378149844807	4	565	0	
358	0	117	step_1_no_load	1	2	1	392	
358	0	117	step_2_no_load	5	6	0.671842537277	0.747012267642	5	440	0	
358	0	118	step_1_no_load	1	2	1	279	
358	0	118	step_2_no_load	3	4	0.362977115924	0.357645851833	3	728	0	
358	0	119	step_1_no_load	1	2	1	411	
358	0	119	step_2_no_load	3	4	0.358243439099	0.357515098446	4	435	0	
358	0	120	step_1_no_load	1	2	2	304	
358	0	120	step_2_no_load	5	6	0.666433355915	0.70587238626	6	448	1	
358	0	121	step_1_no_load	1	2	2	507	
358	0	121	step_2_no_load	5	6	0.671052306195	0.658856304095	5	413	1	
358	0	122	step_1_no_load	1	2	2	414	
358	0	122	step_2_no_load	5	6	0.672193618854	0.6136886145	6	414	1	
358	0	123	step_1_no_load	1	2	2	386	
358	0	123	step_2_no_load	3	4	0.269780614928	0.337526896345	4	672	0	
358	0	124	step_1_no_load	1	2	2	380	
358	0	124	step_2_no_load	3	4	0.26095206597	0.309430836661	3	806	0	
358	0	125	step_1_no_load	1	2	2	298	
358	0	125	step_2_no_load	5	6	0.633566302563	0.559596800931	5	619	0	
358	0	126	step_1_no_load	1	2	2	470	
358	0	126	step_2_no_load	5	6	0.600985760967	0.537863824328	6	389	0	
358	0	127	step_1_no_load	1	2	2	387	
358	0	127	step_2_no_load	5	6	0.646945556251	0.560824094575	5	362	0	
358	0	128	step_1_no_load	1	2	2	300	
358	0	128	step_2_no_load	5	6	0.620672334996	0.636905534066	6	330	1	
358	0	129	step_1_no_load	1	2	2	454	
358	0	129	step_2_no_load	5	6	0.632682846317	0.685297910719	6	364	1	
358	0	130	step_1_no_load	1	2	2	513	
358	0	130	step_2_no_load	5	6	0.630285316669	0.682031489739	6	343	1	
358	0	131	step_1_no_load	1	2	2	350	
358	0	131	step_2_no_load	3	4	0.281500842289	0.311475039155	4	340	0	
358	0	132	step_1_no_load	1	2	2	299	
358	0	132	step_2_no_load	3	4	0.27986961048	0.315328810424	3	600	0	
358	0	133	step_1_no_load	1	2	2	366	
358	0	133	step_2_no_load	5	6	0.691649444281	0.617383991623	6	396	1	
358	0	134	step_1_no_load	1	2	2	401	
358	0	134	step_2_no_load	5	6	0.685529359147	0.621945110858	6	393	1	
358	0	135	step_1_no_load	1	2	2	581	
358	0	135	step_2_no_load	5	6	0.700779221781	0.593710006149	6	683	0	
358	0	136	step_1_no_load	1	2	2	376	
358	0	136	step_2_no_load	3	4	0.307766925452	0.284521085726	3	1005	0	
358	0	137	step_1_no_load	1	2	2	804	
358	0	137	step_2_no_load	5	6	0.668540846495	0.605896884497	6	806	0	
358	0	138	step_1_no_load	1	2	2	370	
358	0	138	step_2_no_load	5	6	0.688182193337	0.63240964674	6	466	0	
358	0	139	step_1_no_load	1	2	1	422	
358	0	139	step_2_no_load	5	6	0.696355985729	0.636630981281	6	357	0	
358	0	140	step_1_no_load	1	2	1	345	
358	0	140	step_2_no_load	3	4	0.348740542008	0.328174526491	4	923	0	
358	0	141	step_1_no_load	1	2	2	310	
358	0	141	step_2_no_load	5	6	0.616803346728	0.711987889705	5	429	1	
358	0	142	step_1_no_load	1	2	2	440	
358	0	142	step_2_no_load	5	6	0.627356259123	0.690276058009	5	394	1	
358	0	143	step_1_no_load	1	2	2	477	
358	0	143	step_2_no_load	3	4	0.410970957547	0.313516825296	4	1275	0	
358	0	144	step_1_no_load	1	2	2	450	
358	0	144	step_2_no_load	5	6	0.639347300184	0.626443722248	5	368	1	
358	0	145	step_1_no_load	1	2	2	330	
358	0	145	step_2_no_load	5	6	0.606515632748	0.6669125229	5	409	1	
358	0	146	step_1_no_load	1	2	2	341	
358	0	146	step_2_no_load	5	6	0.593778463268	0.681611991725	5	451	1	
358	0	147	step_1_no_load	1	2	2	361	
358	0	147	step_2_no_load	3	4	0.352879785946	0.265578160642	3	464	0	
358	0	148	step_1_no_load	1	2	2	398	
358	0	148	step_2_no_load	3	4	0.311162711725	0.305288021243	4	660	0	
358	0	149	step_1_no_load	1	2	2	395	
358	0	149	step_2_no_load	5	6	0.623203869836	0.601870110183	5	648	1	
358	0	150	step_1_no_load	1	2	2	789	
358	0	150	step_2_no_load	5	6	0.605912419156	0.575985663078	6	564	1	
358	0	151	step_1_no_load	1	2	2	408	
358	0	151	step_2_no_load	5	6	0.614159737668	0.59154759351	5	445	0	
358	0	152	step_1_no_load	1	2	2	409	
358	0	152	step_2_no_load	5	6	0.644204174791	0.595108765344	6	296	1	
358	0	153	step_1_no_load	1	2	2	359	
358	0	153	step_2_no_load	3	4	0.343622632154	0.309356532263	4	734	1	
358	0	154	step_1_no_load	1	2	2	379	
358	0	154	step_2_no_load	5	6	0.671672162443	0.638934099562	6	450	0	
358	0	155	step_1_no_load	1	2	1	710	
358	0	155	step_2_no_load	3	4	0.372188990474	0.296093457977	4	524	0	
358	0	156	step_1_no_load	1	2	2	388	
358	0	156	step_2_no_load	5	6	0.734436160799	0.631048201903	5	753	1	
358	0	157	step_1_no_load	1	2	2	341	
358	0	157	step_2_no_load	5	6	0.720725456325	0.585191807512	5	485	1	
358	0	158	step_1_no_load	1	2	2	289	
358	0	158	step_2_no_load	5	6	0.694270715354	0.532722108502	5	672	1	
358	0	159	step_1_no_load	1	2	2	310	
358	0	159	step_2_no_load	5	6	0.697903160072	0.541222065796	5	408	1	
358	0	160	step_1_no_load	1	2	2	1012	
358	0	160	step_2_no_load	3	4	0.355992626298	0.415052912783	4	867	0	
358	0	161	step_1_no_load	1	2	2	320	
358	0	161	step_2_no_load	3	4	0.438878285506	0.407025633682	3	775	0	
358	0	162	step_1_no_load	1	2	2	363	
358	0	162	step_2_no_load	3	4	0.455329532209	0.3926701003	4	720	1	
358	0	163	step_1_no_load	1	2	2	460	
358	0	163	step_2_no_load	5	6	0.697095951435	0.5863391277	5	514	1	
358	0	164	step_1_no_load	1	2	2	335	
358	0	164	step_2_no_load	5	6	0.692137394606	0.585961845322	6	479	1	
358	0	165	step_1_no_load	1	2	2	396	
358	0	165	step_2_no_load	5	6	0.717506143195	0.538026607649	6	355	1	
358	0	166	step_1_no_load	1	2	2	287	
358	0	166	step_2_no_load	5	6	0.686594248975	0.549095060025	6	278	0	
358	0	167	step_1_no_load	1	2	2	250	
358	0	167	step_2_no_load	5	6	0.706271792549	0.585131062446	5	392	1	
358	0	168	step_1_no_load	1	2	2	278	
358	0	168	step_2_no_load	5	6	0.67192508984	0.613361520676	5	484	1	
358	0	169	step_1_no_load	1	2	2	362	
358	0	169	step_2_no_load	5	6	0.704981910944	0.586049140041	5	434	1	
358	0	170	step_1_no_load	1	2	2	328	
358	0	170	step_2_no_load	3	4	0.364989630435	0.411067820436	4	662	0	
358	0	171	step_1_no_load	1	2	2	321	
358	0	171	step_2_no_load	5	6	0.727248140829	0.553314431843	5	535	1	
358	0	172	step_1_no_load	1	2	2	396	
358	0	172	step_2_no_load	5	6	0.668669556875	0.519090471457	6	434	0	
358	0	173	step_1_no_load	1	2	2	305	
358	0	173	step_2_no_load	3	4	0.462866379815	0.385349297983	4	671	1	
358	0	174	step_1_no_load	1	2	2	349	
358	0	174	step_2_no_load	3	4	0.46236234172	0.387867297446	4	740	0	
358	0	175	step_1_no_load	1	2	2	417	
358	0	175	step_2_no_load	5	6	0.693968268443	0.52644949356	5	431	1	
358	0	176	step_1_no_load	1	2	2	395	
358	0	176	step_2_no_load	3	4	0.500856457218	0.383231572002	3	769	1	
358	0	177	step_1_no_load	1	2	2	406	
358	0	177	step_2_no_load	5	6	0.714070205704	0.501268576771	5	414	1	
358	0	178	step_1_no_load	1	2	2	348	
358	0	178	step_2_no_load	3	4	0.49020858644	0.36473828006	3	683	0	
358	0	179	step_1_no_load	1	2	2	368	
358	0	179	step_2_no_load	3	4	0.493565996034	0.324685418097	3	911	1	
358	0	180	step_1_no_load	1	2	1	402	
358	0	180	step_2_no_load	3	4	0.489345734128	0.341214611607	3	434	1	
358	0	181	step_1_no_load	1	2	1	318	
358	0	181	step_2_no_load	3	4	0.480141179559	0.342402764747	3	325	1	
358	0	182	step_1_no_load	1	2	1	642	
358	0	182	step_2_no_load	5	6	0.72717560423	0.506773281362	5	969	0	
358	0	183	step_1_no_load	1	2	1	302	
358	0	183	step_2_no_load	3	4	0.492742497507	0.350175837802	3	381	0	
358	0	184	step_1_no_load	1	2	1	266	
358	0	184	step_2_no_load	5	6	0.657291439324	0.460890977786	6	473	0	
358	0	185	step_1_no_load	1	2	1	286	
358	0	185	step_2_no_load	3	4	0.482228039858	0.362611152222	4	549	0	
358	0	186	step_1_no_load	1	2	1	353	
358	0	186	step_2_no_load	3	4	0.484672582719	0.332733011923	3	408	1	
358	0	187	step_1_no_load	1	2	1	341	
358	0	187	step_2_no_load	5	6	0.678211978625	0.443962917772	5	381	1	
358	0	188	step_1_no_load	1	2	1	337	
358	0	188	step_2_no_load	3	4	0.548350535247	0.291508050861	3	480	1	
358	0	189	step_1_no_load	1	2	1	423	
358	0	189	step_2_no_load	3	4	0.534753756004	0.285168135955	3	565	0	
358	0	190	step_1_no_load	1	2	1	355	
358	0	190	step_2_no_load	3	4	0.505820429042	0.304557739386	3	449	0	
358	0	191	step_1_no_load	1	2	2	319	
358	0	191	step_2_no_load	3	4	0.512103523931	0.318839908867	4	318	0	
358	0	192	step_1_no_load	1	2	2	323	
358	0	192	step_2_no_load	5	6	0.705517419189	0.450791310283	6	555	0	
358	0	193	step_1_no_load	1	2	2	369	
358	0	193	step_2_no_load	3	4	0.504944704439	0.321008037746	3	905	0	
358	0	194	step_1_no_load	1	2	2	309	
358	0	194	step_2_no_load	3	4	0.505359594715	0.342437174514	4	750	0	
358	0	195	step_1_no_load	1	2	2	337	
358	0	195	step_2_no_load	5	6	0.646280688878	0.466795336969	5	457	0	
358	0	196	step_1_no_load	1	2	2	397	
358	0	196	step_2_no_load	5	6	0.695101215304	0.421761207498	5	534	1	
358	0	197	step_1_no_load	1	2	2	345	
358	0	197	step_2_no_load	3	4	0.47786945426	0.316987700969	3	354	1	
358	0	198	step_1_no_load	1	2	2	358	
358	0	198	step_2_no_load	5	6	0.68660989813	0.397292432346	5	525	0	
358	0	199	step_1_no_load	1	2	2	281	
358	0	199	step_2_no_load	3	4	0.529438031858	0.292861528884	3	953	0	
358	0	200	step_1_no_load	1	2	2	413	
358	0	200	step_2_no_load	3	4	0.507902534353	0.299128796668	4	637	0	

Mon May 24 16:52:05 2021
