Mon Jun  7 17:40:42 2021	
359	0	1	step_1_no_load	1	2	-1	-1	
359	0	2	step_1_no_load	1	2	2	266	
359	0	2	step_2_no_load	3	4	0.474613197709	0.580156942153	4	534	1	
359	0	3	step_1_no_load	1	2	2	796	
359	0	3	step_2_no_load	5	6	0.516002945397	0.589215227351	5	1059	1	
359	0	4	step_1_no_load	1	2	1	297	
359	0	4	step_2_no_load	3	4	0.478607661228	0.597491569846	3	415	1	
359	0	5	step_1_no_load	1	2	1	532	
359	0	5	step_2_no_load	3	4	0.495568760483	0.623810210114	3	484	0	
359	0	6	step_1_no_load	1	2	1	380	
359	0	6	step_2_no_load	3	4	0.506877622204	0.585722686883	3	602	1	
359	0	7	step_1_no_load	1	2	1	606	
359	0	7	step_2_no_load	5	6	0.506408070053	0.622642364361	5	502	1	
359	0	8	step_1_no_load	1	2	1	411	
359	0	8	step_2_no_load	3	4	0.489816616396	0.59128639594	3	554	0	
359	0	9	step_1_no_load	1	2	1	423	
359	0	9	step_2_no_load	5	6	0.54429228266	0.641106877158	5	285	1	
359	0	10	step_1_no_load	1	2	1	331	
359	0	10	step_2_no_load	3	4	0.482364178155	0.652626043146	3	537	1	
359	0	11	step_1_no_load	1	2	1	513	
359	0	11	step_2_no_load	5	6	0.59022801242	0.609191465743	5	303	0	
359	0	12	step_1_no_load	1	2	2	340	
359	0	12	step_2_no_load	3	4	0.48457206759	0.682786328054	4	354	0	
359	0	13	step_1_no_load	1	2	1	319	
359	0	13	step_2_no_load	3	4	0.52012981853	0.653587098421	3	341	1	
359	0	14	step_1_no_load	1	2	1	346	
359	0	14	step_2_no_load	3	4	0.491234392147	0.629137942344	3	720	1	
359	0	15	step_1_no_load	1	2	1	478	
359	0	15	step_2_no_load	3	4	0.505377237737	0.612260006668	3	373	0	
359	0	16	step_1_no_load	1	2	1	379	
359	0	16	step_2_no_load	3	4	0.510958036527	0.628091198119	3	523	1	
359	0	17	step_1_no_load	1	2	1	353	
359	0	17	step_2_no_load	3	4	0.535958400205	0.633350170016	4	273	0	
359	0	18	step_1_no_load	1	2	1	365	
359	0	18	step_2_no_load	3	4	0.517514133912	0.626834332012	3	436	1	
359	0	19	step_1_no_load	1	2	1	566	
359	0	19	step_2_no_load	5	6	0.644773170243	0.536502319591	6	364	0	
359	0	20	step_1_no_load	1	2	1	457	
359	0	20	step_2_no_load	5	6	0.60665343963	0.491720931314	-1	-1	-1	
359	0	21	step_1_no_load	1	2	1	432	
359	0	21	step_2_no_load	3	4	0.49769376036	0.630305464549	3	503	1	
359	0	22	step_1_no_load	1	2	1	395	
359	0	22	step_2_no_load	3	4	0.506100011497	0.621949894727	3	1010	1	
359	0	23	step_1_no_load	1	2	1	406	
359	0	23	step_2_no_load	3	4	0.520606588181	0.640163623731	3	405	0	
359	0	24	step_1_no_load	1	2	1	378	
359	0	24	step_2_no_load	3	4	0.505388876622	0.582115115688	3	761	0	
359	0	25	step_1_no_load	1	2	1	422	
359	0	25	step_2_no_load	3	4	0.503316372362	0.565698722896	3	493	1	
359	0	26	step_1_no_load	1	2	1	490	
359	0	26	step_2_no_load	3	4	0.511744353778	0.592410219737	3	746	0	
359	0	27	step_1_no_load	1	2	1	494	
359	0	27	step_2_no_load	5	6	0.642144756622	0.54756089792	5	871	0	
359	0	28	step_1_no_load	1	2	1	385	
359	0	28	step_2_no_load	3	4	0.520177259699	0.588356036098	3	825	0	
359	0	29	step_1_no_load	1	2	1	397	
359	0	29	step_2_no_load	3	4	0.521159009103	0.606613029227	3	973	0	
359	0	30	step_1_no_load	1	2	2	325	
359	0	30	step_2_no_load	5	6	0.610227092493	0.574272497114	6	884	0	
359	0	31	step_1_no_load	1	2	2	456	
359	0	31	step_2_no_load	5	6	0.606122691795	0.541819886458	6	927	1	
359	0	32	step_1_no_load	1	2	2	412	
359	0	32	step_2_no_load	3	4	0.520318771114	0.634585171267	3	539	1	
359	0	33	step_1_no_load	1	2	2	319	
359	0	33	step_2_no_load	5	6	0.618000238621	0.542309898544	6	790	1	
359	0	34	step_1_no_load	1	2	2	532	
359	0	34	step_2_no_load	5	6	0.670290552209	0.538523758058	6	899	1	
359	0	35	step_1_no_load	1	2	2	400	
359	0	35	step_2_no_load	5	6	0.649776015006	0.594167768198	6	630	0	
359	0	36	step_1_no_load	1	2	2	404	
359	0	36	step_2_no_load	5	6	0.661229326326	0.611274573488	6	506	1	
359	0	37	step_1_no_load	1	2	2	623	
359	0	37	step_2_no_load	5	6	0.660658056664	0.598446394142	6	1013	0	
359	0	38	step_1_no_load	1	2	2	258	
359	0	38	step_2_no_load	5	6	0.651263699161	0.595113730206	6	537	1	
359	0	39	step_1_no_load	1	2	2	806	
359	0	39	step_2_no_load	5	6	0.634483337633	0.610601635554	5	1133	0	
359	0	40	step_1_no_load	1	2	2	546	
359	0	40	step_2_no_load	5	6	0.636994900683	0.607992802154	6	865	1	
359	0	41	step_1_no_load	1	2	2	598	
359	0	41	step_2_no_load	5	6	0.633285941184	0.588857868869	6	1205	1	
359	0	42	step_1_no_load	1	2	1	385	
359	0	42	step_2_no_load	3	4	0.553461946234	0.533857158543	-1	-1	-1	
359	0	43	step_1_no_load	1	2	2	430	
359	0	43	step_2_no_load	5	6	0.581931546759	0.612705031264	6	789	0	
359	0	44	step_1_no_load	1	2	1	466	
359	0	44	step_2_no_load	5	6	0.589653131867	0.611481438855	6	560	0	
359	0	45	step_1_no_load	1	2	1	511	
359	0	45	step_2_no_load	3	4	0.5288039409	0.579346234508	3	861	0	
359	0	46	step_1_no_load	1	2	1	505	
359	0	46	step_2_no_load	3	4	0.532238720495	0.55511883717	4	703	1	
359	0	47	step_1_no_load	1	2	1	508	
359	0	47	step_2_no_load	5	6	0.634373567175	0.598724660986	5	891	0	
359	0	48	step_1_no_load	1	2	1	488	
359	0	48	step_2_no_load	3	4	0.488280685105	0.534690828011	3	639	0	
359	0	49	step_1_no_load	1	2	1	844	
359	0	49	step_2_no_load	3	4	0.489287375157	0.512405963374	4	771	0	
359	0	50	step_1_no_load	1	2	1	335	
359	0	50	step_2_no_load	3	4	0.47381367271	0.481616544184	4	462	1	
359	0	51	step_1_no_load	1	2	1	450	
359	0	51	step_2_no_load	3	4	0.469943944943	0.508197321577	4	768	0	
359	0	52	step_1_no_load	1	2	2	870	
359	0	52	step_2_no_load	5	6	0.613408921915	0.539065404057	5	1253	0	
359	0	53	step_1_no_load	1	2	1	377	
359	0	53	step_2_no_load	3	4	0.451905460347	0.475342927439	4	506	1	
359	0	54	step_1_no_load	1	2	1	409	
359	0	54	step_2_no_load	3	4	0.491512498697	0.493362545513	4	615	0	
359	0	55	step_1_no_load	1	2	1	500	
359	0	55	step_2_no_load	5	6	0.639840796975	0.574045915747	-1	-1	-1	
359	0	56	step_1_no_load	1	2	1	206	
359	0	56	step_2_no_load	5	6	0.60038825769	0.601856598146	-1	-1	-1	
359	0	57	step_1_no_load	1	2	2	473	
359	0	57	step_2_no_load	5	6	0.586335094239	0.641849303307	5	839	0	
359	0	58	step_1_no_load	1	2	2	444	
359	0	58	step_2_no_load	5	6	0.610896130115	0.664682809182	5	779	1	
359	0	59	step_1_no_load	1	2	2	328	
359	0	59	step_2_no_load	5	6	0.608951267756	0.632500293208	5	462	1	
359	0	60	step_1_no_load	1	2	2	12	
359	0	60	step_2_no_load	3	4	0.491916707098	0.479287247283	4	707	0	
359	0	61	step_1_no_load	1	2	1	320	
359	0	61	step_2_no_load	5	6	0.602879526975	0.669587072502	5	910	0	
359	0	62	step_1_no_load	1	2	1	315	
359	0	62	step_2_no_load	3	4	0.50724109756	0.533031417444	4	634	0	
359	0	63	step_1_no_load	1	2	1	368	
359	0	63	step_2_no_load	3	4	0.53192660365	0.519445130796	4	735	0	
359	0	64	step_1_no_load	1	2	1	412	
359	0	64	step_2_no_load	3	4	0.555062911513	0.533849886794	3	570	1	
359	0	65	step_1_no_load	1	2	1	546	
359	0	65	step_2_no_load	3	4	0.569109504048	0.517687993213	3	476	1	
359	0	66	step_1_no_load	1	2	1	369	
359	0	66	step_2_no_load	5	6	0.630357351236	0.606938648072	5	577	1	
359	0	67	step_1_no_load	1	2	1	416	
359	0	67	step_2_no_load	3	4	0.542076810516	0.538279387614	4	1151	1	
359	0	68	step_1_no_load	1	2	2	992	
359	0	68	step_2_no_load	5	6	0.719455209845	0.622963076372	6	272	1	
359	0	69	step_1_no_load	1	2	1	325	
359	0	69	step_2_no_load	3	4	0.499137600991	0.560462111264	3	517	1	
359	0	70	step_1_no_load	1	2	2	443	
359	0	70	step_2_no_load	3	4	0.498834901463	0.548075770764	3	586	1	
359	0	71	step_1_no_load	1	2	1	473	
359	0	71	step_2_no_load	3	4	0.482863323776	0.546215110045	3	697	0	
359	0	72	step_1_no_load	1	2	2	431	
359	0	72	step_2_no_load	5	6	0.705884789502	0.626024641967	6	678	1	
359	0	73	step_1_no_load	1	2	1	356	
359	0	73	step_2_no_load	3	4	0.435957313805	0.50185699984	3	518	1	
359	0	74	step_1_no_load	1	2	2	315	
359	0	74	step_2_no_load	5	6	0.693624670847	0.614462146454	6	419	0	
359	0	75	step_1_no_load	1	2	1	159	
359	0	75	step_2_no_load	5	6	0.697629587097	0.615552849174	5	352	1	
359	0	76	step_1_no_load	1	2	2	300	
359	0	76	step_2_no_load	3	4	0.488583631821	0.518881389358	4	332	1	
359	0	77	step_1_no_load	1	2	1	272	
359	0	77	step_2_no_load	3	4	0.446809557226	0.538119616568	3	509	0	
359	0	78	step_1_no_load	1	2	2	353	
359	0	78	step_2_no_load	5	6	0.647586191228	0.536711448352	6	400	1	
359	0	79	step_1_no_load	1	2	1	341	
359	0	79	step_2_no_load	3	4	0.389124152368	0.540085062695	4	395	1	
359	0	80	step_1_no_load	1	2	2	304	
359	0	80	step_2_no_load	5	6	0.703969305517	0.518583383166	5	559	0	
359	0	81	step_1_no_load	1	2	1	415	
359	0	81	step_2_no_load	5	6	0.702400933084	0.529745690463	5	1006	1	
359	0	82	step_1_no_load	1	2	1	410	
359	0	82	step_2_no_load	3	4	0.395813831323	0.482727017837	4	280	1	
359	0	83	step_1_no_load	1	2	1	565	
359	0	83	step_2_no_load	3	4	0.382772464038	0.483255412498	4	755	1	
359	0	84	step_1_no_load	1	2	1	528	
359	0	84	step_2_no_load	5	6	0.731466635793	0.65843840156	5	742	1	
359	0	85	step_1_no_load	1	2	1	405	
359	0	85	step_2_no_load	3	4	0.384458259121	0.485785534744	4	547	0	
359	0	86	step_1_no_load	1	2	1	390	
359	0	86	step_2_no_load	3	4	0.345323068124	0.486462788728	4	357	0	
359	0	87	step_1_no_load	1	2	1	316	
359	0	87	step_2_no_load	5	6	0.690012761069	0.719375344246	6	763	0	
359	0	88	step_1_no_load	1	2	1	392	
359	0	88	step_2_no_load	3	4	0.377947492322	0.509563243675	3	358	1	
359	0	89	step_1_no_load	1	2	1	1100	
359	0	89	step_2_no_load	3	4	0.415882489686	0.490019385174	3	610	1	
359	0	90	step_1_no_load	1	2	1	472	
359	0	90	step_2_no_load	3	4	0.411459496853	0.530126112124	3	478	0	
359	0	91	step_1_no_load	1	2	2	307	
359	0	91	step_2_no_load	3	4	0.43534164751	0.479087223222	4	642	1	
359	0	92	step_1_no_load	1	2	2	416	
359	0	92	step_2_no_load	3	4	0.444368850664	0.484260039873	4	565	0	
359	0	93	step_1_no_load	1	2	2	336	
359	0	93	step_2_no_load	3	4	0.439878153082	0.473273727684	3	510	1	
359	0	94	step_1_no_load	1	2	1	436	
359	0	94	step_2_no_load	3	4	0.429211756872	0.468637558205	3	1170	1	
359	0	95	step_1_no_load	1	2	1	512	
359	0	95	step_2_no_load	5	6	0.640209855442	0.715495469274	6	527	0	
359	0	96	step_1_no_load	1	2	1	667	
359	0	96	step_2_no_load	3	4	0.383038640121	0.437558890646	3	721	0	
359	0	97	step_1_no_load	1	2	1	390	
359	0	97	step_2_no_load	3	4	0.392885664353	0.455601814112	4	741	0	
359	0	98	step_1_no_load	1	2	1	482	
359	0	98	step_2_no_load	3	4	0.409778171713	0.431479829356	3	480	0	
359	0	99	step_1_no_load	1	2	1	357	
359	0	99	step_2_no_load	3	4	0.397561363605	0.375249961522	4	580	0	
359	0	100	step_1_no_load	1	2	2	458	
359	0	100	step_2_no_load	3	4	0.4333505304	0.363162156005	3	913	1	
359	0	101	step_1_no_load	1	2	2	544	
359	0	101	step_2_no_load	3	4	0.497432607584	0.366879421891	3	495	1	
359	0	102	step_1_no_load	1	2	2	756	
359	0	102	step_2_no_load	5	6	0.663124617603	0.666304534392	5	427	1	
359	0	103	step_1_no_load	1	2	1	502	
359	0	103	step_2_no_load	3	4	0.481975449893	0.322834495838	4	509	0	
359	0	104	step_1_no_load	1	2	1	377	
359	0	104	step_2_no_load	5	6	0.743372642809	0.703870701136	5	751	1	
359	0	105	step_1_no_load	1	2	2	692	
359	0	105	step_2_no_load	5	6	0.722851301692	0.689135357059	5	595	1	
359	0	106	step_1_no_load	1	2	1	617	
359	0	106	step_2_no_load	3	4	0.508908032404	0.374131494222	3	768	0	
359	0	107	step_1_no_load	1	2	1	332	
359	0	107	step_2_no_load	3	4	0.565220528809	0.388257337796	4	443	0	
359	0	108	step_1_no_load	1	2	1	402	
359	0	108	step_2_no_load	3	4	0.526955028982	0.388185708856	3	624	1	
359	0	109	step_1_no_load	1	2	1	468	
359	0	109	step_2_no_load	5	6	0.68658494263	0.71632547018	6	635	1	
359	0	110	step_1_no_load	1	2	1	591	
359	0	110	step_2_no_load	5	6	0.65455226558	0.729599891941	6	517	1	
359	0	111	step_1_no_load	1	2	1	435	
359	0	111	step_2_no_load	3	4	0.384948378665	0.407158158569	3	442	1	
359	0	112	step_1_no_load	1	2	2	1031	
359	0	112	step_2_no_load	5	6	0.635252945963	0.725701866094	6	695	1	
359	0	113	step_1_no_load	1	2	1	586	
359	0	113	step_2_no_load	5	6	0.634627459817	0.719324307956	5	313	1	
359	0	114	step_1_no_load	1	2	2	694	
359	0	114	step_2_no_load	3	4	0.380324086676	0.384736699284	4	268	1	
359	0	115	step_1_no_load	1	2	1	658	
359	0	115	step_2_no_load	3	4	0.390027643099	0.357661171116	3	616	1	
359	0	116	step_1_no_load	1	2	2	749	
359	0	116	step_2_no_load	3	4	0.378149844807	0.369438791876	4	699	0	
359	0	117	step_1_no_load	1	2	2	297	
359	0	117	step_2_no_load	5	6	0.671842537277	0.747012267642	5	224	1	
359	0	118	step_1_no_load	1	2	1	446	
359	0	118	step_2_no_load	5	6	0.690484235012	0.740051715856	5	648	1	
359	0	119	step_1_no_load	1	2	2	437	
359	0	119	step_2_no_load	5	6	0.661177321751	0.690424535099	6	692	0	
359	0	120	step_1_no_load	1	2	1	425	
359	0	120	step_2_no_load	3	4	0.370150243662	0.333809617664	3	488	1	
359	0	121	step_1_no_load	1	2	2	891	
359	0	121	step_2_no_load	5	6	0.671052306195	0.658856304095	6	1033	1	
359	0	122	step_1_no_load	1	2	1	420	
359	0	122	step_2_no_load	3	4	0.329624572119	0.266650857402	3	340	0	
359	0	123	step_1_no_load	1	2	2	530	
359	0	123	step_2_no_load	5	6	0.664849878232	0.583607229978	6	696	1	
359	0	124	step_1_no_load	1	2	1	421	
359	0	124	step_2_no_load	3	4	0.309430836661	0.26095206597	3	444	0	
359	0	125	step_1_no_load	1	2	2	475	
359	0	125	step_2_no_load	5	6	0.633566302563	0.559596800931	6	682	1	
359	0	126	step_1_no_load	1	2	1	446	
359	0	126	step_2_no_load	3	4	0.300846667696	0.267206368684	3	307	1	
359	0	127	step_1_no_load	1	2	2	455	
359	0	127	step_2_no_load	5	6	0.646945556251	0.560824094575	5	542	1	
359	0	128	step_1_no_load	1	2	2	347	
359	0	128	step_2_no_load	3	4	0.250790232267	0.260252451606	4	289	0	
359	0	129	step_1_no_load	1	2	1	385	
359	0	129	step_2_no_load	3	4	0.271709703542	0.268213321963	3	427	0	
359	0	130	step_1_no_load	1	2	2	574	
359	0	130	step_2_no_load	3	4	0.274560758494	0.267460866951	4	1022	0	
359	0	131	step_1_no_load	1	2	2	520	
359	0	131	step_2_no_load	3	4	0.311475039155	0.281500842289	3	318	0	
359	0	132	step_1_no_load	1	2	2	523	
359	0	132	step_2_no_load	3	4	0.315328810424	0.27986961048	4	881	1	
359	0	133	step_1_no_load	1	2	2	693	
359	0	133	step_2_no_load	5	6	0.691649444281	0.617383991623	6	445	0	
359	0	134	step_1_no_load	1	2	2	536	
359	0	134	step_2_no_load	3	4	0.302839427162	0.287393715313	4	366	1	
359	0	135	step_1_no_load	1	2	2	664	
359	0	135	step_2_no_load	5	6	0.700779221781	0.593710006149	6	486	1	
359	0	136	step_1_no_load	1	2	1	282	
359	0	136	step_2_no_load	5	6	0.674914008636	0.597814413435	6	769	1	
359	0	137	step_1_no_load	1	2	1	606	
359	0	137	step_2_no_load	3	4	0.325016613024	0.346433498467	3	917	1	
359	0	138	step_1_no_load	1	2	2	602	
359	0	138	step_2_no_load	5	6	0.688182193337	0.63240964674	6	441	0	
359	0	139	step_1_no_load	1	2	1	509	
359	0	139	step_2_no_load	3	4	0.323660750961	0.325611400511	3	1012	0	
359	0	140	step_1_no_load	1	2	1	526	
359	0	140	step_2_no_load	5	6	0.637682840728	0.671213945178	-1	-1	-1	
359	0	141	step_1_no_load	1	2	2	616	
359	0	141	step_2_no_load	5	6	0.616803346728	0.711987889705	6	398	1	
359	0	142	step_1_no_load	1	2	1	442	
359	0	142	step_2_no_load	3	4	0.304203281606	0.397052682821	3	385	0	
359	0	143	step_1_no_load	1	2	1	453	
359	0	143	step_2_no_load	3	4	0.313516825296	0.410970957547	4	517	0	
359	0	144	step_1_no_load	1	2	1	464	
359	0	144	step_2_no_load	3	4	0.275932517017	0.389234194056	3	279	0	
359	0	145	step_1_no_load	1	2	2	483	
359	0	145	step_2_no_load	3	4	0.266265924094	0.355256413269	4	433	0	
359	0	146	step_1_no_load	1	2	2	405	
359	0	146	step_2_no_load	5	6	0.593778463268	0.681611991725	6	437	1	
359	0	147	step_1_no_load	1	2	2	507	
359	0	147	step_2_no_load	3	4	0.265578160642	0.352879785946	3	586	0	
359	0	148	step_1_no_load	1	2	2	495	
359	0	148	step_2_no_load	5	6	0.648050021239	0.619272702026	6	565	0	
359	0	149	step_1_no_load	1	2	1	376	
359	0	149	step_2_no_load	3	4	0.269951834184	0.300290206122	3	535	0	
359	0	150	step_1_no_load	1	2	1	254	
359	0	150	step_2_no_load	3	4	0.305587692243	0.306860041627	4	605	0	
359	0	151	step_1_no_load	1	2	1	336	
359	0	151	step_2_no_load	3	4	0.348172164421	0.310557101463	4	1039	1	
359	0	152	step_1_no_load	1	2	2	529	
359	0	152	step_2_no_load	3	4	0.307702500543	0.323194010514	4	952	1	
359	0	153	step_1_no_load	1	2	2	580	
359	0	153	step_2_no_load	5	6	0.681559292085	0.613336203392	5	595	1	
359	0	154	step_1_no_load	1	2	2	390	
359	0	154	step_2_no_load	5	6	0.671672162443	0.638934099562	5	788	1	
359	0	155	step_1_no_load	1	2	2	633	
359	0	155	step_2_no_load	5	6	0.716100930629	0.632486591889	5	728	1	
359	0	156	step_1_no_load	1	2	2	671	
359	0	156	step_2_no_load	5	6	0.734436160799	0.631048201903	5	597	0	
359	0	157	step_1_no_load	1	2	1	490	
359	0	157	step_2_no_load	3	4	0.350909357271	0.324728201487	3	489	1	
359	0	158	step_1_no_load	1	2	1	341	
359	0	158	step_2_no_load	3	4	0.408728803896	0.334595868098	3	451	0	
359	0	159	step_1_no_load	1	2	2	503	
359	0	159	step_2_no_load	3	4	0.413026375257	0.321150411254	3	1197	1	
359	0	160	step_1_no_load	1	2	2	586	
359	0	160	step_2_no_load	5	6	0.710728171711	0.521229931064	5	1017	0	
359	0	161	step_1_no_load	1	2	2	583	
359	0	161	step_2_no_load	5	6	0.719896286569	0.516036498158	6	774	0	
359	0	162	step_1_no_load	1	2	1	458	
359	0	162	step_2_no_load	3	4	0.3926701003	0.455329532209	4	432	1	
359	0	163	step_1_no_load	1	2	1	918	
359	0	163	step_2_no_load	3	4	0.395221309311	0.430920885959	4	620	1	
359	0	164	step_1_no_load	1	2	1	508	
359	0	164	step_2_no_load	3	4	0.432761720497	0.430844125626	4	244	0	
359	0	165	step_1_no_load	1	2	1	688	
359	0	165	step_2_no_load	5	6	0.717506143195	0.538026607649	5	487	1	
359	0	166	step_1_no_load	1	2	1	571	
359	0	166	step_2_no_load	3	4	0.422282731054	0.356317216644	3	515	1	
359	0	167	step_1_no_load	1	2	1	591	
359	0	167	step_2_no_load	3	4	0.38753671275	0.331115714939	3	542	0	
359	0	168	step_1_no_load	1	2	2	364	
359	0	168	step_2_no_load	3	4	0.400817642375	0.335777599654	4	442	0	
359	0	169	step_1_no_load	1	2	1	502	
359	0	169	step_2_no_load	5	6	0.704981910944	0.586049140041	6	765	1	
359	0	170	step_1_no_load	1	2	1	458	
359	0	170	step_2_no_load	5	6	0.67334314737	0.57151385403	6	711	0	
359	0	171	step_1_no_load	1	2	2	773	
359	0	171	step_2_no_load	3	4	0.386979310814	0.425122034074	-1	-1	-1	
359	0	172	step_1_no_load	1	2	2	559	
359	0	172	step_2_no_load	5	6	0.668669556875	0.519090471457	5	863	0	
359	0	173	step_1_no_load	1	2	2	733	
359	0	173	step_2_no_load	5	6	0.667027212577	0.484428109849	5	396	1	
359	0	174	step_1_no_load	1	2	2	790	
359	0	174	step_2_no_load	5	6	0.729877433725	0.472729524832	5	454	0	
359	0	175	step_1_no_load	1	2	2	458	
359	0	175	step_2_no_load	5	6	0.693968268443	0.52644949356	5	528	0	
359	0	176	step_1_no_load	1	2	2	391	
359	0	176	step_2_no_load	3	4	0.383231572002	0.500856457218	3	677	0	
359	0	177	step_1_no_load	1	2	2	555	
359	0	177	step_2_no_load	5	6	0.714070205704	0.501268576771	5	608	1	
359	0	178	step_1_no_load	1	2	2	17	
359	0	178	step_2_no_load	5	6	0.705993797498	0.493712351915	5	362	1	
359	0	179	step_1_no_load	1	2	2	315	
359	0	179	step_2_no_load	5	6	0.709345707515	0.457298770028	5	666	1	
359	0	180	step_1_no_load	1	2	1	1164	
359	0	180	step_2_no_load	3	4	0.341214611607	0.489345734128	-1	-1	-1	
359	0	181	step_1_no_load	1	2	1	408	
359	0	181	step_2_no_load	5	6	0.746910336326	0.508735114046	5	422	1	
359	0	182	step_1_no_load	1	2	2	507	
359	0	182	step_2_no_load	3	4	0.340533666308	0.49907747228	4	513	1	
359	0	183	step_1_no_load	1	2	1	529	
359	0	183	step_2_no_load	3	4	0.350175837802	0.492742497507	3	360	1	
359	0	184	step_1_no_load	1	2	1	455	
359	0	184	step_2_no_load	3	4	0.362743255194	0.480863422096	3	381	1	
359	0	185	step_1_no_load	1	2	2	482	
359	0	185	step_2_no_load	5	6	0.665622647081	0.479703516092	6	472	0	
359	0	186	step_1_no_load	1	2	1	390	
359	0	186	step_2_no_load	3	4	0.332733011923	0.484672582719	4	1204	0	
359	0	187	step_1_no_load	1	2	1	416	
359	0	187	step_2_no_load	5	6	0.678211978625	0.443962917772	5	461	0	
359	0	188	step_1_no_load	1	2	2	562	
359	0	188	step_2_no_load	5	6	0.696362660087	0.471319680586	6	675	0	
359	0	189	step_1_no_load	1	2	2	400	
359	0	189	step_2_no_load	3	4	0.285168135955	0.534753756004	4	1015	0	
359	0	190	step_1_no_load	1	2	2	467	
359	0	190	step_2_no_load	5	6	0.667655825994	0.433568856946	6	569	0	
359	0	191	step_1_no_load	1	2	1	318	
359	0	191	step_2_no_load	3	4	0.318839908867	0.512103523931	3	580	0	
359	0	192	step_1_no_load	1	2	1	538	
359	0	192	step_2_no_load	3	4	0.299297135717	0.493851022417	4	456	1	
359	0	193	step_1_no_load	1	2	1	404	
359	0	193	step_2_no_load	3	4	0.321008037746	0.504944704439	4	466	0	
359	0	194	step_1_no_load	1	2	1	335	
359	0	194	step_2_no_load	3	4	0.342437174514	0.505359594715	3	368	1	
359	0	195	step_1_no_load	1	2	1	373	
359	0	195	step_2_no_load	5	6	0.646280688878	0.466795336969	6	782	1	
359	0	196	step_1_no_load	1	2	1	563	
359	0	196	step_2_no_load	5	6	0.695101215304	0.421761207498	6	505	0	
359	0	197	step_1_no_load	1	2	1	484	
359	0	197	step_2_no_load	3	4	0.316987700969	0.47786945426	4	899	0	
359	0	198	step_1_no_load	1	2	1	409	
359	0	198	step_2_no_load	3	4	0.303352625941	0.485065498391	4	982	0	
359	0	199	step_1_no_load	1	2	1	444	
359	0	199	step_2_no_load	5	6	0.73697129762	0.39793773834	6	1186	0	
359	0	200	step_1_no_load	1	2	2	574	
359	0	200	step_2_no_load	3	4	0.299128796668	0.507902534353	3	958	1	

Mon Jun  7 17:59:08 2021
