Wed Jun 23 14:58:51 2021	
363	0	1	step_1_no_load	1	2	1	810	
363	0	1	step_2_no_load	3	4	0.594299910136	0.457620150462	3	612	1	
363	0	2	step_1_no_load	1	2	1	346	
363	0	2	step_2_no_load	3	4	0.610961032466	0.474613197709	3	520	0	
363	0	3	step_1_no_load	1	2	1	438	
363	0	3	step_2_no_load	3	4	0.589215227351	0.476767372206	4	467	1	
363	0	4	step_1_no_load	1	2	1	376	
363	0	4	step_2_no_load	3	4	0.564086293706	0.478607661228	4	533	1	
363	0	5	step_1_no_load	1	2	1	385	
363	0	5	step_2_no_load	3	4	0.576104915614	0.495568760483	4	439	1	
363	0	6	step_1_no_load	1	2	2	348	
363	0	6	step_2_no_load	5	6	0.585722686883	0.490454120702	5	475	1	
363	0	7	step_1_no_load	1	2	2	422	
363	0	7	step_2_no_load	5	6	0.568656746487	0.506408070053	5	415	1	
363	0	8	step_1_no_load	1	2	2	339	
363	0	8	step_2_no_load	3	4	0.624210374623	0.489816616396	4	922	0	
363	0	9	step_1_no_load	1	2	2	404	
363	0	9	step_2_no_load	5	6	0.598049061473	0.54429228266	5	499	0	
363	0	10	step_1_no_load	1	2	2	469	
363	0	10	step_2_no_load	5	6	0.652626043146	0.576063520885	6	413	1	
363	0	11	step_1_no_load	1	2	2	501	
363	0	11	step_2_no_load	5	6	0.69163818036	0.59022801242	6	603	1	
363	0	12	step_1_no_load	1	2	1	383	
363	0	12	step_2_no_load	3	4	0.552770607849	0.48457206759	4	446	1	
363	0	13	step_1_no_load	1	2	1	428	
363	0	13	step_2_no_load	3	4	0.558313135925	0.52012981853	4	410	0	
363	0	14	step_1_no_load	1	2	1	379	
363	0	14	step_2_no_load	5	6	0.629137942344	0.611256675753	5	354	1	
363	0	15	step_1_no_load	1	2	1	383	
363	0	15	step_2_no_load	5	6	0.612260006668	0.633564630036	5	549	0	
363	0	16	step_1_no_load	1	2	1	352	
363	0	16	step_2_no_load	3	4	0.553308964466	0.510958036527	3	944	0	
363	0	17	step_1_no_load	1	2	2	405	
363	0	17	step_2_no_load	5	6	0.633350170016	0.643116883134	6	491	1	
363	0	18	step_1_no_load	1	2	2	405	
363	0	18	step_2_no_load	3	4	0.553554620302	0.517514133912	3	860	0	
363	0	19	step_1_no_load	1	2	2	719	
363	0	19	step_2_no_load	5	6	0.619895761657	0.644773170243	6	573	1	
363	0	20	step_1_no_load	1	2	2	426	
363	0	20	step_2_no_load	5	6	0.636521555122	0.60665343963	6	538	1	
363	0	21	step_1_no_load	1	2	1	332	
363	0	21	step_2_no_load	3	4	0.470207377245	0.49769376036	4	435	1	
363	0	22	step_1_no_load	1	2	1	544	
363	0	22	step_2_no_load	3	4	0.468700882609	0.506100011497	4	584	1	
363	0	23	step_1_no_load	1	2	2	379	
363	0	23	step_2_no_load	3	4	0.513759772011	0.520606588181	4	490	1	
363	0	24	step_1_no_load	1	2	2	639	
363	0	24	step_2_no_load	5	6	0.582115115688	0.5800912085	6	565	0	
363	0	25	step_1_no_load	1	2	1	360	
363	0	25	step_2_no_load	3	4	0.503605105412	0.503316372362	4	342	1	
363	0	26	step_1_no_load	1	2	1	379	
363	0	26	step_2_no_load	3	4	0.532884212818	0.511744353778	4	1002	0	
363	0	27	step_1_no_load	1	2	1	313	
363	0	27	step_2_no_load	3	4	0.54756089792	0.507272671939	3	352	0	
363	0	28	step_1_no_load	1	2	2	334	
363	0	28	step_2_no_load	5	6	0.588356036098	0.647441527317	6	630	1	
363	0	29	step_1_no_load	1	2	2	377	
363	0	29	step_2_no_load	5	6	0.606613029227	0.618626354124	6	560	1	
363	0	30	step_1_no_load	1	2	2	412	
363	0	30	step_2_no_load	5	6	0.608245979832	0.610227092493	6	513	0	
363	0	31	step_1_no_load	1	2	2	599	
363	0	31	step_2_no_load	5	6	0.636602545794	0.606122691795	6	502	1	
363	0	32	step_1_no_load	1	2	2	605	
363	0	32	step_2_no_load	5	6	0.634585171267	0.605616211083	5	558	1	
363	0	33	step_1_no_load	1	2	1	505	
363	0	33	step_2_no_load	5	6	0.611700032906	0.618000238621	6	615	1	
363	0	34	step_1_no_load	1	2	1	365	
363	0	34	step_2_no_load	5	6	0.575802910074	0.670290552209	6	564	0	
363	0	35	step_1_no_load	1	2	1	318	
363	0	35	step_2_no_load	3	4	0.594167768198	0.491437207585	3	390	1	
363	0	36	step_1_no_load	1	2	1	439	
363	0	36	step_2_no_load	5	6	0.527635087561	0.661229326326	5	390	0	
363	0	37	step_1_no_load	1	2	1	473	
363	0	37	step_2_no_load	5	6	0.513822304161	0.660658056664	6	478	1	
363	0	38	step_1_no_load	1	2	2	483	
363	0	38	step_2_no_load	5	6	0.539078491643	0.651263699161	6	528	1	
363	0	39	step_1_no_load	1	2	1	369	
363	0	39	step_2_no_load	3	4	0.610601635554	0.578640235206	4	449	1	
363	0	40	step_1_no_load	1	2	2	395	
363	0	40	step_2_no_load	5	6	0.580760785074	0.636994900683	6	362	1	
363	0	41	step_1_no_load	1	2	1	246	
363	0	41	step_2_no_load	3	4	0.588857868869	0.583829055298	3	292	1	
363	0	42	step_1_no_load	1	2	1	440	
363	0	42	step_2_no_load	3	4	0.609164606591	0.553461946234	4	824	0	
363	0	43	step_1_no_load	1	2	1	29	
363	0	43	step_2_no_load	3	4	0.612705031264	0.548128010644	3	318	1	
363	0	44	step_1_no_load	1	2	2	521	
363	0	44	step_2_no_load	5	6	0.541854396676	0.589653131867	6	456	0	
363	0	45	step_1_no_load	1	2	2	501	
363	0	45	step_2_no_load	3	4	0.632991467829	0.5288039409	3	643	0	
363	0	46	step_1_no_load	1	2	2	383	
363	0	46	step_2_no_load	3	4	0.600964500555	0.532238720495	4	845	1	
363	0	47	step_1_no_load	1	2	2	346	
363	0	47	step_2_no_load	5	6	0.546259467838	0.634373567175	6	513	1	
363	0	48	step_1_no_load	1	2	1	652	
363	0	48	step_2_no_load	3	4	0.615767119776	0.488280685105	3	691	1	
363	0	49	step_1_no_load	1	2	1	1001	
363	0	49	step_2_no_load	3	4	0.610193185592	0.489287375157	4	1120	1	
363	0	50	step_1_no_load	1	2	1	598	
363	0	50	step_2_no_load	3	4	0.606862017918	0.47381367271	4	940	1	
363	0	51	step_1_no_load	1	2	1	378	
363	0	51	step_2_no_load	5	6	0.508197321577	0.613357430892	5	608	1	
363	0	52	step_1_no_load	1	2	1	958	
363	0	52	step_2_no_load	3	4	0.539065404057	0.429622901875	4	1076	1	
363	0	53	step_1_no_load	1	2	1	744	
363	0	53	step_2_no_load	3	4	0.551457882502	0.451905460347	4	734	0	
363	0	54	step_1_no_load	1	2	1	378	
363	0	54	step_2_no_load	3	4	0.570223904064	0.491512498697	3	506	1	
363	0	55	step_1_no_load	1	2	2	85	
363	0	55	step_2_no_load	5	6	0.526704292526	0.639840796975	6	437	1	
363	0	56	step_1_no_load	1	2	1	378	
363	0	56	step_2_no_load	5	6	0.538512915562	0.60038825769	5	394	1	
363	0	57	step_1_no_load	1	2	1	845	
363	0	57	step_2_no_load	5	6	0.516475618243	0.586335094239	5	772	1	
363	0	58	step_1_no_load	1	2	1	305	
363	0	58	step_2_no_load	5	6	0.528376440027	0.610896130115	5	647	1	
363	0	59	step_1_no_load	1	2	1	652	
363	0	59	step_2_no_load	3	4	0.632500293208	0.480274332693	4	915	0	
363	0	60	step_1_no_load	1	2	1	300	
363	0	60	step_2_no_load	3	4	0.623687406259	0.491916707098	3	589	0	
363	0	61	step_1_no_load	1	2	2	657	
363	0	61	step_2_no_load	3	4	0.669587072502	0.464268875813	4	552	0	
363	0	62	step_1_no_load	1	2	2	692	
363	0	62	step_2_no_load	5	6	0.533031417444	0.622820395113	6	618	1	
363	0	63	step_1_no_load	1	2	2	712	
363	0	63	step_2_no_load	3	4	0.664284493458	0.53192660365	3	1254	1	
363	0	64	step_1_no_load	1	2	2	650	
363	0	64	step_2_no_load	3	4	0.642369708469	0.555062911513	4	746	1	
363	0	65	step_1_no_load	1	2	1	1021	
363	0	65	step_2_no_load	3	4	0.612660225018	0.569109504048	4	556	0	
363	0	66	step_1_no_load	1	2	2	945	
363	0	66	step_2_no_load	5	6	0.555324764318	0.630357351236	6	695	0	
363	0	67	step_1_no_load	1	2	2	645	
363	0	67	step_2_no_load	5	6	0.538279387614	0.674463681351	5	1114	1	
363	0	68	step_1_no_load	1	2	1	383	
363	0	68	step_2_no_load	5	6	0.523301545299	0.719455209845	6	566	0	
363	0	69	step_1_no_load	1	2	1	394	
363	0	69	step_2_no_load	3	4	0.622221685203	0.499137600991	3	584	0	
363	0	70	step_1_no_load	1	2	2	565	
363	0	70	step_2_no_load	5	6	0.548075770764	0.697741832068	5	396	1	
363	0	71	step_1_no_load	1	2	1	401	
363	0	71	step_2_no_load	5	6	0.546215110045	0.706816191949	5	992	1	
363	0	72	step_1_no_load	1	2	1	494	
363	0	72	step_2_no_load	3	4	0.626024641967	0.47409116389	4	453	0	
363	0	73	step_1_no_load	1	2	1	529	
363	0	73	step_2_no_load	5	6	0.50185699984	0.727961155836	5	991	0	
363	0	74	step_1_no_load	1	2	2	462	
363	0	74	step_2_no_load	5	6	0.491044983779	0.693624670847	6	548	1	
363	0	75	step_1_no_load	1	2	2	601	
363	0	75	step_2_no_load	3	4	0.615552849174	0.44832280175	4	751	0	
363	0	76	step_1_no_load	1	2	2	498	
363	0	76	step_2_no_load	5	6	0.518881389358	0.690117652944	5	601	0	
363	0	77	step_1_no_load	1	2	2	829	
363	0	77	step_2_no_load	5	6	0.538119616568	0.679737625371	6	595	1	
363	0	78	step_1_no_load	1	2	2	718	
363	0	78	step_2_no_load	5	6	0.538654072849	0.647586191228	6	613	0	
363	0	79	step_1_no_load	1	2	1	552	
363	0	79	step_2_no_load	5	6	0.540085062695	0.647841624544	5	573	1	
363	0	80	step_1_no_load	1	2	1	679	
363	0	80	step_2_no_load	5	6	0.49921021142	0.703969305517	5	661	0	
363	0	81	step_1_no_load	1	2	1	377	
363	0	81	step_2_no_load	3	4	0.529745690463	0.419265522488	4	494	0	
363	0	82	step_1_no_load	1	2	1	285	
363	0	82	step_2_no_load	3	4	0.564729328387	0.395813831323	3	348	1	
363	0	83	step_1_no_load	1	2	2	553	
363	0	83	step_2_no_load	5	6	0.483255412498	0.726885136842	6	408	1	
363	0	84	step_1_no_load	1	2	2	493	
363	0	84	step_2_no_load	5	6	0.505586222209	0.731466635793	6	565	0	
363	0	85	step_1_no_load	1	2	2	553	
363	0	85	step_2_no_load	3	4	0.692384972752	0.384458259121	3	487	0	
363	0	86	step_1_no_load	1	2	2	508	
363	0	86	step_2_no_load	5	6	0.486462788728	0.721207648497	5	532	1	
363	0	87	step_1_no_load	1	2	2	719	
363	0	87	step_2_no_load	3	4	0.719375344246	0.40000499778	3	728	1	
363	0	88	step_1_no_load	1	2	1	460	
363	0	88	step_2_no_load	5	6	0.509563243675	0.696773608304	6	669	0	
363	0	89	step_1_no_load	1	2	1	560	
363	0	89	step_2_no_load	3	4	0.690772436485	0.415882489686	3	695	1	
363	0	90	step_1_no_load	1	2	1	692	
363	0	90	step_2_no_load	3	4	0.712247848046	0.411459496853	4	766	1	
363	0	91	step_1_no_load	1	2	1	513	
363	0	91	step_2_no_load	5	6	0.479087223222	0.657820521772	6	433	0	
363	0	92	step_1_no_load	1	2	1	356	
363	0	92	step_2_no_load	5	6	0.484260039873	0.679381608313	5	651	1	
363	0	93	step_1_no_load	1	2	2	734	
363	0	93	step_2_no_load	5	6	0.473273727684	0.662863370634	5	1220	0	
363	0	94	step_1_no_load	1	2	1	465	
363	0	94	step_2_no_load	3	4	0.719464414227	0.429211756872	3	359	1	
363	0	95	step_1_no_load	1	2	1	731	
363	0	95	step_2_no_load	3	4	0.715495469274	0.427150666411	3	634	1	
363	0	96	step_1_no_load	1	2	1	774	
363	0	96	step_2_no_load	3	4	0.693739812506	0.383038640121	3	749	0	
363	0	97	step_1_no_load	1	2	1	507	
363	0	97	step_2_no_load	5	6	0.455601814112	0.651202057411	6	394	1	
363	0	98	step_1_no_load	1	2	1	414	
363	0	98	step_2_no_load	3	4	0.70287861952	0.409778171713	3	813	0	
363	0	99	step_1_no_load	1	2	2	315	
363	0	99	step_2_no_load	5	6	0.375249961522	0.645191748454	6	353	0	
363	0	100	step_1_no_load	1	2	1	303	
363	0	100	step_2_no_load	3	4	0.666227451505	0.4333505304	3	630	1	
363	0	101	step_1_no_load	1	2	1	650	
363	0	101	step_2_no_load	3	4	0.623812401974	0.497432607584	4	712	0	
363	0	102	step_1_no_load	1	2	1	621	
363	0	102	step_2_no_load	3	4	0.666304534392	0.494584754513	3	443	0	
363	0	103	step_1_no_load	1	2	2	439	
363	0	103	step_2_no_load	5	6	0.322834495838	0.69058998368	6	654	1	
363	0	104	step_1_no_load	1	2	2	948	
363	0	104	step_2_no_load	5	6	0.303696146503	0.743372642809	6	866	1	
363	0	105	step_1_no_load	1	2	1	223	
363	0	105	step_2_no_load	3	4	0.689135357059	0.514318365187	3	510	0	
363	0	106	step_1_no_load	1	2	2	459	
363	0	106	step_2_no_load	5	6	0.374131494222	0.699623252899	5	450	0	
363	0	107	step_1_no_load	1	2	2	303	
363	0	107	step_2_no_load	3	4	0.692607431435	0.565220528809	4	638	1	
363	0	108	step_1_no_load	1	2	1	635	
363	0	108	step_2_no_load	3	4	0.695928523711	0.526955028982	3	450	1	
363	0	109	step_1_no_load	1	2	2	506	
363	0	109	step_2_no_load	5	6	0.372328831887	0.68658494263	6	449	1	
363	0	110	step_1_no_load	1	2	2	541	
363	0	110	step_2_no_load	5	6	0.395544455384	0.65455226558	6	468	1	
363	0	111	step_1_no_load	1	2	1	660	
363	0	111	step_2_no_load	3	4	0.724852671171	0.384948378665	3	715	1	
363	0	112	step_1_no_load	1	2	2	1342	
363	0	112	step_2_no_load	3	4	0.725701866094	0.392887565883	4	1480	0	
363	0	113	step_1_no_load	1	2	2	490	
363	0	113	step_2_no_load	3	4	0.719324307956	0.370697120277	4	625	1	
363	0	114	step_1_no_load	1	2	2	1010	
363	0	114	step_2_no_load	5	6	0.384736699284	0.657654904272	6	668	1	
363	0	115	step_1_no_load	1	2	1	535	
363	0	115	step_2_no_load	3	4	0.739704344621	0.390027643099	3	373	1	
363	0	116	step_1_no_load	1	2	1	994	
363	0	116	step_2_no_load	5	6	0.369438791876	0.680124293449	5	728	0	
363	0	117	step_1_no_load	1	2	2	580	
363	0	117	step_2_no_load	3	4	0.747012267642	0.374621793791	4	531	0	
363	0	118	step_1_no_load	1	2	2	657	
363	0	118	step_2_no_load	3	4	0.740051715856	0.357645851833	3	800	1	
363	0	119	step_1_no_load	1	2	1	645	
363	0	119	step_2_no_load	3	4	0.690424535099	0.357515098446	3	955	1	
363	0	120	step_1_no_load	1	2	1	392	
363	0	120	step_2_no_load	3	4	0.70587238626	0.370150243662	3	639	1	
363	0	121	step_1_no_load	1	2	1	1102	
363	0	121	step_2_no_load	5	6	0.310775244958	0.671052306195	6	1293	1	
363	0	122	step_1_no_load	1	2	2	690	
363	0	122	step_2_no_load	5	6	0.266650857402	0.672193618854	6	993	1	
363	0	123	step_1_no_load	1	2	1	781	
363	0	123	step_2_no_load	3	4	0.583607229978	0.337526896345	3	789	1	
363	0	124	step_1_no_load	1	2	1	459	
363	0	124	step_2_no_load	3	4	0.603013298253	0.309430836661	3	459	0	
363	0	125	step_1_no_load	1	2	1	486	
363	0	125	step_2_no_load	3	4	0.559596800931	0.303110862715	4	694	0	
363	0	126	step_1_no_load	1	2	2	658	
363	0	126	step_2_no_load	5	6	0.267206368684	0.600985760967	6	684	1	
363	0	127	step_1_no_load	1	2	2	960	
363	0	127	step_2_no_load	3	4	0.560824094575	0.274944938508	4	711	0	
363	0	128	step_1_no_load	1	2	2	842	
363	0	128	step_2_no_load	5	6	0.260252451606	0.620672334996	6	961	0	
363	0	129	step_1_no_load	1	2	2	691	
363	0	129	step_2_no_load	3	4	0.685297910719	0.271709703542	3	833	1	
363	0	130	step_1_no_load	1	2	1	615	
363	0	130	step_2_no_load	3	4	0.682031489739	0.274560758494	3	617	1	
363	0	131	step_1_no_load	1	2	1	565	
363	0	131	step_2_no_load	3	4	0.678044920845	0.311475039155	3	591	1	
363	0	132	step_1_no_load	1	2	2	350	
363	0	132	step_2_no_load	5	6	0.27986961048	0.660013924697	6	1134	1	
363	0	133	step_1_no_load	1	2	1	541	
363	0	133	step_2_no_load	3	4	0.617383991623	0.312642735495	3	581	0	
363	0	134	step_1_no_load	1	2	1	434	
363	0	134	step_2_no_load	3	4	0.621945110858	0.302839427162	4	794	0	
363	0	135	step_1_no_load	1	2	1	908	
363	0	135	step_2_no_load	3	4	0.593710006149	0.287118934166	3	539	1	
363	0	136	step_1_no_load	1	2	1	368	
363	0	136	step_2_no_load	3	4	0.597814413435	0.284521085726	3	526	0	
363	0	137	step_1_no_load	1	2	2	274	
363	0	137	step_2_no_load	3	4	0.605896884497	0.325016613024	3	1265	1	
363	0	138	step_1_no_load	1	2	2	466	
363	0	138	step_2_no_load	5	6	0.366701525561	0.688182193337	6	577	0	
363	0	139	step_1_no_load	1	2	1	412	
363	0	139	step_2_no_load	3	4	0.636630981281	0.323660750961	3	603	1	
363	0	140	step_1_no_load	1	2	2	455	
363	0	140	step_2_no_load	5	6	0.348740542008	0.637682840728	6	494	1	
363	0	141	step_1_no_load	1	2	2	513	
363	0	141	step_2_no_load	5	6	0.390227133375	0.616803346728	6	911	1	
363	0	142	step_1_no_load	1	2	2	556	
363	0	142	step_2_no_load	5	6	0.397052682821	0.627356259123	6	443	0	
363	0	143	step_1_no_load	1	2	1	903	
363	0	143	step_2_no_load	5	6	0.410970957547	0.610219102298	-1	-1	-1	
363	0	144	step_1_no_load	1	2	1	393	
363	0	144	step_2_no_load	3	4	0.626443722248	0.275932517017	3	480	1	
363	0	145	step_1_no_load	1	2	1	341	
363	0	145	step_2_no_load	5	6	0.355256413269	0.606515632748	5	614	1	
363	0	146	step_1_no_load	1	2	1	450	
363	0	146	step_2_no_load	3	4	0.681611991725	0.257861956214	3	593	0	
363	0	147	step_1_no_load	1	2	1	433	
363	0	147	step_2_no_load	5	6	0.352879785946	0.594861186319	6	832	1	
363	0	148	step_1_no_load	1	2	2	509	
363	0	148	step_2_no_load	3	4	0.619272702026	0.305288021243	4	374	0	
363	0	149	step_1_no_load	1	2	2	296	
363	0	149	step_2_no_load	3	4	0.601870110183	0.269951834184	3	606	0	
363	0	150	step_1_no_load	1	2	2	476	
363	0	150	step_2_no_load	5	6	0.306860041627	0.605912419156	6	619	1	
363	0	151	step_1_no_load	1	2	2	576	
363	0	151	step_2_no_load	5	6	0.310557101463	0.614159737668	6	744	1	
363	0	152	step_1_no_load	1	2	2	603	
363	0	152	step_2_no_load	3	4	0.595108765344	0.307702500543	4	1234	0	
363	0	153	step_1_no_load	1	2	2	456	
363	0	153	step_2_no_load	5	6	0.343622632154	0.681559292085	5	727	1	
363	0	154	step_1_no_load	1	2	2	955	
363	0	154	step_2_no_load	3	4	0.638934099562	0.316375537537	3	1371	0	
363	0	155	step_1_no_load	1	2	2	462	
363	0	155	step_2_no_load	3	4	0.632486591889	0.296093457977	3	637	0	
363	0	156	step_1_no_load	1	2	2	331	
363	0	156	step_2_no_load	3	4	0.631048201903	0.32564867104	4	1058	1	
363	0	157	step_1_no_load	1	2	2	589	
363	0	157	step_2_no_load	5	6	0.324728201487	0.720725456325	6	611	0	
363	0	158	step_1_no_load	1	2	2	600	
363	0	158	step_2_no_load	3	4	0.532722108502	0.408728803896	3	542	0	
363	0	159	step_1_no_load	1	2	2	651	
363	0	159	step_2_no_load	3	4	0.541222065796	0.413026375257	4	1098	0	
363	0	160	step_1_no_load	1	2	2	327	
363	0	160	step_2_no_load	3	4	0.521229931064	0.415052912783	3	905	0	
363	0	161	step_1_no_load	1	2	1	388	
363	0	161	step_2_no_load	3	4	0.516036498158	0.407025633682	3	497	1	
363	0	162	step_1_no_load	1	2	2	501	
363	0	162	step_2_no_load	3	4	0.566496468084	0.3926701003	3	692	1	
363	0	163	step_1_no_load	1	2	1	809	
363	0	163	step_2_no_load	5	6	0.430920885959	0.697095951435	6	793	1	
363	0	164	step_1_no_load	1	2	2	957	
363	0	164	step_2_no_load	5	6	0.430844125626	0.692137394606	6	684	1	
363	0	165	step_1_no_load	1	2	1	772	
363	0	165	step_2_no_load	3	4	0.538026607649	0.463777557969	4	1051	0	
363	0	166	step_1_no_load	1	2	1	392	
363	0	166	step_2_no_load	3	4	0.549095060025	0.422282731054	3	431	0	
363	0	167	step_1_no_load	1	2	2	611	
363	0	167	step_2_no_load	5	6	0.331115714939	0.706271792549	6	474	1	
363	0	168	step_1_no_load	1	2	2	544	
363	0	168	step_2_no_load	5	6	0.335777599654	0.67192508984	6	760	1	
363	0	169	step_1_no_load	1	2	2	580	
363	0	169	step_2_no_load	5	6	0.365156560071	0.704981910944	6	659	1	
363	0	170	step_1_no_load	1	2	2	798	
363	0	170	step_2_no_load	5	6	0.364989630435	0.67334314737	6	1405	0	
363	0	171	step_1_no_load	1	2	2	514	
363	0	171	step_2_no_load	5	6	0.425122034074	0.727248140829	5	473	1	
363	0	172	step_1_no_load	1	2	2	606	
363	0	172	step_2_no_load	5	6	0.490120307546	0.668669556875	5	479	0	
363	0	173	step_1_no_load	1	2	2	545	
363	0	173	step_2_no_load	5	6	0.462866379815	0.667027212577	6	528	1	
363	0	174	step_1_no_load	1	2	2	589	
363	0	174	step_2_no_load	5	6	0.46236234172	0.729877433725	-1	-1	-1	
363	0	175	step_1_no_load	1	2	2	448	
363	0	175	step_2_no_load	5	6	0.484825491933	0.693968268443	6	326	1	
363	0	176	step_1_no_load	1	2	2	307	
363	0	176	step_2_no_load	5	6	0.500856457218	0.679250000396	6	417	0	
363	0	177	step_1_no_load	1	2	1	317	
363	0	177	step_2_no_load	3	4	0.501268576771	0.357425668099	3	484	0	
363	0	178	step_1_no_load	1	2	2	576	
363	0	178	step_2_no_load	5	6	0.49020858644	0.705993797498	6	526	1	
363	0	179	step_1_no_load	1	2	2	588	
363	0	179	step_2_no_load	3	4	0.457298770028	0.324685418097	3	803	0	
363	0	180	step_1_no_load	1	2	2	488	
363	0	180	step_2_no_load	3	4	0.482853857291	0.341214611607	4	390	0	
363	0	181	step_1_no_load	1	2	2	363	
363	0	181	step_2_no_load	5	6	0.480141179559	0.746910336326	6	364	0	
363	0	182	step_1_no_load	1	2	1	370	
363	0	182	step_2_no_load	5	6	0.49907747228	0.72717560423	5	552	1	
363	0	183	step_1_no_load	1	2	1	669	
363	0	183	step_2_no_load	3	4	0.502991759047	0.350175837802	3	604	1	
363	0	184	step_1_no_load	1	2	2	938	
363	0	184	step_2_no_load	5	6	0.480863422096	0.657291439324	6	465	1	
363	0	185	step_1_no_load	1	2	2	927	
363	0	185	step_2_no_load	3	4	0.479703516092	0.362611152222	3	903	0	
363	0	186	step_1_no_load	1	2	-1	-1	
363	0	187	step_1_no_load	1	2	1	379	
363	0	187	step_2_no_load	3	4	0.443962917772	0.328890769988	4	266	1	
363	0	188	step_1_no_load	1	2	2	447	
363	0	188	step_2_no_load	5	6	0.548350535247	0.696362660087	6	597	0	
363	0	189	step_1_no_load	1	2	2	377	
363	0	189	step_2_no_load	3	4	0.448897869069	0.285168135955	4	335	0	
363	0	190	step_1_no_load	1	2	2	540	
363	0	190	step_2_no_load	5	6	0.505820429042	0.667655825994	5	691	0	
363	0	191	step_1_no_load	1	2	2	470	
363	0	191	step_2_no_load	5	6	0.512103523931	0.664271461991	6	413	1	
363	0	192	step_1_no_load	1	2	2	448	
363	0	192	step_2_no_load	5	6	0.493851022417	0.705517419189	6	544	1	
363	0	193	step_1_no_load	1	2	2	597	
363	0	193	step_2_no_load	5	6	0.504944704439	0.679792491164	6	676	1	
363	0	194	step_1_no_load	1	2	2	352	
363	0	194	step_2_no_load	5	6	0.505359594715	0.655261361454	6	416	0	
363	0	195	step_1_no_load	1	2	1	355	
363	0	195	step_2_no_load	3	4	0.466795336969	0.348571348505	4	306	1	
363	0	196	step_1_no_load	1	2	2	668	
363	0	196	step_2_no_load	3	4	0.421761207498	0.365373286058	4	507	1	
363	0	197	step_1_no_load	1	2	2	374	
363	0	197	step_2_no_load	5	6	0.47786945426	0.686552522522	6	326	0	
363	0	198	step_1_no_load	1	2	2	418	
363	0	198	step_2_no_load	5	6	0.485065498391	0.68660989813	5	633	0	
363	0	199	step_1_no_load	1	2	2	861	
363	0	199	step_2_no_load	5	6	0.529438031858	0.73697129762	6	603	0	
363	0	200	step_1_no_load	1	2	2	390	
363	0	200	step_2_no_load	5	6	0.507902534353	0.728996708473	6	461	1	

Wed Jun 23 15:17:54 2021
