Wed Jun 30 16:07:10 2021	
364	0	1	step_1_no_load	1	2	2	1087	
364	0	1	step_2_no_load	5	6	0.598297890399	0.457620150462	6	835	0	
364	0	2	step_1_no_load	1	2	1	409	
364	0	2	step_2_no_load	5	6	0.580156942153	0.474613197709	5	537	0	
364	0	3	step_1_no_load	1	2	1	461	
364	0	3	step_2_no_load	5	6	0.584197065669	0.476767372206	6	835	0	
364	0	4	step_1_no_load	1	2	2	657	
364	0	4	step_2_no_load	5	6	0.597491569846	0.478607661228	5	1031	0	
364	0	5	step_1_no_load	1	2	2	343	
364	0	5	step_2_no_load	5	6	0.623810210114	0.495568760483	6	844	0	
364	0	6	step_1_no_load	1	2	2	282	
364	0	6	step_2_no_load	3	4	0.603642866427	0.490454120702	3	1233	1	
364	0	7	step_1_no_load	1	2	2	702	
364	0	7	step_2_no_load	3	4	0.622642364361	0.506408070053	3	884	1	
364	0	8	step_1_no_load	1	2	2	346	
364	0	8	step_2_no_load	3	4	0.624210374623	0.499203529332	3	977	1	
364	0	9	step_1_no_load	1	2	2	405	
364	0	9	step_2_no_load	5	6	0.598049061473	0.496546708465	-1	-1	-1	
364	0	10	step_1_no_load	1	2	1	769	
364	0	10	step_2_no_load	5	6	0.652626043146	0.482364178155	6	1057	0	
364	0	11	step_1_no_load	1	2	2	470	
364	0	11	step_2_no_load	5	6	0.69163818036	0.477013315682	6	1269	0	
364	0	12	step_1_no_load	1	2	2	403	
364	0	12	step_2_no_load	3	4	0.552770607849	0.597131918027	3	978	1	
364	0	13	step_1_no_load	1	2	2	336	
364	0	13	step_2_no_load	5	6	0.653587098421	0.52012981853	5	982	1	
364	0	14	step_1_no_load	1	2	2	434	
364	0	14	step_2_no_load	5	6	0.629137942344	0.491234392147	5	641	1	
364	0	15	step_1_no_load	1	2	2	285	
364	0	15	step_2_no_load	5	6	0.612260006668	0.505377237737	5	564	0	
364	0	16	step_1_no_load	1	2	2	294	
364	0	16	step_2_no_load	5	6	0.628091198119	0.510958036527	5	1348	1	
364	0	17	step_1_no_load	1	2	2	348	
364	0	17	step_2_no_load	5	6	0.633350170016	0.535958400205	5	533	1	
364	0	18	step_1_no_load	1	2	2	329	
364	0	18	step_2_no_load	3	4	0.553554620302	0.626895526976	3	920	0	
364	0	19	step_1_no_load	1	2	1	476	
364	0	19	step_2_no_load	3	4	0.536502319591	0.644773170243	-1	-1	-1	
364	0	20	step_1_no_load	1	2	1	296	
364	0	20	step_2_no_load	3	4	0.491720931314	0.60665343963	3	423	0	
364	0	21	step_1_no_load	1	2	1	323	
364	0	21	step_2_no_load	3	4	0.470207377245	0.611328949295	4	722	1	
364	0	22	step_1_no_load	1	2	1	566	
364	0	22	step_2_no_load	3	4	0.468700882609	0.618527126547	4	582	0	
364	0	23	step_1_no_load	1	2	2	281	
364	0	23	step_2_no_load	5	6	0.640163623731	0.520606588181	5	872	1	
364	0	24	step_1_no_load	1	2	2	535	
364	0	24	step_2_no_load	3	4	0.503316199018	0.5800912085	4	1190	1	
364	0	25	step_1_no_load	1	2	2	402	
364	0	25	step_2_no_load	5	6	0.565698722896	0.503316372362	5	993	1	
364	0	26	step_1_no_load	1	2	1	261	
364	0	26	step_2_no_load	3	4	0.532884212818	0.640635035276	3	516	1	
364	0	27	step_1_no_load	1	2	1	536	
364	0	27	step_2_no_load	5	6	0.57860777711	0.507272671939	5	1102	0	
364	0	28	step_1_no_load	1	2	1	468	
364	0	28	step_2_no_load	3	4	0.553259388875	0.647441527317	3	700	1	
364	0	29	step_1_no_load	1	2	1	256	
364	0	29	step_2_no_load	3	4	0.561957580386	0.618626354124	3	871	0	
364	0	30	step_1_no_load	1	2	1	245	
364	0	30	step_2_no_load	3	4	0.574272497114	0.610227092493	3	804	0	
364	0	31	step_1_no_load	1	2	1	360	
364	0	31	step_2_no_load	5	6	0.636602545794	0.483156722265	5	1021	1	
364	0	32	step_1_no_load	1	2	1	321	
364	0	32	step_2_no_load	3	4	0.522993086096	0.605616211083	3	712	1	
364	0	33	step_1_no_load	1	2	1	268	
364	0	33	step_2_no_load	3	4	0.542309898544	0.618000238621	3	459	1	
364	0	34	step_1_no_load	1	2	1	280	
364	0	34	step_2_no_load	3	4	0.538523758058	0.670290552209	3	439	0	
364	0	35	step_1_no_load	1	2	2	507	
364	0	35	step_2_no_load	5	6	0.566827313385	0.491437207585	6	937	1	
364	0	36	step_1_no_load	1	2	2	230	
364	0	36	step_2_no_load	3	4	0.611274573488	0.661229326326	3	661	0	
364	0	37	step_1_no_load	1	2	2	210	
364	0	37	step_2_no_load	5	6	0.513822304161	0.543074626387	6	328	0	
364	0	38	step_1_no_load	1	2	2	1	
364	0	38	step_2_no_load	5	6	0.539078491643	0.553931241266	5	518	1	
364	0	39	step_1_no_load	1	2	2	291	
364	0	39	step_2_no_load	3	4	0.610601635554	0.634483337633	3	729	1	
364	0	40	step_1_no_load	1	2	2	298	
364	0	40	step_2_no_load	3	4	0.607992802154	0.636994900683	3	501	0	
364	0	41	step_1_no_load	1	2	2	270	
364	0	41	step_2_no_load	5	6	0.524862294848	0.583829055298	5	1142	1	
364	0	42	step_1_no_load	1	2	2	336	
364	0	42	step_2_no_load	5	6	0.533857158543	0.553461946234	5	768	1	
364	0	43	step_1_no_load	1	2	2	284	
364	0	43	step_2_no_load	3	4	0.612705031264	0.581931546759	3	939	1	
364	0	44	step_1_no_load	1	2	2	264	
364	0	44	step_2_no_load	5	6	0.541854396676	0.537842745081	5	615	0	
364	0	45	step_1_no_load	1	2	2	291	
364	0	45	step_2_no_load	5	6	0.579346234508	0.5288039409	6	393	1	
364	0	46	step_1_no_load	1	2	2	271	
364	0	46	step_2_no_load	5	6	0.55511883717	0.532238720495	5	477	1	
364	0	47	step_1_no_load	1	2	2	259	
364	0	47	step_2_no_load	5	6	0.546259467838	0.493112702321	5	741	1	
364	0	48	step_1_no_load	1	2	2	239	
364	0	48	step_2_no_load	5	6	0.534690828011	0.488280685105	6	774	0	
364	0	49	step_1_no_load	1	2	1	258	
364	0	49	step_2_no_load	3	4	0.610193185592	0.614679490594	3	769	0	
364	0	50	step_1_no_load	1	2	1	238	
364	0	50	step_2_no_load	3	4	0.606862017918	0.593458480934	4	670	0	
364	0	51	step_1_no_load	1	2	2	291	
364	0	51	step_2_no_load	5	6	0.508197321577	0.469943944943	6	651	0	
364	0	52	step_1_no_load	1	2	2	182	
364	0	52	step_2_no_load	5	6	0.513589895419	0.429622901875	5	309	0	
364	0	53	step_1_no_load	1	2	2	255	
364	0	53	step_2_no_load	5	6	0.475342927439	0.451905460347	5	273	0	
364	0	54	step_1_no_load	1	2	2	246	
364	0	54	step_2_no_load	5	6	0.493362545513	0.491512498697	5	301	1	
364	0	55	step_1_no_load	1	2	2	265	
364	0	55	step_2_no_load	5	6	0.526704292526	0.487025527704	5	384	1	
364	0	56	step_1_no_load	1	2	2	270	
364	0	56	step_2_no_load	5	6	0.538512915562	0.459773408493	5	317	0	
364	0	57	step_1_no_load	1	2	2	241	
364	0	57	step_2_no_load	5	6	0.516475618243	0.466449077359	5	385	1	
364	0	58	step_1_no_load	1	2	2	196	
364	0	58	step_2_no_load	5	6	0.528376440027	0.478335218822	5	363	1	
364	0	59	step_1_no_load	1	2	2	224	
364	0	59	step_2_no_load	5	6	0.537400760025	0.480274332693	5	303	1	
364	0	60	step_1_no_load	1	2	2	228	
364	0	60	step_2_no_load	5	6	0.479287247283	0.491916707098	5	339	1	
364	0	61	step_1_no_load	1	2	1	239	
364	0	61	step_2_no_load	3	4	0.669587072502	0.602879526975	4	325	1	
364	0	62	step_1_no_load	1	2	1	239	
364	0	62	step_2_no_load	5	6	0.533031417444	0.50724109756	6	366	0	
364	0	63	step_1_no_load	1	2	1	252	
364	0	63	step_2_no_load	5	6	0.519445130796	0.53192660365	5	971	1	
364	0	64	step_1_no_load	1	2	1	226	
364	0	64	step_2_no_load	3	4	0.642369708469	0.626149195169	4	641	1	
364	0	65	step_1_no_load	1	2	1	214	
364	0	65	step_2_no_load	3	4	0.612660225018	0.619953360065	4	589	1	
364	0	66	step_1_no_load	1	2	1	266	
364	0	66	step_2_no_load	5	6	0.555324764318	0.573761869714	5	1337	1	
364	0	67	step_1_no_load	1	2	2	230	
364	0	67	step_2_no_load	5	6	0.538279387614	0.542076810516	5	749	0	
364	0	68	step_1_no_load	1	2	2	709	
364	0	68	step_2_no_load	5	6	0.523301545299	0.509127161919	5	691	1	
364	0	69	step_1_no_load	1	2	2	280	
364	0	69	step_2_no_load	5	6	0.560462111264	0.499137600991	5	479	1	
364	0	70	step_1_no_load	1	2	2	237	
364	0	70	step_2_no_load	3	4	0.637556284465	0.697741832068	3	284	0	
364	0	71	step_1_no_load	1	2	2	330	
364	0	71	step_2_no_load	5	6	0.546215110045	0.482863323776	5	561	0	
364	0	72	step_1_no_load	1	2	2	247	
364	0	72	step_2_no_load	5	6	0.556486305476	0.47409116389	5	438	0	
364	0	73	step_1_no_load	1	2	2	241	
364	0	73	step_2_no_load	5	6	0.50185699984	0.435957313805	5	327	0	
364	0	74	step_1_no_load	1	2	2	252	
364	0	74	step_2_no_load	3	4	0.614462146454	0.693624670847	4	962	0	
364	0	75	step_1_no_load	1	2	2	257	
364	0	75	step_2_no_load	5	6	0.483983914712	0.44832280175	5	384	0	
364	0	76	step_1_no_load	1	2	2	341	
364	0	76	step_2_no_load	5	6	0.518881389358	0.488583631821	5	388	0	
364	0	77	step_1_no_load	1	2	2	304	
364	0	77	step_2_no_load	3	4	0.564257587118	0.679737625371	3	758	1	
364	0	78	step_1_no_load	1	2	2	395	
364	0	78	step_2_no_load	5	6	0.538654072849	0.435911167612	5	369	1	
364	0	79	step_1_no_load	1	2	2	344	
364	0	79	step_2_no_load	3	4	0.513695512795	0.647841624544	4	879	0	
364	0	80	step_1_no_load	1	2	1	269	
364	0	80	step_2_no_load	5	6	0.49921021142	0.396016175285	5	436	1	
364	0	81	step_1_no_load	1	2	1	254	
364	0	81	step_2_no_load	3	4	0.529745690463	0.702400933084	3	892	1	
364	0	82	step_1_no_load	1	2	1	284	
364	0	82	step_2_no_load	3	4	0.564729328387	0.688340116885	3	678	0	
364	0	83	step_1_no_load	1	2	1	225	
364	0	83	step_2_no_load	5	6	0.483255412498	0.382772464038	5	723	0	
364	0	84	step_1_no_load	1	2	2	201	
364	0	84	step_2_no_load	5	6	0.505586222209	0.385087938645	5	360	0	
364	0	85	step_1_no_load	1	2	2	278	
364	0	85	step_2_no_load	5	6	0.485785534744	0.384458259121	6	389	0	
364	0	86	step_1_no_load	1	2	2	235	
364	0	86	step_2_no_load	5	6	0.486462788728	0.345323068124	6	290	0	
364	0	87	step_1_no_load	1	2	2	216	
364	0	87	step_2_no_load	5	6	0.493867001103	0.40000499778	5	238	0	
364	0	88	step_1_no_load	1	2	1	235	
364	0	88	step_2_no_load	5	6	0.509563243675	0.377947492322	6	338	0	
364	0	89	step_1_no_load	1	2	1	247	
364	0	89	step_2_no_load	5	6	0.490019385174	0.415882489686	5	334	1	
364	0	90	step_1_no_load	1	2	1	300	
364	0	90	step_2_no_load	3	4	0.712247848046	0.688736868033	4	1218	1	
364	0	91	step_1_no_load	1	2	1	360	
364	0	91	step_2_no_load	3	4	0.685023809334	0.657820521772	4	432	1	
364	0	92	step_1_no_load	1	2	1	280	
364	0	92	step_2_no_load	3	4	0.692406274724	0.679381608313	4	478	1	
364	0	93	step_1_no_load	1	2	2	437	
364	0	93	step_2_no_load	3	4	0.70415710998	0.662863370634	4	796	1	
364	0	94	step_1_no_load	1	2	2	401	
364	0	94	step_2_no_load	3	4	0.719464414227	0.668295023896	4	512	0	
364	0	95	step_1_no_load	1	2	1	293	
364	0	95	step_2_no_load	3	4	0.715495469274	0.640209855442	4	444	0	
364	0	96	step_1_no_load	1	2	1	241	
364	0	96	step_2_no_load	3	4	0.693739812506	0.663095813561	4	384	1	
364	0	97	step_1_no_load	1	2	1	278	
364	0	97	step_2_no_load	3	4	0.681272614291	0.651202057411	4	389	0	
364	0	98	step_1_no_load	1	2	1	224	
364	0	98	step_2_no_load	5	6	0.431479829356	0.409778171713	6	319	0	
364	0	99	step_1_no_load	1	2	1	268	
364	0	99	step_2_no_load	5	6	0.375249961522	0.397561363605	5	763	0	
364	0	100	step_1_no_load	1	2	1	231	
364	0	100	step_2_no_load	3	4	0.666227451505	0.66579920021	4	422	0	
364	0	101	step_1_no_load	1	2	1	386	
364	0	101	step_2_no_load	5	6	0.366879421891	0.497432607584	5	793	0	
364	0	102	step_1_no_load	1	2	1	535	
364	0	102	step_2_no_load	5	6	0.326080462175	0.494584754513	6	638	1	
364	0	103	step_1_no_load	1	2	1	314	
364	0	103	step_2_no_load	5	6	0.322834495838	0.481975449893	6	624	0	
364	0	104	step_1_no_load	1	2	1	343	
364	0	104	step_2_no_load	3	4	0.703870701136	0.743372642809	4	630	1	
364	0	105	step_1_no_load	1	2	1	258	
364	0	105	step_2_no_load	3	4	0.689135357059	0.722851301692	4	401	1	
364	0	106	step_1_no_load	1	2	1	230	
364	0	106	step_2_no_load	3	4	0.712883638252	0.699623252899	4	381	0	
364	0	107	step_1_no_load	1	2	1	218	
364	0	107	step_2_no_load	5	6	0.388257337796	0.565220528809	5	1073	1	
364	0	108	step_1_no_load	1	2	1	221	
364	0	108	step_2_no_load	3	4	0.695928523711	0.681491063126	4	572	1	
364	0	109	step_1_no_load	1	2	1	234	
364	0	109	step_2_no_load	3	4	0.71632547018	0.68658494263	4	569	1	
364	0	110	step_1_no_load	1	2	1	93	
364	0	110	step_2_no_load	5	6	0.395544455384	0.432626681236	5	644	1	
364	0	111	step_1_no_load	1	2	1	233	
364	0	111	step_2_no_load	3	4	0.724852671171	0.634599547742	4	504	1	
364	0	112	step_1_no_load	1	2	1	260	
364	0	112	step_2_no_load	3	4	0.725701866094	0.635252945963	4	619	0	
364	0	113	step_1_no_load	1	2	1	249	
364	0	113	step_2_no_load	3	4	0.719324307956	0.634627459817	4	1072	1	
364	0	114	step_1_no_load	1	2	1	226	
364	0	114	step_2_no_load	3	4	0.718213323791	0.657654904272	4	568	1	
364	0	115	step_1_no_load	1	2	1	118	
364	0	115	step_2_no_load	3	4	0.739704344621	0.645721217949	4	436	0	
364	0	116	step_1_no_load	1	2	1	250	
364	0	116	step_2_no_load	3	4	0.706736514943	0.680124293449	4	400	1	
364	0	117	step_1_no_load	1	2	1	222	
364	0	117	step_2_no_load	3	4	0.747012267642	0.671842537277	4	460	0	
364	0	118	step_1_no_load	1	2	2	96	
364	0	118	step_2_no_load	5	6	0.362977115924	0.357645851833	6	687	0	
364	0	119	step_1_no_load	1	2	2	236	
364	0	119	step_2_no_load	3	4	0.690424535099	0.661177321751	3	666	1	
364	0	120	step_1_no_load	1	2	2	249	
364	0	120	step_2_no_load	5	6	0.333809617664	0.370150243662	6	959	0	
364	0	121	step_1_no_load	1	2	2	261	
364	0	121	step_2_no_load	5	6	0.310775244958	0.352721767208	5	1251	0	
364	0	122	step_1_no_load	1	2	2	257	
364	0	122	step_2_no_load	5	6	0.266650857402	0.329624572119	5	695	1	
364	0	123	step_1_no_load	1	2	2	226	
364	0	123	step_2_no_load	5	6	0.269780614928	0.337526896345	5	372	0	
364	0	124	step_1_no_load	1	2	1	183	
364	0	124	step_2_no_load	3	4	0.603013298253	0.624161788269	4	382	1	
364	0	125	step_1_no_load	1	2	1	180	
364	0	125	step_2_no_load	5	6	0.290374841566	0.303110862715	5	706	0	
364	0	126	step_1_no_load	1	2	1	327	
364	0	126	step_2_no_load	3	4	0.537863824328	0.600985760967	4	486	1	
364	0	127	step_1_no_load	1	2	1	227	
364	0	127	step_2_no_load	3	4	0.560824094575	0.646945556251	4	440	1	
364	0	128	step_1_no_load	1	2	1	154	
364	0	128	step_2_no_load	3	4	0.636905534066	0.620672334996	4	329	1	
364	0	129	step_1_no_load	1	2	1	229	
364	0	129	step_2_no_load	5	6	0.268213321963	0.271709703542	6	781	0	
364	0	130	step_1_no_load	1	2	1	248	
364	0	130	step_2_no_load	3	4	0.682031489739	0.630285316669	3	408	0	
364	0	131	step_1_no_load	1	2	1	227	
364	0	131	step_2_no_load	5	6	0.281500842289	0.311475039155	6	778	0	
364	0	132	step_1_no_load	1	2	1	246	
364	0	132	step_2_no_load	3	4	0.668578020634	0.660013924697	3	990	0	
364	0	133	step_1_no_load	1	2	1	242	
364	0	133	step_2_no_load	5	6	0.315608831386	0.312642735495	6	458	0	
364	0	134	step_1_no_load	1	2	1	216	
364	0	134	step_2_no_load	3	4	0.621945110858	0.685529359147	4	511	0	
364	0	135	step_1_no_load	1	2	2	669	
364	0	135	step_2_no_load	5	6	0.300079459047	0.287118934166	5	628	0	
364	0	136	step_1_no_load	1	2	2	224	
364	0	136	step_2_no_load	5	6	0.307766925452	0.284521085726	6	344	1	
364	0	137	step_1_no_load	1	2	2	1	
364	0	137	step_2_no_load	5	6	0.346433498467	0.325016613024	6	574	1	
364	0	138	step_1_no_load	1	2	2	233	
364	0	138	step_2_no_load	5	6	0.366701525561	0.307694123906	6	376	0	
364	0	139	step_1_no_load	1	2	2	236	
364	0	139	step_2_no_load	5	6	0.325611400511	0.323660750961	5	547	0	
364	0	140	step_1_no_load	1	2	2	240	
364	0	140	step_2_no_load	5	6	0.348740542008	0.328174526491	6	383	0	
364	0	141	step_1_no_load	1	2	2	244	
364	0	141	step_2_no_load	5	6	0.390227133375	0.311809871418	6	675	1	
364	0	142	step_1_no_load	1	2	2	441	
364	0	142	step_2_no_load	3	4	0.690276058009	0.627356259123	4	944	0	
364	0	143	step_1_no_load	1	2	2	243	
364	0	143	step_2_no_load	3	4	0.661365099615	0.610219102298	3	826	1	
364	0	144	step_1_no_load	1	2	2	239	
364	0	144	step_2_no_load	5	6	0.389234194056	0.275932517017	6	814	1	
364	0	145	step_1_no_load	1	2	2	379	
364	0	145	step_2_no_load	5	6	0.355256413269	0.266265924094	6	554	0	
364	0	146	step_1_no_load	1	2	2	62	
364	0	146	step_2_no_load	3	4	0.681611991725	0.593778463268	3	853	1	
364	0	147	step_1_no_load	1	2	2	267	
364	0	147	step_2_no_load	3	4	0.647798886916	0.594861186319	3	394	0	
364	0	148	step_1_no_load	1	2	2	230	
364	0	148	step_2_no_load	3	4	0.619272702026	0.648050021239	3	589	1	
364	0	149	step_1_no_load	1	2	2	226	
364	0	149	step_2_no_load	5	6	0.300290206122	0.269951834184	6	913	0	
364	0	150	step_1_no_load	1	2	2	278	
364	0	150	step_2_no_load	5	6	0.306860041627	0.305587692243	5	629	0	
364	0	151	step_1_no_load	1	2	2	0	
364	0	151	step_2_no_load	5	6	0.310557101463	0.348172164421	6	1088	0	
364	0	152	step_1_no_load	1	2	1	245	
364	0	152	step_2_no_load	3	4	0.595108765344	0.644204174791	3	1069	0	
364	0	153	step_1_no_load	1	2	1	241	
364	0	153	step_2_no_load	3	4	0.613336203392	0.681559292085	3	289	0	
364	0	154	step_1_no_load	1	2	1	228	
364	0	154	step_2_no_load	3	4	0.638934099562	0.671672162443	3	451	1	
364	0	155	step_1_no_load	1	2	1	224	
364	0	155	step_2_no_load	3	4	0.632486591889	0.716100930629	3	376	1	
364	0	156	step_1_no_load	1	2	1	195	
364	0	156	step_2_no_load	3	4	0.631048201903	0.734436160799	3	282	0	
364	0	157	step_1_no_load	1	2	1	230	
364	0	157	step_2_no_load	5	6	0.324728201487	0.350909357271	6	1020	1	
364	0	158	step_1_no_load	1	2	1	233	
364	0	158	step_2_no_load	3	4	0.532722108502	0.694270715354	3	791	1	
364	0	159	step_1_no_load	1	2	1	339	
364	0	159	step_2_no_load	3	4	0.541222065796	0.697903160072	3	458	0	
364	0	160	step_1_no_load	1	2	1	232	
364	0	160	step_2_no_load	3	4	0.521229931064	0.710728171711	3	334	0	
364	0	161	step_1_no_load	1	2	1	234	
364	0	161	step_2_no_load	5	6	0.438878285506	0.407025633682	6	1024	1	
364	0	162	step_1_no_load	1	2	2	638	
364	0	162	step_2_no_load	3	4	0.566496468084	0.695144769903	4	748	1	
364	0	163	step_1_no_load	1	2	2	226	
364	0	163	step_2_no_load	5	6	0.430920885959	0.395221309311	6	817	0	
364	0	164	step_1_no_load	1	2	2	209	
364	0	164	step_2_no_load	5	6	0.430844125626	0.432761720497	5	479	0	
364	0	165	step_1_no_load	1	2	2	69	
364	0	165	step_2_no_load	3	4	0.538026607649	0.717506143195	4	596	1	
364	0	166	step_1_no_load	1	2	2	217	
364	0	166	step_2_no_load	3	4	0.549095060025	0.686594248975	4	528	1	
364	0	167	step_1_no_load	1	2	2	253	
364	0	167	step_2_no_load	5	6	0.331115714939	0.38753671275	6	725	0	
364	0	168	step_1_no_load	1	2	2	0	
364	0	168	step_2_no_load	5	6	0.335777599654	0.400817642375	6	198	1	
364	0	169	step_1_no_load	1	2	2	354	
364	0	169	step_2_no_load	5	6	0.365156560071	0.42098542374	5	392	0	
364	0	170	step_1_no_load	1	2	2	277	
364	0	170	step_2_no_load	3	4	0.57151385403	0.67334314737	4	611	1	
364	0	171	step_1_no_load	1	2	2	241	
364	0	171	step_2_no_load	3	4	0.553314431843	0.727248140829	4	591	1	
364	0	172	step_1_no_load	1	2	2	227	
364	0	172	step_2_no_load	5	6	0.490120307546	0.363617002148	6	985	0	
364	0	173	step_1_no_load	1	2	1	210	
364	0	173	step_2_no_load	3	4	0.484428109849	0.667027212577	4	624	1	
364	0	174	step_1_no_load	1	2	1	236	
364	0	174	step_2_no_load	3	4	0.472729524832	0.729877433725	4	403	1	
364	0	175	step_1_no_load	1	2	1	266	
364	0	175	step_2_no_load	3	4	0.52644949356	0.693968268443	4	360	0	
364	0	176	step_1_no_load	1	2	1	205	
364	0	176	step_2_no_load	5	6	0.500856457218	0.383231572002	5	1051	0	
364	0	177	step_1_no_load	1	2	1	238	
364	0	177	step_2_no_load	5	6	0.4798184927	0.357425668099	6	581	1	
364	0	178	step_1_no_load	1	2	1	218	
364	0	178	step_2_no_load	3	4	0.493712351915	0.705993797498	4	537	0	
364	0	179	step_1_no_load	1	2	1	261	
364	0	179	step_2_no_load	3	4	0.457298770028	0.709345707515	4	259	1	
364	0	180	step_1_no_load	1	2	1	241	
364	0	180	step_2_no_load	5	6	0.489345734128	0.341214611607	6	784	1	
364	0	181	step_1_no_load	1	2	1	231	
364	0	181	step_2_no_load	3	4	0.508735114046	0.746910336326	4	533	0	
364	0	182	step_1_no_load	1	2	1	291	
364	0	182	step_2_no_load	5	6	0.49907747228	0.340533666308	5	713	1	
364	0	183	step_1_no_load	1	2	1	262	
364	0	183	step_2_no_load	3	4	0.502991759047	0.720388040749	4	624	1	
364	0	184	step_1_no_load	1	2	1	258	
364	0	184	step_2_no_load	3	4	0.460890977786	0.657291439324	4	472	1	
364	0	185	step_1_no_load	1	2	1	220	
364	0	185	step_2_no_load	5	6	0.482228039858	0.362611152222	5	403	0	
364	0	186	step_1_no_load	1	2	1	233	
364	0	186	step_2_no_load	3	4	0.46870859828	0.656308636836	4	463	0	
364	0	187	step_1_no_load	1	2	1	212	
364	0	187	step_2_no_load	3	4	0.443962917772	0.678211978625	3	354	1	
364	0	188	step_1_no_load	1	2	1	233	
364	0	188	step_2_no_load	3	4	0.471319680586	0.696362660087	3	536	0	
364	0	189	step_1_no_load	1	2	1	222	
364	0	189	step_2_no_load	5	6	0.534753756004	0.285168135955	6	957	1	
364	0	190	step_1_no_load	1	2	1	265	
364	0	190	step_2_no_load	5	6	0.505820429042	0.304557739386	6	864	0	
364	0	191	step_1_no_load	1	2	1	86	
364	0	191	step_2_no_load	3	4	0.435748387321	0.664271461991	4	557	1	
364	0	192	step_1_no_load	1	2	1	225	
364	0	192	step_2_no_load	3	4	0.450791310283	0.705517419189	4	535	1	
364	0	193	step_1_no_load	1	2	1	251	
364	0	193	step_2_no_load	5	6	0.504944704439	0.321008037746	6	882	1	
364	0	194	step_1_no_load	1	2	1	265	
364	0	194	step_2_no_load	3	4	0.433250459893	0.655261361454	4	448	1	
364	0	195	step_1_no_load	1	2	1	263	
364	0	195	step_2_no_load	3	4	0.466795336969	0.646280688878	4	446	1	
364	0	196	step_1_no_load	1	2	1	224	
364	0	196	step_2_no_load	3	4	0.421761207498	0.695101215304	4	590	1	
364	0	197	step_1_no_load	1	2	1	252	
364	0	197	step_2_no_load	3	4	0.422511153127	0.686552522522	4	450	0	
364	0	198	step_1_no_load	1	2	1	280	
364	0	198	step_2_no_load	3	4	0.397292432346	0.68660989813	4	423	1	
364	0	199	step_1_no_load	1	2	1	236	
364	0	199	step_2_no_load	3	4	0.39793773834	0.73697129762	4	403	1	
364	0	200	step_1_no_load	1	2	1	247	
364	0	200	step_2_no_load	3	4	0.372436949782	0.728996708473	4	342	0	

Wed Jun 30 16:25:24 2021
