Tue Jul 20 15:51:27 2021	
365	0	1	step_1_no_load	1	2	1	1049	
365	0	1	step_2_no_load	5	6	0.598297890399	0.594299910136	5	761	1	
365	0	2	step_1_no_load	1	2	1	407	
365	0	2	step_2_no_load	3	4	0.533203491871	0.474613197709	4	464	0	
365	0	3	step_1_no_load	1	2	1	263	
365	0	3	step_2_no_load	3	4	0.516002945397	0.476767372206	3	262	1	
365	0	4	step_1_no_load	1	2	1	6	
365	0	4	step_2_no_load	3	4	0.494597764192	0.478607661228	3	951	1	
365	0	5	step_1_no_load	1	2	1	283	
365	0	5	step_2_no_load	3	4	0.543908521457	0.495568760483	3	265	1	
365	0	6	step_1_no_load	1	2	1	175	
365	0	6	step_2_no_load	5	6	0.585722686883	0.603642866427	5	241	0	
365	0	7	step_1_no_load	1	2	1	218	
365	0	7	step_2_no_load	5	6	0.568656746487	0.622642364361	6	466	1	
365	0	8	step_1_no_load	1	2	1	237	
365	0	8	step_2_no_load	3	4	0.499203529332	0.489816616396	3	651	0	
365	0	9	step_1_no_load	1	2	1	120	
365	0	9	step_2_no_load	5	6	0.598049061473	0.641106877158	6	215	1	
365	0	10	step_1_no_load	1	2	2	237	
365	0	10	step_2_no_load	5	6	0.652626043146	0.636063269715	6	476	0	
365	0	11	step_1_no_load	1	2	1	257	
365	0	11	step_2_no_load	3	4	0.59022801242	0.477013315682	3	536	1	
365	0	12	step_1_no_load	1	2	1	262	
365	0	12	step_2_no_load	3	4	0.597131918027	0.48457206759	3	228	0	
365	0	13	step_1_no_load	1	2	1	303	
365	0	13	step_2_no_load	3	4	0.595790490356	0.52012981853	4	285	1	
365	0	14	step_1_no_load	1	2	1	114	
365	0	14	step_2_no_load	5	6	0.629137942344	0.545555696267	6	89	1	
365	0	15	step_1_no_load	1	2	1	0	
365	0	15	step_2_no_load	5	6	0.612260006668	0.570419113221	6	237	0	
365	0	16	step_1_no_load	1	2	1	426	
365	0	16	step_2_no_load	3	4	0.626326396372	0.510958036527	3	200	1	
365	0	17	step_1_no_load	1	2	1	294	
365	0	17	step_2_no_load	3	4	0.643116883134	0.535958400205	3	228	1	
365	0	18	step_1_no_load	1	2	1	3	
365	0	18	step_2_no_load	3	4	0.626895526976	0.517514133912	3	522	1	
365	0	19	step_1_no_load	1	2	1	190	
365	0	19	step_2_no_load	3	4	0.644773170243	0.498240186199	3	20	0	
365	0	20	step_1_no_load	1	2	1	265	
365	0	20	step_2_no_load	3	4	0.60665343963	0.478025448397	3	455	0	
365	0	21	step_1_no_load	1	2	1	212	
365	0	21	step_2_no_load	3	4	0.611328949295	0.49769376036	4	340	1	
365	0	22	step_1_no_load	1	2	1	233	
365	0	22	step_2_no_load	3	4	0.618527126547	0.506100011497	4	327	1	
365	0	23	step_1_no_load	1	2	1	253	
365	0	23	step_2_no_load	3	4	0.604065470975	0.520606588181	4	252	1	
365	0	24	step_1_no_load	1	2	1	347	
365	0	24	step_2_no_load	5	6	0.582115115688	0.503316199018	6	501	0	
365	0	25	step_1_no_load	1	2	1	264	
365	0	25	step_2_no_load	3	4	0.629917901014	0.503316372362	3	319	1	
365	0	26	step_1_no_load	1	2	1	477	
365	0	26	step_2_no_load	3	4	0.640635035276	0.511744353778	3	244	1	
365	0	27	step_1_no_load	1	2	1	281	
365	0	27	step_2_no_load	3	4	0.642144756622	0.507272671939	3	96	1	
365	0	28	step_1_no_load	1	2	1	347	
365	0	28	step_2_no_load	3	4	0.647441527317	0.520177259699	3	418	0	
365	0	29	step_1_no_load	1	2	1	246	
365	0	29	step_2_no_load	3	4	0.618626354124	0.521159009103	4	228	0	
365	0	30	step_1_no_load	1	2	1	5	
365	0	30	step_2_no_load	3	4	0.610227092493	0.4919199548	3	424	1	
365	0	31	step_1_no_load	1	2	1	292	
365	0	31	step_2_no_load	3	4	0.606122691795	0.483156722265	3	330	0	
365	0	32	step_1_no_load	1	2	2	382	
365	0	32	step_2_no_load	3	4	0.605616211083	0.520318771114	4	252	0	
365	0	33	step_1_no_load	1	2	1	243	
365	0	33	step_2_no_load	3	4	0.618000238621	0.487664344039	3	267	0	
365	0	34	step_1_no_load	1	2	2	248	
365	0	34	step_2_no_load	5	6	0.575802910074	0.538523758058	5	254	1	
365	0	35	step_1_no_load	1	2	2	227	
365	0	35	step_2_no_load	3	4	0.649776015006	0.491437207585	3	218	1	
365	0	36	step_1_no_load	1	2	2	126	
365	0	36	step_2_no_load	5	6	0.527635087561	0.611274573488	5	315	0	
365	0	37	step_1_no_load	1	2	2	2	
365	0	37	step_2_no_load	5	6	0.513822304161	0.598446394142	6	280	1	
365	0	38	step_1_no_load	1	2	2	213	
365	0	38	step_2_no_load	5	6	0.539078491643	0.595113730206	6	435	1	
365	0	39	step_1_no_load	1	2	2	290	
365	0	39	step_2_no_load	3	4	0.634483337633	0.578640235206	4	304	1	
365	0	40	step_1_no_load	1	2	2	189	
365	0	40	step_2_no_load	5	6	0.580760785074	0.607992802154	6	268	1	
365	0	41	step_1_no_load	1	2	2	11	
365	0	41	step_2_no_load	3	4	0.633285941184	0.583829055298	4	323	1	
365	0	42	step_1_no_load	1	2	2	280	
365	0	42	step_2_no_load	5	6	0.533857158543	0.609164606591	6	39	1	
365	0	43	step_1_no_load	1	2	2	268	
365	0	43	step_2_no_load	5	6	0.553703096215	0.612705031264	6	315	1	
365	0	44	step_1_no_load	1	2	2	143	
365	0	44	step_2_no_load	5	6	0.541854396676	0.611481438855	6	526	1	
365	0	45	step_1_no_load	1	2	2	227	
365	0	45	step_2_no_load	5	6	0.579346234508	0.632991467829	6	362	1	
365	0	46	step_1_no_load	1	2	2	223	
365	0	46	step_2_no_load	3	4	0.654261318712	0.532238720495	4	262	1	
365	0	47	step_1_no_load	1	2	2	234	
365	0	47	step_2_no_load	3	4	0.634373567175	0.493112702321	4	89	1	
365	0	48	step_1_no_load	1	2	2	205	
365	0	48	step_2_no_load	5	6	0.534690828011	0.615767119776	6	179	0	
365	0	49	step_1_no_load	1	2	2	0	
365	0	49	step_2_no_load	5	6	0.512405963374	0.610193185592	5	389	1	
365	0	50	step_1_no_load	1	2	2	259	
365	0	50	step_2_no_load	5	6	0.481616544184	0.606862017918	5	474	1	
365	0	51	step_1_no_load	1	2	2	287	
365	0	51	step_2_no_load	5	6	0.508197321577	0.564866799699	5	318	0	
365	0	52	step_1_no_load	1	2	2	131	
365	0	52	step_2_no_load	5	6	0.513589895419	0.539065404057	6	233	1	
365	0	53	step_1_no_load	1	2	2	279	
365	0	53	step_2_no_load	3	4	0.630956764252	0.451905460347	4	317	0	
365	0	54	step_1_no_load	1	2	2	0	
365	0	54	step_2_no_load	5	6	0.493362545513	0.570223904064	5	225	1	
365	0	55	step_1_no_load	1	2	2	238	
365	0	55	step_2_no_load	3	4	0.639840796975	0.487025527704	3	0	0	
365	0	56	step_1_no_load	1	2	2	145	
365	0	56	step_2_no_load	5	6	0.538512915562	0.601856598146	6	376	1	
365	0	57	step_1_no_load	1	2	2	12	
365	0	57	step_2_no_load	5	6	0.516475618243	0.641849303307	6	467	1	
365	0	58	step_1_no_load	1	2	2	383	
365	0	58	step_2_no_load	3	4	0.610896130115	0.478335218822	4	71	0	
365	0	59	step_1_no_load	1	2	2	195	
365	0	59	step_2_no_load	5	6	0.537400760025	0.632500293208	5	393	1	
365	0	60	step_1_no_load	1	2	2	396	
365	0	60	step_2_no_load	5	6	0.479287247283	0.623687406259	5	474	1	
365	0	61	step_1_no_load	1	2	2	230	
365	0	61	step_2_no_load	3	4	0.602879526975	0.464268875813	3	109	0	
365	0	62	step_1_no_load	1	2	2	249	
365	0	62	step_2_no_load	5	6	0.533031417444	0.691137204746	6	47	1	
365	0	63	step_1_no_load	1	2	2	1	
365	0	63	step_2_no_load	5	6	0.519445130796	0.664284493458	6	489	1	
365	0	64	step_1_no_load	1	2	2	331	
365	0	64	step_2_no_load	5	6	0.533849886794	0.642369708469	6	178	0	
365	0	65	step_1_no_load	1	2	2	285	
365	0	65	step_2_no_load	5	6	0.517687993213	0.612660225018	5	268	0	
365	0	66	step_1_no_load	1	2	2	6	
365	0	66	step_2_no_load	5	6	0.555324764318	0.606938648072	6	376	0	
365	0	67	step_1_no_load	1	2	1	419	
365	0	67	step_2_no_load	3	4	0.674463681351	0.542076810516	3	435	1	
365	0	68	step_1_no_load	1	2	1	703	
365	0	68	step_2_no_load	3	4	0.719455209845	0.509127161919	3	487	0	
365	0	69	step_1_no_load	1	2	1	267	
365	0	69	step_2_no_load	3	4	0.718756538957	0.499137600991	4	345	0	
365	0	70	step_1_no_load	1	2	2	284	
365	0	70	step_2_no_load	5	6	0.548075770764	0.637556284465	5	260	1	
365	0	71	step_1_no_load	1	2	2	239	
365	0	71	step_2_no_load	3	4	0.706816191949	0.482863323776	3	230	1	
365	0	72	step_1_no_load	1	2	2	235	
365	0	72	step_2_no_load	5	6	0.556486305476	0.626024641967	5	280	0	
365	0	73	step_1_no_load	1	2	2	254	
365	0	73	step_2_no_load	5	6	0.50185699984	0.657126403029	6	711	1	
365	0	74	step_1_no_load	1	2	2	268	
365	0	74	step_2_no_load	3	4	0.693624670847	0.453420386428	4	242	0	
365	0	75	step_1_no_load	1	2	2	221	
365	0	75	step_2_no_load	5	6	0.483983914712	0.615552849174	6	610	1	
365	0	76	step_1_no_load	1	2	2	54	
365	0	76	step_2_no_load	3	4	0.690117652944	0.488583631821	3	580	0	
365	0	77	step_1_no_load	1	2	2	149	
365	0	77	step_2_no_load	5	6	0.538119616568	0.564257587118	6	244	0	
365	0	78	step_1_no_load	1	2	2	118	
365	0	78	step_2_no_load	5	6	0.538654072849	0.536711448352	6	557	0	
365	0	79	step_1_no_load	1	2	2	215	
365	0	79	step_2_no_load	5	6	0.540085062695	0.513695512795	5	391	0	
365	0	80	step_1_no_load	1	2	2	7	
365	0	80	step_2_no_load	3	4	0.703969305517	0.396016175285	4	294	0	
365	0	81	step_1_no_load	1	2	1	218	
365	0	81	step_2_no_load	5	6	0.494116554432	0.529745690463	5	312	1	
365	0	82	step_1_no_load	1	2	1	244	
365	0	82	step_2_no_load	5	6	0.482727017837	0.564729328387	5	266	0	
365	0	83	step_1_no_load	1	2	1	277	
365	0	83	step_2_no_load	5	6	0.483255412498	0.607907985871	5	12	1	
365	0	84	step_1_no_load	1	2	1	270	
365	0	84	step_2_no_load	5	6	0.505586222209	0.65843840156	5	228	1	
365	0	85	step_1_no_load	1	2	1	509	
365	0	85	step_2_no_load	3	4	0.712989604416	0.384458259121	3	379	1	
365	0	86	step_1_no_load	1	2	1	255	
365	0	86	step_2_no_load	3	4	0.721207648497	0.345323068124	3	261	0	
365	0	87	step_1_no_load	1	2	2	112	
365	0	87	step_2_no_load	5	6	0.493867001103	0.719375344246	5	286	0	
365	0	88	step_1_no_load	1	2	1	478	
365	0	88	step_2_no_load	3	4	0.696773608304	0.377947492322	4	109	1	
365	0	89	step_1_no_load	1	2	1	210	
365	0	89	step_2_no_load	5	6	0.490019385174	0.690772436485	6	401	0	
365	0	90	step_1_no_load	1	2	1	0	
365	0	90	step_2_no_load	3	4	0.688736868033	0.411459496853	3	199	1	
365	0	91	step_1_no_load	1	2	1	531	
365	0	91	step_2_no_load	3	4	0.657820521772	0.43534164751	3	258	1	
365	0	92	step_1_no_load	1	2	1	237	
365	0	92	step_2_no_load	5	6	0.484260039873	0.692406274724	5	254	1	
365	0	93	step_1_no_load	1	2	1	259	
365	0	93	step_2_no_load	3	4	0.662863370634	0.439878153082	3	466	1	
365	0	94	step_1_no_load	1	2	1	140	
365	0	94	step_2_no_load	5	6	0.468637558205	0.719464414227	5	219	0	
365	0	95	step_1_no_load	1	2	1	337	
365	0	95	step_2_no_load	5	6	0.42505578884	0.715495469274	5	280	0	
365	0	96	step_1_no_load	1	2	1	259	
365	0	96	step_2_no_load	5	6	0.437558890646	0.693739812506	5	970	0	
365	0	97	step_1_no_load	1	2	2	255	
365	0	97	step_2_no_load	5	6	0.455601814112	0.681272614291	5	269	1	
365	0	98	step_1_no_load	1	2	2	243	
365	0	98	step_2_no_load	5	6	0.431479829356	0.70287861952	5	362	1	
365	0	99	step_1_no_load	1	2	1	311	
365	0	99	step_2_no_load	3	4	0.645191748454	0.397561363605	3	678	0	
365	0	100	step_1_no_load	1	2	2	0	
365	0	100	step_2_no_load	3	4	0.66579920021	0.4333505304	4	1417	0	
365	0	101	step_1_no_load	1	2	2	213	
365	0	101	step_2_no_load	3	4	0.655903528958	0.497432607584	3	363	0	
365	0	102	step_1_no_load	1	2	1	489	
365	0	102	step_2_no_load	3	4	0.663124617603	0.494584754513	3	521	0	
365	0	103	step_1_no_load	1	2	2	406	
365	0	103	step_2_no_load	3	4	0.69058998368	0.481975449893	3	781	0	
365	0	104	step_1_no_load	1	2	2	152	
365	0	104	step_2_no_load	3	4	0.743372642809	0.521047445908	4	542	1	
365	0	105	step_1_no_load	1	2	2	0	
365	0	105	step_2_no_load	5	6	0.352639603242	0.689135357059	5	818	0	
365	0	106	step_1_no_load	1	2	2	0	
365	0	106	step_2_no_load	5	6	0.374131494222	0.712883638252	6	293	1	
365	0	107	step_1_no_load	1	2	2	10	
365	0	107	step_2_no_load	3	4	0.677514185929	0.565220528809	4	64	1	
365	0	108	step_1_no_load	1	2	2	797	
365	0	108	step_2_no_load	5	6	0.388185708856	0.695928523711	6	411	1	
365	0	109	step_1_no_load	1	2	2	665	
365	0	109	step_2_no_load	3	4	0.68658494263	0.479977531501	4	367	0	
365	0	110	step_1_no_load	1	2	2	206	
365	0	110	step_2_no_load	5	6	0.395544455384	0.729599891941	6	371	0	
365	0	111	step_1_no_load	1	2	2	1	
365	0	111	step_2_no_load	3	4	0.634599547742	0.384948378665	4	331	1	
365	0	112	step_1_no_load	1	2	2	112	
365	0	112	step_2_no_load	5	6	0.413393106784	0.725701866094	6	415	1	
365	0	113	step_1_no_load	1	2	2	250	
365	0	113	step_2_no_load	5	6	0.387112818105	0.719324307956	6	114	1	
365	0	114	step_1_no_load	1	2	2	390	
365	0	114	step_2_no_load	3	4	0.657654904272	0.380324086676	4	598	1	
365	0	115	step_1_no_load	1	2	2	1	
365	0	115	step_2_no_load	5	6	0.357661171116	0.739704344621	6	232	1	
365	0	116	step_1_no_load	1	2	2	158	
365	0	116	step_2_no_load	3	4	0.680124293449	0.378149844807	4	404	0	
365	0	117	step_1_no_load	1	2	2	304	
365	0	117	step_2_no_load	5	6	0.363056877927	0.747012267642	5	304	1	
365	0	118	step_1_no_load	1	2	2	131	
365	0	118	step_2_no_load	5	6	0.362977115924	0.740051715856	5	640	1	
365	0	119	step_1_no_load	1	2	2	271	
365	0	119	step_2_no_load	3	4	0.661177321751	0.357515098446	3	101	1	
365	0	120	step_1_no_load	1	2	2	0	
365	0	120	step_2_no_load	5	6	0.333809617664	0.70587238626	5	570	1	
365	0	121	step_1_no_load	1	2	2	198	
365	0	121	step_2_no_load	3	4	0.671052306195	0.352721767208	3	277	0	
365	0	122	step_1_no_load	1	2	2	5	
365	0	122	step_2_no_load	5	6	0.266650857402	0.6136886145	6	380	1	
365	0	123	step_1_no_load	1	2	2	80	
365	0	123	step_2_no_load	3	4	0.664849878232	0.337526896345	4	390	0	
365	0	124	step_1_no_load	1	2	2	6	
365	0	124	step_2_no_load	5	6	0.26095206597	0.603013298253	5	424	0	
365	0	125	step_1_no_load	1	2	2	237	
365	0	125	step_2_no_load	5	6	0.290374841566	0.559596800931	6	251	1	
365	0	126	step_1_no_load	1	2	2	331	
365	0	126	step_2_no_load	3	4	0.600985760967	0.300846667696	4	339	1	
365	0	127	step_1_no_load	1	2	2	206	
365	0	127	step_2_no_load	5	6	0.273483952592	0.560824094575	6	20	0	
365	0	128	step_1_no_load	1	2	2	145	
365	0	128	step_2_no_load	5	6	0.260252451606	0.636905534066	6	391	0	
365	0	129	step_1_no_load	1	2	1	372	
365	0	129	step_2_no_load	3	4	0.632682846317	0.271709703542	4	36	1	
365	0	130	step_1_no_load	1	2	1	0	
365	0	130	step_2_no_load	3	4	0.630285316669	0.274560758494	4	263	0	
365	0	131	step_1_no_load	1	2	1	283	
365	0	131	step_2_no_load	5	6	0.281500842289	0.678044920845	5	305	0	
365	0	132	step_1_no_load	1	2	2	189	
365	0	132	step_2_no_load	5	6	0.27986961048	0.668578020634	5	283	0	
365	0	133	step_1_no_load	1	2	2	252	
365	0	133	step_2_no_load	5	6	0.315608831386	0.617383991623	5	187	0	
365	0	134	step_1_no_load	1	2	2	0	
365	0	134	step_2_no_load	5	6	0.287393715313	0.621945110858	6	430	1	
365	0	135	step_1_no_load	1	2	2	513	
365	0	135	step_2_no_load	3	4	0.700779221781	0.287118934166	3	736	1	
365	0	136	step_1_no_load	1	2	2	272	
365	0	136	step_2_no_load	5	6	0.307766925452	0.597814413435	5	303	0	
365	0	137	step_1_no_load	1	2	1	259	
365	0	137	step_2_no_load	3	4	0.668540846495	0.325016613024	4	418	0	
365	0	138	step_1_no_load	1	2	1	288	
365	0	138	step_2_no_load	3	4	0.688182193337	0.307694123906	3	391	1	
365	0	139	step_1_no_load	1	2	1	12	
365	0	139	step_2_no_load	3	4	0.696355985729	0.323660750961	3	442	0	
365	0	140	step_1_no_load	1	2	1	207	
365	0	140	step_2_no_load	3	4	0.637682840728	0.328174526491	3	424	0	
365	0	141	step_1_no_load	1	2	2	6	
365	0	141	step_2_no_load	3	4	0.616803346728	0.311809871418	3	466	1	
365	0	142	step_1_no_load	1	2	2	605	
365	0	142	step_2_no_load	5	6	0.397052682821	0.690276058009	5	244	1	
365	0	143	step_1_no_load	1	2	2	225	
365	0	143	step_2_no_load	3	4	0.610219102298	0.313516825296	3	353	1	
365	0	144	step_1_no_load	1	2	2	109	
365	0	144	step_2_no_load	5	6	0.389234194056	0.626443722248	5	12	1	
365	0	145	step_1_no_load	1	2	2	0	
365	0	145	step_2_no_load	3	4	0.606515632748	0.266265924094	3	520	0	
365	0	146	step_1_no_load	1	2	1	751	
365	0	146	step_2_no_load	3	4	0.593778463268	0.257861956214	4	325	0	
365	0	147	step_1_no_load	1	2	1	465	
365	0	147	step_2_no_load	5	6	0.352879785946	0.647798886916	6	1233	0	
365	0	148	step_1_no_load	1	2	1	230	
365	0	148	step_2_no_load	3	4	0.648050021239	0.305288021243	3	229	1	
365	0	149	step_1_no_load	1	2	1	273	
365	0	149	step_2_no_load	5	6	0.300290206122	0.601870110183	5	248	0	
365	0	150	step_1_no_load	1	2	1	606	
365	0	150	step_2_no_load	3	4	0.605912419156	0.305587692243	4	263	1	
365	0	151	step_1_no_load	1	2	1	220	
365	0	151	step_2_no_load	3	4	0.614159737668	0.348172164421	4	234	1	
365	0	152	step_1_no_load	1	2	1	33	
365	0	152	step_2_no_load	3	4	0.644204174791	0.307702500543	3	552	1	
365	0	153	step_1_no_load	1	2	2	220	
365	0	153	step_2_no_load	5	6	0.343622632154	0.613336203392	5	261	0	
365	0	154	step_1_no_load	1	2	2	215	
365	0	154	step_2_no_load	5	6	0.348349389262	0.638934099562	6	302	1	
365	0	155	step_1_no_load	1	2	2	227	
365	0	155	step_2_no_load	5	6	0.372188990474	0.632486591889	6	315	0	
365	0	156	step_1_no_load	1	2	1	135	
365	0	156	step_2_no_load	5	6	0.368378667812	0.631048201903	5	558	0	
365	0	157	step_1_no_load	1	2	2	354	
365	0	157	step_2_no_load	3	4	0.720725456325	0.350909357271	4	448	0	
365	0	158	step_1_no_load	1	2	1	341	
365	0	158	step_2_no_load	3	4	0.694270715354	0.408728803896	3	251	0	
365	0	159	step_1_no_load	1	2	2	6	
365	0	159	step_2_no_load	5	6	0.321150411254	0.541222065796	5	286	0	
365	0	160	step_1_no_load	1	2	2	259	
365	0	160	step_2_no_load	5	6	0.355992626298	0.521229931064	6	306	1	
365	0	161	step_1_no_load	1	2	2	175	
365	0	161	step_2_no_load	5	6	0.438878285506	0.516036498158	6	445	1	
365	0	162	step_1_no_load	1	2	2	1	
365	0	162	step_2_no_load	5	6	0.455329532209	0.566496468084	6	32	0	
365	0	163	step_1_no_load	1	2	1	29	
365	0	163	step_2_no_load	5	6	0.430920885959	0.5863391277	5	363	0	
365	0	164	step_1_no_load	1	2	1	696	
365	0	164	step_2_no_load	5	6	0.430844125626	0.585961845322	6	206	0	
365	0	165	step_1_no_load	1	2	1	275	
365	0	165	step_2_no_load	3	4	0.717506143195	0.463777557969	3	274	0	
365	0	166	step_1_no_load	1	2	2	0	
365	0	166	step_2_no_load	5	6	0.356317216644	0.549095060025	6	182	0	
365	0	167	step_1_no_load	1	2	2	1	
365	0	167	step_2_no_load	5	6	0.331115714939	0.585131062446	5	178	0	
365	0	168	step_1_no_load	1	2	2	6	
365	0	168	step_2_no_load	5	6	0.335777599654	0.613361520676	6	640	0	
365	0	169	step_1_no_load	1	2	1	156	
365	0	169	step_2_no_load	3	4	0.704981910944	0.42098542374	3	291	1	
365	0	170	step_1_no_load	1	2	2	224	
365	0	170	step_2_no_load	5	6	0.364989630435	0.57151385403	5	311	1	
365	0	171	step_1_no_load	1	2	2	411	
365	0	171	step_2_no_load	5	6	0.425122034074	0.553314431843	5	153	0	
365	0	172	step_1_no_load	1	2	1	224	
365	0	172	step_2_no_load	5	6	0.490120307546	0.519090471457	6	198	1	
365	0	173	step_1_no_load	1	2	2	1	
365	0	173	step_2_no_load	5	6	0.462866379815	0.484428109849	6	297	0	
365	0	174	step_1_no_load	1	2	2	21	
365	0	174	step_2_no_load	3	4	0.729877433725	0.387867297446	4	211	0	
365	0	175	step_1_no_load	1	2	2	409	
365	0	175	step_2_no_load	5	6	0.484825491933	0.52644949356	6	256	0	
365	0	176	step_1_no_load	1	2	2	271	
365	0	176	step_2_no_load	5	6	0.500856457218	0.474046874473	6	245	0	
365	0	177	step_1_no_load	1	2	2	690	
365	0	177	step_2_no_load	5	6	0.4798184927	0.501268576771	5	295	0	
365	0	178	step_1_no_load	1	2	2	6	
365	0	178	step_2_no_load	5	6	0.49020858644	0.493712351915	6	283	1	
365	0	179	step_1_no_load	1	2	2	0	
365	0	179	step_2_no_load	5	6	0.493565996034	0.457298770028	6	350	0	
365	0	180	step_1_no_load	1	2	1	1	
365	0	180	step_2_no_load	3	4	0.719795072986	0.341214611607	3	236	1	
365	0	181	step_1_no_load	1	2	1	395	
365	0	181	step_2_no_load	3	4	0.746910336326	0.342402764747	3	250	1	
365	0	182	step_1_no_load	1	2	1	71	
365	0	182	step_2_no_load	3	4	0.72717560423	0.340533666308	3	399	1	
365	0	183	step_1_no_load	1	2	1	225	
365	0	183	step_2_no_load	3	4	0.720388040749	0.350175837802	3	246	1	
365	0	184	step_1_no_load	1	2	1	428	
365	0	184	step_2_no_load	5	6	0.480863422096	0.460890977786	5	226	0	
365	0	185	step_1_no_load	1	2	1	338	
365	0	185	step_2_no_load	3	4	0.665622647081	0.362611152222	3	225	1	
365	0	186	step_1_no_load	1	2	1	1108	
365	0	186	step_2_no_load	3	4	0.656308636836	0.332733011923	3	324	1	
365	0	187	step_1_no_load	1	2	1	417	
365	0	187	step_2_no_load	3	4	0.678211978625	0.328890769988	3	344	0	
365	0	188	step_1_no_load	1	2	1	387	
365	0	188	step_2_no_load	3	4	0.696362660087	0.291508050861	3	425	0	
365	0	189	step_1_no_load	1	2	1	0	
365	0	189	step_2_no_load	3	4	0.688353284054	0.285168135955	3	348	1	
365	0	190	step_1_no_load	1	2	1	122	
365	0	190	step_2_no_load	5	6	0.505820429042	0.433568856946	5	153	1	
365	0	191	step_1_no_load	1	2	1	472	
365	0	191	step_2_no_load	3	4	0.664271461991	0.318839908867	3	54	0	
365	0	192	step_1_no_load	1	2	1	290	
365	0	192	step_2_no_load	3	4	0.705517419189	0.299297135717	3	296	1	
365	0	193	step_1_no_load	1	2	1	0	
365	0	193	step_2_no_load	3	4	0.679792491164	0.321008037746	3	357	1	
365	0	194	step_1_no_load	1	2	1	345	
365	0	194	step_2_no_load	3	4	0.655261361454	0.342437174514	3	311	1	
365	0	195	step_1_no_load	1	2	1	140	
365	0	195	step_2_no_load	3	4	0.646280688878	0.348571348505	3	102	1	
365	0	196	step_1_no_load	1	2	1	242	
365	0	196	step_2_no_load	3	4	0.695101215304	0.365373286058	3	360	0	
365	0	197	step_1_no_load	1	2	1	227	
365	0	197	step_2_no_load	3	4	0.686552522522	0.316987700969	3	289	1	
365	0	198	step_1_no_load	1	2	1	247	
365	0	198	step_2_no_load	5	6	0.485065498391	0.397292432346	5	270	0	
365	0	199	step_1_no_load	1	2	1	1	
365	0	199	step_2_no_load	5	6	0.529438031858	0.39793773834	5	14	0	
365	0	200	step_1_no_load	1	2	1	364	
365	0	200	step_2_no_load	3	4	0.728996708473	0.299128796668	4	338	1	

Tue Jul 20 16:09:02 2021
