Thu Sep  9 15:07:33 2021	
366	0	1	step_1_no_load	1	2	1	567	
366	0	1	step_2_no_load	3	4	0.598297890399	0.594299910136	-1	-1	-1	
366	0	2	step_1_no_load	1	2	1	424	
366	0	2	step_2_no_load	3	4	0.580156942153	0.610961032466	3	318	1	
366	0	3	step_1_no_load	1	2	1	37	
366	0	3	step_2_no_load	3	4	0.584197065669	0.589215227351	3	284	0	
366	0	4	step_1_no_load	1	2	2	298	
366	0	4	step_2_no_load	5	6	0.494597764192	0.478607661228	6	475	1	
366	0	5	step_1_no_load	1	2	2	221	
366	0	5	step_2_no_load	5	6	0.543908521457	0.495568760483	6	403	0	
366	0	6	step_1_no_load	1	2	2	343	
366	0	6	step_2_no_load	5	6	0.490454120702	0.506877622204	5	438	1	
366	0	7	step_1_no_load	1	2	2	314	
366	0	7	step_2_no_load	5	6	0.506408070053	0.500071913476	5	452	0	
366	0	8	step_1_no_load	1	2	1	890	
366	0	8	step_2_no_load	5	6	0.499203529332	0.489816616396	5	1042	0	
366	0	9	step_1_no_load	1	2	1	285	
366	0	9	step_2_no_load	5	6	0.54429228266	0.496546708465	5	607	1	
366	0	10	step_1_no_load	1	2	1	436	
366	0	10	step_2_no_load	3	4	0.652626043146	0.636063269715	3	843	0	
366	0	11	step_1_no_load	1	2	1	815	
366	0	11	step_2_no_load	3	4	0.69163818036	0.609191465743	3	1085	1	
366	0	12	step_1_no_load	1	2	1	401	
366	0	12	step_2_no_load	3	4	0.682786328054	0.552770607849	3	671	0	
366	0	13	step_1_no_load	1	2	1	676	
366	0	13	step_2_no_load	3	4	0.653587098421	0.558313135925	4	922	1	
366	0	14	step_1_no_load	1	2	1	326	
366	0	14	step_2_no_load	5	6	0.611256675753	0.491234392147	5	1195	1	
366	0	15	step_1_no_load	1	2	1	361	
366	0	15	step_2_no_load	3	4	0.612260006668	0.570419113221	3	830	1	
366	0	16	step_1_no_load	1	2	1	315	
366	0	16	step_2_no_load	3	4	0.628091198119	0.553308964466	3	530	1	
366	0	17	step_1_no_load	1	2	1	496	
366	0	17	step_2_no_load	5	6	0.643116883134	0.535958400205	-1	-1	-1	
366	0	18	step_1_no_load	1	2	1	563	
366	0	18	step_2_no_load	3	4	0.626834332012	0.553554620302	3	377	0	
366	0	19	step_1_no_load	1	2	1	263	
366	0	19	step_2_no_load	3	4	0.619895761657	0.536502319591	3	326	1	
366	0	20	step_1_no_load	1	2	1	269	
366	0	20	step_2_no_load	3	4	0.636521555122	0.491720931314	3	370	0	
366	0	21	step_1_no_load	1	2	2	878	
366	0	21	step_2_no_load	5	6	0.611328949295	0.49769376036	6	621	0	
366	0	22	step_1_no_load	1	2	2	307	
366	0	22	step_2_no_load	5	6	0.618527126547	0.506100011497	5	287	1	
366	0	23	step_1_no_load	1	2	2	236	
366	0	23	step_2_no_load	5	6	0.604065470975	0.520606588181	5	427	0	
366	0	24	step_1_no_load	1	2	2	520	
366	0	24	step_2_no_load	5	6	0.5800912085	0.505388876622	5	360	1	
366	0	25	step_1_no_load	1	2	2	317	
366	0	25	step_2_no_load	5	6	0.629917901014	0.503316372362	5	268	0	
366	0	26	step_1_no_load	1	2	2	761	
366	0	26	step_2_no_load	5	6	0.640635035276	0.511744353778	6	503	1	
366	0	27	step_1_no_load	1	2	2	363	
366	0	27	step_2_no_load	3	4	0.57860777711	0.54756089792	4	297	1	
366	0	28	step_1_no_load	1	2	1	304	
366	0	28	step_2_no_load	3	4	0.588356036098	0.553259388875	4	566	1	
366	0	29	step_1_no_load	1	2	1	299	
366	0	29	step_2_no_load	5	6	0.618626354124	0.521159009103	6	379	0	
366	0	30	step_1_no_load	1	2	1	274	
366	0	30	step_2_no_load	5	6	0.610227092493	0.4919199548	5	1081	1	
366	0	31	step_1_no_load	1	2	1	341	
366	0	31	step_2_no_load	5	6	0.606122691795	0.483156722265	5	1092	1	
366	0	32	step_1_no_load	1	2	2	240	
366	0	32	step_2_no_load	5	6	0.605616211083	0.520318771114	5	423	0	
366	0	33	step_1_no_load	1	2	1	250	
366	0	33	step_2_no_load	5	6	0.618000238621	0.487664344039	5	617	1	
366	0	34	step_1_no_load	1	2	1	344	
366	0	34	step_2_no_load	3	4	0.575802910074	0.538523758058	4	919	0	
366	0	35	step_1_no_load	1	2	1	379	
366	0	35	step_2_no_load	3	4	0.566827313385	0.594167768198	3	513	1	
366	0	36	step_1_no_load	1	2	1	367	
366	0	36	step_2_no_load	3	4	0.527635087561	0.611274573488	3	701	0	
366	0	37	step_1_no_load	1	2	1	346	
366	0	37	step_2_no_load	3	4	0.513822304161	0.598446394142	3	473	1	
366	0	38	step_1_no_load	1	2	1	278	
366	0	38	step_2_no_load	3	4	0.539078491643	0.595113730206	3	711	1	
366	0	39	step_1_no_load	1	2	1	309	
366	0	39	step_2_no_load	3	4	0.557005857101	0.610601635554	3	435	0	
366	0	40	step_1_no_load	1	2	1	383	
366	0	40	step_2_no_load	3	4	0.580760785074	0.607992802154	4	565	0	
366	0	41	step_1_no_load	1	2	2	306	
366	0	41	step_2_no_load	5	6	0.633285941184	0.583829055298	5	376	1	
366	0	42	step_1_no_load	1	2	2	302	
366	0	42	step_2_no_load	3	4	0.533857158543	0.609164606591	3	388	1	
366	0	43	step_1_no_load	1	2	2	425	
366	0	43	step_2_no_load	5	6	0.581931546759	0.548128010644	5	360	1	
366	0	44	step_1_no_load	1	2	2	356	
366	0	44	step_2_no_load	5	6	0.589653131867	0.537842745081	5	426	1	
366	0	45	step_1_no_load	1	2	2	263	
366	0	45	step_2_no_load	3	4	0.579346234508	0.632991467829	3	389	1	
366	0	46	step_1_no_load	1	2	2	358	
366	0	46	step_2_no_load	5	6	0.654261318712	0.532238720495	5	326	1	
366	0	47	step_1_no_load	1	2	2	777	
366	0	47	step_2_no_load	3	4	0.546259467838	0.598724660986	3	1023	1	
366	0	48	step_1_no_load	1	2	2	706	
366	0	48	step_2_no_load	5	6	0.657624935632	0.488280685105	5	801	1	
366	0	49	step_1_no_load	1	2	2	798	
366	0	49	step_2_no_load	5	6	0.614679490594	0.489287375157	5	508	1	
366	0	50	step_1_no_load	1	2	2	385	
366	0	50	step_2_no_load	3	4	0.481616544184	0.606862017918	3	345	1	
366	0	51	step_1_no_load	1	2	2	303	
366	0	51	step_2_no_load	5	6	0.613357430892	0.469943944943	5	406	1	
366	0	52	step_1_no_load	1	2	2	331	
366	0	52	step_2_no_load	5	6	0.613408921915	0.429622901875	5	305	1	
366	0	53	step_1_no_load	1	2	2	544	
366	0	53	step_2_no_load	5	6	0.630956764252	0.451905460347	5	446	0	
366	0	54	step_1_no_load	1	2	2	291	
366	0	54	step_2_no_load	5	6	0.652515308527	0.491512498697	5	946	0	
366	0	55	step_1_no_load	1	2	2	353	
366	0	55	step_2_no_load	5	6	0.639840796975	0.487025527704	6	335	1	
366	0	56	step_1_no_load	1	2	2	251	
366	0	56	step_2_no_load	5	6	0.60038825769	0.459773408493	6	379	0	
366	0	57	step_1_no_load	1	2	1	311	
366	0	57	step_2_no_load	3	4	0.516475618243	0.641849303307	3	353	0	
366	0	58	step_1_no_load	1	2	1	300	
366	0	58	step_2_no_load	3	4	0.528376440027	0.664682809182	4	348	0	
366	0	59	step_1_no_load	1	2	2	351	
366	0	59	step_2_no_load	5	6	0.608951267756	0.480274332693	5	335	1	
366	0	60	step_1_no_load	1	2	2	282	
366	0	60	step_2_no_load	5	6	0.599559577859	0.491916707098	5	434	1	
366	0	61	step_1_no_load	1	2	2	317	
366	0	61	step_2_no_load	3	4	0.527144452559	0.669587072502	3	292	1	
366	0	62	step_1_no_load	1	2	2	219	
366	0	62	step_2_no_load	5	6	0.622820395113	0.50724109756	5	281	0	
366	0	63	step_1_no_load	1	2	1	196	
366	0	63	step_2_no_load	3	4	0.519445130796	0.664284493458	3	443	1	
366	0	64	step_1_no_load	1	2	1	320	
366	0	64	step_2_no_load	3	4	0.533849886794	0.642369708469	3	543	1	
366	0	65	step_1_no_load	1	2	1	283	
366	0	65	step_2_no_load	3	4	0.517687993213	0.612660225018	3	392	1	
366	0	66	step_1_no_load	1	2	1	268	
366	0	66	step_2_no_load	5	6	0.630357351236	0.573761869714	5	1074	1	
366	0	67	step_1_no_load	1	2	1	392	
366	0	67	step_2_no_load	3	4	0.538279387614	0.597650193897	3	366	1	
366	0	68	step_1_no_load	1	2	1	699	
366	0	68	step_2_no_load	3	4	0.523301545299	0.622963076372	3	425	1	
366	0	69	step_1_no_load	1	2	1	286	
366	0	69	step_2_no_load	3	4	0.560462111264	0.622221685203	3	348	1	
366	0	70	step_1_no_load	1	2	1	353	
366	0	70	step_2_no_load	5	6	0.697741832068	0.498834901463	5	775	1	
366	0	71	step_1_no_load	1	2	1	334	
366	0	71	step_2_no_load	3	4	0.546215110045	0.639174917797	3	343	1	
366	0	72	step_1_no_load	1	2	1	348	
366	0	72	step_2_no_load	3	4	0.556486305476	0.626024641967	3	322	1	
366	0	73	step_1_no_load	1	2	1	302	
366	0	73	step_2_no_load	3	4	0.50185699984	0.657126403029	3	398	1	
366	0	74	step_1_no_load	1	2	1	312	
366	0	74	step_2_no_load	5	6	0.693624670847	0.453420386428	5	339	1	
366	0	75	step_1_no_load	1	2	1	324	
366	0	75	step_2_no_load	3	4	0.483983914712	0.615552849174	3	644	0	
366	0	76	step_1_no_load	1	2	2	320	
366	0	76	step_2_no_load	5	6	0.690117652944	0.488583631821	5	342	1	
366	0	77	step_1_no_load	1	2	2	332	
366	0	77	step_2_no_load	5	6	0.679737625371	0.446809557226	5	370	1	
366	0	78	step_1_no_load	1	2	2	337	
366	0	78	step_2_no_load	5	6	0.647586191228	0.435911167612	5	496	0	
366	0	79	step_1_no_load	1	2	2	265	
366	0	79	step_2_no_load	5	6	0.647841624544	0.389124152368	6	375	0	
366	0	80	step_1_no_load	1	2	1	375	
366	0	80	step_2_no_load	5	6	0.703969305517	0.396016175285	6	294	0	
366	0	81	step_1_no_load	1	2	1	427	
366	0	81	step_2_no_load	3	4	0.494116554432	0.529745690463	4	347	0	
366	0	82	step_1_no_load	1	2	1	208	
366	0	82	step_2_no_load	5	6	0.688340116885	0.395813831323	5	280	1	
366	0	83	step_1_no_load	1	2	1	459	
366	0	83	step_2_no_load	5	6	0.726885136842	0.382772464038	5	413	0	
366	0	84	step_1_no_load	1	2	1	257	
366	0	84	step_2_no_load	5	6	0.731466635793	0.385087938645	5	656	1	
366	0	85	step_1_no_load	1	2	2	314	
366	0	85	step_2_no_load	3	4	0.485785534744	0.692384972752	3	578	1	
366	0	86	step_1_no_load	1	2	2	287	
366	0	86	step_2_no_load	5	6	0.721207648497	0.345323068124	5	832	1	
366	0	87	step_1_no_load	1	2	2	388	
366	0	87	step_2_no_load	5	6	0.690012761069	0.40000499778	5	419	1	
366	0	88	step_1_no_load	1	2	2	293	
366	0	88	step_2_no_load	5	6	0.696773608304	0.377947492322	5	397	1	
366	0	89	step_1_no_load	1	2	2	257	
366	0	89	step_2_no_load	5	6	0.660112261017	0.415882489686	5	386	0	
366	0	90	step_1_no_load	1	2	1	229	
366	0	90	step_2_no_load	3	4	0.530126112124	0.712247848046	3	387	0	
366	0	91	step_1_no_load	1	2	2	455	
366	0	91	step_2_no_load	3	4	0.479087223222	0.685023809334	3	318	0	
366	0	92	step_1_no_load	1	2	2	289	
366	0	92	step_2_no_load	5	6	0.679381608313	0.444368850664	5	504	1	
366	0	93	step_1_no_load	1	2	2	342	
366	0	93	step_2_no_load	5	6	0.662863370634	0.439878153082	5	483	1	
366	0	94	step_1_no_load	1	2	2	281	
366	0	94	step_2_no_load	5	6	0.668295023896	0.429211756872	5	393	1	
366	0	95	step_1_no_load	1	2	2	375	
366	0	95	step_2_no_load	5	6	0.640209855442	0.427150666411	5	428	0	
366	0	96	step_1_no_load	1	2	2	1200	
366	0	96	step_2_no_load	5	6	0.663095813561	0.383038640121	5	598	1	
366	0	97	step_1_no_load	1	2	2	299	
366	0	97	step_2_no_load	3	4	0.455601814112	0.681272614291	3	1106	0	
366	0	98	step_1_no_load	1	2	2	731	
366	0	98	step_2_no_load	5	6	0.646040060297	0.409778171713	5	364	1	
366	0	99	step_1_no_load	1	2	2	408	
366	0	99	step_2_no_load	5	6	0.645191748454	0.397561363605	5	248	1	
366	0	100	step_1_no_load	1	2	2	355	
366	0	100	step_2_no_load	5	6	0.66579920021	0.4333505304	5	282	1	
366	0	101	step_1_no_load	1	2	2	254	
366	0	101	step_2_no_load	3	4	0.366879421891	0.623812401974	4	893	1	
366	0	102	step_1_no_load	1	2	2	408	
366	0	102	step_2_no_load	3	4	0.326080462175	0.666304534392	4	576	1	
366	0	103	step_1_no_load	1	2	2	359	
366	0	103	step_2_no_load	3	4	0.322834495838	0.663997796029	4	445	1	
366	0	104	step_1_no_load	1	2	2	360	
366	0	104	step_2_no_load	3	4	0.303696146503	0.703870701136	4	432	0	
366	0	105	step_1_no_load	1	2	2	253	
366	0	105	step_2_no_load	5	6	0.722851301692	0.514318365187	5	541	0	
366	0	106	step_1_no_load	1	2	2	272	
366	0	106	step_2_no_load	5	6	0.699623252899	0.508908032404	6	424	0	
366	0	107	step_1_no_load	1	2	1	315	
366	0	107	step_2_no_load	5	6	0.677514185929	0.565220528809	5	884	1	
366	0	108	step_1_no_load	1	2	1	432	
366	0	108	step_2_no_load	3	4	0.388185708856	0.695928523711	3	455	0	
366	0	109	step_1_no_load	1	2	2	346	
366	0	109	step_2_no_load	5	6	0.68658494263	0.479977531501	5	377	1	
366	0	110	step_1_no_load	1	2	2	390	
366	0	110	step_2_no_load	5	6	0.65455226558	0.432626681236	5	372	1	
366	0	111	step_1_no_load	1	2	2	513	
366	0	111	step_2_no_load	3	4	0.407158158569	0.724852671171	4	847	1	
366	0	112	step_1_no_load	1	2	2	451	
366	0	112	step_2_no_load	5	6	0.635252945963	0.392887565883	5	458	0	
366	0	113	step_1_no_load	1	2	1	287	
366	0	113	step_2_no_load	5	6	0.634627459817	0.370697120277	5	630	1	
366	0	114	step_1_no_load	1	2	1	380	
366	0	114	step_2_no_load	3	4	0.384736699284	0.718213323791	4	530	0	
366	0	115	step_1_no_load	1	2	2	320	
366	0	115	step_2_no_load	3	4	0.357661171116	0.739704344621	4	703	1	
366	0	116	step_1_no_load	1	2	2	422	
366	0	116	step_2_no_load	3	4	0.369438791876	0.706736514943	4	678	1	
366	0	117	step_1_no_load	1	2	2	298	
366	0	117	step_2_no_load	5	6	0.671842537277	0.374621793791	5	1010	1	
366	0	118	step_1_no_load	1	2	2	326	
366	0	118	step_2_no_load	5	6	0.690484235012	0.357645851833	5	404	0	
366	0	119	step_1_no_load	1	2	1	233	
366	0	119	step_2_no_load	3	4	0.358243439099	0.690424535099	4	321	1	
366	0	120	step_1_no_load	1	2	1	292	
366	0	120	step_2_no_load	3	4	0.333809617664	0.70587238626	4	339	1	
366	0	121	step_1_no_load	1	2	1	303	
366	0	121	step_2_no_load	5	6	0.671052306195	0.352721767208	6	278	1	
366	0	122	step_1_no_load	1	2	1	527	
366	0	122	step_2_no_load	3	4	0.266650857402	0.6136886145	4	407	1	
366	0	123	step_1_no_load	1	2	1	356	
366	0	123	step_2_no_load	3	4	0.269780614928	0.583607229978	4	324	1	
366	0	124	step_1_no_load	1	2	1	301	
366	0	124	step_2_no_load	3	4	0.26095206597	0.603013298253	4	420	1	
366	0	125	step_1_no_load	1	2	1	343	
366	0	125	step_2_no_load	3	4	0.290374841566	0.559596800931	4	413	1	
366	0	126	step_1_no_load	1	2	1	276	
366	0	126	step_2_no_load	3	4	0.267206368684	0.537863824328	4	495	1	
366	0	127	step_1_no_load	1	2	1	305	
366	0	127	step_2_no_load	3	4	0.273483952592	0.560824094575	4	410	1	
366	0	128	step_1_no_load	1	2	1	339	
366	0	128	step_2_no_load	3	4	0.260252451606	0.636905534066	4	427	1	
366	0	129	step_1_no_load	1	2	1	252	
366	0	129	step_2_no_load	3	4	0.268213321963	0.685297910719	4	412	0	
366	0	130	step_1_no_load	1	2	1	387	
366	0	130	step_2_no_load	5	6	0.630285316669	0.274560758494	5	963	1	
366	0	131	step_1_no_load	1	2	2	429	
366	0	131	step_2_no_load	5	6	0.638450601212	0.311475039155	5	373	1	
366	0	132	step_1_no_load	1	2	2	354	
366	0	132	step_2_no_load	5	6	0.660013924697	0.315328810424	5	292	1	
366	0	133	step_1_no_load	1	2	2	231	
366	0	133	step_2_no_load	5	6	0.691649444281	0.312642735495	5	263	1	
366	0	134	step_1_no_load	1	2	2	258	
366	0	134	step_2_no_load	5	6	0.685529359147	0.302839427162	5	257	0	
366	0	135	step_1_no_load	1	2	1	910	
366	0	135	step_2_no_load	5	6	0.700779221781	0.287118934166	5	524	0	
366	0	136	step_1_no_load	1	2	1	256	
366	0	136	step_2_no_load	3	4	0.307766925452	0.597814413435	3	384	1	
366	0	137	step_1_no_load	1	2	1	292	
366	0	137	step_2_no_load	5	6	0.668540846495	0.325016613024	5	252	0	
366	0	138	step_1_no_load	1	2	1	227	
366	0	138	step_2_no_load	5	6	0.688182193337	0.307694123906	6	762	0	
366	0	139	step_1_no_load	1	2	2	360	
366	0	139	step_2_no_load	3	4	0.325611400511	0.636630981281	4	879	1	
366	0	140	step_1_no_load	1	2	2	285	
366	0	140	step_2_no_load	3	4	0.348740542008	0.671213945178	4	372	1	
366	0	141	step_1_no_load	1	2	2	417	
366	0	141	step_2_no_load	5	6	0.616803346728	0.311809871418	5	798	0	
366	0	142	step_1_no_load	1	2	2	302	
366	0	142	step_2_no_load	5	6	0.627356259123	0.304203281606	6	365	0	
366	0	143	step_1_no_load	1	2	1	376	
366	0	143	step_2_no_load	3	4	0.410970957547	0.661365099615	4	320	1	
366	0	144	step_1_no_load	1	2	1	326	
366	0	144	step_2_no_load	3	4	0.389234194056	0.626443722248	4	319	0	
366	0	145	step_1_no_load	1	2	1	227	
366	0	145	step_2_no_load	3	4	0.355256413269	0.6669125229	3	338	0	
366	0	146	step_1_no_load	1	2	2	278	
366	0	146	step_2_no_load	5	6	0.593778463268	0.257861956214	5	397	1	
366	0	147	step_1_no_load	1	2	2	267	
366	0	147	step_2_no_load	5	6	0.594861186319	0.265578160642	5	329	1	
366	0	148	step_1_no_load	1	2	2	276	
366	0	148	step_2_no_load	5	6	0.648050021239	0.305288021243	5	346	1	
366	0	149	step_1_no_load	1	2	2	263	
366	0	149	step_2_no_load	5	6	0.623203869836	0.269951834184	5	301	0	
366	0	150	step_1_no_load	1	2	2	281	
366	0	150	step_2_no_load	5	6	0.605912419156	0.305587692243	6	327	1	
366	0	151	step_1_no_load	1	2	2	420	
366	0	151	step_2_no_load	5	6	0.614159737668	0.348172164421	6	419	0	
366	0	152	step_1_no_load	1	2	2	450	
366	0	152	step_2_no_load	5	6	0.644204174791	0.307702500543	5	296	0	
366	0	153	step_1_no_load	1	2	1	326	
366	0	153	step_2_no_load	5	6	0.681559292085	0.309356532263	6	877	0	
366	0	154	step_1_no_load	1	2	1	300	
366	0	154	step_2_no_load	5	6	0.671672162443	0.316375537537	5	315	1	
366	0	155	step_1_no_load	1	2	2	303	
366	0	155	step_2_no_load	3	4	0.372188990474	0.632486591889	3	1356	1	
366	0	156	step_1_no_load	1	2	2	273	
366	0	156	step_2_no_load	5	6	0.734436160799	0.32564867104	5	376	1	
366	0	157	step_1_no_load	1	2	2	310	
366	0	157	step_2_no_load	3	4	0.324728201487	0.585191807512	3	683	1	
366	0	158	step_1_no_load	1	2	2	338	
366	0	158	step_2_no_load	5	6	0.694270715354	0.408728803896	5	292	1	
366	0	159	step_1_no_load	1	2	2	297	
366	0	159	step_2_no_load	3	4	0.321150411254	0.541222065796	3	681	0	
366	0	160	step_1_no_load	1	2	2	316	
366	0	160	step_2_no_load	3	4	0.355992626298	0.521229931064	4	621	0	
366	0	161	step_1_no_load	1	2	2	290	
366	0	161	step_2_no_load	3	4	0.438878285506	0.516036498158	3	507	0	
366	0	162	step_1_no_load	1	2	1	386	
366	0	162	step_2_no_load	3	4	0.455329532209	0.566496468084	3	456	0	
366	0	163	step_1_no_load	1	2	1	301	
366	0	163	step_2_no_load	3	4	0.430920885959	0.5863391277	4	395	0	
366	0	164	step_1_no_load	1	2	2	287	
366	0	164	step_2_no_load	5	6	0.692137394606	0.432761720497	5	391	1	
366	0	165	step_1_no_load	1	2	2	443	
366	0	165	step_2_no_load	5	6	0.717506143195	0.463777557969	5	362	1	
366	0	166	step_1_no_load	1	2	2	293	
366	0	166	step_2_no_load	5	6	0.686594248975	0.422282731054	5	396	0	
366	0	167	step_1_no_load	1	2	2	270	
366	0	167	step_2_no_load	5	6	0.706271792549	0.38753671275	5	710	0	
366	0	168	step_1_no_load	1	2	2	288	
366	0	168	step_2_no_load	5	6	0.67192508984	0.400817642375	6	280	0	
366	0	169	step_1_no_load	1	2	1	227	
366	0	169	step_2_no_load	3	4	0.365156560071	0.586049140041	3	317	1	
366	0	170	step_1_no_load	1	2	1	325	
366	0	170	step_2_no_load	5	6	0.67334314737	0.411067820436	5	412	1	
366	0	171	step_1_no_load	1	2	1	442	
366	0	171	step_2_no_load	3	4	0.425122034074	0.553314431843	3	368	1	
366	0	172	step_1_no_load	1	2	1	420	
366	0	172	step_2_no_load	3	4	0.490120307546	0.519090471457	3	307	0	
366	0	173	step_1_no_load	1	2	2	336	
366	0	173	step_2_no_load	5	6	0.667027212577	0.385349297983	5	261	1	
366	0	174	step_1_no_load	1	2	2	384	
366	0	174	step_2_no_load	3	4	0.46236234172	0.472729524832	3	281	0	
366	0	175	step_1_no_load	1	2	2	348	
366	0	175	step_2_no_load	3	4	0.484825491933	0.52644949356	4	684	1	
366	0	176	step_1_no_load	1	2	1	291	
366	0	176	step_2_no_load	3	4	0.500856457218	0.474046874473	4	306	0	
366	0	177	step_1_no_load	1	2	2	359	
366	0	177	step_2_no_load	3	4	0.4798184927	0.501268576771	3	359	1	
366	0	178	step_1_no_load	1	2	1	397	
366	0	178	step_2_no_load	3	4	0.49020858644	0.493712351915	3	355	1	
366	0	179	step_1_no_load	1	2	1	439	
366	0	179	step_2_no_load	3	4	0.493565996034	0.457298770028	3	301	1	
366	0	180	step_1_no_load	1	2	1	297	
366	0	180	step_2_no_load	5	6	0.719795072986	0.341214611607	5	1129	1	
366	0	181	step_1_no_load	1	2	2	381	
366	0	181	step_2_no_load	5	6	0.746910336326	0.342402764747	5	331	1	
366	0	182	step_1_no_load	1	2	2	333	
366	0	182	step_2_no_load	3	4	0.49907747228	0.506773281362	3	372	0	
366	0	183	step_1_no_load	1	2	2	339	
366	0	183	step_2_no_load	5	6	0.720388040749	0.350175837802	5	378	0	
366	0	184	step_1_no_load	1	2	2	261	
366	0	184	step_2_no_load	3	4	0.480863422096	0.460890977786	4	276	1	
366	0	185	step_1_no_load	1	2	1	306	
366	0	185	step_2_no_load	3	4	0.482228039858	0.479703516092	4	361	0	
366	0	186	step_1_no_load	1	2	2	254	
366	0	186	step_2_no_load	5	6	0.656308636836	0.332733011923	6	510	1	
366	0	187	step_1_no_load	1	2	2	341	
366	0	187	step_2_no_load	5	6	0.678211978625	0.328890769988	6	333	0	
366	0	188	step_1_no_load	1	2	2	72	
366	0	188	step_2_no_load	5	6	0.696362660087	0.291508050861	6	8	0	
366	0	189	step_1_no_load	1	2	-1	-1	
366	0	190	step_1_no_load	1	2	2	285	
366	0	190	step_2_no_load	3	4	0.505820429042	0.433568856946	3	284	1	
366	0	191	step_1_no_load	1	2	1	320	
366	0	191	step_2_no_load	5	6	0.664271461991	0.318839908867	5	311	1	
366	0	192	step_1_no_load	1	2	1	387	
366	0	192	step_2_no_load	5	6	0.705517419189	0.299297135717	5	386	1	
366	0	193	step_1_no_load	1	2	1	712	
366	0	193	step_2_no_load	3	4	0.504944704439	0.440813209638	3	584	1	
366	0	194	step_1_no_load	1	2	1	284	
366	0	194	step_2_no_load	3	4	0.505359594715	0.433250459893	3	547	1	
366	0	195	step_1_no_load	1	2	1	528	
366	0	195	step_2_no_load	5	6	0.646280688878	0.348571348505	5	679	0	
366	0	196	step_1_no_load	1	2	2	371	
366	0	196	step_2_no_load	5	6	0.695101215304	0.365373286058	5	754	1	
366	0	197	step_1_no_load	1	2	2	412	
366	0	197	step_2_no_load	5	6	0.686552522522	0.316987700969	5	507	0	
366	0	198	step_1_no_load	1	2	2	544	
366	0	198	step_2_no_load	5	6	0.68660989813	0.303352625941	6	591	0	
366	0	199	step_1_no_load	1	2	2	387	
366	0	199	step_2_no_load	3	4	0.529438031858	0.39793773834	4	802	0	
366	0	200	step_1_no_load	1	2	1	402	
366	0	200	step_2_no_load	5	6	0.728996708473	0.299128796668	5	872	1	

Thu Sep  9 15:25:57 2021
