Wed Oct 13 16:56:58 2021	
367	0	1	step_1_no_load	1	2	1	580	
367	0	1	step_2_no_load	3	4	0.511789129507	0.594299910136	3	791	0	
367	0	2	step_1_no_load	1	2	1	361	
367	0	2	step_2_no_load	3	4	0.533203491871	0.610961032466	4	817	0	
367	0	3	step_1_no_load	1	2	1	603	
367	0	3	step_2_no_load	3	4	0.516002945397	0.589215227351	3	930	0	
367	0	4	step_1_no_load	1	2	2	445	
367	0	4	step_2_no_load	5	6	0.478607661228	0.597491569846	5	924	0	
367	0	5	step_1_no_load	1	2	2	361	
367	0	5	step_2_no_load	5	6	0.495568760483	0.623810210114	6	776	1	
367	0	6	step_1_no_load	1	2	2	365	
367	0	6	step_2_no_load	5	6	0.506877622204	0.585722686883	6	724	0	
367	0	7	step_1_no_load	1	2	2	349	
367	0	7	step_2_no_load	5	6	0.500071913476	0.568656746487	5	604	1	
367	0	8	step_1_no_load	1	2	2	495	
367	0	8	step_2_no_load	5	6	0.489816616396	0.59128639594	5	542	0	
367	0	9	step_1_no_load	1	2	2	369	
367	0	9	step_2_no_load	5	6	0.496546708465	0.598049061473	6	440	0	
367	0	10	step_1_no_load	1	2	2	593	
367	0	10	step_2_no_load	3	4	0.576063520885	0.636063269715	4	504	1	
367	0	11	step_1_no_load	1	2	2	403	
367	0	11	step_2_no_load	5	6	0.477013315682	0.69163818036	5	746	1	
367	0	12	step_1_no_load	1	2	2	364	
367	0	12	step_2_no_load	3	4	0.597131918027	0.552770607849	4	899	0	
367	0	13	step_1_no_load	1	2	2	317	
367	0	13	step_2_no_load	5	6	0.52012981853	0.653587098421	5	772	1	
367	0	14	step_1_no_load	1	2	2	541	
367	0	14	step_2_no_load	5	6	0.491234392147	0.629137942344	5	829	0	
367	0	15	step_1_no_load	1	2	2	391	
367	0	15	step_2_no_load	5	6	0.505377237737	0.612260006668	5	1095	1	
367	0	16	step_1_no_load	1	2	2	319	
367	0	16	step_2_no_load	5	6	0.510958036527	0.628091198119	5	718	0	
367	0	17	step_1_no_load	1	2	2	363	
367	0	17	step_2_no_load	3	4	0.643116883134	0.562895132605	4	874	0	
367	0	18	step_1_no_load	1	2	2	295	
367	0	18	step_2_no_load	3	4	0.626895526976	0.553554620302	4	910	0	
367	0	19	step_1_no_load	1	2	2	339	
367	0	19	step_2_no_load	5	6	0.498240186199	0.619895761657	5	794	0	
367	0	20	step_1_no_load	1	2	2	423	
367	0	20	step_2_no_load	5	6	0.478025448397	0.636521555122	5	606	0	
367	0	21	step_1_no_load	1	2	1	386	
367	0	21	step_2_no_load	5	6	0.49769376036	0.630305464549	6	921	0	
367	0	22	step_1_no_load	1	2	1	276	
367	0	22	step_2_no_load	3	4	0.618527126547	0.468700882609	3	755	0	
367	0	23	step_1_no_load	1	2	1	1030	
367	0	23	step_2_no_load	3	4	0.604065470975	0.513759772011	4	573	0	
367	0	24	step_1_no_load	1	2	2	287	
367	0	24	step_2_no_load	3	4	0.5800912085	0.503316199018	4	1014	1	
367	0	25	step_1_no_load	1	2	2	321	
367	0	25	step_2_no_load	5	6	0.503316372362	0.565698722896	5	504	0	
367	0	26	step_1_no_load	1	2	2	337	
367	0	26	step_2_no_load	5	6	0.511744353778	0.592410219737	5	928	0	
367	0	27	step_1_no_load	1	2	2	259	
367	0	27	step_2_no_load	5	6	0.507272671939	0.57860777711	6	418	1	
367	0	28	step_1_no_load	1	2	2	279	
367	0	28	step_2_no_load	5	6	0.520177259699	0.588356036098	6	453	1	
367	0	29	step_1_no_load	1	2	2	320	
367	0	29	step_2_no_load	5	6	0.521159009103	0.606613029227	6	447	1	
367	0	30	step_1_no_load	1	2	2	281	
367	0	30	step_2_no_load	5	6	0.4919199548	0.608245979832	6	609	0	
367	0	31	step_1_no_load	1	2	2	341	
367	0	31	step_2_no_load	5	6	0.483156722265	0.636602545794	5	460	1	
367	0	32	step_1_no_load	1	2	2	446	
367	0	32	step_2_no_load	5	6	0.520318771114	0.634585171267	5	548	0	
367	0	33	step_1_no_load	1	2	2	305	
367	0	33	step_2_no_load	5	6	0.487664344039	0.611700032906	6	560	1	
367	0	34	step_1_no_load	1	2	2	381	
367	0	34	step_2_no_load	5	6	0.454565258478	0.575802910074	6	1300	0	
367	0	35	step_1_no_load	1	2	2	401	
367	0	35	step_2_no_load	5	6	0.491437207585	0.566827313385	5	408	0	
367	0	36	step_1_no_load	1	2	2	324	
367	0	36	step_2_no_load	3	4	0.661229326326	0.611274573488	4	827	1	
367	0	37	step_1_no_load	1	2	2	472	
367	0	37	step_2_no_load	5	6	0.543074626387	0.513822304161	5	815	0	
367	0	38	step_1_no_load	1	2	2	323	
367	0	38	step_2_no_load	5	6	0.553931241266	0.539078491643	5	442	0	
367	0	39	step_1_no_load	1	2	2	342	
367	0	39	step_2_no_load	5	6	0.578640235206	0.557005857101	6	484	1	
367	0	40	step_1_no_load	1	2	2	359	
367	0	40	step_2_no_load	3	4	0.636994900683	0.607992802154	3	662	0	
367	0	41	step_1_no_load	1	2	2	304	
367	0	41	step_2_no_load	3	4	0.633285941184	0.588857868869	4	880	1	
367	0	42	step_1_no_load	1	2	2	370	
367	0	42	step_2_no_load	5	6	0.553461946234	0.533857158543	6	1096	1	
367	0	43	step_1_no_load	1	2	2	347	
367	0	43	step_2_no_load	5	6	0.548128010644	0.553703096215	6	514	1	
367	0	44	step_1_no_load	1	2	2	319	
367	0	44	step_2_no_load	3	4	0.589653131867	0.611481438855	3	798	1	
367	0	45	step_1_no_load	1	2	2	379	
367	0	45	step_2_no_load	5	6	0.5288039409	0.579346234508	6	745	1	
367	0	46	step_1_no_load	1	2	2	365	
367	0	46	step_2_no_load	3	4	0.654261318712	0.600964500555	3	1252	0	
367	0	47	step_1_no_load	1	2	2	280	
367	0	47	step_2_no_load	5	6	0.493112702321	0.546259467838	6	1327	0	
367	0	48	step_1_no_load	1	2	2	272	
367	0	48	step_2_no_load	5	6	0.488280685105	0.534690828011	6	391	1	
367	0	49	step_1_no_load	1	2	2	360	
367	0	49	step_2_no_load	5	6	0.489287375157	0.512405963374	6	799	1	
367	0	50	step_1_no_load	1	2	2	371	
367	0	50	step_2_no_load	5	6	0.47381367271	0.481616544184	6	458	0	
367	0	51	step_1_no_load	1	2	2	292	
367	0	51	step_2_no_load	5	6	0.469943944943	0.508197321577	6	411	0	
367	0	52	step_1_no_load	1	2	2	278	
367	0	52	step_2_no_load	3	4	0.613408921915	0.539065404057	4	941	0	
367	0	53	step_1_no_load	1	2	1	567	
367	0	53	step_2_no_load	3	4	0.630956764252	0.551457882502	3	415	1	
367	0	54	step_1_no_load	1	2	1	553	
367	0	54	step_2_no_load	5	6	0.491512498697	0.493362545513	5	336	0	
367	0	55	step_1_no_load	1	2	2	433	
367	0	55	step_2_no_load	5	6	0.487025527704	0.526704292526	6	703	0	
367	0	56	step_1_no_load	1	2	1	427	
367	0	56	step_2_no_load	5	6	0.459773408493	0.538512915562	6	474	1	
367	0	57	step_1_no_load	1	2	1	710	
367	0	57	step_2_no_load	5	6	0.466449077359	0.516475618243	6	749	1	
367	0	58	step_1_no_load	1	2	1	586	
367	0	58	step_2_no_load	3	4	0.610896130115	0.664682809182	3	841	1	
367	0	59	step_1_no_load	1	2	2	396	
367	0	59	step_2_no_load	5	6	0.480274332693	0.537400760025	6	483	0	
367	0	60	step_1_no_load	1	2	1	271	
367	0	60	step_2_no_load	5	6	0.491916707098	0.479287247283	6	501	1	
367	0	61	step_1_no_load	1	2	1	335	
367	0	61	step_2_no_load	5	6	0.464268875813	0.527144452559	6	470	1	
367	0	62	step_1_no_load	1	2	1	320	
367	0	62	step_2_no_load	5	6	0.50724109756	0.533031417444	6	375	0	
367	0	63	step_1_no_load	1	2	1	314	
367	0	63	step_2_no_load	3	4	0.642623127313	0.664284493458	3	416	1	
367	0	64	step_1_no_load	1	2	1	388	
367	0	64	step_2_no_load	3	4	0.626149195169	0.642369708469	3	627	0	
367	0	65	step_1_no_load	1	2	1	351	
367	0	65	step_2_no_load	3	4	0.619953360065	0.612660225018	4	638	0	
367	0	66	step_1_no_load	1	2	2	594	
367	0	66	step_2_no_load	5	6	0.573761869714	0.555324764318	5	513	1	
367	0	67	step_1_no_load	1	2	2	364	
367	0	67	step_2_no_load	3	4	0.674463681351	0.597650193897	4	1027	1	
367	0	68	step_1_no_load	1	2	2	758	
367	0	68	step_2_no_load	3	4	0.719455209845	0.622963076372	3	813	1	
367	0	69	step_1_no_load	1	2	2	321	
367	0	69	step_2_no_load	5	6	0.499137600991	0.560462111264	6	432	0	
367	0	70	step_1_no_load	1	2	2	323	
367	0	70	step_2_no_load	5	6	0.498834901463	0.548075770764	5	410	1	
367	0	71	step_1_no_load	1	2	2	428	
367	0	71	step_2_no_load	5	6	0.482863323776	0.546215110045	5	819	1	
367	0	72	step_1_no_load	1	2	2	326	
367	0	72	step_2_no_load	5	6	0.47409116389	0.556486305476	5	469	0	
367	0	73	step_1_no_load	1	2	2	274	
367	0	73	step_2_no_load	5	6	0.435957313805	0.50185699984	6	505	1	
367	0	74	step_1_no_load	1	2	2	349	
367	0	74	step_2_no_load	5	6	0.453420386428	0.491044983779	6	500	0	
367	0	75	step_1_no_load	1	2	1	385	
367	0	75	step_2_no_load	3	4	0.697629587097	0.615552849174	3	759	1	
367	0	76	step_1_no_load	1	2	1	315	
367	0	76	step_2_no_load	3	4	0.690117652944	0.62770291155	3	482	1	
367	0	77	step_1_no_load	1	2	1	356	
367	0	77	step_2_no_load	3	4	0.679737625371	0.564257587118	3	524	0	
367	0	78	step_1_no_load	1	2	1	278	
367	0	78	step_2_no_load	3	4	0.647586191228	0.536711448352	4	581	1	
367	0	79	step_1_no_load	1	2	1	630	
367	0	79	step_2_no_load	3	4	0.647841624544	0.513695512795	4	453	0	
367	0	80	step_1_no_load	1	2	1	312	
367	0	80	step_2_no_load	5	6	0.396016175285	0.49921021142	5	390	0	
367	0	81	step_1_no_load	1	2	2	259	
367	0	81	step_2_no_load	5	6	0.419265522488	0.494116554432	5	666	1	
367	0	82	step_1_no_load	1	2	2	511	
367	0	82	step_2_no_load	3	4	0.688340116885	0.564729328387	3	382	1	
367	0	83	step_1_no_load	1	2	2	473	
367	0	83	step_2_no_load	5	6	0.382772464038	0.483255412498	5	480	0	
367	0	84	step_1_no_load	1	2	2	249	
367	0	84	step_2_no_load	5	6	0.385087938645	0.505586222209	6	408	1	
367	0	85	step_1_no_load	1	2	2	305	
367	0	85	step_2_no_load	5	6	0.384458259121	0.485785534744	6	399	0	
367	0	86	step_1_no_load	1	2	1	522	
367	0	86	step_2_no_load	3	4	0.721207648497	0.691782850001	3	641	1	
367	0	87	step_1_no_load	1	2	1	541	
367	0	87	step_2_no_load	3	4	0.690012761069	0.719375344246	3	539	0	
367	0	88	step_1_no_load	1	2	1	408	
367	0	88	step_2_no_load	3	4	0.696773608304	0.717410082358	4	335	1	
367	0	89	step_1_no_load	1	2	1	346	
367	0	89	step_2_no_load	3	4	0.660112261017	0.690772436485	4	505	1	
367	0	90	step_1_no_load	1	2	1	395	
367	0	90	step_2_no_load	5	6	0.411459496853	0.530126112124	5	1170	1	
367	0	91	step_1_no_load	1	2	1	677	
367	0	91	step_2_no_load	3	4	0.657820521772	0.685023809334	4	581	1	
367	0	92	step_1_no_load	1	2	1	407	
367	0	92	step_2_no_load	3	4	0.679381608313	0.692406274724	4	837	0	
367	0	93	step_1_no_load	1	2	1	280	
367	0	93	step_2_no_load	5	6	0.439878153082	0.473273727684	5	871	1	
367	0	94	step_1_no_load	1	2	1	555	
367	0	94	step_2_no_load	3	4	0.668295023896	0.719464414227	4	634	1	
367	0	95	step_1_no_load	1	2	1	380	
367	0	95	step_2_no_load	3	4	0.640209855442	0.715495469274	4	539	1	
367	0	96	step_1_no_load	1	2	1	438	
367	0	96	step_2_no_load	3	4	0.663095813561	0.693739812506	4	765	1	
367	0	97	step_1_no_load	1	2	1	351	
367	0	97	step_2_no_load	5	6	0.392885664353	0.455601814112	5	710	0	
367	0	98	step_1_no_load	1	2	1	336	
367	0	98	step_2_no_load	3	4	0.646040060297	0.70287861952	4	447	0	
367	0	99	step_1_no_load	1	2	2	298	
367	0	99	step_2_no_load	3	4	0.645191748454	0.673709850038	4	369	1	
367	0	100	step_1_no_load	1	2	2	397	
367	0	100	step_2_no_load	5	6	0.4333505304	0.363162156005	6	483	0	
367	0	101	step_1_no_load	1	2	2	319	
367	0	101	step_2_no_load	5	6	0.497432607584	0.366879421891	5	1117	1	
367	0	102	step_1_no_load	1	2	2	521	
367	0	102	step_2_no_load	5	6	0.494584754513	0.326080462175	5	599	0	
367	0	103	step_1_no_load	1	2	2	529	
367	0	103	step_2_no_load	5	6	0.481975449893	0.322834495838	6	728	0	
367	0	104	step_1_no_load	1	2	1	329	
367	0	104	step_2_no_load	3	4	0.743372642809	0.703870701136	3	799	0	
367	0	105	step_1_no_load	1	2	1	458	
367	0	105	step_2_no_load	5	6	0.514318365187	0.352639603242	5	873	0	
367	0	106	step_1_no_load	1	2	1	606	
367	0	106	step_2_no_load	3	4	0.699623252899	0.712883638252	3	1157	1	
367	0	107	step_1_no_load	1	2	2	480	
367	0	107	step_2_no_load	3	4	0.677514185929	0.692607431435	3	599	1	
367	0	108	step_1_no_load	1	2	2	331	
367	0	108	step_2_no_load	5	6	0.526955028982	0.388185708856	6	562	0	
367	0	109	step_1_no_load	1	2	2	286	
367	0	109	step_2_no_load	5	6	0.479977531501	0.372328831887	5	1133	0	
367	0	110	step_1_no_load	1	2	1	353	
367	0	110	step_2_no_load	3	4	0.65455226558	0.729599891941	3	888	1	
367	0	111	step_1_no_load	1	2	1	443	
367	0	111	step_2_no_load	3	4	0.634599547742	0.724852671171	3	499	1	
367	0	112	step_1_no_load	1	2	1	517	
367	0	112	step_2_no_load	5	6	0.392887565883	0.413393106784	5	452	1	
367	0	113	step_1_no_load	1	2	1	294	
367	0	113	step_2_no_load	3	4	0.634627459817	0.719324307956	3	444	1	
367	0	114	step_1_no_load	1	2	1	401	
367	0	114	step_2_no_load	3	4	0.657654904272	0.718213323791	3	432	1	
367	0	115	step_1_no_load	1	2	1	364	
367	0	115	step_2_no_load	5	6	0.390027643099	0.357661171116	6	1114	1	
367	0	116	step_1_no_load	1	2	1	343	
367	0	116	step_2_no_load	5	6	0.378149844807	0.369438791876	6	766	1	
367	0	117	step_1_no_load	1	2	1	384	
367	0	117	step_2_no_load	3	4	0.671842537277	0.747012267642	3	399	1	
367	0	118	step_1_no_load	1	2	1	375	
367	0	118	step_2_no_load	3	4	0.690484235012	0.740051715856	4	703	1	
367	0	119	step_1_no_load	1	2	1	376	
367	0	119	step_2_no_load	3	4	0.661177321751	0.690424535099	4	927	1	
367	0	120	step_1_no_load	1	2	1	426	
367	0	120	step_2_no_load	5	6	0.370150243662	0.333809617664	5	969	0	
367	0	121	step_1_no_load	1	2	1	334	
367	0	121	step_2_no_load	5	6	0.352721767208	0.310775244958	5	1013	0	
367	0	122	step_1_no_load	1	2	1	489	
367	0	122	step_2_no_load	5	6	0.329624572119	0.266650857402	6	856	0	
367	0	123	step_1_no_load	1	2	2	404	
367	0	123	step_2_no_load	5	6	0.337526896345	0.269780614928	6	810	0	
367	0	124	step_1_no_load	1	2	2	830	
367	0	124	step_2_no_load	5	6	0.309430836661	0.26095206597	6	669	0	
367	0	125	step_1_no_load	1	2	2	448	
367	0	125	step_2_no_load	5	6	0.303110862715	0.290374841566	5	735	0	
367	0	126	step_1_no_load	1	2	1	585	
367	0	126	step_2_no_load	5	6	0.300846667696	0.267206368684	6	1001	0	
367	0	127	step_1_no_load	1	2	1	347	
367	0	127	step_2_no_load	5	6	0.274944938508	0.273483952592	5	649	1	
367	0	128	step_1_no_load	1	2	1	379	
367	0	128	step_2_no_load	3	4	0.620672334996	0.636905534066	4	554	0	
367	0	129	step_1_no_load	1	2	1	333	
367	0	129	step_2_no_load	5	6	0.271709703542	0.268213321963	5	1012	0	
367	0	130	step_1_no_load	1	2	1	453	
367	0	130	step_2_no_load	5	6	0.274560758494	0.267460866951	6	1100	1	
367	0	131	step_1_no_load	1	2	1	549	
367	0	131	step_2_no_load	3	4	0.638450601212	0.678044920845	3	716	1	
367	0	132	step_1_no_load	1	2	1	456	
367	0	132	step_2_no_load	3	4	0.660013924697	0.668578020634	3	511	0	
367	0	133	step_1_no_load	1	2	1	306	
367	0	133	step_2_no_load	5	6	0.312642735495	0.315608831386	5	641	0	
367	0	134	step_1_no_load	1	2	1	349	
367	0	134	step_2_no_load	3	4	0.685529359147	0.621945110858	3	668	1	
367	0	135	step_1_no_load	1	2	1	826	
367	0	135	step_2_no_load	3	4	0.700779221781	0.593710006149	3	625	1	
367	0	136	step_1_no_load	1	2	1	447	
367	0	136	step_2_no_load	3	4	0.674914008636	0.597814413435	3	485	0	
367	0	137	step_1_no_load	1	2	1	282	
367	0	137	step_2_no_load	3	4	0.668540846495	0.605896884497	3	554	1	
367	0	138	step_1_no_load	1	2	1	381	
367	0	138	step_2_no_load	3	4	0.688182193337	0.63240964674	3	388	0	
367	0	139	step_1_no_load	1	2	1	278	
367	0	139	step_2_no_load	3	4	0.696355985729	0.636630981281	4	501	1	
367	0	140	step_1_no_load	1	2	1	375	
367	0	140	step_2_no_load	3	4	0.637682840728	0.671213945178	4	502	0	
367	0	141	step_1_no_load	1	2	1	424	
367	0	141	step_2_no_load	3	4	0.616803346728	0.711987889705	4	966	0	
367	0	142	step_1_no_load	1	2	1	377	
367	0	142	step_2_no_load	5	6	0.304203281606	0.397052682821	5	487	0	
367	0	143	step_1_no_load	1	2	1	332	
367	0	143	step_2_no_load	3	4	0.610219102298	0.661365099615	3	579	1	
367	0	144	step_1_no_load	1	2	1	423	
367	0	144	step_2_no_load	5	6	0.275932517017	0.389234194056	6	901	0	
367	0	145	step_1_no_load	1	2	1	273	
367	0	145	step_2_no_load	3	4	0.606515632748	0.6669125229	3	488	1	
367	0	146	step_1_no_load	1	2	1	547	
367	0	146	step_2_no_load	3	4	0.593778463268	0.681611991725	3	562	0	
367	0	147	step_1_no_load	1	2	1	315	
367	0	147	step_2_no_load	3	4	0.594861186319	0.647798886916	4	1027	0	
367	0	148	step_1_no_load	1	2	2	276	
367	0	148	step_2_no_load	5	6	0.305288021243	0.311162711725	6	506	0	
367	0	149	step_1_no_load	1	2	2	307	
367	0	149	step_2_no_load	5	6	0.269951834184	0.300290206122	5	418	0	
367	0	150	step_1_no_load	1	2	2	884	
367	0	150	step_2_no_load	3	4	0.605912419156	0.575985663078	3	747	1	
367	0	151	step_1_no_load	1	2	1	412	
367	0	151	step_2_no_load	5	6	0.348172164421	0.310557101463	5	499	0	
367	0	152	step_1_no_load	1	2	1	335	
367	0	152	step_2_no_load	3	4	0.644204174791	0.595108765344	3	421	1	
367	0	153	step_1_no_load	1	2	1	361	
367	0	153	step_2_no_load	3	4	0.681559292085	0.613336203392	3	639	1	
367	0	154	step_1_no_load	1	2	1	308	
367	0	154	step_2_no_load	3	4	0.671672162443	0.638934099562	4	714	0	
367	0	155	step_1_no_load	1	2	1	470	
367	0	155	step_2_no_load	3	4	0.716100930629	0.632486591889	3	581	0	
367	0	156	step_1_no_load	1	2	2	457	
367	0	156	step_2_no_load	3	4	0.734436160799	0.631048201903	4	824	1	
367	0	157	step_1_no_load	1	2	2	443	
367	0	157	step_2_no_load	5	6	0.350909357271	0.324728201487	5	1106	0	
367	0	158	step_1_no_load	1	2	1	492	
367	0	158	step_2_no_load	3	4	0.694270715354	0.532722108502	4	540	0	
367	0	159	step_1_no_load	1	2	2	462	
367	0	159	step_2_no_load	5	6	0.413026375257	0.321150411254	6	1013	1	
367	0	160	step_1_no_load	1	2	2	359	
367	0	160	step_2_no_load	5	6	0.415052912783	0.355992626298	6	453	1	
367	0	161	step_1_no_load	1	2	2	432	
367	0	161	step_2_no_load	3	4	0.719896286569	0.516036498158	3	1047	1	
367	0	162	step_1_no_load	1	2	2	420	
367	0	162	step_2_no_load	5	6	0.3926701003	0.455329532209	6	746	0	
367	0	163	step_1_no_load	1	2	1	694	
367	0	163	step_2_no_load	5	6	0.395221309311	0.430920885959	6	741	0	
367	0	164	step_1_no_load	1	2	1	267	
367	0	164	step_2_no_load	5	6	0.432761720497	0.430844125626	5	441	0	
367	0	165	step_1_no_load	1	2	1	662	
367	0	165	step_2_no_load	5	6	0.463777557969	0.347974240867	6	756	0	
367	0	166	step_1_no_load	1	2	1	592	
367	0	166	step_2_no_load	3	4	0.686594248975	0.549095060025	3	719	0	
367	0	167	step_1_no_load	1	2	1	737	
367	0	167	step_2_no_load	3	4	0.706271792549	0.585131062446	4	487	0	
367	0	168	step_1_no_load	1	2	2	475	
367	0	168	step_2_no_load	5	6	0.400817642375	0.335777599654	6	354	0	
367	0	169	step_1_no_load	1	2	2	524	
367	0	169	step_2_no_load	3	4	0.704981910944	0.586049140041	4	803	0	
367	0	170	step_1_no_load	1	2	2	671	
367	0	170	step_2_no_load	3	4	0.67334314737	0.57151385403	3	687	1	
367	0	171	step_1_no_load	1	2	1	564	
367	0	171	step_2_no_load	5	6	0.386979310814	0.425122034074	6	778	0	
367	0	172	step_1_no_load	1	2	1	398	
367	0	172	step_2_no_load	5	6	0.363617002148	0.490120307546	5	414	0	
367	0	173	step_1_no_load	1	2	1	650	
367	0	173	step_2_no_load	3	4	0.667027212577	0.484428109849	3	649	1	
367	0	174	step_1_no_load	1	2	1	372	
367	0	174	step_2_no_load	3	4	0.729877433725	0.472729524832	3	524	1	
367	0	175	step_1_no_load	1	2	1	541	
367	0	175	step_2_no_load	3	4	0.693968268443	0.52644949356	3	485	1	
367	0	176	step_1_no_load	1	2	1	654	
367	0	176	step_2_no_load	3	4	0.679250000396	0.474046874473	3	812	1	
367	0	177	step_1_no_load	1	2	1	367	
367	0	177	step_2_no_load	3	4	0.714070205704	0.501268576771	3	463	0	
367	0	178	step_1_no_load	1	2	1	330	
367	0	178	step_2_no_load	3	4	0.705993797498	0.493712351915	4	408	1	
367	0	179	step_1_no_load	1	2	1	477	
367	0	179	step_2_no_load	5	6	0.324685418097	0.493565996034	5	1403	0	
367	0	180	step_1_no_load	1	2	1	406	
367	0	180	step_2_no_load	3	4	0.719795072986	0.482853857291	4	397	0	
367	0	181	step_1_no_load	1	2	2	472	
367	0	181	step_2_no_load	5	6	0.342402764747	0.480141179559	6	374	0	
367	0	182	step_1_no_load	1	2	2	693	
367	0	182	step_2_no_load	3	4	0.72717560423	0.506773281362	3	1156	0	
367	0	183	step_1_no_load	1	2	2	650	
367	0	183	step_2_no_load	5	6	0.350175837802	0.492742497507	5	465	0	
367	0	184	step_1_no_load	1	2	2	589	
367	0	184	step_2_no_load	5	6	0.362743255194	0.480863422096	6	699	1	
367	0	185	step_1_no_load	1	2	2	584	
367	0	185	step_2_no_load	5	6	0.362611152222	0.482228039858	6	535	0	
367	0	186	step_1_no_load	1	2	-1	-1	
367	0	187	step_1_no_load	1	2	1	240	
367	0	187	step_2_no_load	3	4	0.678211978625	0.443962917772	3	319	1	
367	0	188	step_1_no_load	1	2	1	291	
367	0	188	step_2_no_load	3	4	0.696362660087	0.471319680586	3	443	0	
367	0	189	step_1_no_load	1	2	1	263	
367	0	189	step_2_no_load	5	6	0.285168135955	0.534753756004	5	1215	0	
367	0	190	step_1_no_load	1	2	1	491	
367	0	190	step_2_no_load	5	6	0.304557739386	0.505820429042	5	898	0	
367	0	191	step_1_no_load	1	2	1	302	
367	0	191	step_2_no_load	3	4	0.664271461991	0.435748387321	4	596	0	
367	0	192	step_1_no_load	1	2	2	256	
367	0	192	step_2_no_load	5	6	0.299297135717	0.493851022417	5	432	0	
367	0	193	step_1_no_load	1	2	1	314	
367	0	193	step_2_no_load	5	6	0.321008037746	0.504944704439	5	449	0	
367	0	194	step_1_no_load	1	2	1	610	
367	0	194	step_2_no_load	3	4	0.655261361454	0.433250459893	3	458	1	
367	0	195	step_1_no_load	1	2	1	453	
367	0	195	step_2_no_load	5	6	0.348571348505	0.494102184238	5	402	0	
367	0	196	step_1_no_load	1	2	1	383	
367	0	196	step_2_no_load	3	4	0.695101215304	0.421761207498	3	653	0	
367	0	197	step_1_no_load	1	2	1	417	
367	0	197	step_2_no_load	3	4	0.686552522522	0.422511153127	4	560	1	
367	0	198	step_1_no_load	1	2	1	387	
367	0	198	step_2_no_load	3	4	0.68660989813	0.397292432346	4	707	0	
367	0	199	step_1_no_load	1	2	1	431	
367	0	199	step_2_no_load	5	6	0.292861528884	0.529438031858	6	509	1	
367	0	200	step_1_no_load	1	2	1	570	
367	0	200	step_2_no_load	5	6	0.299128796668	0.507902534353	5	1272	0	

Wed Oct 13 17:15:39 2021
