Tue Oct 19 14:55:59 2021	
368	0	1	step_1_no_load	1	2	-1	-1	
368	0	2	step_1_no_load	1	2	2	575	
368	0	2	step_2_no_load	3	4	0.474613197709	0.533203491871	3	490	0	
368	0	3	step_1_no_load	1	2	2	390	
368	0	3	step_2_no_load	3	4	0.476767372206	0.516002945397	3	589	1	
368	0	4	step_1_no_load	1	2	2	552	
368	0	4	step_2_no_load	5	6	0.564086293706	0.597491569846	5	1223	1	
368	0	5	step_1_no_load	1	2	2	704	
368	0	5	step_2_no_load	5	6	0.576104915614	0.623810210114	5	527	1	
368	0	6	step_1_no_load	1	2	2	633	
368	0	6	step_2_no_load	3	4	0.506877622204	0.490454120702	3	600	1	
368	0	7	step_1_no_load	1	2	2	556	
368	0	7	step_2_no_load	5	6	0.622642364361	0.568656746487	5	595	1	
368	0	8	step_1_no_load	1	2	2	416	
368	0	8	step_2_no_load	5	6	0.624210374623	0.59128639594	5	414	1	
368	0	9	step_1_no_load	1	2	2	768	
368	0	9	step_2_no_load	5	6	0.641106877158	0.598049061473	5	559	0	
368	0	10	step_1_no_load	1	2	1	475	
368	0	10	step_2_no_load	3	4	0.482364178155	0.576063520885	4	626	0	
368	0	11	step_1_no_load	1	2	1	444	
368	0	11	step_2_no_load	5	6	0.609191465743	0.69163818036	5	635	1	
368	0	12	step_1_no_load	1	2	1	612	
368	0	12	step_2_no_load	5	6	0.552770607849	0.682786328054	5	707	0	
368	0	13	step_1_no_load	1	2	1	813	
368	0	13	step_2_no_load	5	6	0.558313135925	0.653587098421	6	691	0	
368	0	14	step_1_no_load	1	2	2	455	
368	0	14	step_2_no_load	5	6	0.545555696267	0.629137942344	6	621	0	
368	0	15	step_1_no_load	1	2	2	425	
368	0	15	step_2_no_load	5	6	0.570419113221	0.612260006668	5	512	0	
368	0	16	step_1_no_load	1	2	1	452	
368	0	16	step_2_no_load	3	4	0.510958036527	0.626326396372	4	635	1	
368	0	17	step_1_no_load	1	2	1	477	
368	0	17	step_2_no_load	3	4	0.535958400205	0.643116883134	4	484	1	
368	0	18	step_1_no_load	1	2	1	534	
368	0	18	step_2_no_load	5	6	0.553554620302	0.626834332012	6	532	0	
368	0	19	step_1_no_load	1	2	1	439	
368	0	19	step_2_no_load	3	4	0.498240186199	0.644773170243	3	654	0	
368	0	20	step_1_no_load	1	2	1	643	
368	0	20	step_2_no_load	3	4	0.478025448397	0.60665343963	4	489	0	
368	0	21	step_1_no_load	1	2	2	534	
368	0	21	step_2_no_load	5	6	0.470207377245	0.630305464549	6	636	1	
368	0	22	step_1_no_load	1	2	2	615	
368	0	22	step_2_no_load	3	4	0.506100011497	0.618527126547	4	878	0	
368	0	23	step_1_no_load	1	2	1	1232	
368	0	23	step_2_no_load	3	4	0.520606588181	0.604065470975	4	615	0	
368	0	24	step_1_no_load	1	2	2	8	
368	0	24	step_2_no_load	3	4	0.505388876622	0.5800912085	3	406	1	
368	0	25	step_1_no_load	1	2	2	472	
368	0	25	step_2_no_load	3	4	0.503316372362	0.629917901014	3	575	1	
368	0	26	step_1_no_load	1	2	2	563	
368	0	26	step_2_no_load	5	6	0.532884212818	0.592410219737	5	514	0	
368	0	27	step_1_no_load	1	2	2	808	
368	0	27	step_2_no_load	5	6	0.54756089792	0.57860777711	6	615	0	
368	0	28	step_1_no_load	1	2	2	929	
368	0	28	step_2_no_load	5	6	0.553259388875	0.588356036098	5	535	1	
368	0	29	step_1_no_load	1	2	2	584	
368	0	29	step_2_no_load	5	6	0.561957580386	0.606613029227	5	591	1	
368	0	30	step_1_no_load	1	2	2	393	
368	0	30	step_2_no_load	5	6	0.574272497114	0.608245979832	5	480	0	
368	0	31	step_1_no_load	1	2	1	466	
368	0	31	step_2_no_load	3	4	0.483156722265	0.606122691795	4	1177	0	
368	0	32	step_1_no_load	1	2	1	389	
368	0	32	step_2_no_load	3	4	0.520318771114	0.605616211083	3	604	1	
368	0	33	step_1_no_load	1	2	1	486	
368	0	33	step_2_no_load	3	4	0.487664344039	0.618000238621	3	653	0	
368	0	34	step_1_no_load	1	2	1	936	
368	0	34	step_2_no_load	3	4	0.454565258478	0.670290552209	4	535	0	
368	0	35	step_1_no_load	1	2	2	423	
368	0	35	step_2_no_load	5	6	0.594167768198	0.566827313385	6	604	1	
368	0	36	step_1_no_load	1	2	2	711	
368	0	36	step_2_no_load	5	6	0.611274573488	0.527635087561	6	702	1	
368	0	37	step_1_no_load	1	2	2	584	
368	0	37	step_2_no_load	5	6	0.598446394142	0.513822304161	6	574	1	
368	0	38	step_1_no_load	1	2	2	433	
368	0	38	step_2_no_load	5	6	0.595113730206	0.539078491643	6	456	1	
368	0	39	step_1_no_load	1	2	2	571	
368	0	39	step_2_no_load	5	6	0.610601635554	0.557005857101	6	410	0	
368	0	40	step_1_no_load	1	2	1	187	
368	0	40	step_2_no_load	3	4	0.5691386571	0.636994900683	3	538	0	
368	0	41	step_1_no_load	1	2	1	1030	
368	0	41	step_2_no_load	3	4	0.583829055298	0.633285941184	3	612	1	
368	0	42	step_1_no_load	1	2	1	471	
368	0	42	step_2_no_load	5	6	0.609164606591	0.533857158543	5	662	1	
368	0	43	step_1_no_load	1	2	1	546	
368	0	43	step_2_no_load	3	4	0.548128010644	0.581931546759	3	441	1	
368	0	44	step_1_no_load	1	2	1	516	
368	0	44	step_2_no_load	3	4	0.537842745081	0.589653131867	3	434	1	
368	0	45	step_1_no_load	1	2	1	419	
368	0	45	step_2_no_load	5	6	0.632991467829	0.579346234508	5	418	1	
368	0	46	step_1_no_load	1	2	2	674	
368	0	46	step_2_no_load	5	6	0.600964500555	0.55511883717	5	473	0	
368	0	47	step_1_no_load	1	2	1	430	
368	0	47	step_2_no_load	3	4	0.493112702321	0.634373567175	3	387	0	
368	0	48	step_1_no_load	1	2	2	495	
368	0	48	step_2_no_load	5	6	0.615767119776	0.534690828011	5	542	0	
368	0	49	step_1_no_load	1	2	2	442	
368	0	49	step_2_no_load	5	6	0.610193185592	0.512405963374	6	536	0	
368	0	50	step_1_no_load	1	2	2	554	
368	0	50	step_2_no_load	3	4	0.47381367271	0.593458480934	3	241	1	
368	0	51	step_1_no_load	1	2	2	411	
368	0	51	step_2_no_load	3	4	0.469943944943	0.613357430892	3	497	1	
368	0	52	step_1_no_load	1	2	-1	-1	
368	0	53	step_1_no_load	1	2	-1	-1	
368	0	54	step_1_no_load	1	2	1	307	
368	0	54	step_2_no_load	3	4	0.491512498697	0.652515308527	4	666	1	
368	0	55	step_1_no_load	1	2	1	372	
368	0	55	step_2_no_load	3	4	0.487025527704	0.639840796975	4	658	1	
368	0	56	step_1_no_load	1	2	1	780	
368	0	56	step_2_no_load	3	4	0.459773408493	0.60038825769	4	491	0	
368	0	57	step_1_no_load	1	2	1	223	
368	0	57	step_2_no_load	3	4	0.466449077359	0.586335094239	3	390	1	
368	0	58	step_1_no_load	1	2	1	338	
368	0	58	step_2_no_load	3	4	0.478335218822	0.610896130115	3	472	0	
368	0	59	step_1_no_load	1	2	-1	-1	
368	0	60	step_1_no_load	1	2	2	499	
368	0	60	step_2_no_load	3	4	0.491916707098	0.599559577859	4	498	1	
368	0	61	step_1_no_load	1	2	2	499	
368	0	61	step_2_no_load	5	6	0.669587072502	0.527144452559	6	425	0	
368	0	62	step_1_no_load	1	2	1	540	
368	0	62	step_2_no_load	5	6	0.691137204746	0.533031417444	5	579	1	
368	0	63	step_1_no_load	1	2	1	509	
368	0	63	step_2_no_load	3	4	0.53192660365	0.642623127313	3	500	0	
368	0	64	step_1_no_load	1	2	2	791	
368	0	64	step_2_no_load	3	4	0.555062911513	0.626149195169	3	759	1	
368	0	65	step_1_no_load	1	2	1	374	
368	0	65	step_2_no_load	3	4	0.569109504048	0.619953360065	4	390	0	
368	0	66	step_1_no_load	1	2	1	375	
368	0	66	step_2_no_load	3	4	0.573761869714	0.630357351236	3	445	1	
368	0	67	step_1_no_load	1	2	1	505	
368	0	67	step_2_no_load	3	4	0.542076810516	0.674463681351	3	567	1	
368	0	68	step_1_no_load	1	2	1	1242	
368	0	68	step_2_no_load	5	6	0.622963076372	0.523301545299	5	489	0	
368	0	69	step_1_no_load	1	2	2	446	
368	0	69	step_2_no_load	3	4	0.499137600991	0.718756538957	4	317	1	
368	0	70	step_1_no_load	1	2	2	385	
368	0	70	step_2_no_load	5	6	0.637556284465	0.548075770764	6	415	0	
368	0	71	step_1_no_load	1	2	2	817	
368	0	71	step_2_no_load	5	6	0.639174917797	0.546215110045	5	432	0	
368	0	72	step_1_no_load	1	2	1	393	
368	0	72	step_2_no_load	3	4	0.47409116389	0.705884789502	3	416	0	
368	0	73	step_1_no_load	1	2	1	722	
368	0	73	step_2_no_load	5	6	0.657126403029	0.50185699984	6	480	1	
368	0	74	step_1_no_load	1	2	2	629	
368	0	74	step_2_no_load	5	6	0.614462146454	0.491044983779	5	523	1	
368	0	75	step_1_no_load	1	2	2	463	
368	0	75	step_2_no_load	5	6	0.615552849174	0.483983914712	5	382	1	
368	0	76	step_1_no_load	1	2	2	424	
368	0	76	step_2_no_load	5	6	0.62770291155	0.518881389358	5	471	1	
368	0	77	step_1_no_load	1	2	2	512	
368	0	77	step_2_no_load	5	6	0.564257587118	0.538119616568	5	495	0	
368	0	78	step_1_no_load	1	2	2	415	
368	0	78	step_2_no_load	5	6	0.536711448352	0.538654072849	6	421	0	
368	0	79	step_1_no_load	1	2	2	857	
368	0	79	step_2_no_load	3	4	0.389124152368	0.647841624544	3	487	1	
368	0	80	step_1_no_load	1	2	2	787	
368	0	80	step_2_no_load	3	4	0.396016175285	0.703969305517	3	449	1	
368	0	81	step_1_no_load	1	2	2	459	
368	0	81	step_2_no_load	5	6	0.529745690463	0.494116554432	5	850	0	
368	0	82	step_1_no_load	1	2	1	0	
368	0	82	step_2_no_load	3	4	0.395813831323	0.688340116885	4	657	1	
368	0	83	step_1_no_load	1	2	1	522	
368	0	83	step_2_no_load	5	6	0.607907985871	0.483255412498	6	433	0	
368	0	84	step_1_no_load	1	2	1	476	
368	0	84	step_2_no_load	5	6	0.65843840156	0.505586222209	5	604	0	
368	0	85	step_1_no_load	1	2	2	439	
368	0	85	step_2_no_load	5	6	0.692384972752	0.485785534744	6	454	0	
368	0	86	step_1_no_load	1	2	2	560	
368	0	86	step_2_no_load	5	6	0.691782850001	0.486462788728	5	359	1	
368	0	87	step_1_no_load	1	2	2	593	
368	0	87	step_2_no_load	3	4	0.40000499778	0.690012761069	3	464	0	
368	0	88	step_1_no_load	1	2	1	601	
368	0	88	step_2_no_load	3	4	0.377947492322	0.696773608304	3	471	0	
368	0	89	step_1_no_load	1	2	2	476	
368	0	89	step_2_no_load	3	4	0.415882489686	0.660112261017	4	378	1	
368	0	90	step_1_no_load	1	2	2	452	
368	0	90	step_2_no_load	3	4	0.411459496853	0.688736868033	4	482	0	
368	0	91	step_1_no_load	1	2	2	1477	
368	0	91	step_2_no_load	5	6	0.685023809334	0.479087223222	5	931	0	
368	0	92	step_1_no_load	1	2	1	204	
368	0	92	step_2_no_load	5	6	0.692406274724	0.484260039873	5	348	1	
368	0	93	step_1_no_load	1	2	1	381	
368	0	93	step_2_no_load	3	4	0.439878153082	0.662863370634	3	427	1	
368	0	94	step_1_no_load	1	2	1	621	
368	0	94	step_2_no_load	3	4	0.429211756872	0.668295023896	3	723	1	
368	0	95	step_1_no_load	1	2	1	486	
368	0	95	step_2_no_load	5	6	0.715495469274	0.42505578884	5	414	0	
368	0	96	step_1_no_load	1	2	1	521	
368	0	96	step_2_no_load	3	4	0.383038640121	0.663095813561	4	559	1	
368	0	97	step_1_no_load	1	2	1	312	
368	0	97	step_2_no_load	3	4	0.392885664353	0.651202057411	4	366	1	
368	0	98	step_1_no_load	1	2	1	471	
368	0	98	step_2_no_load	3	4	0.409778171713	0.646040060297	4	454	1	
368	0	99	step_1_no_load	1	2	1	577	
368	0	99	step_2_no_load	3	4	0.397561363605	0.645191748454	4	425	0	
368	0	100	step_1_no_load	1	2	2	827	
368	0	100	step_2_no_load	3	4	0.4333505304	0.66579920021	3	443	0	
368	0	101	step_1_no_load	1	2	2	380	
368	0	101	step_2_no_load	5	6	0.623812401974	0.366879421891	6	441	0	
368	0	102	step_1_no_load	1	2	1	853	
368	0	102	step_2_no_load	5	6	0.666304534392	0.326080462175	5	435	1	
368	0	103	step_1_no_load	1	2	1	392	
368	0	103	step_2_no_load	3	4	0.481975449893	0.69058998368	3	462	1	
368	0	104	step_1_no_load	1	2	1	456	
368	0	104	step_2_no_load	3	4	0.521047445908	0.743372642809	3	558	0	
368	0	105	step_1_no_load	1	2	1	674	
368	0	105	step_2_no_load	3	4	0.514318365187	0.722851301692	3	641	0	
368	0	106	step_1_no_load	1	2	2	1427	
368	0	106	step_2_no_load	5	6	0.712883638252	0.374131494222	5	706	1	
368	0	107	step_1_no_load	1	2	2	1162	
368	0	107	step_2_no_load	5	6	0.692607431435	0.388257337796	5	584	1	
368	0	108	step_1_no_load	1	2	2	443	
368	0	108	step_2_no_load	3	4	0.526955028982	0.681491063126	3	322	0	
368	0	109	step_1_no_load	1	2	2	326	
368	0	109	step_2_no_load	5	6	0.71632547018	0.372328831887	6	373	0	
368	0	110	step_1_no_load	1	2	1	0	
368	0	110	step_2_no_load	5	6	0.729599891941	0.395544455384	5	494	1	
368	0	111	step_1_no_load	1	2	1	409	
368	0	111	step_2_no_load	5	6	0.724852671171	0.407158158569	5	577	1	
368	0	112	step_1_no_load	1	2	1	426	
368	0	112	step_2_no_load	5	6	0.725701866094	0.413393106784	5	424	0	
368	0	113	step_1_no_load	1	2	1	378	
368	0	113	step_2_no_load	3	4	0.370697120277	0.634627459817	4	337	1	
368	0	114	step_1_no_load	1	2	1	549	
368	0	114	step_2_no_load	3	4	0.380324086676	0.657654904272	4	555	1	
368	0	115	step_1_no_load	1	2	1	380	
368	0	115	step_2_no_load	3	4	0.390027643099	0.645721217949	4	516	1	
368	0	116	step_1_no_load	1	2	1	476	
368	0	116	step_2_no_load	5	6	0.706736514943	0.369438791876	6	465	0	
368	0	117	step_1_no_load	1	2	1	413	
368	0	117	step_2_no_load	5	6	0.747012267642	0.363056877927	5	370	1	
368	0	118	step_1_no_load	1	2	1	446	
368	0	118	step_2_no_load	3	4	0.357645851833	0.690484235012	3	502	1	
368	0	119	step_1_no_load	1	2	1	672	
368	0	119	step_2_no_load	3	4	0.357515098446	0.661177321751	3	902	0	
368	0	120	step_1_no_load	1	2	1	497	
368	0	120	step_2_no_load	3	4	0.370150243662	0.666433355915	4	1232	1	
368	0	121	step_1_no_load	1	2	1	368	
368	0	121	step_2_no_load	3	4	0.352721767208	0.671052306195	4	414	1	
368	0	122	step_1_no_load	1	2	1	393	
368	0	122	step_2_no_load	5	6	0.6136886145	0.266650857402	6	344	0	
368	0	123	step_1_no_load	1	2	2	572	
368	0	123	step_2_no_load	5	6	0.583607229978	0.269780614928	6	747	0	
368	0	124	step_1_no_load	1	2	2	526	
368	0	124	step_2_no_load	5	6	0.603013298253	0.26095206597	5	397	0	
368	0	125	step_1_no_load	1	2	1	648	
368	0	125	step_2_no_load	5	6	0.559596800931	0.290374841566	5	478	1	
368	0	126	step_1_no_load	1	2	1	376	
368	0	126	step_2_no_load	3	4	0.300846667696	0.600985760967	3	456	0	
368	0	127	step_1_no_load	1	2	1	448	
368	0	127	step_2_no_load	5	6	0.560824094575	0.273483952592	6	548	0	
368	0	128	step_1_no_load	1	2	1	353	
368	0	128	step_2_no_load	3	4	0.250790232267	0.620672334996	3	360	1	
368	0	129	step_1_no_load	1	2	1	604	
368	0	129	step_2_no_load	3	4	0.271709703542	0.632682846317	3	491	0	
368	0	130	step_1_no_load	1	2	1	493	
368	0	130	step_2_no_load	3	4	0.274560758494	0.630285316669	3	459	0	
368	0	131	step_1_no_load	1	2	2	419	
368	0	131	step_2_no_load	5	6	0.678044920845	0.281500842289	6	922	0	
368	0	132	step_1_no_load	1	2	2	597	
368	0	132	step_2_no_load	5	6	0.668578020634	0.27986961048	6	386	0	
368	0	133	step_1_no_load	1	2	1	487	
368	0	133	step_2_no_load	3	4	0.312642735495	0.691649444281	3	572	1	
368	0	134	step_1_no_load	1	2	1	591	
368	0	134	step_2_no_load	3	4	0.302839427162	0.685529359147	3	542	0	
368	0	135	step_1_no_load	1	2	1	730	
368	0	135	step_2_no_load	3	4	0.287118934166	0.700779221781	3	362	0	
368	0	136	step_1_no_load	1	2	1	421	
368	0	136	step_2_no_load	5	6	0.597814413435	0.307766925452	6	348	1	
368	0	137	step_1_no_load	1	2	1	319	
368	0	137	step_2_no_load	5	6	0.605896884497	0.346433498467	6	389	1	
368	0	138	step_1_no_load	1	2	1	503	
368	0	138	step_2_no_load	3	4	0.307694123906	0.688182193337	4	541	0	
368	0	139	step_1_no_load	1	2	1	446	
368	0	139	step_2_no_load	3	4	0.323660750961	0.696355985729	3	364	1	
368	0	140	step_1_no_load	1	2	1	478	
368	0	140	step_2_no_load	5	6	0.671213945178	0.348740542008	5	452	1	
368	0	141	step_1_no_load	1	2	1	448	
368	0	141	step_2_no_load	3	4	0.311809871418	0.616803346728	3	527	0	
368	0	142	step_1_no_load	1	2	1	442	
368	0	142	step_2_no_load	3	4	0.304203281606	0.627356259123	4	345	1	
368	0	143	step_1_no_load	1	2	1	522	
368	0	143	step_2_no_load	5	6	0.661365099615	0.410970957547	6	585	1	
368	0	144	step_1_no_load	1	2	1	530	
368	0	144	step_2_no_load	3	4	0.275932517017	0.639347300184	4	536	0	
368	0	145	step_1_no_load	1	2	1	804	
368	0	145	step_2_no_load	3	4	0.266265924094	0.606515632748	4	603	1	
368	0	146	step_1_no_load	1	2	1	965	
368	0	146	step_2_no_load	5	6	0.681611991725	0.320877500969	6	507	0	
368	0	147	step_1_no_load	1	2	2	21	
368	0	147	step_2_no_load	5	6	0.647798886916	0.352879785946	6	364	0	
368	0	148	step_1_no_load	1	2	2	479	
368	0	148	step_2_no_load	5	6	0.619272702026	0.311162711725	5	352	1	
368	0	149	step_1_no_load	1	2	2	833	
368	0	149	step_2_no_load	5	6	0.601870110183	0.300290206122	5	576	1	
368	0	150	step_1_no_load	1	2	2	530	
368	0	150	step_2_no_load	5	6	0.575985663078	0.306860041627	-1	-1	-1	
368	0	151	step_1_no_load	1	2	2	582	
368	0	151	step_2_no_load	3	4	0.348172164421	0.614159737668	3	1285	1	
368	0	152	step_1_no_load	1	2	2	591	
368	0	152	step_2_no_load	5	6	0.595108765344	0.323194010514	5	422	1	
368	0	153	step_1_no_load	1	2	2	585	
368	0	153	step_2_no_load	5	6	0.613336203392	0.343622632154	5	504	1	
368	0	154	step_1_no_load	1	2	2	513	
368	0	154	step_2_no_load	3	4	0.316375537537	0.671672162443	3	624	0	
368	0	155	step_1_no_load	1	2	2	0	
368	0	155	step_2_no_load	5	6	0.632486591889	0.372188990474	6	367	1	
368	0	156	step_1_no_load	1	2	2	529	
368	0	156	step_2_no_load	5	6	0.631048201903	0.368378667812	6	536	0	
368	0	157	step_1_no_load	1	2	2	547	
368	0	157	step_2_no_load	3	4	0.350909357271	0.720725456325	4	690	0	
368	0	158	step_1_no_load	1	2	1	1333	
368	0	158	step_2_no_load	3	4	0.408728803896	0.694270715354	3	1316	0	
368	0	159	step_1_no_load	1	2	1	606	
368	0	159	step_2_no_load	5	6	0.541222065796	0.321150411254	6	413	1	
368	0	160	step_1_no_load	1	2	1	398	
368	0	160	step_2_no_load	3	4	0.415052912783	0.710728171711	4	461	1	
368	0	161	step_1_no_load	1	2	1	937	
368	0	161	step_2_no_load	3	4	0.407025633682	0.719896286569	4	430	0	
368	0	162	step_1_no_load	1	2	1	355	
368	0	162	step_2_no_load	3	4	0.3926701003	0.695144769903	3	385	1	
368	0	163	step_1_no_load	1	2	1	549	
368	0	163	step_2_no_load	3	4	0.395221309311	0.697095951435	3	595	0	
368	0	164	step_1_no_load	1	2	-1	-1	
368	0	165	step_1_no_load	1	2	2	669	
368	0	165	step_2_no_load	3	4	0.463777557969	0.717506143195	4	516	1	
368	0	166	step_1_no_load	1	2	2	483	
368	0	166	step_2_no_load	5	6	0.549095060025	0.356317216644	6	593	0	
368	0	167	step_1_no_load	1	2	1	612	
368	0	167	step_2_no_load	3	4	0.38753671275	0.706271792549	3	402	1	
368	0	168	step_1_no_load	1	2	1	503	
368	0	168	step_2_no_load	3	4	0.400817642375	0.67192508984	3	517	1	
368	0	169	step_1_no_load	1	2	1	312	
368	0	169	step_2_no_load	3	4	0.42098542374	0.704981910944	3	398	0	
368	0	170	step_1_no_load	1	2	1	514	
368	0	170	step_2_no_load	3	4	0.411067820436	0.67334314737	4	441	1	
368	0	171	step_1_no_load	1	2	1	469	
368	0	171	step_2_no_load	3	4	0.386979310814	0.727248140829	4	516	1	
368	0	172	step_1_no_load	1	2	1	501	
368	0	172	step_2_no_load	3	4	0.363617002148	0.668669556875	4	516	1	
368	0	173	step_1_no_load	1	2	1	582	
368	0	173	step_2_no_load	5	6	0.484428109849	0.462866379815	6	541	1	
368	0	174	step_1_no_load	1	2	1	490	
368	0	174	step_2_no_load	5	6	0.472729524832	0.46236234172	6	384	1	
368	0	175	step_1_no_load	1	2	1	533	
368	0	175	step_2_no_load	3	4	0.426185553904	0.693968268443	4	1028	0	
368	0	176	step_1_no_load	1	2	2	575	
368	0	176	step_2_no_load	5	6	0.474046874473	0.500856457218	5	446	0	
368	0	177	step_1_no_load	1	2	2	346	
368	0	177	step_2_no_load	5	6	0.501268576771	0.4798184927	6	336	0	
368	0	178	step_1_no_load	1	2	2	468	
368	0	178	step_2_no_load	5	6	0.493712351915	0.49020858644	5	324	1	
368	0	179	step_1_no_load	1	2	2	535	
368	0	179	step_2_no_load	5	6	0.457298770028	0.493565996034	5	614	0	
368	0	180	step_1_no_load	1	2	2	176	
368	0	180	step_2_no_load	5	6	0.482853857291	0.489345734128	6	343	0	
368	0	181	step_1_no_load	1	2	1	657	
368	0	181	step_2_no_load	3	4	0.342402764747	0.746910336326	3	527	0	
368	0	182	step_1_no_load	1	2	1	370	
368	0	182	step_2_no_load	3	4	0.340533666308	0.72717560423	4	393	0	
368	0	183	step_1_no_load	1	2	2	380	
368	0	183	step_2_no_load	5	6	0.502991759047	0.492742497507	5	467	0	
368	0	184	step_1_no_load	1	2	1	357	
368	0	184	step_2_no_load	5	6	0.460890977786	0.480863422096	5	325	0	
368	0	185	step_1_no_load	1	2	1	406	
368	0	185	step_2_no_load	5	6	0.479703516092	0.482228039858	6	893	1	
368	0	186	step_1_no_load	1	2	1	565	
368	0	186	step_2_no_load	3	4	0.332733011923	0.656308636836	4	531	1	
368	0	187	step_1_no_load	1	2	1	513	
368	0	187	step_2_no_load	3	4	0.328890769988	0.678211978625	4	567	1	
368	0	188	step_1_no_load	1	2	1	984	
368	0	188	step_2_no_load	3	4	0.291508050861	0.696362660087	4	1174	1	
368	0	189	step_1_no_load	1	2	1	378	
368	0	189	step_2_no_load	3	4	0.285168135955	0.688353284054	4	913	1	
368	0	190	step_1_no_load	1	2	1	524	
368	0	190	step_2_no_load	3	4	0.304557739386	0.667655825994	4	531	0	
368	0	191	step_1_no_load	1	2	2	357	
368	0	191	step_2_no_load	3	4	0.318839908867	0.664271461991	3	1491	0	
368	0	192	step_1_no_load	1	2	2	557	
368	0	192	step_2_no_load	5	6	0.450791310283	0.493851022417	6	92	1	
368	0	193	step_1_no_load	1	2	2	536	
368	0	193	step_2_no_load	5	6	0.440813209638	0.504944704439	6	535	0	
368	0	194	step_1_no_load	1	2	2	634	
368	0	194	step_2_no_load	3	4	0.342437174514	0.655261361454	4	497	0	
368	0	195	step_1_no_load	1	2	2	477	
368	0	195	step_2_no_load	5	6	0.466795336969	0.494102184238	5	388	1	
368	0	196	step_1_no_load	1	2	2	430	
368	0	196	step_2_no_load	3	4	0.365373286058	0.695101215304	3	389	0	
368	0	197	step_1_no_load	1	2	2	414	
368	0	197	step_2_no_load	3	4	0.316987700969	0.686552522522	4	396	0	
368	0	198	step_1_no_load	1	2	2	488	
368	0	198	step_2_no_load	5	6	0.397292432346	0.485065498391	5	407	0	
368	0	199	step_1_no_load	1	2	2	396	
368	0	199	step_2_no_load	5	6	0.39793773834	0.529438031858	6	354	1	
368	0	200	step_1_no_load	1	2	2	613	
368	0	200	step_2_no_load	5	6	0.372436949782	0.507902534353	6	652	1	

Tue Oct 19 15:16:25 2021
