Wed Nov  3 14:48:11 2021	
372	0	1	step_1_no_load	1	2	1	682	
372	0	1	step_2_no_load	3	4	0.594299910136	0.511789129507	3	1156	0	
372	0	2	step_1_no_load	1	2	1	914	
372	0	2	step_2_no_load	3	4	0.610961032466	0.533203491871	4	194	0	
372	0	3	step_1_no_load	1	2	1	686	
372	0	3	step_2_no_load	3	4	0.589215227351	0.516002945397	3	1261	1	
372	0	4	step_1_no_load	1	2	1	1009	
372	0	4	step_2_no_load	5	6	0.478607661228	0.597491569846	5	511	0	
372	0	5	step_1_no_load	1	2	1	906	
372	0	5	step_2_no_load	3	4	0.576104915614	0.543908521457	3	692	1	
372	0	6	step_1_no_load	1	2	-1	-1	
372	0	7	step_1_no_load	1	2	2	477	
372	0	7	step_2_no_load	5	6	0.500071913476	0.568656746487	6	1179	1	
372	0	8	step_1_no_load	1	2	2	648	
372	0	8	step_2_no_load	5	6	0.489816616396	0.59128639594	6	406	0	
372	0	9	step_1_no_load	1	2	2	626	
372	0	9	step_2_no_load	3	4	0.641106877158	0.54429228266	3	1044	0	
372	0	10	step_1_no_load	1	2	2	736	
372	0	10	step_2_no_load	3	4	0.636063269715	0.576063520885	4	614	0	
372	0	11	step_1_no_load	1	2	2	409	
372	0	11	step_2_no_load	5	6	0.477013315682	0.69163818036	6	455	1	
372	0	12	step_1_no_load	1	2	2	718	
372	0	12	step_2_no_load	5	6	0.48457206759	0.682786328054	6	1309	1	
372	0	13	step_1_no_load	1	2	2	675	
372	0	13	step_2_no_load	5	6	0.52012981853	0.653587098421	6	441	0	
372	0	14	step_1_no_load	1	2	2	773	
372	0	14	step_2_no_load	5	6	0.491234392147	0.629137942344	5	452	1	
372	0	15	step_1_no_load	1	2	2	713	
372	0	15	step_2_no_load	5	6	0.505377237737	0.612260006668	5	760	0	
372	0	16	step_1_no_load	1	2	2	644	
372	0	16	step_2_no_load	5	6	0.510958036527	0.628091198119	5	571	0	
372	0	17	step_1_no_load	1	2	1	1368	
372	0	17	step_2_no_load	3	4	0.562895132605	0.643116883134	3	671	0	
372	0	18	step_1_no_load	1	2	1	692	
372	0	18	step_2_no_load	5	6	0.517514133912	0.626834332012	6	227	0	
372	0	19	step_1_no_load	1	2	2	863	
372	0	19	step_2_no_load	5	6	0.498240186199	0.619895761657	6	438	1	
372	0	20	step_1_no_load	1	2	2	674	
372	0	20	step_2_no_load	5	6	0.478025448397	0.636521555122	6	617	1	
372	0	21	step_1_no_load	1	2	2	793	
372	0	21	step_2_no_load	5	6	0.49769376036	0.630305464549	5	407	1	
372	0	22	step_1_no_load	1	2	2	732	
372	0	22	step_2_no_load	5	6	0.506100011497	0.621949894727	5	1002	1	
372	0	23	step_1_no_load	1	2	2	1160	
372	0	23	step_2_no_load	5	6	0.520606588181	0.640163623731	5	607	0	
372	0	24	step_1_no_load	1	2	2	499	
372	0	24	step_2_no_load	5	6	0.505388876622	0.582115115688	6	442	1	
372	0	25	step_1_no_load	1	2	2	991	
372	0	25	step_2_no_load	3	4	0.503605105412	0.629917901014	4	687	0	
372	0	26	step_1_no_load	1	2	-1	-1	
372	0	27	step_1_no_load	1	2	1	423	
372	0	27	step_2_no_load	3	4	0.54756089792	0.642144756622	3	767	0	
372	0	28	step_1_no_load	1	2	1	556	
372	0	28	step_2_no_load	3	4	0.553259388875	0.647441527317	4	843	0	
372	0	29	step_1_no_load	1	2	1	615	
372	0	29	step_2_no_load	5	6	0.521159009103	0.606613029227	-1	-1	-1	
372	0	30	step_1_no_load	1	2	2	627	
372	0	30	step_2_no_load	3	4	0.574272497114	0.610227092493	4	1154	1	
372	0	31	step_1_no_load	1	2	2	774	
372	0	31	step_2_no_load	5	6	0.483156722265	0.636602545794	5	1445	1	
372	0	32	step_1_no_load	1	2	2	684	
372	0	32	step_2_no_load	5	6	0.520318771114	0.634585171267	5	1106	1	
372	0	33	step_1_no_load	1	2	1	862	
372	0	33	step_2_no_load	3	4	0.542309898544	0.618000238621	-1	-1	-1	
372	0	34	step_1_no_load	1	2	1	703	
372	0	34	step_2_no_load	3	4	0.538523758058	0.670290552209	3	1485	0	
372	0	35	step_1_no_load	1	2	1	640	
372	0	35	step_2_no_load	5	6	0.491437207585	0.566827313385	6	1158	1	
372	0	36	step_1_no_load	1	2	1	601	
372	0	36	step_2_no_load	5	6	0.513210053121	0.527635087561	6	688	0	
372	0	37	step_1_no_load	1	2	2	499	
372	0	37	step_2_no_load	5	6	0.543074626387	0.513822304161	5	1291	1	
372	0	38	step_1_no_load	1	2	2	1093	
372	0	38	step_2_no_load	5	6	0.553931241266	0.539078491643	5	1340	0	
372	0	39	step_1_no_load	1	2	2	542	
372	0	39	step_2_no_load	3	4	0.610601635554	0.634483337633	-1	-1	-1	
372	0	40	step_1_no_load	1	2	2	536	
372	0	40	step_2_no_load	5	6	0.5691386571	0.580760785074	-1	-1	-1	
372	0	41	step_1_no_load	1	2	2	1379	
372	0	41	step_2_no_load	3	4	0.588857868869	0.633285941184	3	834	0	
372	0	42	step_1_no_load	1	2	1	645	
372	0	42	step_2_no_load	3	4	0.609164606591	0.606696263624	-1	-1	-1	
372	0	43	step_1_no_load	1	2	1	539	
372	0	43	step_2_no_load	3	4	0.612705031264	0.581931546759	4	610	1	
372	0	44	step_1_no_load	1	2	2	893	
372	0	44	step_2_no_load	5	6	0.537842745081	0.541854396676	-1	-1	-1	
372	0	45	step_1_no_load	1	2	2	670	
372	0	45	step_2_no_load	3	4	0.632991467829	0.620699591043	3	508	0	
372	0	46	step_1_no_load	1	2	2	569	
372	0	46	step_2_no_load	5	6	0.532238720495	0.55511883717	5	1392	1	
372	0	47	step_1_no_load	1	2	2	868	
372	0	47	step_2_no_load	3	4	0.598724660986	0.634373567175	4	963	1	
372	0	48	step_1_no_load	1	2	1	848	
372	0	48	step_2_no_load	3	4	0.615767119776	0.657624935632	3	1335	0	
372	0	49	step_1_no_load	1	2	1	599	
372	0	49	step_2_no_load	5	6	0.489287375157	0.512405963374	-1	-1	-1	
372	0	50	step_1_no_load	1	2	1	449	
372	0	50	step_2_no_load	5	6	0.47381367271	0.481616544184	6	968	0	
372	0	51	step_1_no_load	1	2	1	524	
372	0	51	step_2_no_load	3	4	0.564866799699	0.613357430892	-1	-1	-1	
372	0	52	step_1_no_load	1	2	1	464	
372	0	52	step_2_no_load	5	6	0.429622901875	0.513589895419	6	790	1	
372	0	53	step_1_no_load	1	2	2	651	
372	0	53	step_2_no_load	5	6	0.451905460347	0.475342927439	5	578	1	
372	0	54	step_1_no_load	1	2	2	678	
372	0	54	step_2_no_load	3	4	0.570223904064	0.652515308527	4	1204	0	
372	0	55	step_1_no_load	1	2	1	696	
372	0	55	step_2_no_load	5	6	0.487025527704	0.526704292526	6	1454	0	
372	0	56	step_1_no_load	1	2	1	404	
372	0	56	step_2_no_load	5	6	0.459773408493	0.538512915562	-1	-1	-1	
372	0	57	step_1_no_load	1	2	1	684	
372	0	57	step_2_no_load	3	4	0.641849303307	0.586335094239	4	859	1	
372	0	58	step_1_no_load	1	2	1	480	
372	0	58	step_2_no_load	3	4	0.664682809182	0.610896130115	3	1280	1	
372	0	59	step_1_no_load	1	2	2	643	
372	0	59	step_2_no_load	5	6	0.480274332693	0.537400760025	6	1113	0	
372	0	60	step_1_no_load	1	2	2	563	
372	0	60	step_2_no_load	3	4	0.623687406259	0.599559577859	3	1474	1	
372	0	61	step_1_no_load	1	2	2	749	
372	0	61	step_2_no_load	5	6	0.464268875813	0.527144452559	5	836	1	
372	0	62	step_1_no_load	1	2	1	987	
372	0	62	step_2_no_load	3	4	0.691137204746	0.622820395113	4	649	0	
372	0	63	step_1_no_load	1	2	1	367	
372	0	63	step_2_no_load	5	6	0.53192660365	0.519445130796	5	517	0	
372	0	64	step_1_no_load	1	2	1	378	
372	0	64	step_2_no_load	3	4	0.642369708469	0.626149195169	4	992	0	
372	0	65	step_1_no_load	1	2	1	486	
372	0	65	step_2_no_load	5	6	0.569109504048	0.517687993213	-1	-1	-1	
372	0	66	step_1_no_load	1	2	1	874	
372	0	66	step_2_no_load	5	6	0.573761869714	0.555324764318	6	471	0	
372	0	67	step_1_no_load	1	2	1	485	
372	0	67	step_2_no_load	3	4	0.597650193897	0.674463681351	4	602	0	
372	0	68	step_1_no_load	1	2	1	1130	
372	0	68	step_2_no_load	3	4	0.622963076372	0.719455209845	4	495	0	
372	0	69	step_1_no_load	1	2	2	532	
372	0	69	step_2_no_load	5	6	0.499137600991	0.560462111264	6	730	0	
372	0	70	step_1_no_load	1	2	2	683	
372	0	70	step_2_no_load	5	6	0.498834901463	0.548075770764	5	714	1	
372	0	71	step_1_no_load	1	2	1	468	
372	0	71	step_2_no_load	3	4	0.639174917797	0.706816191949	3	924	1	
372	0	72	step_1_no_load	1	2	1	503	
372	0	72	step_2_no_load	5	6	0.47409116389	0.556486305476	6	1012	0	
372	0	73	step_1_no_load	1	2	2	481	
372	0	73	step_2_no_load	3	4	0.657126403029	0.727961155836	3	1016	1	
372	0	74	step_1_no_load	1	2	2	789	
372	0	74	step_2_no_load	5	6	0.453420386428	0.491044983779	-1	-1	-1	
372	0	75	step_1_no_load	1	2	2	664	
372	0	75	step_2_no_load	5	6	0.44832280175	0.483983914712	5	703	1	
372	0	76	step_1_no_load	1	2	2	739	
372	0	76	step_2_no_load	3	4	0.62770291155	0.690117652944	3	1017	1	
372	0	77	step_1_no_load	1	2	2	622	
372	0	77	step_2_no_load	5	6	0.446809557226	0.538119616568	5	1166	0	
372	0	78	step_1_no_load	1	2	2	413	
372	0	78	step_2_no_load	5	6	0.435911167612	0.538654072849	5	371	0	
372	0	79	step_1_no_load	1	2	2	425	
372	0	79	step_2_no_load	5	6	0.389124152368	0.540085062695	6	896	0	
372	0	80	step_1_no_load	1	2	2	509	
372	0	80	step_2_no_load	3	4	0.518583383166	0.703969305517	3	954	1	
372	0	81	step_1_no_load	1	2	2	447	
372	0	81	step_2_no_load	3	4	0.529745690463	0.702400933084	3	1069	0	
372	0	82	step_1_no_load	1	2	1	451	
372	0	82	step_2_no_load	3	4	0.564729328387	0.688340116885	4	929	1	
372	0	83	step_1_no_load	1	2	1	612	
372	0	83	step_2_no_load	3	4	0.607907985871	0.726885136842	4	940	0	
372	0	84	step_1_no_load	1	2	1	505	
372	0	84	step_2_no_load	3	4	0.65843840156	0.731466635793	3	1183	1	
372	0	85	step_1_no_load	1	2	1	587	
372	0	85	step_2_no_load	3	4	0.692384972752	0.712989604416	3	634	1	
372	0	86	step_1_no_load	1	2	1	528	
372	0	86	step_2_no_load	3	4	0.691782850001	0.721207648497	3	1062	0	
372	0	87	step_1_no_load	1	2	1	517	
372	0	87	step_2_no_load	3	4	0.719375344246	0.690012761069	4	612	1	
372	0	88	step_1_no_load	1	2	2	760	
372	0	88	step_2_no_load	5	6	0.377947492322	0.509563243675	6	719	1	
372	0	89	step_1_no_load	1	2	2	612	
372	0	89	step_2_no_load	5	6	0.415882489686	0.490019385174	6	522	0	
372	0	90	step_1_no_load	1	2	2	416	
372	0	90	step_2_no_load	5	6	0.411459496853	0.530126112124	5	446	1	
372	0	91	step_1_no_load	1	2	1	478	
372	0	91	step_2_no_load	3	4	0.685023809334	0.657820521772	3	1388	0	
372	0	92	step_1_no_load	1	2	1	471	
372	0	92	step_2_no_load	3	4	0.692406274724	0.679381608313	4	598	0	
372	0	93	step_1_no_load	1	2	1	363	
372	0	93	step_2_no_load	3	4	0.70415710998	0.662863370634	3	666	1	
372	0	94	step_1_no_load	1	2	1	599	
372	0	94	step_2_no_load	3	4	0.719464414227	0.668295023896	3	509	1	
372	0	95	step_1_no_load	1	2	1	547	
372	0	95	step_2_no_load	3	4	0.715495469274	0.640209855442	3	690	0	
372	0	96	step_1_no_load	1	2	1	416	
372	0	96	step_2_no_load	5	6	0.383038640121	0.437558890646	-1	-1	-1	
372	0	97	step_1_no_load	1	2	1	531	
372	0	97	step_2_no_load	3	4	0.681272614291	0.651202057411	3	920	1	
372	0	98	step_1_no_load	1	2	1	1037	
372	0	98	step_2_no_load	3	4	0.70287861952	0.646040060297	-1	-1	-1	
372	0	99	step_1_no_load	1	2	1	968	
372	0	99	step_2_no_load	5	6	0.397561363605	0.375249961522	5	1183	0	
372	0	100	step_1_no_load	1	2	1	645	
372	0	100	step_2_no_load	3	4	0.666227451505	0.66579920021	4	948	1	
372	0	101	step_1_no_load	1	2	2	584	
372	0	101	step_2_no_load	5	6	0.497432607584	0.366879421891	6	1462	0	
372	0	102	step_1_no_load	1	2	2	579	
372	0	102	step_2_no_load	3	4	0.666304534392	0.663124617603	-1	-1	-1	
372	0	103	step_1_no_load	1	2	1	920	
372	0	103	step_2_no_load	3	4	0.663997796029	0.69058998368	4	639	1	
372	0	104	step_1_no_load	1	2	1	443	
372	0	104	step_2_no_load	5	6	0.521047445908	0.303696146503	6	585	0	
372	0	105	step_1_no_load	1	2	1	453	
372	0	105	step_2_no_load	3	4	0.689135357059	0.722851301692	4	773	1	
372	0	106	step_1_no_load	1	2	2	530	
372	0	106	step_2_no_load	5	6	0.508908032404	0.374131494222	-1	-1	-1	
372	0	107	step_1_no_load	1	2	2	655	
372	0	107	step_2_no_load	5	6	0.565220528809	0.388257337796	5	574	0	
372	0	108	step_1_no_load	1	2	2	643	
372	0	108	step_2_no_load	5	6	0.526955028982	0.388185708856	6	474	1	
372	0	109	step_1_no_load	1	2	2	901	
372	0	109	step_2_no_load	5	6	0.479977531501	0.372328831887	6	773	0	
372	0	110	step_1_no_load	1	2	2	513	
372	0	110	step_2_no_load	3	4	0.729599891941	0.65455226558	3	1072	0	
372	0	111	step_1_no_load	1	2	1	397	
372	0	111	step_2_no_load	3	4	0.724852671171	0.634599547742	4	739	0	
372	0	112	step_1_no_load	1	2	1	408	
372	0	112	step_2_no_load	3	4	0.725701866094	0.635252945963	3	767	1	
372	0	113	step_1_no_load	1	2	1	453	
372	0	113	step_2_no_load	3	4	0.719324307956	0.634627459817	3	412	0	
372	0	114	step_1_no_load	1	2	1	713	
372	0	114	step_2_no_load	5	6	0.380324086676	0.384736699284	6	1063	0	
372	0	115	step_1_no_load	1	2	2	452	
372	0	115	step_2_no_load	5	6	0.390027643099	0.357661171116	5	658	0	
372	0	116	step_1_no_load	1	2	1	527	
372	0	116	step_2_no_load	3	4	0.706736514943	0.680124293449	4	965	1	
372	0	117	step_1_no_load	1	2	1	315	
372	0	117	step_2_no_load	5	6	0.374621793791	0.363056877927	6	569	0	
372	0	118	step_1_no_load	1	2	1	600	
372	0	118	step_2_no_load	5	6	0.357645851833	0.362977115924	5	671	1	
372	0	119	step_1_no_load	1	2	1	493	
372	0	119	step_2_no_load	3	4	0.690424535099	0.661177321751	3	876	0	
372	0	120	step_1_no_load	1	2	2	888	
372	0	120	step_2_no_load	5	6	0.370150243662	0.333809617664	5	535	0	
372	0	121	step_1_no_load	1	2	1	1252	
372	0	121	step_2_no_load	3	4	0.658856304095	0.671052306195	4	646	1	
372	0	122	step_1_no_load	1	2	1	394	
372	0	122	step_2_no_load	3	4	0.6136886145	0.672193618854	4	409	0	
372	0	123	step_1_no_load	1	2	1	388	
372	0	123	step_2_no_load	3	4	0.583607229978	0.664849878232	3	570	0	
372	0	124	step_1_no_load	1	2	1	486	
372	0	124	step_2_no_load	3	4	0.603013298253	0.624161788269	-1	-1	-1	
372	0	125	step_1_no_load	1	2	1	641	
372	0	125	step_2_no_load	3	4	0.559596800931	0.633566302563	3	471	1	
372	0	126	step_1_no_load	1	2	1	482	
372	0	126	step_2_no_load	3	4	0.537863824328	0.600985760967	3	1113	1	
372	0	127	step_1_no_load	1	2	1	547	
372	0	127	step_2_no_load	5	6	0.274944938508	0.273483952592	5	554	1	
372	0	128	step_1_no_load	1	2	2	445	
372	0	128	step_2_no_load	3	4	0.636905534066	0.620672334996	3	1203	1	
372	0	129	step_1_no_load	1	2	2	568	
372	0	129	step_2_no_load	5	6	0.271709703542	0.268213321963	6	1391	1	
372	0	130	step_1_no_load	1	2	2	788	
372	0	130	step_2_no_load	5	6	0.274560758494	0.267460866951	6	819	1	
372	0	131	step_1_no_load	1	2	2	351	
372	0	131	step_2_no_load	5	6	0.311475039155	0.281500842289	6	777	0	
372	0	132	step_1_no_load	1	2	2	1	
372	0	132	step_2_no_load	5	6	0.315328810424	0.27986961048	6	226	0	
372	0	133	step_1_no_load	1	2	2	439	
372	0	133	step_2_no_load	5	6	0.312642735495	0.315608831386	5	614	0	
372	0	134	step_1_no_load	1	2	1	275	
372	0	134	step_2_no_load	3	4	0.621945110858	0.685529359147	4	1058	1	
372	0	135	step_1_no_load	1	2	1	820	
372	0	135	step_2_no_load	5	6	0.287118934166	0.300079459047	6	514	0	
372	0	136	step_1_no_load	1	2	1	399	
372	0	136	step_2_no_load	3	4	0.597814413435	0.674914008636	3	1102	1	
372	0	137	step_1_no_load	1	2	1	636	
372	0	137	step_2_no_load	3	4	0.605896884497	0.668540846495	3	562	0	
372	0	138	step_1_no_load	1	2	1	537	
372	0	138	step_2_no_load	3	4	0.63240964674	0.688182193337	4	864	1	
372	0	139	step_1_no_load	1	2	1	805	
372	0	139	step_2_no_load	5	6	0.323660750961	0.325611400511	6	460	0	
372	0	140	step_1_no_load	1	2	1	467	
372	0	140	step_2_no_load	5	6	0.328174526491	0.348740542008	5	441	0	
372	0	141	step_1_no_load	1	2	1	362	
372	0	141	step_2_no_load	5	6	0.311809871418	0.390227133375	6	680	0	
372	0	142	step_1_no_load	1	2	1	436	
372	0	142	step_2_no_load	3	4	0.690276058009	0.627356259123	3	362	1	
372	0	143	step_1_no_load	1	2	2	518	
372	0	143	step_2_no_load	5	6	0.313516825296	0.410970957547	6	1013	1	
372	0	144	step_1_no_load	1	2	2	433	
372	0	144	step_2_no_load	5	6	0.275932517017	0.389234194056	6	592	0	
372	0	145	step_1_no_load	1	2	2	1029	
372	0	145	step_2_no_load	3	4	0.6669125229	0.606515632748	3	1003	1	
372	0	146	step_1_no_load	1	2	2	443	
372	0	146	step_2_no_load	5	6	0.257861956214	0.320877500969	5	402	0	
372	0	147	step_1_no_load	1	2	2	356	
372	0	147	step_2_no_load	3	4	0.647798886916	0.594861186319	4	899	0	
372	0	148	step_1_no_load	1	2	1	366	
372	0	148	step_2_no_load	3	4	0.619272702026	0.648050021239	4	1437	1	
372	0	149	step_1_no_load	1	2	1	660	
372	0	149	step_2_no_load	3	4	0.601870110183	0.623203869836	4	810	0	
372	0	150	step_1_no_load	1	2	1	488	
372	0	150	step_2_no_load	5	6	0.305587692243	0.306860041627	5	726	1	
372	0	151	step_1_no_load	1	2	1	602	
372	0	151	step_2_no_load	3	4	0.59154759351	0.614159737668	3	592	1	
372	0	152	step_1_no_load	1	2	2	550	
372	0	152	step_2_no_load	3	4	0.595108765344	0.644204174791	4	549	1	
372	0	153	step_1_no_load	1	2	2	722	
372	0	153	step_2_no_load	5	6	0.309356532263	0.343622632154	5	1057	1	
372	0	154	step_1_no_load	1	2	2	717	
372	0	154	step_2_no_load	3	4	0.638934099562	0.671672162443	3	860	0	
372	0	155	step_1_no_load	1	2	2	502	
372	0	155	step_2_no_load	5	6	0.296093457977	0.372188990474	5	1397	0	
372	0	156	step_1_no_load	1	2	2	410	
372	0	156	step_2_no_load	5	6	0.32564867104	0.368378667812	6	457	0	
372	0	157	step_1_no_load	1	2	2	703	
372	0	157	step_2_no_load	5	6	0.350909357271	0.324728201487	5	438	1	
372	0	158	step_1_no_load	1	2	2	659	
372	0	158	step_2_no_load	5	6	0.408728803896	0.334595868098	6	1249	1	
372	0	159	step_1_no_load	1	2	2	502	
372	0	159	step_2_no_load	3	4	0.541222065796	0.697903160072	-1	-1	-1	
372	0	160	step_1_no_load	1	2	1	458	
372	0	160	step_2_no_load	5	6	0.415052912783	0.355992626298	5	576	1	
372	0	161	step_1_no_load	1	2	1	582	
372	0	161	step_2_no_load	3	4	0.516036498158	0.719896286569	4	949	1	
372	0	162	step_1_no_load	1	2	1	618	
372	0	162	step_2_no_load	3	4	0.566496468084	0.695144769903	4	752	0	
372	0	163	step_1_no_load	1	2	2	563	
372	0	163	step_2_no_load	5	6	0.395221309311	0.430920885959	5	961	0	
372	0	164	step_1_no_load	1	2	2	492	
372	0	164	step_2_no_load	5	6	0.432761720497	0.430844125626	5	362	0	
372	0	165	step_1_no_load	1	2	1	615	
372	0	165	step_2_no_load	5	6	0.463777557969	0.347974240867	5	957	1	
372	0	166	step_1_no_load	1	2	1	586	
372	0	166	step_2_no_load	3	4	0.549095060025	0.686594248975	4	649	0	
372	0	167	step_1_no_load	1	2	2	499	
372	0	167	step_2_no_load	3	4	0.585131062446	0.706271792549	4	1386	1	
372	0	168	step_1_no_load	1	2	2	676	
372	0	168	step_2_no_load	3	4	0.613361520676	0.67192508984	4	563	1	
372	0	169	step_1_no_load	1	2	2	516	
372	0	169	step_2_no_load	3	4	0.586049140041	0.704981910944	3	1179	1	
372	0	170	step_1_no_load	1	2	2	517	
372	0	170	step_2_no_load	5	6	0.411067820436	0.364989630435	6	1012	0	
372	0	171	step_1_no_load	1	2	2	474	
372	0	171	step_2_no_load	5	6	0.386979310814	0.425122034074	6	769	1	
372	0	172	step_1_no_load	1	2	2	567	
372	0	172	step_2_no_load	3	4	0.519090471457	0.668669556875	4	717	0	
372	0	173	step_1_no_load	1	2	1	747	
372	0	173	step_2_no_load	3	4	0.484428109849	0.667027212577	3	938	0	
372	0	174	step_1_no_load	1	2	1	600	
372	0	174	step_2_no_load	3	4	0.472729524832	0.729877433725	4	422	1	
372	0	175	step_1_no_load	1	2	1	698	
372	0	175	step_2_no_load	3	4	0.52644949356	0.693968268443	4	458	1	
372	0	176	step_1_no_load	1	2	1	460	
372	0	176	step_2_no_load	3	4	0.474046874473	0.679250000396	4	723	1	
372	0	177	step_1_no_load	1	2	2	678	
372	0	177	step_2_no_load	5	6	0.357425668099	0.4798184927	6	548	0	
372	0	178	step_1_no_load	1	2	1	312	
372	0	178	step_2_no_load	5	6	0.36473828006	0.49020858644	5	670	1	
372	0	179	step_1_no_load	1	2	1	403	
372	0	179	step_2_no_load	3	4	0.457298770028	0.709345707515	4	888	0	
372	0	180	step_1_no_load	1	2	1	391	
372	0	180	step_2_no_load	5	6	0.341214611607	0.489345734128	6	1333	1	
372	0	181	step_1_no_load	1	2	1	555	
372	0	181	step_2_no_load	3	4	0.508735114046	0.746910336326	3	1027	1	
372	0	182	step_1_no_load	1	2	1	701	
372	0	182	step_2_no_load	3	4	0.506773281362	0.72717560423	4	867	1	
372	0	183	step_1_no_load	1	2	1	391	
372	0	183	step_2_no_load	3	4	0.502991759047	0.720388040749	4	878	1	
372	0	184	step_1_no_load	1	2	1	635	
372	0	184	step_2_no_load	3	4	0.460890977786	0.657291439324	4	826	1	
372	0	185	step_1_no_load	1	2	1	510	
372	0	185	step_2_no_load	3	4	0.479703516092	0.665622647081	4	1109	0	
372	0	186	step_1_no_load	1	2	2	922	
372	0	186	step_2_no_load	5	6	0.332733011923	0.484672582719	-1	-1	-1	
372	0	187	step_1_no_load	1	2	2	409	
372	0	187	step_2_no_load	5	6	0.328890769988	0.498596507669	5	975	1	
372	0	188	step_1_no_load	1	2	2	971	
372	0	188	step_2_no_load	5	6	0.291508050861	0.548350535247	5	729	1	
372	0	189	step_1_no_load	1	2	2	725	
372	0	189	step_2_no_load	5	6	0.285168135955	0.534753756004	6	1332	0	
372	0	190	step_1_no_load	1	2	2	321	
372	0	190	step_2_no_load	5	6	0.304557739386	0.505820429042	5	448	0	
372	0	191	step_1_no_load	1	2	2	540	
372	0	191	step_2_no_load	5	6	0.318839908867	0.512103523931	6	403	1	
372	0	192	step_1_no_load	1	2	2	426	
372	0	192	step_2_no_load	5	6	0.299297135717	0.493851022417	6	641	0	
372	0	193	step_1_no_load	1	2	2	783	
372	0	193	step_2_no_load	3	4	0.440813209638	0.679792491164	4	721	0	
372	0	194	step_1_no_load	1	2	2	444	
372	0	194	step_2_no_load	5	6	0.342437174514	0.505359594715	6	708	0	
372	0	195	step_1_no_load	1	2	2	558	
372	0	195	step_2_no_load	5	6	0.348571348505	0.494102184238	5	685	0	
372	0	196	step_1_no_load	1	2	2	352	
372	0	196	step_2_no_load	5	6	0.365373286058	0.496717662777	6	511	1	
372	0	197	step_1_no_load	1	2	2	437	
372	0	197	step_2_no_load	5	6	0.316987700969	0.47786945426	6	1226	1	
372	0	198	step_1_no_load	1	2	2	520	
372	0	198	step_2_no_load	3	4	0.397292432346	0.68660989813	3	941	0	
372	0	199	step_1_no_load	1	2	2	403	
372	0	199	step_2_no_load	5	6	0.292861528884	0.529438031858	5	467	0	
372	0	200	step_1_no_load	1	2	2	584	
372	0	200	step_2_no_load	3	4	0.372436949782	0.728996708473	3	415	0	

Wed Nov  3 15:06:41 2021
