Mon Nov  8 15:00:33 2021	
373	0	1	step_1_no_load	1	2	1	1301	
373	0	1	step_2_no_load	3	4	0.598297890399	0.457620150462	3	1122	1	
373	0	2	step_1_no_load	1	2	1	372	
373	0	2	step_2_no_load	3	4	0.580156942153	0.474613197709	3	396	0	
373	0	3	step_1_no_load	1	2	1	318	
373	0	3	step_2_no_load	3	4	0.584197065669	0.476767372206	3	808	1	
373	0	4	step_1_no_load	1	2	1	290	
373	0	4	step_2_no_load	5	6	0.564086293706	0.494597764192	6	889	1	
373	0	5	step_1_no_load	1	2	1	316	
373	0	5	step_2_no_load	5	6	0.576104915614	0.543908521457	6	723	1	
373	0	6	step_1_no_load	1	2	1	279	
373	0	6	step_2_no_load	5	6	0.603642866427	0.490454120702	6	477	0	
373	0	7	step_1_no_load	1	2	1	298	
373	0	7	step_2_no_load	5	6	0.622642364361	0.506408070053	6	417	0	
373	0	8	step_1_no_load	1	2	1	331	
373	0	8	step_2_no_load	3	4	0.59128639594	0.489816616396	-1	-1	-1	
373	0	9	step_1_no_load	1	2	1	372	
373	0	9	step_2_no_load	3	4	0.598049061473	0.496546708465	4	531	0	
373	0	10	step_1_no_load	1	2	1	293	
373	0	10	step_2_no_load	3	4	0.652626043146	0.482364178155	3	437	1	
373	0	11	step_1_no_load	1	2	1	271	
373	0	11	step_2_no_load	5	6	0.609191465743	0.59022801242	-1	-1	-1	
373	0	12	step_1_no_load	1	2	1	361	
373	0	12	step_2_no_load	3	4	0.682786328054	0.48457206759	3	543	1	
373	0	13	step_1_no_load	1	2	1	253	
373	0	13	step_2_no_load	3	4	0.653587098421	0.52012981853	3	580	1	
373	0	14	step_1_no_load	1	2	1	256	
373	0	14	step_2_no_load	3	4	0.629137942344	0.491234392147	3	486	1	
373	0	15	step_1_no_load	1	2	1	235	
373	0	15	step_2_no_load	3	4	0.612260006668	0.505377237737	3	394	0	
373	0	16	step_1_no_load	1	2	1	246	
373	0	16	step_2_no_load	3	4	0.628091198119	0.510958036527	3	445	1	
373	0	17	step_1_no_load	1	2	1	294	
373	0	17	step_2_no_load	3	4	0.633350170016	0.535958400205	3	461	0	
373	0	18	step_1_no_load	1	2	1	255	
373	0	18	step_2_no_load	3	4	0.626834332012	0.517514133912	3	398	0	
373	0	19	step_1_no_load	1	2	1	258	
373	0	19	step_2_no_load	5	6	0.536502319591	0.644773170243	6	856	1	
373	0	20	step_1_no_load	1	2	1	243	
373	0	20	step_2_no_load	3	4	0.636521555122	0.478025448397	3	425	1	
373	0	21	step_1_no_load	1	2	1	279	
373	0	21	step_2_no_load	3	4	0.630305464549	0.49769376036	3	446	0	
373	0	22	step_1_no_load	1	2	1	252	
373	0	22	step_2_no_load	3	4	0.621949894727	0.506100011497	3	459	1	
373	0	23	step_1_no_load	1	2	1	313	
373	0	23	step_2_no_load	3	4	0.640163623731	0.520606588181	3	432	1	
373	0	24	step_1_no_load	1	2	1	276	
373	0	24	step_2_no_load	3	4	0.582115115688	0.505388876622	3	467	0	
373	0	25	step_1_no_load	1	2	1	241	
373	0	25	step_2_no_load	3	4	0.565698722896	0.503316372362	3	416	1	
373	0	26	step_1_no_load	1	2	1	261	
373	0	26	step_2_no_load	3	4	0.592410219737	0.511744353778	3	292	1	
373	0	27	step_1_no_load	1	2	1	249	
373	0	27	step_2_no_load	3	4	0.57860777711	0.507272671939	3	272	0	
373	0	28	step_1_no_load	1	2	1	214	
373	0	28	step_2_no_load	3	4	0.588356036098	0.520177259699	3	340	0	
373	0	29	step_1_no_load	1	2	1	249	
373	0	29	step_2_no_load	3	4	0.606613029227	0.521159009103	4	551	0	
373	0	30	step_1_no_load	1	2	1	308	
373	0	30	step_2_no_load	3	4	0.608245979832	0.4919199548	3	466	1	
373	0	31	step_1_no_load	1	2	1	269	
373	0	31	step_2_no_load	3	4	0.636602545794	0.483156722265	3	406	0	
373	0	32	step_1_no_load	1	2	1	281	
373	0	32	step_2_no_load	3	4	0.634585171267	0.520318771114	3	488	0	
373	0	33	step_1_no_load	1	2	1	210	
373	0	33	step_2_no_load	3	4	0.611700032906	0.487664344039	3	425	0	
373	0	34	step_1_no_load	1	2	1	298	
373	0	34	step_2_no_load	5	6	0.538523758058	0.670290552209	6	841	1	
373	0	35	step_1_no_load	1	2	1	302	
373	0	35	step_2_no_load	3	4	0.566827313385	0.491437207585	4	638	1	
373	0	36	step_1_no_load	1	2	1	256	
373	0	36	step_2_no_load	3	4	0.527635087561	0.513210053121	4	591	1	
373	0	37	step_1_no_load	1	2	1	284	
373	0	37	step_2_no_load	3	4	0.513822304161	0.543074626387	4	546	1	
373	0	38	step_1_no_load	1	2	1	244	
373	0	38	step_2_no_load	3	4	0.539078491643	0.553931241266	4	330	1	
373	0	39	step_1_no_load	1	2	1	269	
373	0	39	step_2_no_load	3	4	0.557005857101	0.578640235206	4	300	0	
373	0	40	step_1_no_load	1	2	1	233	
373	0	40	step_2_no_load	5	6	0.607992802154	0.636994900683	6	751	1	
373	0	41	step_1_no_load	1	2	2	397	
373	0	41	step_2_no_load	3	4	0.524862294848	0.583829055298	4	907	1	
373	0	42	step_1_no_load	1	2	2	255	
373	0	42	step_2_no_load	3	4	0.533857158543	0.553461946234	4	534	0	
373	0	43	step_1_no_load	1	2	2	252	
373	0	43	step_2_no_load	3	4	0.553703096215	0.548128010644	4	531	1	
373	0	44	step_1_no_load	1	2	2	272	
373	0	44	step_2_no_load	5	6	0.611481438855	0.589653131867	6	454	0	
373	0	45	step_1_no_load	1	2	2	266	
373	0	45	step_2_no_load	3	4	0.579346234508	0.5288039409	4	632	0	
373	0	46	step_1_no_load	1	2	2	291	
373	0	46	step_2_no_load	5	6	0.600964500555	0.654261318712	6	482	1	
373	0	47	step_1_no_load	1	2	2	292	
373	0	47	step_2_no_load	5	6	0.598724660986	0.634373567175	6	596	1	
373	0	48	step_1_no_load	1	2	2	345	
373	0	48	step_2_no_load	3	4	0.534690828011	0.488280685105	3	728	1	
373	0	49	step_1_no_load	1	2	2	236	
373	0	49	step_2_no_load	3	4	0.512405963374	0.489287375157	3	619	1	
373	0	50	step_1_no_load	1	2	2	287	
373	0	50	step_2_no_load	5	6	0.606862017918	0.593458480934	6	582	0	
373	0	51	step_1_no_load	1	2	2	290	
373	0	51	step_2_no_load	5	6	0.564866799699	0.613357430892	5	451	0	
373	0	52	step_1_no_load	1	2	2	247	
373	0	52	step_2_no_load	5	6	0.539065404057	0.613408921915	5	468	1	
373	0	53	step_1_no_load	1	2	2	273	
373	0	53	step_2_no_load	3	4	0.475342927439	0.451905460347	3	417	1	
373	0	54	step_1_no_load	1	2	2	293	
373	0	54	step_2_no_load	3	4	0.493362545513	0.491512498697	3	508	1	
373	0	55	step_1_no_load	1	2	2	249	
373	0	55	step_2_no_load	5	6	0.574045915747	0.639840796975	5	359	0	
373	0	56	step_1_no_load	1	2	2	211	
373	0	56	step_2_no_load	5	6	0.601856598146	0.60038825769	5	418	0	
373	0	57	step_1_no_load	1	2	2	285	
373	0	57	step_2_no_load	3	4	0.516475618243	0.466449077359	3	452	0	
373	0	58	step_1_no_load	1	2	2	240	
373	0	58	step_2_no_load	5	6	0.664682809182	0.610896130115	6	536	1	
373	0	59	step_1_no_load	1	2	2	330	
373	0	59	step_2_no_load	3	4	0.537400760025	0.480274332693	3	554	0	
373	0	60	step_1_no_load	1	2	2	299	
373	0	60	step_2_no_load	5	6	0.623687406259	0.599559577859	6	346	0	
373	0	61	step_1_no_load	1	2	2	279	
373	0	61	step_2_no_load	5	6	0.669587072502	0.602879526975	6	661	1	
373	0	62	step_1_no_load	1	2	2	539	
373	0	62	step_2_no_load	3	4	0.533031417444	0.50724109756	4	593	0	
373	0	63	step_1_no_load	1	2	2	318	
373	0	63	step_2_no_load	3	4	0.519445130796	0.53192660365	3	397	1	
373	0	64	step_1_no_load	1	2	2	258	
373	0	64	step_2_no_load	5	6	0.642369708469	0.626149195169	6	457	1	
373	0	65	step_1_no_load	1	2	2	253	
373	0	65	step_2_no_load	5	6	0.612660225018	0.619953360065	6	388	1	
373	0	66	step_1_no_load	1	2	2	280	
373	0	66	step_2_no_load	5	6	0.606938648072	0.630357351236	6	367	1	
373	0	67	step_1_no_load	1	2	2	298	
373	0	67	step_2_no_load	3	4	0.538279387614	0.542076810516	3	505	0	
373	0	68	step_1_no_load	1	2	2	587	
373	0	68	step_2_no_load	3	4	0.523301545299	0.509127161919	4	635	0	
373	0	69	step_1_no_load	1	2	2	301	
373	0	69	step_2_no_load	3	4	0.560462111264	0.499137600991	3	374	0	
373	0	70	step_1_no_load	1	2	2	274	
373	0	70	step_2_no_load	5	6	0.637556284465	0.697741832068	6	800	1	
373	0	71	step_1_no_load	1	2	2	212	
373	0	71	step_2_no_load	5	6	0.639174917797	0.706816191949	6	377	0	
373	0	72	step_1_no_load	1	2	2	261	
373	0	72	step_2_no_load	3	4	0.556486305476	0.47409116389	3	564	0	
373	0	73	step_1_no_load	1	2	2	274	
373	0	73	step_2_no_load	5	6	0.657126403029	0.727961155836	5	817	1	
373	0	74	step_1_no_load	1	2	2	270	
373	0	74	step_2_no_load	3	4	0.491044983779	0.453420386428	4	381	1	
373	0	75	step_1_no_load	1	2	2	266	
373	0	75	step_2_no_load	5	6	0.615552849174	0.697629587097	5	705	0	
373	0	76	step_1_no_load	1	2	2	0	
373	0	76	step_2_no_load	5	6	0.62770291155	0.690117652944	5	556	1	
373	0	77	step_1_no_load	1	2	2	242	
373	0	77	step_2_no_load	5	6	0.564257587118	0.679737625371	5	583	1	
373	0	78	step_1_no_load	1	2	2	260	
373	0	78	step_2_no_load	3	4	0.538654072849	0.435911167612	4	675	1	
373	0	79	step_1_no_load	1	2	2	279	
373	0	79	step_2_no_load	5	6	0.513695512795	0.647841624544	5	518	1	
373	0	80	step_1_no_load	1	2	2	281	
373	0	80	step_2_no_load	3	4	0.49921021142	0.396016175285	4	681	1	
373	0	81	step_1_no_load	1	2	2	387	
373	0	81	step_2_no_load	5	6	0.529745690463	0.702400933084	5	498	1	
373	0	82	step_1_no_load	1	2	2	277	
373	0	82	step_2_no_load	5	6	0.564729328387	0.688340116885	5	667	1	
373	0	83	step_1_no_load	1	2	2	272	
373	0	83	step_2_no_load	5	6	0.607907985871	0.726885136842	5	502	1	
373	0	84	step_1_no_load	1	2	2	282	
373	0	84	step_2_no_load	3	4	0.505586222209	0.385087938645	4	777	1	
373	0	85	step_1_no_load	1	2	2	244	
373	0	85	step_2_no_load	5	6	0.692384972752	0.712989604416	5	387	0	
373	0	86	step_1_no_load	1	2	2	232	
373	0	86	step_2_no_load	5	6	0.691782850001	0.721207648497	6	558	1	
373	0	87	step_1_no_load	1	2	2	275	
373	0	87	step_2_no_load	5	6	0.719375344246	0.690012761069	6	458	1	
373	0	88	step_1_no_load	1	2	2	327	
373	0	88	step_2_no_load	3	4	0.509563243675	0.377947492322	4	398	0	
373	0	89	step_1_no_load	1	2	2	280	
373	0	89	step_2_no_load	5	6	0.690772436485	0.660112261017	6	313	1	
373	0	90	step_1_no_load	1	2	2	275	
373	0	90	step_2_no_load	3	4	0.530126112124	0.411459496853	3	722	0	
373	0	91	step_1_no_load	1	2	2	253	
373	0	91	step_2_no_load	5	6	0.685023809334	0.657820521772	6	323	1	
373	0	92	step_1_no_load	1	2	2	321	
373	0	92	step_2_no_load	5	6	0.692406274724	0.679381608313	6	376	0	
373	0	93	step_1_no_load	1	2	2	75	
373	0	93	step_2_no_load	5	6	0.70415710998	0.662863370634	6	385	1	
373	0	94	step_1_no_load	1	2	2	301	
373	0	94	step_2_no_load	5	6	0.719464414227	0.668295023896	6	260	1	
373	0	95	step_1_no_load	1	2	2	320	
373	0	95	step_2_no_load	5	6	0.715495469274	0.640209855442	6	391	1	
373	0	96	step_1_no_load	1	2	2	292	
373	0	96	step_2_no_load	3	4	0.437558890646	0.383038640121	4	356	1	
373	0	97	step_1_no_load	1	2	2	270	
373	0	97	step_2_no_load	5	6	0.681272614291	0.651202057411	6	284	1	
373	0	98	step_1_no_load	1	2	2	271	
373	0	98	step_2_no_load	5	6	0.70287861952	0.646040060297	6	437	1	
373	0	99	step_1_no_load	1	2	2	257	
373	0	99	step_2_no_load	3	4	0.375249961522	0.397561363605	3	784	1	
373	0	100	step_1_no_load	1	2	2	313	
373	0	100	step_2_no_load	5	6	0.666227451505	0.66579920021	6	410	1	
373	0	101	step_1_no_load	1	2	2	261	
373	0	101	step_2_no_load	5	6	0.623812401974	0.655903528958	6	349	1	
373	0	102	step_1_no_load	1	2	2	248	
373	0	102	step_2_no_load	5	6	0.666304534392	0.663124617603	6	319	1	
373	0	103	step_1_no_load	1	2	2	261	
373	0	103	step_2_no_load	5	6	0.663997796029	0.69058998368	6	378	1	
373	0	104	step_1_no_load	1	2	2	231	
373	0	104	step_2_no_load	5	6	0.703870701136	0.743372642809	6	350	1	
373	0	105	step_1_no_load	1	2	2	134	
373	0	105	step_2_no_load	5	6	0.689135357059	0.722851301692	6	443	1	
373	0	106	step_1_no_load	1	2	2	259	
373	0	106	step_2_no_load	5	6	0.712883638252	0.699623252899	6	401	1	
373	0	107	step_1_no_load	1	2	2	275	
373	0	107	step_2_no_load	3	4	0.388257337796	0.565220528809	4	353	0	
373	0	108	step_1_no_load	1	2	2	340	
373	0	108	step_2_no_load	5	6	0.695928523711	0.681491063126	6	369	0	
373	0	109	step_1_no_load	1	2	2	298	
373	0	109	step_2_no_load	5	6	0.71632547018	0.68658494263	6	347	0	
373	0	110	step_1_no_load	1	2	2	404	
373	0	110	step_2_no_load	5	6	0.729599891941	0.65455226558	5	475	1	
373	0	111	step_1_no_load	1	2	2	286	
373	0	111	step_2_no_load	5	6	0.724852671171	0.634599547742	5	331	0	
373	0	112	step_1_no_load	1	2	2	279	
373	0	112	step_2_no_load	3	4	0.413393106784	0.392887565883	3	285	0	
373	0	113	step_1_no_load	1	2	2	321	
373	0	113	step_2_no_load	5	6	0.719324307956	0.634627459817	5	342	1	
373	0	114	step_1_no_load	1	2	2	321	
373	0	114	step_2_no_load	3	4	0.384736699284	0.380324086676	4	1007	0	
373	0	115	step_1_no_load	1	2	2	313	
373	0	115	step_2_no_load	3	4	0.357661171116	0.390027643099	4	1015	0	
373	0	116	step_1_no_load	1	2	2	291	
373	0	116	step_2_no_load	5	6	0.706736514943	0.680124293449	5	336	1	
373	0	117	step_1_no_load	1	2	2	253	
373	0	117	step_2_no_load	5	6	0.747012267642	0.671842537277	5	363	1	
373	0	118	step_1_no_load	1	2	2	295	
373	0	118	step_2_no_load	5	6	0.740051715856	0.690484235012	5	359	1	
373	0	119	step_1_no_load	1	2	2	311	
373	0	119	step_2_no_load	5	6	0.690424535099	0.661177321751	5	391	1	
373	0	120	step_1_no_load	1	2	2	283	
373	0	120	step_2_no_load	5	6	0.70587238626	0.666433355915	5	330	1	
373	0	121	step_1_no_load	1	2	2	285	
373	0	121	step_2_no_load	5	6	0.658856304095	0.671052306195	5	333	1	
373	0	122	step_1_no_load	1	2	2	288	
373	0	122	step_2_no_load	5	6	0.6136886145	0.672193618854	5	334	1	
373	0	123	step_1_no_load	1	2	2	323	
373	0	123	step_2_no_load	5	6	0.583607229978	0.664849878232	5	321	0	
373	0	124	step_1_no_load	1	2	2	277	
373	0	124	step_2_no_load	5	6	0.603013298253	0.624161788269	5	348	1	
373	0	125	step_1_no_load	1	2	2	321	
373	0	125	step_2_no_load	5	6	0.559596800931	0.633566302563	5	304	1	
373	0	126	step_1_no_load	1	2	2	277	
373	0	126	step_2_no_load	3	4	0.267206368684	0.300846667696	3	493	0	
373	0	127	step_1_no_load	1	2	2	289	
373	0	127	step_2_no_load	5	6	0.560824094575	0.646945556251	5	383	1	
373	0	128	step_1_no_load	1	2	2	291	
373	0	128	step_2_no_load	5	6	0.636905534066	0.620672334996	5	506	0	
373	0	129	step_1_no_load	1	2	2	261	
373	0	129	step_2_no_load	3	4	0.268213321963	0.271709703542	4	1036	0	
373	0	130	step_1_no_load	1	2	2	259	
373	0	130	step_2_no_load	5	6	0.682031489739	0.630285316669	5	315	0	
373	0	131	step_1_no_load	1	2	2	271	
373	0	131	step_2_no_load	3	4	0.281500842289	0.311475039155	4	735	0	
373	0	132	step_1_no_load	1	2	2	306	
373	0	132	step_2_no_load	3	4	0.27986961048	0.315328810424	3	682	0	
373	0	133	step_1_no_load	1	2	2	269	
373	0	133	step_2_no_load	5	6	0.617383991623	0.691649444281	6	332	1	
373	0	134	step_1_no_load	1	2	2	280	
373	0	134	step_2_no_load	5	6	0.621945110858	0.685529359147	6	327	1	
373	0	135	step_1_no_load	1	2	2	662	
373	0	135	step_2_no_load	3	4	0.300079459047	0.287118934166	3	599	0	
373	0	136	step_1_no_load	1	2	2	257	
373	0	136	step_2_no_load	5	6	0.597814413435	0.674914008636	6	288	1	
373	0	137	step_1_no_load	1	2	2	261	
373	0	137	step_2_no_load	5	6	0.605896884497	0.668540846495	6	333	0	
373	0	138	step_1_no_load	1	2	2	271	
373	0	138	step_2_no_load	3	4	0.366701525561	0.307694123906	3	590	0	
373	0	139	step_1_no_load	1	2	2	306	
373	0	139	step_2_no_load	5	6	0.636630981281	0.696355985729	6	272	1	
373	0	140	step_1_no_load	1	2	2	268	
373	0	140	step_2_no_load	3	4	0.348740542008	0.328174526491	4	338	0	
373	0	141	step_1_no_load	1	2	2	239	
373	0	141	step_2_no_load	5	6	0.711987889705	0.616803346728	6	222	1	
373	0	142	step_1_no_load	1	2	2	298	
373	0	142	step_2_no_load	5	6	0.690276058009	0.627356259123	6	225	0	
373	0	143	step_1_no_load	1	2	2	317	
373	0	143	step_2_no_load	5	6	0.661365099615	0.610219102298	6	404	0	
373	0	144	step_1_no_load	1	2	2	286	
373	0	144	step_2_no_load	5	6	0.626443722248	0.639347300184	5	413	1	
373	0	145	step_1_no_load	1	2	2	326	
373	0	145	step_2_no_load	5	6	0.6669125229	0.606515632748	5	340	1	
373	0	146	step_1_no_load	1	2	2	319	
373	0	146	step_2_no_load	5	6	0.681611991725	0.593778463268	5	326	1	
373	0	147	step_1_no_load	1	2	2	242	
373	0	147	step_2_no_load	5	6	0.647798886916	0.594861186319	5	281	1	
373	0	148	step_1_no_load	1	2	2	262	
373	0	148	step_2_no_load	5	6	0.619272702026	0.648050021239	5	277	1	
373	0	149	step_1_no_load	1	2	2	305	
373	0	149	step_2_no_load	3	4	0.300290206122	0.269951834184	3	280	0	
373	0	150	step_1_no_load	1	2	2	243	
373	0	150	step_2_no_load	5	6	0.575985663078	0.605912419156	5	505	1	
373	0	151	step_1_no_load	1	2	2	291	
373	0	151	step_2_no_load	5	6	0.59154759351	0.614159737668	5	347	1	
373	0	152	step_1_no_load	1	2	2	359	
373	0	152	step_2_no_load	5	6	0.595108765344	0.644204174791	5	326	1	
373	0	153	step_1_no_load	1	2	2	168	
373	0	153	step_2_no_load	5	6	0.613336203392	0.681559292085	5	367	1	
373	0	154	step_1_no_load	1	2	2	324	
373	0	154	step_2_no_load	3	4	0.348349389262	0.316375537537	4	795	0	
373	0	155	step_1_no_load	1	2	2	247	
373	0	155	step_2_no_load	5	6	0.632486591889	0.716100930629	5	277	1	
373	0	156	step_1_no_load	1	2	2	250	
373	0	156	step_2_no_load	3	4	0.368378667812	0.32564867104	4	418	0	
373	0	157	step_1_no_load	1	2	2	254	
373	0	157	step_2_no_load	5	6	0.585191807512	0.720725456325	5	333	1	
373	0	158	step_1_no_load	1	2	2	267	
373	0	158	step_2_no_load	5	6	0.532722108502	0.694270715354	5	538	1	
373	0	159	step_1_no_load	1	2	2	286	
373	0	159	step_2_no_load	5	6	0.541222065796	0.697903160072	5	526	0	
373	0	160	step_1_no_load	1	2	2	267	
373	0	160	step_2_no_load	3	4	0.355992626298	0.415052912783	4	473	0	
373	0	161	step_1_no_load	1	2	2	301	
373	0	161	step_2_no_load	5	6	0.516036498158	0.719896286569	5	332	0	
373	0	162	step_1_no_load	1	2	2	240	
373	0	162	step_2_no_load	5	6	0.566496468084	0.695144769903	6	319	1	
373	0	163	step_1_no_load	1	2	2	298	
373	0	163	step_2_no_load	5	6	0.5863391277	0.697095951435	6	313	1	
373	0	164	step_1_no_load	1	2	2	699	
373	0	164	step_2_no_load	5	6	0.585961845322	0.692137394606	6	378	1	
373	0	165	step_1_no_load	1	2	2	275	
373	0	165	step_2_no_load	3	4	0.347974240867	0.463777557969	3	661	0	
373	0	166	step_1_no_load	1	2	2	345	
373	0	166	step_2_no_load	5	6	0.549095060025	0.686594248975	6	375	0	
373	0	167	step_1_no_load	1	2	2	326	
373	0	167	step_2_no_load	5	6	0.585131062446	0.706271792549	6	300	0	
373	0	168	step_1_no_load	1	2	2	240	
373	0	168	step_2_no_load	3	4	0.335777599654	0.400817642375	3	638	1	
373	0	169	step_1_no_load	1	2	1	322	
373	0	169	step_2_no_load	5	6	0.586049140041	0.704981910944	6	570	1	
373	0	170	step_1_no_load	1	2	2	286	
373	0	170	step_2_no_load	3	4	0.364989630435	0.411067820436	3	588	1	
373	0	171	step_1_no_load	1	2	2	304	
373	0	171	step_2_no_load	3	4	0.425122034074	0.386979310814	3	582	0	
373	0	172	step_1_no_load	1	2	2	235	
373	0	172	step_2_no_load	5	6	0.519090471457	0.668669556875	6	337	1	
373	0	173	step_1_no_load	1	2	2	258	
373	0	173	step_2_no_load	3	4	0.462866379815	0.385349297983	4	329	1	
373	0	174	step_1_no_load	1	2	2	252	
373	0	174	step_2_no_load	5	6	0.472729524832	0.729877433725	6	307	0	
373	0	175	step_1_no_load	1	2	2	527	
373	0	175	step_2_no_load	3	4	0.484825491933	0.426185553904	4	437	0	
373	0	176	step_1_no_load	1	2	2	225	
373	0	176	step_2_no_load	5	6	0.474046874473	0.679250000396	6	312	1	
373	0	177	step_1_no_load	1	2	2	285	
373	0	177	step_2_no_load	5	6	0.501268576771	0.714070205704	6	307	1	
373	0	178	step_1_no_load	1	2	2	280	
373	0	178	step_2_no_load	5	6	0.493712351915	0.705993797498	6	318	1	
373	0	179	step_1_no_load	1	2	2	267	
373	0	179	step_2_no_load	5	6	0.457298770028	0.709345707515	6	306	0	
373	0	180	step_1_no_load	1	2	2	152	
373	0	180	step_2_no_load	5	6	0.482853857291	0.719795072986	5	479	0	
373	0	181	step_1_no_load	1	2	2	259	
373	0	181	step_2_no_load	5	6	0.508735114046	0.746910336326	6	315	1	
373	0	182	step_1_no_load	1	2	2	328	
373	0	182	step_2_no_load	3	4	0.49907747228	0.340533666308	4	374	0	
373	0	183	step_1_no_load	1	2	2	124	
373	0	183	step_2_no_load	5	6	0.502991759047	0.720388040749	6	435	0	
373	0	184	step_1_no_load	1	2	1	295	
373	0	184	step_2_no_load	3	4	0.480863422096	0.362743255194	3	341	1	
373	0	185	step_1_no_load	1	2	1	295	
373	0	185	step_2_no_load	5	6	0.479703516092	0.665622647081	5	390	1	
373	0	186	step_1_no_load	1	2	1	258	
373	0	186	step_2_no_load	3	4	0.484672582719	0.332733011923	3	265	0	
373	0	187	step_1_no_load	1	2	2	267	
373	0	187	step_2_no_load	5	6	0.443962917772	0.678211978625	5	362	1	
373	0	188	step_1_no_load	1	2	2	246	
373	0	188	step_2_no_load	5	6	0.471319680586	0.696362660087	5	365	1	
373	0	189	step_1_no_load	1	2	2	273	
373	0	189	step_2_no_load	5	6	0.448897869069	0.688353284054	5	272	1	
373	0	190	step_1_no_load	1	2	2	293	
373	0	190	step_2_no_load	3	4	0.505820429042	0.304557739386	3	300	1	
373	0	191	step_1_no_load	1	2	2	258	
373	0	191	step_2_no_load	5	6	0.435748387321	0.664271461991	5	289	0	
373	0	192	step_1_no_load	1	2	2	349	
373	0	192	step_2_no_load	5	6	0.450791310283	0.705517419189	5	308	1	
373	0	193	step_1_no_load	1	2	2	361	
373	0	193	step_2_no_load	5	6	0.440813209638	0.679792491164	5	231	0	
373	0	194	step_1_no_load	1	2	2	259	
373	0	194	step_2_no_load	3	4	0.505359594715	0.342437174514	3	562	1	
373	0	195	step_1_no_load	1	2	1	254	
373	0	195	step_2_no_load	3	4	0.494102184238	0.348571348505	3	284	1	
373	0	196	step_1_no_load	1	2	1	286	
373	0	196	step_2_no_load	3	4	0.496717662777	0.365373286058	3	270	1	
373	0	197	step_1_no_load	1	2	1	369	
373	0	197	step_2_no_load	3	4	0.47786945426	0.316987700969	3	328	1	
373	0	198	step_1_no_load	1	2	1	451	
373	0	198	step_2_no_load	3	4	0.485065498391	0.303352625941	3	506	1	
373	0	199	step_1_no_load	1	2	1	381	
373	0	199	step_2_no_load	5	6	0.39793773834	0.73697129762	5	292	0	
373	0	200	step_1_no_load	1	2	1	311	
373	0	200	step_2_no_load	5	6	0.372436949782	0.728996708473	6	661	1	

Mon Nov  8 15:18:17 2021
