Tue Nov 16 14:57:08 2021	
374	0	1	step_1_no_load	1	2	-1	-1	
374	0	2	step_1_no_load	1	2	1	626	
374	0	2	step_2_no_load	3	4	0.580156942153	0.533203491871	4	692	0	
374	0	3	step_1_no_load	1	2	1	394	
374	0	3	step_2_no_load	3	4	0.584197065669	0.516002945397	3	648	1	
374	0	4	step_1_no_load	1	2	1	520	
374	0	4	step_2_no_load	3	4	0.597491569846	0.494597764192	3	823	1	
374	0	5	step_1_no_load	1	2	1	421	
374	0	5	step_2_no_load	5	6	0.576104915614	0.495568760483	6	1213	0	
374	0	6	step_1_no_load	1	2	1	365	
374	0	6	step_2_no_load	3	4	0.585722686883	0.490454120702	3	651	0	
374	0	7	step_1_no_load	1	2	1	11	
374	0	7	step_2_no_load	3	4	0.568656746487	0.506408070053	3	88	0	
374	0	8	step_1_no_load	1	2	2	301	
374	0	8	step_2_no_load	5	6	0.624210374623	0.489816616396	6	660	1	
374	0	9	step_1_no_load	1	2	2	339	
374	0	9	step_2_no_load	5	6	0.641106877158	0.496546708465	5	1234	1	
374	0	10	step_1_no_load	1	2	1	471	
374	0	10	step_2_no_load	3	4	0.652626043146	0.576063520885	3	1062	0	
374	0	11	step_1_no_load	1	2	2	290	
374	0	11	step_2_no_load	5	6	0.609191465743	0.477013315682	5	960	1	
374	0	12	step_1_no_load	1	2	1	366	
374	0	12	step_2_no_load	5	6	0.552770607849	0.48457206759	6	693	1	
374	0	13	step_1_no_load	1	2	1	376	
374	0	13	step_2_no_load	3	4	0.653587098421	0.595790490356	3	1374	1	
374	0	14	step_1_no_load	1	2	2	307	
374	0	14	step_2_no_load	5	6	0.545555696267	0.491234392147	5	690	1	
374	0	15	step_1_no_load	1	2	1	376	
374	0	15	step_2_no_load	3	4	0.612260006668	0.633564630036	4	1135	1	
374	0	16	step_1_no_load	1	2	2	316	
374	0	16	step_2_no_load	3	4	0.628091198119	0.626326396372	4	810	1	
374	0	17	step_1_no_load	1	2	1	343	
374	0	17	step_2_no_load	3	4	0.633350170016	0.643116883134	3	901	1	
374	0	18	step_1_no_load	1	2	2	290	
374	0	18	step_2_no_load	5	6	0.553554620302	0.517514133912	6	944	1	
374	0	19	step_1_no_load	1	2	1	350	
374	0	19	step_2_no_load	3	4	0.619895761657	0.644773170243	4	997	1	
374	0	20	step_1_no_load	1	2	1	316	
374	0	20	step_2_no_load	3	4	0.636521555122	0.60665343963	4	755	0	
374	0	21	step_1_no_load	1	2	1	310	
374	0	21	step_2_no_load	3	4	0.630305464549	0.611328949295	3	613	1	
374	0	22	step_1_no_load	1	2	1	324	
374	0	22	step_2_no_load	3	4	0.621949894727	0.618527126547	3	796	1	
374	0	23	step_1_no_load	1	2	2	408	
374	0	23	step_2_no_load	3	4	0.640163623731	0.604065470975	3	1335	1	
374	0	24	step_1_no_load	1	2	2	299	
374	0	24	step_2_no_load	5	6	0.503316199018	0.505388876622	5	897	1	
374	0	25	step_1_no_load	1	2	2	344	
374	0	25	step_2_no_load	3	4	0.565698722896	0.629917901014	4	1015	1	
374	0	26	step_1_no_load	1	2	1	333	
374	0	26	step_2_no_load	3	4	0.592410219737	0.640635035276	4	796	1	
374	0	27	step_1_no_load	1	2	1	364	
374	0	27	step_2_no_load	5	6	0.54756089792	0.507272671939	6	692	0	
374	0	28	step_1_no_load	1	2	1	388	
374	0	28	step_2_no_load	3	4	0.588356036098	0.647441527317	3	1132	1	
374	0	29	step_1_no_load	1	2	1	424	
374	0	29	step_2_no_load	3	4	0.606613029227	0.618626354124	3	1343	0	
374	0	30	step_1_no_load	1	2	2	378	
374	0	30	step_2_no_load	5	6	0.574272497114	0.4919199548	6	977	1	
374	0	31	step_1_no_load	1	2	1	694	
374	0	31	step_2_no_load	3	4	0.636602545794	0.606122691795	4	997	1	
374	0	32	step_1_no_load	1	2	2	578	
374	0	32	step_2_no_load	5	6	0.522993086096	0.520318771114	6	1161	0	
374	0	33	step_1_no_load	1	2	2	302	
374	0	33	step_2_no_load	5	6	0.542309898544	0.487664344039	6	1285	0	
374	0	34	step_1_no_load	1	2	2	314	
374	0	34	step_2_no_load	3	4	0.575802910074	0.670290552209	4	1121	0	
374	0	35	step_1_no_load	1	2	1	501	
374	0	35	step_2_no_load	5	6	0.594167768198	0.491437207585	5	1396	1	
374	0	36	step_1_no_load	1	2	2	656	
374	0	36	step_2_no_load	3	4	0.527635087561	0.661229326326	4	1170	0	
374	0	37	step_1_no_load	1	2	1	502	
374	0	37	step_2_no_load	3	4	0.513822304161	0.660658056664	3	1110	0	
374	0	38	step_1_no_load	1	2	1	322	
374	0	38	step_2_no_load	3	4	0.539078491643	0.651263699161	4	1313	0	
374	0	39	step_1_no_load	1	2	1	312	
374	0	39	step_2_no_load	3	4	0.557005857101	0.634483337633	3	1264	0	
374	0	40	step_1_no_load	1	2	1	371	
374	0	40	step_2_no_load	5	6	0.607992802154	0.5691386571	6	1202	1	
374	0	41	step_1_no_load	1	2	1	341	
374	0	41	step_2_no_load	5	6	0.588857868869	0.583829055298	5	444	1	
374	0	42	step_1_no_load	1	2	1	383	
374	0	42	step_2_no_load	5	6	0.609164606591	0.553461946234	5	463	1	
374	0	43	step_1_no_load	1	2	1	434	
374	0	43	step_2_no_load	3	4	0.553703096215	0.581931546759	4	1361	1	
374	0	44	step_1_no_load	1	2	1	334	
374	0	44	step_2_no_load	3	4	0.541854396676	0.589653131867	3	989	0	
374	0	45	step_1_no_load	1	2	1	306	
374	0	45	step_2_no_load	3	4	0.579346234508	0.620699591043	4	1201	0	
374	0	46	step_1_no_load	1	2	1	485	
374	0	46	step_2_no_load	5	6	0.600964500555	0.532238720495	5	1371	1	
374	0	47	step_1_no_load	1	2	1	312	
374	0	47	step_2_no_load	5	6	0.598724660986	0.493112702321	6	1118	1	
374	0	48	step_1_no_load	1	2	2	466	
374	0	48	step_2_no_load	5	6	0.615767119776	0.488280685105	5	978	0	
374	0	49	step_1_no_load	1	2	2	310	
374	0	49	step_2_no_load	5	6	0.610193185592	0.489287375157	6	693	1	
374	0	50	step_1_no_load	1	2	2	307	
374	0	50	step_2_no_load	5	6	0.606862017918	0.47381367271	6	993	1	
374	0	51	step_1_no_load	1	2	2	279	
374	0	51	step_2_no_load	5	6	0.564866799699	0.469943944943	6	534	1	
374	0	52	step_1_no_load	1	2	2	353	
374	0	52	step_2_no_load	5	6	0.539065404057	0.429622901875	6	504	0	
374	0	53	step_1_no_load	1	2	2	309	
374	0	53	step_2_no_load	5	6	0.551457882502	0.451905460347	6	755	0	
374	0	54	step_1_no_load	1	2	2	273	
374	0	54	step_2_no_load	5	6	0.570223904064	0.491512498697	6	489	1	
374	0	55	step_1_no_load	1	2	2	318	
374	0	55	step_2_no_load	5	6	0.574045915747	0.487025527704	6	412	0	
374	0	56	step_1_no_load	1	2	2	256	
374	0	56	step_2_no_load	5	6	0.601856598146	0.459773408493	6	423	0	
374	0	57	step_1_no_load	1	2	2	348	
374	0	57	step_2_no_load	3	4	0.516475618243	0.586335094239	3	1178	0	
374	0	58	step_1_no_load	1	2	1	249	
374	0	58	step_2_no_load	5	6	0.664682809182	0.478335218822	6	1055	0	
374	0	59	step_1_no_load	1	2	1	292	
374	0	59	step_2_no_load	5	6	0.632500293208	0.480274332693	5	459	1	
374	0	60	step_1_no_load	1	2	1	407	
374	0	60	step_2_no_load	5	6	0.623687406259	0.491916707098	5	472	1	
374	0	61	step_1_no_load	1	2	1	332	
374	0	61	step_2_no_load	3	4	0.527144452559	0.602879526975	4	803	1	
374	0	62	step_1_no_load	1	2	2	338	
374	0	62	step_2_no_load	5	6	0.691137204746	0.50724109756	5	640	0	
374	0	63	step_1_no_load	1	2	1	613	
374	0	63	step_2_no_load	3	4	0.519445130796	0.642623127313	3	1418	0	
374	0	64	step_1_no_load	1	2	2	341	
374	0	64	step_2_no_load	5	6	0.642369708469	0.555062911513	-1	-1	-1	
374	0	65	step_1_no_load	1	2	2	391	
374	0	65	step_2_no_load	3	4	0.517687993213	0.619953360065	4	1230	0	
374	0	66	step_1_no_load	1	2	2	250	
374	0	66	step_2_no_load	3	4	0.555324764318	0.630357351236	3	1281	0	
374	0	67	step_1_no_load	1	2	1	276	
374	0	67	step_2_no_load	3	4	0.538279387614	0.674463681351	4	714	1	
374	0	68	step_1_no_load	1	2	2	870	
374	0	68	step_2_no_load	3	4	0.523301545299	0.719455209845	3	1492	1	
374	0	69	step_1_no_load	1	2	2	395	
374	0	69	step_2_no_load	5	6	0.622221685203	0.499137600991	5	996	1	
374	0	70	step_1_no_load	1	2	2	562	
374	0	70	step_2_no_load	3	4	0.548075770764	0.697741832068	4	801	1	
374	0	71	step_1_no_load	1	2	1	364	
374	0	71	step_2_no_load	5	6	0.639174917797	0.482863323776	6	994	0	
374	0	72	step_1_no_load	1	2	1	302	
374	0	72	step_2_no_load	5	6	0.626024641967	0.47409116389	5	676	0	
374	0	73	step_1_no_load	1	2	1	377	
374	0	73	step_2_no_load	3	4	0.50185699984	0.727961155836	4	1159	1	
374	0	74	step_1_no_load	1	2	1	493	
374	0	74	step_2_no_load	3	4	0.491044983779	0.693624670847	4	564	1	
374	0	75	step_1_no_load	1	2	1	526	
374	0	75	step_2_no_load	5	6	0.615552849174	0.44832280175	5	901	1	
374	0	76	step_1_no_load	1	2	1	352	
374	0	76	step_2_no_load	3	4	0.518881389358	0.690117652944	3	991	0	
374	0	77	step_1_no_load	1	2	1	261	
374	0	77	step_2_no_load	3	4	0.538119616568	0.679737625371	4	1164	0	
374	0	78	step_1_no_load	1	2	1	177	
374	0	78	step_2_no_load	5	6	0.536711448352	0.435911167612	5	672	1	
374	0	79	step_1_no_load	1	2	2	415	
374	0	79	step_2_no_load	5	6	0.513695512795	0.389124152368	6	1038	1	
374	0	80	step_1_no_load	1	2	2	355	
374	0	80	step_2_no_load	3	4	0.49921021142	0.703969305517	3	1346	0	
374	0	81	step_1_no_load	1	2	2	281	
374	0	81	step_2_no_load	5	6	0.529745690463	0.419265522488	6	478	0	
374	0	82	step_1_no_load	1	2	2	371	
374	0	82	step_2_no_load	3	4	0.482727017837	0.688340116885	4	483	1	
374	0	83	step_1_no_load	1	2	2	1160	
374	0	83	step_2_no_load	5	6	0.607907985871	0.382772464038	5	816	1	
374	0	84	step_1_no_load	1	2	1	374	
374	0	84	step_2_no_load	3	4	0.505586222209	0.731466635793	4	724	0	
374	0	85	step_1_no_load	1	2	1	313	
374	0	85	step_2_no_load	5	6	0.692384972752	0.384458259121	5	544	1	
374	0	86	step_1_no_load	1	2	1	533	
374	0	86	step_2_no_load	3	4	0.486462788728	0.721207648497	3	1403	0	
374	0	87	step_1_no_load	1	2	1	143	
374	0	87	step_2_no_load	3	4	0.493867001103	0.690012761069	3	1238	0	
374	0	88	step_1_no_load	1	2	1	377	
374	0	88	step_2_no_load	3	4	0.509563243675	0.696773608304	4	774	0	
374	0	89	step_1_no_load	1	2	1	340	
374	0	89	step_2_no_load	3	4	0.490019385174	0.660112261017	4	513	0	
374	0	90	step_1_no_load	1	2	2	400	
374	0	90	step_2_no_load	3	4	0.530126112124	0.688736868033	4	671	1	
374	0	91	step_1_no_load	1	2	2	699	
374	0	91	step_2_no_load	5	6	0.685023809334	0.43534164751	5	1177	1	
374	0	92	step_1_no_load	1	2	2	662	
374	0	92	step_2_no_load	5	6	0.692406274724	0.444368850664	5	1284	1	
374	0	93	step_1_no_load	1	2	2	451	
374	0	93	step_2_no_load	5	6	0.70415710998	0.439878153082	5	594	1	
374	0	94	step_1_no_load	1	2	2	462	
374	0	94	step_2_no_load	5	6	0.719464414227	0.429211756872	6	909	1	
374	0	95	step_1_no_load	1	2	2	251	
374	0	95	step_2_no_load	5	6	0.715495469274	0.427150666411	5	651	1	
374	0	96	step_1_no_load	1	2	2	342	
374	0	96	step_2_no_load	5	6	0.693739812506	0.383038640121	-1	-1	-1	
374	0	97	step_1_no_load	1	2	2	299	
374	0	97	step_2_no_load	5	6	0.681272614291	0.392885664353	5	457	1	
374	0	98	step_1_no_load	1	2	2	310	
374	0	98	step_2_no_load	5	6	0.70287861952	0.409778171713	5	1181	1	
374	0	99	step_1_no_load	1	2	2	321	
374	0	99	step_2_no_load	3	4	0.375249961522	0.645191748454	4	969	0	
374	0	100	step_1_no_load	1	2	2	286	
374	0	100	step_2_no_load	5	6	0.666227451505	0.4333505304	5	436	1	
374	0	101	step_1_no_load	1	2	2	329	
374	0	101	step_2_no_load	3	4	0.366879421891	0.655903528958	3	1223	1	
374	0	102	step_1_no_load	1	2	2	292	
374	0	102	step_2_no_load	5	6	0.666304534392	0.494584754513	5	490	1	
374	0	103	step_1_no_load	1	2	2	312	
374	0	103	step_2_no_load	5	6	0.663997796029	0.481975449893	5	807	0	
374	0	104	step_1_no_load	1	2	2	340	
374	0	104	step_2_no_load	5	6	0.703870701136	0.521047445908	5	414	1	
374	0	105	step_1_no_load	1	2	2	331	
374	0	105	step_2_no_load	5	6	0.689135357059	0.514318365187	5	402	1	
374	0	106	step_1_no_load	1	2	2	317	
374	0	106	step_2_no_load	5	6	0.712883638252	0.508908032404	5	532	0	
374	0	107	step_1_no_load	1	2	2	265	
374	0	107	step_2_no_load	5	6	0.692607431435	0.565220528809	5	447	1	
374	0	108	step_1_no_load	1	2	2	283	
374	0	108	step_2_no_load	3	4	0.388185708856	0.681491063126	4	1050	1	
374	0	109	step_1_no_load	1	2	2	287	
374	0	109	step_2_no_load	5	6	0.71632547018	0.479977531501	5	709	0	
374	0	110	step_1_no_load	1	2	2	418	
374	0	110	step_2_no_load	3	4	0.395544455384	0.65455226558	3	1209	0	
374	0	111	step_1_no_load	1	2	2	294	
374	0	111	step_2_no_load	5	6	0.724852671171	0.384948378665	5	468	1	
374	0	112	step_1_no_load	1	2	1	330	
374	0	112	step_2_no_load	5	6	0.725701866094	0.392887565883	6	977	0	
374	0	113	step_1_no_load	1	2	1	264	
374	0	113	step_2_no_load	3	4	0.387112818105	0.634627459817	-1	-1	-1	
374	0	114	step_1_no_load	1	2	1	292	
374	0	114	step_2_no_load	3	4	0.384736699284	0.657654904272	3	362	0	
374	0	115	step_1_no_load	1	2	1	294	
374	0	115	step_2_no_load	3	4	0.357661171116	0.645721217949	4	1005	0	
374	0	116	step_1_no_load	1	2	2	283	
374	0	116	step_2_no_load	5	6	0.706736514943	0.378149844807	5	587	1	
374	0	117	step_1_no_load	1	2	1	515	
374	0	117	step_2_no_load	3	4	0.363056877927	0.671842537277	4	365	1	
374	0	118	step_1_no_load	1	2	1	344	
374	0	118	step_2_no_load	3	4	0.362977115924	0.690484235012	4	807	1	
374	0	119	step_1_no_load	1	2	1	348	
374	0	119	step_2_no_load	3	4	0.358243439099	0.661177321751	4	476	1	
374	0	120	step_1_no_load	1	2	2	290	
374	0	120	step_2_no_load	5	6	0.70587238626	0.370150243662	5	497	1	
374	0	121	step_1_no_load	1	2	2	421	
374	0	121	step_2_no_load	3	4	0.310775244958	0.671052306195	4	835	0	
374	0	122	step_1_no_load	1	2	2	381	
374	0	122	step_2_no_load	3	4	0.266650857402	0.672193618854	4	1092	0	
374	0	123	step_1_no_load	1	2	2	414	
374	0	123	step_2_no_load	5	6	0.583607229978	0.337526896345	5	438	0	
374	0	124	step_1_no_load	1	2	1	345	
374	0	124	step_2_no_load	3	4	0.26095206597	0.624161788269	4	969	1	
374	0	125	step_1_no_load	1	2	1	350	
374	0	125	step_2_no_load	5	6	0.559596800931	0.303110862715	6	893	0	
374	0	126	step_1_no_load	1	2	1	306	
374	0	126	step_2_no_load	3	4	0.267206368684	0.600985760967	4	937	1	
374	0	127	step_1_no_load	1	2	2	298	
374	0	127	step_2_no_load	5	6	0.560824094575	0.274944938508	5	424	1	
374	0	128	step_1_no_load	1	2	1	406	
374	0	128	step_2_no_load	3	4	0.260252451606	0.620672334996	4	396	1	
374	0	129	step_1_no_load	1	2	2	324	
374	0	129	step_2_no_load	5	6	0.685297910719	0.271709703542	5	619	0	
374	0	130	step_1_no_load	1	2	2	272	
374	0	130	step_2_no_load	5	6	0.682031489739	0.274560758494	5	366	0	
374	0	131	step_1_no_load	1	2	2	314	
374	0	131	step_2_no_load	5	6	0.678044920845	0.311475039155	5	449	0	
374	0	132	step_1_no_load	1	2	2	103	
374	0	132	step_2_no_load	5	6	0.668578020634	0.315328810424	6	430	1	
374	0	133	step_1_no_load	1	2	2	395	
374	0	133	step_2_no_load	5	6	0.617383991623	0.312642735495	6	441	1	
374	0	134	step_1_no_load	1	2	2	333	
374	0	134	step_2_no_load	3	4	0.287393715313	0.685529359147	4	1388	0	
374	0	135	step_1_no_load	1	2	-1	-1	
374	0	136	step_1_no_load	1	2	1	406	
374	0	136	step_2_no_load	3	4	0.307766925452	0.674914008636	4	932	1	
374	0	137	step_1_no_load	1	2	2	257	
374	0	137	step_2_no_load	5	6	0.605896884497	0.325016613024	5	512	1	
374	0	138	step_1_no_load	1	2	2	327	
374	0	138	step_2_no_load	5	6	0.63240964674	0.307694123906	5	857	1	
374	0	139	step_1_no_load	1	2	1	276	
374	0	139	step_2_no_load	3	4	0.325611400511	0.696355985729	4	883	1	
374	0	140	step_1_no_load	1	2	1	345	
374	0	140	step_2_no_load	5	6	0.671213945178	0.328174526491	6	1155	0	
374	0	141	step_1_no_load	1	2	1	270	
374	0	141	step_2_no_load	3	4	0.390227133375	0.616803346728	4	733	1	
374	0	142	step_1_no_load	1	2	2	272	
374	0	142	step_2_no_load	5	6	0.690276058009	0.304203281606	5	487	0	
374	0	143	step_1_no_load	1	2	2	260	
374	0	143	step_2_no_load	5	6	0.661365099615	0.313516825296	6	444	0	
374	0	144	step_1_no_load	1	2	2	303	
374	0	144	step_2_no_load	5	6	0.626443722248	0.275932517017	5	471	0	
374	0	145	step_1_no_load	1	2	2	353	
374	0	145	step_2_no_load	5	6	0.6669125229	0.266265924094	5	359	1	
374	0	146	step_1_no_load	1	2	2	393	
374	0	146	step_2_no_load	5	6	0.681611991725	0.257861956214	5	505	0	
374	0	147	step_1_no_load	1	2	2	329	
374	0	147	step_2_no_load	5	6	0.647798886916	0.265578160642	6	1328	0	
374	0	148	step_1_no_load	1	2	2	374	
374	0	148	step_2_no_load	5	6	0.619272702026	0.305288021243	6	382	0	
374	0	149	step_1_no_load	1	2	2	289	
374	0	149	step_2_no_load	3	4	0.300290206122	0.623203869836	4	1167	1	
374	0	150	step_1_no_load	1	2	1	285	
374	0	150	step_2_no_load	5	6	0.575985663078	0.305587692243	6	1131	0	
374	0	151	step_1_no_load	1	2	1	325	
374	0	151	step_2_no_load	5	6	0.59154759351	0.348172164421	5	1244	1	
374	0	152	step_1_no_load	1	2	1	353	
374	0	152	step_2_no_load	3	4	0.323194010514	0.644204174791	4	976	1	
374	0	153	step_1_no_load	1	2	1	454	
374	0	153	step_2_no_load	3	4	0.343622632154	0.681559292085	4	964	1	
374	0	154	step_1_no_load	1	2	1	410	
374	0	154	step_2_no_load	3	4	0.348349389262	0.671672162443	4	698	0	
374	0	155	step_1_no_load	1	2	1	404	
374	0	155	step_2_no_load	5	6	0.632486591889	0.296093457977	5	1356	1	
374	0	156	step_1_no_load	1	2	2	274	
374	0	156	step_2_no_load	3	4	0.368378667812	0.734436160799	3	1345	0	
374	0	157	step_1_no_load	1	2	2	303	
374	0	157	step_2_no_load	5	6	0.585191807512	0.350909357271	6	1318	0	
374	0	158	step_1_no_load	1	2	2	554	
374	0	158	step_2_no_load	3	4	0.334595868098	0.694270715354	4	1096	1	
374	0	159	step_1_no_load	1	2	1	307	
374	0	159	step_2_no_load	3	4	0.321150411254	0.697903160072	4	1034	1	
374	0	160	step_1_no_load	1	2	1	325	
374	0	160	step_2_no_load	3	4	0.355992626298	0.710728171711	4	1276	0	
374	0	161	step_1_no_load	1	2	2	567	
374	0	161	step_2_no_load	5	6	0.516036498158	0.407025633682	6	750	1	
374	0	162	step_1_no_load	1	2	2	1036	
374	0	162	step_2_no_load	5	6	0.566496468084	0.3926701003	6	1466	0	
374	0	163	step_1_no_load	1	2	2	505	
374	0	163	step_2_no_load	3	4	0.430920885959	0.697095951435	4	1151	1	
374	0	164	step_1_no_load	1	2	2	483	
374	0	164	step_2_no_load	5	6	0.585961845322	0.432761720497	6	580	1	
374	0	165	step_1_no_load	1	2	2	429	
374	0	165	step_2_no_load	5	6	0.538026607649	0.463777557969	6	1037	1	
374	0	166	step_1_no_load	1	2	2	295	
374	0	166	step_2_no_load	5	6	0.549095060025	0.422282731054	6	502	1	
374	0	167	step_1_no_load	1	2	2	331	
374	0	167	step_2_no_load	5	6	0.585131062446	0.38753671275	6	875	0	
374	0	168	step_1_no_load	1	2	2	367	
374	0	168	step_2_no_load	5	6	0.613361520676	0.400817642375	6	622	0	
374	0	169	step_1_no_load	1	2	2	458	
374	0	169	step_2_no_load	5	6	0.586049140041	0.42098542374	-1	-1	-1	
374	0	170	step_1_no_load	1	2	1	447	
374	0	170	step_2_no_load	5	6	0.57151385403	0.411067820436	5	470	0	
374	0	171	step_1_no_load	1	2	1	349	
374	0	171	step_2_no_load	3	4	0.425122034074	0.727248140829	4	451	1	
374	0	172	step_1_no_load	1	2	2	504	
374	0	172	step_2_no_load	3	4	0.490120307546	0.668669556875	4	1006	1	
374	0	173	step_1_no_load	1	2	2	292	
374	0	173	step_2_no_load	5	6	0.484428109849	0.385349297983	6	343	0	
374	0	174	step_1_no_load	1	2	2	184	
374	0	174	step_2_no_load	3	4	0.46236234172	0.729877433725	4	567	0	
374	0	175	step_1_no_load	1	2	2	324	
374	0	175	step_2_no_load	3	4	0.484825491933	0.693968268443	4	426	1	
374	0	176	step_1_no_load	1	2	1	527	
374	0	176	step_2_no_load	3	4	0.500856457218	0.679250000396	3	534	0	
374	0	177	step_1_no_load	1	2	1	389	
374	0	177	step_2_no_load	3	4	0.4798184927	0.714070205704	4	722	1	
374	0	178	step_1_no_load	1	2	2	605	
374	0	178	step_2_no_load	3	4	0.49020858644	0.705993797498	4	575	1	
374	0	179	step_1_no_load	1	2	2	466	
374	0	179	step_2_no_load	3	4	0.493565996034	0.709345707515	4	1081	1	
374	0	180	step_1_no_load	1	2	2	701	
374	0	180	step_2_no_load	3	4	0.489345734128	0.719795072986	4	339	1	
374	0	181	step_1_no_load	1	2	2	400	
374	0	181	step_2_no_load	3	4	0.480141179559	0.746910336326	4	582	1	
374	0	182	step_1_no_load	1	2	2	390	
374	0	182	step_2_no_load	5	6	0.506773281362	0.340533666308	6	348	0	
374	0	183	step_1_no_load	1	2	2	318	
374	0	183	step_2_no_load	3	4	0.492742497507	0.720388040749	4	503	0	
374	0	184	step_1_no_load	1	2	2	268	
374	0	184	step_2_no_load	5	6	0.460890977786	0.362743255194	5	795	1	
374	0	185	step_1_no_load	1	2	2	338	
374	0	185	step_2_no_load	5	6	0.479703516092	0.362611152222	5	463	1	
374	0	186	step_1_no_load	1	2	2	349	
374	0	186	step_2_no_load	5	6	0.46870859828	0.332733011923	5	515	1	
374	0	187	step_1_no_load	1	2	2	335	
374	0	187	step_2_no_load	3	4	0.498596507669	0.678211978625	3	397	0	
374	0	188	step_1_no_load	1	2	2	523	
374	0	188	step_2_no_load	5	6	0.471319680586	0.291508050861	5	1002	0	
374	0	189	step_1_no_load	1	2	1	381	
374	0	189	step_2_no_load	3	4	0.534753756004	0.688353284054	3	980	0	
374	0	190	step_1_no_load	1	2	1	395	
374	0	190	step_2_no_load	3	4	0.505820429042	0.667655825994	4	681	1	
374	0	191	step_1_no_load	1	2	1	431	
374	0	191	step_2_no_load	3	4	0.512103523931	0.664271461991	4	581	0	
374	0	192	step_1_no_load	1	2	1	394	
374	0	192	step_2_no_load	5	6	0.450791310283	0.299297135717	5	945	1	
374	0	193	step_1_no_load	1	2	1	478	
374	0	193	step_2_no_load	3	4	0.504944704439	0.679792491164	3	933	1	
374	0	194	step_1_no_load	1	2	1	538	
374	0	194	step_2_no_load	3	4	0.505359594715	0.655261361454	4	409	0	
374	0	195	step_1_no_load	1	2	1	373	
374	0	195	step_2_no_load	3	4	0.494102184238	0.646280688878	4	971	0	
374	0	196	step_1_no_load	1	2	1	282	
374	0	196	step_2_no_load	3	4	0.496717662777	0.695101215304	3	465	1	
374	0	197	step_1_no_load	1	2	1	333	
374	0	197	step_2_no_load	5	6	0.422511153127	0.316987700969	5	1348	1	
374	0	198	step_1_no_load	1	2	1	336	
374	0	198	step_2_no_load	3	4	0.485065498391	0.68660989813	3	655	0	
374	0	199	step_1_no_load	1	2	1	255	
374	0	199	step_2_no_load	3	4	0.529438031858	0.73697129762	3	383	0	
374	0	200	step_1_no_load	1	2	1	153	
374	0	200	step_2_no_load	5	6	0.372436949782	0.299128796668	5	680	0	

Tue Nov 16 15:14:59 2021
