Fri Nov 26 15:16:05 2021	
375	0	1	step_1_no_load	1	2	2	945	
375	0	1	step_2_no_load	5	6	0.594299910136	0.511789129507	6	1371	0	
375	0	2	step_1_no_load	1	2	2	961	
375	0	2	step_2_no_load	5	6	0.610961032466	0.533203491871	6	1064	0	
375	0	3	step_1_no_load	1	2	2	842	
375	0	3	step_2_no_load	3	4	0.584197065669	0.476767372206	3	602	1	
375	0	4	step_1_no_load	1	2	2	796	
375	0	4	step_2_no_load	3	4	0.597491569846	0.478607661228	3	508	1	
375	0	5	step_1_no_load	1	2	2	391	
375	0	5	step_2_no_load	5	6	0.576104915614	0.543908521457	5	495	1	
375	0	6	step_1_no_load	1	2	2	805	
375	0	6	step_2_no_load	3	4	0.585722686883	0.506877622204	3	679	1	
375	0	7	step_1_no_load	1	2	2	544	
375	0	7	step_2_no_load	5	6	0.622642364361	0.506408070053	5	576	1	
375	0	8	step_1_no_load	1	2	2	658	
375	0	8	step_2_no_load	5	6	0.624210374623	0.499203529332	5	625	1	
375	0	9	step_1_no_load	1	2	2	525	
375	0	9	step_2_no_load	5	6	0.641106877158	0.54429228266	5	459	1	
375	0	10	step_1_no_load	1	2	2	561	
375	0	10	step_2_no_load	3	4	0.652626043146	0.482364178155	3	528	0	
375	0	11	step_1_no_load	1	2	2	404	
375	0	11	step_2_no_load	5	6	0.609191465743	0.59022801242	5	650	1	
375	0	12	step_1_no_load	1	2	2	430	
375	0	12	step_2_no_load	5	6	0.552770607849	0.597131918027	5	1205	1	
375	0	13	step_1_no_load	1	2	2	428	
375	0	13	step_2_no_load	3	4	0.653587098421	0.52012981853	4	715	1	
375	0	14	step_1_no_load	1	2	2	464	
375	0	14	step_2_no_load	5	6	0.545555696267	0.611256675753	5	863	1	
375	0	15	step_1_no_load	1	2	2	395	
375	0	15	step_2_no_load	5	6	0.570419113221	0.633564630036	5	933	1	
375	0	16	step_1_no_load	1	2	2	449	
375	0	16	step_2_no_load	5	6	0.553308964466	0.626326396372	5	809	0	
375	0	17	step_1_no_load	1	2	2	565	
375	0	17	step_2_no_load	5	6	0.562895132605	0.643116883134	5	724	1	
375	0	18	step_1_no_load	1	2	2	432	
375	0	18	step_2_no_load	5	6	0.553554620302	0.626895526976	5	735	0	
375	0	19	step_1_no_load	1	2	2	434	
375	0	19	step_2_no_load	5	6	0.536502319591	0.644773170243	5	561	0	
375	0	20	step_1_no_load	1	2	2	348	
375	0	20	step_2_no_load	5	6	0.491720931314	0.60665343963	6	502	1	
375	0	21	step_1_no_load	1	2	2	602	
375	0	21	step_2_no_load	3	4	0.630305464549	0.49769376036	4	1410	1	
375	0	22	step_1_no_load	1	2	2	541	
375	0	22	step_2_no_load	5	6	0.468700882609	0.618527126547	6	1091	0	
375	0	23	step_1_no_load	1	2	2	366	
375	0	23	step_2_no_load	5	6	0.513759772011	0.604065470975	5	581	1	
375	0	24	step_1_no_load	1	2	2	401	
375	0	24	step_2_no_load	5	6	0.503316199018	0.5800912085	5	1016	1	
375	0	25	step_1_no_load	1	2	2	415	
375	0	25	step_2_no_load	3	4	0.565698722896	0.503316372362	4	1069	1	
375	0	26	step_1_no_load	1	2	2	491	
375	0	26	step_2_no_load	3	4	0.592410219737	0.511744353778	3	1194	1	
375	0	27	step_1_no_load	1	2	2	385	
375	0	27	step_2_no_load	5	6	0.54756089792	0.642144756622	6	760	1	
375	0	28	step_1_no_load	1	2	2	373	
375	0	28	step_2_no_load	5	6	0.553259388875	0.647441527317	6	764	1	
375	0	29	step_1_no_load	1	2	2	375	
375	0	29	step_2_no_load	3	4	0.606613029227	0.521159009103	3	806	0	
375	0	30	step_1_no_load	1	2	2	397	
375	0	30	step_2_no_load	5	6	0.574272497114	0.610227092493	6	1029	0	
375	0	31	step_1_no_load	1	2	2	305	
375	0	31	step_2_no_load	5	6	0.541819886458	0.606122691795	6	1096	1	
375	0	32	step_1_no_load	1	2	2	419	
375	0	32	step_2_no_load	5	6	0.522993086096	0.605616211083	6	649	1	
375	0	33	step_1_no_load	1	2	2	355	
375	0	33	step_2_no_load	5	6	0.542309898544	0.618000238621	6	1091	0	
375	0	34	step_1_no_load	1	2	2	368	
375	0	34	step_2_no_load	5	6	0.538523758058	0.670290552209	5	871	1	
375	0	35	step_1_no_load	1	2	2	357	
375	0	35	step_2_no_load	5	6	0.594167768198	0.649776015006	5	524	0	
375	0	36	step_1_no_load	1	2	2	360	
375	0	36	step_2_no_load	5	6	0.611274573488	0.661229326326	5	895	1	
375	0	37	step_1_no_load	1	2	2	363	
375	0	37	step_2_no_load	3	4	0.513822304161	0.543074626387	3	1153	0	
375	0	38	step_1_no_load	1	2	2	481	
375	0	38	step_2_no_load	5	6	0.595113730206	0.651263699161	6	504	0	
375	0	39	step_1_no_load	1	2	2	355	
375	0	39	step_2_no_load	5	6	0.610601635554	0.634483337633	5	617	0	
375	0	40	step_1_no_load	1	2	2	341	
375	0	40	step_2_no_load	3	4	0.580760785074	0.5691386571	4	1411	1	
375	0	41	step_1_no_load	1	2	2	364	
375	0	41	step_2_no_load	5	6	0.588857868869	0.633285941184	5	778	0	
375	0	42	step_1_no_load	1	2	2	334	
375	0	42	step_2_no_load	5	6	0.609164606591	0.606696263624	6	469	1	
375	0	43	step_1_no_load	1	2	2	377	
375	0	43	step_2_no_load	3	4	0.553703096215	0.548128010644	3	975	0	
375	0	44	step_1_no_load	1	2	1	744	
375	0	44	step_2_no_load	5	6	0.611481438855	0.589653131867	6	1310	1	
375	0	45	step_1_no_load	1	2	1	1	
375	0	45	step_2_no_load	3	4	0.579346234508	0.5288039409	4	1265	1	
375	0	46	step_1_no_load	1	2	1	373	
375	0	46	step_2_no_load	5	6	0.600964500555	0.654261318712	6	739	1	
375	0	47	step_1_no_load	1	2	1	369	
375	0	47	step_2_no_load	3	4	0.546259467838	0.493112702321	3	1240	1	
375	0	48	step_1_no_load	1	2	1	632	
375	0	48	step_2_no_load	3	4	0.534690828011	0.488280685105	4	1143	0	
375	0	49	step_1_no_load	1	2	1	563	
375	0	49	step_2_no_load	3	4	0.512405963374	0.489287375157	3	715	1	
375	0	50	step_1_no_load	1	2	1	430	
375	0	50	step_2_no_load	5	6	0.606862017918	0.593458480934	6	868	1	
375	0	51	step_1_no_load	1	2	2	392	
375	0	51	step_2_no_load	5	6	0.564866799699	0.613357430892	5	1207	1	
375	0	52	step_1_no_load	1	2	2	332	
375	0	52	step_2_no_load	5	6	0.539065404057	0.613408921915	5	547	1	
375	0	53	step_1_no_load	1	2	2	414	
375	0	53	step_2_no_load	5	6	0.551457882502	0.630956764252	5	629	1	
375	0	54	step_1_no_load	1	2	2	370	
375	0	54	step_2_no_load	5	6	0.570223904064	0.652515308527	5	537	0	
375	0	55	step_1_no_load	1	2	2	383	
375	0	55	step_2_no_load	5	6	0.574045915747	0.639840796975	5	445	1	
375	0	56	step_1_no_load	1	2	2	394	
375	0	56	step_2_no_load	3	4	0.538512915562	0.459773408493	4	824	1	
375	0	57	step_1_no_load	1	2	2	566	
375	0	57	step_2_no_load	3	4	0.516475618243	0.466449077359	3	1300	1	
375	0	58	step_1_no_load	1	2	2	371	
375	0	58	step_2_no_load	5	6	0.664682809182	0.610896130115	5	1233	1	
375	0	59	step_1_no_load	1	2	2	365	
375	0	59	step_2_no_load	3	4	0.537400760025	0.480274332693	-1	-1	-1	
375	0	60	step_1_no_load	1	2	2	360	
375	0	60	step_2_no_load	3	4	0.479287247283	0.491916707098	3	487	1	
375	0	61	step_1_no_load	1	2	2	340	
375	0	61	step_2_no_load	5	6	0.669587072502	0.602879526975	6	643	1	
375	0	62	step_1_no_load	1	2	2	384	
375	0	62	step_2_no_load	5	6	0.691137204746	0.622820395113	5	518	1	
375	0	63	step_1_no_load	1	2	2	332	
375	0	63	step_2_no_load	5	6	0.664284493458	0.642623127313	5	483	1	
375	0	64	step_1_no_load	1	2	2	347	
375	0	64	step_2_no_load	5	6	0.642369708469	0.626149195169	6	1210	1	
375	0	65	step_1_no_load	1	2	2	398	
375	0	65	step_2_no_load	3	4	0.517687993213	0.569109504048	4	836	1	
375	0	66	step_1_no_load	1	2	2	360	
375	0	66	step_2_no_load	3	4	0.555324764318	0.573761869714	-1	-1	-1	
375	0	67	step_1_no_load	1	2	2	350	
375	0	67	step_2_no_load	5	6	0.597650193897	0.674463681351	5	565	0	
375	0	68	step_1_no_load	1	2	2	960	
375	0	68	step_2_no_load	5	6	0.622963076372	0.719455209845	5	679	0	
375	0	69	step_1_no_load	1	2	2	339	
375	0	69	step_2_no_load	3	4	0.560462111264	0.499137600991	3	946	1	
375	0	70	step_1_no_load	1	2	2	351	
375	0	70	step_2_no_load	5	6	0.637556284465	0.697741832068	5	622	1	
375	0	71	step_1_no_load	1	2	2	339	
375	0	71	step_2_no_load	3	4	0.546215110045	0.482863323776	4	842	1	
375	0	72	step_1_no_load	1	2	2	327	
375	0	72	step_2_no_load	5	6	0.626024641967	0.705884789502	5	470	1	
375	0	73	step_1_no_load	1	2	2	298	
375	0	73	step_2_no_load	3	4	0.50185699984	0.435957313805	3	408	0	
375	0	74	step_1_no_load	1	2	2	285	
375	0	74	step_2_no_load	5	6	0.614462146454	0.693624670847	5	484	0	
375	0	75	step_1_no_load	1	2	2	354	
375	0	75	step_2_no_load	5	6	0.615552849174	0.697629587097	5	497	1	
375	0	76	step_1_no_load	1	2	2	374	
375	0	76	step_2_no_load	5	6	0.62770291155	0.690117652944	5	560	1	
375	0	77	step_1_no_load	1	2	2	371	
375	0	77	step_2_no_load	3	4	0.538119616568	0.446809557226	4	833	0	
375	0	78	step_1_no_load	1	2	2	365	
375	0	78	step_2_no_load	5	6	0.536711448352	0.647586191228	5	884	1	
375	0	79	step_1_no_load	1	2	2	362	
375	0	79	step_2_no_load	5	6	0.513695512795	0.647841624544	5	792	1	
375	0	80	step_1_no_load	1	2	2	374	
375	0	80	step_2_no_load	5	6	0.518583383166	0.703969305517	5	517	1	
375	0	81	step_1_no_load	1	2	2	396	
375	0	81	step_2_no_load	5	6	0.529745690463	0.702400933084	5	420	1	
375	0	82	step_1_no_load	1	2	2	344	
375	0	82	step_2_no_load	5	6	0.564729328387	0.688340116885	5	351	1	
375	0	83	step_1_no_load	1	2	2	307	
375	0	83	step_2_no_load	5	6	0.607907985871	0.726885136842	5	394	1	
375	0	84	step_1_no_load	1	2	2	406	
375	0	84	step_2_no_load	3	4	0.505586222209	0.385087938645	4	901	1	
375	0	85	step_1_no_load	1	2	2	335	
375	0	85	step_2_no_load	5	6	0.692384972752	0.712989604416	5	598	1	
375	0	86	step_1_no_load	1	2	2	325	
375	0	86	step_2_no_load	5	6	0.691782850001	0.721207648497	5	421	0	
375	0	87	step_1_no_load	1	2	2	393	
375	0	87	step_2_no_load	5	6	0.719375344246	0.690012761069	5	441	1	
375	0	88	step_1_no_load	1	2	2	333	
375	0	88	step_2_no_load	5	6	0.717410082358	0.696773608304	5	517	1	
375	0	89	step_1_no_load	1	2	2	352	
375	0	89	step_2_no_load	5	6	0.690772436485	0.660112261017	5	462	0	
375	0	90	step_1_no_load	1	2	2	403	
375	0	90	step_2_no_load	3	4	0.530126112124	0.411459496853	3	418	0	
375	0	91	step_1_no_load	1	2	2	295	
375	0	91	step_2_no_load	3	4	0.479087223222	0.43534164751	4	773	0	
375	0	92	step_1_no_load	1	2	2	337	
375	0	92	step_2_no_load	3	4	0.484260039873	0.444368850664	4	424	1	
375	0	93	step_1_no_load	1	2	2	342	
375	0	93	step_2_no_load	5	6	0.70415710998	0.662863370634	5	445	1	
375	0	94	step_1_no_load	1	2	2	321	
375	0	94	step_2_no_load	5	6	0.719464414227	0.668295023896	5	423	1	
375	0	95	step_1_no_load	1	2	2	309	
375	0	95	step_2_no_load	5	6	0.715495469274	0.640209855442	5	404	1	
375	0	96	step_1_no_load	1	2	2	345	
375	0	96	step_2_no_load	3	4	0.437558890646	0.383038640121	3	551	1	
375	0	97	step_1_no_load	1	2	2	299	
375	0	97	step_2_no_load	5	6	0.681272614291	0.651202057411	5	578	1	
375	0	98	step_1_no_load	1	2	2	320	
375	0	98	step_2_no_load	3	4	0.431479829356	0.409778171713	4	718	1	
375	0	99	step_1_no_load	1	2	2	306	
375	0	99	step_2_no_load	5	6	0.673709850038	0.645191748454	5	841	1	
375	0	100	step_1_no_load	1	2	2	335	
375	0	100	step_2_no_load	5	6	0.666227451505	0.66579920021	5	526	0	
375	0	101	step_1_no_load	1	2	2	347	
375	0	101	step_2_no_load	5	6	0.623812401974	0.655903528958	5	857	1	
375	0	102	step_1_no_load	1	2	2	469	
375	0	102	step_2_no_load	5	6	0.666304534392	0.663124617603	5	676	1	
375	0	103	step_1_no_load	1	2	2	368	
375	0	103	step_2_no_load	3	4	0.322834495838	0.481975449893	4	1039	1	
375	0	104	step_1_no_load	1	2	2	365	
375	0	104	step_2_no_load	5	6	0.703870701136	0.743372642809	5	668	1	
375	0	105	step_1_no_load	1	2	2	361	
375	0	105	step_2_no_load	5	6	0.689135357059	0.722851301692	5	783	1	
375	0	106	step_1_no_load	1	2	2	371	
375	0	106	step_2_no_load	5	6	0.712883638252	0.699623252899	5	650	1	
375	0	107	step_1_no_load	1	2	2	346	
375	0	107	step_2_no_load	5	6	0.692607431435	0.677514185929	5	527	1	
375	0	108	step_1_no_load	1	2	2	317	
375	0	108	step_2_no_load	3	4	0.388185708856	0.526955028982	4	756	0	
375	0	109	step_1_no_load	1	2	2	440	
375	0	109	step_2_no_load	5	6	0.71632547018	0.68658494263	5	695	0	
375	0	110	step_1_no_load	1	2	2	204	
375	0	110	step_2_no_load	5	6	0.729599891941	0.65455226558	5	811	1	
375	0	111	step_1_no_load	1	2	2	447	
375	0	111	step_2_no_load	3	4	0.407158158569	0.384948378665	4	861	0	
375	0	112	step_1_no_load	1	2	2	338	
375	0	112	step_2_no_load	5	6	0.725701866094	0.635252945963	5	953	0	
375	0	113	step_1_no_load	1	2	2	326	
375	0	113	step_2_no_load	3	4	0.387112818105	0.370697120277	3	1023	0	
375	0	114	step_1_no_load	1	2	1	293	
375	0	114	step_2_no_load	3	4	0.384736699284	0.380324086676	4	925	0	
375	0	115	step_1_no_load	1	2	1	225	
375	0	115	step_2_no_load	3	4	0.357661171116	0.390027643099	3	761	0	
375	0	116	step_1_no_load	1	2	1	403	
375	0	116	step_2_no_load	5	6	0.706736514943	0.680124293449	5	873	0	
375	0	117	step_1_no_load	1	2	1	336	
375	0	117	step_2_no_load	3	4	0.363056877927	0.374621793791	3	758	0	
375	0	118	step_1_no_load	1	2	2	372	
375	0	118	step_2_no_load	5	6	0.740051715856	0.690484235012	6	635	1	
375	0	119	step_1_no_load	1	2	2	520	
375	0	119	step_2_no_load	5	6	0.690424535099	0.661177321751	6	543	1	
375	0	120	step_1_no_load	1	2	2	378	
375	0	120	step_2_no_load	3	4	0.333809617664	0.370150243662	3	745	0	
375	0	121	step_1_no_load	1	2	2	332	
375	0	121	step_2_no_load	5	6	0.658856304095	0.671052306195	6	859	1	
375	0	122	step_1_no_load	1	2	2	336	
375	0	122	step_2_no_load	5	6	0.6136886145	0.672193618854	6	431	1	
375	0	123	step_1_no_load	1	2	2	291	
375	0	123	step_2_no_load	5	6	0.583607229978	0.664849878232	6	424	0	
375	0	124	step_1_no_load	1	2	2	311	
375	0	124	step_2_no_load	5	6	0.603013298253	0.624161788269	6	396	1	
375	0	125	step_1_no_load	1	2	2	404	
375	0	125	step_2_no_load	5	6	0.559596800931	0.633566302563	6	459	1	
375	0	126	step_1_no_load	1	2	2	320	
375	0	126	step_2_no_load	3	4	0.267206368684	0.300846667696	4	477	0	
375	0	127	step_1_no_load	1	2	2	349	
375	0	127	step_2_no_load	5	6	0.560824094575	0.646945556251	6	565	1	
375	0	128	step_1_no_load	1	2	2	369	
375	0	128	step_2_no_load	5	6	0.636905534066	0.620672334996	6	455	1	
375	0	129	step_1_no_load	1	2	2	325	
375	0	129	step_2_no_load	5	6	0.685297910719	0.632682846317	6	501	1	
375	0	130	step_1_no_load	1	2	2	368	
375	0	130	step_2_no_load	5	6	0.682031489739	0.630285316669	6	888	1	
375	0	131	step_1_no_load	1	2	2	330	
375	0	131	step_2_no_load	5	6	0.678044920845	0.638450601212	6	496	0	
375	0	132	step_1_no_load	1	2	2	303	
375	0	132	step_2_no_load	3	4	0.27986961048	0.315328810424	3	910	0	
375	0	133	step_1_no_load	1	2	2	362	
375	0	133	step_2_no_load	5	6	0.617383991623	0.691649444281	6	1040	1	
375	0	134	step_1_no_load	1	2	2	349	
375	0	134	step_2_no_load	5	6	0.621945110858	0.685529359147	6	403	1	
375	0	135	step_1_no_load	1	2	2	954	
375	0	135	step_2_no_load	3	4	0.300079459047	0.287118934166	3	834	0	
375	0	136	step_1_no_load	1	2	2	373	
375	0	136	step_2_no_load	5	6	0.597814413435	0.674914008636	5	876	1	
375	0	137	step_1_no_load	1	2	2	336	
375	0	137	step_2_no_load	5	6	0.605896884497	0.668540846495	5	446	0	
375	0	138	step_1_no_load	1	2	2	426	
375	0	138	step_2_no_load	3	4	0.366701525561	0.307694123906	3	962	1	
375	0	139	step_1_no_load	1	2	2	351	
375	0	139	step_2_no_load	5	6	0.636630981281	0.696355985729	6	756	1	
375	0	140	step_1_no_load	1	2	2	321	
375	0	140	step_2_no_load	5	6	0.671213945178	0.637682840728	6	1094	1	
375	0	141	step_1_no_load	1	2	2	394	
375	0	141	step_2_no_load	5	6	0.711987889705	0.616803346728	6	457	0	
375	0	142	step_1_no_load	1	2	2	366	
375	0	142	step_2_no_load	3	4	0.397052682821	0.304203281606	4	981	0	
375	0	143	step_1_no_load	1	2	2	389	
375	0	143	step_2_no_load	5	6	0.661365099615	0.610219102298	6	443	1	
375	0	144	step_1_no_load	1	2	2	328	
375	0	144	step_2_no_load	3	4	0.389234194056	0.275932517017	3	918	0	
375	0	145	step_1_no_load	1	2	2	340	
375	0	145	step_2_no_load	5	6	0.6669125229	0.606515632748	6	561	1	
375	0	146	step_1_no_load	1	2	2	309	
375	0	146	step_2_no_load	3	4	0.320877500969	0.257861956214	4	493	0	
375	0	147	step_1_no_load	1	2	2	330	
375	0	147	step_2_no_load	3	4	0.352879785946	0.265578160642	3	576	1	
375	0	148	step_1_no_load	1	2	2	326	
375	0	148	step_2_no_load	5	6	0.619272702026	0.648050021239	6	933	0	
375	0	149	step_1_no_load	1	2	2	306	
375	0	149	step_2_no_load	5	6	0.601870110183	0.623203869836	6	513	1	
375	0	150	step_1_no_load	1	2	2	710	
375	0	150	step_2_no_load	5	6	0.575985663078	0.605912419156	6	421	1	
375	0	151	step_1_no_load	1	2	2	415	
375	0	151	step_2_no_load	5	6	0.59154759351	0.614159737668	6	599	0	
375	0	152	step_1_no_load	1	2	2	52	
375	0	152	step_2_no_load	5	6	0.595108765344	0.644204174791	6	897	1	
375	0	153	step_1_no_load	1	2	2	344	
375	0	153	step_2_no_load	5	6	0.613336203392	0.681559292085	6	512	0	
375	0	154	step_1_no_load	1	2	2	380	
375	0	154	step_2_no_load	5	6	0.638934099562	0.671672162443	6	473	0	
375	0	155	step_1_no_load	1	2	2	383	
375	0	155	step_2_no_load	3	4	0.372188990474	0.296093457977	4	1278	0	
375	0	156	step_1_no_load	1	2	2	324	
375	0	156	step_2_no_load	3	4	0.368378667812	0.32564867104	3	1098	0	
375	0	157	step_1_no_load	1	2	2	327	
375	0	157	step_2_no_load	5	6	0.585191807512	0.720725456325	6	1060	1	
375	0	158	step_1_no_load	1	2	2	305	
375	0	158	step_2_no_load	5	6	0.532722108502	0.694270715354	6	576	1	
375	0	159	step_1_no_load	1	2	2	381	
375	0	159	step_2_no_load	5	6	0.541222065796	0.697903160072	6	684	1	
375	0	160	step_1_no_load	1	2	2	315	
375	0	160	step_2_no_load	5	6	0.521229931064	0.710728171711	6	457	1	
375	0	161	step_1_no_load	1	2	2	349	
375	0	161	step_2_no_load	5	6	0.516036498158	0.719896286569	6	468	1	
375	0	162	step_1_no_load	1	2	2	344	
375	0	162	step_2_no_load	3	4	0.455329532209	0.3926701003	3	647	0	
375	0	163	step_1_no_load	1	2	2	324	
375	0	163	step_2_no_load	3	4	0.430920885959	0.395221309311	4	579	1	
375	0	164	step_1_no_load	1	2	2	385	
375	0	164	step_2_no_load	5	6	0.585961845322	0.692137394606	6	503	1	
375	0	165	step_1_no_load	1	2	2	757	
375	0	165	step_2_no_load	3	4	0.347974240867	0.463777557969	4	620	1	
375	0	166	step_1_no_load	1	2	2	328	
375	0	166	step_2_no_load	5	6	0.549095060025	0.686594248975	6	383	0	
375	0	167	step_1_no_load	1	2	2	330	
375	0	167	step_2_no_load	5	6	0.585131062446	0.706271792549	6	369	0	
375	0	168	step_1_no_load	1	2	2	328	
375	0	168	step_2_no_load	5	6	0.613361520676	0.67192508984	6	399	1	
375	0	169	step_1_no_load	1	2	2	371	
375	0	169	step_2_no_load	5	6	0.586049140041	0.704981910944	6	497	1	
375	0	170	step_1_no_load	1	2	2	358	
375	0	170	step_2_no_load	5	6	0.57151385403	0.67334314737	6	469	0	
375	0	171	step_1_no_load	1	2	2	305	
375	0	171	step_2_no_load	3	4	0.425122034074	0.386979310814	4	408	0	
375	0	172	step_1_no_load	1	2	2	0	
375	0	172	step_2_no_load	5	6	0.519090471457	0.668669556875	6	766	1	
375	0	173	step_1_no_load	1	2	2	313	
375	0	173	step_2_no_load	5	6	0.484428109849	0.667027212577	6	456	1	
375	0	174	step_1_no_load	1	2	2	325	
375	0	174	step_2_no_load	5	6	0.472729524832	0.729877433725	6	444	1	
375	0	175	step_1_no_load	1	2	2	348	
375	0	175	step_2_no_load	3	4	0.484825491933	0.426185553904	3	827	1	
375	0	176	step_1_no_load	1	2	2	312	
375	0	176	step_2_no_load	3	4	0.500856457218	0.383231572002	3	527	0	
375	0	177	step_1_no_load	1	2	2	330	
375	0	177	step_2_no_load	3	4	0.4798184927	0.357425668099	3	552	1	
375	0	178	step_1_no_load	1	2	2	335	
375	0	178	step_2_no_load	5	6	0.493712351915	0.705993797498	6	838	1	
375	0	179	step_1_no_load	1	2	2	348	
375	0	179	step_2_no_load	5	6	0.457298770028	0.709345707515	6	708	0	
375	0	180	step_1_no_load	1	2	2	319	
375	0	180	step_2_no_load	5	6	0.482853857291	0.719795072986	6	414	1	
375	0	181	step_1_no_load	1	2	2	330	
375	0	181	step_2_no_load	5	6	0.508735114046	0.746910336326	6	497	1	
375	0	182	step_1_no_load	1	2	2	431	
375	0	182	step_2_no_load	5	6	0.506773281362	0.72717560423	6	534	1	
375	0	183	step_1_no_load	1	2	2	314	
375	0	183	step_2_no_load	5	6	0.502991759047	0.720388040749	6	458	1	
375	0	184	step_1_no_load	1	2	2	326	
375	0	184	step_2_no_load	5	6	0.460890977786	0.657291439324	6	413	0	
375	0	185	step_1_no_load	1	2	2	354	
375	0	185	step_2_no_load	5	6	0.479703516092	0.665622647081	6	433	1	
375	0	186	step_1_no_load	1	2	2	341	
375	0	186	step_2_no_load	5	6	0.46870859828	0.656308636836	6	405	0	
375	0	187	step_1_no_load	1	2	2	353	
375	0	187	step_2_no_load	5	6	0.443962917772	0.678211978625	6	536	1	
375	0	188	step_1_no_load	1	2	2	314	
375	0	188	step_2_no_load	3	4	0.548350535247	0.291508050861	3	753	0	
375	0	189	step_1_no_load	1	2	2	286	
375	0	189	step_2_no_load	5	6	0.448897869069	0.688353284054	6	685	0	
375	0	190	step_1_no_load	1	2	2	329	
375	0	190	step_2_no_load	3	4	0.505820429042	0.304557739386	4	472	0	
375	0	191	step_1_no_load	1	2	2	309	
375	0	191	step_2_no_load	5	6	0.435748387321	0.664271461991	6	508	1	
375	0	192	step_1_no_load	1	2	2	343	
375	0	192	step_2_no_load	5	6	0.450791310283	0.705517419189	6	262	1	
375	0	193	step_1_no_load	1	2	2	299	
375	0	193	step_2_no_load	5	6	0.440813209638	0.679792491164	6	348	1	
375	0	194	step_1_no_load	1	2	2	552	
375	0	194	step_2_no_load	3	4	0.505359594715	0.342437174514	3	687	1	
375	0	195	step_1_no_load	1	2	2	340	
375	0	195	step_2_no_load	5	6	0.466795336969	0.646280688878	6	875	0	
375	0	196	step_1_no_load	1	2	2	305	
375	0	196	step_2_no_load	3	4	0.496717662777	0.365373286058	4	624	1	
375	0	197	step_1_no_load	1	2	2	370	
375	0	197	step_2_no_load	3	4	0.47786945426	0.316987700969	4	1120	0	
375	0	198	step_1_no_load	1	2	2	358	
375	0	198	step_2_no_load	3	4	0.485065498391	0.303352625941	4	1005	0	
375	0	199	step_1_no_load	1	2	2	348	
375	0	199	step_2_no_load	5	6	0.39793773834	0.73697129762	6	539	1	
375	0	200	step_1_no_load	1	2	2	369	
375	0	200	step_2_no_load	5	6	0.372436949782	0.728996708473	5	975	0	

Fri Nov 26 15:33:52 2021
