Fri Dec  3 15:06:54 2021	
377	0	1	step_1_no_load	1	2	1	1124	
377	0	1	step_2_no_load	5	6	0.511789129507	0.598297890399	6	1158	0	
377	0	2	step_1_no_load	1	2	2	301	
377	0	2	step_2_no_load	5	6	0.533203491871	0.580156942153	6	332	0	
377	0	3	step_1_no_load	1	2	1	227	
377	0	3	step_2_no_load	5	6	0.516002945397	0.584197065669	5	219	0	
377	0	4	step_1_no_load	1	2	2	276	
377	0	4	step_2_no_load	5	6	0.494597764192	0.597491569846	6	500	1	
377	0	5	step_1_no_load	1	2	1	265	
377	0	5	step_2_no_load	5	6	0.543908521457	0.623810210114	-1	-1	-1	
377	0	6	step_1_no_load	1	2	1	364	
377	0	6	step_2_no_load	3	4	0.603642866427	0.506877622204	4	363	1	
377	0	7	step_1_no_load	1	2	2	317	
377	0	7	step_2_no_load	5	6	0.506408070053	0.568656746487	5	307	1	
377	0	8	step_1_no_load	1	2	2	303	
377	0	8	step_2_no_load	3	4	0.624210374623	0.489816616396	3	294	1	
377	0	9	step_1_no_load	1	2	1	357	
377	0	9	step_2_no_load	3	4	0.641106877158	0.496546708465	4	379	1	
377	0	10	step_1_no_load	1	2	1	345	
377	0	10	step_2_no_load	3	4	0.636063269715	0.482364178155	4	481	1	
377	0	11	step_1_no_load	1	2	2	363	
377	0	11	step_2_no_load	5	6	0.59022801242	0.69163818036	-1	-1	-1	
377	0	12	step_1_no_load	1	2	2	209	
377	0	12	step_2_no_load	5	6	0.597131918027	0.682786328054	5	232	0	
377	0	13	step_1_no_load	1	2	2	204	
377	0	13	step_2_no_load	3	4	0.558313135925	0.52012981853	3	771	1	
377	0	14	step_1_no_load	1	2	2	264	
377	0	14	step_2_no_load	5	6	0.611256675753	0.629137942344	6	504	1	
377	0	15	step_1_no_load	1	2	1	237	
377	0	15	step_2_no_load	3	4	0.570419113221	0.505377237737	3	453	0	
377	0	16	step_1_no_load	1	2	1	240	
377	0	16	step_2_no_load	5	6	0.626326396372	0.628091198119	6	1208	1	
377	0	17	step_1_no_load	1	2	2	811	
377	0	17	step_2_no_load	5	6	0.643116883134	0.633350170016	6	666	1	
377	0	18	step_1_no_load	1	2	2	119	
377	0	18	step_2_no_load	5	6	0.626895526976	0.626834332012	6	431	1	
377	0	19	step_1_no_load	1	2	1	178	
377	0	19	step_2_no_load	5	6	0.644773170243	0.619895761657	5	298	0	
377	0	20	step_1_no_load	1	2	1	242	
377	0	20	step_2_no_load	3	4	0.491720931314	0.478025448397	3	489	1	
377	0	21	step_1_no_load	1	2	2	151	
377	0	21	step_2_no_load	5	6	0.611328949295	0.630305464549	6	415	1	
377	0	22	step_1_no_load	1	2	2	205	
377	0	22	step_2_no_load	5	6	0.618527126547	0.621949894727	6	772	0	
377	0	23	step_1_no_load	1	2	1	201	
377	0	23	step_2_no_load	3	4	0.513759772011	0.520606588181	3	680	0	
377	0	24	step_1_no_load	1	2	1	291	
377	0	24	step_2_no_load	5	6	0.5800912085	0.582115115688	6	347	1	
377	0	25	step_1_no_load	1	2	2	161	
377	0	25	step_2_no_load	5	6	0.629917901014	0.565698722896	6	711	1	
377	0	26	step_1_no_load	1	2	1	236	
377	0	26	step_2_no_load	3	4	0.532884212818	0.511744353778	3	402	1	
377	0	27	step_1_no_load	1	2	2	1	
377	0	27	step_2_no_load	5	6	0.642144756622	0.57860777711	6	54	0	
377	0	28	step_1_no_load	1	2	1	234	
377	0	28	step_2_no_load	3	4	0.553259388875	0.520177259699	3	385	1	
377	0	29	step_1_no_load	1	2	1	168	
377	0	29	step_2_no_load	3	4	0.561957580386	0.521159009103	3	551	1	
377	0	30	step_1_no_load	1	2	2	314	
377	0	30	step_2_no_load	3	4	0.574272497114	0.4919199548	3	729	1	
377	0	31	step_1_no_load	1	2	2	326	
377	0	31	step_2_no_load	5	6	0.606122691795	0.636602545794	6	725	1	
377	0	32	step_1_no_load	1	2	1	275	
377	0	32	step_2_no_load	5	6	0.605616211083	0.634585171267	6	1146	1	
377	0	33	step_1_no_load	1	2	1	295	
377	0	33	step_2_no_load	5	6	0.618000238621	0.611700032906	6	1149	1	
377	0	34	step_1_no_load	1	2	2	369	
377	0	34	step_2_no_load	5	6	0.670290552209	0.575802910074	6	673	1	
377	0	35	step_1_no_load	1	2	1	269	
377	0	35	step_2_no_load	3	4	0.594167768198	0.491437207585	3	844	1	
377	0	36	step_1_no_load	1	2	1	257	
377	0	36	step_2_no_load	3	4	0.611274573488	0.513210053121	3	864	1	
377	0	37	step_1_no_load	1	2	2	294	
377	0	37	step_2_no_load	5	6	0.660658056664	0.513822304161	6	669	1	
377	0	38	step_1_no_load	1	2	2	304	
377	0	38	step_2_no_load	5	6	0.651263699161	0.539078491643	6	727	0	
377	0	39	step_1_no_load	1	2	1	250	
377	0	39	step_2_no_load	3	4	0.610601635554	0.578640235206	3	738	1	
377	0	40	step_1_no_load	1	2	2	301	
377	0	40	step_2_no_load	5	6	0.636994900683	0.580760785074	6	700	1	
377	0	41	step_1_no_load	1	2	2	302	
377	0	41	step_2_no_load	3	4	0.588857868869	0.583829055298	3	838	0	
377	0	42	step_1_no_load	1	2	1	265	
377	0	42	step_2_no_load	3	4	0.609164606591	0.553461946234	4	496	1	
377	0	43	step_1_no_load	1	2	2	411	
377	0	43	step_2_no_load	5	6	0.581931546759	0.553703096215	6	553	1	
377	0	44	step_1_no_load	1	2	1	245	
377	0	44	step_2_no_load	3	4	0.611481438855	0.537842745081	3	667	1	
377	0	45	step_1_no_load	1	2	2	199	
377	0	45	step_2_no_load	5	6	0.620699591043	0.579346234508	6	653	1	
377	0	46	step_1_no_load	1	2	2	899	
377	0	46	step_2_no_load	3	4	0.600964500555	0.532238720495	3	1057	1	
377	0	47	step_1_no_load	1	2	1	272	
377	0	47	step_2_no_load	5	6	0.634373567175	0.546259467838	6	631	1	
377	0	48	step_1_no_load	1	2	2	438	
377	0	48	step_2_no_load	3	4	0.615767119776	0.488280685105	3	1200	0	
377	0	49	step_1_no_load	1	2	2	194	
377	0	49	step_2_no_load	5	6	0.614679490594	0.512405963374	6	740	0	
377	0	50	step_1_no_load	1	2	1	286	
377	0	50	step_2_no_load	3	4	0.606862017918	0.47381367271	4	350	1	
377	0	51	step_1_no_load	1	2	1	297	
377	0	51	step_2_no_load	3	4	0.564866799699	0.469943944943	3	672	0	
377	0	52	step_1_no_load	1	2	2	30	
377	0	52	step_2_no_load	5	6	0.613408921915	0.513589895419	6	0	1	
377	0	53	step_1_no_load	1	2	1	410	
377	0	53	step_2_no_load	3	4	0.551457882502	0.451905460347	3	473	0	
377	0	54	step_1_no_load	1	2	2	477	
377	0	54	step_2_no_load	3	4	0.570223904064	0.491512498697	3	524	1	
377	0	55	step_1_no_load	1	2	1	359	
377	0	55	step_2_no_load	3	4	0.574045915747	0.487025527704	3	871	1	
377	0	56	step_1_no_load	1	2	2	546	
377	0	56	step_2_no_load	5	6	0.60038825769	0.538512915562	6	664	1	
377	0	57	step_1_no_load	1	2	2	421	
377	0	57	step_2_no_load	5	6	0.586335094239	0.516475618243	6	915	0	
377	0	58	step_1_no_load	1	2	1	323	
377	0	58	step_2_no_load	3	4	0.664682809182	0.478335218822	3	402	0	
377	0	59	step_1_no_load	1	2	1	382	
377	0	59	step_2_no_load	3	4	0.632500293208	0.480274332693	4	1004	1	
377	0	60	step_1_no_load	1	2	1	468	
377	0	60	step_2_no_load	5	6	0.599559577859	0.479287247283	5	308	1	
377	0	61	step_1_no_load	1	2	2	940	
377	0	61	step_2_no_load	3	4	0.669587072502	0.464268875813	4	475	0	
377	0	62	step_1_no_load	1	2	2	414	
377	0	62	step_2_no_load	3	4	0.691137204746	0.50724109756	3	349	0	
377	0	63	step_1_no_load	1	2	1	509	
377	0	63	step_2_no_load	5	6	0.642623127313	0.519445130796	-1	-1	-1	
377	0	64	step_1_no_load	1	2	1	521	
377	0	64	step_2_no_load	5	6	0.626149195169	0.533849886794	6	419	0	
377	0	65	step_1_no_load	1	2	2	872	
377	0	65	step_2_no_load	3	4	0.612660225018	0.569109504048	3	399	1	
377	0	66	step_1_no_load	1	2	1	331	
377	0	66	step_2_no_load	3	4	0.606938648072	0.573761869714	3	617	0	
377	0	67	step_1_no_load	1	2	2	324	
377	0	67	step_2_no_load	3	4	0.597650193897	0.542076810516	4	258	1	
377	0	68	step_1_no_load	1	2	1	827	
377	0	68	step_2_no_load	3	4	0.622963076372	0.509127161919	3	434	1	
377	0	69	step_1_no_load	1	2	2	429	
377	0	69	step_2_no_load	5	6	0.718756538957	0.560462111264	6	413	0	
377	0	70	step_1_no_load	1	2	1	345	
377	0	70	step_2_no_load	3	4	0.637556284465	0.498834901463	3	322	1	
377	0	71	step_1_no_load	1	2	1	408	
377	0	71	step_2_no_load	3	4	0.639174917797	0.482863323776	3	622	1	
377	0	72	step_1_no_load	1	2	2	524	
377	0	72	step_2_no_load	5	6	0.705884789502	0.556486305476	6	466	1	
377	0	73	step_1_no_load	1	2	2	681	
377	0	73	step_2_no_load	5	6	0.727961155836	0.50185699984	6	354	0	
377	0	74	step_1_no_load	1	2	1	291	
377	0	74	step_2_no_load	3	4	0.614462146454	0.453420386428	3	371	0	
377	0	75	step_1_no_load	1	2	2	293	
377	0	75	step_2_no_load	5	6	0.697629587097	0.483983914712	6	276	0	
377	0	76	step_1_no_load	1	2	2	465	
377	0	76	step_2_no_load	3	4	0.62770291155	0.488583631821	3	648	1	
377	0	77	step_1_no_load	1	2	2	434	
377	0	77	step_2_no_load	5	6	0.679737625371	0.538119616568	6	442	1	
377	0	78	step_1_no_load	1	2	1	565	
377	0	78	step_2_no_load	5	6	0.647586191228	0.538654072849	-1	-1	-1	
377	0	79	step_1_no_load	1	2	1	361	
377	0	79	step_2_no_load	3	4	0.513695512795	0.389124152368	3	414	1	
377	0	80	step_1_no_load	1	2	1	308	
377	0	80	step_2_no_load	3	4	0.518583383166	0.396016175285	3	931	1	
377	0	81	step_1_no_load	1	2	1	281	
377	0	81	step_2_no_load	3	4	0.529745690463	0.419265522488	3	775	1	
377	0	82	step_1_no_load	1	2	2	301	
377	0	82	step_2_no_load	5	6	0.688340116885	0.482727017837	6	444	0	
377	0	83	step_1_no_load	1	2	1	247	
377	0	83	step_2_no_load	5	6	0.726885136842	0.483255412498	6	1398	0	
377	0	84	step_1_no_load	1	2	1	309	
377	0	84	step_2_no_load	3	4	0.65843840156	0.385087938645	3	654	1	
377	0	85	step_1_no_load	1	2	1	483	
377	0	85	step_2_no_load	3	4	0.692384972752	0.384458259121	3	626	1	
377	0	86	step_1_no_load	1	2	2	389	
377	0	86	step_2_no_load	3	4	0.691782850001	0.345323068124	3	613	1	
377	0	87	step_1_no_load	1	2	2	460	
377	0	87	step_2_no_load	3	4	0.719375344246	0.40000499778	4	674	0	
377	0	88	step_1_no_load	1	2	1	455	
377	0	88	step_2_no_load	3	4	0.717410082358	0.377947492322	3	414	1	
377	0	89	step_1_no_load	1	2	2	539	
377	0	89	step_2_no_load	5	6	0.660112261017	0.490019385174	6	873	0	
377	0	90	step_1_no_load	1	2	1	647	
377	0	90	step_2_no_load	3	4	0.712247848046	0.411459496853	3	502	1	
377	0	91	step_1_no_load	1	2	2	305	
377	0	91	step_2_no_load	5	6	0.657820521772	0.479087223222	6	440	0	
377	0	92	step_1_no_load	1	2	2	349	
377	0	92	step_2_no_load	3	4	0.692406274724	0.444368850664	3	1108	0	
377	0	93	step_1_no_load	1	2	1	600	
377	0	93	step_2_no_load	5	6	0.662863370634	0.473273727684	5	551	1	
377	0	94	step_1_no_load	1	2	2	597	
377	0	94	step_2_no_load	5	6	0.668295023896	0.468637558205	6	1356	1	
377	0	95	step_1_no_load	1	2	2	887	
377	0	95	step_2_no_load	5	6	0.640209855442	0.42505578884	6	1373	1	
377	0	96	step_1_no_load	1	2	1	395	
377	0	96	step_2_no_load	5	6	0.663095813561	0.437558890646	5	1353	1	
377	0	97	step_1_no_load	1	2	1	911	
377	0	97	step_2_no_load	5	6	0.651202057411	0.455601814112	-1	-1	-1	
377	0	98	step_1_no_load	1	2	2	409	
377	0	98	step_2_no_load	5	6	0.646040060297	0.431479829356	6	471	1	
377	0	99	step_1_no_load	1	2	1	396	
377	0	99	step_2_no_load	3	4	0.673709850038	0.397561363605	3	1187	1	
377	0	100	step_1_no_load	1	2	2	411	
377	0	100	step_2_no_load	3	4	0.666227451505	0.4333505304	3	933	1	
377	0	101	step_1_no_load	1	2	2	531	
377	0	101	step_2_no_load	5	6	0.655903528958	0.366879421891	6	611	0	
377	0	102	step_1_no_load	1	2	1	312	
377	0	102	step_2_no_load	3	4	0.666304534392	0.494584754513	3	1135	1	
377	0	103	step_1_no_load	1	2	1	508	
377	0	103	step_2_no_load	3	4	0.663997796029	0.481975449893	3	961	1	
377	0	104	step_1_no_load	1	2	2	475	
377	0	104	step_2_no_load	5	6	0.743372642809	0.303696146503	6	651	0	
377	0	105	step_1_no_load	1	2	1	417	
377	0	105	step_2_no_load	3	4	0.689135357059	0.514318365187	4	759	0	
377	0	106	step_1_no_load	1	2	1	269	
377	0	106	step_2_no_load	3	4	0.712883638252	0.508908032404	4	375	0	
377	0	107	step_1_no_load	1	2	2	363	
377	0	107	step_2_no_load	3	4	0.692607431435	0.565220528809	3	1145	1	
377	0	108	step_1_no_load	1	2	1	405	
377	0	108	step_2_no_load	3	4	0.695928523711	0.526955028982	3	980	1	
377	0	109	step_1_no_load	1	2	1	433	
377	0	109	step_2_no_load	3	4	0.71632547018	0.479977531501	3	912	1	
377	0	110	step_1_no_load	1	2	2	700	
377	0	110	step_2_no_load	3	4	0.729599891941	0.432626681236	-1	-1	-1	
377	0	111	step_1_no_load	1	2	1	512	
377	0	111	step_2_no_load	3	4	0.724852671171	0.384948378665	3	575	1	
377	0	112	step_1_no_load	1	2	2	328	
377	0	112	step_2_no_load	3	4	0.725701866094	0.392887565883	4	280	1	
377	0	113	step_1_no_load	1	2	1	186	
377	0	113	step_2_no_load	3	4	0.719324307956	0.370697120277	3	257	0	
377	0	114	step_1_no_load	1	2	2	341	
377	0	114	step_2_no_load	5	6	0.657654904272	0.384736699284	6	228	1	
377	0	115	step_1_no_load	1	2	1	240	
377	0	115	step_2_no_load	3	4	0.739704344621	0.390027643099	3	494	1	
377	0	116	step_1_no_load	1	2	2	307	
377	0	116	step_2_no_load	5	6	0.680124293449	0.369438791876	6	1025	0	
377	0	117	step_1_no_load	1	2	1	286	
377	0	117	step_2_no_load	3	4	0.747012267642	0.374621793791	3	1037	0	
377	0	118	step_1_no_load	1	2	1	569	
377	0	118	step_2_no_load	3	4	0.740051715856	0.357645851833	4	280	0	
377	0	119	step_1_no_load	1	2	1	288	
377	0	119	step_2_no_load	3	4	0.690424535099	0.357515098446	3	678	1	
377	0	120	step_1_no_load	1	2	2	301	
377	0	120	step_2_no_load	5	6	0.666433355915	0.333809617664	6	357	0	
377	0	121	step_1_no_load	1	2	1	307	
377	0	121	step_2_no_load	3	4	0.658856304095	0.352721767208	3	579	1	
377	0	122	step_1_no_load	1	2	2	296	
377	0	122	step_2_no_load	3	4	0.6136886145	0.329624572119	4	767	1	
377	0	123	step_1_no_load	1	2	1	193	
377	0	123	step_2_no_load	3	4	0.583607229978	0.337526896345	3	715	1	
377	0	124	step_1_no_load	1	2	2	437	
377	0	124	step_2_no_load	3	4	0.603013298253	0.309430836661	4	405	0	
377	0	125	step_1_no_load	1	2	1	367	
377	0	125	step_2_no_load	5	6	0.633566302563	0.290374841566	5	558	0	
377	0	126	step_1_no_load	1	2	2	449	
377	0	126	step_2_no_load	5	6	0.600985760967	0.267206368684	6	994	1	
377	0	127	step_1_no_load	1	2	2	438	
377	0	127	step_2_no_load	3	4	0.560824094575	0.274944938508	4	596	0	
377	0	128	step_1_no_load	1	2	1	537	
377	0	128	step_2_no_load	3	4	0.636905534066	0.250790232267	3	695	0	
377	0	129	step_1_no_load	1	2	2	396	
377	0	129	step_2_no_load	5	6	0.632682846317	0.268213321963	6	627	0	
377	0	130	step_1_no_load	1	2	2	402	
377	0	130	step_2_no_load	5	6	0.630285316669	0.267460866951	6	840	0	
377	0	131	step_1_no_load	1	2	2	389	
377	0	131	step_2_no_load	5	6	0.638450601212	0.281500842289	5	308	1	
377	0	132	step_1_no_load	1	2	1	450	
377	0	132	step_2_no_load	3	4	0.668578020634	0.315328810424	3	305	1	
377	0	133	step_1_no_load	1	2	2	414	
377	0	133	step_2_no_load	3	4	0.617383991623	0.312642735495	3	1182	1	
377	0	134	step_1_no_load	1	2	2	369	
377	0	134	step_2_no_load	3	4	0.621945110858	0.302839427162	3	559	0	
377	0	135	step_1_no_load	1	2	2	442	
377	0	135	step_2_no_load	5	6	0.700779221781	0.300079459047	6	825	0	
377	0	136	step_1_no_load	1	2	1	270	
377	0	136	step_2_no_load	5	6	0.674914008636	0.307766925452	5	286	1	
377	0	137	step_1_no_load	1	2	2	289	
377	0	137	step_2_no_load	5	6	0.668540846495	0.346433498467	6	544	0	
377	0	138	step_1_no_load	1	2	1	277	
377	0	138	step_2_no_load	3	4	0.63240964674	0.307694123906	3	357	1	
377	0	139	step_1_no_load	1	2	1	264	
377	0	139	step_2_no_load	3	4	0.636630981281	0.323660750961	3	430	1	
377	0	140	step_1_no_load	1	2	2	357	
377	0	140	step_2_no_load	3	4	0.671213945178	0.328174526491	4	700	0	
377	0	141	step_1_no_load	1	2	1	297	
377	0	141	step_2_no_load	5	6	0.616803346728	0.390227133375	6	1217	0	
377	0	142	step_1_no_load	1	2	2	372	
377	0	142	step_2_no_load	3	4	0.690276058009	0.304203281606	3	963	1	
377	0	143	step_1_no_load	1	2	1	359	
377	0	143	step_2_no_load	3	4	0.661365099615	0.313516825296	4	766	1	
377	0	144	step_1_no_load	1	2	2	427	
377	0	144	step_2_no_load	5	6	0.639347300184	0.389234194056	5	744	1	
377	0	145	step_1_no_load	1	2	2	798	
377	0	145	step_2_no_load	3	4	0.6669125229	0.266265924094	3	948	0	
377	0	146	step_1_no_load	1	2	2	385	
377	0	146	step_2_no_load	3	4	0.681611991725	0.257861956214	4	223	0	
377	0	147	step_1_no_load	1	2	1	451	
377	0	147	step_2_no_load	3	4	0.647798886916	0.265578160642	3	433	0	
377	0	148	step_1_no_load	1	2	2	0	
377	0	148	step_2_no_load	5	6	0.648050021239	0.311162711725	6	247	0	
377	0	149	step_1_no_load	1	2	1	331	
377	0	149	step_2_no_load	5	6	0.623203869836	0.300290206122	5	225	1	
377	0	150	step_1_no_load	1	2	2	301	
377	0	150	step_2_no_load	5	6	0.605912419156	0.306860041627	6	475	0	
377	0	151	step_1_no_load	1	2	1	339	
377	0	151	step_2_no_load	5	6	0.614159737668	0.310557101463	5	497	1	
377	0	152	step_1_no_load	1	2	1	407	
377	0	152	step_2_no_load	3	4	0.595108765344	0.307702500543	4	534	0	
377	0	153	step_1_no_load	1	2	2	291	
377	0	153	step_2_no_load	5	6	0.681559292085	0.343622632154	6	426	0	
377	0	154	step_1_no_load	1	2	1	0	
377	0	154	step_2_no_load	5	6	0.671672162443	0.348349389262	5	620	0	
377	0	155	step_1_no_load	1	2	1	392	
377	0	155	step_2_no_load	3	4	0.632486591889	0.296093457977	3	367	1	
377	0	156	step_1_no_load	1	2	1	445	
377	0	156	step_2_no_load	3	4	0.631048201903	0.32564867104	3	436	1	
377	0	157	step_1_no_load	1	2	2	264	
377	0	157	step_2_no_load	5	6	0.720725456325	0.324728201487	6	327	0	
377	0	158	step_1_no_load	1	2	2	431	
377	0	158	step_2_no_load	3	4	0.532722108502	0.408728803896	3	238	0	
377	0	159	step_1_no_load	1	2	1	0	
377	0	159	step_2_no_load	5	6	0.697903160072	0.321150411254	5	348	0	
377	0	160	step_1_no_load	1	2	1	262	
377	0	160	step_2_no_load	3	4	0.521229931064	0.415052912783	3	525	1	
377	0	161	step_1_no_load	1	2	2	499	
377	0	161	step_2_no_load	5	6	0.719896286569	0.438878285506	6	477	1	
377	0	162	step_1_no_load	1	2	2	442	
377	0	162	step_2_no_load	5	6	0.695144769903	0.455329532209	6	714	0	
377	0	163	step_1_no_load	1	2	1	407	
377	0	163	step_2_no_load	3	4	0.5863391277	0.395221309311	3	470	0	
377	0	164	step_1_no_load	1	2	1	300	
377	0	164	step_2_no_load	3	4	0.585961845322	0.432761720497	3	724	0	
377	0	165	step_1_no_load	1	2	2	1441	
377	0	165	step_2_no_load	5	6	0.717506143195	0.347974240867	6	560	0	
377	0	166	step_1_no_load	1	2	1	373	
377	0	166	step_2_no_load	3	4	0.549095060025	0.422282731054	3	444	1	
377	0	167	step_1_no_load	1	2	2	560	
377	0	167	step_2_no_load	5	6	0.706271792549	0.331115714939	6	406	1	
377	0	168	step_1_no_load	1	2	2	360	
377	0	168	step_2_no_load	5	6	0.67192508984	0.335777599654	6	167	1	
377	0	169	step_1_no_load	1	2	2	413	
377	0	169	step_2_no_load	5	6	0.704981910944	0.365156560071	6	324	0	
377	0	170	step_1_no_load	1	2	1	121	
377	0	170	step_2_no_load	5	6	0.67334314737	0.364989630435	5	343	0	
377	0	171	step_1_no_load	1	2	1	549	
377	0	171	step_2_no_load	3	4	0.553314431843	0.386979310814	3	460	1	
377	0	172	step_1_no_load	1	2	1	385	
377	0	172	step_2_no_load	3	4	0.519090471457	0.363617002148	3	416	1	
377	0	173	step_1_no_load	1	2	2	357	
377	0	173	step_2_no_load	5	6	0.667027212577	0.462866379815	6	550	1	
377	0	174	step_1_no_load	1	2	2	269	
377	0	174	step_2_no_load	5	6	0.729877433725	0.46236234172	6	541	0	
377	0	175	step_1_no_load	1	2	1	379	
377	0	175	step_2_no_load	5	6	0.693968268443	0.484825491933	5	376	1	
377	0	176	step_1_no_load	1	2	2	528	
377	0	176	step_2_no_load	5	6	0.679250000396	0.500856457218	6	662	0	
377	0	177	step_1_no_load	1	2	1	357	
377	0	177	step_2_no_load	3	4	0.501268576771	0.357425668099	3	485	0	
377	0	178	step_1_no_load	1	2	1	474	
377	0	178	step_2_no_load	3	4	0.493712351915	0.36473828006	-1	-1	-1	
377	0	179	step_1_no_load	1	2	2	0	
377	0	179	step_2_no_load	5	6	0.709345707515	0.493565996034	5	389	1	
377	0	180	step_1_no_load	1	2	1	295	
377	0	180	step_2_no_load	5	6	0.719795072986	0.489345734128	5	295	0	
377	0	181	step_1_no_load	1	2	2	508	
377	0	181	step_2_no_load	5	6	0.746910336326	0.480141179559	6	522	0	
377	0	182	step_1_no_load	1	2	1	360	
377	0	182	step_2_no_load	3	4	0.506773281362	0.340533666308	3	399	1	
377	0	183	step_1_no_load	1	2	2	172	
377	0	183	step_2_no_load	5	6	0.720388040749	0.492742497507	6	850	1	
377	0	184	step_1_no_load	1	2	1	471	
377	0	184	step_2_no_load	3	4	0.460890977786	0.362743255194	3	677	1	
377	0	185	step_1_no_load	1	2	-1	-1	
377	0	186	step_1_no_load	1	2	2	840	
377	0	186	step_2_no_load	5	6	0.656308636836	0.484672582719	6	455	1	
377	0	187	step_1_no_load	1	2	2	366	
377	0	187	step_2_no_load	5	6	0.678211978625	0.498596507669	6	589	1	
377	0	188	step_1_no_load	1	2	1	1	
377	0	188	step_2_no_load	3	4	0.471319680586	0.291508050861	3	360	1	
377	0	189	step_1_no_load	1	2	1	0	
377	0	189	step_2_no_load	5	6	0.688353284054	0.534753756004	5	390	1	
377	0	190	step_1_no_load	1	2	2	34	
377	0	190	step_2_no_load	5	6	0.667655825994	0.505820429042	5	1313	1	
377	0	191	step_1_no_load	1	2	1	436	
377	0	191	step_2_no_load	3	4	0.435748387321	0.318839908867	3	713	0	
377	0	192	step_1_no_load	1	2	2	326	
377	0	192	step_2_no_load	5	6	0.705517419189	0.493851022417	6	486	1	
377	0	193	step_1_no_load	1	2	2	337	
377	0	193	step_2_no_load	3	4	0.440813209638	0.321008037746	4	368	0	
377	0	194	step_1_no_load	1	2	1	273	
377	0	194	step_2_no_load	5	6	0.655261361454	0.505359594715	5	336	0	
377	0	195	step_1_no_load	1	2	2	46	
377	0	195	step_2_no_load	5	6	0.646280688878	0.494102184238	6	452	0	
377	0	196	step_1_no_load	1	2	2	331	
377	0	196	step_2_no_load	5	6	0.695101215304	0.496717662777	6	674	1	
377	0	197	step_1_no_load	1	2	1	566	
377	0	197	step_2_no_load	3	4	0.422511153127	0.316987700969	3	718	1	
377	0	198	step_1_no_load	1	2	2	348	
377	0	198	step_2_no_load	5	6	0.68660989813	0.485065498391	5	651	0	
377	0	199	step_1_no_load	1	2	2	943	
377	0	199	step_2_no_load	3	4	0.39793773834	0.292861528884	3	1063	1	
377	0	200	step_1_no_load	1	2	2	468	
377	0	200	step_2_no_load	5	6	0.728996708473	0.507902534353	6	546	1	

Fri Dec  3 15:24:33 2021
