Tue Dec  7 14:35:55 2021	
378	0	1	step_1_no_load	1	2	1	341	
378	0	1	step_2_no_load	3	4	0.598297890399	0.511789129507	3	353	1	
378	0	2	step_1_no_load	1	2	2	426	
378	0	2	step_2_no_load	5	6	0.474613197709	0.610961032466	6	744	1	
378	0	3	step_1_no_load	1	2	1	356	
378	0	3	step_2_no_load	5	6	0.476767372206	0.589215227351	6	707	1	
378	0	4	step_1_no_load	1	2	1	422	
378	0	4	step_2_no_load	5	6	0.478607661228	0.564086293706	6	614	1	
378	0	5	step_1_no_load	1	2	1	321	
378	0	5	step_2_no_load	3	4	0.623810210114	0.543908521457	3	657	1	
378	0	6	step_1_no_load	1	2	1	270	
378	0	6	step_2_no_load	3	4	0.585722686883	0.490454120702	3	566	1	
378	0	7	step_1_no_load	1	2	1	299	
378	0	7	step_2_no_load	3	4	0.568656746487	0.506408070053	3	522	0	
378	0	8	step_1_no_load	1	2	1	255	
378	0	8	step_2_no_load	3	4	0.59128639594	0.499203529332	3	568	1	
378	0	9	step_1_no_load	1	2	1	319	
378	0	9	step_2_no_load	3	4	0.598049061473	0.54429228266	3	653	0	
378	0	10	step_1_no_load	1	2	1	263	
378	0	10	step_2_no_load	3	4	0.652626043146	0.576063520885	3	542	1	
378	0	11	step_1_no_load	1	2	1	325	
378	0	11	step_2_no_load	3	4	0.69163818036	0.59022801242	3	628	1	
378	0	12	step_1_no_load	1	2	1	259	
378	0	12	step_2_no_load	3	4	0.682786328054	0.597131918027	3	465	1	
378	0	13	step_1_no_load	1	2	1	247	
378	0	13	step_2_no_load	3	4	0.653587098421	0.595790490356	3	428	1	
378	0	14	step_1_no_load	1	2	1	320	
378	0	14	step_2_no_load	5	6	0.491234392147	0.545555696267	6	510	1	
378	0	15	step_1_no_load	1	2	1	361	
378	0	15	step_2_no_load	3	4	0.612260006668	0.633564630036	3	463	0	
378	0	16	step_1_no_load	1	2	1	269	
378	0	16	step_2_no_load	3	4	0.628091198119	0.626326396372	3	460	1	
378	0	17	step_1_no_load	1	2	1	313	
378	0	17	step_2_no_load	5	6	0.535958400205	0.562895132605	6	408	0	
378	0	18	step_1_no_load	1	2	1	284	
378	0	18	step_2_no_load	3	4	0.626834332012	0.626895526976	3	467	0	
378	0	19	step_1_no_load	1	2	1	313	
378	0	19	step_2_no_load	3	4	0.619895761657	0.644773170243	3	417	0	
378	0	20	step_1_no_load	1	2	1	331	
378	0	20	step_2_no_load	3	4	0.636521555122	0.60665343963	3	528	1	
378	0	21	step_1_no_load	1	2	1	358	
378	0	21	step_2_no_load	5	6	0.49769376036	0.470207377245	6	396	0	
378	0	22	step_1_no_load	1	2	1	366	
378	0	22	step_2_no_load	3	4	0.621949894727	0.618527126547	3	605	1	
378	0	23	step_1_no_load	1	2	1	399	
378	0	23	step_2_no_load	5	6	0.520606588181	0.513759772011	5	973	0	
378	0	24	step_1_no_load	1	2	1	346	
378	0	24	step_2_no_load	5	6	0.505388876622	0.503316199018	6	576	0	
378	0	25	step_1_no_load	1	2	1	285	
378	0	25	step_2_no_load	5	6	0.503316372362	0.503605105412	6	771	0	
378	0	26	step_1_no_load	1	2	1	394	
378	0	26	step_2_no_load	3	4	0.592410219737	0.640635035276	3	536	0	
378	0	27	step_1_no_load	1	2	1	430	
378	0	27	step_2_no_load	3	4	0.57860777711	0.642144756622	3	708	1	
378	0	28	step_1_no_load	1	2	1	425	
378	0	28	step_2_no_load	3	4	0.588356036098	0.647441527317	3	439	0	
378	0	29	step_1_no_load	1	2	1	325	
378	0	29	step_2_no_load	3	4	0.606613029227	0.618626354124	3	731	0	
378	0	30	step_1_no_load	1	2	1	372	
378	0	30	step_2_no_load	3	4	0.608245979832	0.610227092493	4	554	0	
378	0	31	step_1_no_load	1	2	1	329	
378	0	31	step_2_no_load	3	4	0.636602545794	0.606122691795	3	392	0	
378	0	32	step_1_no_load	1	2	2	286	
378	0	32	step_2_no_load	3	4	0.634585171267	0.605616211083	3	676	0	
378	0	33	step_1_no_load	1	2	2	364	
378	0	33	step_2_no_load	5	6	0.487664344039	0.542309898544	6	554	1	
378	0	34	step_1_no_load	1	2	2	278	
378	0	34	step_2_no_load	3	4	0.575802910074	0.670290552209	3	821	1	
378	0	35	step_1_no_load	1	2	2	661	
378	0	35	step_2_no_load	5	6	0.491437207585	0.594167768198	6	908	0	
378	0	36	step_1_no_load	1	2	2	407	
378	0	36	step_2_no_load	5	6	0.513210053121	0.611274573488	6	1031	0	
378	0	37	step_1_no_load	1	2	2	340	
378	0	37	step_2_no_load	5	6	0.543074626387	0.598446394142	6	1338	1	
378	0	38	step_1_no_load	1	2	2	400	
378	0	38	step_2_no_load	5	6	0.553931241266	0.595113730206	6	638	1	
378	0	39	step_1_no_load	1	2	2	356	
378	0	39	step_2_no_load	5	6	0.578640235206	0.610601635554	6	395	1	
378	0	40	step_1_no_load	1	2	2	337	
378	0	40	step_2_no_load	5	6	0.5691386571	0.607992802154	6	368	1	
378	0	41	step_1_no_load	1	2	2	315	
378	0	41	step_2_no_load	5	6	0.583829055298	0.588857868869	6	392	1	
378	0	42	step_1_no_load	1	2	2	374	
378	0	42	step_2_no_load	5	6	0.553461946234	0.609164606591	6	493	1	
378	0	43	step_1_no_load	1	2	2	532	
378	0	43	step_2_no_load	3	4	0.553703096215	0.581931546759	3	523	0	
378	0	44	step_1_no_load	1	2	2	455	
378	0	44	step_2_no_load	5	6	0.537842745081	0.611481438855	6	558	1	
378	0	45	step_1_no_load	1	2	2	450	
378	0	45	step_2_no_load	3	4	0.579346234508	0.620699591043	3	864	0	
378	0	46	step_1_no_load	1	2	2	364	
378	0	46	step_2_no_load	5	6	0.532238720495	0.600964500555	6	619	1	
378	0	47	step_1_no_load	1	2	2	328	
378	0	47	step_2_no_load	3	4	0.546259467838	0.634373567175	4	519	0	
378	0	48	step_1_no_load	1	2	2	354	
378	0	48	step_2_no_load	3	4	0.534690828011	0.657624935632	3	1074	0	
378	0	49	step_1_no_load	1	2	2	338	
378	0	49	step_2_no_load	5	6	0.489287375157	0.610193185592	6	617	1	
378	0	50	step_1_no_load	1	2	2	437	
378	0	50	step_2_no_load	5	6	0.47381367271	0.606862017918	6	1139	1	
378	0	51	step_1_no_load	1	2	2	337	
378	0	51	step_2_no_load	3	4	0.508197321577	0.613357430892	3	1159	1	
378	0	52	step_1_no_load	1	2	2	445	
378	0	52	step_2_no_load	5	6	0.429622901875	0.539065404057	6	516	1	
378	0	53	step_1_no_load	1	2	2	393	
378	0	53	step_2_no_load	5	6	0.451905460347	0.551457882502	6	432	0	
378	0	54	step_1_no_load	1	2	2	372	
378	0	54	step_2_no_load	5	6	0.491512498697	0.570223904064	6	700	1	
378	0	55	step_1_no_load	1	2	2	399	
378	0	55	step_2_no_load	3	4	0.526704292526	0.639840796975	3	870	1	
378	0	56	step_1_no_load	1	2	2	460	
378	0	56	step_2_no_load	5	6	0.459773408493	0.601856598146	6	731	0	
378	0	57	step_1_no_load	1	2	2	321	
378	0	57	step_2_no_load	5	6	0.466449077359	0.641849303307	6	576	1	
378	0	58	step_1_no_load	1	2	2	452	
378	0	58	step_2_no_load	5	6	0.478335218822	0.664682809182	6	612	1	
378	0	59	step_1_no_load	1	2	2	328	
378	0	59	step_2_no_load	3	4	0.537400760025	0.608951267756	4	384	1	
378	0	60	step_1_no_load	1	2	2	555	
378	0	60	step_2_no_load	5	6	0.491916707098	0.623687406259	6	506	0	
378	0	61	step_1_no_load	1	2	2	776	
378	0	61	step_2_no_load	3	4	0.527144452559	0.602879526975	4	777	1	
378	0	62	step_1_no_load	1	2	2	364	
378	0	62	step_2_no_load	5	6	0.50724109756	0.691137204746	5	723	1	
378	0	63	step_1_no_load	1	2	2	304	
378	0	63	step_2_no_load	5	6	0.53192660365	0.664284493458	5	527	0	
378	0	64	step_1_no_load	1	2	2	294	
378	0	64	step_2_no_load	5	6	0.555062911513	0.642369708469	6	614	1	
378	0	65	step_1_no_load	1	2	2	393	
378	0	65	step_2_no_load	5	6	0.569109504048	0.612660225018	6	440	0	
378	0	66	step_1_no_load	1	2	2	364	
378	0	66	step_2_no_load	5	6	0.573761869714	0.606938648072	5	627	1	
378	0	67	step_1_no_load	1	2	2	398	
378	0	67	step_2_no_load	5	6	0.542076810516	0.597650193897	5	557	0	
378	0	68	step_1_no_load	1	2	1	343	
378	0	68	step_2_no_load	3	4	0.523301545299	0.719455209845	3	341	0	
378	0	69	step_1_no_load	1	2	1	713	
378	0	69	step_2_no_load	3	4	0.560462111264	0.718756538957	4	337	0	
378	0	70	step_1_no_load	1	2	1	246	
378	0	70	step_2_no_load	3	4	0.548075770764	0.697741832068	3	389	0	
378	0	71	step_1_no_load	1	2	1	368	
378	0	71	step_2_no_load	3	4	0.546215110045	0.706816191949	4	463	1	
378	0	72	step_1_no_load	1	2	1	405	
378	0	72	step_2_no_load	3	4	0.556486305476	0.705884789502	4	372	1	
378	0	73	step_1_no_load	1	2	2	447	
378	0	73	step_2_no_load	5	6	0.435957313805	0.657126403029	5	720	0	
378	0	74	step_1_no_load	1	2	2	291	
378	0	74	step_2_no_load	5	6	0.453420386428	0.614462146454	6	427	0	
378	0	75	step_1_no_load	1	2	2	310	
378	0	75	step_2_no_load	5	6	0.44832280175	0.615552849174	5	356	1	
378	0	76	step_1_no_load	1	2	1	363	
378	0	76	step_2_no_load	3	4	0.518881389358	0.690117652944	4	384	1	
378	0	77	step_1_no_load	1	2	1	316	
378	0	77	step_2_no_load	5	6	0.446809557226	0.564257587118	6	370	1	
378	0	78	step_1_no_load	1	2	1	377	
378	0	78	step_2_no_load	3	4	0.538654072849	0.647586191228	4	416	0	
378	0	79	step_1_no_load	1	2	1	274	
378	0	79	step_2_no_load	5	6	0.389124152368	0.513695512795	6	450	0	
378	0	80	step_1_no_load	1	2	1	343	
378	0	80	step_2_no_load	5	6	0.396016175285	0.518583383166	6	508	1	
378	0	81	step_1_no_load	1	2	1	514	
378	0	81	step_2_no_load	3	4	0.494116554432	0.702400933084	4	1105	1	
378	0	82	step_1_no_load	1	2	1	382	
378	0	82	step_2_no_load	3	4	0.482727017837	0.688340116885	4	413	1	
378	0	83	step_1_no_load	1	2	1	297	
378	0	83	step_2_no_load	5	6	0.382772464038	0.607907985871	6	361	0	
378	0	84	step_1_no_load	1	2	1	277	
378	0	84	step_2_no_load	5	6	0.385087938645	0.65843840156	6	364	0	
378	0	85	step_1_no_load	1	2	1	281	
378	0	85	step_2_no_load	3	4	0.485785534744	0.712989604416	4	576	1	
378	0	86	step_1_no_load	1	2	1	376	
378	0	86	step_2_no_load	3	4	0.486462788728	0.721207648497	4	471	0	
378	0	87	step_1_no_load	1	2	1	261	
378	0	87	step_2_no_load	3	4	0.493867001103	0.690012761069	4	355	1	
378	0	88	step_1_no_load	1	2	2	280	
378	0	88	step_2_no_load	3	4	0.509563243675	0.696773608304	4	615	1	
378	0	89	step_1_no_load	1	2	2	248	
378	0	89	step_2_no_load	5	6	0.415882489686	0.690772436485	6	1024	1	
378	0	90	step_1_no_load	1	2	2	300	
378	0	90	step_2_no_load	3	4	0.530126112124	0.688736868033	4	347	1	
378	0	91	step_1_no_load	1	2	2	272	
378	0	91	step_2_no_load	3	4	0.479087223222	0.657820521772	4	478	1	
378	0	92	step_1_no_load	1	2	2	310	
378	0	92	step_2_no_load	5	6	0.444368850664	0.692406274724	6	429	0	
378	0	93	step_1_no_load	1	2	2	194	
378	0	93	step_2_no_load	3	4	0.473273727684	0.662863370634	4	440	1	
378	0	94	step_1_no_load	1	2	2	508	
378	0	94	step_2_no_load	5	6	0.429211756872	0.719464414227	5	473	1	
378	0	95	step_1_no_load	1	2	2	295	
378	0	95	step_2_no_load	5	6	0.427150666411	0.715495469274	6	414	1	
378	0	96	step_1_no_load	1	2	2	364	
378	0	96	step_2_no_load	5	6	0.383038640121	0.693739812506	6	1011	0	
378	0	97	step_1_no_load	1	2	2	305	
378	0	97	step_2_no_load	5	6	0.392885664353	0.681272614291	5	376	0	
378	0	98	step_1_no_load	1	2	2	203	
378	0	98	step_2_no_load	5	6	0.409778171713	0.70287861952	6	353	1	
378	0	99	step_1_no_load	1	2	2	918	
378	0	99	step_2_no_load	5	6	0.397561363605	0.673709850038	6	485	1	
378	0	100	step_1_no_load	1	2	2	345	
378	0	100	step_2_no_load	5	6	0.4333505304	0.666227451505	6	400	1	
378	0	101	step_1_no_load	1	2	2	294	
378	0	101	step_2_no_load	5	6	0.497432607584	0.623812401974	6	373	0	
378	0	102	step_1_no_load	1	2	2	160	
378	0	102	step_2_no_load	3	4	0.326080462175	0.663124617603	4	352	0	
378	0	103	step_1_no_load	1	2	2	157	
378	0	103	step_2_no_load	3	4	0.322834495838	0.69058998368	4	259	1	
378	0	104	step_1_no_load	1	2	2	274	
378	0	104	step_2_no_load	5	6	0.521047445908	0.703870701136	6	349	1	
378	0	105	step_1_no_load	1	2	2	264	
378	0	105	step_2_no_load	5	6	0.514318365187	0.689135357059	6	343	0	
378	0	106	step_1_no_load	1	2	2	152	
378	0	106	step_2_no_load	5	6	0.508908032404	0.712883638252	6	334	1	
378	0	107	step_1_no_load	1	2	2	78	
378	0	107	step_2_no_load	3	4	0.388257337796	0.677514185929	4	416	1	
378	0	108	step_1_no_load	1	2	2	275	
378	0	108	step_2_no_load	5	6	0.526955028982	0.695928523711	6	370	1	
378	0	109	step_1_no_load	1	2	2	389	
378	0	109	step_2_no_load	5	6	0.479977531501	0.71632547018	6	379	1	
378	0	110	step_1_no_load	1	2	2	305	
378	0	110	step_2_no_load	5	6	0.432626681236	0.729599891941	6	407	1	
378	0	111	step_1_no_load	1	2	2	325	
378	0	111	step_2_no_load	5	6	0.384948378665	0.724852671171	6	364	0	
378	0	112	step_1_no_load	1	2	2	473	
378	0	112	step_2_no_load	5	6	0.392887565883	0.725701866094	6	440	1	
378	0	113	step_1_no_load	1	2	2	372	
378	0	113	step_2_no_load	5	6	0.370697120277	0.719324307956	6	411	1	
378	0	114	step_1_no_load	1	2	2	360	
378	0	114	step_2_no_load	5	6	0.380324086676	0.718213323791	6	374	1	
378	0	115	step_1_no_load	1	2	2	328	
378	0	115	step_2_no_load	3	4	0.357661171116	0.645721217949	4	407	1	
378	0	116	step_1_no_load	1	2	2	251	
378	0	116	step_2_no_load	5	6	0.378149844807	0.706736514943	6	354	1	
378	0	117	step_1_no_load	1	2	2	255	
378	0	117	step_2_no_load	3	4	0.363056877927	0.671842537277	4	302	1	
378	0	118	step_1_no_load	1	2	2	267	
378	0	118	step_2_no_load	5	6	0.357645851833	0.740051715856	6	370	1	
378	0	119	step_1_no_load	1	2	2	304	
378	0	119	step_2_no_load	5	6	0.357515098446	0.690424535099	6	551	1	
378	0	120	step_1_no_load	1	2	2	405	
378	0	120	step_2_no_load	5	6	0.370150243662	0.70587238626	6	467	0	
378	0	121	step_1_no_load	1	2	2	439	
378	0	121	step_2_no_load	5	6	0.352721767208	0.658856304095	6	414	1	
378	0	122	step_1_no_load	1	2	2	371	
378	0	122	step_2_no_load	3	4	0.266650857402	0.672193618854	4	473	0	
378	0	123	step_1_no_load	1	2	2	319	
378	0	123	step_2_no_load	5	6	0.337526896345	0.583607229978	6	317	0	
378	0	124	step_1_no_load	1	2	2	373	
378	0	124	step_2_no_load	5	6	0.309430836661	0.603013298253	6	435	1	
378	0	125	step_1_no_load	1	2	2	655	
378	0	125	step_2_no_load	5	6	0.303110862715	0.559596800931	6	654	1	
378	0	126	step_1_no_load	1	2	2	444	
378	0	126	step_2_no_load	3	4	0.267206368684	0.600985760967	4	626	1	
378	0	127	step_1_no_load	1	2	2	354	
378	0	127	step_2_no_load	5	6	0.274944938508	0.560824094575	6	329	1	
378	0	128	step_1_no_load	1	2	2	382	
378	0	128	step_2_no_load	5	6	0.250790232267	0.636905534066	6	374	1	
378	0	129	step_1_no_load	1	2	2	339	
378	0	129	step_2_no_load	5	6	0.271709703542	0.685297910719	6	410	0	
378	0	130	step_1_no_load	1	2	2	292	
378	0	130	step_2_no_load	5	6	0.274560758494	0.682031489739	6	450	1	
378	0	131	step_1_no_load	1	2	2	408	
378	0	131	step_2_no_load	5	6	0.311475039155	0.678044920845	6	502	1	
378	0	132	step_1_no_load	1	2	2	389	
378	0	132	step_2_no_load	5	6	0.315328810424	0.668578020634	6	372	1	
378	0	133	step_1_no_load	1	2	2	441	
378	0	133	step_2_no_load	3	4	0.315608831386	0.691649444281	4	800	0	
378	0	134	step_1_no_load	1	2	2	349	
378	0	134	step_2_no_load	5	6	0.302839427162	0.621945110858	6	364	1	
378	0	135	step_1_no_load	1	2	1	593	
378	0	135	step_2_no_load	3	4	0.300079459047	0.700779221781	3	424	0	
378	0	136	step_1_no_load	1	2	1	300	
378	0	136	step_2_no_load	3	4	0.307766925452	0.674914008636	4	315	0	
378	0	137	step_1_no_load	1	2	1	296	
378	0	137	step_2_no_load	3	4	0.346433498467	0.668540846495	3	463	0	
378	0	138	step_1_no_load	1	2	1	282	
378	0	138	step_2_no_load	3	4	0.366701525561	0.688182193337	3	351	1	
378	0	139	step_1_no_load	1	2	1	368	
378	0	139	step_2_no_load	3	4	0.325611400511	0.696355985729	3	295	1	
378	0	140	step_1_no_load	1	2	1	347	
378	0	140	step_2_no_load	3	4	0.348740542008	0.637682840728	3	301	0	
378	0	141	step_1_no_load	1	2	1	312	
378	0	141	step_2_no_load	3	4	0.390227133375	0.616803346728	3	392	1	
378	0	142	step_1_no_load	1	2	1	427	
378	0	142	step_2_no_load	3	4	0.397052682821	0.627356259123	3	315	0	
378	0	143	step_1_no_load	1	2	1	679	
378	0	143	step_2_no_load	3	4	0.410970957547	0.610219102298	3	294	0	
378	0	144	step_1_no_load	1	2	2	338	
378	0	144	step_2_no_load	5	6	0.275932517017	0.626443722248	6	296	0	
378	0	145	step_1_no_load	1	2	2	251	
378	0	145	step_2_no_load	5	6	0.266265924094	0.6669125229	5	243	0	
378	0	146	step_1_no_load	1	2	2	273	
378	0	146	step_2_no_load	3	4	0.320877500969	0.593778463268	4	401	1	
378	0	147	step_1_no_load	1	2	2	310	
378	0	147	step_2_no_load	5	6	0.265578160642	0.647798886916	6	325	0	
378	0	148	step_1_no_load	1	2	2	234	
378	0	148	step_2_no_load	5	6	0.305288021243	0.619272702026	6	281	0	
378	0	149	step_1_no_load	1	2	2	222	
378	0	149	step_2_no_load	3	4	0.300290206122	0.623203869836	3	237	0	
378	0	150	step_1_no_load	1	2	2	345	
378	0	150	step_2_no_load	3	4	0.306860041627	0.605912419156	3	304	0	
378	0	151	step_1_no_load	1	2	2	468	
378	0	151	step_2_no_load	5	6	0.348172164421	0.59154759351	6	434	0	
378	0	152	step_1_no_load	1	2	1	288	
378	0	152	step_2_no_load	3	4	0.323194010514	0.644204174791	4	311	1	
378	0	153	step_1_no_load	1	2	1	369	
378	0	153	step_2_no_load	5	6	0.309356532263	0.613336203392	6	280	1	
378	0	154	step_1_no_load	1	2	1	275	
378	0	154	step_2_no_load	5	6	0.316375537537	0.638934099562	5	673	1	
378	0	155	step_1_no_load	1	2	1	284	
378	0	155	step_2_no_load	5	6	0.296093457977	0.632486591889	5	515	0	
378	0	156	step_1_no_load	1	2	1	280	
378	0	156	step_2_no_load	5	6	0.32564867104	0.631048201903	5	503	0	
378	0	157	step_1_no_load	1	2	1	276	
378	0	157	step_2_no_load	3	4	0.324728201487	0.720725456325	4	923	0	
378	0	158	step_1_no_load	1	2	1	334	
378	0	158	step_2_no_load	3	4	0.334595868098	0.694270715354	4	268	1	
378	0	159	step_1_no_load	1	2	1	290	
378	0	159	step_2_no_load	5	6	0.413026375257	0.541222065796	5	897	0	
378	0	160	step_1_no_load	1	2	1	431	
378	0	160	step_2_no_load	5	6	0.415052912783	0.521229931064	6	1229	1	
378	0	161	step_1_no_load	1	2	1	289	
378	0	161	step_2_no_load	3	4	0.438878285506	0.719896286569	4	615	1	
378	0	162	step_1_no_load	1	2	1	353	
378	0	162	step_2_no_load	5	6	0.3926701003	0.566496468084	5	682	0	
378	0	163	step_1_no_load	1	2	1	433	
378	0	163	step_2_no_load	3	4	0.430920885959	0.697095951435	4	679	1	
378	0	164	step_1_no_load	1	2	1	309	
378	0	164	step_2_no_load	5	6	0.432761720497	0.585961845322	6	1036	1	
378	0	165	step_1_no_load	1	2	1	344	
378	0	165	step_2_no_load	3	4	0.347974240867	0.717506143195	4	366	1	
378	0	166	step_1_no_load	1	2	1	714	
378	0	166	step_2_no_load	5	6	0.422282731054	0.549095060025	6	664	1	
378	0	167	step_1_no_load	1	2	1	325	
378	0	167	step_2_no_load	5	6	0.38753671275	0.585131062446	6	588	0	
378	0	168	step_1_no_load	1	2	1	467	
378	0	168	step_2_no_load	5	6	0.400817642375	0.613361520676	6	504	1	
378	0	169	step_1_no_load	1	2	1	467	
378	0	169	step_2_no_load	5	6	0.42098542374	0.586049140041	6	571	0	
378	0	170	step_1_no_load	1	2	1	297	
378	0	170	step_2_no_load	5	6	0.411067820436	0.57151385403	6	328	0	
378	0	171	step_1_no_load	1	2	1	266	
378	0	171	step_2_no_load	3	4	0.425122034074	0.727248140829	4	618	1	
378	0	172	step_1_no_load	1	2	1	252	
378	0	172	step_2_no_load	5	6	0.363617002148	0.519090471457	5	475	1	
378	0	173	step_1_no_load	1	2	1	279	
378	0	173	step_2_no_load	3	4	0.462866379815	0.667027212577	4	462	1	
378	0	174	step_1_no_load	1	2	1	337	
378	0	174	step_2_no_load	3	4	0.46236234172	0.729877433725	4	633	1	
378	0	175	step_1_no_load	1	2	1	286	
378	0	175	step_2_no_load	5	6	0.426185553904	0.52644949356	5	669	1	
378	0	176	step_1_no_load	1	2	1	281	
378	0	176	step_2_no_load	3	4	0.500856457218	0.679250000396	3	625	0	
378	0	177	step_1_no_load	1	2	1	341	
378	0	177	step_2_no_load	3	4	0.4798184927	0.714070205704	4	604	1	
378	0	178	step_1_no_load	1	2	1	280	
378	0	178	step_2_no_load	3	4	0.49020858644	0.705993797498	4	558	1	
378	0	179	step_1_no_load	1	2	1	462	
378	0	179	step_2_no_load	5	6	0.324685418097	0.457298770028	5	645	0	
378	0	180	step_1_no_load	1	2	1	464	
378	0	180	step_2_no_load	3	4	0.489345734128	0.719795072986	4	519	0	
378	0	181	step_1_no_load	1	2	1	276	
378	0	181	step_2_no_load	3	4	0.480141179559	0.746910336326	4	491	1	
378	0	182	step_1_no_load	1	2	1	783	
378	0	182	step_2_no_load	3	4	0.49907747228	0.72717560423	4	599	1	
378	0	183	step_1_no_load	1	2	1	825	
378	0	183	step_2_no_load	5	6	0.350175837802	0.502991759047	6	400	1	
378	0	184	step_1_no_load	1	2	1	301	
378	0	184	step_2_no_load	3	4	0.480863422096	0.657291439324	4	524	1	
378	0	185	step_1_no_load	1	2	1	435	
378	0	185	step_2_no_load	5	6	0.362611152222	0.479703516092	6	642	0	
378	0	186	step_1_no_load	1	2	1	326	
378	0	186	step_2_no_load	3	4	0.484672582719	0.656308636836	4	429	1	
378	0	187	step_1_no_load	1	2	1	363	
378	0	187	step_2_no_load	5	6	0.328890769988	0.443962917772	5	442	0	
378	0	188	step_1_no_load	1	2	2	550	
378	0	188	step_2_no_load	5	6	0.291508050861	0.471319680586	5	413	1	
378	0	189	step_1_no_load	1	2	1	321	
378	0	189	step_2_no_load	5	6	0.285168135955	0.448897869069	5	695	0	
378	0	190	step_1_no_load	1	2	1	365	
378	0	190	step_2_no_load	3	4	0.505820429042	0.667655825994	4	421	0	
378	0	191	step_1_no_load	1	2	1	297	
378	0	191	step_2_no_load	3	4	0.512103523931	0.664271461991	4	784	1	
378	0	192	step_1_no_load	1	2	1	340	
378	0	192	step_2_no_load	3	4	0.493851022417	0.705517419189	4	574	0	
378	0	193	step_1_no_load	1	2	1	304	
378	0	193	step_2_no_load	5	6	0.321008037746	0.440813209638	6	1015	1	
378	0	194	step_1_no_load	1	2	1	348	
378	0	194	step_2_no_load	3	4	0.505359594715	0.655261361454	4	539	1	
378	0	195	step_1_no_load	1	2	1	292	
378	0	195	step_2_no_load	3	4	0.494102184238	0.646280688878	4	579	1	
378	0	196	step_1_no_load	1	2	1	400	
378	0	196	step_2_no_load	3	4	0.496717662777	0.695101215304	4	510	1	
378	0	197	step_1_no_load	1	2	1	285	
378	0	197	step_2_no_load	3	4	0.47786945426	0.686552522522	4	388	0	
378	0	198	step_1_no_load	1	2	1	226	
378	0	198	step_2_no_load	5	6	0.303352625941	0.397292432346	6	320	1	
378	0	199	step_1_no_load	1	2	1	317	
378	0	199	step_2_no_load	3	4	0.529438031858	0.73697129762	4	524	1	
378	0	200	step_1_no_load	1	2	1	418	
378	0	200	step_2_no_load	3	4	0.507902534353	0.728996708473	4	568	0	

Tue Dec  7 14:56:28 2021
