Wed Dec  8 14:36:57 2021	
379	0	1	step_1_no_load	1	2	1	982	
379	0	1	step_2_no_load	3	4	0.511789129507	0.594299910136	3	1152	1	
379	0	2	step_1_no_load	1	2	1	1177	
379	0	2	step_2_no_load	5	6	0.474613197709	0.580156942153	5	1079	1	
379	0	3	step_1_no_load	1	2	1	795	
379	0	3	step_2_no_load	3	4	0.516002945397	0.589215227351	3	897	0	
379	0	4	step_1_no_load	1	2	1	727	
379	0	4	step_2_no_load	5	6	0.478607661228	0.597491569846	5	1045	1	
379	0	5	step_1_no_load	1	2	1	625	
379	0	5	step_2_no_load	3	4	0.543908521457	0.576104915614	3	792	1	
379	0	6	step_1_no_load	1	2	1	598	
379	0	6	step_2_no_load	5	6	0.506877622204	0.585722686883	5	869	1	
379	0	7	step_1_no_load	1	2	1	474	
379	0	7	step_2_no_load	3	4	0.506408070053	0.622642364361	3	873	0	
379	0	8	step_1_no_load	1	2	1	408	
379	0	8	step_2_no_load	5	6	0.489816616396	0.59128639594	5	590	1	
379	0	9	step_1_no_load	1	2	2	482	
379	0	9	step_2_no_load	5	6	0.496546708465	0.598049061473	5	498	1	
379	0	10	step_1_no_load	1	2	1	344	
379	0	10	step_2_no_load	3	4	0.576063520885	0.636063269715	4	871	0	
379	0	11	step_1_no_load	1	2	1	1033	
379	0	11	step_2_no_load	3	4	0.59022801242	0.609191465743	3	1064	1	
379	0	12	step_1_no_load	1	2	1	1238	
379	0	12	step_2_no_load	3	4	0.597131918027	0.552770607849	3	788	1	
379	0	13	step_1_no_load	1	2	1	554	
379	0	13	step_2_no_load	5	6	0.52012981853	0.653587098421	5	561	1	
379	0	14	step_1_no_load	1	2	2	301	
379	0	14	step_2_no_load	5	6	0.491234392147	0.629137942344	5	507	1	
379	0	15	step_1_no_load	1	2	1	386	
379	0	15	step_2_no_load	3	4	0.633564630036	0.570419113221	3	777	0	
379	0	16	step_1_no_load	1	2	2	1311	
379	0	16	step_2_no_load	5	6	0.510958036527	0.628091198119	5	663	0	
379	0	17	step_1_no_load	1	2	2	311	
379	0	17	step_2_no_load	5	6	0.535958400205	0.633350170016	5	382	1	
379	0	18	step_1_no_load	1	2	2	644	
379	0	18	step_2_no_load	5	6	0.517514133912	0.626834332012	5	1019	1	
379	0	19	step_1_no_load	1	2	2	1031	
379	0	19	step_2_no_load	5	6	0.498240186199	0.619895761657	5	743	1	
379	0	20	step_1_no_load	1	2	2	819	
379	0	20	step_2_no_load	5	6	0.478025448397	0.636521555122	5	506	0	
379	0	21	step_1_no_load	1	2	1	354	
379	0	21	step_2_no_load	3	4	0.611328949295	0.470207377245	3	489	0	
379	0	22	step_1_no_load	1	2	2	357	
379	0	22	step_2_no_load	5	6	0.506100011497	0.621949894727	5	396	0	
379	0	23	step_1_no_load	1	2	2	392	
379	0	23	step_2_no_load	5	6	0.520606588181	0.640163623731	5	534	1	
379	0	24	step_1_no_load	1	2	2	401	
379	0	24	step_2_no_load	5	6	0.505388876622	0.582115115688	5	288	0	
379	0	25	step_1_no_load	1	2	2	612	
379	0	25	step_2_no_load	5	6	0.503316372362	0.565698722896	5	820	1	
379	0	26	step_1_no_load	1	2	2	362	
379	0	26	step_2_no_load	3	4	0.640635035276	0.532884212818	4	1048	0	
379	0	27	step_1_no_load	1	2	2	716	
379	0	27	step_2_no_load	5	6	0.507272671939	0.57860777711	5	355	1	
379	0	28	step_1_no_load	1	2	2	476	
379	0	28	step_2_no_load	5	6	0.520177259699	0.588356036098	5	556	1	
379	0	29	step_1_no_load	1	2	2	527	
379	0	29	step_2_no_load	5	6	0.521159009103	0.606613029227	5	573	1	
379	0	30	step_1_no_load	1	2	1	471	
379	0	30	step_2_no_load	3	4	0.610227092493	0.574272497114	3	559	1	
379	0	31	step_1_no_load	1	2	2	421	
379	0	31	step_2_no_load	5	6	0.483156722265	0.636602545794	5	477	1	
379	0	32	step_1_no_load	1	2	2	479	
379	0	32	step_2_no_load	5	6	0.520318771114	0.634585171267	5	782	0	
379	0	33	step_1_no_load	1	2	1	604	
379	0	33	step_2_no_load	5	6	0.487664344039	0.611700032906	5	409	1	
379	0	34	step_1_no_load	1	2	2	357	
379	0	34	step_2_no_load	5	6	0.454565258478	0.575802910074	5	404	0	
379	0	35	step_1_no_load	1	2	2	304	
379	0	35	step_2_no_load	5	6	0.491437207585	0.566827313385	5	368	0	
379	0	36	step_1_no_load	1	2	2	395	
379	0	36	step_2_no_load	3	4	0.661229326326	0.611274573488	3	905	1	
379	0	37	step_1_no_load	1	2	2	493	
379	0	37	step_2_no_load	5	6	0.543074626387	0.513822304161	5	481	1	
379	0	38	step_1_no_load	1	2	2	462	
379	0	38	step_2_no_load	5	6	0.553931241266	0.539078491643	5	484	1	
379	0	39	step_1_no_load	1	2	1	475	
379	0	39	step_2_no_load	3	4	0.634483337633	0.610601635554	3	433	1	
379	0	40	step_1_no_load	1	2	2	791	
379	0	40	step_2_no_load	5	6	0.5691386571	0.580760785074	5	512	0	
379	0	41	step_1_no_load	1	2	1	276	
379	0	41	step_2_no_load	5	6	0.583829055298	0.524862294848	5	522	1	
379	0	42	step_1_no_load	1	2	2	360	
379	0	42	step_2_no_load	5	6	0.553461946234	0.533857158543	5	383	0	
379	0	43	step_1_no_load	1	2	2	356	
379	0	43	step_2_no_load	3	4	0.581931546759	0.612705031264	3	403	0	
379	0	44	step_1_no_load	1	2	1	324	
379	0	44	step_2_no_load	5	6	0.537842745081	0.541854396676	5	668	1	
379	0	45	step_1_no_load	1	2	2	482	
379	0	45	step_2_no_load	5	6	0.5288039409	0.579346234508	5	696	0	
379	0	46	step_1_no_load	1	2	2	384	
379	0	46	step_2_no_load	5	6	0.532238720495	0.55511883717	5	519	0	
379	0	47	step_1_no_load	1	2	2	301	
379	0	47	step_2_no_load	5	6	0.493112702321	0.546259467838	5	547	0	
379	0	48	step_1_no_load	1	2	2	462	
379	0	48	step_2_no_load	5	6	0.488280685105	0.534690828011	6	765	1	
379	0	49	step_1_no_load	1	2	1	537	
379	0	49	step_2_no_load	3	4	0.614679490594	0.610193185592	3	1151	1	
379	0	50	step_1_no_load	1	2	2	354	
379	0	50	step_2_no_load	5	6	0.47381367271	0.481616544184	6	562	0	
379	0	51	step_1_no_load	1	2	2	247	
379	0	51	step_2_no_load	3	4	0.613357430892	0.564866799699	3	1119	1	
379	0	52	step_1_no_load	1	2	1	292	
379	0	52	step_2_no_load	3	4	0.613408921915	0.539065404057	3	641	1	
379	0	53	step_1_no_load	1	2	1	446	
379	0	53	step_2_no_load	3	4	0.630956764252	0.551457882502	3	638	1	
379	0	54	step_1_no_load	1	2	2	664	
379	0	54	step_2_no_load	5	6	0.491512498697	0.493362545513	5	888	0	
379	0	55	step_1_no_load	1	2	1	230	
379	0	55	step_2_no_load	3	4	0.639840796975	0.574045915747	3	661	1	
379	0	56	step_1_no_load	1	2	1	582	
379	0	56	step_2_no_load	5	6	0.459773408493	0.538512915562	6	1293	1	
379	0	57	step_1_no_load	1	2	1	654	
379	0	57	step_2_no_load	3	4	0.586335094239	0.641849303307	3	532	1	
379	0	58	step_1_no_load	1	2	1	338	
379	0	58	step_2_no_load	3	4	0.610896130115	0.664682809182	3	480	0	
379	0	59	step_1_no_load	1	2	1	331	
379	0	59	step_2_no_load	5	6	0.480274332693	0.537400760025	5	779	1	
379	0	60	step_1_no_load	1	2	1	558	
379	0	60	step_2_no_load	5	6	0.491916707098	0.479287247283	5	971	0	
379	0	61	step_1_no_load	1	2	2	276	
379	0	61	step_2_no_load	5	6	0.464268875813	0.527144452559	5	722	0	
379	0	62	step_1_no_load	1	2	1	216	
379	0	62	step_2_no_load	3	4	0.622820395113	0.691137204746	3	615	1	
379	0	63	step_1_no_load	1	2	1	421	
379	0	63	step_2_no_load	5	6	0.53192660365	0.519445130796	6	994	0	
379	0	64	step_1_no_load	1	2	1	315	
379	0	64	step_2_no_load	5	6	0.555062911513	0.533849886794	5	1162	1	
379	0	65	step_1_no_load	1	2	1	445	
379	0	65	step_2_no_load	3	4	0.619953360065	0.612660225018	3	780	1	
379	0	66	step_1_no_load	1	2	1	505	
379	0	66	step_2_no_load	5	6	0.573761869714	0.555324764318	6	1372	0	
379	0	67	step_1_no_load	1	2	1	457	
379	0	67	step_2_no_load	3	4	0.674463681351	0.597650193897	3	608	1	
379	0	68	step_1_no_load	1	2	1	651	
379	0	68	step_2_no_load	3	4	0.719455209845	0.622963076372	3	426	1	
379	0	69	step_1_no_load	1	2	1	526	
379	0	69	step_2_no_load	3	4	0.718756538957	0.622221685203	3	500	1	
379	0	70	step_1_no_load	1	2	1	539	
379	0	70	step_2_no_load	5	6	0.498834901463	0.548075770764	5	1114	1	
379	0	71	step_1_no_load	1	2	1	359	
379	0	71	step_2_no_load	3	4	0.706816191949	0.639174917797	3	470	1	
379	0	72	step_1_no_load	1	2	1	581	
379	0	72	step_2_no_load	5	6	0.47409116389	0.556486305476	5	1308	0	
379	0	73	step_1_no_load	1	2	1	544	
379	0	73	step_2_no_load	3	4	0.727961155836	0.657126403029	3	472	1	
379	0	74	step_1_no_load	1	2	1	341	
379	0	74	step_2_no_load	3	4	0.693624670847	0.614462146454	3	972	0	
379	0	75	step_1_no_load	1	2	1	537	
379	0	75	step_2_no_load	3	4	0.697629587097	0.615552849174	3	664	1	
379	0	76	step_1_no_load	1	2	1	376	
379	0	76	step_2_no_load	5	6	0.488583631821	0.518881389358	6	1167	1	
379	0	77	step_1_no_load	1	2	1	513	
379	0	77	step_2_no_load	5	6	0.446809557226	0.538119616568	5	1104	1	
379	0	78	step_1_no_load	1	2	1	500	
379	0	78	step_2_no_load	3	4	0.647586191228	0.536711448352	3	571	1	
379	0	79	step_1_no_load	1	2	1	311	
379	0	79	step_2_no_load	5	6	0.389124152368	0.540085062695	6	1126	1	
379	0	80	step_1_no_load	1	2	1	307	
379	0	80	step_2_no_load	5	6	0.396016175285	0.49921021142	6	1298	1	
379	0	81	step_1_no_load	1	2	1	605	
379	0	81	step_2_no_load	5	6	0.419265522488	0.494116554432	6	948	0	
379	0	82	step_1_no_load	1	2	2	626	
379	0	82	step_2_no_load	3	4	0.688340116885	0.564729328387	3	769	1	
379	0	83	step_1_no_load	1	2	2	181	
379	0	83	step_2_no_load	5	6	0.382772464038	0.483255412498	6	1444	1	
379	0	84	step_1_no_load	1	2	1	226	
379	0	84	step_2_no_load	3	4	0.731466635793	0.65843840156	3	777	1	
379	0	85	step_1_no_load	1	2	1	347	
379	0	85	step_2_no_load	5	6	0.384458259121	0.485785534744	6	786	0	
379	0	86	step_1_no_load	1	2	2	568	
379	0	86	step_2_no_load	5	6	0.345323068124	0.486462788728	6	1031	1	
379	0	87	step_1_no_load	1	2	1	252	
379	0	87	step_2_no_load	3	4	0.690012761069	0.719375344246	3	682	1	
379	0	88	step_1_no_load	1	2	2	277	
379	0	88	step_2_no_load	3	4	0.696773608304	0.717410082358	3	853	1	
379	0	89	step_1_no_load	1	2	1	442	
379	0	89	step_2_no_load	3	4	0.660112261017	0.690772436485	4	1024	0	
379	0	90	step_1_no_load	1	2	1	328	
379	0	90	step_2_no_load	3	4	0.688736868033	0.712247848046	3	663	0	
379	0	91	step_1_no_load	1	2	2	629	
379	0	91	step_2_no_load	5	6	0.43534164751	0.479087223222	6	1189	1	
379	0	92	step_1_no_load	1	2	1	329	
379	0	92	step_2_no_load	3	4	0.679381608313	0.692406274724	3	770	0	
379	0	93	step_1_no_load	1	2	1	390	
379	0	93	step_2_no_load	3	4	0.662863370634	0.70415710998	4	668	1	
379	0	94	step_1_no_load	1	2	2	632	
379	0	94	step_2_no_load	5	6	0.429211756872	0.468637558205	6	1304	0	
379	0	95	step_1_no_load	1	2	2	308	
379	0	95	step_2_no_load	3	4	0.640209855442	0.715495469274	4	684	1	
379	0	96	step_1_no_load	1	2	1	432	
379	0	96	step_2_no_load	3	4	0.663095813561	0.693739812506	4	888	0	
379	0	97	step_1_no_load	1	2	1	258	
379	0	97	step_2_no_load	3	4	0.651202057411	0.681272614291	4	795	1	
379	0	98	step_1_no_load	1	2	1	120	
379	0	98	step_2_no_load	5	6	0.409778171713	0.431479829356	6	1271	0	
379	0	99	step_1_no_load	1	2	1	443	
379	0	99	step_2_no_load	3	4	0.645191748454	0.673709850038	4	809	0	
379	0	100	step_1_no_load	1	2	1	390	
379	0	100	step_2_no_load	5	6	0.4333505304	0.363162156005	5	755	0	
379	0	101	step_1_no_load	1	2	2	696	
379	0	101	step_2_no_load	5	6	0.497432607584	0.366879421891	5	1255	0	
379	0	102	step_1_no_load	1	2	1	326	
379	0	102	step_2_no_load	3	4	0.663124617603	0.666304534392	4	963	1	
379	0	103	step_1_no_load	1	2	1	255	
379	0	103	step_2_no_load	5	6	0.481975449893	0.322834495838	-1	-1	-1	
379	0	104	step_1_no_load	1	2	1	237	
379	0	104	step_2_no_load	3	4	0.743372642809	0.703870701136	4	644	1	
379	0	105	step_1_no_load	1	2	1	320	
379	0	105	step_2_no_load	3	4	0.722851301692	0.689135357059	4	768	1	
379	0	106	step_1_no_load	1	2	1	302	
379	0	106	step_2_no_load	5	6	0.508908032404	0.374131494222	5	996	1	
379	0	107	step_1_no_load	1	2	1	242	
379	0	107	step_2_no_load	3	4	0.677514185929	0.692607431435	4	672	1	
379	0	108	step_1_no_load	1	2	1	108	
379	0	108	step_2_no_load	5	6	0.526955028982	0.388185708856	5	907	0	
379	0	109	step_1_no_load	1	2	1	247	
379	0	109	step_2_no_load	3	4	0.68658494263	0.71632547018	4	494	1	
379	0	110	step_1_no_load	1	2	1	285	
379	0	110	step_2_no_load	3	4	0.65455226558	0.729599891941	4	885	0	
379	0	111	step_1_no_load	1	2	1	249	
379	0	111	step_2_no_load	5	6	0.384948378665	0.407158158569	5	904	0	
379	0	112	step_1_no_load	1	2	1	267	
379	0	112	step_2_no_load	3	4	0.635252945963	0.725701866094	4	723	0	
379	0	113	step_1_no_load	1	2	2	687	
379	0	113	step_2_no_load	3	4	0.634627459817	0.719324307956	4	904	1	
379	0	114	step_1_no_load	1	2	2	482	
379	0	114	step_2_no_load	3	4	0.657654904272	0.718213323791	4	682	0	
379	0	115	step_1_no_load	1	2	2	263	
379	0	115	step_2_no_load	3	4	0.645721217949	0.739704344621	3	718	1	
379	0	116	step_1_no_load	1	2	2	272	
379	0	116	step_2_no_load	5	6	0.378149844807	0.369438791876	5	822	1	
379	0	117	step_1_no_load	1	2	2	292	
379	0	117	step_2_no_load	5	6	0.374621793791	0.363056877927	5	842	0	
379	0	118	step_1_no_load	1	2	1	65	
379	0	118	step_2_no_load	3	4	0.690484235012	0.740051715856	3	872	0	
379	0	119	step_1_no_load	1	2	1	268	
379	0	119	step_2_no_load	3	4	0.661177321751	0.690424535099	3	747	0	
379	0	120	step_1_no_load	1	2	1	239	
379	0	120	step_2_no_load	5	6	0.370150243662	0.333809617664	5	725	0	
379	0	121	step_1_no_load	1	2	1	323	
379	0	121	step_2_no_load	3	4	0.671052306195	0.658856304095	4	1177	1	
379	0	122	step_1_no_load	1	2	1	320	
379	0	122	step_2_no_load	3	4	0.672193618854	0.6136886145	4	783	1	
379	0	123	step_1_no_load	1	2	1	524	
379	0	123	step_2_no_load	3	4	0.664849878232	0.583607229978	4	834	0	
379	0	124	step_1_no_load	1	2	1	351	
379	0	124	step_2_no_load	3	4	0.624161788269	0.603013298253	4	1295	1	
379	0	125	step_1_no_load	1	2	1	341	
379	0	125	step_2_no_load	3	4	0.633566302563	0.559596800931	4	846	1	
379	0	126	step_1_no_load	1	2	1	554	
379	0	126	step_2_no_load	5	6	0.300846667696	0.267206368684	5	809	0	
379	0	127	step_1_no_load	1	2	1	331	
379	0	127	step_2_no_load	3	4	0.646945556251	0.560824094575	3	1027	1	
379	0	128	step_1_no_load	1	2	1	325	
379	0	128	step_2_no_load	5	6	0.250790232267	0.260252451606	6	1116	0	
379	0	129	step_1_no_load	1	2	1	505	
379	0	129	step_2_no_load	3	4	0.632682846317	0.685297910719	4	798	1	
379	0	130	step_1_no_load	1	2	1	412	
379	0	130	step_2_no_load	3	4	0.630285316669	0.682031489739	4	1003	1	
379	0	131	step_1_no_load	1	2	1	578	
379	0	131	step_2_no_load	3	4	0.638450601212	0.678044920845	3	848	0	
379	0	132	step_1_no_load	1	2	1	518	
379	0	132	step_2_no_load	5	6	0.315328810424	0.27986961048	5	1460	0	
379	0	133	step_1_no_load	1	2	1	426	
379	0	133	step_2_no_load	3	4	0.691649444281	0.617383991623	4	843	1	
379	0	134	step_1_no_load	1	2	1	330	
379	0	134	step_2_no_load	3	4	0.685529359147	0.621945110858	4	841	1	
379	0	135	step_1_no_load	1	2	1	699	
379	0	135	step_2_no_load	3	4	0.700779221781	0.593710006149	4	658	0	
379	0	136	step_1_no_load	1	2	1	116	
379	0	136	step_2_no_load	3	4	0.674914008636	0.597814413435	4	451	1	
379	0	137	step_1_no_load	1	2	1	354	
379	0	137	step_2_no_load	5	6	0.325016613024	0.346433498467	6	1275	0	
379	0	138	step_1_no_load	1	2	2	352	
379	0	138	step_2_no_load	5	6	0.307694123906	0.366701525561	5	438	0	
379	0	139	step_1_no_load	1	2	1	236	
379	0	139	step_2_no_load	3	4	0.696355985729	0.636630981281	4	1171	1	
379	0	140	step_1_no_load	1	2	1	295	
379	0	140	step_2_no_load	5	6	0.328174526491	0.348740542008	5	1102	0	
379	0	141	step_1_no_load	1	2	1	467	
379	0	141	step_2_no_load	3	4	0.616803346728	0.711987889705	4	1112	0	
379	0	142	step_1_no_load	1	2	1	340	
379	0	142	step_2_no_load	5	6	0.304203281606	0.397052682821	-1	-1	-1	
379	0	143	step_1_no_load	1	2	1	371	
379	0	143	step_2_no_load	3	4	0.610219102298	0.661365099615	4	666	1	
379	0	144	step_1_no_load	1	2	1	680	
379	0	144	step_2_no_load	5	6	0.275932517017	0.389234194056	6	944	0	
379	0	145	step_1_no_load	1	2	1	306	
379	0	145	step_2_no_load	3	4	0.606515632748	0.6669125229	4	619	1	
379	0	146	step_1_no_load	1	2	1	409	
379	0	146	step_2_no_load	5	6	0.257861956214	0.320877500969	5	1216	0	
379	0	147	step_1_no_load	1	2	1	463	
379	0	147	step_2_no_load	3	4	0.594861186319	0.647798886916	4	741	1	
379	0	148	step_1_no_load	1	2	1	490	
379	0	148	step_2_no_load	5	6	0.305288021243	0.311162711725	5	433	0	
379	0	149	step_1_no_load	1	2	1	47	
379	0	149	step_2_no_load	3	4	0.623203869836	0.601870110183	4	725	1	
379	0	150	step_1_no_load	1	2	1	260	
379	0	150	step_2_no_load	3	4	0.605912419156	0.575985663078	4	610	1	
379	0	151	step_1_no_load	1	2	1	373	
379	0	151	step_2_no_load	3	4	0.614159737668	0.59154759351	3	733	0	
379	0	152	step_1_no_load	1	2	1	250	
379	0	152	step_2_no_load	3	4	0.644204174791	0.595108765344	3	736	1	
379	0	153	step_1_no_load	1	2	1	400	
379	0	153	step_2_no_load	3	4	0.681559292085	0.613336203392	4	613	1	
379	0	154	step_1_no_load	1	2	1	339	
379	0	154	step_2_no_load	5	6	0.316375537537	0.348349389262	6	1401	0	
379	0	155	step_1_no_load	1	2	1	336	
379	0	155	step_2_no_load	3	4	0.716100930629	0.632486591889	4	536	1	
379	0	156	step_1_no_load	1	2	1	284	
379	0	156	step_2_no_load	3	4	0.734436160799	0.631048201903	4	890	1	
379	0	157	step_1_no_load	1	2	1	359	
379	0	157	step_2_no_load	3	4	0.720725456325	0.585191807512	4	878	1	
379	0	158	step_1_no_load	1	2	1	206	
379	0	158	step_2_no_load	3	4	0.694270715354	0.532722108502	3	630	1	
379	0	159	step_1_no_load	1	2	1	298	
379	0	159	step_2_no_load	3	4	0.697903160072	0.541222065796	4	760	0	
379	0	160	step_1_no_load	1	2	1	316	
379	0	160	step_2_no_load	5	6	0.415052912783	0.355992626298	6	1293	1	
379	0	161	step_1_no_load	1	2	1	247	
379	0	161	step_2_no_load	3	4	0.719896286569	0.516036498158	4	679	0	
379	0	162	step_1_no_load	1	2	1	443	
379	0	162	step_2_no_load	5	6	0.3926701003	0.455329532209	5	994	0	
379	0	163	step_1_no_load	1	2	1	214	
379	0	163	step_2_no_load	3	4	0.697095951435	0.5863391277	3	582	0	
379	0	164	step_1_no_load	1	2	1	287	
379	0	164	step_2_no_load	3	4	0.692137394606	0.585961845322	3	477	0	
379	0	165	step_1_no_load	1	2	1	306	
379	0	165	step_2_no_load	5	6	0.463777557969	0.347974240867	6	1241	0	
379	0	166	step_1_no_load	1	2	1	299	
379	0	166	step_2_no_load	3	4	0.686594248975	0.549095060025	4	378	0	
379	0	167	step_1_no_load	1	2	1	248	
379	0	167	step_2_no_load	3	4	0.706271792549	0.585131062446	3	512	0	
379	0	168	step_1_no_load	1	2	1	486	
379	0	168	step_2_no_load	5	6	0.400817642375	0.335777599654	6	1077	0	
379	0	169	step_1_no_load	1	2	2	510	
379	0	169	step_2_no_load	5	6	0.42098542374	0.365156560071	6	886	1	
379	0	170	step_1_no_load	1	2	2	304	
379	0	170	step_2_no_load	5	6	0.411067820436	0.364989630435	6	767	0	
379	0	171	step_1_no_load	1	2	1	170	
379	0	171	step_2_no_load	3	4	0.727248140829	0.553314431843	4	801	0	
379	0	172	step_1_no_load	1	2	1	246	
379	0	172	step_2_no_load	3	4	0.668669556875	0.519090471457	3	444	1	
379	0	173	step_1_no_load	1	2	1	264	
379	0	173	step_2_no_load	3	4	0.667027212577	0.484428109849	3	679	1	
379	0	174	step_1_no_load	1	2	1	227	
379	0	174	step_2_no_load	3	4	0.729877433725	0.472729524832	3	666	0	
379	0	175	step_1_no_load	1	2	1	279	
379	0	175	step_2_no_load	3	4	0.693968268443	0.52644949356	3	693	0	
379	0	176	step_1_no_load	1	2	1	362	
379	0	176	step_2_no_load	3	4	0.679250000396	0.474046874473	3	737	1	
379	0	177	step_1_no_load	1	2	1	338	
379	0	177	step_2_no_load	3	4	0.714070205704	0.501268576771	3	842	0	
379	0	178	step_1_no_load	1	2	2	262	
379	0	178	step_2_no_load	3	4	0.705993797498	0.493712351915	3	854	1	
379	0	179	step_1_no_load	1	2	1	449	
379	0	179	step_2_no_load	5	6	0.324685418097	0.493565996034	6	1345	0	
379	0	180	step_1_no_load	1	2	1	262	
379	0	180	step_2_no_load	3	4	0.719795072986	0.482853857291	3	374	1	
379	0	181	step_1_no_load	1	2	1	306	
379	0	181	step_2_no_load	5	6	0.342402764747	0.480141179559	5	777	0	
379	0	182	step_1_no_load	1	2	1	280	
379	0	182	step_2_no_load	5	6	0.340533666308	0.49907747228	5	512	0	
379	0	183	step_1_no_load	1	2	1	376	
379	0	183	step_2_no_load	3	4	0.720388040749	0.502991759047	3	662	1	
379	0	184	step_1_no_load	1	2	1	492	
379	0	184	step_2_no_load	3	4	0.657291439324	0.460890977786	3	419	1	
379	0	185	step_1_no_load	1	2	1	135	
379	0	185	step_2_no_load	3	4	0.665622647081	0.479703516092	3	894	0	
379	0	186	step_1_no_load	1	2	1	452	
379	0	186	step_2_no_load	3	4	0.656308636836	0.46870859828	3	684	1	
379	0	187	step_1_no_load	1	2	1	335	
379	0	187	step_2_no_load	3	4	0.678211978625	0.443962917772	3	479	0	
379	0	188	step_1_no_load	1	2	1	221	
379	0	188	step_2_no_load	3	4	0.696362660087	0.471319680586	3	468	1	
379	0	189	step_1_no_load	1	2	1	320	
379	0	189	step_2_no_load	3	4	0.688353284054	0.448897869069	3	567	1	
379	0	190	step_1_no_load	1	2	1	276	
379	0	190	step_2_no_load	3	4	0.667655825994	0.433568856946	3	1395	1	
379	0	191	step_1_no_load	1	2	1	399	
379	0	191	step_2_no_load	3	4	0.664271461991	0.435748387321	3	638	1	
379	0	192	step_1_no_load	1	2	1	291	
379	0	192	step_2_no_load	5	6	0.299297135717	0.493851022417	6	1065	1	
379	0	193	step_1_no_load	1	2	1	255	
379	0	193	step_2_no_load	3	4	0.679792491164	0.440813209638	3	365	0	
379	0	194	step_1_no_load	1	2	1	337	
379	0	194	step_2_no_load	3	4	0.655261361454	0.433250459893	3	522	0	
379	0	195	step_1_no_load	1	2	1	254	
379	0	195	step_2_no_load	5	6	0.348571348505	0.494102184238	5	821	0	
379	0	196	step_1_no_load	1	2	1	426	
379	0	196	step_2_no_load	3	4	0.695101215304	0.421761207498	3	616	1	
379	0	197	step_1_no_load	1	2	1	285	
379	0	197	step_2_no_load	3	4	0.686552522522	0.422511153127	3	572	1	
379	0	198	step_1_no_load	1	2	1	320	
379	0	198	step_2_no_load	3	4	0.68660989813	0.397292432346	4	760	0	
379	0	199	step_1_no_load	1	2	1	249	
379	0	199	step_2_no_load	3	4	0.73697129762	0.39793773834	3	464	1	
379	0	200	step_1_no_load	1	2	1	477	
379	0	200	step_2_no_load	5	6	0.299128796668	0.507902534353	6	1058	0	

Wed Dec  8 14:54:32 2021
