Fri Dec 10 14:54:27 2021	
380	0	1	step_1_no_load	1	2	-1	-1	
380	0	2	step_1_no_load	1	2	1	419	
380	0	2	step_2_no_load	5	6	0.580156942153	0.610961032466	5	501	1	
380	0	3	step_1_no_load	1	2	1	364	
380	0	3	step_2_no_load	3	4	0.476767372206	0.516002945397	4	739	0	
380	0	4	step_1_no_load	1	2	1	337	
380	0	4	step_2_no_load	5	6	0.597491569846	0.564086293706	5	502	1	
380	0	5	step_1_no_load	1	2	1	306	
380	0	5	step_2_no_load	3	4	0.495568760483	0.543908521457	4	897	0	
380	0	6	step_1_no_load	1	2	1	398	
380	0	6	step_2_no_load	3	4	0.506877622204	0.490454120702	4	677	1	
380	0	7	step_1_no_load	1	2	1	0	
380	0	7	step_2_no_load	5	6	0.568656746487	0.622642364361	5	881	0	
380	0	8	step_1_no_load	1	2	2	319	
380	0	8	step_2_no_load	5	6	0.59128639594	0.624210374623	5	831	1	
380	0	9	step_1_no_load	1	2	2	315	
380	0	9	step_2_no_load	3	4	0.496546708465	0.54429228266	4	896	1	
380	0	10	step_1_no_load	1	2	2	333	
380	0	10	step_2_no_load	5	6	0.652626043146	0.636063269715	5	531	1	
380	0	11	step_1_no_load	1	2	2	417	
380	0	11	step_2_no_load	3	4	0.477013315682	0.59022801242	4	871	1	
380	0	12	step_1_no_load	1	2	2	317	
380	0	12	step_2_no_load	5	6	0.682786328054	0.552770607849	5	1099	0	
380	0	13	step_1_no_load	1	2	2	401	
380	0	13	step_2_no_load	5	6	0.653587098421	0.558313135925	5	600	1	
380	0	14	step_1_no_load	1	2	1	689	
380	0	14	step_2_no_load	3	4	0.491234392147	0.611256675753	4	735	0	
380	0	15	step_1_no_load	1	2	2	373	
380	0	15	step_2_no_load	5	6	0.612260006668	0.570419113221	5	795	0	
380	0	16	step_1_no_load	1	2	2	323	
380	0	16	step_2_no_load	5	6	0.628091198119	0.553308964466	5	506	1	
380	0	17	step_1_no_load	1	2	2	369	
380	0	17	step_2_no_load	5	6	0.633350170016	0.562895132605	5	689	0	
380	0	18	step_1_no_load	1	2	2	335	
380	0	18	step_2_no_load	5	6	0.626834332012	0.553554620302	5	398	0	
380	0	19	step_1_no_load	1	2	2	364	
380	0	19	step_2_no_load	5	6	0.619895761657	0.536502319591	6	355	0	
380	0	20	step_1_no_load	1	2	1	312	
380	0	20	step_2_no_load	3	4	0.478025448397	0.60665343963	3	751	0	
380	0	21	step_1_no_load	1	2	1	333	
380	0	21	step_2_no_load	3	4	0.49769376036	0.611328949295	4	380	1	
380	0	22	step_1_no_load	1	2	1	376	
380	0	22	step_2_no_load	3	4	0.506100011497	0.618527126547	4	286	1	
380	0	23	step_1_no_load	1	2	1	548	
380	0	23	step_2_no_load	5	6	0.640163623731	0.513759772011	6	370	0	
380	0	24	step_1_no_load	1	2	1	464	
380	0	24	step_2_no_load	3	4	0.505388876622	0.5800912085	4	830	0	
380	0	25	step_1_no_load	1	2	1	355	
380	0	25	step_2_no_load	3	4	0.503316372362	0.629917901014	4	521	1	
380	0	26	step_1_no_load	1	2	1	410	
380	0	26	step_2_no_load	5	6	0.592410219737	0.532884212818	6	416	1	
380	0	27	step_1_no_load	1	2	1	382	
380	0	27	step_2_no_load	3	4	0.507272671939	0.642144756622	4	654	1	
380	0	28	step_1_no_load	1	2	1	320	
380	0	28	step_2_no_load	3	4	0.520177259699	0.647441527317	4	503	1	
380	0	29	step_1_no_load	1	2	1	508	
380	0	29	step_2_no_load	5	6	0.606613029227	0.561957580386	6	371	0	
380	0	30	step_1_no_load	1	2	1	327	
380	0	30	step_2_no_load	3	4	0.4919199548	0.610227092493	4	710	1	
380	0	31	step_1_no_load	1	2	1	442	
380	0	31	step_2_no_load	3	4	0.483156722265	0.606122691795	4	440	0	
380	0	32	step_1_no_load	1	2	1	384	
380	0	32	step_2_no_load	3	4	0.520318771114	0.605616211083	4	374	1	
380	0	33	step_1_no_load	1	2	1	378	
380	0	33	step_2_no_load	3	4	0.487664344039	0.618000238621	4	377	1	
380	0	34	step_1_no_load	1	2	1	293	
380	0	34	step_2_no_load	3	4	0.454565258478	0.670290552209	4	340	1	
380	0	35	step_1_no_load	1	2	1	336	
380	0	35	step_2_no_load	3	4	0.491437207585	0.649776015006	4	326	0	
380	0	36	step_1_no_load	1	2	1	525	
380	0	36	step_2_no_load	5	6	0.527635087561	0.611274573488	6	467	1	
380	0	37	step_1_no_load	1	2	1	392	
380	0	37	step_2_no_load	3	4	0.543074626387	0.660658056664	4	359	1	
380	0	38	step_1_no_load	1	2	1	353	
380	0	38	step_2_no_load	3	4	0.553931241266	0.651263699161	4	400	1	
380	0	39	step_1_no_load	1	2	1	368	
380	0	39	step_2_no_load	3	4	0.578640235206	0.634483337633	4	367	0	
380	0	40	step_1_no_load	1	2	1	326	
380	0	40	step_2_no_load	3	4	0.5691386571	0.636994900683	4	389	0	
380	0	41	step_1_no_load	1	2	1	680	
380	0	41	step_2_no_load	5	6	0.524862294848	0.588857868869	5	448	0	
380	0	42	step_1_no_load	1	2	1	254	
380	0	42	step_2_no_load	3	4	0.553461946234	0.606696263624	3	469	0	
380	0	43	step_1_no_load	1	2	2	841	
380	0	43	step_2_no_load	5	6	0.553703096215	0.612705031264	6	639	0	
380	0	44	step_1_no_load	1	2	2	321	
380	0	44	step_2_no_load	3	4	0.537842745081	0.589653131867	3	1400	1	
380	0	45	step_1_no_load	1	2	2	314	
380	0	45	step_2_no_load	5	6	0.579346234508	0.632991467829	5	480	0	
380	0	46	step_1_no_load	1	2	1	297	
380	0	46	step_2_no_load	5	6	0.55511883717	0.600964500555	5	496	0	
380	0	47	step_1_no_load	1	2	1	507	
380	0	47	step_2_no_load	5	6	0.546259467838	0.598724660986	6	841	1	
380	0	48	step_1_no_load	1	2	1	439	
380	0	48	step_2_no_load	5	6	0.534690828011	0.615767119776	6	519	1	
380	0	49	step_1_no_load	1	2	1	443	
380	0	49	step_2_no_load	3	4	0.489287375157	0.614679490594	4	363	0	
380	0	50	step_1_no_load	1	2	1	302	
380	0	50	step_2_no_load	5	6	0.481616544184	0.606862017918	6	404	1	
380	0	51	step_1_no_load	1	2	1	377	
380	0	51	step_2_no_load	3	4	0.469943944943	0.613357430892	3	919	1	
380	0	52	step_1_no_load	1	2	1	364	
380	0	52	step_2_no_load	5	6	0.513589895419	0.539065404057	6	690	0	
380	0	53	step_1_no_load	1	2	1	264	
380	0	53	step_2_no_load	3	4	0.451905460347	0.630956764252	3	872	0	
380	0	54	step_1_no_load	1	2	1	323	
380	0	54	step_2_no_load	3	4	0.491512498697	0.652515308527	4	418	1	
380	0	55	step_1_no_load	1	2	1	289	
380	0	55	step_2_no_load	3	4	0.487025527704	0.639840796975	4	439	1	
380	0	56	step_1_no_load	1	2	1	284	
380	0	56	step_2_no_load	3	4	0.459773408493	0.60038825769	4	378	0	
380	0	57	step_1_no_load	1	2	1	295	
380	0	57	step_2_no_load	3	4	0.466449077359	0.586335094239	4	438	1	
380	0	58	step_1_no_load	1	2	1	346	
380	0	58	step_2_no_load	3	4	0.478335218822	0.610896130115	4	377	1	
380	0	59	step_1_no_load	1	2	1	302	
380	0	59	step_2_no_load	5	6	0.537400760025	0.632500293208	6	317	0	
380	0	60	step_1_no_load	1	2	1	331	
380	0	60	step_2_no_load	3	4	0.491916707098	0.599559577859	3	931	1	
380	0	61	step_1_no_load	1	2	1	343	
380	0	61	step_2_no_load	3	4	0.464268875813	0.602879526975	3	541	1	
380	0	62	step_1_no_load	1	2	1	314	
380	0	62	step_2_no_load	3	4	0.50724109756	0.622820395113	3	553	1	
380	0	63	step_1_no_load	1	2	1	303	
380	0	63	step_2_no_load	3	4	0.53192660365	0.642623127313	3	405	1	
380	0	64	step_1_no_load	1	2	1	298	
380	0	64	step_2_no_load	5	6	0.533849886794	0.642369708469	5	992	1	
380	0	65	step_1_no_load	1	2	1	363	
380	0	65	step_2_no_load	3	4	0.569109504048	0.619953360065	3	594	0	
380	0	66	step_1_no_load	1	2	1	281	
380	0	66	step_2_no_load	5	6	0.555324764318	0.606938648072	5	806	1	
380	0	67	step_1_no_load	1	2	2	307	
380	0	67	step_2_no_load	5	6	0.538279387614	0.597650193897	5	417	1	
380	0	68	step_1_no_load	1	2	1	937	
380	0	68	step_2_no_load	5	6	0.523301545299	0.622963076372	5	568	0	
380	0	69	step_1_no_load	1	2	1	332	
380	0	69	step_2_no_load	3	4	0.499137600991	0.718756538957	4	411	1	
380	0	70	step_1_no_load	1	2	1	479	
380	0	70	step_2_no_load	3	4	0.498834901463	0.697741832068	4	407	1	
380	0	71	step_1_no_load	1	2	1	374	
380	0	71	step_2_no_load	3	4	0.482863323776	0.706816191949	4	452	1	
380	0	72	step_1_no_load	1	2	1	351	
380	0	72	step_2_no_load	3	4	0.47409116389	0.705884789502	4	446	0	
380	0	73	step_1_no_load	1	2	1	386	
380	0	73	step_2_no_load	5	6	0.50185699984	0.657126403029	6	385	0	
380	0	74	step_1_no_load	1	2	1	285	
380	0	74	step_2_no_load	3	4	0.453420386428	0.693624670847	4	412	1	
380	0	75	step_1_no_load	1	2	1	290	
380	0	75	step_2_no_load	5	6	0.483983914712	0.615552849174	6	393	1	
380	0	76	step_1_no_load	1	2	1	422	
380	0	76	step_2_no_load	3	4	0.488583631821	0.690117652944	4	589	0	
380	0	77	step_1_no_load	1	2	1	425	
380	0	77	step_2_no_load	5	6	0.538119616568	0.564257587118	5	623	1	
380	0	78	step_1_no_load	1	2	2	389	
380	0	78	step_2_no_load	5	6	0.538654072849	0.536711448352	5	356	0	
380	0	79	step_1_no_load	1	2	2	328	
380	0	79	step_2_no_load	5	6	0.540085062695	0.513695512795	5	463	0	
380	0	80	step_1_no_load	1	2	2	235	
380	0	80	step_2_no_load	5	6	0.49921021142	0.518583383166	6	362	0	
380	0	81	step_1_no_load	1	2	1	296	
380	0	81	step_2_no_load	3	4	0.419265522488	0.702400933084	3	631	0	
380	0	82	step_1_no_load	1	2	1	280	
380	0	82	step_2_no_load	3	4	0.395813831323	0.688340116885	4	879	0	
380	0	83	step_1_no_load	1	2	1	419	
380	0	83	step_2_no_load	3	4	0.382772464038	0.726885136842	4	346	1	
380	0	84	step_1_no_load	1	2	1	273	
380	0	84	step_2_no_load	3	4	0.385087938645	0.731466635793	4	353	1	
380	0	85	step_1_no_load	1	2	1	329	
380	0	85	step_2_no_load	5	6	0.485785534744	0.692384972752	5	1129	1	
380	0	86	step_1_no_load	1	2	1	335	
380	0	86	step_2_no_load	5	6	0.486462788728	0.691782850001	5	678	0	
380	0	87	step_1_no_load	1	2	1	322	
380	0	87	step_2_no_load	3	4	0.40000499778	0.690012761069	4	546	1	
380	0	88	step_1_no_load	1	2	1	333	
380	0	88	step_2_no_load	5	6	0.509563243675	0.717410082358	6	1252	0	
380	0	89	step_1_no_load	1	2	1	312	
380	0	89	step_2_no_load	5	6	0.490019385174	0.690772436485	6	495	1	
380	0	90	step_1_no_load	1	2	1	317	
380	0	90	step_2_no_load	3	4	0.411459496853	0.688736868033	4	444	1	
380	0	91	step_1_no_load	1	2	1	407	
380	0	91	step_2_no_load	5	6	0.479087223222	0.685023809334	6	605	1	
380	0	92	step_1_no_load	1	2	1	355	
380	0	92	step_2_no_load	3	4	0.444368850664	0.679381608313	4	753	1	
380	0	93	step_1_no_load	1	2	1	367	
380	0	93	step_2_no_load	5	6	0.473273727684	0.70415710998	6	719	1	
380	0	94	step_1_no_load	1	2	1	458	
380	0	94	step_2_no_load	3	4	0.429211756872	0.668295023896	4	465	1	
380	0	95	step_1_no_load	1	2	1	470	
380	0	95	step_2_no_load	5	6	0.42505578884	0.715495469274	6	631	1	
380	0	96	step_1_no_load	1	2	1	307	
380	0	96	step_2_no_load	3	4	0.383038640121	0.663095813561	4	787	1	
380	0	97	step_1_no_load	1	2	1	486	
380	0	97	step_2_no_load	3	4	0.392885664353	0.651202057411	4	661	0	
380	0	98	step_1_no_load	1	2	1	41	
380	0	98	step_2_no_load	3	4	0.409778171713	0.646040060297	3	495	1	
380	0	99	step_1_no_load	1	2	1	413	
380	0	99	step_2_no_load	3	4	0.397561363605	0.645191748454	3	459	0	
380	0	100	step_1_no_load	1	2	1	337	
380	0	100	step_2_no_load	3	4	0.4333505304	0.66579920021	3	328	1	
380	0	101	step_1_no_load	1	2	1	189	
380	0	101	step_2_no_load	5	6	0.366879421891	0.623812401974	5	332	1	
380	0	102	step_1_no_load	1	2	1	377	
380	0	102	step_2_no_load	5	6	0.326080462175	0.666304534392	5	346	0	
380	0	103	step_1_no_load	1	2	1	1	
380	0	103	step_2_no_load	3	4	0.481975449893	0.69058998368	3	566	0	
380	0	104	step_1_no_load	1	2	1	89	
380	0	104	step_2_no_load	3	4	0.521047445908	0.743372642809	3	463	1	
380	0	105	step_1_no_load	1	2	1	355	
380	0	105	step_2_no_load	3	4	0.514318365187	0.722851301692	3	454	1	
380	0	106	step_1_no_load	1	2	1	330	
380	0	106	step_2_no_load	5	6	0.374131494222	0.712883638252	6	922	0	
380	0	107	step_1_no_load	1	2	1	0	
380	0	107	step_2_no_load	3	4	0.565220528809	0.677514185929	3	403	0	
380	0	108	step_1_no_load	1	2	1	263	
380	0	108	step_2_no_load	5	6	0.388185708856	0.695928523711	5	999	1	
380	0	109	step_1_no_load	1	2	2	0	
380	0	109	step_2_no_load	5	6	0.372328831887	0.71632547018	5	482	1	
380	0	110	step_1_no_load	1	2	2	255	
380	0	110	step_2_no_load	5	6	0.395544455384	0.729599891941	5	382	0	
380	0	111	step_1_no_load	1	2	2	419	
380	0	111	step_2_no_load	5	6	0.407158158569	0.724852671171	5	362	0	
380	0	112	step_1_no_load	1	2	2	343	
380	0	112	step_2_no_load	3	4	0.392887565883	0.635252945963	4	366	0	
380	0	113	step_1_no_load	1	2	2	320	
380	0	113	step_2_no_load	5	6	0.387112818105	0.719324307956	6	1494	0	
380	0	114	step_1_no_load	1	2	1	260	
380	0	114	step_2_no_load	3	4	0.380324086676	0.657654904272	3	419	1	
380	0	115	step_1_no_load	1	2	1	294	
380	0	115	step_2_no_load	3	4	0.390027643099	0.645721217949	3	68	0	
380	0	116	step_1_no_load	1	2	1	6	
380	0	116	step_2_no_load	3	4	0.378149844807	0.680124293449	3	320	0	
380	0	117	step_1_no_load	1	2	1	314	
380	0	117	step_2_no_load	3	4	0.374621793791	0.671842537277	4	370	1	
380	0	118	step_1_no_load	1	2	1	281	
380	0	118	step_2_no_load	3	4	0.357645851833	0.690484235012	4	599	1	
380	0	119	step_1_no_load	1	2	1	470	
380	0	119	step_2_no_load	5	6	0.358243439099	0.690424535099	5	1148	0	
380	0	120	step_1_no_load	1	2	1	272	
380	0	120	step_2_no_load	5	6	0.333809617664	0.70587238626	6	1023	1	
380	0	121	step_1_no_load	1	2	1	30	
380	0	121	step_2_no_load	5	6	0.310775244958	0.658856304095	6	708	1	
380	0	122	step_1_no_load	1	2	1	273	
380	0	122	step_2_no_load	3	4	0.329624572119	0.672193618854	4	615	0	
380	0	123	step_1_no_load	1	2	2	340	
380	0	123	step_2_no_load	5	6	0.269780614928	0.583607229978	6	443	1	
380	0	124	step_1_no_load	1	2	2	286	
380	0	124	step_2_no_load	5	6	0.26095206597	0.603013298253	6	549	1	
380	0	125	step_1_no_load	1	2	2	363	
380	0	125	step_2_no_load	5	6	0.290374841566	0.559596800931	6	417	0	
380	0	126	step_1_no_load	1	2	2	26	
380	0	126	step_2_no_load	5	6	0.267206368684	0.537863824328	6	512	0	
380	0	127	step_1_no_load	1	2	2	60	
380	0	127	step_2_no_load	3	4	0.274944938508	0.646945556251	3	563	1	
380	0	128	step_1_no_load	1	2	1	191	
380	0	128	step_2_no_load	5	6	0.260252451606	0.636905534066	5	310	1	
380	0	129	step_1_no_load	1	2	1	323	
380	0	129	step_2_no_load	3	4	0.271709703542	0.632682846317	3	490	0	
380	0	130	step_1_no_load	1	2	1	503	
380	0	130	step_2_no_load	5	6	0.267460866951	0.682031489739	5	1038	0	
380	0	131	step_1_no_load	1	2	1	284	
380	0	131	step_2_no_load	5	6	0.281500842289	0.678044920845	6	988	1	
380	0	132	step_1_no_load	1	2	2	1	
380	0	132	step_2_no_load	5	6	0.27986961048	0.668578020634	6	441	1	
380	0	133	step_1_no_load	1	2	2	364	
380	0	133	step_2_no_load	5	6	0.315608831386	0.617383991623	6	1044	1	
380	0	134	step_1_no_load	1	2	2	384	
380	0	134	step_2_no_load	3	4	0.302839427162	0.685529359147	4	447	1	
380	0	135	step_1_no_load	1	2	2	37	
380	0	135	step_2_no_load	5	6	0.300079459047	0.593710006149	6	540	1	
380	0	136	step_1_no_load	1	2	2	267	
380	0	136	step_2_no_load	3	4	0.284521085726	0.674914008636	4	554	1	
380	0	137	step_1_no_load	1	2	2	313	
380	0	137	step_2_no_load	5	6	0.346433498467	0.605896884497	6	352	1	
380	0	138	step_1_no_load	1	2	2	0	
380	0	138	step_2_no_load	5	6	0.366701525561	0.63240964674	6	339	1	
380	0	139	step_1_no_load	1	2	2	232	
380	0	139	step_2_no_load	5	6	0.325611400511	0.636630981281	6	278	1	
380	0	140	step_1_no_load	1	2	2	267	
380	0	140	step_2_no_load	5	6	0.348740542008	0.671213945178	6	441	0	
380	0	141	step_1_no_load	1	2	2	319	
380	0	141	step_2_no_load	5	6	0.390227133375	0.711987889705	6	477	1	
380	0	142	step_1_no_load	1	2	2	338	
380	0	142	step_2_no_load	5	6	0.397052682821	0.690276058009	6	504	1	
380	0	143	step_1_no_load	1	2	2	332	
380	0	143	step_2_no_load	5	6	0.410970957547	0.661365099615	6	315	1	
380	0	144	step_1_no_load	1	2	2	476	
380	0	144	step_2_no_load	5	6	0.389234194056	0.626443722248	6	419	0	
380	0	145	step_1_no_load	1	2	2	137	
380	0	145	step_2_no_load	5	6	0.355256413269	0.6669125229	6	319	0	
380	0	146	step_1_no_load	1	2	2	147	
380	0	146	step_2_no_load	5	6	0.320877500969	0.681611991725	5	306	1	
380	0	147	step_1_no_load	1	2	2	551	
380	0	147	step_2_no_load	3	4	0.265578160642	0.594861186319	3	1182	0	
380	0	148	step_1_no_load	1	2	2	259	
380	0	148	step_2_no_load	3	4	0.305288021243	0.648050021239	4	1170	1	
380	0	149	step_1_no_load	1	2	2	246	
380	0	149	step_2_no_load	5	6	0.300290206122	0.601870110183	5	445	1	
380	0	150	step_1_no_load	1	2	2	57	
380	0	150	step_2_no_load	5	6	0.306860041627	0.575985663078	5	408	1	
380	0	151	step_1_no_load	1	2	2	334	
380	0	151	step_2_no_load	5	6	0.310557101463	0.59154759351	5	372	1	
380	0	152	step_1_no_load	1	2	2	280	
380	0	152	step_2_no_load	5	6	0.323194010514	0.595108765344	5	279	0	
380	0	153	step_1_no_load	1	2	2	410	
380	0	153	step_2_no_load	3	4	0.309356532263	0.681559292085	3	386	0	
380	0	154	step_1_no_load	1	2	1	260	
380	0	154	step_2_no_load	5	6	0.348349389262	0.638934099562	5	807	1	
380	0	155	step_1_no_load	1	2	2	325	
380	0	155	step_2_no_load	5	6	0.372188990474	0.632486591889	5	739	0	
380	0	156	step_1_no_load	1	2	2	338	
380	0	156	step_2_no_load	5	6	0.368378667812	0.631048201903	5	575	0	
380	0	157	step_1_no_load	1	2	1	275	
380	0	157	step_2_no_load	3	4	0.350909357271	0.720725456325	3	587	1	
380	0	158	step_1_no_load	1	2	1	472	
380	0	158	step_2_no_load	3	4	0.408728803896	0.694270715354	3	413	0	
380	0	159	step_1_no_load	1	2	1	209	
380	0	159	step_2_no_load	3	4	0.413026375257	0.697903160072	3	265	0	
380	0	160	step_1_no_load	1	2	1	491	
380	0	160	step_2_no_load	3	4	0.415052912783	0.710728171711	4	539	1	
380	0	161	step_1_no_load	1	2	1	288	
380	0	161	step_2_no_load	5	6	0.438878285506	0.516036498158	6	647	1	
380	0	162	step_1_no_load	1	2	1	1	
380	0	162	step_2_no_load	5	6	0.455329532209	0.566496468084	6	961	1	
380	0	163	step_1_no_load	1	2	1	318	
380	0	163	step_2_no_load	3	4	0.395221309311	0.697095951435	4	893	1	
380	0	164	step_1_no_load	1	2	1	675	
380	0	164	step_2_no_load	5	6	0.430844125626	0.585961845322	6	394	1	
380	0	165	step_1_no_load	1	2	1	437	
380	0	165	step_2_no_load	5	6	0.347974240867	0.538026607649	6	396	0	
380	0	166	step_1_no_load	1	2	1	423	
380	0	166	step_2_no_load	3	4	0.422282731054	0.686594248975	4	1150	1	
380	0	167	step_1_no_load	1	2	1	81	
380	0	167	step_2_no_load	3	4	0.38753671275	0.706271792549	4	448	0	
380	0	168	step_1_no_load	1	2	1	229	
380	0	168	step_2_no_load	3	4	0.400817642375	0.67192508984	4	357	1	
380	0	169	step_1_no_load	1	2	1	314	
380	0	169	step_2_no_load	3	4	0.42098542374	0.704981910944	4	257	0	
380	0	170	step_1_no_load	1	2	1	0	
380	0	170	step_2_no_load	3	4	0.411067820436	0.67334314737	4	292	1	
380	0	171	step_1_no_load	1	2	1	369	
380	0	171	step_2_no_load	3	4	0.386979310814	0.727248140829	4	336	1	
380	0	172	step_1_no_load	1	2	1	500	
380	0	172	step_2_no_load	5	6	0.490120307546	0.519090471457	6	324	1	
380	0	173	step_1_no_load	1	2	1	306	
380	0	173	step_2_no_load	3	4	0.385349297983	0.667027212577	4	545	0	
380	0	174	step_1_no_load	1	2	2	356	
380	0	174	step_2_no_load	5	6	0.46236234172	0.472729524832	6	387	0	
380	0	175	step_1_no_load	1	2	2	416	
380	0	175	step_2_no_load	5	6	0.484825491933	0.52644949356	5	495	0	
380	0	176	step_1_no_load	1	2	1	147	
380	0	176	step_2_no_load	3	4	0.383231572002	0.679250000396	4	362	0	
380	0	177	step_1_no_load	1	2	1	341	
380	0	177	step_2_no_load	3	4	0.357425668099	0.714070205704	3	435	1	
380	0	178	step_1_no_load	1	2	1	223	
380	0	178	step_2_no_load	5	6	0.49020858644	0.493712351915	5	302	0	
380	0	179	step_1_no_load	1	2	1	362	
380	0	179	step_2_no_load	3	4	0.324685418097	0.709345707515	3	368	0	
380	0	180	step_1_no_load	1	2	1	216	
380	0	180	step_2_no_load	3	4	0.341214611607	0.719795072986	3	223	1	
380	0	181	step_1_no_load	1	2	1	69	
380	0	181	step_2_no_load	3	4	0.342402764747	0.746910336326	3	476	0	
380	0	182	step_1_no_load	1	2	1	296	
380	0	182	step_2_no_load	3	4	0.340533666308	0.72717560423	3	375	0	
380	0	183	step_1_no_load	1	2	1	4	
380	0	183	step_2_no_load	3	4	0.350175837802	0.720388040749	4	469	1	
380	0	184	step_1_no_load	1	2	1	0	
380	0	184	step_2_no_load	3	4	0.362743255194	0.657291439324	4	319	0	
380	0	185	step_1_no_load	1	2	1	364	
380	0	185	step_2_no_load	3	4	0.362611152222	0.665622647081	4	379	1	
380	0	186	step_1_no_load	1	2	1	280	
380	0	186	step_2_no_load	3	4	0.332733011923	0.656308636836	4	328	1	
380	0	187	step_1_no_load	1	2	1	468	
380	0	187	step_2_no_load	3	4	0.328890769988	0.678211978625	4	516	1	
380	0	188	step_1_no_load	1	2	1	384	
380	0	188	step_2_no_load	3	4	0.291508050861	0.696362660087	4	352	0	
380	0	189	step_1_no_load	1	2	1	341	
380	0	189	step_2_no_load	5	6	0.534753756004	0.448897869069	6	364	0	
380	0	190	step_1_no_load	1	2	1	382	
380	0	190	step_2_no_load	5	6	0.505820429042	0.433568856946	6	364	0	
380	0	191	step_1_no_load	1	2	1	306	
380	0	191	step_2_no_load	5	6	0.512103523931	0.435748387321	5	809	0	
380	0	192	step_1_no_load	1	2	1	287	
380	0	192	step_2_no_load	3	4	0.299297135717	0.705517419189	4	846	1	
380	0	193	step_1_no_load	1	2	1	346	
380	0	193	step_2_no_load	5	6	0.504944704439	0.440813209638	6	480	1	
380	0	194	step_1_no_load	1	2	1	61	
380	0	194	step_2_no_load	3	4	0.342437174514	0.655261361454	4	532	0	
380	0	195	step_1_no_load	1	2	1	527	
380	0	195	step_2_no_load	3	4	0.348571348505	0.646280688878	4	551	1	
380	0	196	step_1_no_load	1	2	1	427	
380	0	196	step_2_no_load	5	6	0.496717662777	0.421761207498	6	450	0	
380	0	197	step_1_no_load	1	2	1	279	
380	0	197	step_2_no_load	5	6	0.47786945426	0.422511153127	6	805	0	
380	0	198	step_1_no_load	1	2	1	122	
380	0	198	step_2_no_load	3	4	0.303352625941	0.68660989813	4	594	1	
380	0	199	step_1_no_load	1	2	1	310	
380	0	199	step_2_no_load	3	4	0.292861528884	0.73697129762	4	558	0	
380	0	200	step_1_no_load	1	2	1	322	
380	0	200	step_2_no_load	3	4	0.299128796668	0.728996708473	4	489	0	

Fri Dec 10 15:13:13 2021
