Wed Dec 15 15:11:01 2021	
381	0	1	step_1_no_load	1	2	2	612	
381	0	1	step_2_no_load	5	6	0.457620150462	0.511789129507	6	729	1	
381	0	2	step_1_no_load	1	2	2	552	
381	0	2	step_2_no_load	5	6	0.474613197709	0.533203491871	6	633	0	
381	0	3	step_1_no_load	1	2	2	582	
381	0	3	step_2_no_load	3	4	0.584197065669	0.589215227351	3	1220	0	
381	0	4	step_1_no_load	1	2	1	1497	
381	0	4	step_2_no_load	3	4	0.597491569846	0.564086293706	3	879	1	
381	0	5	step_1_no_load	1	2	1	516	
381	0	5	step_2_no_load	3	4	0.623810210114	0.576104915614	3	555	1	
381	0	6	step_1_no_load	1	2	1	837	
381	0	6	step_2_no_load	3	4	0.585722686883	0.603642866427	3	547	1	
381	0	7	step_1_no_load	1	2	1	473	
381	0	7	step_2_no_load	3	4	0.568656746487	0.622642364361	3	455	0	
381	0	8	step_1_no_load	1	2	2	395	
381	0	8	step_2_no_load	5	6	0.489816616396	0.499203529332	5	977	1	
381	0	9	step_1_no_load	1	2	2	430	
381	0	9	step_2_no_load	5	6	0.496546708465	0.54429228266	5	460	0	
381	0	10	step_1_no_load	1	2	2	551	
381	0	10	step_2_no_load	3	4	0.652626043146	0.636063269715	3	1229	1	
381	0	11	step_1_no_load	1	2	2	535	
381	0	11	step_2_no_load	3	4	0.69163818036	0.609191465743	3	493	0	
381	0	12	step_1_no_load	1	2	1	257	
381	0	12	step_2_no_load	3	4	0.682786328054	0.552770607849	4	479	0	
381	0	13	step_1_no_load	1	2	1	341	
381	0	13	step_2_no_load	5	6	0.52012981853	0.595790490356	6	1388	1	
381	0	14	step_1_no_load	1	2	1	480	
381	0	14	step_2_no_load	3	4	0.629137942344	0.545555696267	3	920	1	
381	0	15	step_1_no_load	1	2	1	858	
381	0	15	step_2_no_load	3	4	0.612260006668	0.570419113221	3	969	1	
381	0	16	step_1_no_load	1	2	1	396	
381	0	16	step_2_no_load	5	6	0.510958036527	0.626326396372	6	914	0	
381	0	17	step_1_no_load	1	2	1	431	
381	0	17	step_2_no_load	3	4	0.633350170016	0.562895132605	3	1157	1	
381	0	18	step_1_no_load	1	2	2	403	
381	0	18	step_2_no_load	5	6	0.517514133912	0.626895526976	6	505	0	
381	0	19	step_1_no_load	1	2	1	359	
381	0	19	step_2_no_load	3	4	0.619895761657	0.536502319591	3	469	1	
381	0	20	step_1_no_load	1	2	1	455	
381	0	20	step_2_no_load	3	4	0.636521555122	0.491720931314	3	614	1	
381	0	21	step_1_no_load	1	2	1	449	
381	0	21	step_2_no_load	3	4	0.630305464549	0.470207377245	3	1320	1	
381	0	22	step_1_no_load	1	2	1	386	
381	0	22	step_2_no_load	3	4	0.621949894727	0.468700882609	3	680	0	
381	0	23	step_1_no_load	1	2	2	554	
381	0	23	step_2_no_load	3	4	0.640163623731	0.513759772011	4	1224	1	
381	0	24	step_1_no_load	1	2	2	327	
381	0	24	step_2_no_load	5	6	0.505388876622	0.5800912085	5	974	1	
381	0	25	step_1_no_load	1	2	2	347	
381	0	25	step_2_no_load	5	6	0.503316372362	0.629917901014	5	778	1	
381	0	26	step_1_no_load	1	2	2	438	
381	0	26	step_2_no_load	5	6	0.511744353778	0.640635035276	5	645	0	
381	0	27	step_1_no_load	1	2	1	441	
381	0	27	step_2_no_load	3	4	0.57860777711	0.54756089792	3	599	0	
381	0	28	step_1_no_load	1	2	1	362	
381	0	28	step_2_no_load	3	4	0.588356036098	0.553259388875	4	433	0	
381	0	29	step_1_no_load	1	2	2	356	
381	0	29	step_2_no_load	5	6	0.521159009103	0.618626354124	6	443	0	
381	0	30	step_1_no_load	1	2	2	390	
381	0	30	step_2_no_load	5	6	0.4919199548	0.610227092493	5	509	0	
381	0	31	step_1_no_load	1	2	1	394	
381	0	31	step_2_no_load	3	4	0.636602545794	0.541819886458	3	434	1	
381	0	32	step_1_no_load	1	2	1	438	
381	0	32	step_2_no_load	3	4	0.634585171267	0.522993086096	3	542	0	
381	0	33	step_1_no_load	1	2	1	457	
381	0	33	step_2_no_load	3	4	0.611700032906	0.542309898544	4	416	1	
381	0	34	step_1_no_load	1	2	1	485	
381	0	34	step_2_no_load	3	4	0.575802910074	0.538523758058	4	564	0	
381	0	35	step_1_no_load	1	2	2	904	
381	0	35	step_2_no_load	5	6	0.491437207585	0.649776015006	6	455	1	
381	0	36	step_1_no_load	1	2	2	443	
381	0	36	step_2_no_load	5	6	0.513210053121	0.661229326326	6	554	1	
381	0	37	step_1_no_load	1	2	2	335	
381	0	37	step_2_no_load	5	6	0.543074626387	0.660658056664	6	469	1	
381	0	38	step_1_no_load	1	2	2	387	
381	0	38	step_2_no_load	5	6	0.553931241266	0.651263699161	6	706	0	
381	0	39	step_1_no_load	1	2	2	544	
381	0	39	step_2_no_load	3	4	0.557005857101	0.610601635554	4	439	1	
381	0	40	step_1_no_load	1	2	2	314	
381	0	40	step_2_no_load	3	4	0.580760785074	0.607992802154	4	545	0	
381	0	41	step_1_no_load	1	2	1	277	
381	0	41	step_2_no_load	3	4	0.524862294848	0.588857868869	3	475	0	
381	0	42	step_1_no_load	1	2	2	207	
381	0	42	step_2_no_load	5	6	0.553461946234	0.606696263624	6	382	1	
381	0	43	step_1_no_load	1	2	2	273	
381	0	43	step_2_no_load	3	4	0.553703096215	0.612705031264	4	416	1	
381	0	44	step_1_no_load	1	2	2	314	
381	0	44	step_2_no_load	5	6	0.537842745081	0.589653131867	6	482	1	
381	0	45	step_1_no_load	1	2	2	270	
381	0	45	step_2_no_load	5	6	0.5288039409	0.620699591043	6	421	0	
381	0	46	step_1_no_load	1	2	2	489	
381	0	46	step_2_no_load	5	6	0.532238720495	0.654261318712	6	417	1	
381	0	47	step_1_no_load	1	2	2	333	
381	0	47	step_2_no_load	5	6	0.493112702321	0.634373567175	6	475	1	
381	0	48	step_1_no_load	1	2	2	306	
381	0	48	step_2_no_load	5	6	0.488280685105	0.657624935632	6	449	1	
381	0	49	step_1_no_load	1	2	2	285	
381	0	49	step_2_no_load	5	6	0.489287375157	0.614679490594	6	459	1	
381	0	50	step_1_no_load	1	2	2	312	
381	0	50	step_2_no_load	5	6	0.47381367271	0.593458480934	6	505	0	
381	0	51	step_1_no_load	1	2	2	275	
381	0	51	step_2_no_load	3	4	0.508197321577	0.564866799699	4	444	1	
381	0	52	step_1_no_load	1	2	2	456	
381	0	52	step_2_no_load	3	4	0.513589895419	0.539065404057	4	543	1	
381	0	53	step_1_no_load	1	2	2	346	
381	0	53	step_2_no_load	5	6	0.451905460347	0.630956764252	6	506	0	
381	0	54	step_1_no_load	1	2	2	262	
381	0	54	step_2_no_load	3	4	0.493362545513	0.570223904064	4	355	1	
381	0	55	step_1_no_load	1	2	2	306	
381	0	55	step_2_no_load	5	6	0.487025527704	0.639840796975	6	408	1	
381	0	56	step_1_no_load	1	2	2	301	
381	0	56	step_2_no_load	5	6	0.459773408493	0.60038825769	6	469	1	
381	0	57	step_1_no_load	1	2	2	335	
381	0	57	step_2_no_load	5	6	0.466449077359	0.586335094239	6	591	0	
381	0	58	step_1_no_load	1	2	2	330	
381	0	58	step_2_no_load	5	6	0.478335218822	0.610896130115	6	536	1	
381	0	59	step_1_no_load	1	2	2	277	
381	0	59	step_2_no_load	5	6	0.480274332693	0.608951267756	6	452	1	
381	0	60	step_1_no_load	1	2	2	320	
381	0	60	step_2_no_load	5	6	0.491916707098	0.599559577859	6	319	0	
381	0	61	step_1_no_load	1	2	2	598	
381	0	61	step_2_no_load	3	4	0.527144452559	0.669587072502	4	516	1	
381	0	62	step_1_no_load	1	2	2	302	
381	0	62	step_2_no_load	5	6	0.50724109756	0.622820395113	6	404	0	
381	0	63	step_1_no_load	1	2	2	305	
381	0	63	step_2_no_load	3	4	0.519445130796	0.664284493458	4	264	0	
381	0	64	step_1_no_load	1	2	1	798	
381	0	64	step_2_no_load	3	4	0.533849886794	0.642369708469	3	438	1	
381	0	65	step_1_no_load	1	2	1	435	
381	0	65	step_2_no_load	5	6	0.569109504048	0.619953360065	5	420	1	
381	0	66	step_1_no_load	1	2	1	272	
381	0	66	step_2_no_load	3	4	0.555324764318	0.606938648072	3	438	1	
381	0	67	step_1_no_load	1	2	1	372	
381	0	67	step_2_no_load	3	4	0.538279387614	0.597650193897	3	610	0	
381	0	68	step_1_no_load	1	2	1	872	
381	0	68	step_2_no_load	3	4	0.523301545299	0.622963076372	3	616	0	
381	0	69	step_1_no_load	1	2	1	387	
381	0	69	step_2_no_load	3	4	0.560462111264	0.622221685203	4	362	1	
381	0	70	step_1_no_load	1	2	1	476	
381	0	70	step_2_no_load	3	4	0.548075770764	0.637556284465	4	484	1	
381	0	71	step_1_no_load	1	2	1	729	
381	0	71	step_2_no_load	5	6	0.482863323776	0.706816191949	6	937	1	
381	0	72	step_1_no_load	1	2	1	454	
381	0	72	step_2_no_load	5	6	0.47409116389	0.705884789502	6	597	1	
381	0	73	step_1_no_load	1	2	1	450	
381	0	73	step_2_no_load	3	4	0.50185699984	0.657126403029	4	482	0	
381	0	74	step_1_no_load	1	2	1	406	
381	0	74	step_2_no_load	3	4	0.491044983779	0.614462146454	4	365	1	
381	0	75	step_1_no_load	1	2	1	338	
381	0	75	step_2_no_load	5	6	0.44832280175	0.697629587097	6	897	1	
381	0	76	step_1_no_load	1	2	1	325	
381	0	76	step_2_no_load	3	4	0.518881389358	0.62770291155	4	846	1	
381	0	77	step_1_no_load	1	2	1	435	
381	0	77	step_2_no_load	5	6	0.446809557226	0.679737625371	6	739	1	
381	0	78	step_1_no_load	1	2	1	376	
381	0	78	step_2_no_load	3	4	0.538654072849	0.536711448352	4	743	0	
381	0	79	step_1_no_load	1	2	1	283	
381	0	79	step_2_no_load	5	6	0.389124152368	0.647841624544	6	401	1	
381	0	80	step_1_no_load	1	2	1	490	
381	0	80	step_2_no_load	5	6	0.396016175285	0.703969305517	6	412	1	
381	0	81	step_1_no_load	1	2	1	335	
381	0	81	step_2_no_load	3	4	0.494116554432	0.529745690463	4	462	1	
381	0	82	step_1_no_load	1	2	1	340	
381	0	82	step_2_no_load	3	4	0.482727017837	0.564729328387	4	596	1	
381	0	83	step_1_no_load	1	2	1	366	
381	0	83	step_2_no_load	5	6	0.382772464038	0.726885136842	6	533	0	
381	0	84	step_1_no_load	1	2	1	296	
381	0	84	step_2_no_load	3	4	0.505586222209	0.65843840156	4	295	1	
381	0	85	step_1_no_load	1	2	1	533	
381	0	85	step_2_no_load	3	4	0.485785534744	0.692384972752	4	708	0	
381	0	86	step_1_no_load	1	2	2	609	
381	0	86	step_2_no_load	5	6	0.345323068124	0.721207648497	6	619	1	
381	0	87	step_1_no_load	1	2	2	349	
381	0	87	step_2_no_load	3	4	0.493867001103	0.719375344246	4	484	0	
381	0	88	step_1_no_load	1	2	2	263	
381	0	88	step_2_no_load	5	6	0.377947492322	0.696773608304	5	351	1	
381	0	89	step_1_no_load	1	2	2	411	
381	0	89	step_2_no_load	5	6	0.415882489686	0.660112261017	5	491	0	
381	0	90	step_1_no_load	1	2	1	279	
381	0	90	step_2_no_load	3	4	0.530126112124	0.712247848046	4	494	0	
381	0	91	step_1_no_load	1	2	1	274	
381	0	91	step_2_no_load	3	4	0.479087223222	0.685023809334	3	378	0	
381	0	92	step_1_no_load	1	2	2	453	
381	0	92	step_2_no_load	3	4	0.484260039873	0.692406274724	4	300	1	
381	0	93	step_1_no_load	1	2	2	384	
381	0	93	step_2_no_load	5	6	0.439878153082	0.662863370634	6	486	1	
381	0	94	step_1_no_load	1	2	2	313	
381	0	94	step_2_no_load	5	6	0.429211756872	0.668295023896	6	439	1	
381	0	95	step_1_no_load	1	2	2	326	
381	0	95	step_2_no_load	3	4	0.42505578884	0.715495469274	4	500	1	
381	0	96	step_1_no_load	1	2	2	411	
381	0	96	step_2_no_load	3	4	0.437558890646	0.693739812506	4	1297	1	
381	0	97	step_1_no_load	1	2	2	542	
381	0	97	step_2_no_load	3	4	0.455601814112	0.681272614291	4	357	0	
381	0	98	step_1_no_load	1	2	2	474	
381	0	98	step_2_no_load	5	6	0.409778171713	0.646040060297	6	320	0	
381	0	99	step_1_no_load	1	2	2	701	
381	0	99	step_2_no_load	5	6	0.397561363605	0.645191748454	5	387	0	
381	0	100	step_1_no_load	1	2	1	312	
381	0	100	step_2_no_load	5	6	0.4333505304	0.66579920021	5	415	0	
381	0	101	step_1_no_load	1	2	1	284	
381	0	101	step_2_no_load	3	4	0.366879421891	0.623812401974	4	459	1	
381	0	102	step_1_no_load	1	2	1	384	
381	0	102	step_2_no_load	3	4	0.326080462175	0.666304534392	4	383	1	
381	0	103	step_1_no_load	1	2	1	403	
381	0	103	step_2_no_load	3	4	0.322834495838	0.663997796029	4	506	0	
381	0	104	step_1_no_load	1	2	1	312	
381	0	104	step_2_no_load	5	6	0.521047445908	0.743372642809	6	390	1	
381	0	105	step_1_no_load	1	2	1	426	
381	0	105	step_2_no_load	3	4	0.352639603242	0.689135357059	4	441	0	
381	0	106	step_1_no_load	1	2	1	79	
381	0	106	step_2_no_load	3	4	0.374131494222	0.712883638252	4	302	1	
381	0	107	step_1_no_load	1	2	1	422	
381	0	107	step_2_no_load	3	4	0.388257337796	0.692607431435	4	445	1	
381	0	108	step_1_no_load	1	2	1	424	
381	0	108	step_2_no_load	3	4	0.388185708856	0.695928523711	4	409	1	
381	0	109	step_1_no_load	1	2	1	396	
381	0	109	step_2_no_load	5	6	0.479977531501	0.68658494263	6	484	1	
381	0	110	step_1_no_load	1	2	1	305	
381	0	110	step_2_no_load	3	4	0.395544455384	0.729599891941	4	551	1	
381	0	111	step_1_no_load	1	2	1	493	
381	0	111	step_2_no_load	3	4	0.407158158569	0.724852671171	4	387	1	
381	0	112	step_1_no_load	1	2	1	399	
381	0	112	step_2_no_load	5	6	0.392887565883	0.635252945963	6	391	1	
381	0	113	step_1_no_load	1	2	1	299	
381	0	113	step_2_no_load	3	4	0.387112818105	0.719324307956	4	458	0	
381	0	114	step_1_no_load	1	2	1	264	
381	0	114	step_2_no_load	3	4	0.384736699284	0.718213323791	4	450	1	
381	0	115	step_1_no_load	1	2	1	342	
381	0	115	step_2_no_load	5	6	0.390027643099	0.645721217949	6	470	1	
381	0	116	step_1_no_load	1	2	1	356	
381	0	116	step_2_no_load	5	6	0.378149844807	0.680124293449	6	506	1	
381	0	117	step_1_no_load	1	2	1	284	
381	0	117	step_2_no_load	5	6	0.374621793791	0.671842537277	6	404	1	
381	0	118	step_1_no_load	1	2	1	278	
381	0	118	step_2_no_load	3	4	0.362977115924	0.740051715856	4	558	1	
381	0	119	step_1_no_load	1	2	1	443	
381	0	119	step_2_no_load	3	4	0.358243439099	0.690424535099	4	593	0	
381	0	120	step_1_no_load	1	2	1	269	
381	0	120	step_2_no_load	3	4	0.333809617664	0.70587238626	4	468	1	
381	0	121	step_1_no_load	1	2	1	377	
381	0	121	step_2_no_load	3	4	0.310775244958	0.658856304095	4	584	0	
381	0	122	step_1_no_load	1	2	2	1437	
381	0	122	step_2_no_load	3	4	0.266650857402	0.6136886145	4	666	0	
381	0	123	step_1_no_load	1	2	1	310	
381	0	123	step_2_no_load	5	6	0.337526896345	0.664849878232	6	636	0	
381	0	124	step_1_no_load	1	2	1	386	
381	0	124	step_2_no_load	5	6	0.309430836661	0.624161788269	5	760	0	
381	0	125	step_1_no_load	1	2	2	405	
381	0	125	step_2_no_load	3	4	0.290374841566	0.559596800931	3	460	1	
381	0	126	step_1_no_load	1	2	2	434	
381	0	126	step_2_no_load	5	6	0.300846667696	0.600985760967	5	664	0	
381	0	127	step_1_no_load	1	2	2	830	
381	0	127	step_2_no_load	5	6	0.274944938508	0.646945556251	6	597	0	
381	0	128	step_1_no_load	1	2	1	345	
381	0	128	step_2_no_load	5	6	0.250790232267	0.620672334996	6	544	1	
381	0	129	step_1_no_load	1	2	1	358	
381	0	129	step_2_no_load	3	4	0.268213321963	0.685297910719	4	475	0	
381	0	130	step_1_no_load	1	2	1	375	
381	0	130	step_2_no_load	3	4	0.267460866951	0.682031489739	4	414	1	
381	0	131	step_1_no_load	1	2	1	358	
381	0	131	step_2_no_load	3	4	0.281500842289	0.678044920845	4	422	0	
381	0	132	step_1_no_load	1	2	1	1290	
381	0	132	step_2_no_load	3	4	0.27986961048	0.668578020634	4	729	1	
381	0	133	step_1_no_load	1	2	1	405	
381	0	133	step_2_no_load	5	6	0.312642735495	0.691649444281	6	468	1	
381	0	134	step_1_no_load	1	2	1	289	
381	0	134	step_2_no_load	3	4	0.287393715313	0.621945110858	4	391	0	
381	0	135	step_1_no_load	1	2	2	491	
381	0	135	step_2_no_load	5	6	0.287118934166	0.700779221781	6	402	1	
381	0	136	step_1_no_load	1	2	2	390	
381	0	136	step_2_no_load	3	4	0.307766925452	0.597814413435	4	454	1	
381	0	137	step_1_no_load	1	2	2	440	
381	0	137	step_2_no_load	5	6	0.325016613024	0.668540846495	6	446	1	
381	0	138	step_1_no_load	1	2	2	266	
381	0	138	step_2_no_load	5	6	0.307694123906	0.688182193337	6	337	0	
381	0	139	step_1_no_load	1	2	2	774	
381	0	139	step_2_no_load	5	6	0.323660750961	0.696355985729	6	404	1	
381	0	140	step_1_no_load	1	2	2	626	
381	0	140	step_2_no_load	5	6	0.328174526491	0.637682840728	6	841	1	
381	0	141	step_1_no_load	1	2	2	263	
381	0	141	step_2_no_load	5	6	0.311809871418	0.616803346728	6	423	0	
381	0	142	step_1_no_load	1	2	2	731	
381	0	142	step_2_no_load	3	4	0.397052682821	0.690276058009	4	305	1	
381	0	143	step_1_no_load	1	2	2	414	
381	0	143	step_2_no_load	3	4	0.410970957547	0.661365099615	4	364	1	
381	0	144	step_1_no_load	1	2	2	482	
381	0	144	step_2_no_load	5	6	0.275932517017	0.639347300184	6	396	1	
381	0	145	step_1_no_load	1	2	2	554	
381	0	145	step_2_no_load	5	6	0.266265924094	0.606515632748	6	409	1	
381	0	146	step_1_no_load	1	2	2	261	
381	0	146	step_2_no_load	5	6	0.257861956214	0.593778463268	6	396	1	
381	0	147	step_1_no_load	1	2	2	128	
381	0	147	step_2_no_load	3	4	0.352879785946	0.647798886916	4	311	1	
381	0	148	step_1_no_load	1	2	2	419	
381	0	148	step_2_no_load	5	6	0.305288021243	0.648050021239	6	291	1	
381	0	149	step_1_no_load	1	2	2	435	
381	0	149	step_2_no_load	5	6	0.269951834184	0.623203869836	6	354	0	
381	0	150	step_1_no_load	1	2	2	468	
381	0	150	step_2_no_load	3	4	0.306860041627	0.575985663078	4	339	0	
381	0	151	step_1_no_load	1	2	2	495	
381	0	151	step_2_no_load	5	6	0.348172164421	0.614159737668	6	319	1	
381	0	152	step_1_no_load	1	2	2	370	
381	0	152	step_2_no_load	3	4	0.323194010514	0.595108765344	4	353	0	
381	0	153	step_1_no_load	1	2	1	317	
381	0	153	step_2_no_load	3	4	0.343622632154	0.613336203392	3	300	0	
381	0	154	step_1_no_load	1	2	1	433	
381	0	154	step_2_no_load	5	6	0.316375537537	0.671672162443	6	392	0	
381	0	155	step_1_no_load	1	2	2	260	
381	0	155	step_2_no_load	5	6	0.296093457977	0.716100930629	5	436	0	
381	0	156	step_1_no_load	1	2	2	312	
381	0	156	step_2_no_load	5	6	0.32564867104	0.734436160799	6	351	0	
381	0	157	step_1_no_load	1	2	2	335	
381	0	157	step_2_no_load	5	6	0.350909357271	0.720725456325	6	222	1	
381	0	158	step_1_no_load	1	2	2	329	
381	0	158	step_2_no_load	3	4	0.334595868098	0.532722108502	4	976	0	
381	0	159	step_1_no_load	1	2	-1	-1	
381	0	160	step_1_no_load	1	2	2	357	
381	0	160	step_2_no_load	5	6	0.415052912783	0.710728171711	6	389	1	
381	0	161	step_1_no_load	1	2	2	221	
381	0	161	step_2_no_load	3	4	0.438878285506	0.516036498158	4	419	1	
381	0	162	step_1_no_load	1	2	2	424	
381	0	162	step_2_no_load	5	6	0.3926701003	0.695144769903	6	534	0	
381	0	163	step_1_no_load	1	2	2	364	
381	0	163	step_2_no_load	5	6	0.395221309311	0.697095951435	6	365	1	
381	0	164	step_1_no_load	1	2	2	299	
381	0	164	step_2_no_load	5	6	0.432761720497	0.692137394606	6	370	1	
381	0	165	step_1_no_load	1	2	2	351	
381	0	165	step_2_no_load	3	4	0.347974240867	0.538026607649	4	326	1	
381	0	166	step_1_no_load	1	2	2	269	
381	0	166	step_2_no_load	5	6	0.422282731054	0.686594248975	6	348	1	
381	0	167	step_1_no_load	1	2	2	233	
381	0	167	step_2_no_load	5	6	0.38753671275	0.706271792549	6	271	1	
381	0	168	step_1_no_load	1	2	2	279	
381	0	168	step_2_no_load	5	6	0.400817642375	0.67192508984	6	488	1	
381	0	169	step_1_no_load	1	2	2	245	
381	0	169	step_2_no_load	3	4	0.365156560071	0.586049140041	4	267	1	
381	0	170	step_1_no_load	1	2	2	262	
381	0	170	step_2_no_load	5	6	0.411067820436	0.67334314737	6	357	1	
381	0	171	step_1_no_load	1	2	2	267	
381	0	171	step_2_no_load	5	6	0.386979310814	0.727248140829	6	441	1	
381	0	172	step_1_no_load	1	2	2	560	
381	0	172	step_2_no_load	3	4	0.490120307546	0.519090471457	4	511	0	
381	0	173	step_1_no_load	1	2	2	628	
381	0	173	step_2_no_load	3	4	0.462866379815	0.484428109849	4	371	0	
381	0	174	step_1_no_load	1	2	1	424	
381	0	174	step_2_no_load	3	4	0.46236234172	0.472729524832	3	326	0	
381	0	175	step_1_no_load	1	2	2	945	
381	0	175	step_2_no_load	5	6	0.426185553904	0.693968268443	6	440	1	
381	0	176	step_1_no_load	1	2	2	389	
381	0	176	step_2_no_load	5	6	0.383231572002	0.679250000396	6	316	1	
381	0	177	step_1_no_load	1	2	2	297	
381	0	177	step_2_no_load	5	6	0.357425668099	0.714070205704	6	408	1	
381	0	178	step_1_no_load	1	2	2	268	
381	0	178	step_2_no_load	3	4	0.49020858644	0.493712351915	4	339	0	
381	0	179	step_1_no_load	1	2	2	406	
381	0	179	step_2_no_load	5	6	0.324685418097	0.709345707515	6	222	0	
381	0	180	step_1_no_load	1	2	1	418	
381	0	180	step_2_no_load	5	6	0.341214611607	0.719795072986	6	353	0	
381	0	181	step_1_no_load	1	2	2	269	
381	0	181	step_2_no_load	5	6	0.342402764747	0.746910336326	6	261	0	
381	0	182	step_1_no_load	1	2	1	1012	
381	0	182	step_2_no_load	3	4	0.49907747228	0.506773281362	3	500	0	
381	0	183	step_1_no_load	1	2	2	97	
381	0	183	step_2_no_load	3	4	0.492742497507	0.502991759047	3	503	0	
381	0	184	step_1_no_load	1	2	2	421	
381	0	184	step_2_no_load	5	6	0.362743255194	0.657291439324	6	195	0	
381	0	185	step_1_no_load	1	2	2	244	
381	0	185	step_2_no_load	3	4	0.482228039858	0.479703516092	4	278	0	
381	0	186	step_1_no_load	1	2	1	74	
381	0	186	step_2_no_load	3	4	0.484672582719	0.46870859828	3	313	0	
381	0	187	step_1_no_load	1	2	1	301	
381	0	187	step_2_no_load	3	4	0.498596507669	0.443962917772	3	508	1	
381	0	188	step_1_no_load	1	2	1	273	
381	0	188	step_2_no_load	3	4	0.548350535247	0.471319680586	3	417	0	
381	0	189	step_1_no_load	1	2	2	217	
381	0	189	step_2_no_load	3	4	0.534753756004	0.448897869069	4	265	0	
381	0	190	step_1_no_load	1	2	1	439	
381	0	190	step_2_no_load	3	4	0.505820429042	0.433568856946	3	334	1	
381	0	191	step_1_no_load	1	2	1	282	
381	0	191	step_2_no_load	3	4	0.512103523931	0.435748387321	3	353	0	
381	0	192	step_1_no_load	1	2	1	378	
381	0	192	step_2_no_load	3	4	0.493851022417	0.450791310283	3	289	1	
381	0	193	step_1_no_load	1	2	1	269	
381	0	193	step_2_no_load	3	4	0.504944704439	0.440813209638	3	429	1	
381	0	194	step_1_no_load	1	2	1	239	
381	0	194	step_2_no_load	3	4	0.505359594715	0.433250459893	3	272	0	
381	0	195	step_1_no_load	1	2	2	316	
381	0	195	step_2_no_load	5	6	0.348571348505	0.646280688878	6	308	1	
381	0	196	step_1_no_load	1	2	2	241	
381	0	196	step_2_no_load	5	6	0.365373286058	0.695101215304	6	415	0	
381	0	197	step_1_no_load	1	2	2	227	
381	0	197	step_2_no_load	3	4	0.47786945426	0.422511153127	4	27	0	
381	0	198	step_1_no_load	1	2	1	254	
381	0	198	step_2_no_load	3	4	0.485065498391	0.397292432346	3	269	1	
381	0	199	step_1_no_load	1	2	1	498	
381	0	199	step_2_no_load	3	4	0.529438031858	0.39793773834	3	554	0	
381	0	200	step_1_no_load	1	2	1	94	
381	0	200	step_2_no_load	5	6	0.299128796668	0.728996708473	5	789	0	

Wed Dec 15 15:28:26 2021
