Mon Feb 21 14:35:54 2022	
382	0	1	step_1_no_load	1	2	1	686	
382	0	1	step_2_no_load	3	4	0.457620150462	0.511789129507	4	586	0	
382	0	2	step_1_no_load	1	2	2	0	
382	0	2	step_2_no_load	5	6	0.610961032466	0.580156942153	5	560	0	
382	0	3	step_1_no_load	1	2	1	406	
382	0	3	step_2_no_load	3	4	0.476767372206	0.516002945397	3	422	0	
382	0	4	step_1_no_load	1	2	2	437	
382	0	4	step_2_no_load	5	6	0.564086293706	0.597491569846	6	652	1	
382	0	5	step_1_no_load	1	2	1	396	
382	0	5	step_2_no_load	3	4	0.495568760483	0.543908521457	3	402	1	
382	0	6	step_1_no_load	1	2	1	572	
382	0	6	step_2_no_load	3	4	0.506877622204	0.490454120702	4	371	1	
382	0	7	step_1_no_load	1	2	2	320	
382	0	7	step_2_no_load	3	4	0.500071913476	0.506408070053	3	734	0	
382	0	8	step_1_no_load	1	2	1	423	
382	0	8	step_2_no_load	3	4	0.489816616396	0.499203529332	4	914	0	
382	0	9	step_1_no_load	1	2	2	403	
382	0	9	step_2_no_load	5	6	0.641106877158	0.598049061473	6	748	0	
382	0	10	step_1_no_load	1	2	2	602	
382	0	10	step_2_no_load	3	4	0.482364178155	0.576063520885	3	879	0	
382	0	11	step_1_no_load	1	2	1	607	
382	0	11	step_2_no_load	5	6	0.609191465743	0.69163818036	5	611	0	
382	0	12	step_1_no_load	1	2	1	443	
382	0	12	step_2_no_load	5	6	0.552770607849	0.682786328054	6	462	1	
382	0	13	step_1_no_load	1	2	1	548	
382	0	13	step_2_no_load	3	4	0.52012981853	0.595790490356	4	644	1	
382	0	14	step_1_no_load	1	2	2	447	
382	0	14	step_2_no_load	3	4	0.491234392147	0.611256675753	3	691	1	
382	0	15	step_1_no_load	1	2	1	417	
382	0	15	step_2_no_load	3	4	0.505377237737	0.633564630036	3	447	0	
382	0	16	step_1_no_load	1	2	1	383	
382	0	16	step_2_no_load	3	4	0.510958036527	0.626326396372	4	550	0	
382	0	17	step_1_no_load	1	2	2	397	
382	0	17	step_2_no_load	5	6	0.562895132605	0.633350170016	5	596	1	
382	0	18	step_1_no_load	1	2	2	320	
382	0	18	step_2_no_load	3	4	0.517514133912	0.626895526976	3	561	1	
382	0	19	step_1_no_load	1	2	2	717	
382	0	19	step_2_no_load	5	6	0.536502319591	0.619895761657	5	347	1	
382	0	20	step_1_no_load	1	2	2	642	
382	0	20	step_2_no_load	5	6	0.491720931314	0.636521555122	5	591	0	
382	0	21	step_1_no_load	1	2	1	464	
382	0	21	step_2_no_load	3	4	0.49769376036	0.611328949295	4	436	1	
382	0	22	step_1_no_load	1	2	1	601	
382	0	22	step_2_no_load	5	6	0.468700882609	0.621949894727	6	735	1	
382	0	23	step_1_no_load	1	2	1	344	
382	0	23	step_2_no_load	3	4	0.520606588181	0.604065470975	4	613	0	
382	0	24	step_1_no_load	1	2	-1	-1	
382	0	25	step_1_no_load	1	2	1	109	
382	0	25	step_2_no_load	3	4	0.503316372362	0.629917901014	4	655	1	
382	0	26	step_1_no_load	1	2	1	347	
382	0	26	step_2_no_load	3	4	0.511744353778	0.640635035276	4	746	0	
382	0	27	step_1_no_load	1	2	2	426	
382	0	27	step_2_no_load	5	6	0.54756089792	0.57860777711	5	619	1	
382	0	28	step_1_no_load	1	2	2	466	
382	0	28	step_2_no_load	5	6	0.553259388875	0.588356036098	5	505	1	
382	0	29	step_1_no_load	1	2	2	555	
382	0	29	step_2_no_load	3	4	0.521159009103	0.618626354124	4	1244	0	
382	0	30	step_1_no_load	1	2	2	416	
382	0	30	step_2_no_load	5	6	0.574272497114	0.608245979832	5	645	1	
382	0	31	step_1_no_load	1	2	2	450	
382	0	31	step_2_no_load	5	6	0.541819886458	0.636602545794	5	612	0	
382	0	32	step_1_no_load	1	2	2	936	
382	0	32	step_2_no_load	3	4	0.520318771114	0.605616211083	4	944	0	
382	0	33	step_1_no_load	1	2	1	415	
382	0	33	step_2_no_load	5	6	0.542309898544	0.611700032906	6	839	0	
382	0	34	step_1_no_load	1	2	1	89	
382	0	34	step_2_no_load	3	4	0.454565258478	0.670290552209	4	1036	0	
382	0	35	step_1_no_load	1	2	1	469	
382	0	35	step_2_no_load	3	4	0.491437207585	0.649776015006	3	854	1	
382	0	36	step_1_no_load	1	2	1	485	
382	0	36	step_2_no_load	5	6	0.611274573488	0.527635087561	6	903	1	
382	0	37	step_1_no_load	1	2	1	429	
382	0	37	step_2_no_load	3	4	0.543074626387	0.660658056664	3	1229	1	
382	0	38	step_1_no_load	1	2	2	561	
382	0	38	step_2_no_load	3	4	0.553931241266	0.651263699161	4	943	0	
382	0	39	step_1_no_load	1	2	2	425	
382	0	39	step_2_no_load	5	6	0.610601635554	0.557005857101	6	1123	0	
382	0	40	step_1_no_load	1	2	2	445	
382	0	40	step_2_no_load	5	6	0.607992802154	0.580760785074	5	679	0	
382	0	41	step_1_no_load	1	2	1	903	
382	0	41	step_2_no_load	3	4	0.583829055298	0.633285941184	4	1319	1	
382	0	42	step_1_no_load	1	2	1	407	
382	0	42	step_2_no_load	3	4	0.553461946234	0.606696263624	4	715	0	
382	0	43	step_1_no_load	1	2	1	381	
382	0	43	step_2_no_load	3	4	0.548128010644	0.581931546759	3	722	0	
382	0	44	step_1_no_load	1	2	1	103	
382	0	44	step_2_no_load	3	4	0.537842745081	0.589653131867	4	605	0	
382	0	45	step_1_no_load	1	2	1	380	
382	0	45	step_2_no_load	3	4	0.5288039409	0.620699591043	3	551	0	
382	0	46	step_1_no_load	1	2	1	493	
382	0	46	step_2_no_load	3	4	0.532238720495	0.654261318712	3	556	0	
382	0	47	step_1_no_load	1	2	1	637	
382	0	47	step_2_no_load	5	6	0.598724660986	0.546259467838	6	690	1	
382	0	48	step_1_no_load	1	2	2	435	
382	0	48	step_2_no_load	5	6	0.615767119776	0.534690828011	5	698	1	
382	0	49	step_1_no_load	1	2	1	446	
382	0	49	step_2_no_load	3	4	0.489287375157	0.614679490594	4	539	1	
382	0	50	step_1_no_load	1	2	2	456	
382	0	50	step_2_no_load	5	6	0.606862017918	0.481616544184	5	488	1	
382	0	51	step_1_no_load	1	2	1	455	
382	0	51	step_2_no_load	5	6	0.564866799699	0.508197321577	6	790	1	
382	0	52	step_1_no_load	1	2	2	522	
382	0	52	step_2_no_load	5	6	0.539065404057	0.513589895419	5	593	1	
382	0	53	step_1_no_load	1	2	1	410	
382	0	53	step_2_no_load	3	4	0.451905460347	0.630956764252	4	638	1	
382	0	54	step_1_no_load	1	2	2	483	
382	0	54	step_2_no_load	5	6	0.570223904064	0.493362545513	5	756	1	
382	0	55	step_1_no_load	1	2	2	427	
382	0	55	step_2_no_load	3	4	0.487025527704	0.639840796975	3	754	0	
382	0	56	step_1_no_load	1	2	1	528	
382	0	56	step_2_no_load	3	4	0.459773408493	0.60038825769	4	557	1	
382	0	57	step_1_no_load	1	2	2	517	
382	0	57	step_2_no_load	3	4	0.466449077359	0.586335094239	3	792	0	
382	0	58	step_1_no_load	1	2	2	711	
382	0	58	step_2_no_load	5	6	0.664682809182	0.528376440027	6	1215	1	
382	0	59	step_1_no_load	1	2	1	401	
382	0	59	step_2_no_load	3	4	0.480274332693	0.608951267756	3	595	1	
382	0	60	step_1_no_load	1	2	2	384	
382	0	60	step_2_no_load	3	4	0.491916707098	0.599559577859	4	465	0	
382	0	61	step_1_no_load	1	2	2	400	
382	0	61	step_2_no_load	5	6	0.669587072502	0.527144452559	5	411	1	
382	0	62	step_1_no_load	1	2	1	161	
382	0	62	step_2_no_load	3	4	0.50724109756	0.622820395113	4	523	0	
382	0	63	step_1_no_load	1	2	2	448	
382	0	63	step_2_no_load	5	6	0.664284493458	0.519445130796	5	476	0	
382	0	64	step_1_no_load	1	2	2	528	
382	0	64	step_2_no_load	3	4	0.555062911513	0.626149195169	4	1383	1	
382	0	65	step_1_no_load	1	2	1	403	
382	0	65	step_2_no_load	5	6	0.612660225018	0.517687993213	5	547	1	
382	0	66	step_1_no_load	1	2	2	21	
382	0	66	step_2_no_load	3	4	0.573761869714	0.630357351236	4	860	1	
382	0	67	step_1_no_load	1	2	2	634	
382	0	67	step_2_no_load	5	6	0.597650193897	0.538279387614	6	1081	1	
382	0	68	step_1_no_load	1	2	2	796	
382	0	68	step_2_no_load	5	6	0.622963076372	0.523301545299	6	692	0	
382	0	69	step_1_no_load	1	2	2	438	
382	0	69	step_2_no_load	5	6	0.622221685203	0.560462111264	5	550	1	
382	0	70	step_1_no_load	1	2	1	436	
382	0	70	step_2_no_load	3	4	0.498834901463	0.697741832068	4	536	1	
382	0	71	step_1_no_load	1	2	2	466	
382	0	71	step_2_no_load	3	4	0.482863323776	0.706816191949	3	451	1	
382	0	72	step_1_no_load	1	2	1	291	
382	0	72	step_2_no_load	3	4	0.47409116389	0.705884789502	4	522	1	
382	0	73	step_1_no_load	1	2	2	408	
382	0	73	step_2_no_load	5	6	0.657126403029	0.50185699984	5	503	0	
382	0	74	step_1_no_load	1	2	1	446	
382	0	74	step_2_no_load	3	4	0.453420386428	0.693624670847	3	689	1	
382	0	75	step_1_no_load	1	2	2	479	
382	0	75	step_2_no_load	5	6	0.615552849174	0.483983914712	6	630	1	
382	0	76	step_1_no_load	1	2	2	428	
382	0	76	step_2_no_load	5	6	0.62770291155	0.518881389358	6	483	0	
382	0	77	step_1_no_load	1	2	2	513	
382	0	77	step_2_no_load	5	6	0.564257587118	0.538119616568	5	594	1	
382	0	78	step_1_no_load	1	2	1	424	
382	0	78	step_2_no_load	5	6	0.536711448352	0.538654072849	6	502	1	
382	0	79	step_1_no_load	1	2	1	315	
382	0	79	step_2_no_load	3	4	0.389124152368	0.647841624544	4	599	1	
382	0	80	step_1_no_load	1	2	2	381	
382	0	80	step_2_no_load	5	6	0.518583383166	0.49921021142	5	674	1	
382	0	81	step_1_no_load	1	2	2	366	
382	0	81	step_2_no_load	5	6	0.529745690463	0.494116554432	5	650	0	
382	0	82	step_1_no_load	1	2	2	506	
382	0	82	step_2_no_load	3	4	0.395813831323	0.688340116885	4	507	1	
382	0	83	step_1_no_load	1	2	1	308	
382	0	83	step_2_no_load	3	4	0.382772464038	0.726885136842	3	527	0	
382	0	84	step_1_no_load	1	2	1	0	
382	0	84	step_2_no_load	3	4	0.385087938645	0.731466635793	4	332	1	
382	0	85	step_1_no_load	1	2	2	460	
382	0	85	step_2_no_load	5	6	0.692384972752	0.485785534744	5	611	1	
382	0	86	step_1_no_load	1	2	2	487	
382	0	86	step_2_no_load	5	6	0.691782850001	0.486462788728	5	933	0	
382	0	87	step_1_no_load	1	2	2	446	
382	0	87	step_2_no_load	5	6	0.719375344246	0.493867001103	5	884	1	
382	0	88	step_1_no_load	1	2	2	651	
382	0	88	step_2_no_load	3	4	0.377947492322	0.696773608304	3	1059	0	
382	0	89	step_1_no_load	1	2	2	437	
382	0	89	step_2_no_load	5	6	0.690772436485	0.490019385174	5	548	0	
382	0	90	step_1_no_load	1	2	1	463	
382	0	90	step_2_no_load	3	4	0.411459496853	0.688736868033	4	547	0	
382	0	91	step_1_no_load	1	2	1	378	
382	0	91	step_2_no_load	3	4	0.43534164751	0.657820521772	3	475	0	
382	0	92	step_1_no_load	1	2	2	531	
382	0	92	step_2_no_load	3	4	0.444368850664	0.679381608313	3	750	1	
382	0	93	step_1_no_load	1	2	2	450	
382	0	93	step_2_no_load	3	4	0.439878153082	0.662863370634	3	927	0	
382	0	94	step_1_no_load	1	2	1	0	
382	0	94	step_2_no_load	3	4	0.429211756872	0.668295023896	3	651	1	
382	0	95	step_1_no_load	1	2	2	628	
382	0	95	step_2_no_load	3	4	0.427150666411	0.640209855442	4	472	1	
382	0	96	step_1_no_load	1	2	1	502	
382	0	96	step_2_no_load	5	6	0.693739812506	0.437558890646	5	498	1	
382	0	97	step_1_no_load	1	2	2	415	
382	0	97	step_2_no_load	3	4	0.392885664353	0.651202057411	4	565	0	
382	0	98	step_1_no_load	1	2	2	293	
382	0	98	step_2_no_load	5	6	0.70287861952	0.431479829356	5	746	1	
382	0	99	step_1_no_load	1	2	1	357	
382	0	99	step_2_no_load	3	4	0.397561363605	0.645191748454	4	633	1	
382	0	100	step_1_no_load	1	2	1	433	
382	0	100	step_2_no_load	3	4	0.4333505304	0.66579920021	3	922	0	
382	0	101	step_1_no_load	1	2	1	553	
382	0	101	step_2_no_load	3	4	0.497432607584	0.655903528958	4	665	0	
382	0	102	step_1_no_load	1	2	1	301	
382	0	102	step_2_no_load	3	4	0.494584754513	0.663124617603	3	721	0	
382	0	103	step_1_no_load	1	2	1	688	
382	0	103	step_2_no_load	3	4	0.481975449893	0.69058998368	4	593	1	
382	0	104	step_1_no_load	1	2	-1	-1	
382	0	105	step_1_no_load	1	2	2	391	
382	0	105	step_2_no_load	5	6	0.689135357059	0.352639603242	6	504	0	
382	0	106	step_1_no_load	1	2	2	525	
382	0	106	step_2_no_load	5	6	0.712883638252	0.374131494222	5	698	1	
382	0	107	step_1_no_load	1	2	1	705	
382	0	107	step_2_no_load	5	6	0.692607431435	0.388257337796	6	728	0	
382	0	108	step_1_no_load	1	2	1	429	
382	0	108	step_2_no_load	3	4	0.526955028982	0.681491063126	3	441	0	
382	0	109	step_1_no_load	1	2	1	379	
382	0	109	step_2_no_load	3	4	0.479977531501	0.68658494263	4	511	1	
382	0	110	step_1_no_load	1	2	1	555	
382	0	110	step_2_no_load	3	4	0.432626681236	0.65455226558	4	702	0	
382	0	111	step_1_no_load	1	2	1	430	
382	0	111	step_2_no_load	3	4	0.384948378665	0.634599547742	3	470	0	
382	0	112	step_1_no_load	1	2	1	412	
382	0	112	step_2_no_load	3	4	0.392887565883	0.635252945963	4	521	1	
382	0	113	step_1_no_load	1	2	2	434	
382	0	113	step_2_no_load	5	6	0.719324307956	0.387112818105	5	674	1	
382	0	114	step_1_no_load	1	2	2	383	
382	0	114	step_2_no_load	5	6	0.718213323791	0.384736699284	5	1078	0	
382	0	115	step_1_no_load	1	2	2	374	
382	0	115	step_2_no_load	5	6	0.739704344621	0.357661171116	6	546	0	
382	0	116	step_1_no_load	1	2	2	400	
382	0	116	step_2_no_load	3	4	0.378149844807	0.680124293449	3	714	0	
382	0	117	step_1_no_load	1	2	1	134	
382	0	117	step_2_no_load	5	6	0.747012267642	0.363056877927	5	17	0	
382	0	118	step_1_no_load	1	2	1	419	
382	0	118	step_2_no_load	5	6	0.740051715856	0.362977115924	6	456	0	
382	0	119	step_1_no_load	1	2	1	440	
382	0	119	step_2_no_load	3	4	0.357515098446	0.661177321751	3	751	0	
382	0	120	step_1_no_load	1	2	2	105	
382	0	120	step_2_no_load	5	6	0.70587238626	0.333809617664	6	116	0	
382	0	121	step_1_no_load	1	2	2	401	
382	0	121	step_2_no_load	5	6	0.658856304095	0.310775244958	6	360	0	
382	0	122	step_1_no_load	1	2	2	293	
382	0	122	step_2_no_load	3	4	0.329624572119	0.672193618854	3	652	0	
382	0	123	step_1_no_load	1	2	1	161	
382	0	123	step_2_no_load	3	4	0.337526896345	0.664849878232	4	397	1	
382	0	124	step_1_no_load	1	2	1	342	
382	0	124	step_2_no_load	3	4	0.309430836661	0.624161788269	4	426	1	
382	0	125	step_1_no_load	1	2	1	498	
382	0	125	step_2_no_load	5	6	0.559596800931	0.290374841566	6	459	0	
382	0	126	step_1_no_load	1	2	1	435	
382	0	126	step_2_no_load	3	4	0.300846667696	0.600985760967	3	681	0	
382	0	127	step_1_no_load	1	2	1	368	
382	0	127	step_2_no_load	3	4	0.274944938508	0.646945556251	4	592	1	
382	0	128	step_1_no_load	1	2	2	447	
382	0	128	step_2_no_load	3	4	0.250790232267	0.620672334996	4	847	1	
382	0	129	step_1_no_load	1	2	2	378	
382	0	129	step_2_no_load	5	6	0.685297910719	0.268213321963	6	556	0	
382	0	130	step_1_no_load	1	2	2	419	
382	0	130	step_2_no_load	3	4	0.274560758494	0.630285316669	3	669	1	
382	0	131	step_1_no_load	1	2	1	392	
382	0	131	step_2_no_load	3	4	0.311475039155	0.638450601212	3	951	0	
382	0	132	step_1_no_load	1	2	1	554	
382	0	132	step_2_no_load	5	6	0.668578020634	0.27986961048	6	544	0	
382	0	133	step_1_no_load	1	2	2	141	
382	0	133	step_2_no_load	5	6	0.617383991623	0.315608831386	5	703	0	
382	0	134	step_1_no_load	1	2	2	422	
382	0	134	step_2_no_load	5	6	0.621945110858	0.287393715313	6	515	0	
382	0	135	step_1_no_load	1	2	-1	-1	
382	0	136	step_1_no_load	1	2	1	378	
382	0	136	step_2_no_load	5	6	0.597814413435	0.307766925452	6	448	0	
382	0	137	step_1_no_load	1	2	2	403	
382	0	137	step_2_no_load	5	6	0.605896884497	0.346433498467	6	667	1	
382	0	138	step_1_no_load	1	2	2	425	
382	0	138	step_2_no_load	5	6	0.63240964674	0.366701525561	6	471	0	
382	0	139	step_1_no_load	1	2	1	396	
382	0	139	step_2_no_load	3	4	0.323660750961	0.696355985729	3	529	0	
382	0	140	step_1_no_load	1	2	1	417	
382	0	140	step_2_no_load	5	6	0.671213945178	0.348740542008	6	574	0	
382	0	141	step_1_no_load	1	2	2	628	
382	0	141	step_2_no_load	3	4	0.311809871418	0.616803346728	4	552	1	
382	0	142	step_1_no_load	1	2	2	403	
382	0	142	step_2_no_load	5	6	0.690276058009	0.397052682821	5	682	1	
382	0	143	step_1_no_load	1	2	2	493	
382	0	143	step_2_no_load	3	4	0.313516825296	0.610219102298	4	519	0	
382	0	144	step_1_no_load	1	2	2	443	
382	0	144	step_2_no_load	5	6	0.626443722248	0.389234194056	5	487	0	
382	0	145	step_1_no_load	1	2	2	436	
382	0	145	step_2_no_load	3	4	0.266265924094	0.606515632748	4	453	0	
382	0	146	step_1_no_load	1	2	2	462	
382	0	146	step_2_no_load	5	6	0.681611991725	0.320877500969	5	632	0	
382	0	147	step_1_no_load	1	2	2	426	
382	0	147	step_2_no_load	5	6	0.647798886916	0.352879785946	6	658	1	
382	0	148	step_1_no_load	1	2	2	658	
382	0	148	step_2_no_load	5	6	0.619272702026	0.311162711725	6	532	0	
382	0	149	step_1_no_load	1	2	2	0	
382	0	149	step_2_no_load	5	6	0.601870110183	0.300290206122	6	569	1	
382	0	150	step_1_no_load	1	2	1	492	
382	0	150	step_2_no_load	5	6	0.575985663078	0.306860041627	5	397	1	
382	0	151	step_1_no_load	1	2	1	4	
382	0	151	step_2_no_load	3	4	0.348172164421	0.614159737668	3	1390	0	
382	0	152	step_1_no_load	1	2	1	6	
382	0	152	step_2_no_load	5	6	0.595108765344	0.323194010514	6	367	0	
382	0	153	step_1_no_load	1	2	2	158	
382	0	153	step_2_no_load	3	4	0.309356532263	0.681559292085	4	1061	0	
382	0	154	step_1_no_load	1	2	1	442	
382	0	154	step_2_no_load	3	4	0.316375537537	0.671672162443	4	506	1	
382	0	155	step_1_no_load	1	2	1	434	
382	0	155	step_2_no_load	3	4	0.296093457977	0.716100930629	4	448	1	
382	0	156	step_1_no_load	1	2	1	390	
382	0	156	step_2_no_load	5	6	0.631048201903	0.368378667812	6	392	0	
382	0	157	step_1_no_load	1	2	1	433	
382	0	157	step_2_no_load	3	4	0.350909357271	0.720725456325	4	803	0	
382	0	158	step_1_no_load	1	2	1	531	
382	0	158	step_2_no_load	3	4	0.408728803896	0.694270715354	3	654	1	
382	0	159	step_1_no_load	1	2	1	401	
382	0	159	step_2_no_load	3	4	0.413026375257	0.697903160072	3	785	0	
382	0	160	step_1_no_load	1	2	1	469	
382	0	160	step_2_no_load	3	4	0.415052912783	0.710728171711	4	653	0	
382	0	161	step_1_no_load	1	2	1	454	
382	0	161	step_2_no_load	3	4	0.407025633682	0.719896286569	3	483	0	
382	0	162	step_1_no_load	1	2	1	421	
382	0	162	step_2_no_load	5	6	0.566496468084	0.455329532209	6	614	1	
382	0	163	step_1_no_load	1	2	2	380	
382	0	163	step_2_no_load	5	6	0.5863391277	0.430920885959	6	792	0	
382	0	164	step_1_no_load	1	2	2	334	
382	0	164	step_2_no_load	3	4	0.432761720497	0.692137394606	4	803	0	
382	0	165	step_1_no_load	1	2	2	415	
382	0	165	step_2_no_load	5	6	0.538026607649	0.347974240867	5	920	0	
382	0	166	step_1_no_load	1	2	-1	-1	
382	0	167	step_1_no_load	1	2	1	367	
382	0	167	step_2_no_load	5	6	0.585131062446	0.331115714939	6	631	1	
382	0	168	step_1_no_load	1	2	1	392	
382	0	168	step_2_no_load	5	6	0.613361520676	0.335777599654	6	512	0	
382	0	169	step_1_no_load	1	2	1	315	
382	0	169	step_2_no_load	3	4	0.42098542374	0.704981910944	3	455	1	
382	0	170	step_1_no_load	1	2	2	395	
382	0	170	step_2_no_load	5	6	0.57151385403	0.364989630435	6	486	0	
382	0	171	step_1_no_load	1	2	2	388	
382	0	171	step_2_no_load	3	4	0.386979310814	0.727248140829	3	992	1	
382	0	172	step_1_no_load	1	2	1	289	
382	0	172	step_2_no_load	3	4	0.363617002148	0.668669556875	3	866	0	
382	0	173	step_1_no_load	1	2	1	358	
382	0	173	step_2_no_load	5	6	0.484428109849	0.462866379815	6	520	1	
382	0	174	step_1_no_load	1	2	1	143	
382	0	174	step_2_no_load	3	4	0.387867297446	0.729877433725	3	730	0	
382	0	175	step_1_no_load	1	2	1	372	
382	0	175	step_2_no_load	3	4	0.426185553904	0.693968268443	4	555	1	
382	0	176	step_1_no_load	1	2	2	366	
382	0	176	step_2_no_load	5	6	0.474046874473	0.500856457218	-1	-1	-1	
382	0	177	step_1_no_load	1	2	2	380	
382	0	177	step_2_no_load	3	4	0.357425668099	0.714070205704	4	789	1	
382	0	178	step_1_no_load	1	2	2	461	
382	0	178	step_2_no_load	3	4	0.36473828006	0.705993797498	4	603	1	
382	0	179	step_1_no_load	1	2	2	316	
382	0	179	step_2_no_load	5	6	0.457298770028	0.493565996034	5	504	0	
382	0	180	step_1_no_load	1	2	2	312	
382	0	180	step_2_no_load	5	6	0.482853857291	0.489345734128	6	479	1	
382	0	181	step_1_no_load	1	2	2	360	
382	0	181	step_2_no_load	3	4	0.342402764747	0.746910336326	3	392	1	
382	0	182	step_1_no_load	1	2	2	6	
382	0	182	step_2_no_load	5	6	0.506773281362	0.49907747228	6	529	1	
382	0	183	step_1_no_load	1	2	2	416	
382	0	183	step_2_no_load	5	6	0.502991759047	0.492742497507	5	530	0	
382	0	184	step_1_no_load	1	2	2	366	
382	0	184	step_2_no_load	5	6	0.460890977786	0.480863422096	6	498	0	
382	0	185	step_1_no_load	1	2	2	468	
382	0	185	step_2_no_load	5	6	0.479703516092	0.482228039858	5	661	1	
382	0	186	step_1_no_load	1	2	2	372	
382	0	186	step_2_no_load	5	6	0.46870859828	0.484672582719	5	662	0	
382	0	187	step_1_no_load	1	2	2	469	
382	0	187	step_2_no_load	3	4	0.328890769988	0.678211978625	3	714	0	
382	0	188	step_1_no_load	1	2	2	358	
382	0	188	step_2_no_load	5	6	0.471319680586	0.548350535247	5	492	0	
382	0	189	step_1_no_load	1	2	2	776	
382	0	189	step_2_no_load	5	6	0.448897869069	0.534753756004	6	586	1	
382	0	190	step_1_no_load	1	2	2	439	
382	0	190	step_2_no_load	5	6	0.433568856946	0.505820429042	6	1428	1	
382	0	191	step_1_no_load	1	2	2	318	
382	0	191	step_2_no_load	5	6	0.435748387321	0.512103523931	6	546	0	
382	0	192	step_1_no_load	1	2	2	400	
382	0	192	step_2_no_load	5	6	0.450791310283	0.493851022417	5	405	1	
382	0	193	step_1_no_load	1	2	2	308	
382	0	193	step_2_no_load	5	6	0.440813209638	0.504944704439	5	417	0	
382	0	194	step_1_no_load	1	2	2	324	
382	0	194	step_2_no_load	5	6	0.433250459893	0.505359594715	6	392	1	
382	0	195	step_1_no_load	1	2	2	111	
382	0	195	step_2_no_load	5	6	0.466795336969	0.494102184238	5	899	1	
382	0	196	step_1_no_load	1	2	2	262	
382	0	196	step_2_no_load	5	6	0.421761207498	0.496717662777	6	465	1	
382	0	197	step_1_no_load	1	2	2	368	
382	0	197	step_2_no_load	5	6	0.422511153127	0.47786945426	5	469	0	
382	0	198	step_1_no_load	1	2	2	354	
382	0	198	step_2_no_load	5	6	0.397292432346	0.485065498391	6	632	1	
382	0	199	step_1_no_load	1	2	2	372	
382	0	199	step_2_no_load	3	4	0.292861528884	0.73697129762	3	883	0	
382	0	200	step_1_no_load	1	2	2	278	
382	0	200	step_2_no_load	5	6	0.372436949782	0.507902534353	6	611	0	

Mon Feb 21 14:54:16 2022
