Tue Feb 22 14:59:36 2022	
383	0	1	step_1_no_load	1	2	1	1331	
383	0	1	step_2_no_load	3	4	0.598297890399	0.511789129507	-1	-1	-1	
383	0	2	step_1_no_load	1	2	2	1053	
383	0	2	step_2_no_load	5	6	0.610961032466	0.474613197709	6	1058	0	
383	0	3	step_1_no_load	1	2	2	1324	
383	0	3	step_2_no_load	5	6	0.589215227351	0.476767372206	5	990	0	
383	0	4	step_1_no_load	1	2	1	1129	
383	0	4	step_2_no_load	5	6	0.564086293706	0.478607661228	6	961	0	
383	0	5	step_1_no_load	1	2	1	1141	
383	0	5	step_2_no_load	3	4	0.623810210114	0.543908521457	3	1411	1	
383	0	6	step_1_no_load	1	2	1	1227	
383	0	6	step_2_no_load	3	4	0.585722686883	0.490454120702	4	1184	0	
383	0	7	step_1_no_load	1	2	1	1407	
383	0	7	step_2_no_load	5	6	0.622642364361	0.500071913476	6	1216	0	
383	0	8	step_1_no_load	1	2	1	1113	
383	0	8	step_2_no_load	5	6	0.624210374623	0.489816616396	5	1298	0	
383	0	9	step_1_no_load	1	2	2	1309	
383	0	9	step_2_no_load	5	6	0.641106877158	0.496546708465	6	1339	1	
383	0	10	step_1_no_load	1	2	2	1454	
383	0	10	step_2_no_load	5	6	0.636063269715	0.482364178155	-1	-1	-1	
383	0	11	step_1_no_load	1	2	2	969	
383	0	11	step_2_no_load	5	6	0.609191465743	0.477013315682	5	902	0	
383	0	12	step_1_no_load	1	2	1	1178	
383	0	12	step_2_no_load	5	6	0.552770607849	0.48457206759	6	1011	0	
383	0	13	step_1_no_load	1	2	1	1242	
383	0	13	step_2_no_load	3	4	0.653587098421	0.595790490356	3	1471	1	
383	0	14	step_1_no_load	1	2	1	1421	
383	0	14	step_2_no_load	5	6	0.545555696267	0.491234392147	6	1166	0	
383	0	15	step_1_no_load	1	2	2	1274	
383	0	15	step_2_no_load	5	6	0.570419113221	0.505377237737	5	1323	1	
383	0	16	step_1_no_load	1	2	2	1265	
383	0	16	step_2_no_load	3	4	0.628091198119	0.626326396372	3	1484	1	
383	0	17	step_1_no_load	1	2	2	1343	
383	0	17	step_2_no_load	5	6	0.562895132605	0.535958400205	5	1331	0	
383	0	18	step_1_no_load	1	2	1	1033	
383	0	18	step_2_no_load	5	6	0.553554620302	0.517514133912	6	1499	1	
383	0	19	step_1_no_load	1	2	1	1269	
383	0	19	step_2_no_load	5	6	0.536502319591	0.498240186199	-1	-1	-1	
383	0	20	step_1_no_load	1	2	-1	-1	
383	0	21	step_1_no_load	1	2	1	674	
383	0	21	step_2_no_load	3	4	0.630305464549	0.611328949295	4	748	1	
383	0	22	step_1_no_load	1	2	2	1255	
383	0	22	step_2_no_load	5	6	0.468700882609	0.506100011497	5	1324	1	
383	0	23	step_1_no_load	1	2	1	1157	
383	0	23	step_2_no_load	5	6	0.513759772011	0.520606588181	6	1222	1	
383	0	24	step_1_no_load	1	2	2	732	
383	0	24	step_2_no_load	5	6	0.503316199018	0.505388876622	5	788	0	
383	0	25	step_1_no_load	1	2	1	993	
383	0	25	step_2_no_load	3	4	0.565698722896	0.629917901014	3	1158	1	
383	0	26	step_1_no_load	1	2	1	959	
383	0	26	step_2_no_load	3	4	0.592410219737	0.640635035276	3	1099	0	
383	0	27	step_1_no_load	1	2	1	824	
383	0	27	step_2_no_load	3	4	0.57860777711	0.642144756622	4	804	0	
383	0	28	step_1_no_load	1	2	2	894	
383	0	28	step_2_no_load	3	4	0.588356036098	0.647441527317	3	1048	1	
383	0	29	step_1_no_load	1	2	2	956	
383	0	29	step_2_no_load	5	6	0.561957580386	0.521159009103	6	1068	0	
383	0	30	step_1_no_load	1	2	2	1115	
383	0	30	step_2_no_load	5	6	0.574272497114	0.4919199548	-1	-1	-1	
383	0	31	step_1_no_load	1	2	2	898	
383	0	31	step_2_no_load	5	6	0.541819886458	0.483156722265	5	902	0	
383	0	32	step_1_no_load	1	2	1	839	
383	0	32	step_2_no_load	5	6	0.522993086096	0.520318771114	6	984	1	
383	0	33	step_1_no_load	1	2	1	928	
383	0	33	step_2_no_load	3	4	0.611700032906	0.618000238621	3	987	0	
383	0	34	step_1_no_load	1	2	2	889	
383	0	34	step_2_no_load	5	6	0.538523758058	0.454565258478	5	1256	1	
383	0	35	step_1_no_load	1	2	2	1102	
383	0	35	step_2_no_load	3	4	0.566827313385	0.649776015006	4	873	1	
383	0	36	step_1_no_load	1	2	2	898	
383	0	36	step_2_no_load	5	6	0.611274573488	0.513210053121	5	1271	0	
383	0	37	step_1_no_load	1	2	2	850	
383	0	37	step_2_no_load	5	6	0.598446394142	0.543074626387	6	1027	1	
383	0	38	step_1_no_load	1	2	2	872	
383	0	38	step_2_no_load	5	6	0.595113730206	0.553931241266	6	908	1	
383	0	39	step_1_no_load	1	2	2	1006	
383	0	39	step_2_no_load	5	6	0.610601635554	0.578640235206	6	883	1	
383	0	40	step_1_no_load	1	2	2	1231	
383	0	40	step_2_no_load	3	4	0.580760785074	0.636994900683	3	1321	0	
383	0	41	step_1_no_load	1	2	1	822	
383	0	41	step_2_no_load	5	6	0.588857868869	0.583829055298	5	1426	1	
383	0	42	step_1_no_load	1	2	2	1116	
383	0	42	step_2_no_load	5	6	0.609164606591	0.553461946234	6	1074	1	
383	0	43	step_1_no_load	1	2	2	930	
383	0	43	step_2_no_load	5	6	0.612705031264	0.548128010644	6	1021	0	
383	0	44	step_1_no_load	1	2	1	1026	
383	0	44	step_2_no_load	5	6	0.611481438855	0.537842745081	5	812	0	
383	0	45	step_1_no_load	1	2	1	907	
383	0	45	step_2_no_load	3	4	0.579346234508	0.620699591043	3	863	1	
383	0	46	step_1_no_load	1	2	1	865	
383	0	46	step_2_no_load	3	4	0.55511883717	0.654261318712	3	1166	1	
383	0	47	step_1_no_load	1	2	1	979	
383	0	47	step_2_no_load	3	4	0.546259467838	0.634373567175	3	931	1	
383	0	48	step_1_no_load	1	2	1	1050	
383	0	48	step_2_no_load	5	6	0.615767119776	0.488280685105	6	1107	0	
383	0	49	step_1_no_load	1	2	2	1071	
383	0	49	step_2_no_load	5	6	0.610193185592	0.489287375157	6	1170	1	
383	0	50	step_1_no_load	1	2	2	1005	
383	0	50	step_2_no_load	3	4	0.481616544184	0.593458480934	3	1325	1	
383	0	51	step_1_no_load	1	2	-1	-1	
383	0	52	step_1_no_load	1	2	1	844	
383	0	52	step_2_no_load	3	4	0.513589895419	0.613408921915	4	633	1	
383	0	53	step_1_no_load	1	2	1	782	
383	0	53	step_2_no_load	3	4	0.475342927439	0.630956764252	4	837	1	
383	0	54	step_1_no_load	1	2	1	1112	
383	0	54	step_2_no_load	5	6	0.570223904064	0.491512498697	5	1248	0	
383	0	55	step_1_no_load	1	2	2	788	
383	0	55	step_2_no_load	5	6	0.574045915747	0.487025527704	6	796	1	
383	0	56	step_1_no_load	1	2	1	685	
383	0	56	step_2_no_load	3	4	0.538512915562	0.60038825769	3	700	0	
383	0	57	step_1_no_load	1	2	1	1013	
383	0	57	step_2_no_load	3	4	0.516475618243	0.586335094239	4	799	1	
383	0	58	step_1_no_load	1	2	1	740	
383	0	58	step_2_no_load	3	4	0.528376440027	0.610896130115	4	832	1	
383	0	59	step_1_no_load	1	2	1	748	
383	0	59	step_2_no_load	3	4	0.537400760025	0.608951267756	4	713	0	
383	0	60	step_1_no_load	1	2	2	862	
383	0	60	step_2_no_load	5	6	0.623687406259	0.491916707098	6	1047	1	
383	0	61	step_1_no_load	1	2	2	908	
383	0	61	step_2_no_load	3	4	0.527144452559	0.602879526975	4	1084	0	
383	0	62	step_1_no_load	1	2	1	799	
383	0	62	step_2_no_load	3	4	0.533031417444	0.622820395113	4	1054	0	
383	0	63	step_1_no_load	1	2	1	995	
383	0	63	step_2_no_load	3	4	0.519445130796	0.642623127313	3	1212	0	
383	0	64	step_1_no_load	1	2	2	654	
383	0	64	step_2_no_load	3	4	0.533849886794	0.626149195169	3	998	1	
383	0	65	step_1_no_load	1	2	2	720	
383	0	65	step_2_no_load	3	4	0.517687993213	0.619953360065	3	1122	1	
383	0	66	step_1_no_load	1	2	2	798	
383	0	66	step_2_no_load	5	6	0.606938648072	0.573761869714	6	1051	1	
383	0	67	step_1_no_load	1	2	1	1342	
383	0	67	step_2_no_load	5	6	0.597650193897	0.542076810516	-1	-1	-1	
383	0	68	step_1_no_load	1	2	1	1088	
383	0	68	step_2_no_load	3	4	0.523301545299	0.719455209845	3	905	0	
383	0	69	step_1_no_load	1	2	2	545	
383	0	69	step_2_no_load	3	4	0.560462111264	0.718756538957	4	1075	0	
383	0	70	step_1_no_load	1	2	2	1248	
383	0	70	step_2_no_load	5	6	0.637556284465	0.498834901463	5	883	1	
383	0	71	step_1_no_load	1	2	2	661	
383	0	71	step_2_no_load	5	6	0.639174917797	0.482863323776	5	595	1	
383	0	72	step_1_no_load	1	2	2	823	
383	0	72	step_2_no_load	5	6	0.626024641967	0.47409116389	5	956	1	
383	0	73	step_1_no_load	1	2	2	893	
383	0	73	step_2_no_load	5	6	0.657126403029	0.435957313805	5	833	1	
383	0	74	step_1_no_load	1	2	2	864	
383	0	74	step_2_no_load	3	4	0.491044983779	0.693624670847	4	763	1	
383	0	75	step_1_no_load	1	2	1	0	
383	0	75	step_2_no_load	3	4	0.483983914712	0.697629587097	3	1286	1	
383	0	76	step_1_no_load	1	2	1	566	
383	0	76	step_2_no_load	3	4	0.518881389358	0.690117652944	3	919	0	
383	0	77	step_1_no_load	1	2	2	486	
383	0	77	step_2_no_load	5	6	0.564257587118	0.446809557226	6	1029	1	
383	0	78	step_1_no_load	1	2	2	647	
383	0	78	step_2_no_load	5	6	0.536711448352	0.435911167612	6	836	1	
383	0	79	step_1_no_load	1	2	2	696	
383	0	79	step_2_no_load	5	6	0.513695512795	0.389124152368	6	746	0	
383	0	80	step_1_no_load	1	2	-1	-1	
383	0	81	step_1_no_load	1	2	1	552	
383	0	81	step_2_no_load	5	6	0.529745690463	0.419265522488	5	675	1	
383	0	82	step_1_no_load	1	2	1	566	
383	0	82	step_2_no_load	3	4	0.482727017837	0.688340116885	4	952	1	
383	0	83	step_1_no_load	1	2	2	699	
383	0	83	step_2_no_load	5	6	0.607907985871	0.382772464038	6	954	0	
383	0	84	step_1_no_load	1	2	1	865	
383	0	84	step_2_no_load	5	6	0.65843840156	0.385087938645	5	930	0	
383	0	85	step_1_no_load	1	2	1	686	
383	0	85	step_2_no_load	3	4	0.485785534744	0.712989604416	3	743	0	
383	0	86	step_1_no_load	1	2	2	709	
383	0	86	step_2_no_load	5	6	0.691782850001	0.345323068124	6	1098	1	
383	0	87	step_1_no_load	1	2	2	985	
383	0	87	step_2_no_load	3	4	0.493867001103	0.690012761069	3	994	1	
383	0	88	step_1_no_load	1	2	2	905	
383	0	88	step_2_no_load	5	6	0.717410082358	0.377947492322	6	765	1	
383	0	89	step_1_no_load	1	2	2	847	
383	0	89	step_2_no_load	5	6	0.690772436485	0.415882489686	6	811	0	
383	0	90	step_1_no_load	1	2	-1	-1	
383	0	91	step_1_no_load	1	2	1	537	
383	0	91	step_2_no_load	3	4	0.479087223222	0.657820521772	3	713	0	
383	0	92	step_1_no_load	1	2	2	0	
383	0	92	step_2_no_load	3	4	0.484260039873	0.679381608313	4	1154	1	
383	0	93	step_1_no_load	1	2	2	975	
383	0	93	step_2_no_load	5	6	0.70415710998	0.439878153082	5	1215	1	
383	0	94	step_1_no_load	1	2	2	998	
383	0	94	step_2_no_load	5	6	0.719464414227	0.429211756872	5	1200	1	
383	0	95	step_1_no_load	1	2	2	920	
383	0	95	step_2_no_load	5	6	0.715495469274	0.427150666411	5	914	1	
383	0	96	step_1_no_load	1	2	2	931	
383	0	96	step_2_no_load	3	4	0.437558890646	0.663095813561	4	1168	0	
383	0	97	step_1_no_load	1	2	1	486	
383	0	97	step_2_no_load	5	6	0.681272614291	0.392885664353	5	797	1	
383	0	98	step_1_no_load	1	2	1	703	
383	0	98	step_2_no_load	3	4	0.431479829356	0.646040060297	4	926	1	
383	0	99	step_1_no_load	1	2	1	764	
383	0	99	step_2_no_load	5	6	0.673709850038	0.397561363605	5	840	1	
383	0	100	step_1_no_load	1	2	1	769	
383	0	100	step_2_no_load	3	4	0.363162156005	0.66579920021	4	741	1	
383	0	101	step_1_no_load	1	2	1	545	
383	0	101	step_2_no_load	5	6	0.623812401974	0.497432607584	5	724	0	
383	0	102	step_1_no_load	1	2	2	549	
383	0	102	step_2_no_load	5	6	0.666304534392	0.494584754513	6	713	0	
383	0	103	step_1_no_load	1	2	1	615	
383	0	103	step_2_no_load	3	4	0.322834495838	0.69058998368	4	1151	1	
383	0	104	step_1_no_load	1	2	1	523	
383	0	104	step_2_no_load	3	4	0.303696146503	0.743372642809	4	895	1	
383	0	105	step_1_no_load	1	2	1	790	
383	0	105	step_2_no_load	3	4	0.352639603242	0.722851301692	4	895	0	
383	0	106	step_1_no_load	1	2	2	936	
383	0	106	step_2_no_load	5	6	0.712883638252	0.508908032404	6	1149	0	
383	0	107	step_1_no_load	1	2	1	1333	
383	0	107	step_2_no_load	3	4	0.388257337796	0.677514185929	3	1045	1	
383	0	108	step_1_no_load	1	2	2	885	
383	0	108	step_2_no_load	5	6	0.695928523711	0.526955028982	6	717	1	
383	0	109	step_1_no_load	1	2	2	700	
383	0	109	step_2_no_load	3	4	0.372328831887	0.68658494263	4	724	1	
383	0	110	step_1_no_load	1	2	2	882	
383	0	110	step_2_no_load	5	6	0.729599891941	0.432626681236	6	887	0	
383	0	111	step_1_no_load	1	2	1	714	
383	0	111	step_2_no_load	3	4	0.407158158569	0.634599547742	3	1104	0	
383	0	112	step_1_no_load	1	2	1	877	
383	0	112	step_2_no_load	5	6	0.725701866094	0.392887565883	6	1343	1	
383	0	113	step_1_no_load	1	2	1	741	
383	0	113	step_2_no_load	3	4	0.387112818105	0.634627459817	4	1027	0	
383	0	114	step_1_no_load	1	2	2	626	
383	0	114	step_2_no_load	5	6	0.718213323791	0.380324086676	6	1254	1	
383	0	115	step_1_no_load	1	2	2	632	
383	0	115	step_2_no_load	3	4	0.357661171116	0.645721217949	3	949	0	
383	0	116	step_1_no_load	1	2	1	945	
383	0	116	step_2_no_load	3	4	0.369438791876	0.680124293449	-1	-1	-1	
383	0	117	step_1_no_load	1	2	2	655	
383	0	117	step_2_no_load	5	6	0.747012267642	0.374621793791	6	822	1	
383	0	118	step_1_no_load	1	2	2	727	
383	0	118	step_2_no_load	3	4	0.362977115924	0.690484235012	3	930	0	
383	0	119	step_1_no_load	1	2	2	955	
383	0	119	step_2_no_load	5	6	0.690424535099	0.357515098446	6	902	0	
383	0	120	step_1_no_load	1	2	1	866	
383	0	120	step_2_no_load	3	4	0.333809617664	0.666433355915	4	1006	1	
383	0	121	step_1_no_load	1	2	1	969	
383	0	121	step_2_no_load	5	6	0.658856304095	0.352721767208	6	975	0	
383	0	122	step_1_no_load	1	2	1	838	
383	0	122	step_2_no_load	3	4	0.266650857402	0.672193618854	4	1065	1	
383	0	123	step_1_no_load	1	2	1	717	
383	0	123	step_2_no_load	3	4	0.269780614928	0.664849878232	4	976	0	
383	0	124	step_1_no_load	1	2	2	762	
383	0	124	step_2_no_load	5	6	0.603013298253	0.309430836661	6	1337	0	
383	0	125	step_1_no_load	1	2	2	1012	
383	0	125	step_2_no_load	3	4	0.290374841566	0.633566302563	4	1085	0	
383	0	126	step_1_no_load	1	2	1	533	
383	0	126	step_2_no_load	3	4	0.267206368684	0.600985760967	4	942	1	
383	0	127	step_1_no_load	1	2	1	768	
383	0	127	step_2_no_load	5	6	0.560824094575	0.274944938508	5	1304	1	
383	0	128	step_1_no_load	1	2	1	685	
383	0	128	step_2_no_load	3	4	0.260252451606	0.620672334996	4	1128	1	
383	0	129	step_1_no_load	1	2	1	590	
383	0	129	step_2_no_load	3	4	0.268213321963	0.632682846317	4	1014	1	
383	0	130	step_1_no_load	1	2	1	663	
383	0	130	step_2_no_load	5	6	0.682031489739	0.274560758494	5	1102	1	
383	0	131	step_1_no_load	1	2	1	878	
383	0	131	step_2_no_load	3	4	0.281500842289	0.638450601212	4	1044	0	
383	0	132	step_1_no_load	1	2	2	126	
383	0	132	step_2_no_load	5	6	0.668578020634	0.315328810424	5	627	1	
383	0	133	step_1_no_load	1	2	2	978	
383	0	133	step_2_no_load	5	6	0.617383991623	0.312642735495	6	1308	0	
383	0	134	step_1_no_load	1	2	-1	-1	
383	0	135	step_1_no_load	1	2	1	945	
383	0	135	step_2_no_load	3	4	0.300079459047	0.700779221781	4	840	1	
383	0	136	step_1_no_load	1	2	1	736	
383	0	136	step_2_no_load	3	4	0.307766925452	0.674914008636	4	1023	1	
383	0	137	step_1_no_load	1	2	1	816	
383	0	137	step_2_no_load	3	4	0.346433498467	0.668540846495	4	928	0	
383	0	138	step_1_no_load	1	2	2	1324	
383	0	138	step_2_no_load	5	6	0.63240964674	0.307694123906	6	1169	0	
383	0	139	step_1_no_load	1	2	2	766	
383	0	139	step_2_no_load	3	4	0.325611400511	0.696355985729	3	1326	0	
383	0	140	step_1_no_load	1	2	1	1069	
383	0	140	step_2_no_load	3	4	0.348740542008	0.637682840728	4	1098	1	
383	0	141	step_1_no_load	1	2	1	768	
383	0	141	step_2_no_load	5	6	0.711987889705	0.311809871418	5	889	0	
383	0	142	step_1_no_load	1	2	2	1032	
383	0	142	step_2_no_load	5	6	0.690276058009	0.304203281606	5	1413	1	
383	0	143	step_1_no_load	1	2	2	715	
383	0	143	step_2_no_load	5	6	0.661365099615	0.313516825296	5	1045	1	
383	0	144	step_1_no_load	1	2	2	869	
383	0	144	step_2_no_load	5	6	0.626443722248	0.275932517017	5	890	0	
383	0	145	step_1_no_load	1	2	1	1043	
383	0	145	step_2_no_load	5	6	0.6669125229	0.266265924094	-1	-1	-1	
383	0	146	step_1_no_load	1	2	1	794	
383	0	146	step_2_no_load	3	4	0.320877500969	0.593778463268	4	707	1	
383	0	147	step_1_no_load	1	2	1	671	
383	0	147	step_2_no_load	3	4	0.352879785946	0.594861186319	4	913	0	
383	0	148	step_1_no_load	1	2	1	586	
383	0	148	step_2_no_load	3	4	0.311162711725	0.648050021239	3	1019	0	
383	0	149	step_1_no_load	1	2	2	671	
383	0	149	step_2_no_load	5	6	0.601870110183	0.269951834184	5	1205	1	
383	0	150	step_1_no_load	1	2	2	669	
383	0	150	step_2_no_load	5	6	0.575985663078	0.305587692243	5	1107	0	
383	0	151	step_1_no_load	1	2	1	821	
383	0	151	step_2_no_load	3	4	0.310557101463	0.614159737668	3	952	0	
383	0	152	step_1_no_load	1	2	1	668	
383	0	152	step_2_no_load	5	6	0.595108765344	0.307702500543	5	1276	1	
383	0	153	step_1_no_load	1	2	1	740	
383	0	153	step_2_no_load	3	4	0.343622632154	0.681559292085	4	1038	1	
383	0	154	step_1_no_load	1	2	1	749	
383	0	154	step_2_no_load	3	4	0.348349389262	0.671672162443	4	812	1	
383	0	155	step_1_no_load	1	2	1	824	
383	0	155	step_2_no_load	5	6	0.632486591889	0.296093457977	5	979	1	
383	0	156	step_1_no_load	1	2	1	945	
383	0	156	step_2_no_load	3	4	0.368378667812	0.734436160799	4	853	1	
383	0	157	step_1_no_load	1	2	1	806	
383	0	157	step_2_no_load	3	4	0.324728201487	0.720725456325	4	787	1	
383	0	158	step_1_no_load	1	2	1	626	
383	0	158	step_2_no_load	5	6	0.532722108502	0.408728803896	5	865	0	
383	0	159	step_1_no_load	1	2	2	675	
383	0	159	step_2_no_load	3	4	0.321150411254	0.697903160072	4	962	1	
383	0	160	step_1_no_load	1	2	2	685	
383	0	160	step_2_no_load	5	6	0.521229931064	0.415052912783	5	658	0	
383	0	161	step_1_no_load	1	2	2	519	
383	0	161	step_2_no_load	3	4	0.438878285506	0.719896286569	4	1070	1	
383	0	162	step_1_no_load	1	2	2	673	
383	0	162	step_2_no_load	3	4	0.455329532209	0.695144769903	4	795	0	
383	0	163	step_1_no_load	1	2	1	611	
383	0	163	step_2_no_load	5	6	0.5863391277	0.395221309311	6	1047	0	
383	0	164	step_1_no_load	1	2	1	765	
383	0	164	step_2_no_load	3	4	0.430844125626	0.692137394606	4	818	1	
383	0	165	step_1_no_load	1	2	1	716	
383	0	165	step_2_no_load	5	6	0.538026607649	0.463777557969	6	1074	0	
383	0	166	step_1_no_load	1	2	2	1023	
383	0	166	step_2_no_load	5	6	0.549095060025	0.422282731054	6	1478	0	
383	0	167	step_1_no_load	1	2	1	692	
383	0	167	step_2_no_load	3	4	0.331115714939	0.706271792549	4	985	0	
383	0	168	step_1_no_load	1	2	2	9	
383	0	168	step_2_no_load	5	6	0.613361520676	0.400817642375	6	731	1	
383	0	169	step_1_no_load	1	2	2	1174	
383	0	169	step_2_no_load	3	4	0.365156560071	0.704981910944	3	1019	1	
383	0	170	step_1_no_load	1	2	2	945	
383	0	170	step_2_no_load	3	4	0.364989630435	0.67334314737	-1	-1	-1	
383	0	171	step_1_no_load	1	2	2	566	
383	0	171	step_2_no_load	3	4	0.425122034074	0.727248140829	4	719	1	
383	0	172	step_1_no_load	1	2	2	666	
383	0	172	step_2_no_load	5	6	0.519090471457	0.363617002148	5	741	0	
383	0	173	step_1_no_load	1	2	2	270	
383	0	173	step_2_no_load	5	6	0.484428109849	0.385349297983	6	795	0	
383	0	174	step_1_no_load	1	2	1	732	
383	0	174	step_2_no_load	5	6	0.472729524832	0.387867297446	6	1188	0	
383	0	175	step_1_no_load	1	2	1	629	
383	0	175	step_2_no_load	3	4	0.484825491933	0.693968268443	3	1062	1	
383	0	176	step_1_no_load	1	2	1	780	
383	0	176	step_2_no_load	3	4	0.500856457218	0.679250000396	4	1002	0	
383	0	177	step_1_no_load	1	2	1	661	
383	0	177	step_2_no_load	3	4	0.4798184927	0.714070205704	3	1033	0	
383	0	178	step_1_no_load	1	2	2	1036	
383	0	178	step_2_no_load	5	6	0.493712351915	0.36473828006	5	1057	1	
383	0	179	step_1_no_load	1	2	2	871	
383	0	179	step_2_no_load	3	4	0.493565996034	0.709345707515	3	1080	1	
383	0	180	step_1_no_load	1	2	2	807	
383	0	180	step_2_no_load	5	6	0.482853857291	0.341214611607	6	1091	1	
383	0	181	step_1_no_load	1	2	2	1015	
383	0	181	step_2_no_load	5	6	0.508735114046	0.342402764747	6	1024	0	
383	0	182	step_1_no_load	1	2	1	261	
383	0	182	step_2_no_load	5	6	0.506773281362	0.340533666308	6	1044	0	
383	0	183	step_1_no_load	1	2	1	524	
383	0	183	step_2_no_load	3	4	0.492742497507	0.720388040749	4	1089	1	
383	0	184	step_1_no_load	1	2	1	768	
383	0	184	step_2_no_load	3	4	0.480863422096	0.657291439324	4	964	1	
383	0	185	step_1_no_load	1	2	1	650	
383	0	185	step_2_no_load	5	6	0.479703516092	0.362611152222	5	1016	0	
383	0	186	step_1_no_load	1	2	2	667	
383	0	186	step_2_no_load	5	6	0.46870859828	0.332733011923	6	993	0	
383	0	187	step_1_no_load	1	2	1	863	
383	0	187	step_2_no_load	3	4	0.498596507669	0.678211978625	3	1188	1	
383	0	188	step_1_no_load	1	2	1	700	
383	0	188	step_2_no_load	3	4	0.548350535247	0.696362660087	3	951	1	
383	0	189	step_1_no_load	1	2	1	735	
383	0	189	step_2_no_load	3	4	0.534753756004	0.688353284054	3	961	1	
383	0	190	step_1_no_load	1	2	1	647	
383	0	190	step_2_no_load	3	4	0.505820429042	0.667655825994	3	849	0	
383	0	191	step_1_no_load	1	2	2	681	
383	0	191	step_2_no_load	5	6	0.435748387321	0.318839908867	5	999	0	
383	0	192	step_1_no_load	1	2	2	511	
383	0	192	step_2_no_load	5	6	0.450791310283	0.299297135717	6	943	0	
383	0	193	step_1_no_load	1	2	2	576	
383	0	193	step_2_no_load	5	6	0.440813209638	0.321008037746	5	967	0	
383	0	194	step_1_no_load	1	2	1	695	
383	0	194	step_2_no_load	3	4	0.505359594715	0.655261361454	4	997	1	
383	0	195	step_1_no_load	1	2	1	794	
383	0	195	step_2_no_load	3	4	0.494102184238	0.646280688878	4	1033	0	
383	0	196	step_1_no_load	1	2	1	667	
383	0	196	step_2_no_load	3	4	0.496717662777	0.695101215304	3	1295	1	
383	0	197	step_1_no_load	1	2	1	698	
383	0	197	step_2_no_load	3	4	0.47786945426	0.686552522522	3	885	1	
383	0	198	step_1_no_load	1	2	1	911	
383	0	198	step_2_no_load	3	4	0.485065498391	0.68660989813	3	1081	0	
383	0	199	step_1_no_load	1	2	1	827	
383	0	199	step_2_no_load	3	4	0.529438031858	0.73697129762	3	916	0	
383	0	200	step_1_no_load	1	2	2	720	
383	0	200	step_2_no_load	3	4	0.507902534353	0.728996708473	3	1111	1	

Tue Feb 22 15:17:26 2022
