Thu Mar  3 14:42:25 2022	
384	0	1	step_1_no_load	1	2	2	559	
384	0	1	step_2_no_load	5	6	0.598297890399	0.594299910136	5	1001	1	
384	0	2	step_1_no_load	1	2	2	535	
384	0	2	step_2_no_load	5	6	0.580156942153	0.610961032466	5	713	1	
384	0	3	step_1_no_load	1	2	2	428	
384	0	3	step_2_no_load	5	6	0.584197065669	0.589215227351	5	663	0	
384	0	4	step_1_no_load	1	2	2	541	
384	0	4	step_2_no_load	5	6	0.597491569846	0.564086293706	5	994	0	
384	0	5	step_1_no_load	1	2	2	472	
384	0	5	step_2_no_load	3	4	0.495568760483	0.543908521457	3	953	0	
384	0	6	step_1_no_load	1	2	2	435	
384	0	6	step_2_no_load	5	6	0.585722686883	0.603642866427	6	714	0	
384	0	7	step_1_no_load	1	2	2	553	
384	0	7	step_2_no_load	3	4	0.500071913476	0.506408070053	4	730	1	
384	0	8	step_1_no_load	1	2	2	585	
384	0	8	step_2_no_load	5	6	0.59128639594	0.624210374623	5	911	0	
384	0	9	step_1_no_load	1	2	2	550	
384	0	9	step_2_no_load	5	6	0.598049061473	0.641106877158	5	1159	1	
384	0	10	step_1_no_load	1	2	2	487	
384	0	10	step_2_no_load	5	6	0.652626043146	0.636063269715	5	1159	1	
384	0	11	step_1_no_load	1	2	2	514	
384	0	11	step_2_no_load	5	6	0.69163818036	0.609191465743	5	572	1	
384	0	12	step_1_no_load	1	2	2	500	
384	0	12	step_2_no_load	5	6	0.682786328054	0.552770607849	5	503	1	
384	0	13	step_1_no_load	1	2	2	514	
384	0	13	step_2_no_load	3	4	0.52012981853	0.595790490356	-1	-1	-1	
384	0	14	step_1_no_load	1	2	2	569	
384	0	14	step_2_no_load	5	6	0.629137942344	0.545555696267	5	1176	1	
384	0	15	step_1_no_load	1	2	2	420	
384	0	15	step_2_no_load	5	6	0.612260006668	0.570419113221	5	626	1	
384	0	16	step_1_no_load	1	2	2	404	
384	0	16	step_2_no_load	5	6	0.628091198119	0.553308964466	5	508	0	
384	0	17	step_1_no_load	1	2	2	446	
384	0	17	step_2_no_load	5	6	0.633350170016	0.562895132605	5	921	0	
384	0	18	step_1_no_load	1	2	2	368	
384	0	18	step_2_no_load	5	6	0.626834332012	0.553554620302	5	415	0	
384	0	19	step_1_no_load	1	2	2	1169	
384	0	19	step_2_no_load	5	6	0.619895761657	0.536502319591	6	717	1	
384	0	20	step_1_no_load	1	2	2	379	
384	0	20	step_2_no_load	5	6	0.636521555122	0.491720931314	6	483	1	
384	0	21	step_1_no_load	1	2	2	421	
384	0	21	step_2_no_load	5	6	0.630305464549	0.470207377245	6	427	0	
384	0	22	step_1_no_load	1	2	2	315	
384	0	22	step_2_no_load	5	6	0.621949894727	0.468700882609	5	463	0	
384	0	23	step_1_no_load	1	2	2	312	
384	0	23	step_2_no_load	5	6	0.640163623731	0.513759772011	5	706	1	
384	0	24	step_1_no_load	1	2	2	456	
384	0	24	step_2_no_load	5	6	0.582115115688	0.503316199018	5	556	1	
384	0	25	step_1_no_load	1	2	2	409	
384	0	25	step_2_no_load	3	4	0.503316372362	0.629917901014	3	464	1	
384	0	26	step_1_no_load	1	2	2	584	
384	0	26	step_2_no_load	5	6	0.592410219737	0.532884212818	5	735	1	
384	0	27	step_1_no_load	1	2	2	434	
384	0	27	step_2_no_load	5	6	0.57860777711	0.54756089792	5	480	1	
384	0	28	step_1_no_load	1	2	2	388	
384	0	28	step_2_no_load	3	4	0.520177259699	0.647441527317	3	817	1	
384	0	29	step_1_no_load	1	2	2	372	
384	0	29	step_2_no_load	3	4	0.521159009103	0.618626354124	3	429	1	
384	0	30	step_1_no_load	1	2	2	351	
384	0	30	step_2_no_load	5	6	0.608245979832	0.574272497114	5	442	1	
384	0	31	step_1_no_load	1	2	2	333	
384	0	31	step_2_no_load	5	6	0.636602545794	0.541819886458	5	425	0	
384	0	32	step_1_no_load	1	2	2	632	
384	0	32	step_2_no_load	3	4	0.520318771114	0.605616211083	3	1216	1	
384	0	33	step_1_no_load	1	2	2	419	
384	0	33	step_2_no_load	5	6	0.611700032906	0.542309898544	-1	-1	-1	
384	0	34	step_1_no_load	1	2	2	398	
384	0	34	step_2_no_load	5	6	0.575802910074	0.538523758058	5	421	0	
384	0	35	step_1_no_load	1	2	2	375	
384	0	35	step_2_no_load	5	6	0.566827313385	0.594167768198	6	877	1	
384	0	36	step_1_no_load	1	2	2	488	
384	0	36	step_2_no_load	5	6	0.527635087561	0.611274573488	5	925	0	
384	0	37	step_1_no_load	1	2	2	0	
384	0	37	step_2_no_load	5	6	0.513822304161	0.598446394142	6	936	0	
384	0	38	step_1_no_load	1	2	2	410	
384	0	38	step_2_no_load	5	6	0.539078491643	0.595113730206	5	616	1	
384	0	39	step_1_no_load	1	2	2	441	
384	0	39	step_2_no_load	3	4	0.578640235206	0.634483337633	-1	-1	-1	
384	0	40	step_1_no_load	1	2	2	444	
384	0	40	step_2_no_load	3	4	0.5691386571	0.636994900683	3	499	0	
384	0	41	step_1_no_load	1	2	2	400	
384	0	41	step_2_no_load	5	6	0.524862294848	0.588857868869	5	749	1	
384	0	42	step_1_no_load	1	2	2	436	
384	0	42	step_2_no_load	5	6	0.533857158543	0.609164606591	5	450	0	
384	0	43	step_1_no_load	1	2	2	1170	
384	0	43	step_2_no_load	5	6	0.553703096215	0.612705031264	5	822	0	
384	0	44	step_1_no_load	1	2	2	371	
384	0	44	step_2_no_load	5	6	0.541854396676	0.611481438855	6	491	1	
384	0	45	step_1_no_load	1	2	2	374	
384	0	45	step_2_no_load	3	4	0.5288039409	0.620699591043	3	1016	0	
384	0	46	step_1_no_load	1	2	2	698	
384	0	46	step_2_no_load	5	6	0.55511883717	0.600964500555	5	973	0	
384	0	47	step_1_no_load	1	2	2	650	
384	0	47	step_2_no_load	5	6	0.546259467838	0.598724660986	6	728	1	
384	0	48	step_1_no_load	1	2	2	515	
384	0	48	step_2_no_load	5	6	0.534690828011	0.615767119776	6	542	1	
384	0	49	step_1_no_load	1	2	2	429	
384	0	49	step_2_no_load	5	6	0.512405963374	0.610193185592	6	509	0	
384	0	50	step_1_no_load	1	2	2	368	
384	0	50	step_2_no_load	5	6	0.481616544184	0.606862017918	5	417	0	
384	0	51	step_1_no_load	1	2	2	401	
384	0	51	step_2_no_load	5	6	0.508197321577	0.564866799699	6	425	0	
384	0	52	step_1_no_load	1	2	2	625	
384	0	52	step_2_no_load	5	6	0.513589895419	0.539065404057	5	1010	1	
384	0	53	step_1_no_load	1	2	2	435	
384	0	53	step_2_no_load	5	6	0.475342927439	0.551457882502	5	481	1	
384	0	54	step_1_no_load	1	2	2	368	
384	0	54	step_2_no_load	5	6	0.493362545513	0.570223904064	5	472	0	
384	0	55	step_1_no_load	1	2	2	616	
384	0	55	step_2_no_load	5	6	0.526704292526	0.574045915747	6	689	1	
384	0	56	step_1_no_load	1	2	2	409	
384	0	56	step_2_no_load	5	6	0.538512915562	0.601856598146	6	949	1	
384	0	57	step_1_no_load	1	2	2	363	
384	0	57	step_2_no_load	5	6	0.516475618243	0.641849303307	6	449	1	
384	0	58	step_1_no_load	1	2	2	379	
384	0	58	step_2_no_load	3	4	0.478335218822	0.610896130115	3	1017	0	
384	0	59	step_1_no_load	1	2	2	887	
384	0	59	step_2_no_load	5	6	0.537400760025	0.632500293208	-1	-1	-1	
384	0	60	step_1_no_load	1	2	2	358	
384	0	60	step_2_no_load	5	6	0.479287247283	0.623687406259	5	576	1	
384	0	61	step_1_no_load	1	2	2	512	
384	0	61	step_2_no_load	5	6	0.527144452559	0.669587072502	5	447	1	
384	0	62	step_1_no_load	1	2	2	412	
384	0	62	step_2_no_load	3	4	0.50724109756	0.622820395113	3	485	1	
384	0	63	step_1_no_load	1	2	2	633	
384	0	63	step_2_no_load	5	6	0.519445130796	0.664284493458	6	486	1	
384	0	64	step_1_no_load	1	2	2	525	
384	0	64	step_2_no_load	5	6	0.533849886794	0.642369708469	6	478	1	
384	0	65	step_1_no_load	1	2	2	417	
384	0	65	step_2_no_load	5	6	0.517687993213	0.612660225018	6	461	1	
384	0	66	step_1_no_load	1	2	2	628	
384	0	66	step_2_no_load	5	6	0.555324764318	0.606938648072	6	528	1	
384	0	67	step_1_no_load	1	2	2	434	
384	0	67	step_2_no_load	3	4	0.542076810516	0.674463681351	4	689	0	
384	0	68	step_1_no_load	1	2	-1	-1	
384	0	69	step_1_no_load	1	2	2	454	
384	0	69	step_2_no_load	5	6	0.560462111264	0.622221685203	5	679	0	
384	0	70	step_1_no_load	1	2	2	382	
384	0	70	step_2_no_load	5	6	0.548075770764	0.637556284465	6	383	1	
384	0	71	step_1_no_load	1	2	2	444	
384	0	71	step_2_no_load	5	6	0.546215110045	0.639174917797	6	464	1	
384	0	72	step_1_no_load	1	2	2	458	
384	0	72	step_2_no_load	5	6	0.556486305476	0.626024641967	6	477	0	
384	0	73	step_1_no_load	1	2	2	523	
384	0	73	step_2_no_load	3	4	0.435957313805	0.727961155836	3	1182	0	
384	0	74	step_1_no_load	1	2	2	538	
384	0	74	step_2_no_load	5	6	0.491044983779	0.614462146454	6	1117	0	
384	0	75	step_1_no_load	1	2	2	358	
384	0	75	step_2_no_load	5	6	0.483983914712	0.615552849174	5	392	1	
384	0	76	step_1_no_load	1	2	2	393	
384	0	76	step_2_no_load	5	6	0.518881389358	0.62770291155	5	407	0	
384	0	77	step_1_no_load	1	2	2	517	
384	0	77	step_2_no_load	3	4	0.446809557226	0.679737625371	3	1069	0	
384	0	78	step_1_no_load	1	2	2	429	
384	0	78	step_2_no_load	5	6	0.538654072849	0.536711448352	6	813	1	
384	0	79	step_1_no_load	1	2	2	427	
384	0	79	step_2_no_load	5	6	0.540085062695	0.513695512795	6	449	1	
384	0	80	step_1_no_load	1	2	2	573	
384	0	80	step_2_no_load	3	4	0.396016175285	0.703969305517	4	1350	1	
384	0	81	step_1_no_load	1	2	2	479	
384	0	81	step_2_no_load	3	4	0.419265522488	0.702400933084	3	986	0	
384	0	82	step_1_no_load	1	2	2	602	
384	0	82	step_2_no_load	3	4	0.395813831323	0.688340116885	4	860	0	
384	0	83	step_1_no_load	1	2	2	313	
384	0	83	step_2_no_load	5	6	0.483255412498	0.607907985871	6	953	0	
384	0	84	step_1_no_load	1	2	2	474	
384	0	84	step_2_no_load	5	6	0.505586222209	0.65843840156	5	976	1	
384	0	85	step_1_no_load	1	2	2	525	
384	0	85	step_2_no_load	3	4	0.384458259121	0.712989604416	-1	-1	-1	
384	0	86	step_1_no_load	1	2	2	544	
384	0	86	step_2_no_load	3	4	0.345323068124	0.721207648497	3	472	0	
384	0	87	step_1_no_load	1	2	2	558	
384	0	87	step_2_no_load	5	6	0.493867001103	0.719375344246	5	536	0	
384	0	88	step_1_no_load	1	2	2	396	
384	0	88	step_2_no_load	5	6	0.509563243675	0.717410082358	6	547	1	
384	0	89	step_1_no_load	1	2	2	367	
384	0	89	step_2_no_load	5	6	0.490019385174	0.690772436485	6	444	0	
384	0	90	step_1_no_load	1	2	2	439	
384	0	90	step_2_no_load	5	6	0.530126112124	0.712247848046	5	434	1	
384	0	91	step_1_no_load	1	2	2	369	
384	0	91	step_2_no_load	5	6	0.479087223222	0.685023809334	5	450	1	
384	0	92	step_1_no_load	1	2	2	388	
384	0	92	step_2_no_load	5	6	0.484260039873	0.692406274724	5	415	1	
384	0	93	step_1_no_load	1	2	2	415	
384	0	93	step_2_no_load	5	6	0.473273727684	0.70415710998	5	447	0	
384	0	94	step_1_no_load	1	2	2	616	
384	0	94	step_2_no_load	5	6	0.468637558205	0.719464414227	6	513	1	
384	0	95	step_1_no_load	1	2	2	369	
384	0	95	step_2_no_load	3	4	0.427150666411	0.640209855442	3	1020	1	
384	0	96	step_1_no_load	1	2	2	562	
384	0	96	step_2_no_load	5	6	0.437558890646	0.693739812506	6	992	0	
384	0	97	step_1_no_load	1	2	2	411	
384	0	97	step_2_no_load	5	6	0.455601814112	0.681272614291	5	549	1	
384	0	98	step_1_no_load	1	2	2	585	
384	0	98	step_2_no_load	5	6	0.431479829356	0.70287861952	5	622	0	
384	0	99	step_1_no_load	1	2	2	364	
384	0	99	step_2_no_load	3	4	0.397561363605	0.645191748454	4	1062	1	
384	0	100	step_1_no_load	1	2	2	567	
384	0	100	step_2_no_load	5	6	0.363162156005	0.666227451505	5	540	0	
384	0	101	step_1_no_load	1	2	2	0	
384	0	101	step_2_no_load	3	4	0.497432607584	0.655903528958	3	1191	0	
384	0	102	step_1_no_load	1	2	2	406	
384	0	102	step_2_no_load	5	6	0.326080462175	0.666304534392	6	866	0	
384	0	103	step_1_no_load	1	2	2	434	
384	0	103	step_2_no_load	5	6	0.322834495838	0.663997796029	5	531	0	
384	0	104	step_1_no_load	1	2	2	461	
384	0	104	step_2_no_load	3	4	0.521047445908	0.743372642809	3	1306	1	
384	0	105	step_1_no_load	1	2	2	437	
384	0	105	step_2_no_load	3	4	0.514318365187	0.722851301692	3	1061	0	
384	0	106	step_1_no_load	1	2	2	396	
384	0	106	step_2_no_load	5	6	0.374131494222	0.712883638252	6	1019	1	
384	0	107	step_1_no_load	1	2	2	383	
384	0	107	step_2_no_load	5	6	0.388257337796	0.692607431435	6	450	1	
384	0	108	step_1_no_load	1	2	2	427	
384	0	108	step_2_no_load	3	4	0.526955028982	0.681491063126	4	1237	0	
384	0	109	step_1_no_load	1	2	2	365	
384	0	109	step_2_no_load	5	6	0.372328831887	0.71632547018	5	1144	0	
384	0	110	step_1_no_load	1	2	2	491	
384	0	110	step_2_no_load	5	6	0.395544455384	0.729599891941	6	902	0	
384	0	111	step_1_no_load	1	2	2	379	
384	0	111	step_2_no_load	3	4	0.384948378665	0.634599547742	4	621	1	
384	0	112	step_1_no_load	1	2	2	419	
384	0	112	step_2_no_load	5	6	0.413393106784	0.725701866094	6	606	0	
384	0	113	step_1_no_load	1	2	2	395	
384	0	113	step_2_no_load	3	4	0.370697120277	0.634627459817	4	1113	0	
384	0	114	step_1_no_load	1	2	2	548	
384	0	114	step_2_no_load	3	4	0.380324086676	0.657654904272	3	792	1	
384	0	115	step_1_no_load	1	2	2	480	
384	0	115	step_2_no_load	5	6	0.357661171116	0.739704344621	5	1195	0	
384	0	116	step_1_no_load	1	2	2	401	
384	0	116	step_2_no_load	5	6	0.369438791876	0.706736514943	6	1462	0	
384	0	117	step_1_no_load	1	2	2	397	
384	0	117	step_2_no_load	5	6	0.363056877927	0.747012267642	5	658	0	
384	0	118	step_1_no_load	1	2	2	382	
384	0	118	step_2_no_load	5	6	0.362977115924	0.740051715856	5	468	0	
384	0	119	step_1_no_load	1	2	2	447	
384	0	119	step_2_no_load	5	6	0.358243439099	0.690424535099	6	596	1	
384	0	120	step_1_no_load	1	2	2	387	
384	0	120	step_2_no_load	3	4	0.370150243662	0.666433355915	3	1121	1	
384	0	121	step_1_no_load	1	2	2	496	
384	0	121	step_2_no_load	5	6	0.310775244958	0.658856304095	6	1256	1	
384	0	122	step_1_no_load	1	2	2	411	
384	0	122	step_2_no_load	5	6	0.266650857402	0.6136886145	-1	-1	-1	
384	0	123	step_1_no_load	1	2	2	423	
384	0	123	step_2_no_load	5	6	0.269780614928	0.583607229978	6	447	1	
384	0	124	step_1_no_load	1	2	2	370	
384	0	124	step_2_no_load	5	6	0.26095206597	0.603013298253	6	417	1	
384	0	125	step_1_no_load	1	2	2	394	
384	0	125	step_2_no_load	5	6	0.290374841566	0.559596800931	6	401	1	
384	0	126	step_1_no_load	1	2	2	411	
384	0	126	step_2_no_load	3	4	0.300846667696	0.600985760967	4	452	0	
384	0	127	step_1_no_load	1	2	2	398	
384	0	127	step_2_no_load	3	4	0.274944938508	0.646945556251	3	718	1	
384	0	128	step_1_no_load	1	2	2	390	
384	0	128	step_2_no_load	5	6	0.260252451606	0.636905534066	5	458	0	
384	0	129	step_1_no_load	1	2	2	359	
384	0	129	step_2_no_load	5	6	0.268213321963	0.685297910719	6	675	1	
384	0	130	step_1_no_load	1	2	2	485	
384	0	130	step_2_no_load	5	6	0.267460866951	0.682031489739	6	518	0	
384	0	131	step_1_no_load	1	2	2	420	
384	0	131	step_2_no_load	5	6	0.281500842289	0.678044920845	5	470	0	
384	0	132	step_1_no_load	1	2	2	362	
384	0	132	step_2_no_load	5	6	0.27986961048	0.668578020634	5	956	1	
384	0	133	step_1_no_load	1	2	2	599	
384	0	133	step_2_no_load	3	4	0.312642735495	0.691649444281	3	1289	0	
384	0	134	step_1_no_load	1	2	2	477	
384	0	134	step_2_no_load	5	6	0.287393715313	0.621945110858	6	960	1	
384	0	135	step_1_no_load	1	2	1	1498	
384	0	135	step_2_no_load	5	6	0.300079459047	0.593710006149	-1	-1	-1	
384	0	136	step_1_no_load	1	2	2	509	
384	0	136	step_2_no_load	5	6	0.307766925452	0.597814413435	5	538	0	
384	0	137	step_1_no_load	1	2	2	497	
384	0	137	step_2_no_load	5	6	0.346433498467	0.605896884497	6	967	1	
384	0	138	step_1_no_load	1	2	2	531	
384	0	138	step_2_no_load	3	4	0.307694123906	0.688182193337	4	1059	1	
384	0	139	step_1_no_load	1	2	2	403	
384	0	139	step_2_no_load	5	6	0.325611400511	0.636630981281	6	578	1	
384	0	140	step_1_no_load	1	2	2	469	
384	0	140	step_2_no_load	5	6	0.348740542008	0.671213945178	6	484	1	
384	0	141	step_1_no_load	1	2	2	436	
384	0	141	step_2_no_load	5	6	0.390227133375	0.711987889705	6	452	1	
384	0	142	step_1_no_load	1	2	2	423	
384	0	142	step_2_no_load	5	6	0.397052682821	0.690276058009	6	444	1	
384	0	143	step_1_no_load	1	2	2	419	
384	0	143	step_2_no_load	5	6	0.410970957547	0.661365099615	6	437	0	
384	0	144	step_1_no_load	1	2	2	467	
384	0	144	step_2_no_load	5	6	0.389234194056	0.626443722248	5	1139	0	
384	0	145	step_1_no_load	1	2	2	342	
384	0	145	step_2_no_load	3	4	0.266265924094	0.606515632748	3	356	0	
384	0	146	step_1_no_load	1	2	2	459	
384	0	146	step_2_no_load	5	6	0.320877500969	0.681611991725	6	379	1	
384	0	147	step_1_no_load	1	2	2	379	
384	0	147	step_2_no_load	5	6	0.352879785946	0.647798886916	6	428	0	
384	0	148	step_1_no_load	1	2	2	389	
384	0	148	step_2_no_load	5	6	0.311162711725	0.619272702026	6	402	1	
384	0	149	step_1_no_load	1	2	2	457	
384	0	149	step_2_no_load	5	6	0.300290206122	0.601870110183	6	384	1	
384	0	150	step_1_no_load	1	2	2	470	
384	0	150	step_2_no_load	5	6	0.306860041627	0.575985663078	6	359	1	
384	0	151	step_1_no_load	1	2	2	456	
384	0	151	step_2_no_load	5	6	0.310557101463	0.59154759351	6	472	0	
384	0	152	step_1_no_load	1	2	2	488	
384	0	152	step_2_no_load	3	4	0.307702500543	0.644204174791	4	1293	1	
384	0	153	step_1_no_load	1	2	2	459	
384	0	153	step_2_no_load	5	6	0.343622632154	0.613336203392	6	628	1	
384	0	154	step_1_no_load	1	2	2	522	
384	0	154	step_2_no_load	3	4	0.316375537537	0.671672162443	4	1149	1	
384	0	155	step_1_no_load	1	2	2	424	
384	0	155	step_2_no_load	3	4	0.296093457977	0.716100930629	4	960	0	
384	0	156	step_1_no_load	1	2	2	501	
384	0	156	step_2_no_load	3	4	0.32564867104	0.734436160799	4	617	1	
384	0	157	step_1_no_load	1	2	2	523	
384	0	157	step_2_no_load	5	6	0.324728201487	0.585191807512	6	1212	1	
384	0	158	step_1_no_load	1	2	2	474	
384	0	158	step_2_no_load	5	6	0.334595868098	0.532722108502	6	381	1	
384	0	159	step_1_no_load	1	2	2	512	
384	0	159	step_2_no_load	3	4	0.413026375257	0.697903160072	3	513	0	
384	0	160	step_1_no_load	1	2	2	353	
384	0	160	step_2_no_load	5	6	0.355992626298	0.521229931064	5	625	0	
384	0	161	step_1_no_load	1	2	2	379	
384	0	161	step_2_no_load	3	4	0.407025633682	0.719896286569	4	435	1	
384	0	162	step_1_no_load	1	2	2	478	
384	0	162	step_2_no_load	5	6	0.455329532209	0.566496468084	6	518	1	
384	0	163	step_1_no_load	1	2	2	415	
384	0	163	step_2_no_load	3	4	0.395221309311	0.697095951435	4	1484	1	
384	0	164	step_1_no_load	1	2	2	320	
384	0	164	step_2_no_load	3	4	0.432761720497	0.692137394606	4	679	0	
384	0	165	step_1_no_load	1	2	2	534	
384	0	165	step_2_no_load	5	6	0.347974240867	0.538026607649	6	615	1	
384	0	166	step_1_no_load	1	2	2	782	
384	0	166	step_2_no_load	5	6	0.356317216644	0.549095060025	5	459	1	
384	0	167	step_1_no_load	1	2	2	506	
384	0	167	step_2_no_load	5	6	0.331115714939	0.585131062446	6	518	0	
384	0	168	step_1_no_load	1	2	2	688	
384	0	168	step_2_no_load	5	6	0.335777599654	0.613361520676	6	534	0	
384	0	169	step_1_no_load	1	2	2	840	
384	0	169	step_2_no_load	3	4	0.42098542374	0.704981910944	-1	-1	-1	
384	0	170	step_1_no_load	1	2	2	342	
384	0	170	step_2_no_load	3	4	0.411067820436	0.67334314737	3	429	1	
384	0	171	step_1_no_load	1	2	2	372	
384	0	171	step_2_no_load	5	6	0.425122034074	0.553314431843	5	466	0	
384	0	172	step_1_no_load	1	2	2	426	
384	0	172	step_2_no_load	3	4	0.363617002148	0.668669556875	3	1052	0	
384	0	173	step_1_no_load	1	2	2	367	
384	0	173	step_2_no_load	5	6	0.462866379815	0.484428109849	6	596	0	
384	0	174	step_1_no_load	1	2	2	375	
384	0	174	step_2_no_load	3	4	0.387867297446	0.729877433725	4	462	1	
384	0	175	step_1_no_load	1	2	2	346	
384	0	175	step_2_no_load	5	6	0.484825491933	0.52644949356	6	486	0	
384	0	176	step_1_no_load	1	2	2	416	
384	0	176	step_2_no_load	5	6	0.500856457218	0.474046874473	6	814	1	
384	0	177	step_1_no_load	1	2	2	646	
384	0	177	step_2_no_load	3	4	0.357425668099	0.714070205704	4	1202	1	
384	0	178	step_1_no_load	1	2	2	522	
384	0	178	step_2_no_load	3	4	0.36473828006	0.705993797498	4	479	1	
384	0	179	step_1_no_load	1	2	2	351	
384	0	179	step_2_no_load	5	6	0.493565996034	0.457298770028	6	382	0	
384	0	180	step_1_no_load	1	2	2	356	
384	0	180	step_2_no_load	5	6	0.489345734128	0.482853857291	5	460	1	
384	0	181	step_1_no_load	1	2	2	665	
384	0	181	step_2_no_load	5	6	0.480141179559	0.508735114046	5	383	1	
384	0	182	step_1_no_load	1	2	2	599	
384	0	182	step_2_no_load	5	6	0.49907747228	0.506773281362	5	398	1	
384	0	183	step_1_no_load	1	2	2	364	
384	0	183	step_2_no_load	3	4	0.350175837802	0.720388040749	3	400	0	
384	0	184	step_1_no_load	1	2	2	386	
384	0	184	step_2_no_load	3	4	0.362743255194	0.657291439324	4	378	1	
384	0	185	step_1_no_load	1	2	2	361	
384	0	185	step_2_no_load	3	4	0.362611152222	0.665622647081	4	648	1	
384	0	186	step_1_no_load	1	2	2	538	
384	0	186	step_2_no_load	5	6	0.484672582719	0.46870859828	5	665	1	
384	0	187	step_1_no_load	1	2	2	401	
384	0	187	step_2_no_load	5	6	0.498596507669	0.443962917772	5	461	0	
384	0	188	step_1_no_load	1	2	2	414	
384	0	188	step_2_no_load	3	4	0.291508050861	0.696362660087	4	502	1	
384	0	189	step_1_no_load	1	2	2	419	
384	0	189	step_2_no_load	3	4	0.285168135955	0.688353284054	4	799	0	
384	0	190	step_1_no_load	1	2	2	618	
384	0	190	step_2_no_load	5	6	0.505820429042	0.433568856946	5	437	1	
384	0	191	step_1_no_load	1	2	2	408	
384	0	191	step_2_no_load	5	6	0.512103523931	0.435748387321	5	442	0	
384	0	192	step_1_no_load	1	2	2	400	
384	0	192	step_2_no_load	5	6	0.493851022417	0.450791310283	6	529	0	
384	0	193	step_1_no_load	1	2	2	507	
384	0	193	step_2_no_load	5	6	0.504944704439	0.440813209638	6	955	0	
384	0	194	step_1_no_load	1	2	2	353	
384	0	194	step_2_no_load	3	4	0.342437174514	0.655261361454	4	961	1	
384	0	195	step_1_no_load	1	2	2	359	
384	0	195	step_2_no_load	3	4	0.348571348505	0.646280688878	4	414	0	
384	0	196	step_1_no_load	1	2	2	447	
384	0	196	step_2_no_load	5	6	0.496717662777	0.421761207498	5	676	1	
384	0	197	step_1_no_load	1	2	2	454	
384	0	197	step_2_no_load	5	6	0.47786945426	0.422511153127	5	652	0	
384	0	198	step_1_no_load	1	2	2	392	
384	0	198	step_2_no_load	5	6	0.485065498391	0.397292432346	6	486	1	
384	0	199	step_1_no_load	1	2	2	437	
384	0	199	step_2_no_load	3	4	0.292861528884	0.73697129762	4	1453	1	
384	0	200	step_1_no_load	1	2	2	417	
384	0	200	step_2_no_load	3	4	0.299128796668	0.728996708473	4	627	1	

Thu Mar  3 15:01:54 2022
