Tue Mar 15 14:41:38 2022	
386	0	1	step_1_no_load	1	2	1	1111	
386	0	1	step_2_no_load	5	6	0.511789129507	0.457620150462	5	836	0	
386	0	2	step_1_no_load	1	2	1	384	
386	0	2	step_2_no_load	5	6	0.533203491871	0.474613197709	6	371	0	
386	0	3	step_1_no_load	1	2	2	359	
386	0	3	step_2_no_load	5	6	0.516002945397	0.476767372206	5	392	0	
386	0	4	step_1_no_load	1	2	2	291	
386	0	4	step_2_no_load	5	6	0.494597764192	0.478607661228	6	410	0	
386	0	5	step_1_no_load	1	2	2	278	
386	0	5	step_2_no_load	5	6	0.543908521457	0.495568760483	5	345	0	
386	0	6	step_1_no_load	1	2	1	410	
386	0	6	step_2_no_load	3	4	0.585722686883	0.603642866427	3	597	0	
386	0	7	step_1_no_load	1	2	1	426	
386	0	7	step_2_no_load	3	4	0.568656746487	0.622642364361	4	554	0	
386	0	8	step_1_no_load	1	2	1	290	
386	0	8	step_2_no_load	3	4	0.59128639594	0.624210374623	3	343	0	
386	0	9	step_1_no_load	1	2	1	471	
386	0	9	step_2_no_load	3	4	0.598049061473	0.641106877158	4	364	0	
386	0	10	step_1_no_load	1	2	2	380	
386	0	10	step_2_no_load	5	6	0.576063520885	0.482364178155	6	310	0	
386	0	11	step_1_no_load	1	2	2	295	
386	0	11	step_2_no_load	3	4	0.69163818036	0.609191465743	3	393	1	
386	0	12	step_1_no_load	1	2	2	303	
386	0	12	step_2_no_load	5	6	0.597131918027	0.48457206759	5	441	1	
386	0	13	step_1_no_load	1	2	2	392	
386	0	13	step_2_no_load	3	4	0.653587098421	0.558313135925	3	368	0	
386	0	14	step_1_no_load	1	2	2	389	
386	0	14	step_2_no_load	5	6	0.611256675753	0.491234392147	6	401	0	
386	0	15	step_1_no_load	1	2	2	286	
386	0	15	step_2_no_load	5	6	0.633564630036	0.505377237737	5	522	0	
386	0	16	step_1_no_load	1	2	2	275	
386	0	16	step_2_no_load	3	4	0.628091198119	0.553308964466	3	352	1	
386	0	17	step_1_no_load	1	2	2	388	
386	0	17	step_2_no_load	3	4	0.633350170016	0.562895132605	4	293	1	
386	0	18	step_1_no_load	1	2	2	239	
386	0	18	step_2_no_load	5	6	0.626895526976	0.517514133912	6	312	0	
386	0	19	step_1_no_load	1	2	2	274	
386	0	19	step_2_no_load	3	4	0.619895761657	0.536502319591	3	263	1	
386	0	20	step_1_no_load	1	2	2	338	
386	0	20	step_2_no_load	3	4	0.636521555122	0.491720931314	3	364	1	
386	0	21	step_1_no_load	1	2	2	239	
386	0	21	step_2_no_load	5	6	0.611328949295	0.49769376036	5	401	0	
386	0	22	step_1_no_load	1	2	1	355	
386	0	22	step_2_no_load	5	6	0.618527126547	0.506100011497	5	329	1	
386	0	23	step_1_no_load	1	2	1	361	
386	0	23	step_2_no_load	3	4	0.640163623731	0.513759772011	4	306	1	
386	0	24	step_1_no_load	1	2	2	253	
386	0	24	step_2_no_load	5	6	0.5800912085	0.505388876622	6	339	0	
386	0	25	step_1_no_load	1	2	2	1	
386	0	25	step_2_no_load	3	4	0.565698722896	0.503605105412	3	650	1	
386	0	26	step_1_no_load	1	2	2	245	
386	0	26	step_2_no_load	5	6	0.640635035276	0.511744353778	5	408	0	
386	0	27	step_1_no_load	1	2	2	255	
386	0	27	step_2_no_load	5	6	0.642144756622	0.507272671939	6	418	0	
386	0	28	step_1_no_load	1	2	2	300	
386	0	28	step_2_no_load	3	4	0.588356036098	0.553259388875	3	285	1	
386	0	29	step_1_no_load	1	2	2	263	
386	0	29	step_2_no_load	3	4	0.606613029227	0.561957580386	3	390	1	
386	0	30	step_1_no_load	1	2	2	253	
386	0	30	step_2_no_load	5	6	0.610227092493	0.4919199548	5	325	1	
386	0	31	step_1_no_load	1	2	2	264	
386	0	31	step_2_no_load	5	6	0.606122691795	0.483156722265	5	309	1	
386	0	32	step_1_no_load	1	2	2	243	
386	0	32	step_2_no_load	3	4	0.634585171267	0.522993086096	3	394	1	
386	0	33	step_1_no_load	1	2	2	265	
386	0	33	step_2_no_load	5	6	0.618000238621	0.487664344039	5	311	1	
386	0	34	step_1_no_load	1	2	2	68	
386	0	34	step_2_no_load	5	6	0.670290552209	0.454565258478	5	416	1	
386	0	35	step_1_no_load	1	2	2	285	
386	0	35	step_2_no_load	3	4	0.566827313385	0.594167768198	3	404	1	
386	0	36	step_1_no_load	1	2	2	254	
386	0	36	step_2_no_load	5	6	0.661229326326	0.513210053121	5	445	1	
386	0	37	step_1_no_load	1	2	2	310	
386	0	37	step_2_no_load	5	6	0.660658056664	0.543074626387	5	368	1	
386	0	38	step_1_no_load	1	2	2	260	
386	0	38	step_2_no_load	5	6	0.651263699161	0.553931241266	5	457	0	
386	0	39	step_1_no_load	1	2	2	282	
386	0	39	step_2_no_load	3	4	0.557005857101	0.610601635554	4	312	1	
386	0	40	step_1_no_load	1	2	2	295	
386	0	40	step_2_no_load	5	6	0.636994900683	0.5691386571	5	500	0	
386	0	41	step_1_no_load	1	2	2	242	
386	0	41	step_2_no_load	5	6	0.633285941184	0.583829055298	6	285	1	
386	0	42	step_1_no_load	1	2	2	354	
386	0	42	step_2_no_load	5	6	0.606696263624	0.553461946234	6	318	1	
386	0	43	step_1_no_load	1	2	2	214	
386	0	43	step_2_no_load	3	4	0.553703096215	0.612705031264	3	397	1	
386	0	44	step_1_no_load	1	2	2	305	
386	0	44	step_2_no_load	5	6	0.589653131867	0.537842745081	5	379	0	
386	0	45	step_1_no_load	1	2	1	283	
386	0	45	step_2_no_load	5	6	0.620699591043	0.5288039409	5	404	0	
386	0	46	step_1_no_load	1	2	2	268	
386	0	46	step_2_no_load	5	6	0.654261318712	0.532238720495	5	330	1	
386	0	47	step_1_no_load	1	2	2	278	
386	0	47	step_2_no_load	5	6	0.634373567175	0.493112702321	5	498	1	
386	0	48	step_1_no_load	1	2	2	315	
386	0	48	step_2_no_load	5	6	0.657624935632	0.488280685105	5	484	1	
386	0	49	step_1_no_load	1	2	2	303	
386	0	49	step_2_no_load	5	6	0.614679490594	0.489287375157	5	379	1	
386	0	50	step_1_no_load	1	2	2	293	
386	0	50	step_2_no_load	5	6	0.593458480934	0.47381367271	5	417	0	
386	0	51	step_1_no_load	1	2	2	196	
386	0	51	step_2_no_load	3	4	0.508197321577	0.564866799699	4	360	0	
386	0	52	step_1_no_load	1	2	2	403	
386	0	52	step_2_no_load	5	6	0.613408921915	0.429622901875	5	325	0	
386	0	53	step_1_no_load	1	2	2	746	
386	0	53	step_2_no_load	3	4	0.475342927439	0.551457882502	4	392	1	
386	0	54	step_1_no_load	1	2	2	251	
386	0	54	step_2_no_load	5	6	0.652515308527	0.491512498697	6	282	0	
386	0	55	step_1_no_load	1	2	2	405	
386	0	55	step_2_no_load	5	6	0.639840796975	0.487025527704	5	399	0	
386	0	56	step_1_no_load	1	2	2	466	
386	0	56	step_2_no_load	5	6	0.60038825769	0.459773408493	6	321	1	
386	0	57	step_1_no_load	1	2	2	333	
386	0	57	step_2_no_load	5	6	0.586335094239	0.466449077359	6	329	0	
386	0	58	step_1_no_load	1	2	2	384	
386	0	58	step_2_no_load	5	6	0.610896130115	0.478335218822	5	488	1	
386	0	59	step_1_no_load	1	2	2	421	
386	0	59	step_2_no_load	5	6	0.608951267756	0.480274332693	5	677	0	
386	0	60	step_1_no_load	1	2	2	340	
386	0	60	step_2_no_load	3	4	0.479287247283	0.623687406259	3	448	1	
386	0	61	step_1_no_load	1	2	2	501	
386	0	61	step_2_no_load	5	6	0.602879526975	0.464268875813	5	440	1	
386	0	62	step_1_no_load	1	2	2	273	
386	0	62	step_2_no_load	5	6	0.622820395113	0.50724109756	5	479	1	
386	0	63	step_1_no_load	1	2	2	257	
386	0	63	step_2_no_load	3	4	0.519445130796	0.664284493458	3	397	1	
386	0	64	step_1_no_load	1	2	2	218	
386	0	64	step_2_no_load	5	6	0.626149195169	0.555062911513	5	404	1	
386	0	65	step_1_no_load	1	2	2	255	
386	0	65	step_2_no_load	5	6	0.619953360065	0.569109504048	5	420	0	
386	0	66	step_1_no_load	1	2	2	250	
386	0	66	step_2_no_load	5	6	0.630357351236	0.573761869714	6	302	0	
386	0	67	step_1_no_load	1	2	2	277	
386	0	67	step_2_no_load	5	6	0.674463681351	0.542076810516	5	348	1	
386	0	68	step_1_no_load	1	2	2	434	
386	0	68	step_2_no_load	5	6	0.719455209845	0.509127161919	6	353	1	
386	0	69	step_1_no_load	1	2	2	231	
386	0	69	step_2_no_load	5	6	0.718756538957	0.499137600991	5	338	1	
386	0	70	step_1_no_load	1	2	2	270	
386	0	70	step_2_no_load	5	6	0.697741832068	0.498834901463	6	325	0	
386	0	71	step_1_no_load	1	2	2	243	
386	0	71	step_2_no_load	5	6	0.706816191949	0.482863323776	5	304	1	
386	0	72	step_1_no_load	1	2	2	286	
386	0	72	step_2_no_load	5	6	0.705884789502	0.47409116389	5	372	1	
386	0	73	step_1_no_load	1	2	2	250	
386	0	73	step_2_no_load	3	4	0.50185699984	0.657126403029	3	351	1	
386	0	74	step_1_no_load	1	2	2	276	
386	0	74	step_2_no_load	3	4	0.491044983779	0.614462146454	3	310	1	
386	0	75	step_1_no_load	1	2	2	248	
386	0	75	step_2_no_load	5	6	0.697629587097	0.44832280175	5	295	1	
386	0	76	step_1_no_load	1	2	2	519	
386	0	76	step_2_no_load	5	6	0.690117652944	0.488583631821	5	819	1	
386	0	77	step_1_no_load	1	2	2	1026	
386	0	77	step_2_no_load	5	6	0.679737625371	0.446809557226	5	530	0	
386	0	78	step_1_no_load	1	2	2	267	
386	0	78	step_2_no_load	5	6	0.647586191228	0.435911167612	5	548	1	
386	0	79	step_1_no_load	1	2	2	239	
386	0	79	step_2_no_load	3	4	0.540085062695	0.513695512795	3	338	1	
386	0	80	step_1_no_load	1	2	2	295	
386	0	80	step_2_no_load	3	4	0.49921021142	0.518583383166	4	272	1	
386	0	81	step_1_no_load	1	2	2	376	
386	0	81	step_2_no_load	3	4	0.494116554432	0.529745690463	3	265	1	
386	0	82	step_1_no_load	1	2	2	303	
386	0	82	step_2_no_load	5	6	0.688340116885	0.395813831323	5	348	1	
386	0	83	step_1_no_load	1	2	2	272	
386	0	83	step_2_no_load	5	6	0.726885136842	0.382772464038	5	313	1	
386	0	84	step_1_no_load	1	2	2	246	
386	0	84	step_2_no_load	5	6	0.731466635793	0.385087938645	6	302	0	
386	0	85	step_1_no_load	1	2	2	305	
386	0	85	step_2_no_load	5	6	0.712989604416	0.384458259121	6	308	1	
386	0	86	step_1_no_load	1	2	2	229	
386	0	86	step_2_no_load	3	4	0.486462788728	0.691782850001	3	290	0	
386	0	87	step_1_no_load	1	2	2	126	
386	0	87	step_2_no_load	5	6	0.690012761069	0.40000499778	5	261	0	
386	0	88	step_1_no_load	1	2	2	262	
386	0	88	step_2_no_load	3	4	0.509563243675	0.717410082358	4	293	0	
386	0	89	step_1_no_load	1	2	2	313	
386	0	89	step_2_no_load	5	6	0.660112261017	0.415882489686	6	379	0	
386	0	90	step_1_no_load	1	2	2	548	
386	0	90	step_2_no_load	5	6	0.688736868033	0.411459496853	5	296	1	
386	0	91	step_1_no_load	1	2	2	271	
386	0	91	step_2_no_load	5	6	0.657820521772	0.43534164751	5	312	0	
386	0	92	step_1_no_load	1	2	2	292	
386	0	92	step_2_no_load	5	6	0.679381608313	0.444368850664	6	232	0	
386	0	93	step_1_no_load	1	2	2	264	
386	0	93	step_2_no_load	5	6	0.662863370634	0.439878153082	5	554	1	
386	0	94	step_1_no_load	1	2	2	281	
386	0	94	step_2_no_load	3	4	0.468637558205	0.719464414227	3	335	1	
386	0	95	step_1_no_load	1	2	2	598	
386	0	95	step_2_no_load	3	4	0.42505578884	0.715495469274	3	529	1	
386	0	96	step_1_no_load	1	2	1	469	
386	0	96	step_2_no_load	5	6	0.663095813561	0.383038640121	5	400	0	
386	0	97	step_1_no_load	1	2	1	341	
386	0	97	step_2_no_load	5	6	0.651202057411	0.392885664353	6	365	0	
386	0	98	step_1_no_load	1	2	2	1179	
386	0	98	step_2_no_load	5	6	0.646040060297	0.409778171713	5	734	0	
386	0	99	step_1_no_load	1	2	1	387	
386	0	99	step_2_no_load	3	4	0.375249961522	0.673709850038	3	256	1	
386	0	100	step_1_no_load	1	2	1	335	
386	0	100	step_2_no_load	3	4	0.363162156005	0.666227451505	3	372	0	
386	0	101	step_1_no_load	1	2	1	568	
386	0	101	step_2_no_load	3	4	0.366879421891	0.623812401974	4	413	1	
386	0	102	step_1_no_load	1	2	2	444	
386	0	102	step_2_no_load	5	6	0.663124617603	0.494584754513	5	361	1	
386	0	103	step_1_no_load	1	2	2	568	
386	0	103	step_2_no_load	3	4	0.322834495838	0.663997796029	3	354	1	
386	0	104	step_1_no_load	1	2	1	276	
386	0	104	step_2_no_load	3	4	0.303696146503	0.703870701136	4	477	1	
386	0	105	step_1_no_load	1	2	1	284	
386	0	105	step_2_no_load	3	4	0.352639603242	0.689135357059	4	364	1	
386	0	106	step_1_no_load	1	2	2	415	
386	0	106	step_2_no_load	3	4	0.374131494222	0.712883638252	4	481	1	
386	0	107	step_1_no_load	1	2	2	291	
386	0	107	step_2_no_load	5	6	0.677514185929	0.565220528809	5	364	0	
386	0	108	step_1_no_load	1	2	1	245	
386	0	108	step_2_no_load	5	6	0.681491063126	0.526955028982	5	262	1	
386	0	109	step_1_no_load	1	2	1	255	
386	0	109	step_2_no_load	3	4	0.372328831887	0.71632547018	4	351	1	
386	0	110	step_1_no_load	1	2	2	227	
386	0	110	step_2_no_load	3	4	0.395544455384	0.729599891941	4	208	1	
386	0	111	step_1_no_load	1	2	1	230	
386	0	111	step_2_no_load	3	4	0.407158158569	0.724852671171	4	384	1	
386	0	112	step_1_no_load	1	2	2	282	
386	0	112	step_2_no_load	5	6	0.635252945963	0.392887565883	5	316	0	
386	0	113	step_1_no_load	1	2	2	68	
386	0	113	step_2_no_load	3	4	0.387112818105	0.719324307956	3	413	0	
386	0	114	step_1_no_load	1	2	1	249	
386	0	114	step_2_no_load	3	4	0.384736699284	0.718213323791	3	743	0	
386	0	115	step_1_no_load	1	2	2	303	
386	0	115	step_2_no_load	3	4	0.357661171116	0.739704344621	3	379	1	
386	0	116	step_1_no_load	1	2	2	238	
386	0	116	step_2_no_load	5	6	0.680124293449	0.378149844807	5	299	1	
386	0	117	step_1_no_load	1	2	2	409	
386	0	117	step_2_no_load	5	6	0.671842537277	0.374621793791	6	208	1	
386	0	118	step_1_no_load	1	2	1	273	
386	0	118	step_2_no_load	5	6	0.690484235012	0.357645851833	5	264	1	
386	0	119	step_1_no_load	1	2	1	291	
386	0	119	step_2_no_load	3	4	0.358243439099	0.690424535099	3	253	0	
386	0	120	step_1_no_load	1	2	2	274	
386	0	120	step_2_no_load	5	6	0.666433355915	0.370150243662	5	222	1	
386	0	121	step_1_no_load	1	2	2	267	
386	0	121	step_2_no_load	5	6	0.671052306195	0.352721767208	5	290	0	
386	0	122	step_1_no_load	1	2	1	438	
386	0	122	step_2_no_load	3	4	0.266650857402	0.6136886145	3	373	1	
386	0	123	step_1_no_load	1	2	1	1044	
386	0	123	step_2_no_load	5	6	0.664849878232	0.337526896345	5	1023	0	
386	0	124	step_1_no_load	1	2	2	526	
386	0	124	step_2_no_load	5	6	0.624161788269	0.309430836661	5	820	0	
386	0	125	step_1_no_load	1	2	1	350	
386	0	125	step_2_no_load	3	4	0.290374841566	0.559596800931	4	550	0	
386	0	126	step_1_no_load	1	2	2	623	
386	0	126	step_2_no_load	5	6	0.600985760967	0.300846667696	5	495	1	
386	0	127	step_1_no_load	1	2	2	598	
386	0	127	step_2_no_load	5	6	0.646945556251	0.274944938508	5	565	1	
386	0	128	step_1_no_load	1	2	2	504	
386	0	128	step_2_no_load	5	6	0.620672334996	0.250790232267	5	419	0	
386	0	129	step_1_no_load	1	2	1	339	
386	0	129	step_2_no_load	3	4	0.268213321963	0.685297910719	4	994	0	
386	0	130	step_1_no_load	1	2	2	1014	
386	0	130	step_2_no_load	5	6	0.630285316669	0.274560758494	5	627	1	
386	0	131	step_1_no_load	1	2	2	603	
386	0	131	step_2_no_load	5	6	0.638450601212	0.311475039155	5	1041	1	
386	0	132	step_1_no_load	1	2	2	500	
386	0	132	step_2_no_load	5	6	0.660013924697	0.315328810424	5	390	1	
386	0	133	step_1_no_load	1	2	1	751	
386	0	133	step_2_no_load	3	4	0.315608831386	0.617383991623	3	983	1	
386	0	134	step_1_no_load	1	2	1	568	
386	0	134	step_2_no_load	3	4	0.287393715313	0.621945110858	3	990	0	
386	0	135	step_1_no_load	1	2	2	971	
386	0	135	step_2_no_load	5	6	0.700779221781	0.287118934166	5	551	1	
386	0	136	step_1_no_load	1	2	2	520	
386	0	136	step_2_no_load	3	4	0.307766925452	0.597814413435	3	426	1	
386	0	137	step_1_no_load	1	2	2	578	
386	0	137	step_2_no_load	5	6	0.668540846495	0.325016613024	5	357	1	
386	0	138	step_1_no_load	1	2	1	762	
386	0	138	step_2_no_load	5	6	0.688182193337	0.307694123906	5	1123	0	
386	0	139	step_1_no_load	1	2	1	792	
386	0	139	step_2_no_load	3	4	0.325611400511	0.636630981281	3	944	0	
386	0	140	step_1_no_load	1	2	2	344	
386	0	140	step_2_no_load	3	4	0.348740542008	0.671213945178	3	315	0	
386	0	141	step_1_no_load	1	2	2	483	
386	0	141	step_2_no_load	5	6	0.616803346728	0.311809871418	6	728	0	
386	0	142	step_1_no_load	1	2	1	689	
386	0	142	step_2_no_load	5	6	0.627356259123	0.304203281606	5	741	1	
386	0	143	step_1_no_load	1	2	1	779	
386	0	143	step_2_no_load	3	4	0.410970957547	0.661365099615	3	1402	0	
386	0	144	step_1_no_load	1	2	2	367	
386	0	144	step_2_no_load	5	6	0.639347300184	0.275932517017	5	409	1	
386	0	145	step_1_no_load	1	2	2	676	
386	0	145	step_2_no_load	5	6	0.606515632748	0.266265924094	5	396	0	
386	0	146	step_1_no_load	1	2	1	303	
386	0	146	step_2_no_load	5	6	0.593778463268	0.257861956214	5	452	1	
386	0	147	step_1_no_load	1	2	2	441	
386	0	147	step_2_no_load	3	4	0.352879785946	0.647798886916	3	419	1	
386	0	148	step_1_no_load	1	2	2	256	
386	0	148	step_2_no_load	3	4	0.311162711725	0.619272702026	3	328	0	
386	0	149	step_1_no_load	1	2	1	321	
386	0	149	step_2_no_load	5	6	0.623203869836	0.269951834184	5	374	1	
386	0	150	step_1_no_load	1	2	2	245	
386	0	150	step_2_no_load	3	4	0.306860041627	0.575985663078	3	493	1	
386	0	151	step_1_no_load	1	2	2	385	
386	0	151	step_2_no_load	5	6	0.614159737668	0.348172164421	5	503	1	
386	0	152	step_1_no_load	1	2	1	223	
386	0	152	step_2_no_load	5	6	0.644204174791	0.307702500543	5	357	0	
386	0	153	step_1_no_load	1	2	2	329	
386	0	153	step_2_no_load	3	4	0.343622632154	0.613336203392	3	334	1	
386	0	154	step_1_no_load	1	2	2	352	
386	0	154	step_2_no_load	5	6	0.671672162443	0.316375537537	6	504	0	
386	0	155	step_1_no_load	1	2	2	231	
386	0	155	step_2_no_load	5	6	0.716100930629	0.296093457977	5	250	1	
386	0	156	step_1_no_load	1	2	1	715	
386	0	156	step_2_no_load	5	6	0.734436160799	0.32564867104	5	1342	1	
386	0	157	step_1_no_load	1	2	2	317	
386	0	157	step_2_no_load	5	6	0.720725456325	0.350909357271	5	245	1	
386	0	158	step_1_no_load	1	2	2	158	
386	0	158	step_2_no_load	3	4	0.334595868098	0.532722108502	3	291	1	
386	0	159	step_1_no_load	1	2	1	197	
386	0	159	step_2_no_load	3	4	0.321150411254	0.541222065796	3	299	0	
386	0	160	step_1_no_load	1	2	1	413	
386	0	160	step_2_no_load	3	4	0.355992626298	0.521229931064	4	354	1	
386	0	161	step_1_no_load	1	2	2	247	
386	0	161	step_2_no_load	5	6	0.719896286569	0.407025633682	5	325	1	
386	0	162	step_1_no_load	1	2	2	269	
386	0	162	step_2_no_load	5	6	0.695144769903	0.3926701003	5	317	1	
386	0	163	step_1_no_load	1	2	2	284	
386	0	163	step_2_no_load	3	4	0.430920885959	0.5863391277	3	347	0	
386	0	164	step_1_no_load	1	2	1	291	
386	0	164	step_2_no_load	3	4	0.430844125626	0.585961845322	3	254	0	
386	0	165	step_1_no_load	1	2	2	265	
386	0	165	step_2_no_load	5	6	0.717506143195	0.463777557969	5	288	1	
386	0	166	step_1_no_load	1	2	2	313	
386	0	166	step_2_no_load	5	6	0.686594248975	0.422282731054	5	243	1	
386	0	167	step_1_no_load	1	2	2	322	
386	0	167	step_2_no_load	5	6	0.706271792549	0.38753671275	5	264	1	
386	0	168	step_1_no_load	1	2	2	243	
386	0	168	step_2_no_load	5	6	0.67192508984	0.400817642375	5	362	1	
386	0	169	step_1_no_load	1	2	2	326	
386	0	169	step_2_no_load	5	6	0.704981910944	0.42098542374	5	238	0	
386	0	170	step_1_no_load	1	2	2	275	
386	0	170	step_2_no_load	5	6	0.67334314737	0.411067820436	6	181	0	
386	0	171	step_1_no_load	1	2	2	259	
386	0	171	step_2_no_load	5	6	0.727248140829	0.386979310814	5	294	1	
386	0	172	step_1_no_load	1	2	2	284	
386	0	172	step_2_no_load	5	6	0.668669556875	0.363617002148	5	253	0	
386	0	173	step_1_no_load	1	2	2	429	
386	0	173	step_2_no_load	3	4	0.462866379815	0.484428109849	3	306	0	
386	0	174	step_1_no_load	1	2	1	256	
386	0	174	step_2_no_load	3	4	0.46236234172	0.472729524832	3	262	1	
386	0	175	step_1_no_load	1	2	1	387	
386	0	175	step_2_no_load	3	4	0.484825491933	0.52644949356	3	361	1	
386	0	176	step_1_no_load	1	2	2	221	
386	0	176	step_2_no_load	5	6	0.679250000396	0.383231572002	5	316	1	
386	0	177	step_1_no_load	1	2	2	63	
386	0	177	step_2_no_load	5	6	0.714070205704	0.357425668099	5	295	1	
386	0	178	step_1_no_load	1	2	2	342	
386	0	178	step_2_no_load	5	6	0.705993797498	0.36473828006	5	221	1	
386	0	179	step_1_no_load	1	2	2	275	
386	0	179	step_2_no_load	5	6	0.709345707515	0.324685418097	5	252	1	
386	0	180	step_1_no_load	1	2	2	48	
386	0	180	step_2_no_load	5	6	0.719795072986	0.341214611607	5	344	1	
386	0	181	step_1_no_load	1	2	2	318	
386	0	181	step_2_no_load	5	6	0.746910336326	0.342402764747	5	403	1	
386	0	182	step_1_no_load	1	2	2	291	
386	0	182	step_2_no_load	5	6	0.72717560423	0.340533666308	5	333	1	
386	0	183	step_1_no_load	1	2	2	324	
386	0	183	step_2_no_load	5	6	0.720388040749	0.350175837802	5	383	1	
386	0	184	step_1_no_load	1	2	1	229	
386	0	184	step_2_no_load	3	4	0.480863422096	0.460890977786	3	271	0	
386	0	185	step_1_no_load	1	2	2	267	
386	0	185	step_2_no_load	5	6	0.665622647081	0.362611152222	5	348	0	
386	0	186	step_1_no_load	1	2	2	183	
386	0	186	step_2_no_load	3	4	0.484672582719	0.46870859828	4	101	1	
386	0	187	step_1_no_load	1	2	2	342	
386	0	187	step_2_no_load	5	6	0.678211978625	0.328890769988	6	112	1	
386	0	188	step_1_no_load	1	2	2	238	
386	0	188	step_2_no_load	3	4	0.548350535247	0.471319680586	4	289	0	
386	0	189	step_1_no_load	1	2	2	234	
386	0	189	step_2_no_load	5	6	0.688353284054	0.285168135955	5	308	1	
386	0	190	step_1_no_load	1	2	2	326	
386	0	190	step_2_no_load	5	6	0.667655825994	0.304557739386	5	290	1	
386	0	191	step_1_no_load	1	2	2	306	
386	0	191	step_2_no_load	5	6	0.664271461991	0.318839908867	5	272	0	
386	0	192	step_1_no_load	1	2	2	274	
386	0	192	step_2_no_load	5	6	0.705517419189	0.299297135717	5	235	1	
386	0	193	step_1_no_load	1	2	2	344	
386	0	193	step_2_no_load	5	6	0.679792491164	0.321008037746	5	233	1	
386	0	194	step_1_no_load	1	2	1	313	
386	0	194	step_2_no_load	5	6	0.655261361454	0.342437174514	6	367	0	
386	0	195	step_1_no_load	1	2	1	124	
386	0	195	step_2_no_load	3	4	0.494102184238	0.466795336969	3	275	1	
386	0	196	step_1_no_load	1	2	1	239	
386	0	196	step_2_no_load	5	6	0.695101215304	0.365373286058	5	248	1	
386	0	197	step_1_no_load	1	2	2	212	
386	0	197	step_2_no_load	5	6	0.686552522522	0.316987700969	5	336	1	
386	0	198	step_1_no_load	1	2	2	256	
386	0	198	step_2_no_load	5	6	0.68660989813	0.303352625941	5	285	1	
386	0	199	step_1_no_load	1	2	1	251	
386	0	199	step_2_no_load	5	6	0.73697129762	0.292861528884	6	284	0	
386	0	200	step_1_no_load	1	2	2	202	
386	0	200	step_2_no_load	5	6	0.728996708473	0.299128796668	6	263	1	

Tue Mar 15 14:59:26 2022
