Thu Mar 31 14:47:44 2022	
387	0	1	step_1_no_load	1	2	2	390	
387	0	1	step_2_no_load	5	6	0.594299910136	0.598297890399	6	556	1	
387	0	2	step_1_no_load	1	2	2	429	
387	0	2	step_2_no_load	3	4	0.474613197709	0.533203491871	4	496	0	
387	0	3	step_1_no_load	1	2	2	552	
387	0	3	step_2_no_load	5	6	0.589215227351	0.584197065669	6	995	1	
387	0	4	step_1_no_load	1	2	1	1248	
387	0	4	step_2_no_load	5	6	0.564086293706	0.597491569846	6	608	1	
387	0	5	step_1_no_load	1	2	1	318	
387	0	5	step_2_no_load	3	4	0.495568760483	0.543908521457	3	829	0	
387	0	6	step_1_no_load	1	2	1	326	
387	0	6	step_2_no_load	3	4	0.506877622204	0.490454120702	4	613	0	
387	0	7	step_1_no_load	1	2	2	360	
387	0	7	step_2_no_load	5	6	0.622642364361	0.568656746487	6	733	1	
387	0	8	step_1_no_load	1	2	2	435	
387	0	8	step_2_no_load	3	4	0.489816616396	0.499203529332	3	1229	0	
387	0	9	step_1_no_load	1	2	2	402	
387	0	9	step_2_no_load	5	6	0.641106877158	0.598049061473	6	1126	1	
387	0	10	step_1_no_load	1	2	2	587	
387	0	10	step_2_no_load	3	4	0.482364178155	0.576063520885	-1	-1	-1	
387	0	11	step_1_no_load	1	2	2	316	
387	0	11	step_2_no_load	5	6	0.609191465743	0.69163818036	6	356	0	
387	0	12	step_1_no_load	1	2	2	244	
387	0	12	step_2_no_load	3	4	0.48457206759	0.597131918027	3	416	0	
387	0	13	step_1_no_load	1	2	2	250	
387	0	13	step_2_no_load	5	6	0.558313135925	0.653587098421	6	650	0	
387	0	14	step_1_no_load	1	2	2	233	
387	0	14	step_2_no_load	5	6	0.545555696267	0.629137942344	5	505	0	
387	0	15	step_1_no_load	1	2	1	310	
387	0	15	step_2_no_load	3	4	0.505377237737	0.633564630036	4	386	1	
387	0	16	step_1_no_load	1	2	1	293	
387	0	16	step_2_no_load	5	6	0.553308964466	0.628091198119	6	796	0	
387	0	17	step_1_no_load	1	2	1	294	
387	0	17	step_2_no_load	5	6	0.562895132605	0.633350170016	6	419	0	
387	0	18	step_1_no_load	1	2	1	424	
387	0	18	step_2_no_load	3	4	0.517514133912	0.626895526976	4	576	0	
387	0	19	step_1_no_load	1	2	1	301	
387	0	19	step_2_no_load	3	4	0.498240186199	0.644773170243	3	421	0	
387	0	20	step_1_no_load	1	2	2	328	
387	0	20	step_2_no_load	5	6	0.491720931314	0.636521555122	5	347	0	
387	0	21	step_1_no_load	1	2	2	554	
387	0	21	step_2_no_load	3	4	0.49769376036	0.611328949295	4	1151	1	
387	0	22	step_1_no_load	1	2	2	424	
387	0	22	step_2_no_load	5	6	0.468700882609	0.621949894727	6	600	0	
387	0	23	step_1_no_load	1	2	1	516	
387	0	23	step_2_no_load	5	6	0.513759772011	0.640163623731	6	861	0	
387	0	24	step_1_no_load	1	2	1	1114	
387	0	24	step_2_no_load	3	4	0.505388876622	0.5800912085	4	690	1	
387	0	25	step_1_no_load	1	2	1	303	
387	0	25	step_2_no_load	3	4	0.503316372362	0.629917901014	4	698	1	
387	0	26	step_1_no_load	1	2	1	295	
387	0	26	step_2_no_load	3	4	0.511744353778	0.640635035276	4	416	1	
387	0	27	step_1_no_load	1	2	1	309	
387	0	27	step_2_no_load	3	4	0.507272671939	0.642144756622	4	673	1	
387	0	28	step_1_no_load	1	2	1	328	
387	0	28	step_2_no_load	3	4	0.520177259699	0.647441527317	4	591	0	
387	0	29	step_1_no_load	1	2	1	321	
387	0	29	step_2_no_load	3	4	0.521159009103	0.618626354124	4	602	0	
387	0	30	step_1_no_load	1	2	1	556	
387	0	30	step_2_no_load	3	4	0.4919199548	0.610227092493	3	828	0	
387	0	31	step_1_no_load	1	2	2	514	
387	0	31	step_2_no_load	3	4	0.483156722265	0.606122691795	3	718	0	
387	0	32	step_1_no_load	1	2	2	303	
387	0	32	step_2_no_load	3	4	0.520318771114	0.605616211083	4	784	0	
387	0	33	step_1_no_load	1	2	2	643	
387	0	33	step_2_no_load	5	6	0.542309898544	0.611700032906	6	658	1	
387	0	34	step_1_no_load	1	2	2	577	
387	0	34	step_2_no_load	5	6	0.538523758058	0.575802910074	6	508	0	
387	0	35	step_1_no_load	1	2	2	833	
387	0	35	step_2_no_load	5	6	0.594167768198	0.566827313385	5	465	1	
387	0	36	step_1_no_load	1	2	2	545	
387	0	36	step_2_no_load	5	6	0.611274573488	0.527635087561	5	597	1	
387	0	37	step_1_no_load	1	2	2	532	
387	0	37	step_2_no_load	5	6	0.598446394142	0.513822304161	5	530	1	
387	0	38	step_1_no_load	1	2	2	753	
387	0	38	step_2_no_load	5	6	0.595113730206	0.539078491643	5	438	0	
387	0	39	step_1_no_load	1	2	2	295	
387	0	39	step_2_no_load	5	6	0.610601635554	0.557005857101	5	362	0	
387	0	40	step_1_no_load	1	2	1	273	
387	0	40	step_2_no_load	3	4	0.5691386571	0.636994900683	4	566	1	
387	0	41	step_1_no_load	1	2	1	349	
387	0	41	step_2_no_load	3	4	0.583829055298	0.633285941184	4	646	1	
387	0	42	step_1_no_load	1	2	1	307	
387	0	42	step_2_no_load	3	4	0.553461946234	0.606696263624	4	392	0	
387	0	43	step_1_no_load	1	2	1	280	
387	0	43	step_2_no_load	3	4	0.548128010644	0.581931546759	3	971	0	
387	0	44	step_1_no_load	1	2	1	359	
387	0	44	step_2_no_load	3	4	0.537842745081	0.589653131867	4	651	1	
387	0	45	step_1_no_load	1	2	1	539	
387	0	45	step_2_no_load	3	4	0.5288039409	0.620699591043	4	508	0	
387	0	46	step_1_no_load	1	2	1	305	
387	0	46	step_2_no_load	5	6	0.600964500555	0.55511883717	6	825	1	
387	0	47	step_1_no_load	1	2	1	305	
387	0	47	step_2_no_load	3	4	0.493112702321	0.634373567175	4	475	1	
387	0	48	step_1_no_load	1	2	1	379	
387	0	48	step_2_no_load	3	4	0.488280685105	0.657624935632	4	444	1	
387	0	49	step_1_no_load	1	2	1	322	
387	0	49	step_2_no_load	3	4	0.489287375157	0.614679490594	4	396	1	
387	0	50	step_1_no_load	1	2	1	301	
387	0	50	step_2_no_load	5	6	0.606862017918	0.481616544184	6	378	0	
387	0	51	step_1_no_load	1	2	1	269	
387	0	51	step_2_no_load	3	4	0.469943944943	0.613357430892	4	710	1	
387	0	52	step_1_no_load	1	2	1	275	
387	0	52	step_2_no_load	5	6	0.539065404057	0.513589895419	5	906	1	
387	0	53	step_1_no_load	1	2	1	309	
387	0	53	step_2_no_load	5	6	0.551457882502	0.475342927439	6	358	0	
387	0	54	step_1_no_load	1	2	1	503	
387	0	54	step_2_no_load	3	4	0.491512498697	0.652515308527	4	555	1	
387	0	55	step_1_no_load	1	2	1	396	
387	0	55	step_2_no_load	5	6	0.574045915747	0.526704292526	5	458	0	
387	0	56	step_1_no_load	1	2	1	464	
387	0	56	step_2_no_load	3	4	0.459773408493	0.60038825769	4	485	0	
387	0	57	step_1_no_load	1	2	1	556	
387	0	57	step_2_no_load	3	4	0.466449077359	0.586335094239	4	490	1	
387	0	58	step_1_no_load	1	2	1	344	
387	0	58	step_2_no_load	5	6	0.664682809182	0.528376440027	6	1211	1	
387	0	59	step_1_no_load	1	2	1	341	
387	0	59	step_2_no_load	3	4	0.480274332693	0.608951267756	4	421	1	
387	0	60	step_1_no_load	1	2	1	345	
387	0	60	step_2_no_load	3	4	0.491916707098	0.599559577859	4	1138	1	
387	0	61	step_1_no_load	1	2	1	321	
387	0	61	step_2_no_load	3	4	0.464268875813	0.602879526975	4	700	0	
387	0	62	step_1_no_load	1	2	1	299	
387	0	62	step_2_no_load	3	4	0.50724109756	0.622820395113	4	981	1	
387	0	63	step_1_no_load	1	2	1	503	
387	0	63	step_2_no_load	3	4	0.53192660365	0.642623127313	4	851	1	
387	0	64	step_1_no_load	1	2	1	328	
387	0	64	step_2_no_load	5	6	0.642369708469	0.533849886794	5	1057	1	
387	0	65	step_1_no_load	1	2	1	498	
387	0	65	step_2_no_load	3	4	0.569109504048	0.619953360065	4	647	1	
387	0	66	step_1_no_load	1	2	1	418	
387	0	66	step_2_no_load	3	4	0.573761869714	0.630357351236	4	576	1	
387	0	67	step_1_no_load	1	2	1	276	
387	0	67	step_2_no_load	5	6	0.597650193897	0.538279387614	5	391	1	
387	0	68	step_1_no_load	1	2	1	778	
387	0	68	step_2_no_load	5	6	0.622963076372	0.523301545299	5	793	1	
387	0	69	step_1_no_load	1	2	1	292	
387	0	69	step_2_no_load	5	6	0.622221685203	0.560462111264	5	951	1	
387	0	70	step_1_no_load	1	2	2	793	
387	0	70	step_2_no_load	3	4	0.498834901463	0.697741832068	4	918	0	
387	0	71	step_1_no_load	1	2	2	851	
387	0	71	step_2_no_load	3	4	0.482863323776	0.706816191949	3	1305	0	
387	0	72	step_1_no_load	1	2	2	866	
387	0	72	step_2_no_load	5	6	0.626024641967	0.556486305476	5	791	1	
387	0	73	step_1_no_load	1	2	2	313	
387	0	73	step_2_no_load	5	6	0.657126403029	0.50185699984	5	649	1	
387	0	74	step_1_no_load	1	2	2	445	
387	0	74	step_2_no_load	5	6	0.614462146454	0.491044983779	5	458	1	
387	0	75	step_1_no_load	1	2	2	483	
387	0	75	step_2_no_load	5	6	0.615552849174	0.483983914712	5	575	0	
387	0	76	step_1_no_load	1	2	2	304	
387	0	76	step_2_no_load	5	6	0.62770291155	0.518881389358	5	598	1	
387	0	77	step_1_no_load	1	2	2	442	
387	0	77	step_2_no_load	3	4	0.446809557226	0.679737625371	3	478	0	
387	0	78	step_1_no_load	1	2	2	335	
387	0	78	step_2_no_load	5	6	0.536711448352	0.538654072849	5	628	0	
387	0	79	step_1_no_load	1	2	2	513	
387	0	79	step_2_no_load	3	4	0.389124152368	0.647841624544	4	912	1	
387	0	80	step_1_no_load	1	2	2	299	
387	0	80	step_2_no_load	3	4	0.396016175285	0.703969305517	4	993	1	
387	0	81	step_1_no_load	1	2	2	302	
387	0	81	step_2_no_load	5	6	0.529745690463	0.494116554432	6	1085	1	
387	0	82	step_1_no_load	1	2	2	313	
387	0	82	step_2_no_load	5	6	0.564729328387	0.482727017837	6	421	1	
387	0	83	step_1_no_load	1	2	2	275	
387	0	83	step_2_no_load	5	6	0.607907985871	0.483255412498	6	426	0	
387	0	84	step_1_no_load	1	2	1	515	
387	0	84	step_2_no_load	5	6	0.65843840156	0.505586222209	5	1045	1	
387	0	85	step_1_no_load	1	2	1	286	
387	0	85	step_2_no_load	5	6	0.692384972752	0.485785534744	5	537	1	
387	0	86	step_1_no_load	1	2	1	285	
387	0	86	step_2_no_load	3	4	0.345323068124	0.721207648497	4	557	1	
387	0	87	step_1_no_load	1	2	1	306	
387	0	87	step_2_no_load	5	6	0.719375344246	0.493867001103	5	767	1	
387	0	88	step_1_no_load	1	2	1	270	
387	0	88	step_2_no_load	3	4	0.377947492322	0.696773608304	4	555	1	
387	0	89	step_1_no_load	1	2	1	263	
387	0	89	step_2_no_load	3	4	0.415882489686	0.660112261017	4	666	1	
387	0	90	step_1_no_load	1	2	1	337	
387	0	90	step_2_no_load	5	6	0.712247848046	0.530126112124	5	843	1	
387	0	91	step_1_no_load	1	2	1	390	
387	0	91	step_2_no_load	3	4	0.43534164751	0.657820521772	4	463	1	
387	0	92	step_1_no_load	1	2	1	418	
387	0	92	step_2_no_load	3	4	0.444368850664	0.679381608313	4	408	1	
387	0	93	step_1_no_load	1	2	1	299	
387	0	93	step_2_no_load	3	4	0.439878153082	0.662863370634	4	497	1	
387	0	94	step_1_no_load	1	2	1	325	
387	0	94	step_2_no_load	3	4	0.429211756872	0.668295023896	4	418	1	
387	0	95	step_1_no_load	1	2	1	261	
387	0	95	step_2_no_load	3	4	0.427150666411	0.640209855442	4	785	1	
387	0	96	step_1_no_load	1	2	1	266	
387	0	96	step_2_no_load	3	4	0.383038640121	0.663095813561	4	439	1	
387	0	97	step_1_no_load	1	2	1	306	
387	0	97	step_2_no_load	3	4	0.392885664353	0.651202057411	4	353	1	
387	0	98	step_1_no_load	1	2	1	452	
387	0	98	step_2_no_load	3	4	0.409778171713	0.646040060297	4	776	0	
387	0	99	step_1_no_load	1	2	1	285	
387	0	99	step_2_no_load	3	4	0.397561363605	0.645191748454	4	948	1	
387	0	100	step_1_no_load	1	2	1	361	
387	0	100	step_2_no_load	3	4	0.4333505304	0.66579920021	4	548	1	
387	0	101	step_1_no_load	1	2	1	279	
387	0	101	step_2_no_load	3	4	0.497432607584	0.655903528958	4	315	1	
387	0	102	step_1_no_load	1	2	1	285	
387	0	102	step_2_no_load	3	4	0.494584754513	0.663124617603	4	327	0	
387	0	103	step_1_no_load	1	2	1	648	
387	0	103	step_2_no_load	3	4	0.481975449893	0.69058998368	4	459	0	
387	0	104	step_1_no_load	1	2	2	563	
387	0	104	step_2_no_load	5	6	0.703870701136	0.303696146503	5	478	1	
387	0	105	step_1_no_load	1	2	2	363	
387	0	105	step_2_no_load	5	6	0.689135357059	0.352639603242	5	390	1	
387	0	106	step_1_no_load	1	2	2	544	
387	0	106	step_2_no_load	3	4	0.508908032404	0.699623252899	4	1075	1	
387	0	107	step_1_no_load	1	2	2	255	
387	0	107	step_2_no_load	5	6	0.692607431435	0.388257337796	5	827	1	
387	0	108	step_1_no_load	1	2	2	255	
387	0	108	step_2_no_load	5	6	0.695928523711	0.388185708856	5	493	0	
387	0	109	step_1_no_load	1	2	2	285	
387	0	109	step_2_no_load	5	6	0.71632547018	0.372328831887	5	509	0	
387	0	110	step_1_no_load	1	2	1	293	
387	0	110	step_2_no_load	3	4	0.432626681236	0.65455226558	4	439	0	
387	0	111	step_1_no_load	1	2	1	431	
387	0	111	step_2_no_load	5	6	0.724852671171	0.407158158569	5	1108	1	
387	0	112	step_1_no_load	1	2	1	301	
387	0	112	step_2_no_load	5	6	0.725701866094	0.413393106784	5	730	1	
387	0	113	step_1_no_load	1	2	1	407	
387	0	113	step_2_no_load	3	4	0.370697120277	0.634627459817	4	645	0	
387	0	114	step_1_no_load	1	2	1	265	
387	0	114	step_2_no_load	3	4	0.380324086676	0.657654904272	3	627	1	
387	0	115	step_1_no_load	1	2	1	319	
387	0	115	step_2_no_load	3	4	0.390027643099	0.645721217949	3	997	1	
387	0	116	step_1_no_load	1	2	1	249	
387	0	116	step_2_no_load	3	4	0.378149844807	0.680124293449	3	412	0	
387	0	117	step_1_no_load	1	2	2	283	
387	0	117	step_2_no_load	5	6	0.747012267642	0.363056877927	5	395	0	
387	0	118	step_1_no_load	1	2	2	280	
387	0	118	step_2_no_load	5	6	0.740051715856	0.362977115924	6	502	0	
387	0	119	step_1_no_load	1	2	1	287	
387	0	119	step_2_no_load	5	6	0.690424535099	0.358243439099	6	407	0	
387	0	120	step_1_no_load	1	2	1	245	
387	0	120	step_2_no_load	3	4	0.370150243662	0.666433355915	4	652	1	
387	0	121	step_1_no_load	1	2	1	269	
387	0	121	step_2_no_load	5	6	0.658856304095	0.310775244958	5	1025	1	
387	0	122	step_1_no_load	1	2	1	289	
387	0	122	step_2_no_load	5	6	0.6136886145	0.266650857402	5	806	1	
387	0	123	step_1_no_load	1	2	1	412	
387	0	123	step_2_no_load	5	6	0.583607229978	0.269780614928	5	846	0	
387	0	124	step_1_no_load	1	2	1	275	
387	0	124	step_2_no_load	3	4	0.309430836661	0.624161788269	4	398	1	
387	0	125	step_1_no_load	1	2	1	465	
387	0	125	step_2_no_load	3	4	0.303110862715	0.633566302563	4	744	1	
387	0	126	step_1_no_load	1	2	1	261	
387	0	126	step_2_no_load	5	6	0.537863824328	0.267206368684	6	660	0	
387	0	127	step_1_no_load	1	2	1	277	
387	0	127	step_2_no_load	5	6	0.560824094575	0.273483952592	5	697	0	
387	0	128	step_1_no_load	1	2	1	324	
387	0	128	step_2_no_load	5	6	0.636905534066	0.260252451606	5	715	0	
387	0	129	step_1_no_load	1	2	1	324	
387	0	129	step_2_no_load	3	4	0.271709703542	0.632682846317	4	384	1	
387	0	130	step_1_no_load	1	2	1	504	
387	0	130	step_2_no_load	3	4	0.274560758494	0.630285316669	4	824	0	
387	0	131	step_1_no_load	1	2	1	370	
387	0	131	step_2_no_load	3	4	0.311475039155	0.638450601212	4	336	1	
387	0	132	step_1_no_load	1	2	1	311	
387	0	132	step_2_no_load	5	6	0.668578020634	0.27986961048	5	683	0	
387	0	133	step_1_no_load	1	2	1	510	
387	0	133	step_2_no_load	5	6	0.617383991623	0.315608831386	6	862	0	
387	0	134	step_1_no_load	1	2	1	286	
387	0	134	step_2_no_load	3	4	0.302839427162	0.685529359147	4	329	1	
387	0	135	step_1_no_load	1	2	1	452	
387	0	135	step_2_no_load	3	4	0.287118934166	0.700779221781	4	623	1	
387	0	136	step_1_no_load	1	2	1	322	
387	0	136	step_2_no_load	3	4	0.284521085726	0.674914008636	4	573	1	
387	0	137	step_1_no_load	1	2	1	358	
387	0	137	step_2_no_load	3	4	0.325016613024	0.668540846495	4	528	1	
387	0	138	step_1_no_load	1	2	1	281	
387	0	138	step_2_no_load	3	4	0.307694123906	0.688182193337	4	414	1	
387	0	139	step_1_no_load	1	2	1	280	
387	0	139	step_2_no_load	3	4	0.323660750961	0.696355985729	4	354	1	
387	0	140	step_1_no_load	1	2	1	281	
387	0	140	step_2_no_load	5	6	0.671213945178	0.348740542008	5	393	0	
387	0	141	step_1_no_load	1	2	1	295	
387	0	141	step_2_no_load	3	4	0.311809871418	0.616803346728	4	378	0	
387	0	142	step_1_no_load	1	2	1	299	
387	0	142	step_2_no_load	5	6	0.690276058009	0.397052682821	6	320	1	
387	0	143	step_1_no_load	1	2	1	320	
387	0	143	step_2_no_load	3	4	0.313516825296	0.610219102298	4	367	1	
387	0	144	step_1_no_load	1	2	1	680	
387	0	144	step_2_no_load	3	4	0.275932517017	0.639347300184	4	602	0	
387	0	145	step_1_no_load	1	2	1	284	
387	0	145	step_2_no_load	3	4	0.266265924094	0.606515632748	4	484	1	
387	0	146	step_1_no_load	1	2	1	380	
387	0	146	step_2_no_load	3	4	0.257861956214	0.593778463268	4	717	1	
387	0	147	step_1_no_load	1	2	1	294	
387	0	147	step_2_no_load	3	4	0.265578160642	0.594861186319	4	271	1	
387	0	148	step_1_no_load	1	2	1	343	
387	0	148	step_2_no_load	5	6	0.619272702026	0.311162711725	6	294	0	
387	0	149	step_1_no_load	1	2	1	222	
387	0	149	step_2_no_load	3	4	0.269951834184	0.623203869836	4	515	1	
387	0	150	step_1_no_load	1	2	1	293	
387	0	150	step_2_no_load	3	4	0.305587692243	0.605912419156	4	428	1	
387	0	151	step_1_no_load	1	2	1	310	
387	0	151	step_2_no_load	3	4	0.348172164421	0.614159737668	4	298	0	
387	0	152	step_1_no_load	1	2	1	282	
387	0	152	step_2_no_load	3	4	0.307702500543	0.644204174791	4	610	1	
387	0	153	step_1_no_load	1	2	1	285	
387	0	153	step_2_no_load	3	4	0.309356532263	0.681559292085	4	646	1	
387	0	154	step_1_no_load	1	2	1	445	
387	0	154	step_2_no_load	3	4	0.316375537537	0.671672162443	4	425	0	
387	0	155	step_1_no_load	1	2	1	86	
387	0	155	step_2_no_load	3	4	0.296093457977	0.716100930629	4	575	1	
387	0	156	step_1_no_load	1	2	1	267	
387	0	156	step_2_no_load	3	4	0.32564867104	0.734436160799	4	406	1	
387	0	157	step_1_no_load	1	2	1	241	
387	0	157	step_2_no_load	5	6	0.585191807512	0.324728201487	5	701	0	
387	0	158	step_1_no_load	1	2	1	444	
387	0	158	step_2_no_load	3	4	0.408728803896	0.694270715354	4	334	1	
387	0	159	step_1_no_load	1	2	1	262	
387	0	159	step_2_no_load	3	4	0.413026375257	0.697903160072	4	403	0	
387	0	160	step_1_no_load	1	2	1	509	
387	0	160	step_2_no_load	5	6	0.521229931064	0.355992626298	6	1059	1	
387	0	161	step_1_no_load	1	2	2	453	
387	0	161	step_2_no_load	5	6	0.516036498158	0.438878285506	6	325	1	
387	0	162	step_1_no_load	1	2	2	361	
387	0	162	step_2_no_load	5	6	0.566496468084	0.455329532209	6	363	0	
387	0	163	step_1_no_load	1	2	2	694	
387	0	163	step_2_no_load	3	4	0.395221309311	0.697095951435	4	556	1	
387	0	164	step_1_no_load	1	2	2	281	
387	0	164	step_2_no_load	5	6	0.585961845322	0.430844125626	6	371	1	
387	0	165	step_1_no_load	1	2	2	488	
387	0	165	step_2_no_load	5	6	0.538026607649	0.347974240867	6	357	0	
387	0	166	step_1_no_load	1	2	1	439	
387	0	166	step_2_no_load	3	4	0.422282731054	0.686594248975	4	391	0	
387	0	167	step_1_no_load	1	2	1	462	
387	0	167	step_2_no_load	3	4	0.38753671275	0.706271792549	3	540	0	
387	0	168	step_1_no_load	1	2	1	249	
387	0	168	step_2_no_load	5	6	0.613361520676	0.335777599654	6	293	0	
387	0	169	step_1_no_load	1	2	1	288	
387	0	169	step_2_no_load	3	4	0.42098542374	0.704981910944	4	347	1	
387	0	170	step_1_no_load	1	2	1	277	
387	0	170	step_2_no_load	5	6	0.57151385403	0.364989630435	6	301	0	
387	0	171	step_1_no_load	1	2	1	319	
387	0	171	step_2_no_load	3	4	0.386979310814	0.727248140829	4	428	1	
387	0	172	step_1_no_load	1	2	1	294	
387	0	172	step_2_no_load	5	6	0.519090471457	0.490120307546	6	434	1	
387	0	173	step_1_no_load	1	2	1	460	
387	0	173	step_2_no_load	5	6	0.484428109849	0.462866379815	6	372	1	
387	0	174	step_1_no_load	1	2	1	278	
387	0	174	step_2_no_load	3	4	0.387867297446	0.729877433725	4	391	1	
387	0	175	step_1_no_load	1	2	1	122	
387	0	175	step_2_no_load	3	4	0.426185553904	0.693968268443	4	275	0	
387	0	176	step_1_no_load	1	2	1	295	
387	0	176	step_2_no_load	3	4	0.383231572002	0.679250000396	4	335	0	
387	0	177	step_1_no_load	1	2	2	286	
387	0	177	step_2_no_load	5	6	0.501268576771	0.4798184927	6	584	1	
387	0	178	step_1_no_load	1	2	2	281	
387	0	178	step_2_no_load	5	6	0.493712351915	0.49020858644	6	394	0	
387	0	179	step_1_no_load	1	2	2	281	
387	0	179	step_2_no_load	5	6	0.457298770028	0.493565996034	6	354	1	
387	0	180	step_1_no_load	1	2	2	537	
387	0	180	step_2_no_load	3	4	0.341214611607	0.719795072986	4	867	1	
387	0	181	step_1_no_load	1	2	2	295	
387	0	181	step_2_no_load	3	4	0.342402764747	0.746910336326	4	376	1	
387	0	182	step_1_no_load	1	2	2	358	
387	0	182	step_2_no_load	5	6	0.506773281362	0.49907747228	6	395	1	
387	0	183	step_1_no_load	1	2	2	334	
387	0	183	step_2_no_load	5	6	0.502991759047	0.492742497507	6	350	0	
387	0	184	step_1_no_load	1	2	2	300	
387	0	184	step_2_no_load	5	6	0.460890977786	0.480863422096	6	285	1	
387	0	185	step_1_no_load	1	2	2	314	
387	0	185	step_2_no_load	5	6	0.479703516092	0.482228039858	6	435	1	
387	0	186	step_1_no_load	1	2	2	359	
387	0	186	step_2_no_load	5	6	0.46870859828	0.484672582719	6	578	0	
387	0	187	step_1_no_load	1	2	2	922	
387	0	187	step_2_no_load	3	4	0.328890769988	0.678211978625	4	1481	1	
387	0	188	step_1_no_load	1	2	2	342	
387	0	188	step_2_no_load	5	6	0.471319680586	0.548350535247	6	350	0	
387	0	189	step_1_no_load	1	2	1	260	
387	0	189	step_2_no_load	3	4	0.285168135955	0.688353284054	4	267	1	
387	0	190	step_1_no_load	1	2	1	216	
387	0	190	step_2_no_load	5	6	0.433568856946	0.505820429042	6	338	1	
387	0	191	step_1_no_load	1	2	1	250	
387	0	191	step_2_no_load	5	6	0.435748387321	0.512103523931	6	283	0	
387	0	192	step_1_no_load	1	2	1	378	
387	0	192	step_2_no_load	3	4	0.299297135717	0.705517419189	3	1427	0	
387	0	193	step_1_no_load	1	2	1	296	
387	0	193	step_2_no_load	3	4	0.321008037746	0.679792491164	4	536	1	
387	0	194	step_1_no_load	1	2	1	300	
387	0	194	step_2_no_load	3	4	0.342437174514	0.655261361454	4	330	0	
387	0	195	step_1_no_load	1	2	1	238	
387	0	195	step_2_no_load	3	4	0.348571348505	0.646280688878	4	467	1	
387	0	196	step_1_no_load	1	2	1	296	
387	0	196	step_2_no_load	3	4	0.365373286058	0.695101215304	4	241	0	
387	0	197	step_1_no_load	1	2	2	261	
387	0	197	step_2_no_load	3	4	0.316987700969	0.686552522522	4	629	1	
387	0	198	step_1_no_load	1	2	2	260	
387	0	198	step_2_no_load	3	4	0.303352625941	0.68660989813	4	603	1	
387	0	199	step_1_no_load	1	2	1	268	
387	0	199	step_2_no_load	5	6	0.39793773834	0.529438031858	6	263	1	
387	0	200	step_1_no_load	1	2	1	322	
387	0	200	step_2_no_load	3	4	0.299128796668	0.728996708473	4	576	0	

Thu Mar 31 15:06:18 2022
