Mon Apr  4 14:50:43 2022	
388	0	1	step_1_no_load	1	2	1	854	
388	0	1	step_2_no_load	3	4	0.511789129507	0.457620150462	3	431	1	
388	0	2	step_1_no_load	1	2	1	350	
388	0	2	step_2_no_load	3	4	0.533203491871	0.474613197709	3	505	1	
388	0	3	step_1_no_load	1	2	1	184	
388	0	3	step_2_no_load	3	4	0.516002945397	0.476767372206	3	276	0	
388	0	4	step_1_no_load	1	2	1	1445	
388	0	4	step_2_no_load	5	6	0.564086293706	0.597491569846	5	540	1	
388	0	5	step_1_no_load	1	2	1	658	
388	0	5	step_2_no_load	3	4	0.543908521457	0.495568760483	3	303	1	
388	0	6	step_1_no_load	1	2	1	518	
388	0	6	step_2_no_load	3	4	0.490454120702	0.506877622204	3	295	1	
388	0	7	step_1_no_load	1	2	1	366	
388	0	7	step_2_no_load	3	4	0.506408070053	0.500071913476	3	267	1	
388	0	8	step_1_no_load	1	2	1	284	
388	0	8	step_2_no_load	3	4	0.499203529332	0.489816616396	3	370	1	
388	0	9	step_1_no_load	1	2	1	297	
388	0	9	step_2_no_load	3	4	0.54429228266	0.496546708465	3	89	1	
388	0	10	step_1_no_load	1	2	1	269	
388	0	10	step_2_no_load	5	6	0.636063269715	0.652626043146	5	320	1	
388	0	11	step_1_no_load	1	2	1	384	
388	0	11	step_2_no_load	3	4	0.59022801242	0.477013315682	3	331	1	
388	0	12	step_1_no_load	1	2	1	310	
388	0	12	step_2_no_load	3	4	0.597131918027	0.48457206759	3	304	1	
388	0	13	step_1_no_load	1	2	1	266	
388	0	13	step_2_no_load	5	6	0.558313135925	0.653587098421	5	250	1	
388	0	14	step_1_no_load	1	2	1	273	
388	0	14	step_2_no_load	3	4	0.611256675753	0.491234392147	3	244	0	
388	0	15	step_1_no_load	1	2	1	327	
388	0	15	step_2_no_load	5	6	0.570419113221	0.612260006668	5	312	1	
388	0	16	step_1_no_load	1	2	1	282	
388	0	16	step_2_no_load	3	4	0.626326396372	0.510958036527	3	301	1	
388	0	17	step_1_no_load	1	2	1	299	
388	0	17	step_2_no_load	3	4	0.643116883134	0.535958400205	3	288	0	
388	0	18	step_1_no_load	1	2	1	257	
388	0	18	step_2_no_load	3	4	0.626895526976	0.517514133912	3	253	1	
388	0	19	step_1_no_load	1	2	1	238	
388	0	19	step_2_no_load	5	6	0.536502319591	0.619895761657	5	215	1	
388	0	20	step_1_no_load	1	2	1	266	
388	0	20	step_2_no_load	3	4	0.60665343963	0.478025448397	3	289	0	
388	0	21	step_1_no_load	1	2	1	735	
388	0	21	step_2_no_load	3	4	0.611328949295	0.49769376036	3	442	1	
388	0	22	step_1_no_load	1	2	1	252	
388	0	22	step_2_no_load	5	6	0.468700882609	0.621949894727	5	324	0	
388	0	23	step_1_no_load	1	2	1	839	
388	0	23	step_2_no_load	3	4	0.604065470975	0.520606588181	3	612	1	
388	0	24	step_1_no_load	1	2	1	364	
388	0	24	step_2_no_load	3	4	0.5800912085	0.505388876622	3	469	1	
388	0	25	step_1_no_load	1	2	1	282	
388	0	25	step_2_no_load	5	6	0.503605105412	0.565698722896	5	288	0	
388	0	26	step_1_no_load	1	2	1	319	
388	0	26	step_2_no_load	3	4	0.640635035276	0.511744353778	3	351	1	
388	0	27	step_1_no_load	1	2	1	334	
388	0	27	step_2_no_load	3	4	0.642144756622	0.507272671939	3	361	1	
388	0	28	step_1_no_load	1	2	1	377	
388	0	28	step_2_no_load	3	4	0.647441527317	0.520177259699	3	411	1	
388	0	29	step_1_no_load	1	2	1	249	
388	0	29	step_2_no_load	5	6	0.561957580386	0.606613029227	5	235	0	
388	0	30	step_1_no_load	1	2	1	276	
388	0	30	step_2_no_load	5	6	0.574272497114	0.608245979832	5	349	1	
388	0	31	step_1_no_load	1	2	1	415	
388	0	31	step_2_no_load	3	4	0.606122691795	0.483156722265	3	493	0	
388	0	32	step_1_no_load	1	2	1	311	
388	0	32	step_2_no_load	3	4	0.605616211083	0.520318771114	3	291	0	
388	0	33	step_1_no_load	1	2	2	276	
388	0	33	step_2_no_load	3	4	0.618000238621	0.487664344039	3	228	1	
388	0	34	step_1_no_load	1	2	2	236	
388	0	34	step_2_no_load	3	4	0.670290552209	0.454565258478	3	251	1	
388	0	35	step_1_no_load	1	2	2	293	
388	0	35	step_2_no_load	5	6	0.594167768198	0.566827313385	5	343	0	
388	0	36	step_1_no_load	1	2	2	240	
388	0	36	step_2_no_load	5	6	0.611274573488	0.527635087561	5	226	1	
388	0	37	step_1_no_load	1	2	2	294	
388	0	37	step_2_no_load	3	4	0.660658056664	0.543074626387	3	268	1	
388	0	38	step_1_no_load	1	2	2	236	
388	0	38	step_2_no_load	5	6	0.595113730206	0.539078491643	5	229	0	
388	0	39	step_1_no_load	1	2	2	329	
388	0	39	step_2_no_load	3	4	0.634483337633	0.578640235206	3	306	1	
388	0	40	step_1_no_load	1	2	2	263	
388	0	40	step_2_no_load	5	6	0.607992802154	0.580760785074	5	302	1	
388	0	41	step_1_no_load	1	2	2	249	
388	0	41	step_2_no_load	5	6	0.588857868869	0.524862294848	5	235	0	
388	0	42	step_1_no_load	1	2	2	263	
388	0	42	step_2_no_load	5	6	0.609164606591	0.533857158543	5	254	1	
388	0	43	step_1_no_load	1	2	2	225	
388	0	43	step_2_no_load	5	6	0.612705031264	0.553703096215	5	269	0	
388	0	44	step_1_no_load	1	2	2	315	
388	0	44	step_2_no_load	5	6	0.611481438855	0.541854396676	5	283	1	
388	0	45	step_1_no_load	1	2	2	235	
388	0	45	step_2_no_load	3	4	0.620699591043	0.5288039409	3	231	1	
388	0	46	step_1_no_load	1	2	2	368	
388	0	46	step_2_no_load	3	4	0.654261318712	0.532238720495	3	327	0	
388	0	47	step_1_no_load	1	2	2	315	
388	0	47	step_2_no_load	5	6	0.598724660986	0.546259467838	5	239	0	
388	0	48	step_1_no_load	1	2	1	299	
388	0	48	step_2_no_load	3	4	0.657624935632	0.488280685105	4	277	1	
388	0	49	step_1_no_load	1	2	1	256	
388	0	49	step_2_no_load	3	4	0.614679490594	0.489287375157	4	245	1	
388	0	50	step_1_no_load	1	2	1	288	
388	0	50	step_2_no_load	5	6	0.606862017918	0.481616544184	6	248	0	
388	0	51	step_1_no_load	1	2	1	360	
388	0	51	step_2_no_load	3	4	0.613357430892	0.469943944943	4	142	0	
388	0	52	step_1_no_load	1	2	2	303	
388	0	52	step_2_no_load	5	6	0.539065404057	0.513589895419	6	268	0	
388	0	53	step_1_no_load	1	2	2	245	
388	0	53	step_2_no_load	3	4	0.630956764252	0.451905460347	4	220	1	
388	0	54	step_1_no_load	1	2	2	245	
388	0	54	step_2_no_load	3	4	0.652515308527	0.491512498697	4	150	0	
388	0	55	step_1_no_load	1	2	1	284	
388	0	55	step_2_no_load	5	6	0.574045915747	0.526704292526	5	256	0	
388	0	56	step_1_no_load	1	2	1	337	
388	0	56	step_2_no_load	5	6	0.601856598146	0.538512915562	5	1090	1	
388	0	57	step_1_no_load	1	2	1	268	
388	0	57	step_2_no_load	3	4	0.586335094239	0.466449077359	3	296	1	
388	0	58	step_1_no_load	1	2	1	353	
388	0	58	step_2_no_load	3	4	0.610896130115	0.478335218822	3	270	0	
388	0	59	step_1_no_load	1	2	1	381	
388	0	59	step_2_no_load	5	6	0.632500293208	0.537400760025	5	274	1	
388	0	60	step_1_no_load	1	2	1	226	
388	0	60	step_2_no_load	3	4	0.599559577859	0.491916707098	3	237	0	
388	0	61	step_1_no_load	1	2	1	223	
388	0	61	step_2_no_load	3	4	0.602879526975	0.464268875813	3	250	1	
388	0	62	step_1_no_load	1	2	1	307	
388	0	62	step_2_no_load	3	4	0.622820395113	0.50724109756	3	245	0	
388	0	63	step_1_no_load	1	2	1	339	
388	0	63	step_2_no_load	5	6	0.664284493458	0.519445130796	5	279	1	
388	0	64	step_1_no_load	1	2	1	82	
388	0	64	step_2_no_load	3	4	0.626149195169	0.555062911513	4	465	0	
388	0	65	step_1_no_load	1	2	1	259	
388	0	65	step_2_no_load	5	6	0.612660225018	0.517687993213	5	236	1	
388	0	66	step_1_no_load	1	2	1	245	
388	0	66	step_2_no_load	3	4	0.630357351236	0.573761869714	3	285	1	
388	0	67	step_1_no_load	1	2	1	271	
388	0	67	step_2_no_load	3	4	0.674463681351	0.542076810516	3	304	0	
388	0	68	step_1_no_load	1	2	1	800	
388	0	68	step_2_no_load	3	4	0.719455209845	0.509127161919	3	327	1	
388	0	69	step_1_no_load	1	2	1	298	
388	0	69	step_2_no_load	3	4	0.718756538957	0.499137600991	3	332	0	
388	0	70	step_1_no_load	1	2	1	258	
388	0	70	step_2_no_load	3	4	0.697741832068	0.498834901463	3	290	0	
388	0	71	step_1_no_load	1	2	1	1283	
388	0	71	step_2_no_load	5	6	0.639174917797	0.546215110045	6	427	1	
388	0	72	step_1_no_load	1	2	1	509	
388	0	72	step_2_no_load	3	4	0.705884789502	0.47409116389	4	253	0	
388	0	73	step_1_no_load	1	2	2	301	
388	0	73	step_2_no_load	5	6	0.657126403029	0.50185699984	5	269	0	
388	0	74	step_1_no_load	1	2	1	226	
388	0	74	step_2_no_load	3	4	0.693624670847	0.453420386428	3	225	1	
388	0	75	step_1_no_load	1	2	1	332	
388	0	75	step_2_no_load	5	6	0.615552849174	0.483983914712	6	412	1	
388	0	76	step_1_no_load	1	2	2	296	
388	0	76	step_2_no_load	5	6	0.62770291155	0.518881389358	5	326	0	
388	0	77	step_1_no_load	1	2	2	346	
388	0	77	step_2_no_load	5	6	0.564257587118	0.538119616568	6	234	1	
388	0	78	step_1_no_load	1	2	2	292	
388	0	78	step_2_no_load	3	4	0.647586191228	0.435911167612	3	293	0	
388	0	79	step_1_no_load	1	2	2	146	
388	0	79	step_2_no_load	5	6	0.513695512795	0.540085062695	6	737	1	
388	0	80	step_1_no_load	1	2	2	297	
388	0	80	step_2_no_load	3	4	0.703969305517	0.396016175285	4	260	0	
388	0	81	step_1_no_load	1	2	2	230	
388	0	81	step_2_no_load	5	6	0.529745690463	0.494116554432	5	794	0	
388	0	82	step_1_no_load	1	2	2	234	
388	0	82	step_2_no_load	5	6	0.564729328387	0.482727017837	6	259	0	
388	0	83	step_1_no_load	1	2	1	215	
388	0	83	step_2_no_load	3	4	0.726885136842	0.382772464038	3	301	1	
388	0	84	step_1_no_load	1	2	1	340	
388	0	84	step_2_no_load	3	4	0.731466635793	0.385087938645	4	285	0	
388	0	85	step_1_no_load	1	2	1	254	
388	0	85	step_2_no_load	3	4	0.712989604416	0.384458259121	3	221	1	
388	0	86	step_1_no_load	1	2	1	438	
388	0	86	step_2_no_load	5	6	0.691782850001	0.486462788728	5	268	1	
388	0	87	step_1_no_load	1	2	1	269	
388	0	87	step_2_no_load	3	4	0.690012761069	0.40000499778	3	238	1	
388	0	88	step_1_no_load	1	2	1	231	
388	0	88	step_2_no_load	3	4	0.696773608304	0.377947492322	3	306	1	
388	0	89	step_1_no_load	1	2	1	259	
388	0	89	step_2_no_load	5	6	0.690772436485	0.490019385174	5	486	1	
388	0	90	step_1_no_load	1	2	1	342	
388	0	90	step_2_no_load	5	6	0.712247848046	0.530126112124	5	249	1	
388	0	91	step_1_no_load	1	2	1	20	
388	0	91	step_2_no_load	5	6	0.685023809334	0.479087223222	5	238	0	
388	0	92	step_1_no_load	1	2	1	214	
388	0	92	step_2_no_load	5	6	0.692406274724	0.484260039873	5	353	1	
388	0	93	step_1_no_load	1	2	1	293	
388	0	93	step_2_no_load	3	4	0.662863370634	0.439878153082	3	418	0	
388	0	94	step_1_no_load	1	2	1	367	
388	0	94	step_2_no_load	3	4	0.668295023896	0.429211756872	3	341	0	
388	0	95	step_1_no_load	1	2	2	252	
388	0	95	step_2_no_load	5	6	0.715495469274	0.42505578884	6	275	1	
388	0	96	step_1_no_load	1	2	2	205	
388	0	96	step_2_no_load	3	4	0.663095813561	0.383038640121	4	247	1	
388	0	97	step_1_no_load	1	2	2	276	
388	0	97	step_2_no_load	5	6	0.681272614291	0.455601814112	6	238	0	
388	0	98	step_1_no_load	1	2	1	248	
388	0	98	step_2_no_load	3	4	0.646040060297	0.409778171713	3	255	0	
388	0	99	step_1_no_load	1	2	2	628	
388	0	99	step_2_no_load	5	6	0.673709850038	0.375249961522	5	306	1	
388	0	100	step_1_no_load	1	2	2	260	
388	0	100	step_2_no_load	3	4	0.66579920021	0.4333505304	3	222	1	
388	0	101	step_1_no_load	1	2	2	387	
388	0	101	step_2_no_load	3	4	0.655903528958	0.497432607584	3	258	1	
388	0	102	step_1_no_load	1	2	2	237	
388	0	102	step_2_no_load	3	4	0.663124617603	0.494584754513	4	276	0	
388	0	103	step_1_no_load	1	2	2	355	
388	0	103	step_2_no_load	3	4	0.69058998368	0.481975449893	3	295	1	
388	0	104	step_1_no_load	1	2	2	262	
388	0	104	step_2_no_load	5	6	0.703870701136	0.303696146503	5	235	1	
388	0	105	step_1_no_load	1	2	2	302	
388	0	105	step_2_no_load	5	6	0.689135357059	0.352639603242	5	257	0	
388	0	106	step_1_no_load	1	2	2	243	
388	0	106	step_2_no_load	5	6	0.712883638252	0.374131494222	5	249	0	
388	0	107	step_1_no_load	1	2	1	281	
388	0	107	step_2_no_load	5	6	0.692607431435	0.388257337796	6	282	0	
388	0	108	step_1_no_load	1	2	1	130	
388	0	108	step_2_no_load	3	4	0.681491063126	0.526955028982	3	249	1	
388	0	109	step_1_no_load	1	2	1	250	
388	0	109	step_2_no_load	3	4	0.68658494263	0.479977531501	3	245	0	
388	0	110	step_1_no_load	1	2	2	224	
388	0	110	step_2_no_load	5	6	0.729599891941	0.395544455384	6	15	0	
388	0	111	step_1_no_load	1	2	1	11	
388	0	111	step_2_no_load	5	6	0.724852671171	0.407158158569	5	238	1	
388	0	112	step_1_no_load	1	2	1	250	
388	0	112	step_2_no_load	3	4	0.635252945963	0.392887565883	3	263	1	
388	0	113	step_1_no_load	1	2	1	366	
388	0	113	step_2_no_load	3	4	0.634627459817	0.370697120277	3	906	1	
388	0	114	step_1_no_load	1	2	1	438	
388	0	114	step_2_no_load	5	6	0.718213323791	0.384736699284	5	564	1	
388	0	115	step_1_no_load	1	2	1	267	
388	0	115	step_2_no_load	3	4	0.645721217949	0.390027643099	3	376	1	
388	0	116	step_1_no_load	1	2	1	284	
388	0	116	step_2_no_load	3	4	0.680124293449	0.378149844807	3	307	1	
388	0	117	step_1_no_load	1	2	1	396	
388	0	117	step_2_no_load	5	6	0.747012267642	0.363056877927	5	772	1	
388	0	118	step_1_no_load	1	2	1	274	
388	0	118	step_2_no_load	3	4	0.690484235012	0.357645851833	3	325	1	
388	0	119	step_1_no_load	1	2	1	292	
388	0	119	step_2_no_load	3	4	0.661177321751	0.357515098446	3	264	0	
388	0	120	step_1_no_load	1	2	1	191	
388	0	120	step_2_no_load	3	4	0.666433355915	0.370150243662	3	125	1	
388	0	121	step_1_no_load	1	2	1	266	
388	0	121	step_2_no_load	3	4	0.671052306195	0.352721767208	3	217	1	
388	0	122	step_1_no_load	1	2	1	279	
388	0	122	step_2_no_load	5	6	0.6136886145	0.266650857402	5	264	1	
388	0	123	step_1_no_load	1	2	1	267	
388	0	123	step_2_no_load	3	4	0.664849878232	0.337526896345	3	240	0	
388	0	124	step_1_no_load	1	2	1	220	
388	0	124	step_2_no_load	3	4	0.624161788269	0.309430836661	3	267	0	
388	0	125	step_1_no_load	1	2	2	688	
388	0	125	step_2_no_load	3	4	0.633566302563	0.303110862715	4	367	0	
388	0	126	step_1_no_load	1	2	2	403	
388	0	126	step_2_no_load	5	6	0.537863824328	0.267206368684	5	375	1	
388	0	127	step_1_no_load	1	2	2	198	
388	0	127	step_2_no_load	5	6	0.560824094575	0.273483952592	5	253	1	
388	0	128	step_1_no_load	1	2	2	205	
388	0	128	step_2_no_load	5	6	0.636905534066	0.260252451606	5	222	1	
388	0	129	step_1_no_load	1	2	2	228	
388	0	129	step_2_no_load	3	4	0.632682846317	0.271709703542	3	202	1	
388	0	130	step_1_no_load	1	2	2	324	
388	0	130	step_2_no_load	5	6	0.682031489739	0.267460866951	6	13	0	
388	0	131	step_1_no_load	1	2	2	545	
388	0	131	step_2_no_load	5	6	0.678044920845	0.281500842289	5	365	1	
388	0	132	step_1_no_load	1	2	2	495	
388	0	132	step_2_no_load	5	6	0.668578020634	0.27986961048	5	312	0	
388	0	133	step_1_no_load	1	2	1	310	
388	0	133	step_2_no_load	5	6	0.617383991623	0.315608831386	6	266	0	
388	0	134	step_1_no_load	1	2	1	259	
388	0	134	step_2_no_load	5	6	0.621945110858	0.287393715313	5	194	1	
388	0	135	step_1_no_load	1	2	1	485	
388	0	135	step_2_no_load	3	4	0.700779221781	0.287118934166	3	271	1	
388	0	136	step_1_no_load	1	2	1	404	
388	0	136	step_2_no_load	3	4	0.674914008636	0.284521085726	3	387	1	
388	0	137	step_1_no_load	1	2	1	292	
388	0	137	step_2_no_load	3	4	0.668540846495	0.325016613024	3	340	0	
388	0	138	step_1_no_load	1	2	1	339	
388	0	138	step_2_no_load	3	4	0.688182193337	0.307694123906	3	266	1	
388	0	139	step_1_no_load	1	2	1	320	
388	0	139	step_2_no_load	3	4	0.696355985729	0.323660750961	3	316	1	
388	0	140	step_1_no_load	1	2	1	287	
388	0	140	step_2_no_load	3	4	0.637682840728	0.328174526491	3	387	1	
388	0	141	step_1_no_load	1	2	1	230	
388	0	141	step_2_no_load	3	4	0.616803346728	0.311809871418	3	284	1	
388	0	142	step_1_no_load	1	2	1	232	
388	0	142	step_2_no_load	5	6	0.690276058009	0.397052682821	5	437	1	
388	0	143	step_1_no_load	1	2	1	288	
388	0	143	step_2_no_load	3	4	0.610219102298	0.313516825296	3	242	1	
388	0	144	step_1_no_load	1	2	1	226	
388	0	144	step_2_no_load	3	4	0.639347300184	0.275932517017	3	324	1	
388	0	145	step_1_no_load	1	2	1	211	
388	0	145	step_2_no_load	5	6	0.6669125229	0.355256413269	5	286	0	
388	0	146	step_1_no_load	1	2	1	152	
388	0	146	step_2_no_load	3	4	0.593778463268	0.257861956214	3	271	0	
388	0	147	step_1_no_load	1	2	2	203	
388	0	147	step_2_no_load	3	4	0.594861186319	0.265578160642	4	238	0	
388	0	148	step_1_no_load	1	2	1	283	
388	0	148	step_2_no_load	3	4	0.648050021239	0.305288021243	4	304	1	
388	0	149	step_1_no_load	1	2	1	223	
388	0	149	step_2_no_load	3	4	0.623203869836	0.269951834184	4	285	1	
388	0	150	step_1_no_load	1	2	1	326	
388	0	150	step_2_no_load	3	4	0.605912419156	0.305587692243	4	414	1	
388	0	151	step_1_no_load	1	2	1	323	
388	0	151	step_2_no_load	3	4	0.614159737668	0.348172164421	4	206	0	
388	0	152	step_1_no_load	1	2	2	310	
388	0	152	step_2_no_load	5	6	0.595108765344	0.323194010514	5	271	1	
388	0	153	step_1_no_load	1	2	2	263	
388	0	153	step_2_no_load	5	6	0.613336203392	0.343622632154	5	300	1	
388	0	154	step_1_no_load	1	2	2	278	
388	0	154	step_2_no_load	3	4	0.671672162443	0.316375537537	3	260	1	
388	0	155	step_1_no_load	1	2	2	246	
388	0	155	step_2_no_load	3	4	0.716100930629	0.296093457977	3	224	1	
388	0	156	step_1_no_load	1	2	2	236	
388	0	156	step_2_no_load	5	6	0.631048201903	0.368378667812	5	227	1	
388	0	157	step_1_no_load	1	2	2	240	
388	0	157	step_2_no_load	5	6	0.585191807512	0.324728201487	6	724	0	
388	0	158	step_1_no_load	1	2	2	304	
388	0	158	step_2_no_load	5	6	0.532722108502	0.334595868098	5	249	1	
388	0	159	step_1_no_load	1	2	2	212	
388	0	159	step_2_no_load	5	6	0.541222065796	0.321150411254	5	249	1	
388	0	160	step_1_no_load	1	2	2	259	
388	0	160	step_2_no_load	5	6	0.521229931064	0.355992626298	5	230	1	
388	0	161	step_1_no_load	1	2	2	257	
388	0	161	step_2_no_load	5	6	0.516036498158	0.438878285506	5	243	0	
388	0	162	step_1_no_load	1	2	2	214	
388	0	162	step_2_no_load	3	4	0.695144769903	0.3926701003	4	221	1	
388	0	163	step_1_no_load	1	2	2	198	
388	0	163	step_2_no_load	3	4	0.697095951435	0.395221309311	4	387	0	
388	0	164	step_1_no_load	1	2	2	304	
388	0	164	step_2_no_load	5	6	0.585961845322	0.430844125626	6	594	1	
388	0	165	step_1_no_load	1	2	2	244	
388	0	165	step_2_no_load	5	6	0.538026607649	0.347974240867	6	297	1	
388	0	166	step_1_no_load	1	2	2	230	
388	0	166	step_2_no_load	5	6	0.549095060025	0.356317216644	6	247	1	
388	0	167	step_1_no_load	1	2	2	231	
388	0	167	step_2_no_load	5	6	0.585131062446	0.331115714939	6	290	1	
388	0	168	step_1_no_load	1	2	2	314	
388	0	168	step_2_no_load	5	6	0.613361520676	0.335777599654	6	346	0	
388	0	169	step_1_no_load	1	2	2	242	
388	0	169	step_2_no_load	5	6	0.586049140041	0.365156560071	6	273	0	
388	0	170	step_1_no_load	1	2	1	353	
388	0	170	step_2_no_load	3	4	0.67334314737	0.411067820436	3	231	1	
388	0	171	step_1_no_load	1	2	1	288	
388	0	171	step_2_no_load	3	4	0.727248140829	0.386979310814	3	201	1	
388	0	172	step_1_no_load	1	2	1	232	
388	0	172	step_2_no_load	3	4	0.668669556875	0.363617002148	3	261	0	
388	0	173	step_1_no_load	1	2	1	281	
388	0	173	step_2_no_load	3	4	0.667027212577	0.385349297983	4	290	0	
388	0	174	step_1_no_load	1	2	2	275	
388	0	174	step_2_no_load	5	6	0.472729524832	0.46236234172	5	236	1	
388	0	175	step_1_no_load	1	2	2	261	
388	0	175	step_2_no_load	5	6	0.52644949356	0.484825491933	5	252	0	
388	0	176	step_1_no_load	1	2	1	200	
388	0	176	step_2_no_load	3	4	0.679250000396	0.383231572002	4	87	0	
388	0	177	step_1_no_load	1	2	1	495	
388	0	177	step_2_no_load	3	4	0.714070205704	0.357425668099	3	307	1	
388	0	178	step_1_no_load	1	2	1	259	
388	0	178	step_2_no_load	3	4	0.705993797498	0.36473828006	3	218	1	
388	0	179	step_1_no_load	1	2	1	227	
388	0	179	step_2_no_load	3	4	0.709345707515	0.324685418097	3	0	1	
388	0	180	step_1_no_load	1	2	1	304	
388	0	180	step_2_no_load	3	4	0.719795072986	0.341214611607	3	364	0	
388	0	181	step_1_no_load	1	2	1	264	
388	0	181	step_2_no_load	5	6	0.508735114046	0.480141179559	5	182	1	
388	0	182	step_1_no_load	1	2	1	316	
388	0	182	step_2_no_load	3	4	0.72717560423	0.340533666308	3	280	0	
388	0	183	step_1_no_load	1	2	1	504	
388	0	183	step_2_no_load	5	6	0.502991759047	0.492742497507	5	326	0	
388	0	184	step_1_no_load	1	2	2	208	
388	0	184	step_2_no_load	5	6	0.460890977786	0.480863422096	6	88	0	
388	0	185	step_1_no_load	1	2	1	350	
388	0	185	step_2_no_load	5	6	0.479703516092	0.482228039858	6	249	0	
388	0	186	step_1_no_load	1	2	2	220	
388	0	186	step_2_no_load	5	6	0.46870859828	0.484672582719	5	228	1	
388	0	187	step_1_no_load	1	2	2	240	
388	0	187	step_2_no_load	5	6	0.443962917772	0.498596507669	5	227	1	
388	0	188	step_1_no_load	1	2	2	311	
388	0	188	step_2_no_load	5	6	0.471319680586	0.548350535247	5	414	0	
388	0	189	step_1_no_load	1	2	1	270	
388	0	189	step_2_no_load	3	4	0.688353284054	0.285168135955	4	270	1	
388	0	190	step_1_no_load	1	2	1	225	
388	0	190	step_2_no_load	5	6	0.433568856946	0.505820429042	6	334	1	
388	0	191	step_1_no_load	1	2	1	248	
388	0	191	step_2_no_load	3	4	0.664271461991	0.318839908867	4	266	0	
388	0	192	step_1_no_load	1	2	2	195	
388	0	192	step_2_no_load	5	6	0.450791310283	0.493851022417	6	288	0	
388	0	193	step_1_no_load	1	2	1	318	
388	0	193	step_2_no_load	5	6	0.440813209638	0.504944704439	5	294	0	
388	0	194	step_1_no_load	1	2	1	300	
388	0	194	step_2_no_load	5	6	0.433250459893	0.505359594715	5	224	0	
388	0	195	step_1_no_load	1	2	2	242	
388	0	195	step_2_no_load	5	6	0.466795336969	0.494102184238	5	275	0	
388	0	196	step_1_no_load	1	2	1	223	
388	0	196	step_2_no_load	3	4	0.695101215304	0.365373286058	4	248	1	
388	0	197	step_1_no_load	1	2	1	329	
388	0	197	step_2_no_load	3	4	0.686552522522	0.316987700969	4	296	0	
388	0	198	step_1_no_load	1	2	2	216	
388	0	198	step_2_no_load	3	4	0.68660989813	0.303352625941	4	224	0	
388	0	199	step_1_no_load	1	2	1	257	
388	0	199	step_2_no_load	3	4	0.73697129762	0.292861528884	3	219	1	
388	0	200	step_1_no_load	1	2	1	328	
388	0	200	step_2_no_load	3	4	0.728996708473	0.299128796668	4	354	0	

Mon Apr  4 15:08:15 2022
