Thu Apr  7 16:52:41 2022	
389	0	1	step_1_no_load	1	2	1	1420	
389	0	1	step_2_no_load	3	4	0.594299910136	0.511789129507	4	1418	0	
389	0	2	step_1_no_load	1	2	1	474	
389	0	2	step_2_no_load	5	6	0.580156942153	0.474613197709	-1	-1	-1	
389	0	3	step_1_no_load	1	2	1	674	
389	0	3	step_2_no_load	5	6	0.584197065669	0.476767372206	6	1055	1	
389	0	4	step_1_no_load	1	2	1	634	
389	0	4	step_2_no_load	3	4	0.564086293706	0.494597764192	3	1288	0	
389	0	5	step_1_no_load	1	2	1	1374	
389	0	5	step_2_no_load	5	6	0.623810210114	0.495568760483	6	1049	1	
389	0	6	step_1_no_load	1	2	1	590	
389	0	6	step_2_no_load	3	4	0.603642866427	0.490454120702	3	1434	1	
389	0	7	step_1_no_load	1	2	1	711	
389	0	7	step_2_no_load	3	4	0.622642364361	0.506408070053	3	1187	0	
389	0	8	step_1_no_load	1	2	1	536	
389	0	8	step_2_no_load	3	4	0.624210374623	0.499203529332	4	937	1	
389	0	9	step_1_no_load	1	2	1	720	
389	0	9	step_2_no_load	3	4	0.641106877158	0.54429228266	4	760	0	
389	0	10	step_1_no_load	1	2	1	404	
389	0	10	step_2_no_load	3	4	0.636063269715	0.576063520885	3	648	1	
389	0	11	step_1_no_load	1	2	1	579	
389	0	11	step_2_no_load	3	4	0.609191465743	0.59022801242	3	952	1	
389	0	12	step_1_no_load	1	2	1	438	
389	0	12	step_2_no_load	5	6	0.682786328054	0.48457206759	6	738	0	
389	0	13	step_1_no_load	1	2	1	559	
389	0	13	step_2_no_load	3	4	0.558313135925	0.595790490356	3	734	1	
389	0	14	step_1_no_load	1	2	1	665	
389	0	14	step_2_no_load	3	4	0.545555696267	0.611256675753	4	817	1	
389	0	15	step_1_no_load	1	2	1	596	
389	0	15	step_2_no_load	3	4	0.570419113221	0.633564630036	3	1398	1	
389	0	16	step_1_no_load	1	2	1	381	
389	0	16	step_2_no_load	5	6	0.628091198119	0.510958036527	6	716	1	
389	0	17	step_1_no_load	1	2	1	315	
389	0	17	step_2_no_load	5	6	0.633350170016	0.535958400205	6	1120	1	
389	0	18	step_1_no_load	1	2	1	331	
389	0	18	step_2_no_load	5	6	0.626834332012	0.517514133912	6	1164	1	
389	0	19	step_1_no_load	1	2	1	288	
389	0	19	step_2_no_load	3	4	0.536502319591	0.644773170243	4	974	1	
389	0	20	step_1_no_load	1	2	1	317	
389	0	20	step_2_no_load	5	6	0.636521555122	0.478025448397	6	983	1	
389	0	21	step_1_no_load	1	2	1	301	
389	0	21	step_2_no_load	3	4	0.470207377245	0.611328949295	4	1192	1	
389	0	22	step_1_no_load	1	2	1	282	
389	0	22	step_2_no_load	3	4	0.468700882609	0.618527126547	3	407	1	
389	0	23	step_1_no_load	1	2	1	389	
389	0	23	step_2_no_load	3	4	0.513759772011	0.604065470975	3	581	1	
389	0	24	step_1_no_load	1	2	1	451	
389	0	24	step_2_no_load	5	6	0.582115115688	0.505388876622	6	959	0	
389	0	25	step_1_no_load	1	2	1	428	
389	0	25	step_2_no_load	3	4	0.503605105412	0.629917901014	4	572	1	
389	0	26	step_1_no_load	1	2	1	605	
389	0	26	step_2_no_load	3	4	0.532884212818	0.640635035276	4	949	0	
389	0	27	step_1_no_load	1	2	1	499	
389	0	27	step_2_no_load	5	6	0.57860777711	0.507272671939	6	880	0	
389	0	28	step_1_no_load	1	2	1	510	
389	0	28	step_2_no_load	5	6	0.588356036098	0.520177259699	5	458	1	
389	0	29	step_1_no_load	1	2	1	433	
389	0	29	step_2_no_load	3	4	0.561957580386	0.618626354124	4	1202	1	
389	0	30	step_1_no_load	1	2	1	282	
389	0	30	step_2_no_load	3	4	0.574272497114	0.610227092493	4	1052	1	
389	0	31	step_1_no_load	1	2	1	295	
389	0	31	step_2_no_load	5	6	0.636602545794	0.483156722265	5	1058	0	
389	0	32	step_1_no_load	1	2	1	269	
389	0	32	step_2_no_load	3	4	0.522993086096	0.605616211083	4	1252	1	
389	0	33	step_1_no_load	1	2	1	257	
389	0	33	step_2_no_load	3	4	0.542309898544	0.618000238621	4	671	1	
389	0	34	step_1_no_load	1	2	1	313	
389	0	34	step_2_no_load	5	6	0.575802910074	0.454565258478	5	930	1	
389	0	35	step_1_no_load	1	2	1	487	
389	0	35	step_2_no_load	5	6	0.566827313385	0.491437207585	5	1445	1	
389	0	36	step_1_no_load	1	2	1	438	
389	0	36	step_2_no_load	3	4	0.611274573488	0.661229326326	4	878	1	
389	0	37	step_1_no_load	1	2	1	315	
389	0	37	step_2_no_load	3	4	0.598446394142	0.660658056664	3	1216	1	
389	0	38	step_1_no_load	1	2	1	317	
389	0	38	step_2_no_load	5	6	0.539078491643	0.553931241266	5	1064	0	
389	0	39	step_1_no_load	1	2	1	283	
389	0	39	step_2_no_load	5	6	0.557005857101	0.578640235206	6	887	1	
389	0	40	step_1_no_load	1	2	1	327	
389	0	40	step_2_no_load	3	4	0.607992802154	0.636994900683	3	857	1	
389	0	41	step_1_no_load	1	2	1	307	
389	0	41	step_2_no_load	5	6	0.524862294848	0.583829055298	6	953	0	
389	0	42	step_1_no_load	1	2	1	243	
389	0	42	step_2_no_load	5	6	0.533857158543	0.553461946234	5	881	1	
389	0	43	step_1_no_load	1	2	1	277	
389	0	43	step_2_no_load	3	4	0.612705031264	0.581931546759	4	734	1	
389	0	44	step_1_no_load	1	2	1	356	
389	0	44	step_2_no_load	5	6	0.541854396676	0.537842745081	6	579	1	
389	0	45	step_1_no_load	1	2	1	303	
389	0	45	step_2_no_load	3	4	0.632991467829	0.620699591043	4	1257	1	
389	0	46	step_1_no_load	1	2	1	342	
389	0	46	step_2_no_load	3	4	0.600964500555	0.654261318712	3	971	1	
389	0	47	step_1_no_load	1	2	1	291	
389	0	47	step_2_no_load	3	4	0.598724660986	0.634373567175	4	1202	1	
389	0	48	step_1_no_load	1	2	1	481	
389	0	48	step_2_no_load	3	4	0.615767119776	0.657624935632	3	1034	1	
389	0	49	step_1_no_load	1	2	1	312	
389	0	49	step_2_no_load	3	4	0.610193185592	0.614679490594	4	598	1	
389	0	50	step_1_no_load	1	2	1	298	
389	0	50	step_2_no_load	3	4	0.606862017918	0.593458480934	3	776	1	
389	0	51	step_1_no_load	1	2	1	306	
389	0	51	step_2_no_load	5	6	0.508197321577	0.469943944943	5	749	1	
389	0	52	step_1_no_load	1	2	1	296	
389	0	52	step_2_no_load	3	4	0.539065404057	0.613408921915	4	855	1	
389	0	53	step_1_no_load	1	2	1	311	
389	0	53	step_2_no_load	5	6	0.475342927439	0.451905460347	5	916	0	
389	0	54	step_1_no_load	1	2	1	311	
389	0	54	step_2_no_load	5	6	0.493362545513	0.491512498697	6	408	0	
389	0	55	step_1_no_load	1	2	1	256	
389	0	55	step_2_no_load	3	4	0.574045915747	0.639840796975	4	1222	1	
389	0	56	step_1_no_load	1	2	1	376	
389	0	56	step_2_no_load	3	4	0.601856598146	0.60038825769	4	473	0	
389	0	57	step_1_no_load	1	2	1	237	
389	0	57	step_2_no_load	5	6	0.516475618243	0.466449077359	5	664	0	
389	0	58	step_1_no_load	1	2	1	408	
389	0	58	step_2_no_load	3	4	0.664682809182	0.610896130115	3	1257	1	
389	0	59	step_1_no_load	1	2	1	376	
389	0	59	step_2_no_load	3	4	0.632500293208	0.608951267756	4	700	1	
389	0	60	step_1_no_load	1	2	1	408	
389	0	60	step_2_no_load	3	4	0.623687406259	0.599559577859	3	1471	0	
389	0	61	step_1_no_load	1	2	1	329	
389	0	61	step_2_no_load	3	4	0.669587072502	0.602879526975	4	635	1	
389	0	62	step_1_no_load	1	2	1	58	
389	0	62	step_2_no_load	5	6	0.533031417444	0.50724109756	6	880	0	
389	0	63	step_1_no_load	1	2	1	228	
389	0	63	step_2_no_load	5	6	0.519445130796	0.53192660365	5	446	0	
389	0	64	step_1_no_load	1	2	1	298	
389	0	64	step_2_no_load	3	4	0.642369708469	0.626149195169	3	1075	1	
389	0	65	step_1_no_load	1	2	1	342	
389	0	65	step_2_no_load	3	4	0.612660225018	0.619953360065	4	963	0	
389	0	66	step_1_no_load	1	2	1	260	
389	0	66	step_2_no_load	5	6	0.555324764318	0.573761869714	5	957	1	
389	0	67	step_1_no_load	1	2	1	575	
389	0	67	step_2_no_load	3	4	0.597650193897	0.674463681351	3	1029	1	
389	0	68	step_1_no_load	1	2	-1	-1	
389	0	69	step_1_no_load	1	2	1	286	
389	0	69	step_2_no_load	3	4	0.622221685203	0.718756538957	4	779	1	
389	0	70	step_1_no_load	1	2	1	594	
389	0	70	step_2_no_load	5	6	0.548075770764	0.498834901463	6	1110	1	
389	0	71	step_1_no_load	1	2	1	444	
389	0	71	step_2_no_load	3	4	0.639174917797	0.706816191949	3	1051	1	
389	0	72	step_1_no_load	1	2	1	334	
389	0	72	step_2_no_load	3	4	0.626024641967	0.705884789502	3	417	1	
389	0	73	step_1_no_load	1	2	1	323	
389	0	73	step_2_no_load	3	4	0.657126403029	0.727961155836	4	1085	1	
389	0	74	step_1_no_load	1	2	1	401	
389	0	74	step_2_no_load	5	6	0.491044983779	0.453420386428	5	1128	1	
389	0	75	step_1_no_load	1	2	1	613	
389	0	75	step_2_no_load	3	4	0.615552849174	0.697629587097	4	953	1	
389	0	76	step_1_no_load	1	2	1	423	
389	0	76	step_2_no_load	3	4	0.62770291155	0.690117652944	3	994	1	
389	0	77	step_1_no_load	1	2	1	341	
389	0	77	step_2_no_load	3	4	0.564257587118	0.679737625371	4	813	1	
389	0	78	step_1_no_load	1	2	1	280	
389	0	78	step_2_no_load	3	4	0.536711448352	0.647586191228	3	872	1	
389	0	79	step_1_no_load	1	2	1	332	
389	0	79	step_2_no_load	5	6	0.540085062695	0.389124152368	6	641	0	
389	0	80	step_1_no_load	1	2	1	287	
389	0	80	step_2_no_load	3	4	0.518583383166	0.703969305517	-1	-1	-1	
389	0	81	step_1_no_load	1	2	1	309	
389	0	81	step_2_no_load	3	4	0.529745690463	0.702400933084	4	790	1	
389	0	82	step_1_no_load	1	2	1	390	
389	0	82	step_2_no_load	3	4	0.564729328387	0.688340116885	4	681	1	
389	0	83	step_1_no_load	1	2	1	370	
389	0	83	step_2_no_load	3	4	0.607907985871	0.726885136842	4	826	1	
389	0	84	step_1_no_load	1	2	1	282	
389	0	84	step_2_no_load	5	6	0.505586222209	0.385087938645	6	1465	0	
389	0	85	step_1_no_load	1	2	1	325	
389	0	85	step_2_no_load	5	6	0.485785534744	0.384458259121	5	542	1	
389	0	86	step_1_no_load	1	2	1	299	
389	0	86	step_2_no_load	5	6	0.486462788728	0.345323068124	5	400	1	
389	0	87	step_1_no_load	1	2	1	327	
389	0	87	step_2_no_load	3	4	0.719375344246	0.690012761069	4	898	0	
389	0	88	step_1_no_load	1	2	1	364	
389	0	88	step_2_no_load	3	4	0.717410082358	0.696773608304	3	1056	1	
389	0	89	step_1_no_load	1	2	1	326	
389	0	89	step_2_no_load	3	4	0.690772436485	0.660112261017	4	844	1	
389	0	90	step_1_no_load	1	2	1	301	
389	0	90	step_2_no_load	3	4	0.712247848046	0.688736868033	4	1297	1	
389	0	91	step_1_no_load	1	2	1	296	
389	0	91	step_2_no_load	5	6	0.479087223222	0.43534164751	5	796	1	
389	0	92	step_1_no_load	1	2	1	304	
389	0	92	step_2_no_load	3	4	0.692406274724	0.679381608313	4	904	0	
389	0	93	step_1_no_load	1	2	1	252	
389	0	93	step_2_no_load	3	4	0.70415710998	0.662863370634	3	892	1	
389	0	94	step_1_no_load	1	2	1	293	
389	0	94	step_2_no_load	3	4	0.719464414227	0.668295023896	4	970	1	
389	0	95	step_1_no_load	1	2	1	261	
389	0	95	step_2_no_load	5	6	0.42505578884	0.427150666411	6	1259	0	
389	0	96	step_1_no_load	1	2	1	246	
389	0	96	step_2_no_load	3	4	0.693739812506	0.663095813561	3	539	0	
389	0	97	step_1_no_load	1	2	1	280	
389	0	97	step_2_no_load	3	4	0.681272614291	0.651202057411	4	861	1	
389	0	98	step_1_no_load	1	2	1	469	
389	0	98	step_2_no_load	3	4	0.70287861952	0.646040060297	4	549	1	
389	0	99	step_1_no_load	1	2	1	361	
389	0	99	step_2_no_load	3	4	0.673709850038	0.645191748454	4	664	1	
389	0	100	step_1_no_load	1	2	1	270	
389	0	100	step_2_no_load	3	4	0.666227451505	0.66579920021	4	684	1	
389	0	101	step_1_no_load	1	2	1	286	
389	0	101	step_2_no_load	5	6	0.366879421891	0.497432607584	5	1135	0	
389	0	102	step_1_no_load	1	2	1	297	
389	0	102	step_2_no_load	5	6	0.326080462175	0.494584754513	5	1402	0	
389	0	103	step_1_no_load	1	2	1	236	
389	0	103	step_2_no_load	3	4	0.663997796029	0.69058998368	4	1316	1	
389	0	104	step_1_no_load	1	2	1	590	
389	0	104	step_2_no_load	5	6	0.303696146503	0.521047445908	6	994	0	
389	0	105	step_1_no_load	1	2	1	257	
389	0	105	step_2_no_load	3	4	0.689135357059	0.722851301692	4	1040	1	
389	0	106	step_1_no_load	1	2	1	270	
389	0	106	step_2_no_load	3	4	0.712883638252	0.699623252899	4	728	1	
389	0	107	step_1_no_load	1	2	1	374	
389	0	107	step_2_no_load	3	4	0.692607431435	0.677514185929	4	1079	1	
389	0	108	step_1_no_load	1	2	1	307	
389	0	108	step_2_no_load	5	6	0.388185708856	0.526955028982	6	1279	1	
389	0	109	step_1_no_load	1	2	1	349	
389	0	109	step_2_no_load	5	6	0.372328831887	0.479977531501	6	576	1	
389	0	110	step_1_no_load	1	2	1	324	
389	0	110	step_2_no_load	5	6	0.395544455384	0.432626681236	-1	-1	-1	
389	0	111	step_1_no_load	1	2	1	437	
389	0	111	step_2_no_load	3	4	0.724852671171	0.634599547742	4	512	1	
389	0	112	step_1_no_load	1	2	1	289	
389	0	112	step_2_no_load	3	4	0.725701866094	0.635252945963	4	509	1	
389	0	113	step_1_no_load	1	2	1	293	
389	0	113	step_2_no_load	3	4	0.719324307956	0.634627459817	4	794	1	
389	0	114	step_1_no_load	1	2	1	268	
389	0	114	step_2_no_load	5	6	0.384736699284	0.380324086676	5	886	0	
389	0	115	step_1_no_load	1	2	1	249	
389	0	115	step_2_no_load	5	6	0.357661171116	0.390027643099	6	1333	1	
389	0	116	step_1_no_load	1	2	1	361	
389	0	116	step_2_no_load	3	4	0.706736514943	0.680124293449	4	776	1	
389	0	117	step_1_no_load	1	2	1	296	
389	0	117	step_2_no_load	3	4	0.747012267642	0.671842537277	4	429	1	
389	0	118	step_1_no_load	1	2	1	333	
389	0	118	step_2_no_load	5	6	0.362977115924	0.357645851833	5	475	1	
389	0	119	step_1_no_load	1	2	1	325	
389	0	119	step_2_no_load	5	6	0.358243439099	0.357515098446	5	366	1	
389	0	120	step_1_no_load	1	2	1	336	
389	0	120	step_2_no_load	3	4	0.70587238626	0.666433355915	4	393	1	
389	0	121	step_1_no_load	1	2	1	268	
389	0	121	step_2_no_load	3	4	0.658856304095	0.671052306195	4	501	0	
389	0	122	step_1_no_load	1	2	1	286	
389	0	122	step_2_no_load	3	4	0.6136886145	0.672193618854	3	913	1	
389	0	123	step_1_no_load	1	2	1	311	
389	0	123	step_2_no_load	3	4	0.583607229978	0.664849878232	3	514	0	
389	0	124	step_1_no_load	1	2	1	336	
389	0	124	step_2_no_load	3	4	0.603013298253	0.624161788269	4	724	1	
389	0	125	step_1_no_load	1	2	1	335	
389	0	125	step_2_no_load	5	6	0.290374841566	0.303110862715	5	526	0	
389	0	126	step_1_no_load	1	2	1	293	
389	0	126	step_2_no_load	3	4	0.537863824328	0.600985760967	4	1449	1	
389	0	127	step_1_no_load	1	2	1	322	
389	0	127	step_2_no_load	3	4	0.560824094575	0.646945556251	4	398	0	
389	0	128	step_1_no_load	1	2	1	370	
389	0	128	step_2_no_load	3	4	0.636905534066	0.620672334996	3	537	0	
389	0	129	step_1_no_load	1	2	1	417	
389	0	129	step_2_no_load	3	4	0.685297910719	0.632682846317	4	484	1	
389	0	130	step_1_no_load	1	2	1	297	
389	0	130	step_2_no_load	5	6	0.267460866951	0.274560758494	6	988	1	
389	0	131	step_1_no_load	1	2	1	324	
389	0	131	step_2_no_load	3	4	0.678044920845	0.638450601212	3	1094	0	
389	0	132	step_1_no_load	1	2	1	722	
389	0	132	step_2_no_load	3	4	0.668578020634	0.660013924697	4	909	0	
389	0	133	step_1_no_load	1	2	2	337	
389	0	133	step_2_no_load	5	6	0.315608831386	0.312642735495	6	914	0	
389	0	134	step_1_no_load	1	2	1	646	
389	0	134	step_2_no_load	3	4	0.621945110858	0.685529359147	4	689	1	
389	0	135	step_1_no_load	1	2	2	971	
389	0	135	step_2_no_load	5	6	0.300079459047	0.287118934166	-1	-1	-1	
389	0	136	step_1_no_load	1	2	2	770	
389	0	136	step_2_no_load	5	6	0.307766925452	0.284521085726	6	758	0	
389	0	137	step_1_no_load	1	2	1	346	
389	0	137	step_2_no_load	3	4	0.605896884497	0.668540846495	4	1186	0	
389	0	138	step_1_no_load	1	2	2	481	
389	0	138	step_2_no_load	3	4	0.63240964674	0.688182193337	3	1028	1	
389	0	139	step_1_no_load	1	2	1	390	
389	0	139	step_2_no_load	3	4	0.636630981281	0.696355985729	3	1039	1	
389	0	140	step_1_no_load	1	2	2	1061	
389	0	140	step_2_no_load	3	4	0.671213945178	0.637682840728	3	1348	1	
389	0	141	step_1_no_load	1	2	1	449	
389	0	141	step_2_no_load	3	4	0.711987889705	0.616803346728	3	1027	1	
389	0	142	step_1_no_load	1	2	2	330	
389	0	142	step_2_no_load	5	6	0.397052682821	0.304203281606	5	1217	1	
389	0	143	step_1_no_load	1	2	1	358	
389	0	143	step_2_no_load	3	4	0.661365099615	0.610219102298	3	954	1	
389	0	144	step_1_no_load	1	2	2	335	
389	0	144	step_2_no_load	5	6	0.389234194056	0.275932517017	5	946	1	
389	0	145	step_1_no_load	1	2	1	342	
389	0	145	step_2_no_load	3	4	0.6669125229	0.606515632748	3	971	0	
389	0	146	step_1_no_load	1	2	2	590	
389	0	146	step_2_no_load	5	6	0.320877500969	0.257861956214	5	942	0	
389	0	147	step_1_no_load	1	2	1	425	
389	0	147	step_2_no_load	3	4	0.647798886916	0.594861186319	4	671	1	
389	0	148	step_1_no_load	1	2	2	293	
389	0	148	step_2_no_load	5	6	0.311162711725	0.305288021243	6	531	0	
389	0	149	step_1_no_load	1	2	1	587	
389	0	149	step_2_no_load	3	4	0.601870110183	0.623203869836	4	1235	0	
389	0	150	step_1_no_load	1	2	2	611	
389	0	150	step_2_no_load	5	6	0.306860041627	0.305587692243	5	804	0	
389	0	151	step_1_no_load	1	2	1	346	
389	0	151	step_2_no_load	3	4	0.59154759351	0.614159737668	4	1347	0	
389	0	152	step_1_no_load	1	2	2	369	
389	0	152	step_2_no_load	5	6	0.323194010514	0.307702500543	5	1441	1	
389	0	153	step_1_no_load	1	2	1	624	
389	0	153	step_2_no_load	5	6	0.343622632154	0.309356532263	5	753	1	
389	0	154	step_1_no_load	1	2	2	416	
389	0	154	step_2_no_load	5	6	0.348349389262	0.316375537537	5	1043	0	
389	0	155	step_1_no_load	1	2	1	935	
389	0	155	step_2_no_load	3	4	0.632486591889	0.716100930629	3	965	1	
389	0	156	step_1_no_load	1	2	2	430	
389	0	156	step_2_no_load	5	6	0.368378667812	0.32564867104	6	599	0	
389	0	157	step_1_no_load	1	2	1	313	
389	0	157	step_2_no_load	3	4	0.585191807512	0.720725456325	4	1092	0	
389	0	158	step_1_no_load	1	2	2	411	
389	0	158	step_2_no_load	5	6	0.334595868098	0.408728803896	6	1470	0	
389	0	159	step_1_no_load	1	2	1	408	
389	0	159	step_2_no_load	5	6	0.321150411254	0.413026375257	5	756	0	
389	0	160	step_1_no_load	1	2	2	308	
389	0	160	step_2_no_load	5	6	0.355992626298	0.415052912783	6	1187	0	
389	0	161	step_1_no_load	1	2	1	353	
389	0	161	step_2_no_load	3	4	0.516036498158	0.719896286569	4	1356	1	
389	0	162	step_1_no_load	1	2	2	411	
389	0	162	step_2_no_load	5	6	0.455329532209	0.3926701003	6	1252	0	
389	0	163	step_1_no_load	1	2	1	460	
389	0	163	step_2_no_load	3	4	0.5863391277	0.697095951435	4	885	1	
389	0	164	step_1_no_load	1	2	2	307	
389	0	164	step_2_no_load	5	6	0.430844125626	0.432761720497	5	1085	0	
389	0	165	step_1_no_load	1	2	1	294	
389	0	165	step_2_no_load	5	6	0.347974240867	0.463777557969	6	1037	0	
389	0	166	step_1_no_load	1	2	2	305	
389	0	166	step_2_no_load	3	4	0.549095060025	0.686594248975	4	648	1	
389	0	167	step_1_no_load	1	2	1	266	
389	0	167	step_2_no_load	3	4	0.585131062446	0.706271792549	4	713	1	
389	0	168	step_1_no_load	1	2	2	350	
389	0	168	step_2_no_load	3	4	0.613361520676	0.67192508984	4	697	0	
389	0	169	step_1_no_load	1	2	1	401	
389	0	169	step_2_no_load	3	4	0.586049140041	0.704981910944	3	698	0	
389	0	170	step_1_no_load	1	2	2	335	
389	0	170	step_2_no_load	3	4	0.57151385403	0.67334314737	4	766	1	
389	0	171	step_1_no_load	1	2	1	415	
389	0	171	step_2_no_load	3	4	0.553314431843	0.727248140829	4	615	1	
389	0	172	step_1_no_load	1	2	2	267	
389	0	172	step_2_no_load	5	6	0.490120307546	0.363617002148	5	731	0	
389	0	173	step_1_no_load	1	2	1	301	
389	0	173	step_2_no_load	3	4	0.484428109849	0.667027212577	4	500	0	
389	0	174	step_1_no_load	1	2	2	228	
389	0	174	step_2_no_load	5	6	0.46236234172	0.387867297446	6	1279	1	
389	0	175	step_1_no_load	1	2	1	545	
389	0	175	step_2_no_load	3	4	0.52644949356	0.693968268443	-1	-1	-1	
389	0	176	step_1_no_load	1	2	2	494	
389	0	176	step_2_no_load	5	6	0.500856457218	0.383231572002	6	347	0	
389	0	177	step_1_no_load	1	2	1	247	
389	0	177	step_2_no_load	5	6	0.4798184927	0.357425668099	5	206	1	
389	0	178	step_1_no_load	1	2	2	229	
389	0	178	step_2_no_load	5	6	0.49020858644	0.36473828006	5	314	0	
389	0	179	step_1_no_load	1	2	2	254	
389	0	179	step_2_no_load	3	4	0.457298770028	0.709345707515	4	474	1	
389	0	180	step_1_no_load	1	2	1	253	
389	0	180	step_2_no_load	5	6	0.489345734128	0.341214611607	6	314	0	
389	0	181	step_1_no_load	1	2	2	319	
389	0	181	step_2_no_load	5	6	0.480141179559	0.342402764747	6	783	1	
389	0	182	step_1_no_load	1	2	1	201	
389	0	182	step_2_no_load	5	6	0.49907747228	0.340533666308	6	433	0	
389	0	183	step_1_no_load	1	2	2	462	
389	0	183	step_2_no_load	5	6	0.492742497507	0.350175837802	5	743	0	
389	0	184	step_1_no_load	1	2	2	102	
389	0	184	step_2_no_load	5	6	0.480863422096	0.362743255194	6	612	1	
389	0	185	step_1_no_load	1	2	1	243	
389	0	185	step_2_no_load	3	4	0.479703516092	0.665622647081	4	1201	1	
389	0	186	step_1_no_load	1	2	2	322	
389	0	186	step_2_no_load	5	6	0.484672582719	0.332733011923	6	709	0	
389	0	187	step_1_no_load	1	2	1	180	
389	0	187	step_2_no_load	3	4	0.443962917772	0.678211978625	3	392	0	
389	0	188	step_1_no_load	1	2	2	352	
389	0	188	step_2_no_load	5	6	0.548350535247	0.291508050861	6	400	0	
389	0	189	step_1_no_load	1	2	1	233	
389	0	189	step_2_no_load	3	4	0.448897869069	0.688353284054	3	695	0	
389	0	190	step_1_no_load	1	2	2	373	
389	0	190	step_2_no_load	5	6	0.505820429042	0.304557739386	6	422	0	
389	0	191	step_1_no_load	1	2	1	251	
389	0	191	step_2_no_load	3	4	0.435748387321	0.664271461991	4	278	0	
389	0	192	step_1_no_load	1	2	2	484	
389	0	192	step_2_no_load	3	4	0.450791310283	0.705517419189	3	297	0	
389	0	193	step_1_no_load	1	2	2	400	
389	0	193	step_2_no_load	5	6	0.504944704439	0.321008037746	6	511	0	
389	0	194	step_1_no_load	1	2	1	486	
389	0	194	step_2_no_load	3	4	0.433250459893	0.655261361454	3	673	0	
389	0	195	step_1_no_load	1	2	2	706	
389	0	195	step_2_no_load	5	6	0.494102184238	0.348571348505	6	566	0	
389	0	196	step_1_no_load	1	2	2	456	
389	0	196	step_2_no_load	5	6	0.496717662777	0.365373286058	6	497	0	
389	0	197	step_1_no_load	1	2	2	770	
389	0	197	step_2_no_load	5	6	0.47786945426	0.316987700969	5	519	1	
389	0	198	step_1_no_load	1	2	1	458	
389	0	198	step_2_no_load	3	4	0.397292432346	0.68660989813	3	1105	1	
389	0	199	step_1_no_load	1	2	2	478	
389	0	199	step_2_no_load	3	4	0.39793773834	0.73697129762	4	1223	1	
389	0	200	step_1_no_load	1	2	1	382	
389	0	200	step_2_no_load	3	4	0.372436949782	0.728996708473	4	315	0	

Thu Apr  7 17:11:55 2022
